0.000000 0.000000 0.000000 0.000000 0.000000 0.000000 0.000000 0.000000 0.000000 0.000000 0.000000 0.000000 0.000000 0.000000 0.000000 0.000000 0.000000 0.000000 0.000000 0.002274 0.001393 -0.003165 0.004245 -0.003421 0.008162 0.004604 0.000186 -0.000404 -0.002234 0.000950 -0.002698 0.000782 -0.000712 0.001381 0.001391 -0.000584 -0.004237 0.000000 0.000000 0.000000 0.000000 0.000000 0.000000 0.000000 0.000000 0.000000 0.000000 0.000000 0.000000 0.000000
0.000000 0.000000 0.000000 0.000000 0.000000 0.000000 0.000000 0.000000 0.000000 0.000000 0.000000 0.000000 0.000000 0.000000 0.000000 0.000000 0.000000 0.000000 0.000000 0.026718 0.032528 0.018660 0.012116 0.011283 0.000370 -0.002988 0.000627 0.001465 -0.000506 -0.003115 -0.004599 -0.004673 -0.005618 -0.008593 -0.008660 -0.013412 -0.012114 0.000000 0.000000 0.000000 0.000000 0.000000 0.000000 0.000000 0.000000 0.000000 0.000000 0.000000 0.000000 0.000000
0.000000 0.000000 0.000000 0.000000 0.000000 0.000000 0.000000 0.000000 0.000000 0.000000 0.000000 0.000000 0.000000 0.000000 0.000000 0.000000 0.000000 0.000000 0.000000 0.032869 0.030745 0.044352 0.031502 0.020841 0.010690 0.003247 -0.003041 -0.007360 -0.010678 -0.013000 -0.014743 -0.016038 -0.017046 -0.018060 -0.019085 -0.019889 -0.022550 0.000000 0.000000 0.000000 0.000000 0.000000 0.000000 0.000000 0.000000 0.000000 0.000000 0.000000 0.000000 0.000000
0.000000 0.000000 0.000000 0.000000 0.000000 0.000000 0.000000 0.000000 0.000000 0.000000 0.000000 0.000000 0.000000 0.000000 0.000000 0.000000 0.000000 0.000000 0.000000 0.059301 0.050958 0.043113 0.032057 0.021230 0.010778 0.003138 -0.003365 -0.007709 -0.011140 -0.013580 -0.015336 -0.016659 -0.017623 -0.018612 -0.019160 -0.024672 -0.028343 0.000000 0.000000 0.000000 0.000000 0.000000 0.000000 0.000000 0.000000 0.000000 0.000000 0.000000 0.000000 0.000000
0.000000 0.000000 0.000000 0.000000 0.000000 0.000000 0.000000 0.000000 0.000000 0.000000 0.000000 0.000000 0.000000 0.000000 0.000000 0.000000 0.000000 0.000000 0.000000 0.084101 0.111478 0.062561 0.042229 0.026042 0.010845 0.000749 -0.007660 -0.013085 -0.017138 -0.019847 -0.021801 -0.023319 -0.024465 -0.025947 -0.026404 -0.035295 -0.038930 0.000000 0.000000 0.000000 0.000000 0.000000 0.000000 0.000000 0.000000 0.000000 0.000000 0.000000 0.000000 0.000000
0.000000 0.000000 0.000000 0.000000 0.000000 0.000000 0.000000 0.000000 0.000000 0.000000 0.000000 0.000000 0.000000 0.000000 0.000000 0.000000 0.000000 0.000000 0.000000 0.183180 0.156301 0.087690 0.055587 0.031349 0.010538 -0.002348 -0.012522 -0.018640 -0.023051 -0.025776 -0.027672 -0.029083 -0.030274 -0.031829 -0.032957 -0.043667 -0.053197 0.000000 0.000000 0.000000 0.000000 0.000000 0.000000 0.000000 0.000000 0.000000 0.000000 0.000000 0.000000 0.000000
0.000000 0.000000 0.000000 0.000000 0.000000 0.000000 0.000000 0.000000 0.000000 0.000000 0.000000 0.000000 0.000000 0.000000 0.000000 0.000000 0.000000 0.000000 0.000000 0.251450 0.281762 0.111508 0.058021 0.025149 0.000868 -0.012416 -0.022470 -0.027880 -0.031600 -0.033618 -0.034908 -0.035876 -0.036775 -0.038495 -0.040083 -0.048647 -0.063339 0.000000 0.000000 0.000000 0.000000 0.000000 0.000000 0.000000 0.000000 0.000000 0.000000 0.000000 0.000000 0.000000
-1.227801 -1.341411 -1.344880 -1.347468 -1.172895 -1.116180 -1.098426 -1.050515 -0.970511 -0.930129 -0.887489 -0.867236 -0.880098 -0.846054 -0.857901 -0.933619 -1.031907 -1.207913 -1.145437 -0.628889 0.826981 0.143360 0.055329 0.016899 -0.012313 -0.025135 -0.034584 -0.038512 -0.040974 -0.041746 -0.042037 -0.042071 -0.042487 -0.043553 -0.046552 -0.058954 -0.021100 -0.001565 -0.000964 0.002279 -0.001847 -0.001940 0.000462 -0.001313 -0.000268 -0.000661 0.000263 -0.000451 -0.000093 -0.000005
-0.538987 -1.604627 -1.348626 -1.331084 -1.136291 -1.039314 -1.103172 -1.059169 -1.000262 -0.878601 -0.879286 -0.882475 -0.890215 -0.850579 -0.890591 -0.974228 -1.084403 -1.176149 -1.136007 -0.132907 0.155469 0.031109 -0.009312 -0.028857 -0.043371 -0.047998 -0.051987 -0.052470 -0.052217 -0.050972 -0.049629 -0.048151 -0.047340 -0.046595 -0.047742 -0.043586 -0.051114 -0.019982 -0.008203 -0.008205 -0.006452 -0.004718 -0.003467 -0.002746 -0.001995 -0.000564 -0.001188 -0.000836 -0.000740 -0.000373
-0.444766 -1.343442 -1.239514 -1.270818 -1.197313 -1.128284 -1.087154 -1.023718 -0.981391 -0.946784 -0.913959 -0.891642 -0.873298 -0.862074 -0.855983 -0.872558 -0.873515 -0.892396 -0.816484 -0.538860 -0.213291 -0.130739 -0.101281 -0.087836 -0.082781 -0.077103 -0.072508 -0.068318 -0.064319 -0.060508 -0.057030 -0.053701 -0.050988 -0.047848 -0.046284 -0.044677 -0.034223 -0.020287 -0.013928 -0.009864 -0.006983 -0.005178 -0.003860 -0.002949 -0.002321 -0.001791 -0.001489 -0.001323 -0.001733 -0.001154
-0.022800 -1.235662 -1.182681 -1.129294 -1.089210 -1.093778 -1.037108 -1.000819 -0.957750 -0.923810 -0.891278 -0.860505 -0.840350 -0.808918 -0.809126 -0.758956 -0.739074 -0.701318 -0.633967 -0.503591 -0.275456 -0.223417 -0.158550 -0.136563 -0.114313 -0.102034 -0.091241 -0.083039 -0.075802 -0.069606 -0.064163 -0.059151 -0.054867 -0.050172 -0.046414 -0.040177 -0.034941 -0.024705 -0.018224 -0.013318 -0.010046 -0.007523 -0.005761 -0.004394 -0.003391 -0.002682 -0.002166 -0.002149 -0.002249 -0.001880
-0.336804 -1.189384 -1.136655 -1.131812 -1.092062 -1.046316 -1.011780 -0.967692 -0.927484 -0.896192 -0.864474 -0.835168 -0.807636 -0.783148 -0.757582 -0.733977 -0.698923 -0.654384 -0.581118 -0.472167 -0.338994 -0.268315 -0.207628 -0.174065 -0.144598 -0.125765 -0.109354 -0.097222 -0.086781 -0.078215 -0.070811 -0.064286 -0.058507 -0.052976 -0.047591 -0.042169 -0.035009 -0.027174 -0.021191 -0.016240 -0.012437 -0.009516 -0.007295 -0.005629 -0.004375 -0.003470 -0.002786 -0.002739 -0.002845 -0.002041
-0.225997 -1.130786 -1.091855 -1.049121 -1.025598 -0.984750 -0.984738 -0.952636 -0.915524 -0.883028 -0.847520 -0.817955 -0.780363 -0.754641 -0.714002 -0.681054 -0.639779 -0.592100 -0.525143 -0.452993 -0.344646 -0.292836 -0.230997 -0.197134 -0.163834 -0.142030 -0.122621 -0.108036 -0.095505 -0.085218 -0.076381 -0.068609 -0.061801 -0.055155 -0.049204 -0.042370 -0.036363 -0.028758 -0.023123 -0.017802 -0.013909 -0.010654 -0.008241 -0.006360 -0.004945 -0.003933 -0.003147 -0.003120 -0.002981 -0.002159
-0.231870 -1.077946 -1.040145 -1.034565 -1.011460 -0.983051 -0.952888 -0.921175 -0.887641 -0.855778 -0.822917 -0.790312 -0.756828 -0.723184 -0.686640 -0.649241 -0.604898 -0.556264 -0.494878 -0.430548 -0.356356 -0.301891 -0.248828 -0.212733 -0.179153 -0.154823 -0.133472 -0.116845 -0.102659 -0.090965 -0.080983 -0.072320 -0.064709 -0.057643 -0.050927 -0.044328 -0.037250 -0.029952 -0.023902 -0.018620 -0.014477 -0.011155 -0.008607 -0.006658 -0.005177 -0.004116 -0.003297 -0.003253 -0.003091 -0.002444
-0.182815 -1.037883 -1.000339 -0.994685 -0.972164 -0.950970 -0.922504 -0.895518 -0.864431 -0.833508 -0.800585 -0.766765 -0.731428 -0.694877 -0.655729 -0.615196 -0.569501 -0.522954 -0.466686 -0.414216 -0.348430 -0.302056 -0.253781 -0.218927 -0.186208 -0.161303 -0.139467 -0.121980 -0.107052 -0.094618 -0.084044 -0.074809 -0.066855 -0.059212 -0.052461 -0.044972 -0.038395 -0.030071 -0.023984 -0.018320 -0.014225 -0.010850 -0.008355 -0.006431 -0.004987 -0.003959 -0.003164 -0.003135 -0.002878 -0.002338
-0.173055 -1.000557 -0.967368 -0.963444 -0.947475 -0.926483 -0.902313 -0.875506 -0.846443 -0.815479 -0.782486 -0.747444 -0.710400 -0.671478 -0.630213 -0.587727 -0.541481 -0.494823 -0.443374 -0.394111 -0.341225 -0.297481 -0.254402 -0.220522 -0.189244 -0.164331 -0.142468 -0.124596 -0.109345 -0.096576 -0.085775 -0.076432 -0.068449 -0.061064 -0.054172 -0.047950 -0.039211 -0.029582 -0.022767 -0.017140 -0.012996 -0.009848 -0.007498 -0.005750 -0.004446 -0.003512 -0.002816 -0.002766 -0.002362 -0.002183
-0.217442 -0.931011 -0.937914 -0.934421 -0.919723 -0.901602 -0.879905 -0.855314 -0.827853 -0.797481 -0.764432 -0.728266 -0.689630 -0.648297 -0.605059 -0.560816 -0.514506 -0.468702 -0.420050 -0.374919 -0.327223 -0.287288 -0.248121 -0.216234 -0.186796 -0.162785 -0.141619 -0.124066 -0.109081 -0.096458 -0.085891 -0.076676 -0.069202 -0.061600 -0.055683 -0.047563 -0.041048 -0.028335 -0.020229 -0.014429 -0.010642 -0.007927 -0.005955 -0.004527 -0.003469 -0.002730 -0.002189 -0.002179 -0.001712 -0.001799
-0.203917 -0.905477 -0.913395 -0.910306 -0.898491 -0.882000 -0.862630 -0.839371 -0.813247 -0.783210 -0.749956 -0.712423 -0.671860 -0.627532 -0.581835 -0.535484 -0.488518 -0.442894 -0.396837 -0.353780 -0.311041 -0.273611 -0.238128 -0.208045 -0.180759 -0.157811 -0.137743 -0.120863 -0.106492 -0.094401 -0.084378 -0.075820 -0.069200 -0.062630 -0.059087 -0.057199 -0.043524 -0.023231 -0.015371 -0.010677 -0.007524 -0.005494 -0.004070 -0.003074 -0.002377 -0.001831 -0.001520 -0.001348 -0.000969 -0.000865
-0.199300 -0.923511 -0.892287 -0.889330 -0.878933 -0.864726 -0.847437 -0.826106 -0.801481 -0.772142 -0.738831 -0.699769 -0.657012 -0.608689 -0.559745 -0.510592 -0.462369 -0.416585 -0.371963 -0.330991 -0.291467 -0.256626 -0.224150 -0.196177 -0.171037 -0.149607 -0.130932 -0.115115 -0.101694 -0.090450 -0.081292 -0.073749 -0.068560 -0.064199 -0.063753 -0.077604 -0.021804 0.001256 -0.001861 -0.003585 -0.001923 -0.000436 -0.001082 0.000271 -0.000552 0.000249 0.000048 -0.000214 -0.000143 -0.000159
-0.162540 -0.867876 -0.874906 -0.872324 -0.863656 -0.851578 -0.838443 -0.818536 -0.796021 -0.767215 -0.733746 -0.692416 -0.646197 -0.591533 -0.537367 -0.484545 -0.434069 -0.387356 -0.344108 -0.304604 -0.268064 -0.235760 -0.206942 -0.180626 -0.157812 -0.138207 -0.121188 -0.106730 -0.094489 -0.084332 -0.076087 -0.069703 -0.065312 -0.062914 -0.063385 -0.075794 -0.080208 0.000000 0.000000 0.000000 0.000000 0.000000 0.000000 0.000000 0.000000 0.000000 0.000000 0.000000 0.000000 0.000000
-0.304811 -0.849833 -0.860214 -0.857637 -0.850894 -0.841124 -0.828583 -0.812035 -0.791725 -0.765147 -0.732613 -0.689538 -0.640548 -0.576152 -0.515206 -0.456519 -0.403514 -0.356452 -0.313799 -0.276334 -0.242320 -0.212595 -0.185891 -0.162720 -0.142285 -0.124684 -0.109467 -0.096535 -0.085597 -0.076592 -0.069235 -0.063802 -0.059607 -0.058224 -0.056623 -0.062899 -0.060425 0.000000 0.000000 0.000000 0.000000 0.000000 0.000000 0.000000 0.000000 0.000000 0.000000 0.000000 0.000000 0.000000
-0.177865 -0.835906 -0.847812 -0.844915 -0.840673 -0.833607 -0.824345 -0.811216 -0.794628 -0.769648 -0.739575 -0.695493 -0.639956 -0.557237 -0.485359 -0.419733 -0.363876 -0.316740 -0.275902 -0.241104 -0.210435 -0.183937 -0.160553 -0.140370 -0.122741 -0.107575 -0.094535 -0.083440 -0.074089 -0.066408 -0.060181 -0.055535 -0.052128 -0.050563 -0.049291 -0.059016 -0.055329 0.000000 0.000000 0.000000 0.000000 0.000000 0.000000 0.000000 0.000000 0.000000 0.000000 0.000000 0.000000 0.000000
-0.160116 -0.823341 -0.837256 -0.834185 -0.832336 -0.828806 -0.823681 -0.815650 -0.804807 -0.786814 -0.759740 -0.718354 -0.659482 -0.547874 -0.459143 -0.383101 -0.323824 -0.277321 -0.238494 -0.206363 -0.178782 -0.155552 -0.135302 -0.118081 -0.103192 -0.090377 -0.079443 -0.070153 -0.062316 -0.055902 -0.050671 -0.046852 -0.043816 -0.042392 -0.040886 -0.042449 -0.043947 0.000000 0.000000 0.000000 0.000000 0.000000 0.000000 0.000000 0.000000 0.000000 0.000000 0.000000 0.000000 0.000000
-0.149374 -0.844801 -0.827499 -0.824619 -0.825259 -0.825525 -0.825095 -0.823265 -0.820970 -0.804825 -0.793657 -0.760956 -0.693857 -0.518519 -0.398565 -0.330987 -0.269582 -0.229227 -0.193555 -0.161013 -0.140802 -0.117049 -0.101547 -0.088432 -0.077106 -0.067515 -0.059402 -0.052434 -0.046637 -0.041916 -0.038033 -0.035115 -0.032941 -0.031683 -0.030530 -0.037992 -0.032213 0.000000 0.000000 0.000000 0.000000 0.000000 0.000000 0.000000 0.000000 0.000000 0.000000 0.000000 0.000000 0.000000
-0.184070 -0.837676 -0.818220 -0.815501 -0.818761 -0.823301 -0.828392 -0.834642 -0.842430 -0.846393 -0.846639 -0.846120 -0.777788 -0.508902 -0.343867 -0.253004 -0.194156 -0.172917 -0.146289 -0.125484 -0.106270 -0.091709 -0.077206 -0.067161 -0.054735 -0.048256 -0.045284 -0.040006 -0.035429 -0.031611 -0.028776 -0.026883 -0.024794 -0.024448 -0.022420 -0.025908 -0.023552 0.000000 0.000000 0.000000 0.000000 0.000000 0.000000 0.000000 0.000000 0.000000 0.000000 0.000000 0.000000 0.000000
-0.424850 -0.786109 -0.807876 -0.805334 -0.811365 -0.819419 -0.829914 -0.843814 -0.863632 -0.882574 -0.918049 -1.035901 -1.286951 -0.186124 -0.057309 -0.083936 -0.064630 -0.058456 -0.047344 -0.035892 -0.031477 -0.025547 -0.042928 -0.017768 -0.033251 -0.026628 -0.011828 -0.008096 -0.007455 -0.006803 -0.006505 -0.005215 -0.005269 -0.005267 -0.004939 -0.006317 -0.012723 0.000000 0.000000 0.000000 0.000000 0.000000 0.000000 0.000000 0.000000 0.000000 0.000000 0.000000 0.000000 0.000000
-0.415667 -0.771365 -0.795575 -0.792774 -0.801469 -0.813346 -0.828572 -0.853148 -0.882845 -0.929288 -1.002897 -1.407308 -2.206372 0.268733 0.004416 0.004606 -0.013422 -0.008807 -0.009855 -0.005689 -0.005479 -0.000692 -0.005768 -0.001964 -0.007530 0.003126 -0.003850 -0.002687 -0.002500 -0.004810 0.001332 -0.001528 -0.001356 -0.000151 -0.000911 -0.000503 -0.000247 0.000000 0.000000 0.000000 0.000000 0.000000 0.000000 0.000000 0.000000 0.000000 0.000000 0.000000 0.000000 0.000000
-0.404781 -0.754208 -0.780330 -0.777388 -0.787542 -0.801272 -0.819326 -0.846810 -0.881752 -0.928836 -1.015420 -1.296760 -1.352488 0.000000 0.000000 0.000000 0.000000 0.000000 0.000000 0.000000 0.000000 0.000000 0.000000 0.000000 0.000000 0.000000 0.000000 0.000000 0.000000 0.000000 0.000000 0.000000 0.000000 0.000000 0.000000 0.000000 0.000000 0.000000 0.000000 0.000000 0.000000 0.000000 0.000000 0.000000 0.000000 0.000000 0.000000 0.000000 0.000000 0.000000
-0.169354 -0.734383 -0.761434 -0.758851 -0.769349 -0.782952 -0.800917 -0.824838 -0.856949 -0.895984 -0.957113 -1.060272 -1.169682 0.000000 0.000000 0.000000 0.000000 0.000000 0.000000 0.000000 0.000000 0.000000 0.000000 0.000000 0.000000 0.000000 0.000000 0.000000 0.000000 0.000000 0.000000 0.000000 0.000000 0.000000 0.000000 0.000000 0.000000 0.000000 0.000000 0.000000 0.000000 0.000000 0.000000 0.000000 0.000000 0.000000 0.000000 0.000000 0.000000 0.000000
-0.129069 -0.711967 -0.739459 -0.736661 -0.747084 -0.760468 -0.777578 -0.800010 -0.828026 -0.861940 -0.905731 -0.951609 -1.051938 0.000000 0.000000 0.000000 0.000000 0.000000 0.000000 0.000000 0.000000 0.000000 0.000000 0.000000 0.000000 0.000000 0.000000 0.000000 0.000000 0.000000 0.000000 0.000000 0.000000 0.000000 0.000000 0.000000 0.000000 0.000000 0.000000 0.000000 0.000000 0.000000 0.000000 0.000000 0.000000 0.000000 0.000000 0.000000 0.000000 0.000000
-0.385272 -0.722423 -0.713917 -0.711296 -0.720720 -0.732862 -0.748141 -0.766383 -0.789779 -0.814042 -0.846300 -0.919607 -0.959432 0.000000 0.000000 0.000000 0.000000 0.000000 0.000000 0.000000 0.000000 0.000000 0.000000 0.000000 0.000000 0.000000 0.000000 0.000000 0.000000 0.000000 0.000000 0.000000 0.000000 0.000000 0.000000 0.000000 0.000000 0.000000 0.000000 0.000000 0.000000 0.000000 0.000000 0.000000 0.000000 0.000000 0.000000 0.000000 0.000000 0.000000
-0.127104 -0.694832 -0.686020 -0.683654 -0.691797 -0.702702 -0.715727 -0.731463 -0.749547 -0.769687 -0.790063 -0.818007 -0.890371 0.000000 0.000000 0.000000 0.000000 0.000000 0.000000 0.000000 0.000000 0.000000 0.000000 0.000000 0.000000 0.000000 0.000000 0.000000 0.000000 0.000000 0.000000 0.000000 0.000000 0.000000 0.000000 0.000000 0.000000 0.000000 0.000000 0.000000 0.000000 0.000000 0.000000 0.000000 0.000000 0.000000 0.000000 0.000000 0.000000 0.000000
-0.167119 -0.664428 -0.655456 -0.653458 -0.660349 -0.669514 -0.680522 -0.692916 -0.707490 -0.721696 -0.737593 -0.758120 -0.745891 0.000000 0.000000 0.000000 0.000000 0.000000 0.000000 0.000000 0.000000 0.000000 0.000000 0.000000 0.000000 0.000000 0.000000 0.000000 0.000000 0.000000 0.000000 0.000000 0.000000 0.000000 0.000000 0.000000 0.000000 0.000000 0.000000 0.000000 0.000000 0.000000 0.000000 0.000000 0.000000 0.000000 0.000000 0.000000 0.000000 0.000000
-0.239765 -0.597489 -0.622897 -0.620577 -0.626966 -0.634600 -0.643737 -0.653787 -0.664854 -0.676142 -0.686471 -0.697913 -0.724922 0.000000 0.000000 0.000000 0.000000 0.000000 0.000000 0.000000 0.000000 0.000000 0.000000 0.000000 0.000000 0.000000 0.000000 0.000000 0.000000 0.000000 0.000000 0.000000 0.000000 0.000000 0.000000 0.000000 0.000000 0.000000 0.000000 0.000000 0.000000 0.000000 0.000000 0.000000 0.000000 0.000000 0.000000 0.000000 0.000000 0.000000
-0.107404 -0.595143 -0.588426 -0.585892 -0.591386 -0.597917 -0.605599 -0.613442 -0.622202 -0.630281 -0.638222 -0.652182 -0.703710 0.000000 0.000000 0.000000 0.000000 0.000000 0.000000 0.000000 0.000000 0.000000 0.000000 0.000000 0.000000 0.000000 0.000000 0.000000 0.000000 0.000000 0.000000 0.000000 0.000000 0.000000 0.000000 0.000000 0.000000 0.000000 0.000000 0.000000 0.000000 0.000000 0.000000 0.000000 0.000000 0.000000 0.000000 0.000000 0.000000 0.000000
-0.106751 -0.560748 -0.552200 -0.550402 -0.555188 -0.560525 -0.566877 -0.572971 -0.579774 -0.585934 -0.591922 -0.599098 -0.710776 0.000000 0.000000 0.000000 0.000000 0.000000 0.000000 0.000000 0.000000 0.000000 0.000000 0.000000 0.000000 0.000000 0.000000 0.000000 0.000000 0.000000 0.000000 0.000000 0.000000 0.000000 0.000000 0.000000 0.000000 0.000000 0.000000 0.000000 0.000000 0.000000 0.000000 0.000000 0.000000 0.000000 0.000000 0.000000 0.000000 0.000000
-0.372602 -0.507711 -0.515199 -0.514605 -0.519904 -0.527124 -0.531809 -0.532272 -0.537558 -0.542187 -0.546515 -0.568684 -0.584354 0.000000 0.000000 0.000000 0.000000 0.000000 0.000000 0.000000 0.000000 0.000000 0.000000 0.000000 0.000000 0.000000 0.000000 0.000000 0.000000 0.000000 0.000000 0.000000 0.000000 0.000000 0.000000 0.000000 0.000000 0.000000 0.000000 0.000000 0.000000 0.000000 0.000000 0.000000 0.000000 0.000000 0.000000 0.000000 0.000000 0.000000
-0.098305 -0.525177 -0.480766 -0.476320 -0.480913 -0.487141 -0.491023 -0.491083 -0.495440 -0.499173 -0.502447 -0.528323 -0.517460 0.000000 0.000000 0.000000 0.000000 0.000000 0.000000 0.000000 0.000000 0.000000 0.000000 0.000000 0.000000 0.000000 0.000000 0.000000 0.000000 0.000000 0.000000 0.000000 0.000000 0.000000 0.000000 0.000000 0.000000 0.000000 0.000000 0.000000 0.000000 0.000000 0.000000 0.000000 0.000000 0.000000 0.000000 0.000000 0.000000 0.000000
-0.094101 -0.484520 -0.438855 -0.437402 -0.441858 -0.444116 -0.448164 -0.450517 -0.453918 -0.456472 -0.458807 -0.508617 -0.455370 0.000000 0.000000 0.000000 0.000000 0.000000 0.000000 0.000000 0.000000 0.000000 0.000000 0.000000 0.000000 0.000000 0.000000 0.000000 0.000000 0.000000 0.000000 0.000000 0.000000 0.000000 0.000000 0.000000 0.000000 0.000000 0.000000 0.000000 0.000000 0.000000 0.000000 0.000000 0.000000 0.000000 0.000000 0.000000 0.000000 0.000000
-0.097227 -0.406738 -0.399106 -0.398453 -0.403023 -0.404409 -0.408254 -0.409612 -0.412478 -0.414202 -0.416154 -0.439423 -0.395750 0.000000 0.000000 0.000000 0.000000 0.000000 0.000000 0.000000 0.000000 0.000000 0.000000 0.000000 0.000000 0.000000 0.000000 0.000000 0.000000 0.000000 0.000000 0.000000 0.000000 0.000000 0.000000 0.000000 0.000000 0.000000 0.000000 0.000000 0.000000 0.000000 0.000000 0.000000 0.000000 0.000000 0.000000 0.000000 0.000000 0.000000
-0.129706 -0.408342 -0.359437 -0.358678 -0.364435 -0.364547 -0.368453 -0.368769 -0.371201 -0.372206 -0.373795 -0.416063 -0.445595 0.000000 0.000000 0.000000 0.000000 0.000000 0.000000 0.000000 0.000000 0.000000 0.000000 0.000000 0.000000 0.000000 0.000000 0.000000 0.000000 0.000000 0.000000 0.000000 0.000000 0.000000 0.000000 0.000000 0.000000 0.000000 0.000000 0.000000 0.000000 0.000000 0.000000 0.000000 0.000000 0.000000 0.000000 0.000000 0.000000 0.000000
-0.174051 -0.324784 -0.318723 -0.318162 -0.325064 -0.323586 -0.327953 -0.327691 -0.330052 -0.330590 -0.332049 -0.349248 -0.328950 0.000000 0.000000 0.000000 0.000000 0.000000 0.000000 0.000000 0.000000 0.000000 0.000000 0.000000 0.000000 0.000000 0.000000 0.000000 0.000000 0.000000 0.000000 0.000000 0.000000 0.000000 0.000000 0.000000 0.000000 0.000000 0.000000 0.000000 0.000000 0.000000 0.000000 0.000000 0.000000 0.000000 0.000000 0.000000 0.000000 0.000000
-0.151848 -0.285927 -0.277214 -0.278323 -0.285265 -0.283805 -0.288675 -0.286801 -0.288929 -0.288642 -0.290114 -0.307667 -0.280357 0.000000 0.000000 0.000000 0.000000 0.000000 0.000000 0.000000 0.000000 0.000000 0.000000 0.000000 0.000000 0.000000 0.000000 0.000000 0.000000 0.000000 0.000000 0.000000 0.000000 0.000000 0.000000 0.000000 0.000000 0.000000 0.000000 0.000000 0.000000 0.000000 0.000000 0.000000 0.000000 0.000000 0.000000 0.000000 0.000000 0.000000
-0.041780 -0.245429 -0.235841 -0.239029 -0.247047 -0.240628 -0.246997 -0.245495 -0.248066 -0.247886 -0.249191 -0.265954 -0.246099 0.000000 0.000000 0.000000 0.000000 0.000000 0.000000 0.000000 0.000000 0.000000 0.000000 0.000000 0.000000 0.000000 0.000000 0.000000 0.000000 0.000000 0.000000 0.000000 0.000000 0.000000 0.000000 0.000000 0.000000 0.000000 0.000000 0.000000 0.000000 0.000000 0.000000 0.000000 0.000000 0.000000 0.000000 0.000000 0.000000 0.000000
-0.039268 -0.207128 -0.194964 -0.196676 -0.206288 -0.202265 -0.207083 -0.204159 -0.206436 -0.204774 -0.206411 -0.244649 -0.196331 0.000000 0.000000 0.000000 0.000000 0.000000 0.000000 0.000000 0.000000 0.000000 0.000000 0.000000 0.000000 0.000000 0.000000 0.000000 0.000000 0.000000 0.000000 0.000000 0.000000 0.000000 0.000000 0.000000 0.000000 0.000000 0.000000 0.000000 0.000000 0.000000 0.000000 0.000000 0.000000 0.000000 0.000000 0.000000 0.000000 0.000000
-0.054175 -0.169056 -0.154616 -0.154706 -0.164764 -0.157569 -0.165550 -0.162457 -0.166590 -0.166081 -0.167519 -0.181517 -0.175333 0.000000 0.000000 0.000000 0.000000 0.000000 0.000000 0.000000 0.000000 0.000000 0.000000 0.000000 0.000000 0.000000 0.000000 0.000000 0.000000 0.000000 0.000000 0.000000 0.000000 0.000000 0.000000 0.000000 0.000000 0.000000 0.000000 0.000000 0.000000 0.000000 0.000000 0.000000 0.000000 0.000000 0.000000 0.000000 0.000000 0.000000
-0.039819 -0.105026 -0.150888 -0.107968 -0.125681 -0.115740 -0.120348 -0.119736 -0.122384 -0.119254 -0.122958 -0.140768 -0.155215 0.000000 0.000000 0.000000 0.000000 0.000000 0.000000 0.000000 0.000000 0.000000 0.000000 0.000000 0.000000 0.000000 0.000000 0.000000 0.000000 0.000000 0.000000 0.000000 0.000000 0.000000 0.000000 0.000000 0.000000 0.000000 0.000000 0.000000 0.000000 0.000000 0.000000 0.000000 0.000000 0.000000 0.000000 0.000000 0.000000 0.000000
-0.037129 -0.127104 -0.117423 -0.126497 -0.134827 -0.118619 -0.122458 -0.116363 -0.119603 -0.116543 -0.120536 -0.109669 -0.072264 0.000000 0.000000 0.000000 0.000000 0.000000 0.000000 0.000000 0.000000 0.000000 0.000000 0.000000 0.000000 0.000000 0.000000 0.000000 0.000000 0.000000 0.000000 0.000000 0.000000 0.000000 0.000000 0.000000 0.000000 0.000000 0.000000 0.000000 0.000000 0.000000 0.000000 0.000000 0.000000 0.000000 0.000000 0.000000 0.000000 0.000000
-0.030853 0.005785 -0.040968 -0.053969 -0.047231 -0.064446 -0.065375 -0.064272 -0.059696 -0.041100 -0.055968 -0.049850 -0.053216 0.000000 0.000000 0.000000 0.000000 0.000000 0.000000 0.000000 0.000000 0.000000 0.000000 0.000000 0.000000 0.000000 0.000000 0.000000 0.000000 0.000000 0.000000 0.000000 0.000000 0.000000 0.000000 0.000000 0.000000 0.000000 0.000000 0.000000 0.000000 0.000000 0.000000 0.000000 0.000000 0.000000 0.000000 0.000000 0.000000 0.000000
-0.006371 -0.007240 -0.047053 0.019246 -0.009152 0.000779 -0.020366 -0.001538 -0.006095 -0.008411 -0.001482 -0.003189 -0.029742 0.000000 0.000000 0.000000 0.000000 0.000000 0.000000 0.000000 0.000000 0.000000 0.000000 0.000000 0.000000 0.000000 0.000000 0.000000 0.000000 0.000000 0.000000 0.000000 0.000000 0.000000 0.000000 0.000000 0.000000 0.000000 0.000000 0.000000 0.000000 0.000000 0.000000 0.000000 0.000000 0.000000 0.000000 0.000000 0.000000 0.000000
