0.000000 0.000000 0.000000 0.000000 0.000000 0.000000 0.000000 0.000000 0.000000 0.000000 0.000000 0.000000 0.000000 0.000000 0.000000 0.000000 0.000000 0.000000 0.000000 0.000019 -0.011644 -0.039847 -0.026563 -0.043742 -0.071651 -0.049832 -0.036828 -0.047147 -0.044982 -0.065215 -0.038281 -0.027604 -0.024376 -0.032065 -0.013709 -0.007064 -0.000991 0.000000 0.000000 0.000000 0.000000 0.000000 0.000000 0.000000 0.000000 0.000000 0.000000 0.000000 0.000000 0.000000
0.000000 0.000000 0.000000 0.000000 0.000000 0.000000 0.000000 0.000000 0.000000 0.000000 0.000000 0.000000 0.000000 0.000000 0.000000 0.000000 0.000000 0.000000 0.000000 0.000402 -0.009436 -0.031717 -0.038989 -0.051914 -0.056120 -0.060320 -0.053763 -0.056572 -0.051756 -0.045155 -0.038745 -0.033252 -0.026073 -0.019641 -0.013122 -0.008316 -0.000974 0.000000 0.000000 0.000000 0.000000 0.000000 0.000000 0.000000 0.000000 0.000000 0.000000 0.000000 0.000000 0.000000
0.000000 0.000000 0.000000 0.000000 0.000000 0.000000 0.000000 0.000000 0.000000 0.000000 0.000000 0.000000 0.000000 0.000000 0.000000 0.000000 0.000000 0.000000 0.000000 -0.002232 -0.010320 -0.032121 -0.047192 -0.054526 -0.058697 -0.058715 -0.057233 -0.053849 -0.049661 -0.044637 -0.039295 -0.033530 -0.027629 -0.021591 -0.015013 -0.007849 -0.000702 0.000000 0.000000 0.000000 0.000000 0.000000 0.000000 0.000000 0.000000 0.000000 0.000000 0.000000 0.000000 0.000000
0.000000 0.000000 0.000000 0.000000 0.000000 0.000000 0.000000 0.000000 0.000000 0.000000 0.000000 0.000000 0.000000 0.000000 0.000000 0.000000 0.000000 0.000000 0.000000 -0.005372 -0.013466 -0.037110 -0.047043 -0.055643 -0.058935 -0.059196 -0.057488 -0.054119 -0.049860 -0.044724 -0.039402 -0.033444 -0.027851 -0.021036 -0.016573 -0.008235 -0.000451 0.000000 0.000000 0.000000 0.000000 0.000000 0.000000 0.000000 0.000000 0.000000 0.000000 0.000000 0.000000 0.000000
0.000000 0.000000 0.000000 0.000000 0.000000 0.000000 0.000000 0.000000 0.000000 0.000000 0.000000 0.000000 0.000000 0.000000 0.000000 0.000000 0.000000 0.000000 0.000000 0.001017 -0.014174 -0.047215 -0.061255 -0.069534 -0.071138 -0.068942 -0.065094 -0.059541 -0.053749 -0.047468 -0.041394 -0.034978 -0.029072 -0.022034 -0.016689 -0.009938 -0.000295 0.000000 0.000000 0.000000 0.000000 0.000000 0.000000 0.000000 0.000000 0.000000 0.000000 0.000000 0.000000 0.000000
0.000000 0.000000 0.000000 0.000000 0.000000 0.000000 0.000000 0.000000 0.000000 0.000000 0.000000 0.000000 0.000000 0.000000 0.000000 0.000000 0.000000 0.000000 0.000000 -0.014764 -0.047298 -0.074405 -0.083915 -0.087115 -0.084289 -0.077810 -0.071422 -0.063682 -0.056679 -0.049412 -0.042882 -0.036098 -0.030380 -0.023211 -0.018671 -0.011723 0.001486 0.000000 0.000000 0.000000 0.000000 0.000000 0.000000 0.000000 0.000000 0.000000 0.000000 0.000000 0.000000 0.000000
0.000000 0.000000 0.000000 0.000000 0.000000 0.000000 0.000000 0.000000 0.000000 0.000000 0.000000 0.000000 0.000000 0.000000 0.000000 0.000000 0.000000 0.000000 0.000000 -0.002733 -0.058676 -0.117310 -0.118717 -0.114989 -0.105031 -0.092131 -0.081457 -0.070112 -0.060929 -0.052108 -0.044705 -0.037575 -0.031815 -0.024939 -0.021182 -0.013160 -0.004226 0.000000 0.000000 0.000000 0.000000 0.000000 0.000000 0.000000 0.000000 0.000000 0.000000 0.000000 0.000000 0.000000
0.370957 0.161076 0.138077 0.146586 0.063545 0.054036 0.074681 0.053368 0.005969 0.025809 0.013401 0.002875 -0.003533 0.003270 0.001339 -0.084594 -0.194453 -0.423737 -0.615766 -1.546672 -0.358001 -0.213533 -0.172126 -0.144009 -0.122318 -0.101313 -0.087018 -0.072897 -0.062446 -0.052729 -0.045139 -0.037960 -0.033002 -0.026837 -0.025460 -0.035241 -0.062821 -0.030080 -0.019011 -0.022322 -0.015650 -0.011306 -0.009176 -0.006976 -0.004211 -0.004040 -0.002562 -0.001985 -0.001358 -0.000101
0.660285 0.286107 0.149599 0.133002 0.070466 0.048851 0.047942 0.040341 0.029764 0.011658 -0.005134 0.000437 0.009629 0.011110 -0.023926 -0.094845 -0.190646 -0.399990 -0.755216 -1.263374 -0.422508 -0.351934 -0.246115 -0.185897 -0.147033 -0.114232 -0.094783 -0.076513 -0.064169 -0.053167 -0.045024 -0.038022 -0.033349 -0.029272 -0.029185 -0.038720 -0.052085 -0.036332 -0.032309 -0.022295 -0.016782 -0.012597 -0.009519 -0.007270 -0.005309 -0.004539 -0.002765 -0.001719 -0.001031 -0.000159
0.504539 0.380405 0.217924 0.174833 0.177470 0.119120 0.118898 0.085294 0.083660 0.064085 0.058315 0.043779 0.027668 0.006730 -0.015617 -0.062961 -0.124448 -0.240993 -0.409029 -0.613796 -0.526303 -0.315967 -0.259277 -0.178051 -0.147239 -0.110954 -0.091881 -0.073185 -0.060975 -0.050148 -0.042321 -0.035675 -0.031489 -0.027890 -0.028294 -0.028419 -0.033759 -0.030941 -0.023007 -0.017781 -0.013191 -0.010089 -0.007510 -0.005704 -0.004158 -0.003034 -0.002043 -0.002083 -0.000613 -0.000027
0.497373 0.398434 0.246244 0.243063 0.170823 0.172269 0.168800 0.127468 0.120369 0.096096 0.083562 0.064303 0.044495 0.021126 -0.013508 -0.052106 -0.115417 -0.197921 -0.310488 -0.403209 -0.362817 -0.272388 -0.223466 -0.165797 -0.136411 -0.104775 -0.086250 -0.068331 -0.056363 -0.045882 -0.038223 -0.031990 -0.027495 -0.024355 -0.022196 -0.022878 -0.024154 -0.021720 -0.017390 -0.013949 -0.010776 -0.008271 -0.006265 -0.004715 -0.003477 -0.002558 -0.001722 -0.001679 -0.000354 0.000045
0.511212 0.439252 0.309120 0.290187 0.287607 0.219021 0.212023 0.170034 0.160356 0.136675 0.119777 0.097939 0.076798 0.048375 0.016513 -0.027315 -0.074344 -0.140256 -0.193227 -0.260929 -0.249551 -0.201794 -0.177681 -0.134916 -0.114286 -0.087998 -0.073010 -0.057811 -0.047599 -0.038553 -0.031909 -0.026414 -0.022508 -0.019359 -0.017721 -0.016273 -0.015822 -0.014649 -0.011857 -0.009770 -0.007510 -0.005890 -0.004437 -0.003385 -0.002479 -0.001830 -0.001220 -0.001192 0.000011 0.000042
0.444770 0.465500 0.326047 0.336962 0.253543 0.253219 0.250381 0.204451 0.194911 0.164568 0.148786 0.124155 0.103149 0.074731 0.046518 0.007332 -0.034052 -0.082442 -0.125571 -0.163073 -0.163806 -0.144678 -0.128820 -0.103914 -0.088490 -0.069898 -0.057953 -0.045948 -0.037485 -0.030003 -0.024357 -0.019721 -0.016167 -0.013443 -0.011421 -0.010104 -0.009190 -0.007907 -0.006447 -0.005183 -0.004041 -0.003123 -0.002372 -0.001791 -0.001318 -0.000971 -0.000651 -0.000629 -0.000529 -0.000255
0.479130 0.472029 0.366195 0.345945 0.354853 0.284164 0.282418 0.239631 0.228011 0.199996 0.182926 0.159031 0.137168 0.110219 0.082358 0.048259 0.014060 -0.025517 -0.055658 -0.087440 -0.092799 -0.087660 -0.082216 -0.067544 -0.058955 -0.046752 -0.038949 -0.030667 -0.024744 -0.019397 -0.015264 -0.011800 -0.009021 -0.006732 -0.004908 -0.003423 -0.002210 -0.001396 -0.000884 -0.000538 -0.000348 -0.000212 -0.000137 -0.000087 -0.000055 -0.000037 -0.000018 -0.000020 -0.000323 0.000165
0.454294 0.481280 0.385705 0.365005 0.377273 0.310003 0.310683 0.268233 0.259043 0.231511 0.215764 0.192705 0.171945 0.146715 0.120660 0.090701 0.060491 0.027466 0.000048 -0.023571 -0.035719 -0.038639 -0.039063 -0.033564 -0.030103 -0.023839 -0.019714 -0.014947 -0.011473 -0.008235 -0.005648 -0.003404 -0.001466 0.000347 0.001897 0.003577 0.005200 0.005455 0.004903 0.004255 0.003436 0.002755 0.002129 0.001639 0.001219 0.000903 0.000616 0.000590 -0.000007 0.000155
0.469381 0.486131 0.402510 0.382530 0.399421 0.334879 0.337458 0.297642 0.289666 0.263784 0.249495 0.228102 0.208921 0.185685 0.161487 0.134199 0.107127 0.078532 0.053490 0.030218 0.014979 0.007088 0.001011 0.000115 -0.001265 0.000039 0.000413 0.001775 0.002639 0.003629 0.004559 0.005403 0.006586 0.007674 0.009336 0.010832 0.012689 0.013038 0.010894 0.009244 0.007139 0.005670 0.004288 0.003283 0.002415 0.001781 0.001202 0.001165 0.000341 0.000143
0.456463 0.462789 0.416440 0.396524 0.417106 0.355750 0.361196 0.324102 0.318783 0.295446 0.283660 0.264726 0.247785 0.226714 0.204058 0.178575 0.152542 0.125765 0.101461 0.079344 0.061726 0.048688 0.038319 0.031891 0.026327 0.023120 0.020171 0.018300 0.016652 0.015426 0.014578 0.014000 0.014002 0.014657 0.015312 0.019215 0.023364 0.022316 0.017352 0.014029 0.010732 0.008258 0.006228 0.004692 0.003456 0.002530 0.001720 0.001664 0.000611 -0.000075
0.481774 0.467592 0.428081 0.408912 0.432770 0.375091 0.383358 0.349664 0.347262 0.327199 0.318580 0.302837 0.288755 0.270073 0.248695 0.224283 0.198430 0.171668 0.146504 0.122945 0.102878 0.086418 0.072430 0.061722 0.052473 0.045429 0.039307 0.034437 0.030338 0.026879 0.024380 0.022125 0.021728 0.021260 0.024864 0.028801 0.037430 0.033485 0.024517 0.018643 0.013532 0.010267 0.007618 0.005722 0.004176 0.003037 0.002047 0.002083 0.000878 0.000073
0.481946 0.500085 0.438410 0.418933 0.446090 0.392046 0.403453 0.373470 0.374738 0.358746 0.354334 0.342756 0.332518 0.316537 0.295881 0.271587 0.244695 0.216784 0.189672 0.163968 0.141027 0.121003 0.103575 0.089053 0.076463 0.066061 0.057066 0.049499 0.043063 0.037484 0.033098 0.029105 0.027155 0.024953 0.027633 0.039032 0.106396 0.055510 0.029505 0.022124 0.015182 0.013419 0.011018 0.007592 0.004448 0.002500 0.002608 0.002133 0.000952 0.000399
0.465199 0.460931 0.446970 0.427235 0.457701 0.411621 0.424136 0.396993 0.402222 0.390097 0.391203 0.384868 0.379724 0.367106 0.346192 0.321229 0.291949 0.261634 0.231791 0.202924 0.176734 0.153222 0.132025 0.114452 0.098743 0.085299 0.073624 0.063544 0.054904 0.047205 0.041019 0.034834 0.031300 0.025173 0.026050 0.028111 0.015510 0.000000 0.000000 0.000000 0.000000 0.000000 0.000000 0.000000 0.000000 0.000000 0.000000 0.000000 0.000000 0.000000
0.527260 0.479026 0.454060 0.434619 0.467644 0.419941 0.437690 0.415700 0.426042 0.420644 0.428573 0.429701 0.433292 0.424754 0.402424 0.374461 0.340749 0.306077 0.271891 0.239296 0.209493 0.182459 0.158431 0.137264 0.118698 0.102539 0.088433 0.076116 0.065400 0.055845 0.047698 0.039916 0.033879 0.026350 0.022874 0.006183 0.008297 0.000000 0.000000 0.000000 0.000000 0.000000 0.000000 0.000000 0.000000 0.000000 0.000000 0.000000 0.000000 0.000000
0.449968 0.481288 0.459372 0.440910 0.475268 0.430112 0.450567 0.432429 0.447718 0.449924 0.466352 0.476938 0.495727 0.492101 0.465900 0.432930 0.391915 0.351086 0.311586 0.274272 0.240363 0.209531 0.182211 0.157974 0.136715 0.118068 0.101737 0.087389 0.074831 0.063562 0.053818 0.044433 0.036807 0.027731 0.021812 0.012622 0.001049 0.000000 0.000000 0.000000 0.000000 0.000000 0.000000 0.000000 0.000000 0.000000 0.000000 0.000000 0.000000 0.000000
0.470509 0.482778 0.463082 0.444198 0.479967 0.436968 0.459936 0.445381 0.466391 0.475201 0.501739 0.530950 0.569508 0.576622 0.538888 0.495212 0.442541 0.393275 0.347299 0.304667 0.266543 0.232196 0.201886 0.175025 0.151473 0.130737 0.112559 0.096541 0.082404 0.069743 0.058552 0.047952 0.038848 0.028699 0.021758 0.009115 0.001054 0.000000 0.000000 0.000000 0.000000 0.000000 0.000000 0.000000 0.000000 0.000000 0.000000 0.000000 0.000000 0.000000
0.465652 0.497475 0.464356 0.444722 0.481511 0.439453 0.463680 0.451469 0.476367 0.494117 0.533521 0.580097 0.660254 0.691481 0.630935 0.570833 0.495265 0.433105 0.380924 0.332289 0.290796 0.252597 0.219337 0.189815 0.164224 0.141671 0.121850 0.104421 0.088998 0.075139 0.062802 0.051241 0.041287 0.030181 0.022973 0.014316 0.000035 0.000000 0.000000 0.000000 0.000000 0.000000 0.000000 0.000000 0.000000 0.000000 0.000000 0.000000 0.000000 0.000000
0.482494 0.495746 0.463609 0.442948 0.480289 0.437830 0.462560 0.450459 0.478513 0.499225 0.556693 0.621937 0.779826 0.873823 0.723560 0.626518 0.549853 0.467488 0.407688 0.352480 0.306418 0.264851 0.228227 0.198892 0.171823 0.149138 0.126277 0.108142 0.091929 0.077526 0.064624 0.052608 0.041824 0.030583 0.022052 0.009798 0.000039 0.000000 0.000000 0.000000 0.000000 0.000000 0.000000 0.000000 0.000000 0.000000 0.000000 0.000000 0.000000 0.000000
0.430534 0.482080 0.460095 0.439398 0.475454 0.430493 0.452671 0.437157 0.463672 0.477783 0.537358 0.731671 1.025741 1.253832 0.818757 0.716882 0.607576 0.535071 0.461065 0.389373 0.345718 0.296142 0.267350 0.222028 0.199535 0.177412 0.143549 0.119444 0.101357 0.084940 0.070238 0.055340 0.042829 0.029024 0.018188 0.006311 0.001230 0.000000 0.000000 0.000000 0.000000 0.000000 0.000000 0.000000 0.000000 0.000000 0.000000 0.000000 0.000000 0.000000
0.431497 0.480615 0.454741 0.435457 0.468624 0.419825 0.438656 0.417012 0.438143 0.441594 0.489547 0.471815 0.454025 0.390901 0.760336 0.669216 0.600021 0.533276 0.437315 0.389043 0.310504 0.280578 0.252368 0.215740 0.161705 0.144845 0.113626 0.114463 0.098220 0.066049 0.061553 0.054544 0.046287 0.036021 0.018729 0.013558 0.001741 0.000000 0.000000 0.000000 0.000000 0.000000 0.000000 0.000000 0.000000 0.000000 0.000000 0.000000 0.000000 0.000000
0.431157 0.478408 0.447540 0.427652 0.457144 0.403604 0.413169 0.382890 0.374868 0.359393 0.326160 0.274731 0.067879 0.000000 0.000000 0.000000 0.000000 0.000000 0.000000 0.000000 0.000000 0.000000 0.000000 0.000000 0.000000 0.000000 0.000000 0.000000 0.000000 0.000000 0.000000 0.000000 0.000000 0.000000 0.000000 0.000000 0.000000 0.000000 0.000000 0.000000 0.000000 0.000000 0.000000 0.000000 0.000000 0.000000 0.000000 0.000000 0.000000 0.000000
0.457788 0.476489 0.439891 0.420280 0.446425 0.388093 0.393358 0.354415 0.340784 0.307715 0.268641 0.077587 0.042724 0.000000 0.000000 0.000000 0.000000 0.000000 0.000000 0.000000 0.000000 0.000000 0.000000 0.000000 0.000000 0.000000 0.000000 0.000000 0.000000 0.000000 0.000000 0.000000 0.000000 0.000000 0.000000 0.000000 0.000000 0.000000 0.000000 0.000000 0.000000 0.000000 0.000000 0.000000 0.000000 0.000000 0.000000 0.000000 0.000000 0.000000
0.466917 0.474448 0.432129 0.413474 0.435023 0.372408 0.371362 0.326904 0.304239 0.264136 0.213636 0.051985 0.026404 0.000000 0.000000 0.000000 0.000000 0.000000 0.000000 0.000000 0.000000 0.000000 0.000000 0.000000 0.000000 0.000000 0.000000 0.000000 0.000000 0.000000 0.000000 0.000000 0.000000 0.000000 0.000000 0.000000 0.000000 0.000000 0.000000 0.000000 0.000000 0.000000 0.000000 0.000000 0.000000 0.000000 0.000000 0.000000 0.000000 0.000000
0.432347 0.486205 0.425185 0.405425 0.424369 0.358086 0.353836 0.303955 0.279026 0.230648 0.183551 0.095148 0.006598 0.000000 0.000000 0.000000 0.000000 0.000000 0.000000 0.000000 0.000000 0.000000 0.000000 0.000000 0.000000 0.000000 0.000000 0.000000 0.000000 0.000000 0.000000 0.000000 0.000000 0.000000 0.000000 0.000000 0.000000 0.000000 0.000000 0.000000 0.000000 0.000000 0.000000 0.000000 0.000000 0.000000 0.000000 0.000000 0.000000 0.000000
0.476260 0.490179 0.418962 0.398049 0.414609 0.345477 0.337921 0.285351 0.256776 0.207707 0.158356 0.030195 0.013663 0.000000 0.000000 0.000000 0.000000 0.000000 0.000000 0.000000 0.000000 0.000000 0.000000 0.000000 0.000000 0.000000 0.000000 0.000000 0.000000 0.000000 0.000000 0.000000 0.000000 0.000000 0.000000 0.000000 0.000000 0.000000 0.000000 0.000000 0.000000 0.000000 0.000000 0.000000 0.000000 0.000000 0.000000 0.000000 0.000000 0.000000
0.508251 0.489735 0.413159 0.391554 0.406451 0.334627 0.325236 0.270208 0.240891 0.190043 0.144274 0.023194 -0.005245 0.000000 0.000000 0.000000 0.000000 0.000000 0.000000 0.000000 0.000000 0.000000 0.000000 0.000000 0.000000 0.000000 0.000000 0.000000 0.000000 0.000000 0.000000 0.000000 0.000000 0.000000 0.000000 0.000000 0.000000 0.000000 0.000000 0.000000 0.000000 0.000000 0.000000 0.000000 0.000000 0.000000 0.000000 0.000000 0.000000 0.000000
0.513574 0.470438 0.407472 0.387853 0.399829 0.325912 0.314734 0.258455 0.228059 0.177616 0.132058 0.017467 -0.030333 0.000000 0.000000 0.000000 0.000000 0.000000 0.000000 0.000000 0.000000 0.000000 0.000000 0.000000 0.000000 0.000000 0.000000 0.000000 0.000000 0.000000 0.000000 0.000000 0.000000 0.000000 0.000000 0.000000 0.000000 0.000000 0.000000 0.000000 0.000000 0.000000 0.000000 0.000000 0.000000 0.000000 0.000000 0.000000 0.000000 0.000000
0.466194 0.497890 0.402369 0.383667 0.393793 0.318465 0.306284 0.249122 0.218622 0.168456 0.125082 0.013728 -0.008701 0.000000 0.000000 0.000000 0.000000 0.000000 0.000000 0.000000 0.000000 0.000000 0.000000 0.000000 0.000000 0.000000 0.000000 0.000000 0.000000 0.000000 0.000000 0.000000 0.000000 0.000000 0.000000 0.000000 0.000000 0.000000 0.000000 0.000000 0.000000 0.000000 0.000000 0.000000 0.000000 0.000000 0.000000 0.000000 0.000000 0.000000
0.469572 0.497775 0.396407 0.379672 0.388784 0.312348 0.299472 0.241872 0.211284 0.161610 0.119511 0.012523 0.018204 0.000000 0.000000 0.000000 0.000000 0.000000 0.000000 0.000000 0.000000 0.000000 0.000000 0.000000 0.000000 0.000000 0.000000 0.000000 0.000000 0.000000 0.000000 0.000000 0.000000 0.000000 0.000000 0.000000 0.000000 0.000000 0.000000 0.000000 0.000000 0.000000 0.000000 0.000000 0.000000 0.000000 0.000000 0.000000 0.000000 0.000000
0.549608 0.448226 0.381586 0.395398 0.313895 0.297905 0.239203 0.236685 0.206278 0.156329 0.115923 0.067331 -0.000733 0.000000 0.000000 0.000000 0.000000 0.000000 0.000000 0.000000 0.000000 0.000000 0.000000 0.000000 0.000000 0.000000 0.000000 0.000000 0.000000 0.000000 0.000000 0.000000 0.000000 0.000000 0.000000 0.000000 0.000000 0.000000 0.000000 0.000000 0.000000 0.000000 0.000000 0.000000 0.000000 0.000000 0.000000 0.000000 0.000000 0.000000
0.516429 0.494053 0.378303 0.392149 0.310920 0.299602 0.234640 0.234589 0.203537 0.150508 0.109957 0.066164 0.002289 0.000000 0.000000 0.000000 0.000000 0.000000 0.000000 0.000000 0.000000 0.000000 0.000000 0.000000 0.000000 0.000000 0.000000 0.000000 0.000000 0.000000 0.000000 0.000000 0.000000 0.000000 0.000000 0.000000 0.000000 0.000000 0.000000 0.000000 0.000000 0.000000 0.000000 0.000000 0.000000 0.000000 0.000000 0.000000 0.000000 0.000000
0.464541 0.497809 0.389052 0.371332 0.379300 0.300764 0.286468 0.228656 0.197933 0.149896 0.109325 0.009190 0.008500 0.000000 0.000000 0.000000 0.000000 0.000000 0.000000 0.000000 0.000000 0.000000 0.000000 0.000000 0.000000 0.000000 0.000000 0.000000 0.000000 0.000000 0.000000 0.000000 0.000000 0.000000 0.000000 0.000000 0.000000 0.000000 0.000000 0.000000 0.000000 0.000000 0.000000 0.000000 0.000000 0.000000 0.000000 0.000000 0.000000 0.000000
0.505481 0.479519 0.387037 0.368693 0.376736 0.298144 0.283642 0.226133 0.195400 0.147772 0.107930 0.065431 0.001770 0.000000 0.000000 0.000000 0.000000 0.000000 0.000000 0.000000 0.000000 0.000000 0.000000 0.000000 0.000000 0.000000 0.000000 0.000000 0.000000 0.000000 0.000000 0.000000 0.000000 0.000000 0.000000 0.000000 0.000000 0.000000 0.000000 0.000000 0.000000 0.000000 0.000000 0.000000 0.000000 0.000000 0.000000 0.000000 0.000000 0.000000
0.508257 0.486434 0.385493 0.369213 0.375655 0.297280 0.281597 0.224452 0.193374 0.146226 0.106434 0.007367 -0.005963 0.000000 0.000000 0.000000 0.000000 0.000000 0.000000 0.000000 0.000000 0.000000 0.000000 0.000000 0.000000 0.000000 0.000000 0.000000 0.000000 0.000000 0.000000 0.000000 0.000000 0.000000 0.000000 0.000000 0.000000 0.000000 0.000000 0.000000 0.000000 0.000000 0.000000 0.000000 0.000000 0.000000 0.000000 0.000000 0.000000 0.000000
0.402322 0.454155 0.382709 0.369367 0.374055 0.296342 0.279979 0.223419 0.191987 0.145165 0.105628 0.062445 0.019046 0.000000 0.000000 0.000000 0.000000 0.000000 0.000000 0.000000 0.000000 0.000000 0.000000 0.000000 0.000000 0.000000 0.000000 0.000000 0.000000 0.000000 0.000000 0.000000 0.000000 0.000000 0.000000 0.000000 0.000000 0.000000 0.000000 0.000000 0.000000 0.000000 0.000000 0.000000 0.000000 0.000000 0.000000 0.000000 0.000000 0.000000
0.407188 0.454895 0.381861 0.368721 0.372548 0.296401 0.278209 0.222414 0.190508 0.144227 0.104894 0.060798 -0.010410 0.000000 0.000000 0.000000 0.000000 0.000000 0.000000 0.000000 0.000000 0.000000 0.000000 0.000000 0.000000 0.000000 0.000000 0.000000 0.000000 0.000000 0.000000 0.000000 0.000000 0.000000 0.000000 0.000000 0.000000 0.000000 0.000000 0.000000 0.000000 0.000000 0.000000 0.000000 0.000000 0.000000 0.000000 0.000000 0.000000 0.000000
0.467934 0.454606 0.379450 0.371856 0.370926 0.299954 0.278097 0.223193 0.190189 0.144019 0.104670 0.058301 0.026405 0.000000 0.000000 0.000000 0.000000 0.000000 0.000000 0.000000 0.000000 0.000000 0.000000 0.000000 0.000000 0.000000 0.000000 0.000000 0.000000 0.000000 0.000000 0.000000 0.000000 0.000000 0.000000 0.000000 0.000000 0.000000 0.000000 0.000000 0.000000 0.000000 0.000000 0.000000 0.000000 0.000000 0.000000 0.000000 0.000000 0.000000
0.497116 0.459310 0.378893 0.374725 0.368752 0.297214 0.275767 0.221646 0.188138 0.143212 0.103751 0.007899 0.020216 0.000000 0.000000 0.000000 0.000000 0.000000 0.000000 0.000000 0.000000 0.000000 0.000000 0.000000 0.000000 0.000000 0.000000 0.000000 0.000000 0.000000 0.000000 0.000000 0.000000 0.000000 0.000000 0.000000 0.000000 0.000000 0.000000 0.000000 0.000000 0.000000 0.000000 0.000000 0.000000 0.000000 0.000000 0.000000 0.000000 0.000000
0.514022 0.455830 0.381818 0.378251 0.368194 0.307926 0.276922 0.225030 0.189215 0.143867 0.103858 0.053702 0.001966 0.000000 0.000000 0.000000 0.000000 0.000000 0.000000 0.000000 0.000000 0.000000 0.000000 0.000000 0.000000 0.000000 0.000000 0.000000 0.000000 0.000000 0.000000 0.000000 0.000000 0.000000 0.000000 0.000000 0.000000 0.000000 0.000000 0.000000 0.000000 0.000000 0.000000 0.000000 0.000000 0.000000 0.000000 0.000000 0.000000 0.000000
0.501250 0.454029 0.376649 0.359008 0.352330 0.292935 0.266552 0.221061 0.184869 0.144043 0.102036 0.053183 0.001419 0.000000 0.000000 0.000000 0.000000 0.000000 0.000000 0.000000 0.000000 0.000000 0.000000 0.000000 0.000000 0.000000 0.000000 0.000000 0.000000 0.000000 0.000000 0.000000 0.000000 0.000000 0.000000 0.000000 0.000000 0.000000 0.000000 0.000000 0.000000 0.000000 0.000000 0.000000 0.000000 0.000000 0.000000 0.000000 0.000000 0.000000
0.461140 0.459028 0.393909 0.363997 0.352836 0.300669 0.269843 0.224323 0.186240 0.143435 0.101723 0.019860 0.010130 0.000000 0.000000 0.000000 0.000000 0.000000 0.000000 0.000000 0.000000 0.000000 0.000000 0.000000 0.000000 0.000000 0.000000 0.000000 0.000000 0.000000 0.000000 0.000000 0.000000 0.000000 0.000000 0.000000 0.000000 0.000000 0.000000 0.000000 0.000000 0.000000 0.000000 0.000000 0.000000 0.000000 0.000000 0.000000 0.000000 0.000000
0.537870 0.488195 0.403631 0.375933 0.343000 0.276409 0.235533 0.196240 0.167902 0.136253 0.083975 0.049177 0.007059 0.000000 0.000000 0.000000 0.000000 0.000000 0.000000 0.000000 0.000000 0.000000 0.000000 0.000000 0.000000 0.000000 0.000000 0.000000 0.000000 0.000000 0.000000 0.000000 0.000000 0.000000 0.000000 0.000000 0.000000 0.000000 0.000000 0.000000 0.000000 0.000000 0.000000 0.000000 0.000000 0.000000 0.000000 0.000000 0.000000 0.000000
0.456652 0.463828 0.429925 0.397352 0.394025 0.255314 0.255379 0.169441 0.182882 0.152507 0.088475 0.047583 0.009076 0.000000 0.000000 0.000000 0.000000 0.000000 0.000000 0.000000 0.000000 0.000000 0.000000 0.000000 0.000000 0.000000 0.000000 0.000000 0.000000 0.000000 0.000000 0.000000 0.000000 0.000000 0.000000 0.000000 0.000000 0.000000 0.000000 0.000000 0.000000 0.000000 0.000000 0.000000 0.000000 0.000000 0.000000 0.000000 0.000000 0.000000
