0.000000 0.000000 0.000000 0.000000 0.000000 0.000000 -1.536588 -1.431462 -1.383210 -1.440606 -1.413297 -1.403216 -1.360602 -1.310401 -1.299379 -1.217480 -1.158934 -1.104376 -1.032865 -0.975162 -0.939266 -0.853366 -0.788725 -0.747197 -0.679415 -0.646591 -0.606762 -0.590637 -0.565894 -0.525849 -0.557815 -0.555364 0.000000 0.000000 0.000000 0.000000 0.000000 0.000000 0.000000 0.000000 0.000000 0.000000 0.000000 0.000000 0.000000 0.000000 0.000000 0.000000 0.000000 0.000000
0.000000 0.000000 0.000000 0.000000 0.000000 0.000000 -1.546918 -1.423402 -1.422971 -1.396004 -1.374966 -1.341606 -1.348224 -1.310427 -1.266842 -1.214084 -1.157693 -1.166470 -1.028037 -0.958931 -0.890842 -0.825972 -0.768077 -0.718712 -0.668899 -0.621244 -0.585405 -0.554371 -0.534046 -0.517881 -0.548106 -0.545102 0.000000 0.000000 0.000000 0.000000 0.000000 0.000000 0.000000 0.000000 0.000000 0.000000 0.000000 0.000000 0.000000 0.000000 0.000000 0.000000 0.000000 0.000000
0.000000 0.000000 0.000000 0.000000 0.000000 0.000000 -1.617573 -1.457298 -1.445275 -1.435767 -1.416356 -1.388565 -1.360571 -1.320782 -1.279036 -1.226136 -1.169922 -1.104429 -1.037518 -0.963534 -0.893999 -0.825417 -0.762539 -0.705098 -0.654501 -0.611560 -0.574881 -0.546716 -0.523701 -0.510523 -0.514000 -0.520565 0.000000 0.000000 0.000000 0.000000 0.000000 0.000000 0.000000 0.000000 0.000000 0.000000 0.000000 0.000000 0.000000 0.000000 0.000000 0.000000 0.000000 0.000000
0.000000 0.000000 0.000000 0.000000 0.000000 0.000000 -1.640145 -1.560189 -1.425084 -1.425816 -1.410477 -1.388499 -1.352286 -1.317105 -1.269601 -1.219153 -1.157844 -1.092134 -1.021232 -0.948944 -0.876514 -0.808446 -0.743959 -0.686767 -0.635256 -0.590494 -0.558599 -0.526876 -0.509888 -0.494358 -0.480856 -0.487369 0.000000 0.000000 0.000000 0.000000 0.000000 0.000000 0.000000 0.000000 0.000000 0.000000 0.000000 0.000000 0.000000 0.000000 0.000000 0.000000 0.000000 0.000000
0.000000 0.000000 0.000000 0.000000 0.000000 0.000000 -1.664709 -1.579815 -1.465947 -1.467527 -1.451014 -1.430637 -1.398929 -1.359634 -1.316864 -1.261089 -1.198301 -1.128296 -1.050630 -0.969442 -0.889779 -0.814333 -0.746151 -0.684720 -0.633218 -0.586447 -0.551399 -0.516760 -0.498942 -0.483659 -0.467958 -0.472173 0.000000 0.000000 0.000000 0.000000 0.000000 0.000000 0.000000 0.000000 0.000000 0.000000 0.000000 0.000000 0.000000 0.000000 0.000000 0.000000 0.000000 0.000000
0.000000 0.000000 0.000000 0.000000 0.000000 0.000000 -1.568448 -1.612250 -1.483196 -1.486858 -1.471027 -1.452364 -1.420331 -1.384082 -1.338027 -1.279869 -1.213270 -1.135033 -1.047335 -0.953240 -0.861988 -0.781461 -0.703964 -0.639535 -0.585820 -0.540101 -0.504379 -0.475587 -0.456324 -0.440164 -0.477960 -0.487400 0.000000 0.000000 0.000000 0.000000 0.000000 0.000000 0.000000 0.000000 0.000000 0.000000 0.000000 0.000000 0.000000 0.000000 0.000000 0.000000 0.000000 0.000000
0.000000 0.000000 0.000000 0.000000 0.000000 0.000000 -1.738758 -1.577681 -1.522268 -1.525988 -1.511353 -1.491765 -1.465156 -1.428424 -1.385383 -1.325405 -1.258377 -1.166775 -1.071736 -0.950552 -0.852481 -0.755044 -0.675077 -0.607636 -0.551916 -0.505624 -0.469825 -0.440779 -0.420080 -0.404439 -0.375302 -0.379222 0.000000 0.000000 0.000000 0.000000 0.000000 0.000000 0.000000 0.000000 0.000000 0.000000 0.000000 0.000000 0.000000 0.000000 0.000000 0.000000 0.000000 0.000000
0.000000 0.000000 0.000000 0.000000 0.000000 0.000000 -1.688225 -1.601370 -1.558768 -1.562383 -1.550035 -1.533111 -1.509274 -1.476490 -1.435860 -1.376330 -1.304652 -1.202785 -1.086319 -0.935501 -0.815335 -0.707251 -0.621323 -0.550713 -0.494591 -0.449905 -0.414836 -0.388139 -0.369053 -0.353214 -0.318714 -0.321709 0.000000 0.000000 0.000000 0.000000 0.000000 0.000000 0.000000 0.000000 0.000000 0.000000 0.000000 0.000000 0.000000 0.000000 0.000000 0.000000 0.000000 0.000000
0.000000 0.000000 0.000000 0.000000 0.000000 0.000000 -1.827487 -1.736583 -1.601363 -1.606809 -1.598332 -1.584901 -1.567347 -1.539597 -1.506013 -1.449307 -1.379844 -1.261704 -1.121141 -0.912208 -0.771869 -0.648315 -0.559261 -0.488084 -0.433767 -0.390940 -0.357881 -0.333029 -0.314935 -0.300750 -0.242272 -0.241383 0.000000 0.000000 0.000000 0.000000 0.000000 0.000000 0.000000 0.000000 0.000000 0.000000 0.000000 0.000000 0.000000 0.000000 0.000000 0.000000 0.000000 0.000000
0.000000 0.000000 0.000000 0.000000 0.000000 0.000000 -1.874646 -1.782163 -1.644286 -1.652165 -1.648046 -1.640176 -1.630083 -1.611476 -1.588865 -1.542756 -1.482256 -1.351989 -1.178154 -0.881669 -0.698997 -0.560455 -0.470314 -0.404621 -0.354931 -0.317177 -0.288713 -0.267937 -0.252913 -0.241812 -0.253999 -0.247528 0.000000 0.000000 0.000000 0.000000 0.000000 0.000000 0.000000 0.000000 0.000000 0.000000 0.000000 0.000000 0.000000 0.000000 0.000000 0.000000 0.000000 0.000000
0.000000 0.000000 0.000000 0.000000 0.000000 0.000000 -1.899787 -1.829633 -1.689714 -1.700450 -1.701910 -1.701019 -1.700870 -1.695542 -1.690277 -1.666891 -1.627223 -1.502518 -1.277521 -0.764295 -0.566240 -0.433965 -0.360544 -0.305971 -0.264869 -0.235512 -0.212932 -0.196598 -0.184173 -0.175373 -0.152330 -0.116894 0.000000 0.000000 0.000000 0.000000 0.000000 0.000000 0.000000 0.000000 0.000000 0.000000 0.000000 0.000000 0.000000 0.000000 0.000000 0.000000 0.000000 0.000000
0.000000 0.000000 0.000000 0.000000 0.000000 0.000000 -1.936683 -1.747671 -1.748564 -1.752530 -1.757656 -1.765039 -1.774058 -1.786999 -1.800433 -1.808504 -1.848589 -1.812604 -1.451471 -0.371613 0.032295 -0.091500 -0.084543 -0.190371 -0.167271 -0.148628 -0.135507 -0.125815 -0.120003 -0.113088 -0.113830 -0.111272 0.000000 0.000000 0.000000 0.000000 0.000000 0.000000 0.000000 0.000000 0.000000 0.000000 0.000000 0.000000 0.000000 0.000000 0.000000 0.000000 0.000000 0.000000
0.000000 0.000000 0.000000 0.000000 0.000000 0.000000 -2.011549 -1.915197 -1.794325 -1.801611 -1.811653 -1.827227 -1.849691 -1.882432 -1.923954 -1.991797 -2.080538 -3.259928 -0.436489 0.558016 -0.000009 0.003486 -0.017085 -0.001775 -0.005984 -0.034941 -0.023969 -0.000826 -0.002072 -0.007151 -0.001960 -0.002724 0.000000 0.000000 0.000000 0.000000 0.000000 0.000000 0.000000 0.000000 0.000000 0.000000 0.000000 0.000000 0.000000 0.000000 0.000000 0.000000 0.000000 0.000000
0.000000 0.000000 0.000000 0.000000 0.000000 0.000000 -2.002586 -1.940456 -1.818310 -1.838293 -1.852726 -1.872579 -1.900865 -1.944750 -2.007019 -2.104901 -2.240040 -2.903185 -3.129616 0.000000 0.000000 0.000000 0.000000 0.000000 0.000000 0.000000 0.000000 0.000000 0.000000 0.000000 0.000000 0.000000 0.000000 0.000000 0.000000 0.000000 0.000000 0.000000 0.000000 0.000000 0.000000 0.000000 0.000000 0.000000 0.000000 0.000000 0.000000 0.000000 0.000000 0.000000
0.000000 0.000000 0.000000 0.000000 0.000000 0.000000 -2.069144 -1.977950 -1.854769 -1.876071 -1.891776 -1.913891 -1.943104 -1.988615 -2.043676 -2.135757 -2.222464 -2.493627 -2.575121 0.000000 0.000000 0.000000 0.000000 0.000000 0.000000 0.000000 0.000000 0.000000 0.000000 0.000000 0.000000 0.000000 0.000000 0.000000 0.000000 0.000000 0.000000 0.000000 0.000000 0.000000 0.000000 0.000000 0.000000 0.000000 0.000000 0.000000 0.000000 0.000000 0.000000 0.000000
0.000000 0.000000 0.000000 0.000000 0.000000 0.000000 -2.102264 -2.010919 -1.886399 -1.908395 -1.924235 -1.946218 -1.974407 -2.015057 -2.062962 -2.133075 -2.191809 -2.367787 -2.470428 0.000000 0.000000 0.000000 0.000000 0.000000 0.000000 0.000000 0.000000 0.000000 0.000000 0.000000 0.000000 0.000000 0.000000 0.000000 0.000000 0.000000 0.000000 0.000000 0.000000 0.000000 0.000000 0.000000 0.000000 0.000000 0.000000 0.000000 0.000000 0.000000 0.000000 0.000000
0.000000 0.000000 0.000000 0.000000 0.000000 0.000000 -2.130542 -2.038530 -1.913907 -1.935248 -1.949968 -1.969512 -1.993648 -2.027748 -2.063260 -2.116119 -2.144053 -2.275840 -2.314628 0.000000 0.000000 0.000000 0.000000 0.000000 0.000000 0.000000 0.000000 0.000000 0.000000 0.000000 0.000000 0.000000 0.000000 0.000000 0.000000 0.000000 0.000000 0.000000 0.000000 0.000000 0.000000 0.000000 0.000000 0.000000 0.000000 0.000000 0.000000 0.000000 0.000000 0.000000
0.000000 0.000000 0.000000 0.000000 0.000000 0.000000 -2.154488 -2.062617 -1.937438 -1.957794 -1.971105 -1.988065 -2.008954 -2.036894 -2.065916 -2.104065 -2.120228 -2.058665 -2.332130 0.000000 0.000000 0.000000 0.000000 0.000000 0.000000 0.000000 0.000000 0.000000 0.000000 0.000000 0.000000 0.000000 0.000000 0.000000 0.000000 0.000000 0.000000 0.000000 0.000000 0.000000 0.000000 0.000000 0.000000 0.000000 0.000000 0.000000 0.000000 0.000000 0.000000 0.000000
0.000000 0.000000 0.000000 0.000000 0.000000 0.000000 -2.121320 -2.082800 -1.956448 -1.976123 -1.987312 -2.001339 -2.018258 -2.040512 -2.062737 -2.091556 -2.096921 -2.163087 -2.273768 0.000000 0.000000 0.000000 0.000000 0.000000 0.000000 0.000000 0.000000 0.000000 0.000000 0.000000 0.000000 0.000000 0.000000 0.000000 0.000000 0.000000 0.000000 0.000000 0.000000 0.000000 0.000000 0.000000 0.000000 0.000000 0.000000 0.000000 0.000000 0.000000 0.000000 0.000000
0.000000 0.000000 0.000000 0.000000 0.000000 0.000000 -2.107474 -2.102659 -1.971873 -1.991459 -2.000093 -2.011330 -2.024329 -2.041217 -2.058034 -2.077852 -2.077910 -2.089077 -2.210558 0.000000 0.000000 0.000000 0.000000 0.000000 0.000000 0.000000 0.000000 0.000000 0.000000 0.000000 0.000000 0.000000 0.000000 0.000000 0.000000 0.000000 0.000000 0.000000 0.000000 0.000000 0.000000 0.000000 0.000000 0.000000 0.000000 0.000000 0.000000 0.000000 0.000000 0.000000
0.000000 0.000000 0.000000 0.000000 0.000000 0.000000 -2.210604 -2.118235 -1.984592 -2.004463 -2.010104 -2.018891 -2.028404 -2.041217 -2.053621 -2.068595 -2.063722 -2.088958 -2.173483 0.000000 0.000000 0.000000 0.000000 0.000000 0.000000 0.000000 0.000000 0.000000 0.000000 0.000000 0.000000 0.000000 0.000000 0.000000 0.000000 0.000000 0.000000 0.000000 0.000000 0.000000 0.000000 0.000000 0.000000 0.000000 0.000000 0.000000 0.000000 0.000000 0.000000 0.000000
0.000000 0.000000 0.000000 0.000000 0.000000 0.000000 -2.224740 -2.129078 -1.996460 -2.015473 -2.018015 -2.023971 -2.029966 -2.038750 -2.047045 -2.057160 -2.048561 -2.066699 -2.208762 0.000000 0.000000 0.000000 0.000000 0.000000 0.000000 0.000000 0.000000 0.000000 0.000000 0.000000 0.000000 0.000000 0.000000 0.000000 0.000000 0.000000 0.000000 0.000000 0.000000 0.000000 0.000000 0.000000 0.000000 0.000000 0.000000 0.000000 0.000000 0.000000 0.000000 0.000000
0.000000 0.000000 0.000000 0.000000 0.000000 0.000000 -2.240274 -2.138158 -2.007330 -2.024920 -2.024473 -2.027959 -2.030786 -2.036554 -2.041766 -2.048571 -2.038213 -2.057823 -2.098765 0.000000 0.000000 0.000000 0.000000 0.000000 0.000000 0.000000 0.000000 0.000000 0.000000 0.000000 0.000000 0.000000 0.000000 0.000000 0.000000 0.000000 0.000000 0.000000 0.000000 0.000000 0.000000 0.000000 0.000000 0.000000 0.000000 0.000000 0.000000 0.000000 0.000000 0.000000
0.000000 0.000000 0.000000 0.000000 0.000000 0.000000 -2.252447 -2.061099 -2.017333 -2.033587 -2.029487 -2.030558 -2.029760 -2.032805 -2.035079 -2.039563 -2.027093 -2.044760 -2.121349 0.000000 0.000000 0.000000 0.000000 0.000000 0.000000 0.000000 0.000000 0.000000 0.000000 0.000000 0.000000 0.000000 0.000000 0.000000 0.000000 0.000000 0.000000 0.000000 0.000000 0.000000 0.000000 0.000000 0.000000 0.000000 0.000000 0.000000 0.000000 0.000000 0.000000 0.000000
0.000000 0.000000 0.000000 0.000000 0.000000 0.000000 -2.193101 -2.155314 -2.027152 -2.041801 -2.033483 -2.031985 -2.027912 -2.028503 -2.028583 -2.031265 -2.018197 -2.156826 -2.154238 0.000000 0.000000 0.000000 0.000000 0.000000 0.000000 0.000000 0.000000 0.000000 0.000000 0.000000 0.000000 0.000000 0.000000 0.000000 0.000000 0.000000 0.000000 0.000000 0.000000 0.000000 0.000000 0.000000 0.000000 0.000000 0.000000 0.000000 0.000000 0.000000 0.000000 0.000000
0.000000 0.000000 0.000000 0.000000 0.000000 0.000000 -2.269123 -2.164587 -2.039043 -2.051602 -2.037234 -2.032502 -2.024334 -2.022717 -2.020605 -2.022487 -2.007764 -2.028333 -2.087876 0.000000 0.000000 0.000000 0.000000 0.000000 0.000000 0.000000 0.000000 0.000000 0.000000 0.000000 0.000000 0.000000 0.000000 0.000000 0.000000 0.000000 0.000000 0.000000 0.000000 0.000000 0.000000 0.000000 0.000000 0.000000 0.000000 0.000000 0.000000 0.000000 0.000000 0.000000
0.000000 0.000000 0.000000 0.000000 0.000000 0.000000 -2.112582 -2.170605 -2.054540 -2.062366 -2.039444 -2.030387 -2.018266 -2.014881 -2.011409 -2.013241 -1.997714 -2.018247 -2.088128 0.000000 0.000000 0.000000 0.000000 0.000000 0.000000 0.000000 0.000000 0.000000 0.000000 0.000000 0.000000 0.000000 0.000000 0.000000 0.000000 0.000000 0.000000 0.000000 0.000000 0.000000 0.000000 0.000000 0.000000 0.000000 0.000000 0.000000 0.000000 0.000000 0.000000 0.000000
0.000000 0.000000 0.000000 0.000000 0.000000 0.000000 -2.227558 -2.196304 -2.083276 -2.079850 -2.042594 -2.026661 -2.009457 -2.004336 -1.999795 -2.002824 -1.986707 -2.007327 -2.154532 0.000000 0.000000 0.000000 0.000000 0.000000 0.000000 0.000000 0.000000 0.000000 0.000000 0.000000 0.000000 0.000000 0.000000 0.000000 0.000000 0.000000 0.000000 0.000000 0.000000 0.000000 0.000000 0.000000 0.000000 0.000000 0.000000 0.000000 0.000000 0.000000 0.000000 0.000000
0.000000 0.000000 0.000000 0.000000 0.000000 0.000000 -1.814195 -2.294302 -2.121015 -2.090038 -2.035272 -2.012409 -1.993759 -1.988417 -1.985120 -1.990866 -1.975301 -1.994098 -2.132228 0.000000 0.000000 0.000000 0.000000 0.000000 0.000000 0.000000 0.000000 0.000000 0.000000 0.000000 0.000000 0.000000 0.000000 0.000000 0.000000 0.000000 0.000000 0.000000 0.000000 0.000000 0.000000 0.000000 0.000000 0.000000 0.000000 0.000000 0.000000 0.000000 0.000000 0.000000
0.000000 0.000000 0.000000 0.000000 0.000000 0.000000 -2.393476 -2.582691 -2.272227 -2.094263 -2.029366 -1.986812 -1.970603 -1.966267 -1.967151 -1.977816 -1.964498 -1.988900 -2.023879 0.000000 0.000000 0.000000 0.000000 0.000000 0.000000 0.000000 0.000000 0.000000 0.000000 0.000000 0.000000 0.000000 0.000000 0.000000 0.000000 0.000000 0.000000 0.000000 0.000000 0.000000 0.000000 0.000000 0.000000 0.000000 0.000000 0.000000 0.000000 0.000000 0.000000 0.000000
-0.042320 -0.016528 -0.041436 -0.071898 -0.149620 -0.241698 -2.087190 -2.089905 -2.134275 -2.014653 -1.967632 -1.931881 -1.927025 -1.934419 -1.943845 -1.963510 -1.953836 -1.970615 -2.073835 0.000000 0.000000 0.000000 0.000000 0.000000 0.000000 0.000000 0.000000 0.000000 0.000000 0.000000 0.000000 0.000000 0.000000 0.000000 0.000000 0.000000 0.000000 0.000000 0.000000 0.000000 0.000000 0.000000 0.000000 0.000000 0.000000 0.000000 0.000000 0.000000 0.000000 0.000000
-0.099215 -0.072897 -0.235862 -0.132821 -0.582645 -0.774245 -1.865146 -1.620844 -1.780960 -1.831478 -1.835608 -1.849540 -1.868756 -1.896001 -1.918472 -1.951078 -1.948734 -1.975621 -2.081336 0.000000 0.000000 0.000000 0.000000 0.000000 0.000000 0.000000 0.000000 0.000000 0.000000 0.000000 0.000000 0.000000 0.000000 0.000000 0.000000 0.000000 0.000000 0.000000 0.000000 0.000000 0.000000 0.000000 0.000000 0.000000 0.000000 0.000000 0.000000 0.000000 0.000000 0.000000
-0.375827 -0.392007 -0.442731 -0.473123 -0.586571 -0.795304 -1.189042 -1.492874 -1.593317 -1.671339 -1.726268 -1.768493 -1.810734 -1.856761 -1.895242 -1.943971 -1.953047 -1.966200 -2.037291 0.000000 0.000000 0.000000 0.000000 0.000000 0.000000 0.000000 0.000000 0.000000 0.000000 0.000000 0.000000 0.000000 0.000000 0.000000 0.000000 0.000000 0.000000 0.000000 0.000000 0.000000 0.000000 0.000000 0.000000 0.000000 0.000000 0.000000 0.000000 0.000000 0.000000 0.000000
-0.533360 -0.517355 -0.568682 -0.567798 -0.689005 -0.845698 -1.087858 -1.293118 -1.445171 -1.549409 -1.624833 -1.690260 -1.751453 -1.817651 -1.875513 -1.948292 -1.976408 -1.965416 -1.977364 0.000000 0.000000 0.000000 0.000000 0.000000 0.000000 0.000000 0.000000 0.000000 0.000000 0.000000 0.000000 0.000000 0.000000 0.000000 0.000000 0.000000 0.000000 0.000000 0.000000 0.000000 0.000000 0.000000 0.000000 0.000000 0.000000 0.000000 0.000000 0.000000 0.000000 0.000000
-0.641928 -0.611719 -0.667636 -0.676660 -0.778258 -0.901675 -1.083709 -1.236273 -1.357173 -1.455402 -1.540420 -1.619569 -1.695921 -1.781194 -1.861176 -1.967900 -2.025452 -1.874554 -1.975658 0.000000 0.000000 0.000000 0.000000 0.000000 0.000000 0.000000 0.000000 0.000000 0.000000 0.000000 0.000000 0.000000 0.000000 0.000000 0.000000 0.000000 0.000000 0.000000 0.000000 0.000000 0.000000 0.000000 0.000000 0.000000 0.000000 0.000000 0.000000 0.000000 0.000000 0.000000
-0.725625 -0.680296 -0.724077 -0.725283 -0.816419 -0.912825 -1.045624 -1.165314 -1.275281 -1.370553 -1.460018 -1.543433 -1.631265 -1.732401 -1.847954 -1.994856 -2.214853 -1.811313 -0.565423 0.000000 0.000000 0.000000 0.000000 0.000000 0.000000 0.000000 0.000000 0.000000 0.000000 0.000000 0.000000 0.000000 0.000000 0.000000 0.000000 0.000000 0.000000 0.000000 0.000000 0.000000 0.000000 0.000000 0.000000 0.000000 0.000000 0.000000 0.000000 0.000000 0.000000 0.000000
-0.785693 -0.753793 -0.769280 -0.772346 -0.844763 -0.922806 -1.025288 -1.120187 -1.213917 -1.300029 -1.383904 -1.466280 -1.562031 -1.671516 -1.819334 -1.998563 -2.342392 -1.683477 1.011808 0.000000 0.000000 0.000000 0.000000 0.000000 0.000000 0.000000 0.000000 0.000000 0.000000 0.000000 0.000000 0.000000 0.000000 0.000000 0.000000 0.000000 0.000000 0.000000 0.000000 0.000000 0.000000 0.000000 0.000000 0.000000 0.000000 0.000000 0.000000 0.000000 0.000000 0.000000
-0.820773 -0.738519 -0.779315 -0.835123 -0.898754 -0.979044 -1.061688 -1.065864 -1.142886 -1.220747 -1.297376 -1.372708 -1.455991 -1.537323 -1.661635 -1.781087 -1.851560 -2.497215 -0.382318 -0.114534 -0.117726 -0.094853 -0.048011 -0.008741 -0.047825 -0.010696 -0.027396 0.001453 0.014336 -0.025336 0.002821 -0.000037 -0.001332 0.025271 -0.010840 -0.001869 -0.015761 0.010392 0.030744 -0.019202 -0.005596 -0.044835 -0.006844 -0.009368 0.012479 0.002256 -0.000225 -0.015921 -0.041952 -0.009949
-0.790766 -0.802640 -0.800522 -0.802236 -0.850153 -0.900263 -0.964429 -1.026577 -1.091953 -1.154451 -1.218054 -1.278563 -1.341554 -1.399193 -1.457457 -1.488500 -1.505635 -1.718386 -0.868689 -0.355570 -0.168259 -0.109107 -0.081460 -0.112886 -0.095308 -0.039898 -0.032670 -0.026761 -0.020242 -0.017165 -0.015170 -0.013546 -0.011600 -0.008631 -0.009551 -0.008893 -0.064950 -0.064246 -0.062241 -0.006385 -0.060589 -0.061047 -0.059711 -0.057756 -0.010178 -0.053613 -0.012814 -0.042154 -0.048752 -0.033181
-0.696331 -0.763962 -0.797558 -0.798278 -0.839059 -0.877613 -0.928836 -0.979009 -1.033054 -1.085099 -1.137278 -1.185574 -1.234473 -1.274939 -1.310649 -1.319576 -1.290233 -1.204715 -1.010011 -0.642280 -0.505927 -0.375257 -0.300864 -0.245102 -0.208440 -0.179852 -0.160497 -0.146680 -0.135106 -0.128472 -0.122075 -0.117467 -0.113873 -0.111351 -0.108971 -0.107554 -0.106116 -0.105541 -0.104801 -0.103786 -0.103899 -0.103438 -0.103096 -0.103307 -0.102693 -0.102959 -0.101054 -0.100950 -0.088166 -0.101537
-0.752062 -0.806458 -0.786009 -0.785687 -0.818085 -0.849561 -0.890009 -0.930814 -0.974016 -1.014887 -1.055122 -1.090467 -1.122933 -1.144089 -1.156691 -1.145939 -1.110427 -1.052023 -0.906072 -0.674286 -0.560436 -0.447858 -0.369285 -0.310954 -0.268475 -0.236991 -0.213664 -0.196089 -0.182711 -0.172619 -0.165286 -0.159497 -0.155126 -0.151858 -0.149110 -0.147067 -0.145439 -0.144288 -0.143482 -0.142808 -0.142381 -0.142190 -0.141818 -0.142305 -0.141759 -0.142719 -0.143069 -0.142420 -0.127670 -0.109375
-0.805542 -0.807666 -0.768287 -0.768049 -0.796618 -0.818596 -0.852192 -0.882825 -0.917342 -0.949618 -0.981075 -1.007716 -1.031049 -1.043564 -1.047666 -1.030504 -0.993846 -0.922914 -0.831574 -0.675283 -0.580531 -0.487277 -0.421867 -0.366414 -0.326018 -0.293583 -0.269229 -0.250474 -0.235947 -0.225052 -0.216443 -0.209874 -0.204724 -0.200796 -0.197634 -0.195250 -0.193297 -0.191888 -0.190682 -0.189744 -0.188989 -0.188585 -0.187778 -0.188084 -0.186477 -0.187858 -0.183747 -0.185132 -0.169262 -0.180068
-0.743501 -0.783680 -0.742460 -0.741811 -0.757180 -0.781798 -0.803039 -0.831787 -0.857865 -0.882116 -0.905059 -0.923140 -0.937298 -0.941698 -0.938197 -0.918301 -0.883619 -0.824081 -0.758546 -0.655931 -0.580456 -0.503328 -0.444843 -0.395276 -0.356741 -0.325773 -0.301679 -0.282832 -0.268118 -0.256656 -0.247825 -0.240898 -0.235536 -0.231356 -0.228061 -0.225518 -0.223506 -0.222094 -0.220999 -0.220290 -0.219749 -0.219897 -0.219468 -0.220911 -0.219899 -0.223523 -0.219839 -0.223070 -0.211421 -0.196172
-0.692910 -0.759713 -0.712205 -0.709517 -0.741489 -0.743997 -0.770884 -0.784575 -0.804748 -0.824332 -0.842765 -0.855342 -0.864572 -0.866184 -0.861025 -0.843217 -0.816449 -0.771966 -0.714978 -0.647800 -0.589724 -0.529409 -0.482339 -0.440059 -0.406714 -0.379001 -0.357053 -0.339587 -0.325775 -0.314822 -0.306330 -0.299563 -0.294289 -0.290116 -0.286809 -0.284185 -0.282044 -0.280474 -0.279023 -0.277903 -0.276767 -0.276359 -0.275176 -0.275808 -0.274102 -0.275408 -0.265306 -0.268674 -0.250716 -0.251999
-0.720002 -0.733142 -0.679754 -0.673266 -0.686181 -0.694827 -0.710658 -0.724093 -0.741581 -0.754912 -0.767930 -0.775299 -0.780222 -0.778486 -0.771780 -0.754011 -0.729792 -0.695270 -0.654198 -0.602490 -0.557142 -0.510288 -0.471623 -0.436922 -0.408172 -0.384246 -0.364847 -0.349322 -0.336911 -0.326757 -0.319066 -0.312727 -0.307849 -0.303893 -0.300844 -0.298245 -0.296158 -0.294991 -0.294013 -0.293246 -0.292879 -0.293475 -0.293315 -0.297321 -0.295783 -0.306495 -0.291625 -0.299819 -0.311814 -0.310126
-0.661407 -0.708498 -0.657539 -0.636715 -0.678530 -0.654761 -0.678744 -0.673342 -0.691188 -0.694384 -0.705476 -0.707542 -0.713965 -0.714603 -0.713639 -0.704620 -0.688985 -0.675467 -0.642947 -0.612021 -0.578886 -0.544530 -0.515708 -0.489408 -0.466696 -0.447589 -0.431977 -0.419665 -0.409631 -0.400995 -0.395029 -0.389777 -0.385804 -0.382596 -0.380045 -0.377768 -0.375875 -0.375120 -0.373790 -0.372502 -0.371196 -0.370716 -0.369143 -0.369317 -0.368238 -0.366855 -0.351275 -0.351984 -0.326876 -0.302493
-0.639387 -0.625978 -0.659743 -0.588256 -0.600817 -0.597289 -0.607660 -0.613485 -0.624764 -0.630374 -0.740602 -0.745784 -0.640925 -0.642833 -0.634770 -0.627092 -0.607307 -0.591519 -0.568934 -0.543514 -0.520442 -0.495365 -0.474456 -0.483224 -0.461280 -0.442467 -0.411179 -0.402101 -0.394629 -0.387201 -0.382871 -0.378762 -0.375766 -0.373234 -0.371793 -0.369696 -0.367934 -0.368314 -0.368883 -0.367484 -0.366634 -0.366835 -0.365278 -0.368222 -0.374857 -0.375153 -0.356692 -0.363190 -0.376286 -0.423814
-0.517381 -0.592140 -0.604966 -0.590184 -0.609332 -0.615781 -0.618294 -0.629193 -0.632185 -0.639982 -0.640539 -0.641314 -0.650493 -0.648635 -0.646120 -0.636305 -0.623406 -0.604668 -0.584012 -0.559873 -0.536861 -0.513769 -0.493202 -0.455474 -0.438411 -0.423548 -0.432949 -0.423478 -0.416008 -0.410235 -0.405324 -0.401514 -0.398325 -0.395477 -0.392857 -0.390472 -0.386630 -0.384948 -0.368675 -0.382945 -0.382996 -0.381070 -0.381159 -0.378775 -0.378108 -0.381149 -0.375104 -0.394562 -0.396855 -0.402581
-0.544312 -0.563595 -0.524067 -0.523489 -0.534957 -0.534754 -0.567160 -0.532863 -0.533710 -0.571987 -0.588488 -0.535268 -0.536210 -0.565715 -0.561867 -0.556746 -0.548355 -0.539762 -0.529961 -0.519434 -0.534876 -0.500860 -0.518679 -0.504158 -0.479858 -0.497441 -0.471084 -0.468137 -0.466079 -0.464680 -0.463953 -0.463753 -0.464372 -0.479531 -0.466322 -0.467445 -0.444959 -0.468111 -0.483394 -0.484507 -0.483248 -0.480642 -0.477577 -0.479693 -0.457844 -0.455349 -0.427742 -0.433764 -0.458263 -0.408407
-0.511397 -0.508527 -0.472113 -0.471867 -0.498875 -0.498025 -0.508230 -0.509151 -0.513508 -0.511223 -0.482744 -0.468509 -0.468735 -0.458677 -0.428482 -0.467993 -0.468433 -0.482136 -0.460638 -0.512000 -0.470097 -0.458931 -0.502384 -0.559215 -0.481765 -0.584995 -0.430515 -0.430251 -0.482108 -0.509952 -0.429109 -0.469591 -0.493839 -0.493836 -0.519825 -0.470395 -0.507235 -0.517278 -0.400208 -0.399970 -0.510197 -0.488884 -0.505864 -0.498460 -0.411467 -0.417315 -0.426807 -0.404951 -0.388818 -0.535816
