0.000000 0.000000 0.000000 0.000000 0.000000 0.000000 -0.000426 -0.017644 0.021744 0.023849 0.010532 -0.003511 -0.000596 0.024890 0.011985 0.035786 0.051415 0.054516 0.044509 0.049366 0.045008 0.006096 0.015996 0.034858 0.018131 0.026488 -0.005105 0.022485 0.019700 0.006969 -0.021005 0.004095 0.000000 0.000000 0.000000 0.000000 0.000000 0.000000 0.000000 0.000000 0.000000 0.000000 0.000000 0.000000 0.000000 0.000000 0.000000 0.000000 0.000000 0.000000
0.000000 0.000000 0.000000 0.000000 0.000000 0.000000 0.008310 -0.021758 -0.021545 -0.000306 0.023109 0.027683 0.093399 0.106369 0.115452 0.125019 0.130136 0.120943 0.134559 0.132990 0.128008 0.121199 0.113131 0.054461 0.046330 0.082028 0.070531 0.059775 0.046741 0.020271 -0.006814 -0.001390 0.000000 0.000000 0.000000 0.000000 0.000000 0.000000 0.000000 0.000000 0.000000 0.000000 0.000000 0.000000 0.000000 0.000000 0.000000 0.000000 0.000000 0.000000
0.000000 0.000000 0.000000 0.000000 0.000000 0.000000 0.014523 0.053150 0.045326 0.058517 0.075820 0.097991 0.118681 0.138819 0.159798 0.178377 0.196906 0.208581 0.217072 0.217917 0.211814 0.201096 0.185190 0.167231 0.145810 0.125024 0.102181 0.080631 0.057227 0.035588 -0.013691 0.003673 0.000000 0.000000 0.000000 0.000000 0.000000 0.000000 0.000000 0.000000 0.000000 0.000000 0.000000 0.000000 0.000000 0.000000 0.000000 0.000000 0.000000 0.000000
0.000000 0.000000 0.000000 0.000000 0.000000 0.000000 0.014055 0.010822 0.061599 0.060157 0.081797 0.099952 0.123532 0.146307 0.166573 0.189295 0.202985 0.217917 0.225154 0.227144 0.220952 0.209202 0.193590 0.173523 0.152330 0.129950 0.105868 0.082325 0.053810 0.026185 -0.015984 0.010667 0.000000 0.000000 0.000000 0.000000 0.000000 0.000000 0.000000 0.000000 0.000000 0.000000 0.000000 0.000000 0.000000 0.000000 0.000000 0.000000 0.000000 0.000000
0.000000 0.000000 0.000000 0.000000 0.000000 0.000000 0.010037 0.030877 0.049952 0.070492 0.101604 0.125408 0.157152 0.185649 0.216351 0.243817 0.267405 0.288897 0.299722 0.304315 0.293355 0.279409 0.256050 0.229296 0.199151 0.170843 0.138966 0.109820 0.078468 0.054586 -0.000467 -0.004068 0.000000 0.000000 0.000000 0.000000 0.000000 0.000000 0.000000 0.000000 0.000000 0.000000 0.000000 0.000000 0.000000 0.000000 0.000000 0.000000 0.000000 0.000000
0.000000 0.000000 0.000000 0.000000 0.000000 0.000000 0.006272 0.026182 0.070604 0.089419 0.125677 0.155265 0.190972 0.226923 0.265757 0.300922 0.337386 0.364530 0.383803 0.387658 0.372485 0.353260 0.318862 0.285383 0.246564 0.208436 0.168859 0.131071 0.093114 0.056378 -0.016886 0.003384 0.000000 0.000000 0.000000 0.000000 0.000000 0.000000 0.000000 0.000000 0.000000 0.000000 0.000000 0.000000 0.000000 0.000000 0.000000 0.000000 0.000000 0.000000
0.000000 0.000000 0.000000 0.000000 0.000000 0.000000 0.006470 0.045612 0.074886 0.100399 0.143502 0.179485 0.223405 0.266886 0.315943 0.362945 0.413289 0.450667 0.482240 0.484555 0.465442 0.433190 0.389832 0.345879 0.297447 0.250454 0.202838 0.157557 0.111002 0.071195 0.001470 -0.003505 0.000000 0.000000 0.000000 0.000000 0.000000 0.000000 0.000000 0.000000 0.000000 0.000000 0.000000 0.000000 0.000000 0.000000 0.000000 0.000000 0.000000 0.000000
0.000000 0.000000 0.000000 0.000000 0.000000 0.000000 0.012968 0.054329 0.085643 0.111080 0.160838 0.202125 0.254169 0.306166 0.367304 0.427978 0.495360 0.551295 0.596775 0.602167 0.566570 0.523179 0.465256 0.408140 0.348061 0.291002 0.234265 0.180248 0.126581 0.077778 0.002716 -0.002985 0.000000 0.000000 0.000000 0.000000 0.000000 0.000000 0.000000 0.000000 0.000000 0.000000 0.000000 0.000000 0.000000 0.000000 0.000000 0.000000 0.000000 0.000000
0.000000 0.000000 0.000000 0.000000 0.000000 0.000000 0.011027 0.042493 0.091320 0.120214 0.174455 0.220633 0.280421 0.340872 0.415981 0.492047 0.584959 0.666776 0.739901 0.748519 0.688177 0.625913 0.545136 0.472158 0.398847 0.330609 0.264636 0.203058 0.142601 0.088170 -0.005540 0.004929 0.000000 0.000000 0.000000 0.000000 0.000000 0.000000 0.000000 0.000000 0.000000 0.000000 0.000000 0.000000 0.000000 0.000000 0.000000 0.000000 0.000000 0.000000
0.000000 0.000000 0.000000 0.000000 0.000000 0.000000 0.010350 0.044417 0.097372 0.126401 0.184208 0.233887 0.300363 0.368584 0.458969 0.552996 0.681899 0.796882 0.933361 0.940319 0.821875 0.731906 0.623869 0.534261 0.446059 0.366813 0.291910 0.222927 0.156066 0.095066 0.001285 0.006452 0.000000 0.000000 0.000000 0.000000 0.000000 0.000000 0.000000 0.000000 0.000000 0.000000 0.000000 0.000000 0.000000 0.000000 0.000000 0.000000 0.000000 0.000000
0.000000 0.000000 0.000000 0.000000 0.000000 0.000000 0.020599 0.044644 0.098183 0.128648 0.187779 0.239294 0.310010 0.383636 0.487104 0.598529 0.773194 0.929519 1.222163 1.236358 0.994268 0.848994 0.702887 0.587923 0.484991 0.395390 0.312854 0.238166 0.166234 0.103309 0.036390 0.007998 0.000000 0.000000 0.000000 0.000000 0.000000 0.000000 0.000000 0.000000 0.000000 0.000000 0.000000 0.000000 0.000000 0.000000 0.000000 0.000000 0.000000 0.000000
0.000000 0.000000 0.000000 0.000000 0.000000 0.000000 0.000980 0.052698 0.086965 0.139533 0.189249 0.244399 0.312407 0.385493 0.497716 0.609360 0.864566 1.052712 1.718004 2.461103 1.114362 0.922419 0.785927 0.625697 0.512520 0.415831 0.328857 0.250221 0.174056 0.105442 0.004878 0.003713 0.000000 0.000000 0.000000 0.000000 0.000000 0.000000 0.000000 0.000000 0.000000 0.000000 0.000000 0.000000 0.000000 0.000000 0.000000 0.000000 0.000000 0.000000
0.000000 0.000000 0.000000 0.000000 0.000000 0.000000 0.008704 0.025474 0.093348 0.134341 0.178186 0.226006 0.286279 0.354438 0.447962 0.564778 0.733867 1.272864 -0.784285 0.072157 0.945088 0.871869 0.724899 0.715811 0.601642 0.508456 0.346977 0.278945 0.190933 0.089334 0.012840 0.002931 0.000000 0.000000 0.000000 0.000000 0.000000 0.000000 0.000000 0.000000 0.000000 0.000000 0.000000 0.000000 0.000000 0.000000 0.000000 0.000000 0.000000 0.000000
0.000000 0.000000 0.000000 0.000000 0.000000 0.000000 0.003278 0.020443 0.083056 0.108267 0.158424 0.196301 0.251105 0.293722 0.368922 0.401870 0.521335 0.251883 0.259956 0.000000 0.000000 0.000000 0.000000 0.000000 0.000000 0.000000 0.000000 0.000000 0.000000 0.000000 0.000000 0.000000 0.000000 0.000000 0.000000 0.000000 0.000000 0.000000 0.000000 0.000000 0.000000 0.000000 0.000000 0.000000 0.000000 0.000000 0.000000 0.000000 0.000000 0.000000
0.000000 0.000000 0.000000 0.000000 0.000000 0.000000 0.014268 0.019514 0.075060 0.096683 0.140311 0.171373 0.214081 0.245782 0.284757 0.297597 0.319190 0.104806 -0.007059 0.000000 0.000000 0.000000 0.000000 0.000000 0.000000 0.000000 0.000000 0.000000 0.000000 0.000000 0.000000 0.000000 0.000000 0.000000 0.000000 0.000000 0.000000 0.000000 0.000000 0.000000 0.000000 0.000000 0.000000 0.000000 0.000000 0.000000 0.000000 0.000000 0.000000 0.000000
0.000000 0.000000 0.000000 0.000000 0.000000 0.000000 0.012507 0.017168 0.066177 0.083784 0.120844 0.144774 0.176034 0.193786 0.216339 0.206068 0.206955 0.076747 0.044164 0.000000 0.000000 0.000000 0.000000 0.000000 0.000000 0.000000 0.000000 0.000000 0.000000 0.000000 0.000000 0.000000 0.000000 0.000000 0.000000 0.000000 0.000000 0.000000 0.000000 0.000000 0.000000 0.000000 0.000000 0.000000 0.000000 0.000000 0.000000 0.000000 0.000000 0.000000
0.000000 0.000000 0.000000 0.000000 0.000000 0.000000 0.010407 0.010860 0.057811 0.071974 0.103001 0.121590 0.143995 0.155047 0.165455 0.152249 0.140817 0.055328 -0.000970 0.000000 0.000000 0.000000 0.000000 0.000000 0.000000 0.000000 0.000000 0.000000 0.000000 0.000000 0.000000 0.000000 0.000000 0.000000 0.000000 0.000000 0.000000 0.000000 0.000000 0.000000 0.000000 0.000000 0.000000 0.000000 0.000000 0.000000 0.000000 0.000000 0.000000 0.000000
0.000000 0.000000 0.000000 0.000000 0.000000 0.000000 0.006334 0.010523 0.049760 0.061338 0.086980 0.101180 0.118191 0.124708 0.130638 0.116297 0.103950 0.196835 0.021528 0.000000 0.000000 0.000000 0.000000 0.000000 0.000000 0.000000 0.000000 0.000000 0.000000 0.000000 0.000000 0.000000 0.000000 0.000000 0.000000 0.000000 0.000000 0.000000 0.000000 0.000000 0.000000 0.000000 0.000000 0.000000 0.000000 0.000000 0.000000 0.000000 0.000000 0.000000
0.000000 0.000000 0.000000 0.000000 0.000000 0.000000 -0.015669 0.013557 0.042171 0.052413 0.072570 0.083199 0.094737 0.097354 0.098201 0.083738 0.075205 0.018915 -0.007557 0.000000 0.000000 0.000000 0.000000 0.000000 0.000000 0.000000 0.000000 0.000000 0.000000 0.000000 0.000000 0.000000 0.000000 0.000000 0.000000 0.000000 0.000000 0.000000 0.000000 0.000000 0.000000 0.000000 0.000000 0.000000 0.000000 0.000000 0.000000 0.000000 0.000000 0.000000
0.000000 0.000000 0.000000 0.000000 0.000000 0.000000 -0.007698 0.010033 0.036089 0.044971 0.061904 0.070025 0.078985 0.080005 0.079557 0.066759 0.055884 0.020580 0.001922 0.000000 0.000000 0.000000 0.000000 0.000000 0.000000 0.000000 0.000000 0.000000 0.000000 0.000000 0.000000 0.000000 0.000000 0.000000 0.000000 0.000000 0.000000 0.000000 0.000000 0.000000 0.000000 0.000000 0.000000 0.000000 0.000000 0.000000 0.000000 0.000000 0.000000 0.000000
0.000000 0.000000 0.000000 0.000000 0.000000 0.000000 0.006567 0.003589 0.031642 0.039018 0.053540 0.058945 0.065203 0.064322 0.062446 0.051237 0.044583 0.006963 0.003791 0.000000 0.000000 0.000000 0.000000 0.000000 0.000000 0.000000 0.000000 0.000000 0.000000 0.000000 0.000000 0.000000 0.000000 0.000000 0.000000 0.000000 0.000000 0.000000 0.000000 0.000000 0.000000 0.000000 0.000000 0.000000 0.000000 0.000000 0.000000 0.000000 0.000000 0.000000
0.000000 0.000000 0.000000 0.000000 0.000000 0.000000 0.006306 0.001901 0.029918 0.034921 0.048255 0.052121 0.056817 0.055220 0.052407 0.042872 0.033950 0.007495 -0.003654 0.000000 0.000000 0.000000 0.000000 0.000000 0.000000 0.000000 0.000000 0.000000 0.000000 0.000000 0.000000 0.000000 0.000000 0.000000 0.000000 0.000000 0.000000 0.000000 0.000000 0.000000 0.000000 0.000000 0.000000 0.000000 0.000000 0.000000 0.000000 0.000000 0.000000 0.000000
0.000000 0.000000 0.000000 0.000000 0.000000 0.000000 0.006463 -0.000145 0.029035 0.033640 0.045195 0.048134 0.051106 0.048248 0.045054 0.035579 0.029396 0.005594 -0.009085 0.000000 0.000000 0.000000 0.000000 0.000000 0.000000 0.000000 0.000000 0.000000 0.000000 0.000000 0.000000 0.000000 0.000000 0.000000 0.000000 0.000000 0.000000 0.000000 0.000000 0.000000 0.000000 0.000000 0.000000 0.000000 0.000000 0.000000 0.000000 0.000000 0.000000 0.000000
0.000000 0.000000 0.000000 0.000000 0.000000 0.000000 0.000535 0.022496 0.029082 0.032848 0.044570 0.045536 0.048579 0.044552 0.040837 0.031769 0.024747 0.004967 -0.019400 0.000000 0.000000 0.000000 0.000000 0.000000 0.000000 0.000000 0.000000 0.000000 0.000000 0.000000 0.000000 0.000000 0.000000 0.000000 0.000000 0.000000 0.000000 0.000000 0.000000 0.000000 0.000000 0.000000 0.000000 0.000000 0.000000 0.000000 0.000000 0.000000 0.000000 0.000000
0.000000 0.000000 0.000000 0.000000 0.000000 0.000000 0.010566 -0.003156 0.029819 0.034251 0.046977 0.046520 0.048745 0.043002 0.038596 0.029017 0.022392 -0.000379 -0.002598 0.000000 0.000000 0.000000 0.000000 0.000000 0.000000 0.000000 0.000000 0.000000 0.000000 0.000000 0.000000 0.000000 0.000000 0.000000 0.000000 0.000000 0.000000 0.000000 0.000000 0.000000 0.000000 0.000000 0.000000 0.000000 0.000000 0.000000 0.000000 0.000000 0.000000 0.000000
0.000000 0.000000 0.000000 0.000000 0.000000 0.000000 -0.009343 -0.007369 0.030883 0.037441 0.052784 0.050282 0.051855 0.043870 0.038323 0.027852 0.021099 0.010476 -0.001441 0.000000 0.000000 0.000000 0.000000 0.000000 0.000000 0.000000 0.000000 0.000000 0.000000 0.000000 0.000000 0.000000 0.000000 0.000000 0.000000 0.000000 0.000000 0.000000 0.000000 0.000000 0.000000 0.000000 0.000000 0.000000 0.000000 0.000000 0.000000 0.000000 0.000000 0.000000
0.000000 0.000000 0.000000 0.000000 0.000000 0.000000 0.003971 0.001904 0.035590 0.046005 0.064586 0.058125 0.058383 0.047127 0.039438 0.027796 0.019529 0.010465 -0.011056 0.000000 0.000000 0.000000 0.000000 0.000000 0.000000 0.000000 0.000000 0.000000 0.000000 0.000000 0.000000 0.000000 0.000000 0.000000 0.000000 0.000000 0.000000 0.000000 0.000000 0.000000 0.000000 0.000000 0.000000 0.000000 0.000000 0.000000 0.000000 0.000000 0.000000 0.000000
0.000000 0.000000 0.000000 0.000000 0.000000 0.000000 -0.014593 -0.012278 0.052249 0.060389 0.084924 0.070733 0.068006 0.051916 0.041089 0.027849 0.018252 0.002635 0.010568 0.000000 0.000000 0.000000 0.000000 0.000000 0.000000 0.000000 0.000000 0.000000 0.000000 0.000000 0.000000 0.000000 0.000000 0.000000 0.000000 0.000000 0.000000 0.000000 0.000000 0.000000 0.000000 0.000000 0.000000 0.000000 0.000000 0.000000 0.000000 0.000000 0.000000 0.000000
0.000000 0.000000 0.000000 0.000000 0.000000 0.000000 -0.331431 -0.011770 0.104385 0.100966 0.124450 0.093446 0.082614 0.058860 0.042619 0.028830 0.016063 0.007698 -0.004320 0.000000 0.000000 0.000000 0.000000 0.000000 0.000000 0.000000 0.000000 0.000000 0.000000 0.000000 0.000000 0.000000 0.000000 0.000000 0.000000 0.000000 0.000000 0.000000 0.000000 0.000000 0.000000 0.000000 0.000000 0.000000 0.000000 0.000000 0.000000 0.000000 0.000000 0.000000
0.000000 0.000000 0.000000 0.000000 0.000000 0.000000 -0.126388 0.326993 0.246859 0.173759 0.177622 0.124680 0.096725 0.063131 0.041188 0.025101 0.013047 0.000367 -0.022461 0.000000 0.000000 0.000000 0.000000 0.000000 0.000000 0.000000 0.000000 0.000000 0.000000 0.000000 0.000000 0.000000 0.000000 0.000000 0.000000 0.000000 0.000000 0.000000 0.000000 0.000000 0.000000 0.000000 0.000000 0.000000 0.000000 0.000000 0.000000 0.000000 0.000000 0.000000
0.036014 0.322838 0.528167 0.817490 1.003259 1.440178 1.162669 0.859303 0.475617 0.382262 0.249044 0.171396 0.108069 0.066117 0.034693 0.020083 0.006920 0.006548 -0.026559 0.000000 0.000000 0.000000 0.000000 0.000000 0.000000 0.000000 0.000000 0.000000 0.000000 0.000000 0.000000 0.000000 0.000000 0.000000 0.000000 0.000000 0.000000 0.000000 0.000000 0.000000 0.000000 0.000000 0.000000 0.000000 0.000000 0.000000 0.000000 0.000000 0.000000 0.000000
0.026445 0.338765 0.383475 0.819100 0.995390 1.098090 1.947265 0.813171 0.570631 0.402230 0.258446 0.162278 0.093905 0.048707 0.015042 0.004791 -0.003117 0.003248 -0.000952 0.000000 0.000000 0.000000 0.000000 0.000000 0.000000 0.000000 0.000000 0.000000 0.000000 0.000000 0.000000 0.000000 0.000000 0.000000 0.000000 0.000000 0.000000 0.000000 0.000000 0.000000 0.000000 0.000000 0.000000 0.000000 0.000000 0.000000 0.000000 0.000000 0.000000 0.000000
0.017348 0.198252 0.438253 0.437338 0.613353 0.781556 0.829849 0.673580 0.499707 0.344672 0.221923 0.132169 0.060553 0.016993 -0.018519 -0.020903 -0.016017 0.002106 -0.011246 0.000000 0.000000 0.000000 0.000000 0.000000 0.000000 0.000000 0.000000 0.000000 0.000000 0.000000 0.000000 0.000000 0.000000 0.000000 0.000000 0.000000 0.000000 0.000000 0.000000 0.000000 0.000000 0.000000 0.000000 0.000000 0.000000 0.000000 0.000000 0.000000 0.000000 0.000000
0.016545 0.165286 0.344590 0.356255 0.471275 0.569039 0.588952 0.480210 0.361086 0.255647 0.154071 0.074007 0.004437 -0.036655 -0.070245 -0.063131 -0.037263 0.037904 0.023097 0.000000 0.000000 0.000000 0.000000 0.000000 0.000000 0.000000 0.000000 0.000000 0.000000 0.000000 0.000000 0.000000 0.000000 0.000000 0.000000 0.000000 0.000000 0.000000 0.000000 0.000000 0.000000 0.000000 0.000000 0.000000 0.000000 0.000000 0.000000 0.000000 0.000000 0.000000
0.012820 0.125178 0.247850 0.244548 0.336845 0.377810 0.396019 0.340324 0.262244 0.167626 0.077929 0.003345 -0.071391 -0.112532 -0.152789 -0.135716 -0.082823 0.208315 0.030557 0.000000 0.000000 0.000000 0.000000 0.000000 0.000000 0.000000 0.000000 0.000000 0.000000 0.000000 0.000000 0.000000 0.000000 0.000000 0.000000 0.000000 0.000000 0.000000 0.000000 0.000000 0.000000 0.000000 0.000000 0.000000 0.000000 0.000000 0.000000 0.000000 0.000000 0.000000
0.010950 0.094010 0.183845 0.188191 0.235840 0.261412 0.256282 0.206883 0.142949 0.068729 -0.012255 -0.085836 -0.168721 -0.215879 -0.275862 -0.239153 -0.230709 0.287321 0.413884 0.000000 0.000000 0.000000 0.000000 0.000000 0.000000 0.000000 0.000000 0.000000 0.000000 0.000000 0.000000 0.000000 0.000000 0.000000 0.000000 0.000000 0.000000 0.000000 0.000000 0.000000 0.000000 0.000000 0.000000 0.000000 0.000000 0.000000 0.000000 0.000000 0.000000 0.000000
0.009325 0.039243 0.120287 0.118036 0.151365 0.157035 0.147745 0.106657 0.050702 -0.017682 -0.097426 -0.177742 -0.265953 -0.348335 -0.445528 -0.553863 -0.594246 -1.617826 -0.091678 0.000000 0.000000 0.000000 0.000000 0.000000 0.000000 0.000000 0.000000 0.000000 0.000000 0.000000 0.000000 0.000000 0.000000 0.000000 0.000000 0.000000 0.000000 0.000000 0.000000 0.000000 0.000000 0.000000 0.000000 0.000000 0.000000 0.000000 0.000000 0.000000 0.000000 0.000000
0.006320 0.030995 0.068663 0.082385 0.083413 0.065425 0.025960 0.024710 -0.029430 -0.097520 -0.179328 -0.267217 -0.377393 -0.500411 -0.634679 -0.833682 -1.094687 -3.084276 -2.508844 -2.395310 -1.816515 -1.506153 -1.470891 -1.394423 -1.231345 -1.181616 -1.081963 -1.046986 -0.945355 -0.957736 -0.848829 -0.781967 -0.730660 -0.675729 -0.642632 -0.619676 -0.563737 -0.525379 -0.442097 -0.407109 -0.397021 -0.372047 -0.285488 -0.237026 -0.235202 -0.190380 -0.161864 -0.119106 -0.059568 -0.025684
-0.021377 0.027593 0.031972 0.028299 0.030807 0.016554 -0.008242 -0.049183 -0.103584 -0.168194 -0.244069 -0.329045 -0.431387 -0.547553 -0.693835 -0.884821 -1.130456 -1.528519 -2.192628 -1.945285 -1.709421 -1.512523 -1.347815 -1.290586 -1.223598 -1.088497 -1.024595 -0.964802 -0.915675 -0.858829 -0.814026 -0.766316 -0.721280 -0.671995 -0.630424 -0.584829 -0.565961 -0.521067 -0.481771 -0.454633 -0.388271 -0.346467 -0.301675 -0.265915 -0.239951 -0.180264 -0.156383 -0.098533 -0.051187 -0.024873
-0.004378 -0.011878 0.000580 -0.002945 -0.012307 -0.033438 -0.064910 -0.108214 -0.161399 -0.225252 -0.301474 -0.387587 -0.489865 -0.604916 -0.742059 -0.899059 -1.066996 -1.286762 -1.530734 -1.552401 -1.450437 -1.377954 -1.285290 -1.207529 -1.132381 -1.066872 -1.006160 -0.950598 -0.897896 -0.847397 -0.799305 -0.753197 -0.708001 -0.664154 -0.621088 -0.578362 -0.536153 -0.494147 -0.452665 -0.411405 -0.370076 -0.329332 -0.287795 -0.247467 -0.205168 -0.166365 -0.122259 -0.120063 -0.053415 -0.001955
0.030996 -0.020894 -0.026002 -0.027601 -0.048268 -0.072926 -0.108600 -0.151852 -0.206047 -0.268650 -0.342307 -0.424422 -0.519730 -0.625078 -0.747246 -0.881272 -1.029186 -1.171124 -1.319838 -1.339786 -1.309397 -1.272065 -1.209329 -1.155307 -1.095123 -1.040854 -0.986518 -0.936000 -0.886684 -0.839310 -0.793500 -0.748586 -0.704634 -0.661414 -0.618786 -0.576550 -0.534690 -0.493079 -0.451816 -0.410569 -0.369327 -0.328528 -0.287006 -0.246679 -0.203902 -0.165466 -0.118827 -0.116378 -0.049846 -0.007391
0.012850 -0.000601 -0.045206 -0.046407 -0.076381 -0.103890 -0.144299 -0.188679 -0.243278 -0.304929 -0.376140 -0.454891 -0.543551 -0.639270 -0.744696 -0.854267 -0.967089 -1.074271 -1.181093 -1.216897 -1.202028 -1.186667 -1.145361 -1.104926 -1.057953 -1.012023 -0.965256 -0.919597 -0.874351 -0.829877 -0.786125 -0.742996 -0.700345 -0.658156 -0.616312 -0.574706 -0.533367 -0.492180 -0.451187 -0.410290 -0.369454 -0.328744 -0.287869 -0.247353 -0.205926 -0.166274 -0.122203 -0.119604 -0.048991 0.000075
0.006988 -0.030178 -0.064642 -0.066772 -0.101764 -0.127478 -0.174298 -0.215274 -0.272298 -0.331918 -0.400045 -0.474087 -0.555445 -0.641717 -0.734403 -0.827590 -0.922960 -1.002589 -1.081180 -1.118006 -1.119511 -1.112983 -1.086932 -1.058194 -1.021484 -0.983750 -0.943290 -0.902587 -0.861135 -0.819697 -0.778235 -0.736803 -0.695505 -0.654288 -0.613210 -0.572189 -0.531303 -0.490443 -0.449651 -0.408849 -0.368145 -0.327285 -0.286474 -0.245381 -0.204037 -0.162474 -0.119743 -0.116525 -0.043943 -0.008804
0.020593 -0.035905 -0.079282 -0.082165 -0.114076 -0.149971 -0.193139 -0.239588 -0.294407 -0.351898 -0.416844 -0.486591 -0.561804 -0.639939 -0.721085 -0.800436 -0.879204 -0.945636 -1.001753 -1.039208 -1.050291 -1.051707 -1.036818 -1.016280 -0.988111 -0.956900 -0.922238 -0.885967 -0.848132 -0.809566 -0.770362 -0.730697 -0.690798 -0.650674 -0.610465 -0.570138 -0.529925 -0.489664 -0.449374 -0.409017 -0.369040 -0.328363 -0.288850 -0.247489 -0.207457 -0.165843 -0.120640 -0.122821 -0.045354 -0.003265
0.024053 -0.049980 -0.088007 -0.094256 -0.130311 -0.161932 -0.209115 -0.254403 -0.308772 -0.364354 -0.427845 -0.492972 -0.564798 -0.636764 -0.710122 -0.780486 -0.849425 -0.907398 -0.953465 -0.984920 -0.999942 -1.004574 -0.996512 -0.981787 -0.959619 -0.933600 -0.903496 -0.870993 -0.836088 -0.799987 -0.762767 -0.724558 -0.685867 -0.646604 -0.607063 -0.567184 -0.527341 -0.487215 -0.446832 -0.406270 -0.366100 -0.324655 -0.284927 -0.241861 -0.202901 -0.158102 -0.116131 -0.118977 -0.031350 0.000486
-0.000342 -0.025629 -0.083680 -0.102966 -0.139119 -0.182192 -0.225663 -0.273435 -0.324512 -0.378800 -0.436687 -0.496688 -0.559329 -0.623289 -0.687015 -0.749012 -0.807143 -0.862250 -0.904284 -0.937803 -0.955729 -0.964598 -0.962310 -0.952518 -0.935237 -0.913261 -0.886908 -0.857629 -0.825250 -0.791257 -0.755900 -0.718993 -0.681368 -0.642958 -0.604054 -0.564609 -0.525439 -0.486318 -0.446258 -0.406382 -0.366259 -0.326905 -0.286260 -0.248723 -0.207065 -0.165106 -0.126992 -0.135597 -0.050259 -0.002506
-0.008173 -0.049886 -0.081849 -0.116724 -0.163381 -0.198822 -0.244562 -0.287094 -0.339106 -0.388925 -0.438753 -0.495558 -0.559298 -0.618435 -0.677458 -0.733336 -0.784898 -0.833878 -0.876237 -0.906274 -0.925996 -0.935851 -0.936767 -0.952713 -0.935346 -0.913253 -0.873282 -0.846273 -0.815697 -0.783778 -0.749728 -0.714003 -0.677349 -0.639633 -0.601128 -0.562292 -0.522958 -0.482615 -0.446580 -0.401795 -0.361544 -0.320965 -0.280447 -0.241191 -0.197303 -0.154342 -0.109370 -0.127654 -0.012172 -0.007604
-0.015487 -0.070059 -0.106118 -0.164736 -0.161406 -0.195850 -0.240664 -0.283545 -0.334058 -0.386422 -0.446188 -0.501461 -0.566236 -0.626190 -0.686884 -0.745603 -0.798637 -0.845670 -0.881865 -0.910081 -0.928126 -0.937541 -0.938014 -0.929199 -0.915351 -0.896533 -0.875584 -0.848415 -0.818432 -0.786117 -0.752033 -0.716463 -0.679820 -0.642117 -0.603824 -0.564819 -0.525161 -0.484910 -0.442121 -0.403072 -0.362453 -0.321089 -0.279462 -0.237179 -0.197099 -0.156562 -0.151637 -0.117458 -0.057357 0.009676
-0.016729 -0.056527 -0.125852 -0.156172 -0.197147 -0.240154 -0.257251 -0.333419 -0.384415 -0.411121 -0.497239 -0.548799 -0.604386 -0.632837 -0.684819 -0.735169 -0.779674 -0.819491 -0.851594 -0.875909 -0.933882 -0.899833 -0.942416 -0.928180 -0.881853 -0.905092 -0.842155 -0.816389 -0.787835 -0.756931 -0.724197 -0.690122 -0.654315 -0.653786 -0.579494 -0.541841 -0.519101 -0.503378 -0.451235 -0.413820 -0.371998 -0.329819 -0.280699 -0.287433 -0.208543 -0.170202 -0.116412 -0.074221 -0.005957 -0.074511
-0.050620 -0.013839 -0.000964 -0.023970 -0.002800 -0.015122 -0.061892 -0.106345 -0.086809 -0.163378 -0.108301 -0.094284 -0.103098 -0.154512 -0.359570 -0.130167 -0.139681 -0.184749 -0.251245 -0.244246 -0.171799 -0.268094 -0.232768 -0.689689 -0.202604 -0.689421 -0.451614 -0.441961 -0.239499 -0.272105 -0.388278 -0.134738 -0.010501 -0.009988 -0.013357 -0.109863 -0.131534 -0.008524 -0.237657 -0.217648 -0.087422 -0.069306 -0.080481 -0.002108 -0.102577 -0.083112 -0.067980 -0.076474 -0.044368 0.048541
