3.037
3.162
3.309
3.318
3.418
3.579
3.657
3.680
3.689
3.694
3.699
3.722
3.764
3.768
3.769
3.803
3.825
3.825
3.831
3.838
3.843
3.844
3.844
3.847
3.853
3.859
3.866
3.872
3.887
3.892
3.899
3.902
3.902
3.904
3.906
3.908
3.912
3.912
3.920
3.920
3.923
3.924
3.926
3.931
3.934
3.954
3.966
3.967
3.972
3.989
3.992
3.995
4.011
4.012
4.018
4.018
4.023
4.029
4.034
4.034
4.034
4.047
4.056
4.056
4.066
4.071
4.076
4.077
4.083
4.087
4.089
4.093
4.094
4.100
4.101
4.121
4.138
4.147
4.169
4.172
4.189
4.198
4.200
4.202
4.206
4.224
4.233
4.239
4.256
4.267
4.280
4.289
4.293
4.317
4.324
4.324
4.329
4.340
4.343
4.347