1.045
1.082
1.131
1.135
1.220
1.267
1.276
1.287
1.291
1.298
1.307
1.307
1.311
1.333
1.336
1.337
1.347
1.348
1.348
1.349
1.354
1.369
1.372
1.382
1.385
1.394
1.396
1.398
1.401
1.402
1.403
1.405
1.412
1.417
1.419
1.420
1.426
1.429
1.433
1.438
1.451
1.457
1.457
1.458
1.459
1.462
1.463
1.466
1.468
1.471
1.472
1.472
1.473
1.476
1.477
1.480
1.480
1.481
1.482
1.483
1.484
1.491
1.491
1.500
1.500
1.500
1.500
1.507
1.509
1.511
1.511
1.511
1.515
1.515
1.517
1.525
1.527
1.529
1.532
1.534
1.534
1.536
1.537
1.538
1.539
1.543
1.543
1.545
1.546
1.547
1.550
1.551
1.552
1.553
1.554
1.556
1.556
1.557
1.558
1.558