2.094
2.289
2.421
2.569
2.617
2.641
2.648
2.662
2.717
2.749
2.772
2.777
2.777
2.779
2.809
2.845
2.855
2.873
2.882
2.885
2.913
2.917
2.926
2.930
2.934
2.936
2.939
2.949
2.959
2.965
2.974
2.978
2.985
2.985
2.990
3.012
3.013
3.014
3.015
3.015
3.033
3.033
3.034
3.035
3.036
3.037
3.041
3.048
3.052
3.068
3.069
3.080
3.085
3.088
3.091
3.104
3.109
3.113
3.116
3.119
3.128
3.130
3.131
3.135
3.140
3.146
3.149
3.154
3.160
3.162
3.162
3.170
3.188
3.191
3.193
3.198
3.208
3.211
3.218
3.222
3.229
3.234
3.248
3.254
3.260
3.267
3.270
3.274
3.282
3.286
3.286
3.289
3.298
3.298
3.300
3.300
3.304
3.306
3.309
3.311