1.135
1.298
1.333
1.349
1.394
1.426
1.433
1.438
1.462
1.466
1.468
1.500
1.511
1.527
1.546
1.552
1.557
1.567
1.589
1.596
1.600
1.600
1.604
1.606
1.614
1.620
1.623
1.625
1.626
1.627
1.632
1.632
1.644
1.655
1.656
1.658
1.660
1.662
1.663
1.667
1.668
1.678
1.678
1.698
1.699
1.709
1.710
1.714
1.721
1.721
1.726
1.731
1.732
1.738
1.745
1.745
1.755
1.755
1.757
1.762
1.765
1.765
1.768
1.771
1.774
1.776
1.776
1.778
1.784
1.791
1.794
1.796
1.799
1.806
1.806
1.808
1.808
1.818
1.821
1.825
1.826
1.827
1.827
1.829
1.830
1.831
1.833
1.834
1.838
1.840
1.842
1.844
1.844
1.847
1.851
1.857
1.858
1.859
1.859
1.860