3.657
3.764
3.847
3.899
4.012
4.023
4.189
4.198
4.200
4.202
4.224
4.233
4.267
4.289
4.293
4.317
4.324
4.329
4.340
4.343
4.347
4.384
4.384
4.387
4.392
4.413
4.416
4.421
4.432
4.435
4.438
4.447
4.449
4.450
4.452
4.453
4.457
4.461
4.472
4.474
4.475
4.480
4.481
4.483
4.483
4.485
4.485
4.485
4.486
4.493
4.494
4.496
4.500
4.504
4.505
4.509
4.511
4.512
4.528
4.528
4.528
4.533
4.539
4.543
4.546
4.546
4.547
4.553
4.557
4.558
4.563
4.567
4.568
4.571
4.571
4.577
4.579
4.584
4.587
4.588
4.595
4.595
4.600
4.600
4.602
4.607
4.610
4.618
4.625
4.629
4.629
4.629
4.633
4.636
4.640
4.642
4.646
4.646
4.647
4.653