1.135
1.333
1.462
1.468
1.500
1.511
1.527
1.546
1.567
1.596
1.600
1.604
1.606
1.620
1.626
1.627
1.632
1.655
1.656
1.660
1.662
1.663
1.667
1.668
1.678
1.698
1.699
1.710
1.714
1.726
1.731
1.745
1.762
1.765
1.765
1.776
1.778
1.784
1.791
1.796
1.799
1.808
1.808
1.818
1.821
1.825
1.826
1.827
1.829
1.830
1.831
1.844
1.844
1.851
1.857
1.858
1.859
1.860
1.863
1.864
1.864
1.864
1.865
1.871
1.883
1.886
1.889
1.895
1.898
1.901
1.908
1.910
1.911
1.916
1.917
1.919
1.920
1.921
1.925
1.925
1.933
1.936
1.938
1.942
1.943
1.943
1.944
1.946
1.953
1.954
1.957
1.963
1.965
1.965
1.967
1.968
1.979
1.980
1.981
1.983