1.916
1.965
1.981
1.988
2.047
2.050
2.094
2.220
2.289
2.290
2.334
2.343
2.344
2.358
2.390
2.414
2.420
2.421
2.427
2.429
2.451
2.459
2.460
2.464
2.469
2.501
2.511
2.518
2.519
2.523
2.526
2.536
2.537
2.547
2.547
2.550
2.550
2.559
2.569
2.582
2.583
2.593
2.593
2.597
2.601
2.603
2.610
2.615
2.617
2.630
2.632
2.641
2.648
2.648
2.651
2.661
2.661
2.662
2.674
2.675
2.680
2.683
2.689
2.690
2.691
2.695
2.707
2.717
2.731
2.749
2.751
2.753
2.756
2.764
2.767
2.772
2.772
2.773
2.777
2.777
2.779
2.782
2.783
2.804
2.808
2.809
2.810
2.827
2.834
2.845
2.855
2.868
2.869
2.873
2.873
2.874
2.882
2.885
2.893
2.902