1.468
1.500
1.511
1.527
1.546
1.596
1.600
1.620
1.655
1.656
1.660
1.662
1.663
1.668
1.698
1.699
1.710
1.714
1.726
1.745
1.762
1.765
1.765
1.784
1.796
1.799
1.808
1.818
1.821
1.827
1.829
1.831
1.844
1.851
1.857
1.858
1.859
1.860
1.863
1.864
1.864
1.864
1.865
1.871
1.886
1.889
1.895
1.898
1.908
1.911
1.916
1.919
1.920
1.925
1.925
1.933
1.936
1.942
1.943
1.944
1.946
1.953
1.963
1.965
1.965
1.967
1.979
1.980
1.981
1.983
1.983
1.988
1.989
1.990
1.991
1.992
1.993
1.996
1.997
1.999
1.999
2.000
2.002
2.006
2.008
2.008
2.010
2.010
2.012
2.023
2.025
2.025
2.034
2.034
2.034
2.035
2.046
2.047
2.050
2.054