3.657
3.764
3.899
4.023
4.189
4.198
4.202
4.233
4.289
4.329
4.340
4.343
4.384
4.384
4.392
4.421
4.432
4.438
4.449
4.452
4.453
4.457
4.474
4.475
4.483
4.483
4.485
4.486
4.496
4.500
4.509
4.511
4.543
4.546
4.547
4.553
4.557
4.558
4.579
4.595
4.595
4.610
4.629
4.629
4.633
4.636
4.646
4.646
4.665
4.668
4.675
4.676
4.678
4.684
4.686
4.692
4.704
4.705
4.713
4.717
4.718
4.719
4.726
4.734
4.751
4.756
4.757
4.763
4.779
4.788
4.802
4.804
4.805
4.811
4.823
4.825
4.826
4.827
4.830
4.831
4.833
4.841
4.844
4.855
4.863
4.868
4.871
4.874
4.880
4.925
4.970
4.979
4.979
4.987
4.992
5.002
5.007
5.009
5.030
5.039