1.784
1.858
1.911
1.916
1.943
1.944
1.965
1.981
1.983
1.988
1.993
2.023
2.025
2.047
2.050
2.069
2.071
2.094
2.116
2.129
2.132
2.209
2.220
2.225
2.235
2.239
2.250
2.251
2.289
2.290
2.292
2.297
2.301
2.302
2.306
2.312
2.318
2.333
2.334
2.342
2.343
2.344
2.346
2.352
2.352
2.358
2.367
2.373
2.376
2.376
2.385
2.388
2.389
2.389
2.390
2.392
2.405
2.412
2.414
2.416
2.420
2.421
2.424
2.426
2.427
2.427
2.427
2.429
2.433
2.438
2.439
2.445
2.446
2.447
2.447
2.451
2.454
2.459
2.460
2.460
2.461
2.463
2.464
2.465
2.467
2.468
2.469
2.472
2.472
2.492
2.492
2.492
2.492
2.493
2.494
2.497
2.499
2.499
2.501
2.504