1.500
1.546
1.668
1.765
1.784
1.796
1.818
1.831
1.857
1.858
1.864
1.864
1.865
1.871
1.886
1.895
1.898
1.908
1.911
1.916
1.920
1.925
1.936
1.943
1.944
1.965
1.981
1.983
1.983
1.988
1.989
1.991
1.993
1.999
2.002
2.010
2.023
2.025
2.034
2.034
2.035
2.047
2.050
2.054
2.059
2.062
2.069
2.071
2.071
2.088
2.094
2.115
2.116
2.122
2.126
2.129
2.132
2.139
2.142
2.153
2.158
2.160
2.201
2.201
2.202
2.202
2.209
2.211
2.217
2.217
2.219
2.220
2.225
2.228
2.232
2.235
2.239
2.244
2.246
2.248
2.250
2.251
2.252
2.264
2.267
2.271
2.277
2.283
2.289
2.290
2.292
2.292
2.295
2.297
2.301
2.302
2.303
2.306
2.306
2.307