3.657
3.899
4.023
4.189
4.233
4.289
4.329
4.340
4.343
4.384
4.392
4.449
4.452
4.453
4.457
4.474
4.475
4.483
4.485
4.486
4.496
4.500
4.509
4.511
4.543
4.547
4.553
4.557
4.558
4.579
4.595
4.595
4.629
4.633
4.636
4.646
4.646
4.668
4.676
4.678
4.684
4.686
4.692
4.705
4.719
4.804
4.823
4.863
4.868
4.970
4.979
4.979
5.039
5.129
5.160
5.165
5.217
5.221
5.225
5.247
5.267
5.267
5.279
5.289
5.298
5.328
5.360
5.396
5.396
5.407
5.423
5.440
5.533
5.593
5.670
5.677
5.729
5.766
5.804
5.831
5.929
5.968
6.017
6.023
6.100
6.139
6.149
6.152
6.206
6.215
6.258
6.274
6.289
6.342
6.390
6.395
6.404
6.406
6.408
6.412