1.500
1.546
1.656
1.663
1.668
1.699
1.726
1.765
1.784
1.796
1.818
1.829
1.831
1.857
1.858
1.864
1.864
1.864
1.865
1.871
1.886
1.895
1.898
1.908
1.911
1.916
1.920
1.925
1.933
1.936
1.943
1.944
1.965
1.981
1.983
1.983
1.988
1.989
1.991
1.993
1.999
2.000
2.002
2.006
2.008
2.008
2.010
2.010
2.023
2.025
2.034
2.034
2.035
2.046
2.047
2.050
2.054
2.059
2.062
2.064
2.068
2.069
2.071
2.071
2.088
2.094
2.105
2.115
2.116
2.122
2.126
2.129
2.132
2.139
2.139
2.142
2.151
2.153
2.158
2.160
2.164
2.165
2.172
2.183
2.183
2.200
2.201
2.201
2.202
2.202
2.209
2.211
2.217
2.217
2.217
2.219
2.220
2.225
2.225
2.227