3.037
3.128
3.162
3.248
3.267
3.309
3.318
3.334
3.343
3.360
3.387
3.396
3.410
3.412
3.418
3.449
3.461
3.481
3.484
3.485
3.498
3.529
3.536
3.538
3.545
3.549
3.552
3.557
3.562
3.579
3.580
3.581
3.585
3.586
3.590
3.596
3.606
3.612
3.617
3.618
3.619
3.621
3.622
3.631
3.633
3.650
3.657
3.669
3.680
3.683
3.683
3.684
3.689
3.694
3.699
3.704
3.722
3.727
3.738
3.755
3.764
3.768
3.769
3.790
3.803
3.816
3.821
3.825
3.825
3.831
3.835
3.838
3.843
3.844
3.844
3.847
3.853
3.859
3.863
3.866
3.872
3.872
3.887
3.892
3.899
3.902
3.902
3.904
3.906
3.908
3.912
3.912
3.920
3.920
3.923
3.924
3.926
3.931
3.934
3.941