2.094
2.289
2.421
2.460
2.547
2.547
2.569
2.617
2.641
2.648
2.651
2.661
2.662
2.674
2.689
2.717
2.749
2.753
2.756
2.764
2.767
2.772
2.777
2.777
2.779
2.782
2.783
2.808
2.809
2.810
2.834
2.845
2.855
2.868
2.869
2.873
2.882
2.885
2.893
2.902
2.913
2.917
2.922
2.926
2.930
2.934
2.936
2.939
2.949
2.956
2.959
2.959
2.961
2.965
2.967
2.974
2.978
2.985
2.985
2.990
2.995
2.998
3.005
3.011
3.012
3.013
3.014
3.014
3.015
3.015
3.025
3.030
3.033
3.033
3.034
3.035
3.036
3.037
3.041
3.048
3.052
3.052
3.054
3.068
3.069
3.070
3.079
3.080
3.082
3.082
3.083
3.085
3.088
3.091
3.097
3.104
3.109
3.113
3.114
3.116