1.135
1.298
1.307
1.333
1.349
1.394
1.402
1.403
1.420
1.426
1.433
1.438
1.462
1.466
1.468
1.472
1.482
1.500
1.500
1.511
1.527
1.543
1.546
1.552
1.556
1.557
1.558
1.567
1.572
1.575
1.585
1.589
1.592
1.596
1.600
1.600
1.604
1.604
1.605
1.606
1.614
1.620
1.621
1.623
1.625
1.626
1.627
1.627
1.632
1.632
1.644
1.655
1.656
1.658
1.660
1.662
1.663
1.667
1.667
1.668
1.678
1.678
1.684
1.687
1.692
1.698
1.699
1.709
1.710
1.713
1.714
1.717
1.721
1.721
1.723
1.726
1.728
1.731
1.732
1.732
1.738
1.739
1.740
1.745
1.745
1.755
1.755
1.757
1.762
1.765
1.765
1.768
1.771
1.774
1.776
1.776
1.778
1.784
1.788
1.791