1.045
1.082
1.135
1.220
1.267
1.287
1.291
1.298
1.307
1.307
1.311
1.333
1.336
1.337
1.348
1.349
1.369
1.382
1.394
1.398
1.402
1.403
1.419
1.420
1.426
1.429
1.433
1.438
1.451
1.457
1.457
1.459
1.462
1.463
1.466
1.468
1.471
1.472
1.472
1.473
1.476
1.480
1.481
1.482
1.483
1.484
1.491
1.491
1.500
1.500
1.500
1.509
1.511
1.515
1.525
1.527
1.529
1.534
1.537
1.538
1.539
1.543
1.543
1.546
1.547
1.550
1.551
1.552
1.553
1.554
1.556
1.556
1.557
1.558
1.558
1.567
1.570
1.570
1.571
1.572
1.574
1.575
1.577
1.579
1.585
1.587
1.589
1.589
1.592
1.594
1.596
1.600
1.600
1.604
1.604
1.605
1.606
1.611
1.611
1.614