2.094
2.421
2.777
2.779
2.845
2.882
2.913
2.926
2.930
2.934
2.936
2.939
2.949
2.959
2.965
2.974
2.985
3.013
3.014
3.015
3.015
3.037
3.052
3.068
3.069
3.080
3.085
3.088
3.091
3.119
3.128
3.135
3.140
3.149
3.154
3.160
3.162
3.170
3.188
3.191
3.193
3.198
3.208
3.211
3.229
3.248
3.267
3.270
3.274
3.282
3.286
3.286
3.289
3.298
3.298
3.300
3.306
3.309
3.311
3.318
3.334
3.343
3.349
3.354
3.355
3.360
3.360
3.368
3.374
3.376
3.386
3.387
3.396
3.410
3.412
3.418
3.424
3.427
3.432
3.437
3.439
3.448
3.449
3.461
3.472
3.475
3.481
3.484
3.485
3.488
3.493
3.495
3.498
3.501
3.524
3.529
3.536
3.538
3.538
3.545