3.015
3.037
3.128
3.162
3.188
3.198
3.229
3.248
3.267
3.309
3.318
3.334
3.343
3.360
3.360
3.374
3.386
3.387
3.396
3.410
3.412
3.418
3.424
3.448
3.449
3.461
3.481
3.484
3.485
3.493
3.498
3.529
3.536
3.538
3.538
3.545
3.549
3.552
3.557
3.559
3.562
3.562
3.574
3.579
3.579
3.580
3.581
3.585
3.586
3.590
3.594
3.596
3.606
3.612
3.617
3.617
3.618
3.619
3.621
3.622
3.631
3.633
3.646
3.650
3.657
3.660
3.669
3.680
3.683
3.683
3.684
3.688
3.689
3.694
3.698
3.699
3.704
3.704
3.721
3.722
3.726
3.727
3.736
3.738
3.749
3.749
3.755
3.755
3.761
3.764
3.768
3.769
3.769
3.771
3.787
3.790
3.796
3.797
3.803
3.804