1.916
1.965
1.981
1.988
1.993
2.047
2.050
2.094
2.220
2.289
2.290
2.334
2.343
2.344
2.346
2.358
2.390
2.414
2.420
2.421
2.426
2.427
2.429
2.438
2.451
2.459
2.460
2.464
2.469
2.501
2.510
2.511
2.518
2.519
2.523
2.526
2.536
2.537
2.547
2.547
2.550
2.550
2.559
2.569
2.569
2.582
2.583
2.590
2.591
2.592
2.593
2.593
2.597
2.601
2.603
2.605
2.610
2.614
2.615
2.617
2.626
2.630
2.632
2.636
2.641
2.648
2.648
2.651
2.661
2.661
2.662
2.670
2.674
2.675
2.675
2.680
2.683
2.687
2.689
2.689
2.690
2.691
2.695
2.707
2.717
2.731
2.732
2.740
2.749
2.751
2.751
2.753
2.756
2.760
2.764
2.764
2.767
2.770
2.772
2.772