env_min(m) 0.0000 0.0000 0.0000
env_max(m) 10.0000 10.0000 3.0000
NumCells_XYZ 100 100 30
CellSizes_XYZ[m] 0.1000 0.1000 0.1000
GasSourceLocation_XYZ[m] 9.2143 1.8571 0.5000
GasType ethanol
Cell_x	 Cell_y	 Cell_z	 Gas_conc[10^⁻3ppm]	 Wind_u[10^⁻3m/s]	 Wind_v[10^⁻3m/s]	 Wind_w[10^⁻3m/s]
2 2 0 0 -43 534 -45
2 3 0 0 -19 474 3
2 4 0 0 -6 548 32
2 5 0 0 -11 537 11
2 6 0 0 1 547 8
2 7 0 0 0 549 -8
2 8 0 0 -1 570 10
2 9 0 0 0 558 2
2 10 0 0 2 580 9
2 11 0 0 2 573 3
2 12 0 0 2 594 9
2 13 0 0 2 579 4
2 14 0 0 2 603 9
2 15 0 0 2 586 4
2 16 0 0 2 608 9
2 17 0 0 3 587 4
2 18 0 0 3 609 9
2 19 0 0 3 585 5
2 20 0 0 4 605 9
2 21 0 0 3 577 6
2 22 0 0 6 595 9
2 23 0 0 3 564 8
2 24 0 0 6 579 10
2 25 0 0 3 544 11
2 26 0 0 6 555 10
2 27 0 0 3 518 15
2 28 0 0 7 521 10
2 29 0 0 3 485 17
2 30 0 0 9 479 10
2 31 0 0 4 447 16
2 32 0 0 9 432 9
2 33 0 0 4 404 18
2 34 0 0 8 379 5
2 35 0 0 5 353 23
2 36 0 0 7 320 3
2 37 0 0 5 297 25
2 38 0 0 6 246 3
2 39 0 0 0 235 29
2 40 0 0 6 185 10
2 41 0 0 -1 174 31
2 42 0 0 4 140 11
2 43 0 0 0 125 28
2 44 0 0 3 102 8
2 45 0 0 0 88 25
2 46 0 0 4 73 4
2 47 0 0 0 61 20
2 48 0 0 2 50 0
2 49 0 0 0 40 15
2 50 0 0 2 35 -1
2 51 0 0 0 27 10
2 52 0 0 1 23 -1
2 53 0 0 0 18 7
2 54 0 0 0 15 -1
2 55 0 0 0 12 5
2 56 0 0 0 10 -1
2 57 0 0 1 13 0
2 58 0 0 0 6 -1
2 59 0 0 0 5 2
2 60 0 0 0 4 0
2 61 0 0 0 3 1
2 62 0 0 0 3 0
2 63 0 0 0 2 1
2 64 0 0 0 2 0
2 65 0 0 0 1 0
2 66 0 0 0 1 0
2 67 0 0 0 1 0
2 68 0 0 0 0 0
2 69 0 0 0 0 0
2 70 0 0 0 0 0
2 71 0 0 0 0 0
2 72 0 0 0 0 0
2 73 0 0 0 0 0
2 74 0 0 0 0 0
2 75 0 0 0 0 0
2 76 0 0 0 0 0
2 77 0 0 0 0 0
2 78 0 0 0 0 0
2 79 0 0 0 0 0
2 80 0 0 0 0 0
2 81 0 0 0 0 0
2 82 0 0 0 0 0
2 83 0 0 0 0 0
2 84 0 0 0 0 0
2 85 0 0 0 0 0
2 86 0 0 0 0 0
2 87 0 0 0 0 0
2 88 0 0 0 0 0
2 89 0 0 0 0 0
2 90 0 0 0 0 0
2 91 0 0 0 0 0
2 92 0 0 0 0 0
2 93 0 0 0 0 0
2 94 0 0 0 0 0
2 95 0 0 0 0 0
2 96 0 0 0 0 0
2 97 0 0 0 0 0
3 2 0 0 -51 490 5
3 3 0 0 -48 515 12
3 4 0 0 6 514 27
3 5 0 0 -42 514 -4
3 6 0 0 12 530 0
3 7 0 0 -42 545 -6
3 8 0 0 15 556 3
3 9 0 0 -35 562 -6
3 10 0 0 16 561 1
3 11 0 0 -35 572 -6
3 12 0 0 18 581 3
3 13 0 0 -33 585 -5
3 14 0 0 21 585 1
3 15 0 0 -31 592 -6
3 16 0 0 22 596 3
3 17 0 0 -29 599 -5
3 18 0 0 25 598 2
3 19 0 0 -27 600 -5
3 20 0 0 28 598 2
3 21 0 0 -24 599 -5
3 22 0 0 31 592 2
3 23 0 0 -20 592 -5
3 24 0 0 35 580 3
3 25 0 0 -16 580 -4
3 26 0 0 40 561 3
3 27 0 0 -12 560 -4
3 28 0 0 45 533 3
3 29 0 0 -7 533 -3
3 30 0 0 52 491 5
3 31 0 0 0 487 0
3 32 0 0 55 441 9
3 33 0 0 5 430 2
3 34 0 0 59 383 9
3 35 0 0 11 357 7
3 36 0 0 58 322 14
3 37 0 0 15 289 7
3 38 0 0 57 258 9
3 39 0 0 19 222 4
3 40 0 0 53 199 6
3 41 0 0 19 164 4
3 42 0 0 43 145 5
3 43 0 0 14 119 3
3 44 0 0 34 104 4
3 45 0 0 12 82 2
3 46 0 0 24 72 2
3 47 0 0 7 58 1
3 48 0 0 18 50 2
3 49 0 0 6 39 1
3 50 0 0 12 33 1
3 51 0 0 3 27 0
3 52 0 0 9 23 1
3 53 0 0 2 18 0
3 54 0 0 6 15 0
3 55 0 0 1 12 0
3 56 0 0 4 10 0
3 57 0 0 1 8 0
3 58 0 0 2 6 0
3 59 0 0 0 5 0
3 60 0 0 1 4 0
3 61 0 0 0 3 0
3 62 0 0 1 3 0
3 63 0 0 0 2 0
3 64 0 0 0 2 0
3 65 0 0 0 1 0
3 66 0 0 0 1 0
3 67 0 0 0 1 0
3 68 0 0 0 0 0
3 69 0 0 0 0 0
3 70 0 0 0 0 0
3 71 0 0 0 0 0
3 72 0 0 0 0 0
3 73 0 0 0 0 0
3 74 0 0 0 0 0
3 75 0 0 0 0 0
3 76 0 0 0 0 0
3 77 0 0 0 0 0
3 78 0 0 0 0 0
3 79 0 0 0 0 0
3 80 0 0 0 0 0
3 81 0 0 0 0 0
3 82 0 0 0 0 0
3 83 0 0 0 0 0
3 84 0 0 0 0 0
3 85 0 0 0 0 0
3 86 0 0 0 0 0
3 87 0 0 0 0 0
3 88 0 0 0 0 0
3 89 0 0 0 0 0
3 90 0 0 0 0 0
3 91 0 0 0 0 0
3 92 0 0 0 0 0
3 93 0 0 0 0 0
3 94 0 0 0 0 0
3 95 0 0 0 0 0
3 96 0 0 0 0 0
3 97 0 0 0 0 0
4 2 0 0 -40 544 0
4 3 0 0 -12 497 35
4 5 0 0 0 507 16
4 7 0 0 -35 521 5
4 8 0 0 2 527 0
4 10 0 0 -16 529 0
4 12 0 0 -7 541 0
4 14 0 0 -7 543 -1
4 16 0 0 0 546 -1
4 19 0 0 4 543 -2
4 21 0 0 11 537 -2
4 23 0 0 18 525 -2
4 25 0 0 27 508 -3
4 27 0 0 37 485 -2
4 29 0 0 47 456 -1
4 31 0 0 60 419 0
4 33 0 0 71 375 0
4 35 0 0 81 325 0
4 37 0 0 85 269 1
4 39 0 0 85 213 0
4 41 0 0 77 157 0
4 43 0 0 61 112 0
4 45 0 0 47 79 0
4 47 0 0 34 54 0
4 49 0 0 25 37 0
4 51 0 0 17 25 0
4 53 0 0 12 17 0
4 55 0 0 8 11 0
4 57 0 0 5 7 0
4 59 0 0 3 5 0
4 61 0 0 2 3 0
4 63 0 0 1 2 0
4 65 0 0 1 1 0
4 67 0 0 0 1 0
4 69 0 0 0 0 0
4 71 0 0 0 0 0
4 73 0 0 0 0 0
4 75 0 0 0 0 0
4 77 0 0 0 0 0
4 79 0 0 0 0 0
4 81 0 0 0 0 0
4 83 0 0 0 0 0
4 85 0 0 0 0 0
4 87 0 0 0 0 0
4 89 0 0 0 0 0
4 91 0 0 0 0 0
4 93 0 0 0 0 0
4 95 0 0 0 0 0
4 96 0 0 0 0 0
4 97 0 0 0 0 0
5 2 0 0 -5 550 0
5 3 0 0 -56 520 21
5 96 0 0 0 0 0
5 97 0 0 0 0 0
6 2 0 0 -11 571 0
6 3 0 0 -18 540 44
6 5 0 0 -4 537 58
6 7 0 0 -40 517 7
6 8 0 0 -10 540 7
6 10 0 0 -24 542 0
6 12 0 0 -12 554 -1
6 14 0 0 -8 556 -1
6 16 0 0 1 560 0
6 18 0 0 10 556 0
6 21 0 0 22 551 0
6 23 0 0 34 539 0
6 25 0 0 48 523 0
6 27 0 0 63 500 0
6 29 0 0 79 471 0
6 31 0 0 98 433 0
6 33 0 0 113 389 1
6 35 0 0 129 336 1
6 36 0 0 136 275 2
6 38 0 0 134 210 0
6 40 0 0 123 145 1
6 42 0 0 93 95 1
6 45 0 0 73 62 1
6 65 0 0 1 0 0
6 67 0 0 1 0 0
6 69 0 0 0 0 0
6 71 0 0 0 0 0
6 72 0 0 0 0 0
6 74 0 0 0 0 0
6 76 0 0 0 0 0
6 79 0 0 0 0 0
6 81 0 0 0 0 0
6 83 0 0 0 0 0
6 85 0 0 0 0 0
6 87 0 0 0 0 0
6 89 0 0 0 0 0
6 91 0 0 0 0 0
6 93 0 0 0 0 0
6 95 0 0 0 0 0
6 96 0 0 0 0 0
6 97 0 0 0 0 0
7 2 0 0 -14 484 11
7 3 0 0 -68 536 42
7 47 0 0 50 40 0
7 49 0 0 36 26 0
7 51 0 0 24 17 0
7 53 0 0 17 11 0
7 55 0 0 11 7 0
7 57 0 0 7 4 0
7 59 0 0 5 3 0
7 61 0 0 3 2 0
7 63 0 0 2 1 0
7 96 0 0 0 0 0
7 97 0 0 0 0 0
8 2 0 0 -21 536 -4
8 3 0 0 -30 561 23
8 5 0 0 -34 542 64
8 7 0 0 -52 520 4
8 8 0 0 -32 551 5
8 10 0 0 -37 547 0
8 12 0 0 -15 564 -1
8 14 0 0 -12 565 -1
8 16 0 0 2 570 0
8 18 0 0 13 568 0
8 20 0 0 29 565 0
8 23 0 0 46 555 0
8 25 0 0 66 542 0
8 27 0 0 89 521 0
8 29 0 0 113 494 0
8 31 0 0 141 456 0
8 32 0 0 166 410 0
8 34 0 0 194 351 0
8 36 0 0 206 276 1
8 38 0 0 214 202 3
8 40 0 0 188 117 0
8 69 0 0 0 0 0
8 71 0 0 0 0 0
8 73 0 0 0 0 0
8 75 0 0 0 0 0
8 76 0 0 0 0 0
8 78 0 0 0 0 0
8 81 0 0 0 0 0
8 83 0 0 0 0 0
8 85 0 0 0 0 0
8 87 0 0 0 0 0
8 89 0 0 0 0 0
8 91 0 0 0 0 0
8 93 0 0 0 0 0
8 95 0 0 0 0 0
8 96 0 0 0 0 0
8 97 0 0 0 0 0
9 2 0 0 -6 593 4
9 3 0 0 -71 552 54
9 42 0 0 142 62 1
9 44 0 0 100 36 0
9 46 0 0 69 17 0
9 48 0 0 46 11 0
9 50 0 0 31 5 0
9 53 0 0 21 4 0
9 55 0 0 14 1 0
9 57 0 0 9 1 0
9 59 0 0 6 0 0
9 61 0 0 4 0 0
9 63 0 0 2 0 0
9 65 0 0 1 0 0
9 67 0 0 1 0 0
9 96 0 0 0 0 0
9 97 0 0 0 0 0
10 2 0 0 -49 549 -7
10 3 0 0 -44 561 48
10 5 0 0 -55 551 71
10 7 0 0 -60 520 4
10 8 0 0 -45 561 4
10 10 0 0 -44 545 -1
10 12 0 0 -23 574 0
10 14 0 0 -16 571 0
10 16 0 0 0 584 0
10 18 0 0 15 583 0
10 20 0 0 35 583 0
10 23 0 0 57 576 0
10 25 0 0 83 566 0
10 27 0 0 113 548 0
10 29 0 0 144 524 0
10 31 0 0 184 487 0
10 32 0 0 219 442 1
10 34 0 0 264 377 -2
10 36 0 0 284 296 1
10 38 0 0 287 195 -5
10 40 0 0 263 72 0
10 69 0 0 0 0 0
10 71 0 0 0 0 0
10 73 0 0 0 0 0
10 75 0 0 0 0 0
10 76 0 0 0 0 0
10 78 0 0 0 0 0
10 80 0 0 0 0 0
10 83 0 0 0 0 0
10 85 0 0 0 0 0
10 87 0 0 0 0 0
10 89 0 0 0 0 0
10 91 0 0 0 0 0
10 93 0 0 0 0 0
10 95 0 0 0 0 0
10 96 0 0 0 0 0
10 97 0 0 0 0 0
11 2 0 0 -27 546 6
11 3 0 0 -97 568 58
11 42 0 0 170 6 0
11 44 0 0 118 -11 -1
11 46 0 0 74 -13 0
11 48 0 0 49 -11 0
11 50 0 0 32 -8 0
11 52 0 0 21 -6 0
11 55 0 0 13 -4 0
11 57 0 0 9 -2 0
11 59 0 0 6 -2 0
11 61 0 0 3 -1 0
11 63 0 0 2 0 0
11 65 0 0 1 0 0
11 67 0 0 1 0 0
11 96 0 0 0 0 0
11 97 0 0 0 0 0
12 2 0 0 -63 545 0
12 3 0 0 -67 570 29
12 5 0 0 -76 546 65
12 7 0 0 -71 526 3
12 8 0 0 -61 568 4
12 10 0 0 -54 553 -2
12 12 0 0 -36 587 0
12 14 0 0 -24 585 0
12 16 0 0 -5 602 0
12 18 0 0 13 603 0
12 20 0 0 37 607 0
12 22 0 0 64 603 0
12 25 0 0 95 597 0
12 27 0 0 132 583 0
12 29 0 0 173 565 0
12 31 0 0 224 530 0
12 32 0 0 274 491 2
12 34 0 0 344 417 0
12 36 0 0 383 307 -5
12 38 0 0 444 182 -6
12 40 0 0 370 -4 -20
12 69 0 0 0 0 0
12 71 0 0 0 0 0
12 73 0 0 0 0 0
12 75 0 0 0 0 0
12 76 0 0 0 0 0
12 78 0 0 0 0 0
12 80 0 0 0 0 0
12 83 0 0 0 0 0
12 85 0 0 0 0 0
12 87 0 0 0 0 0
12 89 0 0 0 0 0
12 91 0 0 0 0 0
12 93 0 0 0 0 0
12 95 0 0 0 0 0
12 96 0 0 0 0 0
12 97 0 0 0 0 0
13 2 0 0 -48 537 9
13 3 0 0 -106 564 55
13 42 0 0 222 -85 -17
13 44 0 0 120 -58 -7
13 46 0 0 70 -49 -4
13 48 0 0 41 -30 -1
13 50 0 0 25 -23 -1
13 53 0 0 15 -14 0
13 55 0 0 10 -10 0
13 57 0 0 6 -6 0
13 59 0 0 4 -4 0
13 61 0 0 2 -2 0
13 63 0 0 1 -1 0
13 65 0 0 1 -1 0
13 67 0 0 0 0 0
13 96 0 0 0 0 0
13 97 0 0 0 0 0
14 2 0 0 -77 538 0
14 3 0 0 -90 563 30
14 5 0 0 -94 549 65
14 7 0 0 -85 532 3
14 8 0 0 -77 577 4
14 10 0 0 -66 565 -2
14 12 0 0 -49 602 0
14 14 0 0 -34 602 0
14 16 0 0 -13 622 0
14 18 0 0 9 625 0
14 20 0 0 36 634 0
14 22 0 0 66 634 0
14 25 0 0 103 634 0
14 27 0 0 146 626 0
14 29 0 0 195 616 0
14 31 0 0 262 589 -1
14 32 0 0 327 562 4
14 34 0 0 453 483 -12
14 36 0 0 519 422 -8
14 38 0 0 541 173 1
14 39 0 0 484 108 -35
14 40 0 0 518 -107 -24
14 41 0 0 449 -170 -33
14 42 0 0 293 -203 -15
14 43 0 0 187 -159 -16
14 44 0 0 117 -125 -4
14 45 0 0 78 -108 -8
14 46 0 0 71 -84 -2
14 47 0 0 45 -62 -6
14 48 0 0 37 -50 -1
14 49 0 0 22 -40 -4
14 50 0 0 25 -34 -1
14 51 0 0 14 -24 -3
14 52 0 0 15 -21 0
14 53 0 0 7 -16 -1
14 54 0 0 10 -14 0
14 55 0 0 5 -10 -1
14 56 0 0 6 -9 0
14 57 0 0 3 -7 0
14 58 0 0 4 -6 0
14 59 0 0 2 -4 0
14 60 0 0 2 -4 0
14 61 0 0 1 -3 0
14 62 0 0 1 -2 0
14 63 0 0 0 -1 0
14 64 0 0 1 -1 0
14 65 0 0 0 -1 0
14 66 0 0 0 -1 0
14 67 0 0 0 0 0
14 68 0 0 0 0 0
14 69 0 0 0 0 0
14 70 0 0 0 0 0
14 71 0 0 0 0 0
14 73 0 0 0 0 0
14 75 0 0 0 0 0
14 96 0 0 0 0 0
14 97 0 0 0 0 0
15 2 0 0 -59 534 8
15 3 0 0 -121 568 53
15 38 0 0 663 279 -31
15 39 0 0 741 167 -43
15 40 0 0 621 -150 -24
15 41 0 0 582 -322 -32
15 42 0 0 210 -300 -14
15 43 0 0 161 -242 -7
15 44 0 0 68 -172 -7
15 45 0 0 63 -136 -16
15 46 0 0 35 -98 -2
15 47 0 0 32 -83 -9
15 48 0 0 19 -60 -2
15 49 0 0 17 -50 -5
15 50 0 0 12 -39 -1
15 51 0 0 11 -32 -3
15 52 0 0 7 -25 0
15 53 0 0 6 -20 -2
15 54 0 0 5 -17 0
15 55 0 0 4 -13 -1
15 56 0 0 3 -11 0
15 57 0 0 2 -9 0
15 58 0 0 2 -7 0
15 59 0 0 1 -6 0
15 60 0 0 1 -5 0
15 61 0 0 1 -4 0
15 62 0 0 0 -3 0
15 63 0 0 0 -2 0
15 64 0 0 0 -2 0
15 65 0 0 0 -1 0
15 66 0 0 0 -1 0
15 67 0 0 0 -1 0
15 68 0 0 0 0 0
15 69 0 0 0 0 0
15 70 0 0 0 0 0
15 71 0 0 0 0 0
15 76 0 0 0 0 0
15 78 0 0 0 0 0
15 80 0 0 0 0 0
15 82 0 0 0 0 0
15 85 0 0 0 0 0
15 87 0 0 0 0 0
15 89 0 0 0 0 0
15 91 0 0 0 0 0
15 93 0 0 0 0 0
15 95 0 0 0 0 0
15 96 0 0 0 0 0
15 97 0 0 0 0 0
16 2 0 0 -91 532 1
16 3 0 0 -111 556 31
16 5 0 0 -116 550 58
16 7 0 0 -104 540 3
16 8 0 0 -96 586 3
16 10 0 0 -83 580 -2
16 12 0 0 -66 619 0
16 14 0 0 -48 622 0
16 16 0 0 -25 645 0
16 18 0 0 0 652 0
16 20 0 0 29 665 0
16 22 0 0 64 670 0
16 25 0 0 103 677 0
16 27 0 0 151 676 0
16 29 0 0 208 681 0
16 31 0 0 281 665 0
16 32 0 0 370 677 2
16 34 0 0 508 612 -2
16 38 0 0 825 368 -9
16 39 0 0 968 349 -58
16 40 0 0 1640 71 -66
16 41 0 0 1522 -1224 56
16 42 0 0 26 -539 -1
16 43 0 0 15 -375 -3
16 44 0 0 3 -234 3
16 45 0 0 7 -148 0
16 46 0 0 0 -122 2
16 47 0 0 4 -85 -1
16 48 0 0 0 -72 1
16 49 0 0 3 -53 -1
16 50 0 0 0 -45 0
16 51 0 0 2 -33 0
16 52 0 0 0 -28 0
16 53 0 0 1 -21 0
16 54 0 0 0 -18 0
16 55 0 0 0 -14 0
16 56 0 0 0 -11 0
16 57 0 0 0 -9 0
16 58 0 0 0 -7 0
16 59 0 0 0 -6 0
16 60 0 0 0 -4 0
16 61 0 0 0 -4 0
16 62 0 0 0 -3 0
16 63 0 0 0 -2 0
16 64 0 0 0 -2 0
16 65 0 0 0 -1 0
16 66 0 0 0 -1 0
16 67 0 0 0 -1 0
16 68 0 0 0 0 0
16 69 0 0 0 0 0
16 70 0 0 0 0 0
16 71 0 0 0 0 0
16 73 0 0 0 0 0
16 75 0 0 0 0 0
16 96 0 0 0 0 0
16 97 0 0 0 0 0
17 2 0 0 -69 534 13
17 3 0 0 -145 568 50
17 36 0 0 655 665 -23
17 38 0 0 893 614 -25
17 39 0 0 1165 666 -54
17 40 0 0 1750 426 -125
17 41 0 0 2297 1136 130
17 57 0 0 -100 18 4
17 68 0 0 0 0 0
17 69 0 0 0 0 0
17 70 0 0 0 0 0
17 71 0 0 0 0 0
17 76 0 0 0 0 0
17 78 0 0 0 0 0
17 80 0 0 0 0 0
17 82 0 0 0 0 0
17 85 0 0 0 0 0
17 87 0 0 0 0 0
17 89 0 0 0 0 0
17 91 0 0 0 0 0
17 93 0 0 0 0 0
17 95 0 0 0 0 0
17 96 0 0 0 0 0
17 97 0 0 0 0 0
18 2 0 0 -109 532 1
18 3 0 0 -138 554 32
18 5 0 0 -139 555 57
18 7 0 0 -127 548 4
18 8 0 0 -118 597 3
18 10 0 0 -103 596 -2
18 12 0 0 -85 637 0
18 14 0 0 -64 644 0
18 16 0 0 -40 670 0
18 18 0 0 -12 681 0
18 20 0 0 19 698 0
18 22 0 0 55 708 0
18 25 0 0 96 721 0
18 27 0 0 144 730 0
18 29 0 0 204 745 1
18 31 0 0 271 754 -2
18 38 0 0 872 807 -5
18 39 0 0 1090 893 -50
18 40 0 0 1329 1363 -108
18 41 0 0 1480 1761 -86
18 42 0 0 1255 2725 -165
18 43 0 0 723 3091 25
18 44 0 0 -1534 2976 10
18 45 0 0 -1997 2451 -25
18 46 0 0 -2297 1696 -44
18 47 0 0 -1979 957 -39
18 48 0 0 -1836 681 -67
18 49 0 0 -1451 432 -65
18 50 0 0 -1211 332 -48
18 51 0 0 -1073 231 -52
18 52 0 0 -795 157 -37
18 53 0 0 -708 144 -41
18 54 0 0 -470 104 -27
18 55 0 0 -364 111 -20
18 56 0 0 -165 97 -27
18 57 0 0 -33 68 -2
18 69 0 0 0 0 0
18 70 0 0 0 0 0
18 71 0 0 0 0 0
18 73 0 0 0 0 0
18 96 0 0 0 0 0
18 97 0 0 0 0 0
19 2 0 0 -88 535 14
19 3 0 0 -171 572 49
19 32 0 0 370 791 9
19 34 0 0 479 790 -13
19 36 0 0 669 941 23
19 38 0 0 850 896 -5
19 39 0 0 807 1105 -40
19 40 0 0 900 1349 -10
19 41 0 0 1119 1727 1
19 42 0 0 695 2394 19
19 43 0 0 -251 2968 56
19 44 0 0 -646 2770 -19
19 45 0 0 -841 2273 57
19 46 0 0 -948 1650 16
19 47 0 0 -1148 1245 33
19 48 0 0 -1092 846 -47
19 49 0 0 -1087 723 -18
19 50 0 0 -868 513 -51
19 51 0 0 -813 467 -48
19 52 0 0 -588 317 -44
19 53 0 0 -534 315 -44
19 54 0 0 -374 241 -25
19 55 0 0 -313 214 -34
19 56 0 0 -236 259 -16
19 57 0 0 -45 256 -22
19 69 0 0 0 0 0
19 70 0 0 0 0 0
19 71 0 0 0 0 0
19 75 0 0 0 0 0
19 76 0 0 0 0 0
19 78 0 0 0 0 0
19 80 0 0 0 0 0
19 82 0 0 0 0 0
19 85 0 0 0 0 0
19 87 0 0 0 0 0
19 89 0 0 0 0 0
19 91 0 0 0 0 0
19 93 0 0 0 0 0
19 95 0 0 0 0 0
19 96 0 0 0 0 0
19 97 0 0 0 0 0
20 2 0 0 -128 531 2
20 3 0 0 -167 554 32
20 8 0 0 -145 609 3
20 10 0 0 -127 613 -2
20 12 0 0 -108 658 0
20 14 0 0 -85 668 0
20 16 0 0 -59 698 0
20 18 0 0 -30 712 0
20 20 0 0 3 733 0
20 22 0 0 40 748 0
20 24 0 0 81 766 0
20 27 0 0 127 782 0
20 29 0 0 181 809 0
20 31 0 0 239 831 0
20 32 0 0 314 890 4
20 40 0 0 671 1703 17
20 43 0 0 136 2079 39
20 44 0 0 -840 1862 42
20 46 0 0 -1166 1432 57
20 49 0 0 -1070 979 18
20 51 0 0 -836 694 4
20 52 0 0 -578 512 -3
20 54 0 0 -343 452 -28
20 56 0 0 -187 431 -24
20 57 0 0 -22 384 -15
20 69 0 0 0 0 0
20 70 0 0 0 0 0
20 71 0 0 0 0 0
20 96 0 0 0 0 0
20 97 0 0 0 0 0
21 2 0 0 -112 534 15
21 3 0 0 -204 574 49
21 5 0 0 -167 560 55
21 7 0 0 -155 558 6
21 34 0 0 387 929 -1
21 36 0 0 507 1088 9
21 38 0 0 595 1184 -6
21 56 0 0 -158 449 -14
21 57 0 0 -40 436 -8
21 69 0 0 0 0 0
21 70 0 0 0 0 0
21 71 0 0 0 0 0
21 72 0 0 0 0 0
21 74 0 0 0 0 0
21 76 0 0 0 0 0
21 78 0 0 0 0 0
21 80 0 0 0 0 0
21 82 0 0 0 0 0
21 85 0 0 0 0 0
21 87 0 0 0 0 0
21 89 0 0 0 0 0
21 91 0 0 0 0 0
21 93 0 0 0 0 0
21 95 0 0 0 0 0
21 96 0 0 0 0 0
21 97 0 0 0 0 0
22 2 0 0 -152 531 2
22 3 0 0 -202 554 32
22 12 0 0 -135 680 0
22 14 0 0 -109 694 0
22 16 0 0 -81 727 0
22 18 0 0 -50 744 0
22 20 0 0 -15 768 0
22 22 0 0 21 786 0
22 24 0 0 61 808 0
22 27 0 0 103 829 0
22 29 0 0 152 858 0
22 31 0 0 198 887 0
22 32 0 0 257 943 3
22 38 0 0 366 1228 -2
22 40 0 0 323 1481 -2
22 42 0 0 -51 1725 -3
22 45 0 0 -354 1642 -92
22 47 0 0 -549 1358 -66
22 49 0 0 -573 1057 -56
22 51 0 0 -500 847 -34
22 52 0 0 -376 691 -28
22 54 0 0 -231 629 -31
22 56 0 0 -178 608 -27
22 57 0 0 -31 551 -8
22 69 0 0 0 0 0
22 70 0 0 0 0 0
22 71 0 0 0 0 0
22 96 0 0 0 0 0
22 97 0 0 0 0 0
23 2 0 0 -140 535 16
23 3 0 0 -238 577 49
23 5 0 0 -200 567 54
23 7 0 0 -187 569 7
23 8 0 0 -175 624 3
23 10 0 0 -156 632 -2
23 34 0 0 297 993 -2
23 36 0 0 369 1113 5
23 56 0 0 -105 610 -21
23 57 0 0 -91 560 -25
23 69 0 0 0 0 0
23 70 0 0 0 0 0
23 71 0 0 0 0 0
23 72 0 0 0 0 0
23 74 0 0 0 0 0
23 76 0 0 0 0 0
23 78 0 0 0 0 0
23 80 0 0 0 0 0
23 82 0 0 0 0 0
23 84 0 0 0 0 0
23 87 0 0 0 0 0
23 89 0 0 0 0 0
23 91 0 0 0 0 0
23 93 0 0 0 0 0
23 95 0 0 0 0 0
23 96 0 0 0 0 0
23 97 0 0 0 0 0
24 2 0 0 -179 531 3
24 3 0 0 -240 555 32
24 29 0 0 119 903 0
24 31 0 0 156 937 0
24 32 0 0 197 991 1
24 34 0 0 222 1046 0
24 36 0 0 257 1143 2
24 38 0 0 236 1241 3
24 40 0 0 210 1386 6
24 43 0 0 4 1461 7
24 45 0 0 -252 1380 25
24 47 0 0 -395 1231 22
24 49 0 0 -412 1051 18
24 51 0 0 -375 914 14
24 52 0 0 -289 794 5
24 54 0 0 -188 752 -23
24 56 0 0 -147 747 -27
24 57 0 0 -112 735 37
24 69 0 0 0 0 0
24 70 0 0 0 0 0
24 71 0 0 0 0 0
24 96 0 0 0 0 0
24 97 0 0 0 0 0
25 2 0 0 -172 535 16
25 3 0 0 -278 580 50
25 5 0 0 -237 574 52
25 7 0 0 -225 580 7
25 8 0 0 -210 640 3
25 10 0 0 -188 653 -1
25 12 0 0 -165 704 0
25 14 0 0 -137 722 0
25 16 0 0 -107 758 0
25 18 0 0 -73 778 0
25 20 0 0 -38 804 0
25 22 0 0 0 825 0
25 24 0 0 38 848 0
25 27 0 0 77 872 0
25 56 0 0 -73 742 -22
25 57 0 0 -50 702 -27
25 69 0 0 0 0 0
25 70 0 0 0 0 0
25 71 0 0 0 0 0
25 72 0 0 0 0 0
25 74 0 0 0 0 0
25 76 0 0 0 0 0
25 78 0 0 0 0 0
25 80 0 0 0 0 0
25 82 0 0 0 0 0
25 84 0 0 0 0 0
25 87 0 0 0 0 0
25 89 0 0 0 0 0
25 91 0 0 0 0 0
25 93 0 0 0 0 0
25 95 0 0 0 0 0
25 96 0 0 0 0 0
25 97 0 0 0 0 0
26 2 0 0 -209 532 3
26 3 0 0 -284 557 32
26 31 0 0 116 966 0
26 33 0 0 144 1008 0
26 34 0 0 155 1050 0
26 36 0 0 165 1117 1
26 38 0 0 128 1176 1
26 41 0 0 82 1254 0
26 43 0 0 -64 1313 -1
26 45 0 0 -177 1275 -13
26 47 0 0 -258 1186 -11
26 49 0 0 -279 1067 -9
26 51 0 0 -259 971 -4
26 52 0 0 -207 876 -6
26 54 0 0 -134 845 -29
26 56 0 0 -121 841 -29
26 57 0 0 -54 803 -30
26 69 0 0 0 0 0
26 70 0 0 0 0 0
26 71 0 0 0 0 0
26 96 0 0 0 0 0
26 97 0 0 0 0 0
27 2 0 0 -209 537 16
27 3 0 0 -322 585 49
27 5 0 0 -279 582 52
27 7 0 0 -268 594 7
27 8 0 0 -251 659 3
27 10 0 0 -225 677 -1
27 12 0 0 -200 731 0
27 14 0 0 -168 753 0
27 16 0 0 -135 791 0
27 18 0 0 -99 814 0
27 20 0 0 -62 841 0
27 22 0 0 -23 862 0
27 24 0 0 14 886 0
27 27 0 0 51 908 0
27 29 0 0 86 936 0
27 56 0 0 -45 834 -26
27 57 0 0 -58 784 -28
27 69 0 0 0 0 0
27 70 0 0 0 0 0
27 71 0 0 0 0 0
27 72 0 0 0 0 0
27 74 0 0 0 0 0
27 76 0 0 0 0 0
27 78 0 0 0 0 0
27 80 0 0 0 0 0
27 82 0 0 0 0 0
27 84 0 0 0 0 0
27 87 0 0 0 0 0
27 89 0 0 0 0 0
27 91 0 0 0 0 0
27 93 0 0 0 0 0
27 95 0 0 0 0 0
27 96 0 0 0 0 0
27 97 0 0 0 0 0
28 2 0 0 -244 533 4
28 3 0 0 -332 558 33
28 33 0 0 106 1029 0
28 34 0 0 114 1065 0
28 36 0 0 119 1114 1
28 38 0 0 93 1156 1
28 41 0 0 66 1199 2
28 43 0 0 -17 1216 1
28 45 0 0 -99 1181 2
28 47 0 0 -162 1126 3
28 49 0 0 -182 1048 3
28 51 0 0 -178 986 4
28 52 0 0 -146 916 0
28 54 0 0 -100 901 -27
28 56 0 0 -96 906 -29
28 57 0 0 -44 873 -30
28 69 0 0 0 0 0
28 70 0 0 0 0 0
28 71 0 0 0 0 0
28 72 0 0 0 0 0
28 73 0 0 0 0 0
28 74 0 0 0 0 0
28 75 0 0 0 0 0
28 76 0 0 0 0 0
28 77 0 0 0 0 0
28 78 0 0 0 0 0
28 79 0 0 0 0 0
28 80 0 0 0 0 0
28 81 0 0 0 0 0
28 82 0 0 0 0 0
28 83 0 0 0 0 0
28 84 0 0 0 0 0
28 85 0 0 0 0 0
28 86 0 0 0 0 0
28 87 0 0 0 0 0
28 88 0 0 0 0 0
28 89 0 0 0 0 0
28 90 0 0 0 0 0
28 91 0 0 0 0 0
28 92 0 0 0 0 0
28 93 0 0 0 0 0
28 94 0 0 0 0 0
28 95 0 0 0 0 0
28 96 0 0 0 0 0
28 97 0 0 0 0 0
29 2 0 0 -250 540 17
29 3 0 0 -374 591 49
29 5 0 0 -327 591 52
29 7 0 0 -317 608 8
29 8 0 0 -296 679 3
29 10 0 0 -266 704 -1
29 12 0 0 -238 761 0
29 14 0 0 -202 787 0
29 16 0 0 -165 828 0
29 18 0 0 -125 853 0
29 20 0 0 -85 880 0
29 22 0 0 -45 900 0
29 24 0 0 -7 922 0
29 27 0 0 27 943 0
29 28 0 0 0 0 0
29 29 0 0 59 967 0
29 30 0 0 0 0 0
29 31 0 0 84 994 0
29 32 0 0 0 0 0
29 33 0 0 0 0 0
29 34 0 0 0 0 0
29 35 0 0 0 0 0
29 36 0 1 0 0 0
29 37 0 1 0 0 0
29 38 0 1 0 0 0
29 39 0 1 0 0 0
29 40 0 1 0 0 0
29 56 0 0 -27 898 -27
29 57 0 0 -43 852 -27
29 69 0 0 0 0 0
29 70 0 0 0 0 0
29 71 0 0 0 0 0
29 72 0 0 0 0 0
29 73 0 0 0 0 0
29 74 0 0 0 0 0
29 75 0 0 0 0 0
29 76 0 0 0 0 0
29 77 0 0 0 0 0
29 78 0 0 0 0 0
29 79 0 0 0 0 0
29 80 0 0 0 0 0
29 81 0 0 0 0 0
29 82 0 0 0 0 0
29 83 0 0 0 0 0
29 84 0 0 0 0 0
29 85 0 0 0 0 0
29 86 0 0 0 0 0
29 87 0 0 0 0 0
29 88 0 0 0 0 0
29 89 0 0 0 0 0
29 90 0 0 0 0 0
29 91 0 0 0 0 0
29 92 0 0 0 0 0
29 93 0 0 0 0 0
29 94 0 0 0 0 0
29 95 0 0 0 0 0
29 96 0 0 0 0 0
29 97 0 0 0 0 0
30 2 0 0 -282 533 4
30 3 0 0 -383 557 32
30 28 0 0 0 0 0
30 29 0 0 0 0 0
30 30 0 0 0 0 0
30 31 0 0 0 0 0
30 32 0 1 0 0 0
30 33 0 1 72 1037 0
30 34 0 2 0 0 0
30 35 0 3 76 1062 0
30 36 0 4 0 0 0
30 37 0 5 74 1093 0
30 38 0 6 0 0 0
30 39 0 7 49 1119 0
30 40 0 7 0 0 0
30 41 0 0 20 1144 0
30 43 0 0 -38 1156 0
30 45 0 0 -83 1136 -1
30 47 0 0 -119 1102 -1
30 49 0 0 -132 1048 -1
30 51 0 0 -128 1006 1
30 52 0 0 -106 950 -3
30 54 0 0 -73 945 -28
30 56 0 0 -79 952 -30
30 57 0 0 -26 895 13
30 69 0 0 0 0 0
30 70 0 0 0 0 0
30 71 0 0 0 0 0
30 72 0 0 0 0 0
30 73 0 0 0 0 0
30 74 0 0 0 0 0
30 75 0 0 0 0 0
30 76 0 0 0 0 0
30 77 0 0 0 0 0
30 78 0 0 0 0 0
30 79 0 0 0 0 0
30 80 0 0 0 0 0
30 81 0 0 0 0 0
30 82 0 0 0 0 0
30 83 0 0 0 0 0
30 84 0 0 0 0 0
30 85 0 0 0 0 0
30 86 0 0 0 0 0
30 87 0 0 0 0 0
30 88 0 0 0 0 0
30 89 0 0 0 0 0
30 90 0 0 0 0 0
30 91 0 0 0 0 0
30 92 0 0 0 0 0
30 93 0 0 0 0 0
30 94 0 0 0 0 0
30 95 0 0 0 0 0
30 96 0 0 0 0 0
30 97 0 0 0 0 0
31 2 0 0 -297 541 17
31 3 0 0 -429 599 47
31 5 0 0 -381 600 52
31 7 0 0 -373 625 7
31 8 0 0 -350 700 4
31 10 0 0 -313 734 0
31 12 0 0 -281 794 1
31 14 0 0 -240 826 0
31 16 0 0 -198 869 0
31 18 0 0 -153 895 0
31 20 0 0 -109 921 0
31 22 0 0 -66 939 0
31 24 0 0 -27 957 0
31 27 0 0 6 974 0
31 28 0 0 0 0 0
31 29 0 0 35 993 0
31 30 0 0 0 0 0
31 31 0 1 57 1012 0
31 32 0 2 0 0 0
31 33 0 3 0 0 0
31 34 0 5 0 0 0
31 35 0 7 0 0 0
31 36 0 10 0 0 0
31 37 0 12 0 0 0
31 38 0 14 0 0 0
31 39 0 15 0 0 0
31 40 0 16 0 0 0
31 56 0 0 -11 946 -29
31 57 0 0 -23 899 13
32 2 0 0 -324 533 5
32 3 0 0 -438 556 34
32 8 0 0 -409 721 4
32 10 0 0 -366 766 0
32 12 0 0 -330 832 1
32 14 0 0 -282 871 0
32 16 0 0 -233 916 0
32 19 0 0 0 0 0
32 20 0 0 0 0 0
32 21 0 0 0 0 0
32 22 0 0 0 0 0
32 23 0 1 0 0 0
32 24 0 2 0 0 0
32 25 0 3 0 0 0
32 26 0 4 0 0 0
32 27 0 6 0 0 0
32 28 0 8 0 0 0
32 29 0 9 0 0 0
32 30 0 11 0 0 0
32 31 0 12 0 0 0
32 32 0 14 0 0 0
32 33 0 15 0 0 0
32 34 0 18 0 0 0
32 35 0 21 0 0 0
32 36 0 25 0 0 0
32 37 0 29 55 1086 0
32 38 0 33 0 0 0
32 39 0 35 39 1103 0
32 40 0 35 0 0 0
32 41 0 0 21 1115 0
32 43 0 0 -15 1116 0
32 45 0 0 -47 1099 0
32 47 0 0 -74 1076 0
32 49 0 0 -86 1038 0
32 51 0 0 -87 1012 2
32 52 0 0 -74 969 -1
32 54 0 0 -53 972 -28
32 56 0 0 -63 983 -30
32 57 0 0 -21 929 15
33 2 0 0 -350 543 18
33 3 0 0 -492 606 47
33 5 0 0 -442 608 52
33 7 0 0 -435 643 8
33 17 0 0 0 0 0
33 18 0 0 -179 943 0
33 19 0 0 0 0 0
33 20 0 0 -129 966 0
33 21 0 1 0 0 0
33 22 0 2 -82 981 0
33 23 0 5 0 0 0
33 24 0 8 -41 994 0
33 25 0 12 0 0 0
33 26 0 17 0 0 0
33 27 0 23 -7 1005 0
33 28 0 29 0 0 0
33 29 0 34 19 1017 0
33 30 0 38 0 0 0
33 31 0 40 39 1031 0
33 32 0 42 0 0 0
33 33 0 43 53 1048 0
33 34 0 46 0 0 0
33 35 0 50 56 1066 0
33 36 0 56 0 0 0
33 37 0 62 0 0 0
33 38 0 68 0 0 0
33 39 0 72 0 0 0
33 40 0 72 0 0 0
33 42 0 0 0 0 0
33 56 0 0 0 977 -30
33 57 0 0 -18 932 15
34 2 0 0 -373 533 7
34 3 0 0 -500 557 35
34 5 0 0 0 0 0
34 6 0 0 0 0 0
34 7 0 0 -504 664 5
34 8 0 0 -477 749 4
34 9 0 0 0 0 0
34 10 0 0 -429 804 2
34 11 0 1 0 0 0
34 12 0 1 -385 876 2
34 13 0 2 0 0 0
34 14 0 3 -330 923 1
34 15 0 3 0 0 0
34 16 0 4 0 0 0
34 17 0 5 0 0 0
34 18 0 5 0 0 0
34 19 0 6 0 0 0
34 20 0 7 0 0 0
34 21 0 9 0 0 0
34 22 0 12 0 0 0
34 23 0 17 0 0 0
34 24 0 25 0 0 0
34 25 0 35 0 0 0
34 26 0 47 0 0 0
34 27 0 60 0 0 0
34 28 0 73 0 0 0
34 29 0 83 0 0 0
34 30 0 90 0 0 0
34 31 0 92 0 0 0
34 32 0 92 0 0 0
34 33 0 92 0 0 0
34 34 0 93 0 0 0
34 35 0 98 0 0 0
34 36 0 106 0 0 0
34 37 0 115 0 0 0
34 38 0 124 0 0 0
34 39 0 129 0 0 0
34 40 0 129 0 0 0
34 42 0 0 0 0 0
34 45 0 0 -36 1078 0
34 47 0 0 -54 1063 0
34 49 0 0 -61 1035 0
34 51 0 0 -62 1018 2
34 52 0 0 -53 983 -1
34 54 0 0 -38 991 -28
34 56 0 0 -53 1005 -31
34 57 0 0 -18 953 17
35 2 0 0 -410 543 18
35 3 0 0 -560 612 47
35 5 0 0 -511 617 51
35 6 0 0 0 0 0
35 7 0 0 0 0 0
35 8 0 0 0 0 0
35 9 0 1 0 0 0
35 10 0 2 0 0 0
35 11 0 4 0 0 0
35 12 0 6 0 0 0
35 13 0 9 0 0 0
35 14 0 13 0 0 0
35 15 0 17 0 0 0
35 16 0 21 -271 973 1
35 17 0 25 0 0 0
35 18 0 27 -206 999 0
35 19 0 29 0 0 0
35 20 0 31 -147 1018 0
35 21 0 33 0 0 0
35 22 0 38 -94 1026 0
35 23 0 46 0 0 0
35 24 0 59 -51 1031 0
35 25 0 78 0 0 0
35 26 0 102 0 0 0
35 27 0 127 -16 1035 0
35 28 0 153 0 0 0
35 29 0 173 9 1039 0
35 30 0 184 0 0 0
35 31 0 188 27 1046 0
35 32 0 185 0 0 0
35 33 0 180 38 1055 0
35 34 0 178 0 0 0
35 35 0 181 40 1064 0
35 36 0 190 0 0 0
35 37 0 203 37 1076 0
35 38 0 215 0 0 0
35 39 0 222 24 1084 0
35 40 0 220 0 0 0
35 41 0 0 8 1090 0
35 42 0 0 0 0 0
35 43 0 0 -16 1091 0
35 56 0 0 5 999 -31
35 57 0 0 -14 954 16
36 2 0 0 -429 533 9
36 3 0 0 -571 559 36
36 5 0 0 0 0 0
36 6 0 0 0 0 0
36 7 0 0 -580 685 5
36 8 0 1 -552 778 4
36 9 0 3 0 0 0
36 10 0 6 -504 843 3
36 11 0 10 0 0 0
36 12 0 16 -451 929 2
36 13 0 24 0 0 0
36 14 0 33 0 0 0
36 15 0 43 0 0 0
36 16 0 53 0 0 0
36 17 0 62 0 0 0
36 18 0 69 0 0 0
36 19 0 73 0 0 0
36 20 0 77 0 0 0
36 21 0 82 0 0 0
36 22 0 91 0 0 0
36 23 0 107 0 0 0
36 24 0 132 0 0 0
36 25 0 168 0 0 0
36 26 0 212 0 0 0
36 27 0 260 0 0 0
36 28 0 307 0 0 0
36 29 0 343 0 0 0
36 30 0 363 0 0 0
36 31 0 366 0 0 0
36 32 0 357 0 0 0
36 33 0 343 0 0 0
36 34 0 332 0 0 0
36 35 0 329 0 0 0
36 36 0 337 0 0 0
36 37 0 352 0 0 0
36 38 0 366 0 0 0
36 39 0 373 0 0 0
36 40 0 366 0 0 0
36 42 0 0 0 0 0
36 56 0 0 -45 1019 -32
36 57 0 0 -15 970 17
37 2 0 0 -475 543 18
37 3 0 0 -638 618 46
37 5 0 0 -589 628 51
37 6 0 0 0 0 0
37 7 0 1 0 0 0
37 8 0 3 0 0 0
37 9 0 6 0 0 0
37 10 0 12 0 0 0
37 11 0 21 0 0 0
37 12 0 33 0 0 0
37 13 0 50 0 0 0
37 14 0 70 -384 986 1
37 15 0 93 0 0 0
37 16 0 116 -310 1042 1
37 17 0 136 0 0 0
37 18 0 152 -226 1067 1
37 19 0 162 0 0 0
37 20 0 171 -155 1077 0
37 21 0 178 0 0 0
37 22 0 193 -94 1076 0
37 23 0 219 0 0 0
37 24 0 263 -49 1070 0
37 25 0 325 0 0 0
37 26 0 401 0 0 0
37 27 0 483 -15 1065 0
37 28 0 563 0 0 0
37 29 0 622 8 1061 0
37 30 0 653 0 0 0
37 31 0 655 24 1060 0
37 32 0 633 0 0 0
37 33 0 602 33 1062 0
37 34 0 574 0 0 0
37 35 0 561 34 1065 0
37 36 0 563 0 0 0
37 37 0 578 32 1070 0
37 38 0 592 0 0 0
37 39 0 596 23 1074 0
37 40 0 579 0 0 0
37 41 0 0 11 1075 0
37 42 0 6 0 0 0
37 43 0 0 -5 1072 0
37 45 0 0 -20 1062 0
37 47 0 0 -34 1051 0
37 49 0 0 -40 1030 0
37 51 0 0 -42 1020 2
37 52 0 0 -37 991 -1
37 54 0 0 -27 1004 -27
37 56 0 0 8 1015 -32
37 57 0 0 -10 970 16
38 2 0 0 -495 534 11
38 3 0 0 -652 564 37
38 5 0 0 0 0 0
38 6 0 1 0 0 0
38 7 0 2 0 0 0
38 8 0 6 -639 813 5
38 9 0 12 0 0 0
38 10 0 23 -593 892 5
38 11 0 39 0 0 0
38 12 0 63 -531 992 4
38 13 0 96 0 0 0
38 14 0 136 0 0 0
38 15 0 182 0 0 0
38 16 0 228 0 0 0
38 17 0 269 0 0 0
38 18 0 300 0 0 0
38 19 0 320 0 0 0
38 20 0 334 0 0 0
38 21 0 345 0 0 0
38 22 0 366 0 0 0
38 23 0 407 0 0 0
38 24 0 475 0 0 0
38 25 0 574 0 0 0
38 26 0 697 0 0 0
38 27 0 829 0 0 0
38 28 0 955 0 0 0
38 29 0 1046 0 0 0
38 30 0 1091 0 0 0
38 31 0 1086 0 0 0
38 32 0 1044 0 0 0
38 33 0 984 0 0 0
38 34 0 928 0 0 0
38 35 0 894 0 0 0
38 36 0 884 0 0 0
38 37 0 892 0 0 0
38 38 0 903 0 0 0
38 39 0 899 0 0 0
38 40 0 865 0 0 0
38 42 0 12 0 0 0
38 56 0 0 -39 1029 -33
38 57 0 0 -13 982 18
39 2 0 0 -548 543 17
39 3 0 0 -724 622 46
39 5 0 0 -676 640 48
39 6 0 1 0 0 0
39 7 0 4 -665 708 2
39 8 0 11 0 0 0
39 9 0 21 0 0 0
39 10 0 40 0 0 0
39 11 0 69 0 0 0
39 12 0 112 0 0 0
39 13 0 170 0 0 0
39 14 0 243 -452 1065 2
39 15 0 326 0 0 0
39 16 0 409 -355 1133 1
39 17 0 485 0 0 0
39 18 0 543 -246 1153 0
39 19 0 582 0 0 0
39 20 0 605 -156 1145 -1
39 21 0 621 0 0 0
39 22 0 651 -87 1130 -1
39 23 0 710 0 0 0
39 24 0 812 -40 1109 -1
39 25 0 960 0 0 0
39 26 0 1144 -7 1092 0
39 27 0 1340 0 0 0
39 28 0 1523 0 0 0
39 29 0 1653 14 1079 0
39 30 0 1711 0 0 0
39 31 0 1695 27 1071 0
39 32 0 1623 0 0 0
39 33 0 1523 33 1066 0
39 34 0 1429 0 0 0
39 35 0 1365 32 1064 0
39 36 0 1337 0 0 0
39 37 0 1335 29 1064 0
39 38 0 1336 0 0 0
39 39 0 1317 21 1064 0
39 40 0 1257 0 0 0
39 41 0 0 11 1062 0
39 42 0 138 0 0 0
39 43 0 0 -1 1059 0
39 45 0 0 -12 1051 0
39 47 0 0 -22 1043 0
39 49 0 0 -27 1027 0
39 51 0 0 -28 1021 2
39 52 0 0 -26 996 -1
39 54 0 0 -18 1011 -27
39 56 0 0 9 1027 -34
39 57 0 0 -7 982 17
40 2 0 0 -569 536 12
40 3 0 0 -742 569 38
40 4 0 0 0 0 0
40 5 0 2 0 0 0
40 6 0 4 0 0 0
40 7 0 9 0 0 0
40 8 0 20 -739 848 6
40 9 0 38 0 0 0
40 10 0 69 -699 942 6
40 11 0 117 0 0 0
40 12 0 188 0 0 0
40 13 0 285 0 0 0
40 14 0 407 0 0 0
40 15 0 546 0 0 0
40 16 0 689 0 0 0
40 17 0 818 0 0 0
40 18 0 918 0 0 0
40 19 0 983 0 0 0
40 20 0 1021 0 0 0
40 21 0 1042 0 0 0
40 22 0 1082 0 0 0
40 23 0 1162 0 0 0
40 24 0 1304 0 0 0
40 25 0 1512 0 0 0
40 26 0 1769 0 0 0
40 27 0 2041 0 0 0
40 28 0 2290 0 0 0
40 29 0 2462 0 0 0
40 30 0 2530 0 0 0
40 31 0 2495 0 0 0
40 32 0 2381 0 0 0
40 33 0 2231 0 0 0
40 34 0 2090 0 0 0
40 35 0 1990 0 0 0
40 36 0 1937 0 0 0
40 37 0 1916 0 0 0
40 38 0 1900 0 0 0
40 39 0 1855 0 0 0
40 40 0 1756 0 0 0
40 42 0 173 0 0 0
40 56 0 0 -35 1035 -34
40 57 0 0 -12 989 18
41 2 0 0 -628 544 16
41 3 0 0 -818 625 46
41 4 0 1 0 0 0
41 5 0 3 -774 652 47
41 6 0 7 0 0 0
41 7 0 14 -761 728 1
41 8 0 32 0 0 0
41 9 0 60 0 0 0
41 10 0 107 0 0 0
41 11 0 181 0 0 0
41 12 0 291 -630 1066 5
41 13 0 441 0 0 0
41 14 0 631 -534 1165 4
41 15 0 851 0 0 0
41 16 0 1076 -404 1252 3
41 17 0 1283 0 0 0
41 18 0 1444 -237 1262 1
41 19 0 1549 0 0 0
41 20 0 1607 -130 1227 -2
41 21 0 1637 0 0 0
41 22 0 1687 -53 1190 -2
41 23 0 1791 0 0 0
41 24 0 1979 -9 1152 -1
41 25 0 2254 0 0 0
41 26 0 2593 17 1121 0
41 27 0 2946 0 0 0
41 28 0 3261 0 0 0
41 29 0 3469 32 1097 0
41 30 0 3538 0 0 0
41 31 0 3472 38 1080 0
41 32 0 3307 0 0 0
41 33 0 3101 40 1069 0
41 34 0 2909 0 0 0
41 35 0 2771 37 1062 0
41 36 0 2692 0 0 0
41 37 0 2651 31 1058 0
41 38 0 2610 0 0 0
41 39 0 2528 23 1056 0
41 40 0 2376 0 0 0
41 41 0 0 14 1052 0
41 42 0 212 0 0 0
41 43 0 0 4 1049 0
41 45 0 0 -4 1042 0
41 47 0 0 -12 1037 0
41 49 0 0 -16 1024 0
41 51 0 0 -18 1021 3
41 52 0 0 -17 999 0
41 54 0 0 -13 1016 -27
41 56 0 0 12 1034 -34
41 57 0 0 -4 989 17
42 2 0 0 -653 538 14
42 3 0 1 -842 573 39
42 4 0 2 0 0 0
42 5 0 6 0 0 0
42 6 0 11 0 0 0
42 7 0 22 -869 744 0
42 8 0 48 -859 883 8
42 9 0 88 0 0 0
42 10 0 156 -830 995 7
42 11 0 263 0 0 0
42 12 0 420 -759 1152 4
42 13 0 637 0 0 0
42 14 0 914 -649 1302 5
42 15 0 1235 0 0 0
42 16 0 1569 -458 1429 1
42 17 0 1877 0 0 0
42 18 0 2119 0 0 0
42 19 0 2279 0 0 0
42 20 0 2364 0 0 0
42 21 0 2407 0 0 0
42 22 0 2470 0 0 0
42 23 0 2602 0 0 0
42 24 0 2842 0 0 0
42 25 0 3192 0 0 0
42 26 0 3617 0 0 0
42 27 0 4052 0 0 0
42 28 0 4429 0 0 0
42 29 0 4662 0 0 0
42 30 0 4718 0 0 0
42 31 0 4609 0 0 0
42 32 0 4386 0 0 0
42 33 0 4120 0 0 0
42 34 0 3879 0 0 0
42 35 0 3708 0 0 0
42 36 0 3607 0 0 0
42 37 0 3546 0 0 0
42 38 0 3476 0 0 0
42 39 0 3347 0 0 0
42 40 0 3123 0 0 0
42 42 0 272 0 0 0
42 56 0 0 -31 1039 -35
42 57 0 0 -10 993 17
43 2 0 0 -717 545 16
43 3 0 2 -919 624 46
43 4 0 4 0 0 0
43 5 0 10 -879 662 45
43 6 0 18 0 0 0
43 7 0 34 0 0 0
43 8 0 69 0 0 0
43 9 0 124 0 0 0
43 10 0 215 0 0 0
43 11 0 359 0 0 0
43 12 0 570 0 0 0
43 13 0 863 0 0 0
43 14 0 1238 0 0 0
43 15 0 1676 0 0 0
43 16 0 2135 0 0 0
43 17 0 2562 0 0 0
43 18 0 2901 -224 1411 -3
43 19 0 3130 0 0 0
43 20 0 3250 -85 1316 -6
43 21 0 3314 0 0 0
43 22 0 3396 -8 1249 -4
43 23 0 3562 0 0 0
43 24 0 3860 30 1183 -2
43 25 0 4290 0 0 0
43 26 0 4805 48 1136 0
43 27 0 5318 0 0 0
43 28 0 5746 54 1102 0
43 29 0 5989 0 0 0
43 30 0 6016 0 0 0
43 31 0 5850 54 1080 0
43 32 0 5561 0 0 0
43 33 0 5238 49 1065 0
43 34 0 4959 0 0 0
43 35 0 4768 43 1056 0
43 36 0 4657 0 0 0
43 37 0 4582 35 1050 0
43 38 0 4484 0 0 0
43 39 0 4301 26 1047 0
43 40 0 3995 0 0 0
43 41 0 0 17 1043 0
43 42 0 912 0 0 0
43 43 0 0 8 1040 0
43 45 0 0 0 1034 0
43 47 0 0 -5 1031 0
43 49 0 0 -9 1021 0
43 51 0 0 -11 1021 3
43 52 0 0 -11 1001 0
43 54 0 0 -8 1019 -26
43 56 0 0 15 1039 -35
43 57 0 0 -2 994 17
44 2 0 0 -746 540 15
44 3 0 4 -947 575 40
44 4 0 7 0 0 0
44 5 0 16 0 0 0
44 6 0 28 0 0 0
44 7 0 49 -989 747 2
44 8 0 95 -997 904 7
44 9 0 166 0 0 0
44 10 0 282 -989 1034 6
44 11 0 462 0 0 0
44 12 0 727 -942 1236 1
44 13 0 1095 0 0 0
44 14 0 1568 -827 1488 10
44 15 0 2123 0 0 0
44 16 0 2710 -540 1662 0
44 17 0 3254 0 0 0
44 18 0 3700 0 0 0
44 19 0 3992 -92 1595 9
44 20 0 4169 0 0 0
44 21 0 4265 32 1440 0
44 22 0 4379 0 0 0
44 23 0 4593 97 1316 -3
44 24 0 4964 0 0 0
44 25 0 5487 0 0 0
44 26 0 6097 0 0 0
44 27 0 6686 0 0 0
44 28 0 7154 0 0 0
44 29 0 7392 0 0 0
44 30 0 7371 0 0 0
44 31 0 7135 0 0 0
44 32 0 6774 0 0 0
44 33 0 6396 0 0 0
44 34 0 6088 0 0 0
44 35 0 5892 0 0 0
44 36 0 5787 0 0 0
44 37 0 5713 0 0 0
44 38 0 5595 0 0 0
44 39 0 5359 0 0 0
44 40 0 4964 0 0 0
44 42 0 819 0 0 0
44 56 0 0 -29 1041 -35
44 57 0 0 -9 997 17
45 2 0 0 -810 545 14
45 3 0 6 -1024 620 46
45 4 0 11 0 0 0
45 5 0 24 -990 666 45
45 6 0 41 0 0 0
45 7 0 69 0 0 0
45 8 0 125 0 0 0
45 9 0 212 0 0 0
45 10 0 351 0 0 0
45 11 0 563 0 0 0
45 12 0 872 0 0 0
45 13 0 1303 0 0 0
45 14 0 1857 0 0 0
45 15 0 2511 0 0 0
45 16 0 3207 0 0 0
45 17 0 3854 0 0 0
45 18 0 4396 0 0 0
45 19 0 4758 0 0 0
45 20 0 4993 0 0 0
45 21 0 5137 0 0 0
45 22 0 5303 0 0 0
45 23 0 5587 0 0 0
45 24 0 6052 110 1213 -3
45 25 0 6684 0 0 0
45 26 0 7399 103 1148 -1
45 27 0 8065 0 0 0
45 28 0 8566 91 1104 0
45 29 0 8785 0 0 0
45 30 0 8704 0 0 0
45 31 0 8386 77 1076 0
45 32 0 7949 0 0 0
45 33 0 7520 64 1059 0
45 34 0 7193 0 0 0
45 35 0 7009 52 1048 0
45 36 0 6931 0 0 0
45 37 0 6876 41 1042 0
45 38 0 6752 0 0 0
45 39 0 6473 30 1038 0
45 40 0 5992 0 0 0
45 41 0 0 21 1035 0
45 42 0 1011 0 0 0
45 43 0 0 12 1032 0
45 45 0 0 5 1028 0
45 47 0 0 0 1026 0
45 49 0 0 -4 1018 0
45 51 0 0 -6 1019 3
45 52 0 0 -7 1002 0
45 54 0 0 -5 1020 -26
45 56 0 0 17 1041 -35
45 57 0 0 0 998 16
46 2 0 0 -844 542 16
46 3 0 10 -1054 574 41
46 4 0 17 0 0 0
46 5 0 35 0 0 0
46 6 0 57 0 0 0
46 7 0 94 -1115 736 3
46 8 0 161 -1152 901 3
46 9 0 262 0 0 0
46 10 0 418 -1182 1041 2
46 11 0 654 0 0 0
46 12 0 992 -1196 1293 -19
46 13 0 1459 0 0 0
46 14 0 2063 -1100 1636 -12
46 15 0 2777 0 0 0
46 16 0 3543 -540 2085 -35
46 17 0 4251 0 0 0
46 18 0 4825 0 0 0
46 19 0 5285 -23 1942 -11
46 20 0 5583 0 0 0
46 21 0 5793 183 1533 3
46 22 0 6035 0 0 0
46 23 0 6418 229 1330 8
46 24 0 7001 0 0 0
46 25 0 7760 0 0 0
46 26 0 8589 0 0 0
46 27 0 9334 0 0 0
46 28 0 9864 0 0 0
46 29 0 10057 0 0 0
46 30 0 9909 0 0 0
46 31 0 9504 0 0 0
46 32 0 8992 0 0 0
46 33 0 8518 0 0 0
46 34 0 8186 0 0 0
46 35 0 8031 0 0 0
46 36 0 7998 0 0 0
46 37 0 7984 0 0 0
46 38 0 7875 0 0 0
46 39 0 7570 0 0 0
46 40 0 7016 0 0 0
46 42 0 1063 0 0 0
46 56 0 0 -27 1043 -36
46 57 0 0 -9 999 17
47 2 0 0 -903 545 13
47 3 0 14 -1125 610 45
47 4 0 25 0 0 0
47 5 0 47 -1102 661 44
47 6 0 76 0 0 0
47 7 0 122 0 0 0
47 8 0 200 0 0 0
47 9 0 313 0 0 0
47 10 0 481 0 0 0
47 11 0 728 0 0 0
47 12 0 1074 0 0 0
47 13 0 1547 0 0 0
47 14 0 2154 0 0 0
47 15 0 2880 0 0 0
47 16 0 3660 0 0 0
47 17 0 4371 0 0 0
47 18 0 4962 0 0 0
47 19 0 5472 0 0 0
47 20 0 5825 0 0 0
47 21 0 6120 0 0 0
47 22 0 6465 0 0 0
47 23 0 6969 0 0 0
47 24 0 7689 198 1192 -1
47 25 0 8585 0 0 0
47 26 0 9530 156 1120 -1
47 27 0 10351 0 0 0
47 28 0 10904 124 1078 0
47 29 0 11070 0 0 0
47 30 0 10857 0 0 0
47 31 0 10376 97 1054 0
47 32 0 9801 0 0 0
47 33 0 9296 76 1040 0
47 34 0 8973 0 0 0
47 35 0 8862 59 1033 0
47 36 0 8892 0 0 0
47 37 0 8938 44 1029 0
47 38 0 8866 0 0 0
47 39 0 8558 33 1027 0
47 40 0 7952 0 0 0
47 41 0 0 23 1025 0
47 42 0 1640 0 0 0
47 43 0 0 14 1025 0
47 45 0 0 7 1021 0
47 47 0 0 3 1021 0
47 49 0 0 -1 1014 0
47 51 0 0 -2 1018 2
47 52 0 0 -4 1001 0
47 54 0 0 -2 1021 -26
47 56 0 0 19 1043 -36
47 57 0 0 1 1000 16
48 2 0 0 -936 541 17
48 3 0 19 -1153 567 41
48 4 0 33 0 0 0
48 5 0 61 0 0 0
48 6 0 98 0 0 0
48 7 0 154 -1237 697 4
48 8 0 241 -1304 857 1
48 9 0 364 0 0 0
48 10 0 539 -1398 979 -4
48 11 0 784 0 0 0
48 12 0 1119 -1524 1257 -36
48 13 0 1566 0 0 0
48 14 0 2133 -1523 1550 -35
48 15 0 2803 -1395 1799 -92
48 16 0 3519 -1309 2502 -52
48 17 0 4100 -146 2754 -69
48 18 0 4727 371 2395 -46
48 19 0 5270 443 1986 -31
48 20 0 5681 0 0 0
48 21 0 6068 619 1471 -24
48 22 0 6527 0 0 0
48 23 0 7164 0 0 0
48 24 0 8020 0 0 0
48 25 0 9044 0 0 0
48 26 0 10090 0 0 0
48 27 0 10970 0 0 0
48 28 0 11538 0 0 0
48 29 0 11681 0 0 0
48 30 0 11420 0 0 0
48 31 0 10887 0 0 0
48 32 0 10277 0 0 0
48 33 0 9768 0 0 0
48 34 0 9475 0 0 0
48 35 0 9423 0 0 0
48 36 0 9529 0 0 0
48 37 0 9649 0 0 0
48 38 0 9631 0 0 0
48 39 0 9342 0 0 0
48 40 0 8711 0 0 0
48 42 0 1898 0 0 0
48 56 0 0 -25 1042 -36
48 57 0 0 -8 1000 17
49 2 0 0 -989 543 12
49 3 0 24 -1211 595 44
49 4 0 42 0 0 0
49 5 0 75 -1203 641 46
49 6 0 120 0 0 0
49 7 0 185 0 0 0
49 8 0 281 0 0 0
49 9 0 411 0 0 0
49 10 0 587 0 0 0
49 11 0 821 0 0 0
49 12 0 1128 0 0 0
49 13 0 1524 0 0 0
49 14 0 2014 -1723 1465 -58
49 15 0 2582 -1901 1857 -106
49 16 0 3203 -1952 3019 -132
49 17 0 3649 -149 3368 -132
49 18 0 4221 703 2801 -118
49 19 0 4736 892 1994 -66
49 20 0 5207 0 0 0
49 21 0 5671 0 0 0
49 22 0 6232 0 0 0
49 23 0 6981 469 1258 -12
49 24 0 7946 331 1139 -9
49 25 0 9060 0 0 0
49 26 0 10168 226 1077 -4
49 27 0 11078 0 0 0
49 28 0 11647 162 1045 -2
49 29 0 11774 0 0 0
49 30 0 11494 0 0 0
49 31 0 10951 117 1027 0
49 32 0 10351 0 0 0
49 33 0 9875 86 1020 0
49 34 0 9638 0 0 0
49 35 0 9659 64 1016 0
49 36 0 9846 0 0 0
49 37 0 10044 47 1016 0
49 38 0 10089 0 0 0
49 39 0 9835 34 1016 0
49 40 0 9206 0 0 0
49 41 0 0 23 1016 0
49 42 0 2728 0 0 0
49 43 0 0 16 1017 0
49 45 0 0 9 1016 0
49 47 0 0 4 1017 0
49 49 0 0 1 1012 0
49 51 0 0 -1 1016 3
49 52 0 0 -1 1001 0
49 54 0 0 -2 1020 -25
49 56 0 0 20 1041 -36
49 57 0 0 2 1000 16
50 2 0 0 -1010 542 17
50 3 0 28 -1231 555 41
50 4 0 49 0 0 0
50 5 0 87 0 0 0
50 6 0 139 0 0 0
50 7 0 213 -1337 635 3
50 8 0 316 0 0 0
50 9 0 452 -1430 754 4
50 10 0 625 -1594 805 -3
50 11 0 845 0 0 0
50 12 0 1115 -1818 1001 -37
50 13 0 1416 0 0 0
50 14 0 1748 -2064 1175 -81
50 15 0 2201 -2512 1157 -17
50 16 0 0 -4822 2429 119
50 17 0 0 97 1772 -411
50 18 0 3488 1643 1713 -24
50 19 0 4010 1573 1411 9
50 20 0 4495 0 0 0
50 21 0 5010 0 0 0
50 22 0 5640 0 0 0
50 23 0 6459 0 0 0
50 24 0 7476 0 0 0
50 25 0 8618 0 0 0
50 26 0 9729 0 0 0
50 27 0 10627 0 0 0
50 28 0 11180 0 0 0
50 29 0 11303 0 0 0
50 30 0 11039 0 0 0
50 31 0 10538 0 0 0
50 32 0 9999 0 0 0
50 33 0 9598 0 0 0
50 34 0 9443 0 0 0
50 35 0 9544 0 0 0
50 36 0 9809 0 0 0
50 37 0 10078 0 0 0
50 38 0 10183 0 0 0
50 39 0 9974 0 0 0
50 40 0 9370 0 0 0
50 42 0 2636 0 0 0
50 56 0 0 -22 1044 -38
50 57 0 0 -7 1001 16
51 2 0 0 -1055 541 11
51 3 0 31 -1271 577 42
51 4 0 55 0 0 0
51 5 0 96 -1283 607 48
51 6 0 154 0 0 0
51 7 0 234 0 0 0
51 8 0 343 0 0 0
51 9 0 482 0 0 0
51 10 0 653 0 0 0
51 11 0 851 0 0 0
51 12 0 1066 0 0 0
51 13 0 1269 0 0 0
51 14 0 1380 -2075 756 -13
51 15 0 1264 -2510 798 -5
51 16 0 0 -3358 166 -24
51 17 0 0 -1289 23 168
51 18 0 2733 1367 140 0
51 19 0 3203 1374 343 -3
51 20 0 3676 0 0 0
51 21 0 4204 1062 898 26
51 22 0 4855 0 0 0
51 23 0 5681 594 895 22
51 24 0 6680 383 934 5
51 25 0 7776 0 0 0
51 26 0 8824 253 948 0
51 27 0 9663 0 0 0
51 28 0 10181 173 966 0
51 29 0 10312 0 0 0
51 30 0 10099 0 0 0
51 31 0 9688 120 975 0
51 32 0 9257 0 0 0
51 33 0 8965 85 985 0
51 34 0 8908 0 0 0
51 35 0 9088 61 992 0
51 36 0 9417 0 0 0
51 37 0 9740 43 998 0
51 38 0 9892 0 0 0
51 39 0 9729 31 1003 0
51 40 0 9169 0 0 0
51 41 0 0 21 1007 0
51 42 0 2331 0 0 0
51 43 0 0 14 1010 0
51 45 0 0 8 1010 0
51 47 0 0 5 1013 0
51 49 0 0 1 1008 0
51 51 0 0 2 1015 2
51 52 0 0 -1 1000 -1
51 54 0 0 2 1020 -28
51 56 0 0 24 1044 -38
51 57 0 0 5 1000 16
52 2 0 0 -1053 540 15
52 3 0 32 -1272 534 39
52 4 0 57 0 0 0
52 5 0 101 0 0 0
52 6 0 161 0 0 0
52 7 0 246 0 0 0
52 8 0 359 0 0 0
52 9 0 499 -1472 605 5
52 10 0 663 0 0 0
52 11 0 844 0 0 0
52 12 0 1031 0 0 0
52 13 0 1139 0 0 0
52 14 0 1172 -2064 576 0
52 15 0 856 -2305 400 -30
52 16 0 0 -2555 112 44
52 17 0 0 -611 -72 22
52 18 0 1914 649 -391 -26
52 19 0 2433 901 180 0
52 20 0 2867 0 0 0
52 21 0 3370 0 0 0
52 22 0 3990 0 0 0
52 23 0 4762 0 0 0
52 24 0 5672 0 0 0
52 25 0 6653 0 0 0
52 26 0 7580 0 0 0
52 27 0 8321 0 0 0
52 28 0 8788 0 0 0
52 29 0 8933 0 0 0
52 30 0 8796 0 0 0
52 31 0 8503 0 0 0
52 32 0 8208 0 0 0
52 33 0 8042 0 0 0
52 34 0 8083 0 0 0
52 35 0 8329 0 0 0
52 36 0 8698 0 0 0
52 37 0 9050 0 0 0
52 38 0 9232 0 0 0
52 39 0 9111 0 0 0
52 40 0 8608 0 0 0
52 42 0 1965 0 0 0
52 56 0 0 -15 1038 -36
52 57 0 0 -4 997 16
53 2 0 0 -1092 537 9
53 3 0 32 -1294 557 42
53 4 0 57 0 0 0
53 5 0 100 -1325 560 48
53 6 0 162 0 0 0
53 7 0 248 -1386 553 3
53 8 0 363 0 0 0
53 9 0 505 0 0 0
53 10 0 666 0 0 0
53 11 0 836 -1643 573 0
53 12 0 994 0 0 0
53 13 0 1093 -1799 569 -22
53 14 0 1037 -1953 363 -8
53 15 0 917 -2117 235 3
53 16 0 0 -2227 56 31
53 17 0 0 298 0 13
53 18 0 1306 477 -178 0
53 19 0 1772 606 170 9
53 20 0 2149 0 0 0
53 21 0 2596 616 515 2
53 22 0 3143 0 0 0
53 23 0 3811 436 692 8
53 24 0 4584 291 805 -3
53 25 0 5403 0 0 0
53 26 0 6172 204 863 -3
53 27 0 6789 0 0 0
53 28 0 7193 0 0 0
53 29 0 7352 143 909 -2
53 30 0 7295 0 0 0
53 31 0 7127 101 936 -1
53 32 0 6968 0 0 0
53 33 0 6920 72 958 0
53 34 0 7043 0 0 0
53 35 0 7331 51 973 0
53 36 0 7713 0 0 0
53 37 0 8067 36 985 0
53 38 0 8258 0 0 0
53 39 0 8171 25 993 0
53 40 0 7737 0 0 0
53 41 0 0 17 999 0
53 42 0 1751 0 0 0
53 43 0 0 12 1004 0
53 45 0 0 7 1007 0
53 47 0 0 5 1010 1
53 49 0 0 1 1010 1
53 51 0 0 0 1013 3
53 52 0 0 1 1000 0
53 54 0 0 1 1021 -23
53 56 0 0 26 1037 -38
53 57 0 0 8 992 15
54 2 0 0 -1071 537 14
54 3 0 30 -1281 522 38
54 4 0 55 0 0 0
54 5 0 97 0 0 0
54 6 0 158 0 0 0
54 7 0 245 -1390 495 1
54 8 0 361 0 0 0
54 9 0 504 -1458 499 4
54 10 0 668 0 0 0
54 11 0 838 -1586 454 -1
54 12 0 989 0 0 0
54 13 0 1073 -1686 354 -2
54 14 0 1069 -1864 327 -15
54 15 0 991 -1937 170 20
54 16 0 0 -2045 13 34
54 17 0 0 281 22 12
54 18 0 899 350 0 -2
54 19 0 1249 407 188 11
54 20 0 1559 0 0 0
54 21 0 1930 0 0 0
54 22 0 2381 0 0 0
54 23 0 2919 0 0 0
54 24 0 3531 0 0 0
54 25 0 4171 0 0 0
54 26 0 4769 0 0 0
54 27 0 5255 0 0 0
54 28 0 5589 0 0 0
54 29 0 5751 0 0 0
54 30 0 5763 0 0 0
54 31 0 5703 0 0 0
54 32 0 5658 0 0 0
54 33 0 5702 0 0 0
54 34 0 5880 0 0 0
54 35 0 6181 0 0 0
54 36 0 6547 0 0 0
54 37 0 6878 0 0 0
54 38 0 7062 0 0 0
54 39 0 7002 0 0 0
54 40 0 6641 0 0 0
54 42 0 1157 0 0 0
54 56 0 0 0 1041 -36
54 57 0 0 0 1000 17
55 2 0 0 -1104 536 9
55 3 0 27 -1298 550 40
55 4 0 51 0 0 0
55 5 0 92 -1335 522 50
55 6 0 152 0 0 0
55 7 0 238 0 0 0
55 8 0 356 0 0 0
55 9 0 504 0 0 0
55 10 0 676 0 0 0
55 11 0 856 0 0 0
55 12 0 1014 0 0 0
55 13 0 1106 0 0 0
55 14 0 1119 -1795 232 -15
55 15 0 1079 -1817 129 26
55 16 0 0 -1960 10 32
55 17 0 0 280 5 6
55 18 0 604 265 78 1
55 19 0 834 300 182 7
55 20 0 1100 0 0 0
55 21 0 1390 335 398 3
55 22 0 1738 0 0 0
55 23 0 2146 288 586 4
55 24 0 2600 0 0 0
55 25 0 3070 202 710 -1
55 26 0 3509 0 0 0
55 27 0 3871 144 792 -1
55 28 0 4135 0 0 0
55 29 0 4288 97 855 0
55 30 0 4345 0 0 0
55 31 0 4359 68 896 0
55 32 0 4392 0 0 0
55 33 0 4493 45 927 0
55 34 0 4692 0 0 0
55 35 0 4977 31 948 0
55 36 0 5304 0 0 0
55 37 0 5592 21 965 0
55 38 0 5756 0 0 0
55 39 0 5717 14 977 0
55 40 0 5429 0 0 0
55 41 0 0 8 986 0
55 42 0 598 0 0 0
55 43 0 0 4 992 0
55 45 0 0 1 995 0
55 46 0 0 0 999 0
55 48 0 0 0 994 -1
55 50 0 0 7 1008 -2
55 52 0 0 -2 994 -2
55 54 0 0 12 1013 -26
55 56 0 0 29 1038 -35
55 57 0 0 10 997 16
56 2 0 0 -1068 535 13
56 3 0 25 -1268 507 38
56 4 0 47 0 0 0
56 5 0 87 0 0 0
56 6 0 147 0 0 0
56 7 0 235 -1366 437 0
56 8 0 356 0 0 0
56 9 0 512 -1428 414 4
56 10 0 696 0 0 0
56 11 0 889 -1515 347 -4
56 12 0 1066 0 0 0
56 13 0 1186 -1606 256 0
56 14 0 1221 -1693 220 -18
56 15 0 1181 -1707 96 21
56 16 0 0 -1767 -3 35
56 17 0 0 198 23 16
56 18 0 396 183 104 -2
56 19 0 560 199 228 0
56 20 0 754 177 310 -2
56 21 0 969 201 423 -5
56 22 0 1222 165 497 -19
56 23 0 1513 166 603 -16
56 24 0 1832 121 664 -17
56 25 0 2158 111 727 -13
56 26 0 2462 84 775 -12
56 27 0 2718 82 822 -8
56 28 0 2916 56 857 -8
56 29 0 3049 55 885 -5
56 30 0 3125 37 910 -5
56 31 0 3181 40 930 -4
56 32 0 3255 23 948 -4
56 33 0 3378 28 961 -3
56 34 0 3569 13 975 -3
56 35 0 3818 21 984 -3
56 36 0 4089 5 994 -1
56 37 0 4326 15 1001 -2
56 38 0 4461 0 1008 0
56 39 0 4437 12 1010 -1
56 40 0 4219 -2 1015 1
56 41 0 0 12 1014 0
56 42 0 363 -4 1019 0
56 43 0 0 8 1015 0
56 44 0 0 -4 1016 1
56 45 0 0 14 1015 0
56 46 0 0 -7 1015 2
56 47 0 0 5 1011 3
56 48 0 0 -13 1009 0
56 49 0 0 5 1011 -2
56 50 0 0 -7 1013 -1
56 51 0 0 18 1017 -2
56 52 0 0 -7 1021 6
56 53 0 0 13 1008 5
56 54 0 0 1 1016 9
56 55 0 0 26 1008 -18
56 56 0 0 30 1035 -36
56 57 0 0 2 1000 13
57 2 0 0 -1093 533 8
57 3 0 23 -1267 533 40
57 4 0 46 0 0 0
57 5 0 86 -1319 488 50
57 6 0 148 0 0 0
57 7 0 239 0 0 0
57 8 0 368 0 0 0
57 9 0 536 0 0 0
57 10 0 738 0 0 0
57 11 0 956 0 0 0
57 12 0 1157 0 0 0
57 13 0 1294 0 0 0
57 14 0 1354 -1628 146 -10
57 15 0 1311 -1615 71 1
57 16 0 0 -1728 11 28
57 17 0 0 70 11 -2
57 18 0 255 104 114 -2
57 19 0 361 101 242 -5
57 20 0 501 56 280 0
57 21 0 652 105 402 -3
57 22 0 827 61 479 0
57 23 0 1024 94 576 -3
57 24 0 1236 42 653 -2
57 25 0 1451 65 710 -3
57 26 0 1651 26 766 0
57 27 0 1822 45 803 0
57 28 0 1963 13 835 1
57 29 0 2069 32 855 0
57 30 0 2145 5 874 2
57 31 0 2213 24 889 0
57 32 0 2297 0 899 2
57 33 0 2417 18 910 1
57 34 0 2580 -3 914 3
57 35 0 2780 14 921 1
57 36 0 2992 -5 921 3
57 37 0 3175 11 926 1
57 38 0 3280 -7 923 3
57 39 0 3267 9 926 1
57 40 0 3110 -8 921 3
57 41 0 0 11 930 0
57 42 0 80 -9 930 5
57 43 0 0 7 920 1
57 44 0 0 -9 911 3
57 45 0 0 14 933 -6
57 46 0 0 -11 934 10
57 47 0 0 5 912 2
57 48 0 0 -9 899 3
57 49 0 0 7 904 0
57 50 0 0 -8 896 3
57 51 0 0 8 912 -2
57 52 0 0 -8 910 1
57 53 0 0 6 921 0
57 54 0 0 -5 940 -6
57 55 0 0 2 947 -14
57 56 0 0 6 963 -19
57 57 0 0 -2 992 -9
58 2 0 0 -1042 533 14
58 3 0 24 -1229 496 36
58 4 0 48 0 0 0
58 5 0 91 0 0 0
58 6 0 158 0 0 0
58 7 0 256 0 0 0
58 8 0 396 0 0 0
58 9 0 580 -1373 356 5
58 10 0 805 0 0 0
58 11 0 1050 -1438 270 -5
58 12 0 1279 0 0 0
58 13 0 1447 -1505 208 3
58 14 0 1520 -1568 128 -7
58 15 0 1474 -1547 63 -2
58 16 0 0 -1639 -8 5
58 17 0 0 44 14 -1
58 18 0 0 19 148 -18
58 19 0 0 31 173 -19
58 20 0 0 -8 317 -3
58 21 0 0 27 335 -13
58 22 0 0 -30 528 10
58 23 0 0 -2 519 5
58 24 0 0 -32 683 4
58 25 0 0 -18 659 3
58 26 0 0 -25 794 3
58 27 0 0 -20 768 7
58 28 0 0 -21 874 5
58 29 0 0 -23 844 10
58 30 0 0 -20 927 6
58 31 0 0 -25 896 10
58 32 0 0 -18 964 6
58 33 0 0 -28 931 10
58 34 0 0 -17 989 6
58 35 0 0 -30 954 10
58 36 0 0 -17 1006 6
58 37 0 0 -29 970 11
58 38 0 0 -17 1019 5
58 39 0 0 -28 983 11
58 40 0 0 -17 1029 5
58 41 0 0 -29 994 11
58 42 0 0 -17 1035 7
58 43 0 0 -26 997 11
58 44 0 0 -21 1041 10
58 45 0 0 -31 1005 14
58 46 0 0 -17 1039 11
58 47 0 0 -21 1000 19
58 48 0 0 -20 1046 5
58 49 0 0 -30 1008 10
58 50 0 0 -19 1050 4
58 51 0 0 -28 1017 12
58 52 0 0 -19 1054 2
58 53 0 0 -34 1017 11
58 54 0 0 -13 1029 18
58 55 0 0 -22 1005 24
58 56 0 0 14 1003 35
58 57 0 0 -8 1009 7
59 2 0 0 -1064 533 8
59 3 0 27 -1225 528 40
59 4 0 55 0 0 0
59 5 0 103 -1281 463 51
59 6 0 178 0 0 0
59 7 0 289 -1321 394 0
59 8 0 440 0 0 0
59 9 0 642 0 0 0
59 10 0 890 0 0 0
59 11 0 1165 0 0 0
59 12 0 1427 0 0 0
59 13 0 1620 0 0 0
59 14 0 1701 -1516 83 -4
59 15 0 1650 -1502 53 -6
59 16 0 0 -1626 20 -6
60 2 0 0 -999 531 14
60 3 0 32 -1174 485 36
60 4 0 64 0 0 0
60 5 0 121 0 0 0
60 6 0 206 0 0 0
60 7 0 328 0 0 0
60 8 0 498 0 0 0
60 9 0 722 0 0 0
60 10 0 981 0 0 0
60 11 0 1280 0 0 0
60 12 0 1570 0 0 0
60 13 0 1781 0 0 0
60 14 0 1882 -1481 78 -6
60 15 0 1814 -1457 67 0
60 16 0 0 -1517 -9 -20
61 2 0 0 -1019 532 8
61 3 0 38 -1162 518 41
61 4 0 75 0 0 0
61 5 0 139 -1224 440 51
61 6 0 234 0 0 0
61 7 0 369 -1262 354 -2
61 8 0 551 0 0 0
61 9 0 788 -1304 302 4
61 10 0 1079 0 0 0
61 11 0 1406 -1370 206 -8
61 12 0 1684 0 0 0
61 13 0 1931 -1401 146 3
61 14 0 2011 -1445 15 0
61 15 0 1928 -1436 74 27
61 16 0 0 -1482 -3 -22
62 2 0 0 -937 529 14
62 3 0 42 -1105 479 34
62 4 0 83 0 0 0
62 5 0 154 -1154 422 52
62 6 0 256 0 0 0
62 7 0 398 -1185 323 -2
62 8 0 587 0 0 0
62 9 0 830 -1233 249 5
62 10 0 1128 0 0 0
62 11 0 1466 -1279 147 -10
62 12 0 1749 0 0 0
62 13 0 2010 -1345 42 2
62 14 0 2128 -1454 38 -6
62 15 0 1970 -1465 140 23
62 16 0 0 -1130 166 64
63 2 0 0 -958 534 10
63 3 0 44 -1091 517 41
63 4 0 86 0 0 0
63 5 0 159 0 0 0
63 6 0 262 0 0 0
63 7 0 405 0 0 0
63 8 0 592 0 0 0
63 9 0 832 0 0 0
63 10 0 1128 0 0 0
63 11 0 1469 0 0 0
63 12 0 1816 0 0 0
63 13 0 2128 0 0 0
63 14 0 2178 -1551 -2 -14
63 15 0 2136 -1619 114 -21
63 16 0 0 -882 254 70
64 2 0 0 -863 527 15
64 3 0 42 -1024 469 34
64 4 0 82 0 0 0
64 5 0 152 -1067 407 51
64 6 0 249 0 0 0
64 7 0 384 -1090 281 -1
64 8 0 560 -1126 208 2
64 9 0 787 0 0 0
64 10 0 1076 0 0 0
64 11 0 1418 0 0 0
64 12 0 1795 0 0 0
64 13 0 2171 0 0 0
64 14 0 2476 -1524 -41 -22
64 15 0 2721 -1604 -534 -43
64 16 0 0 224 -454 192
65 2 0 0 -883 533 11
65 3 0 37 -995 506 43
65 4 0 71 0 0 0
65 5 0 133 0 0 0
65 6 0 218 0 0 0
65 7 0 338 0 0 0
65 8 0 495 0 0 0
65 9 0 701 0 0 0
65 10 0 970 -1155 26 -8
65 11 0 1299 0 0 0
65 12 0 1677 -1254 -51 -29
65 13 0 2085 0 0 0
65 14 0 2488 -1201 -354 -14
65 15 0 2866 -1212 -681 -44
65 16 0 3220 -392 -1454 -43
65 17 0 3197 -166 -870 -7
65 18 0 3682 -53 -684 -4
65 19 0 4230 -1 -522 -14
65 20 0 4832 -13 -390 1
65 21 0 5474 -11 -372 4
65 22 0 6197 -9 -282 2
65 23 0 6924 2 -228 -10
65 24 0 7621 -7 -192 0
65 25 0 8254 1 -187 1
65 26 0 8787 -7 -146 2
65 27 0 9177 -4 -117 -3
65 28 0 9359 -10 -84 3
65 29 0 9252 -6 -85 -3
65 30 0 8788 -6 -63 0
65 31 0 7946 -4 -59 0
65 32 0 6786 -3 -34 1
65 33 0 5447 -5 -19 0
65 34 0 4102 -6 -6 0
66 2 0 0 -772 523 15
66 3 0 29 -936 467 33
66 4 0 56 0 0 0
66 5 0 106 -968 402 52
66 6 0 176 0 0 0
66 7 0 276 -983 274 -1
66 8 0 409 -987 186 5
66 9 0 589 0 0 0
66 10 0 835 0 0 0
66 11 0 1146 0 0 0
66 12 0 1523 0 0 0
66 13 0 1960 0 0 0
66 14 0 2435 -957 -318 -40
66 15 0 2938 -952 -550 -41
66 16 0 3473 -669 -735 -37
66 17 0 3837 -350 -708 -40
66 18 0 4528 -227 -534 -14
66 19 0 5326 -152 -473 -17
66 20 0 6193 -127 -365 -9
66 21 0 7127 -79 -311 -7
66 22 0 8071 -77 -262 -5
66 23 0 8979 -45 -231 -1
66 24 0 9799 -61 -199 -9
66 25 0 10491 -32 -167 -2
66 26 0 11033 -44 -149 -8
66 27 0 11401 -24 -122 0
66 28 0 11549 -37 -107 -7
66 29 0 11394 -18 -82 -2
66 30 0 10841 -28 -70 -4
66 31 0 9836 -15 -53 0
66 32 0 8422 -26 -41 0
66 33 0 6756 -17 -18 0
66 34 0 5061 -27 -2 0
67 2 0 0 -794 531 13
67 3 0 20 -912 512 44
67 4 0 40 0 0 0
67 5 0 78 0 0 0
67 6 0 130 0 0 0
67 7 0 209 0 0 0
67 8 0 317 0 0 0
67 9 0 471 0 0 0
67 10 0 690 -1004 11 -7
67 11 0 982 0 0 0
67 12 0 1357 -968 -122 -11
67 13 0 1823 0 0 0
67 14 0 2372 -807 -350 -19
67 15 0 3006 -698 -418 -36
67 16 0 3735 -583 -572 -22
67 17 0 4478 -368 -486 -23
67 18 0 5409 -320 -448 -17
67 19 0 6508 -213 -389 -16
67 20 0 7688 -183 -354 -8
67 21 0 8924 -125 -289 -8
67 22 0 10126 -117 -267 -3
67 23 0 11219 -82 -223 -6
67 24 0 12136 -88 -201 -14
67 25 0 12837 -61 -163 -4
67 26 0 13321 -70 -151 -11
67 27 0 13599 -50 -115 -4
67 28 0 13654 -58 -110 -8
67 29 0 13408 -42 -78 -4
67 30 0 12748 -45 -72 -5
67 31 0 11583 -40 -52 0
67 32 0 9933 -49 -43 1
67 33 0 7965 -40 -21 0
67 34 0 5945 -33 -3 1
68 2 0 0 -683 522 15
68 3 0 13 -846 465 33
68 4 0 26 0 0 0
68 5 0 52 -871 400 52
68 6 0 89 0 0 0
68 7 0 149 -874 273 -1
68 8 0 233 -867 192 3
68 9 0 361 0 0 0
68 10 0 556 0 0 0
68 11 0 829 0 0 0
68 12 0 1201 0 0 0
68 13 0 1694 0 0 0
68 14 0 2315 0 0 0
68 15 0 3081 0 0 0
68 16 0 4007 0 0 0
68 17 0 5096 0 0 0
68 18 0 6305 0 0 0
68 19 0 7733 0 0 0
68 20 0 9257 0 0 0
68 21 0 10811 -232 -250 -5
68 22 0 12273 0 0 0
68 23 0 13532 -163 -200 -2
68 24 0 14507 0 0 0
68 25 0 15164 -121 -152 -3
68 26 0 15529 0 0 0
68 27 0 15651 -95 -115 -3
68 28 0 15550 0 0 0
68 29 0 15161 -79 -79 -3
68 30 0 14361 0 0 0
68 31 0 13031 -66 -53 0
68 32 0 11174 -59 -30 0
68 33 0 8955 -51 -11 0
68 34 0 6670 -54 -1 0
69 2 0 0 -707 529 15
69 3 0 7 -820 512 46
69 4 0 15 0 0 0
69 5 0 32 0 0 0
69 6 0 57 0 0 0
69 7 0 101 0 0 0
69 8 0 165 0 0 0
69 9 0 272 0 0 0
69 10 0 445 -844 33 -3
69 11 0 699 0 0 0
69 12 0 1068 -803 -81 -12
69 13 0 1585 0 0 0
69 14 0 2273 -751 -257 -10
69 15 0 3164 0 0 0
69 16 0 4279 -535 -332 -25
69 17 0 5620 0 0 0
69 18 0 7163 -341 -302 -14
69 19 0 8910 0 0 0
69 20 0 10765 0 0 0
69 21 0 12618 0 0 0
69 22 0 14316 0 0 0
69 23 0 15714 0 0 0
69 24 0 16716 0 0 0
69 25 0 17299 0 0 0
69 26 0 17513 0 0 0
69 27 0 17443 0 0 0
69 28 0 17141 0 0 0
69 29 0 16565 0 0 0
69 30 0 15590 0 0 0
69 31 0 14089 0 0 0
69 32 0 12056 -74 -35 5
69 33 0 9653 -67 -23 4
69 34 0 7185 -58 -4 0
70 2 0 0 -599 520 14
70 3 0 4 -759 467 32
70 4 0 8 0 0 0
70 5 0 18 -775 407 53
70 6 0 35 0 0 0
70 7 0 67 -774 288 -1
70 8 0 116 -755 217 4
70 9 0 204 0 0 0
70 10 0 357 0 0 0
70 11 0 595 0 0 0
70 12 0 958 0 0 0
70 13 0 1493 0 0 0
70 14 0 2238 0 0 0
70 15 0 3240 0 0 0
70 16 0 4522 -443 -199 -2
70 17 0 6081 0 0 0
70 18 0 7890 0 0 0
70 19 0 9906 -335 -211 -5
70 20 0 12025 0 0 0
70 21 0 14117 -251 -186 -5
70 22 0 16004 0 0 0
70 23 0 17516 -190 -154 -3
70 24 0 18539 0 0 0
70 25 0 19055 -148 -122 -2
70 26 0 19131 0 0 0
70 27 0 18877 -120 -93 -1
70 28 0 18373 0 0 0
70 29 0 17592 -99 -66 0
70 30 0 16425 0 0 0
70 31 0 14754 -87 -46 2
70 32 0 12578 -81 -20 3
70 33 0 10053 -78 -11 1
70 34 0 7481 -73 -2 -5
71 2 0 0 -625 528 18
71 3 0 1 -739 518 46
71 4 0 3 0 0 0
71 5 0 10 0 0 0
71 6 0 21 0 0 0
71 7 0 44 0 0 0
71 8 0 82 0 0 0
71 9 0 155 0 0 0
71 10 0 290 -728 81 -4
71 11 0 511 0 0 0
71 12 0 865 -669 11 0
71 13 0 1406 0 0 0
71 14 0 2190 -580 -123 -6
71 15 0 3275 0 0 0
71 16 0 4681 0 0 0
71 17 0 6394 0 0 0
71 18 0 8376 0 0 0
71 19 0 10557 0 0 0
71 20 0 12836 0 0 0
71 21 0 15077 0 0 0
71 22 0 17099 0 0 0
71 23 0 18712 0 0 0
71 24 0 19783 0 0 0
71 25 0 20284 0 0 0
71 26 0 20283 0 0 0
71 27 0 19903 0 0 0
71 28 0 19232 0 0 0
71 29 0 18266 0 0 0
71 30 0 16915 0 0 0
71 31 0 15088 0 0 0
71 32 0 12799 -100 -34 6
71 33 0 10204 -91 -24 4
71 34 0 7592 -81 -5 0
72 2 0 0 -524 519 13
72 3 0 0 -675 468 32
72 4 0 1 0 0 0
72 5 0 5 -687 413 53
72 6 0 12 0 0 0
72 7 0 30 -683 301 -1
72 8 0 58 -663 238 4
72 9 0 118 0 0 0
72 10 0 235 -634 118 -1
72 11 0 436 0 0 0
72 12 0 770 -590 53 0
72 13 0 1302 0 0 0
72 14 0 2098 -521 -37 2
72 15 0 3222 0 0 0
72 16 0 4693 0 0 0
72 17 0 6480 -433 -86 1
72 18 0 8529 0 0 0
72 19 0 10764 -346 -107 1
72 20 0 13090 0 0 0
72 21 0 15394 -273 -106 1
72 22 0 17506 0 0 0
72 23 0 19225 -219 -98 1
72 24 0 20392 0 0 0
72 25 0 20956 -174 -80 0
72 26 0 20964 0 0 0
72 27 0 20531 -146 -66 0
72 28 0 19749 0 0 0
72 29 0 18630 -122 -46 0
72 30 0 17114 0 0 0
72 31 0 15148 -110 -33 2
72 32 0 12772 -102 -13 1
72 33 0 10146 -100 -7 0
72 34 0 7541 -92 -1 -2
73 2 0 0 -549 527 19
73 3 0 0 -658 520 48
73 4 0 0 0 0 0
73 5 0 2 0 0 0
73 6 0 7 0 0 0
73 7 0 20 0 0 0
73 8 0 42 0 0 0
73 9 0 90 0 0 0
73 10 0 188 0 0 0
73 11 0 366 0 0 0
73 12 0 673 0 0 0
73 13 0 1175 0 0 0
73 14 0 1950 0 0 0
73 15 0 3067 0 0 0
73 16 0 4538 0 0 0
73 17 0 6321 0 0 0
73 18 0 8351 0 0 0
73 19 0 10551 0 0 0
73 20 0 12852 0 0 0
73 21 0 15167 0 0 0
73 22 0 17349 0 0 0
73 23 0 19190 0 0 0
73 24 0 20504 0 0 0
73 25 0 21201 0 0 0
73 26 0 21295 0 0 0
73 27 0 20877 0 0 0
73 28 0 20033 0 0 0
73 29 0 18792 0 0 0
73 30 0 17131 0 0 0
73 31 0 15043 0 0 0
73 32 0 12599 -117 -23 7
73 33 0 9963 -110 -19 3
73 34 0 7388 -98 -5 0
74 2 0 0 -457 518 11
74 3 0 0 -598 472 32
74 4 0 0 0 0 0
74 5 0 1 -605 423 53
74 6 0 4 0 0 0
74 7 0 13 -599 319 0
74 8 0 29 -578 264 4
74 9 0 66 0 0 0
74 10 0 146 -550 157 -2
74 11 0 296 0 0 0
74 12 0 566 -510 110 0
74 13 0 1020 0 0 0
74 14 0 1742 0 0 0
74 15 0 2806 -454 23 0
74 16 0 4223 0 0 0
74 17 0 5948 -377 -4 0
74 18 0 7914 0 0 0
74 19 0 10055 -322 -47 0
74 20 0 12326 0 0 0
74 21 0 14663 -264 -48 0
74 22 0 16938 0 0 0
74 23 0 18931 -220 -56 0
74 24 0 20429 0 0 0
74 25 0 21303 -183 -48 0
74 26 0 21530 0 0 0
74 27 0 21169 -155 -41 0
74 28 0 20290 0 0 0
74 29 0 18935 -134 -30 0
74 30 0 17124 0 0 0
74 31 0 14905 -121 -23 1
74 32 0 12383 -121 -5 0
74 33 0 9732 -115 -2 0
74 34 0 7189 -107 -1 -2
75 2 0 0 -479 527 20
75 3 0 0 -587 526 49
75 4 0 0 0 0 0
75 5 0 0 0 0 0
75 6 0 2 0 0 0
75 7 0 9 0 0 0
75 8 0 19 0 0 0
75 9 0 47 0 0 0
75 10 0 108 0 0 0
75 11 0 230 0 0 0
75 12 0 458 0 0 0
75 13 0 854 0 0 0
75 14 0 1505 0 0 0
75 15 0 2489 0 0 0
75 16 0 3823 0 0 0
75 17 0 5471 0 0 0
75 18 0 7374 0 0 0
75 19 0 9485 0 0 0
75 20 0 11778 0 0 0
75 21 0 14197 0 0 0
75 22 0 16611 0 0 0
75 23 0 18784 0 0 0
75 24 0 20481 0 0 0
75 25 0 21545 0 0 0
75 26 0 21926 0 0 0
75 27 0 21646 0 0 0
75 28 0 20754 0 0 0
75 29 0 19294 0 0 0
75 30 0 17327 0 0 0
75 31 0 14953 0 0 0
75 32 0 12320 -130 -19 5
75 33 0 9614 -122 -17 3
75 34 0 7059 -113 -4 0
76 2 0 0 -396 518 9
76 3 0 0 -528 475 31
76 5 0 0 -530 430 54
76 6 0 1 0 0 0
76 7 0 5 -525 333 0
76 8 0 12 -506 286 5
76 9 0 31 0 0 0
76 10 0 78 -481 189 -1
76 11 0 174 0 0 0
76 12 0 364 -450 147 0
76 13 0 707 0 0 0
76 14 0 1288 0 0 0
76 15 0 2197 -406 75 0
76 16 0 3453 0 0 0
76 17 0 5037 -357 43 0
76 18 0 6907 0 0 0
76 19 0 9041 -303 10 0
76 20 0 11428 0 0 0
76 21 0 14004 -259 -4 0
76 22 0 16615 0 0 0
76 23 0 18990 -219 -15 0
76 24 0 20881 0 0 0
76 25 0 22132 -187 -17 0
76 26 0 22679 0 0 0
76 27 0 22514 -162 -17 0
76 28 0 21649 0 0 0
76 29 0 20113 -141 -13 0
76 30 0 17992 0 0 0
76 31 0 15433 -130 -10 0
76 32 0 12625 -132 2 -2
76 33 0 9777 -126 2 0
76 34 0 7119 -149 2 -21
77 2 0 0 -416 527 21
77 3 0 0 -520 530 50
77 5 0 0 0 0 0
77 6 0 1 0 0 0
77 7 0 3 0 0 0
77 8 0 8 0 0 0
77 9 0 20 0 0 0
77 10 0 56 0 0 0
77 11 0 133 0 0 0
77 12 0 294 0 0 0
77 13 0 597 0 0 0
77 14 0 1129 0 0 0
77 15 0 1988 0 0 0
77 16 0 3199 0 0 0
77 17 0 4759 0 0 0
77 18 0 6644 0 0 0
77 19 0 8863 0 0 0
77 20 0 11417 0 0 0
77 21 0 14216 0 0 0
77 22 0 17053 0 0 0
77 23 0 19617 0 0 0
77 24 0 21665 0 0 0
77 25 0 23070 0 0 0
77 26 0 23784 0 0 0
77 27 0 23773 0 0 0
77 28 0 22994 0 0 0
77 29 0 21436 0 0 0
77 30 0 19185 0 0 0
77 31 0 16418 0 0 0
77 32 0 13363 -135 -11 4
77 33 0 10270 -129 -14 3
77 34 0 7397 -121 -3 0
78 2 0 0 -343 517 7
78 3 0 0 -464 481 30
78 5 0 0 -462 439 55
78 6 0 0 0 0 0
78 7 0 2 -457 347 0
78 8 0 4 -441 307 5
78 9 0 12 0 0 0
78 10 0 40 -417 218 -1
78 11 0 105 0 0 0
78 12 0 247 -392 182 0
78 13 0 529 0 0 0
78 14 0 1040 0 0 0
78 15 0 1888 -356 117 0
78 16 0 3102 0 0 0
78 17 0 4697 -314 87 0
78 18 0 6659 0 0 0
78 19 0 9030 -277 49 0
78 20 0 11815 0 0 0
78 21 0 14880 -240 33 0
78 22 0 17947 0 0 0
78 23 0 20661 -209 16 0
78 24 0 22796 0 0 0
78 25 0 24291 -181 9 0
78 26 0 25137 0 0 0
78 27 0 25282 -160 3 0
78 28 0 24625 0 0 0
78 29 0 23085 -141 1 0
78 30 0 20724 0 0 0
78 31 0 17726 -130 0 0
78 32 0 14364 -134 8 -3
78 33 0 10942 -130 6 -1
78 34 0 7775 -122 0 -1
79 2 0 0 -358 527 21
79 3 0 0 -461 536 49
79 5 0 0 0 0 0
79 6 0 0 0 0 0
79 7 0 1 0 0 0
79 8 0 2 0 0 0
79 9 0 8 0 0 0
79 10 0 30 0 0 0
79 11 0 90 0 0 0
79 12 0 223 0 0 0
79 13 0 499 0 0 0
79 14 0 1015 0 0 0
79 15 0 1893 0 0 0
79 16 0 3174 0 0 0
79 17 0 4888 0 0 0
79 18 0 7033 0 0 0
79 19 0 9666 0 0 0
79 20 0 12776 0 0 0
79 21 0 16164 0 0 0
79 22 0 19465 0 0 0
79 23 0 22271 0 0 0
79 24 0 24389 0 0 0
79 25 0 25843 0 0 0
79 26 0 26689 0 0 0
79 27 0 26884 0 0 0
79 28 0 26275 0 0 0
79 29 0 24714 0 0 0
79 30 0 22213 0 0 0
79 31 0 18954 0 0 0
79 32 0 15252 -134 -8 4
79 33 0 11485 -130 -7 1
79 34 0 8032 -124 -1 0
80 2 0 0 -296 517 5
80 3 0 0 -405 488 28
80 6 0 0 0 0 0
80 7 0 0 -395 359 0
80 8 0 2 -383 325 6
80 9 0 6 0 0 0
80 10 0 25 -362 241 0
80 11 0 83 0 0 0
80 12 0 213 -343 209 0
80 13 0 498 0 0 0
80 14 0 1045 0 0 0
80 15 0 2002 -314 149 0
80 16 0 3443 0 0 0
80 17 0 5428 -284 120 0
80 18 0 7948 0 0 0
80 19 0 11045 -252 84 0
80 20 0 14649 0 0 0
80 21 0 18460 -223 63 0
80 22 0 21996 0 0 0
80 23 0 24803 -196 44 0
80 24 0 26730 0 0 0
80 25 0 27899 -173 31 0
80 26 0 28468 0 0 0
80 27 0 28452 -154 22 0
80 28 0 27683 0 0 0
80 29 0 25951 -138 14 0
80 30 0 23221 0 0 0
80 31 0 19664 -128 10 0
80 32 0 15644 -135 11 -3
80 33 0 11602 -129 13 -2
80 34 0 7970 -120 1 -1
81 2 0 0 -304 527 20
81 3 0 0 -405 540 49
81 5 0 0 -401 447 56
81 6 0 0 0 0 0
81 7 0 0 0 0 0
81 8 0 2 0 0 0
81 9 0 6 0 0 0
81 10 0 24 0 0 0
81 11 0 83 0 0 0
81 12 0 217 0 0 0
81 13 0 523 0 0 0
81 14 0 1133 0 0 0
81 15 0 2238 0 0 0
81 16 0 3985 0 0 0
81 17 0 6480 0 0 0
81 18 0 9688 0 0 0
81 19 0 13572 0 0 0
81 20 0 17936 0 0 0
81 21 0 22306 0 0 0
81 22 0 26043 0 0 0
81 23 0 28674 0 0 0
81 24 0 30136 0 0 0
81 25 0 30671 0 0 0
81 26 0 30568 0 0 0
81 27 0 29956 0 0 0
81 28 0 28710 0 0 0
81 29 0 26587 0 0 0
81 30 0 23515 0 0 0
81 31 0 19648 0 0 0
81 32 0 15388 -130 -2 3
81 33 0 11210 -125 -4 1
81 34 0 7557 -119 -1 -1
82 2 0 0 -255 518 3
82 3 0 0 -350 496 26
82 6 0 0 0 0 0
82 7 0 0 0 0 0
82 8 0 2 0 0 0
82 9 0 8 0 0 0
82 10 0 27 0 0 0
82 11 0 92 0 0 0
82 12 0 240 -295 231 0
82 13 0 584 0 0 0
82 14 0 1293 0 0 0
82 15 0 2620 -271 175 0
82 16 0 4831 0 0 0
82 17 0 8109 -248 147 0
82 18 0 12381 0 0 0
82 19 0 17467 -223 110 0
82 20 0 22951 0 0 0
82 21 0 28040 -200 88 0
82 22 0 31820 0 0 0
82 23 0 33890 -179 66 0
82 24 0 34474 0 0 0
82 25 0 34002 -159 50 0
82 26 0 32870 0 0 0
82 27 0 31314 -144 37 0
82 28 0 29289 0 0 0
82 29 0 26573 -129 26 0
82 30 0 23080 0 0 0
82 31 0 18949 -120 19 -1
82 32 0 14579 -129 17 -4
82 33 0 10433 -122 16 -2
82 34 0 6914 -110 1 -2
83 2 0 0 -255 528 19
83 3 0 0 -351 542 50
83 5 0 0 -344 454 57
83 6 0 0 0 0 0
83 7 0 0 -337 369 0
83 8 0 3 -329 339 6
83 9 0 11 0 0 0
83 10 0 35 -310 261 0
83 11 0 113 0 0 0
83 12 0 285 0 0 0
83 13 0 680 0 0 0
83 14 0 1509 0 0 0
83 15 0 3095 0 0 0
83 16 0 5855 0 0 0
83 17 0 10070 0 0 0
83 18 0 15646 0 0 0
83 19 0 22242 0 0 0
83 20 0 29173 0 0 0
83 21 0 35142 0 0 0
83 22 0 38760 0 0 0
83 23 0 39782 0 0 0
83 24 0 39015 0 0 0
83 25 0 37254 0 0 0
83 26 0 34932 0 0 0
83 27 0 32280 0 0 0
83 28 0 29321 0 0 0
83 29 0 25915 0 0 0
83 30 0 22017 0 0 0
83 31 0 17740 0 0 0
83 32 0 13429 -120 3 1
83 33 0 9476 -116 0 1
83 34 0 6206 -110 -1 -1
84 2 0 0 -218 519 1
84 3 0 0 -298 505 23
84 8 0 5 0 0 0
84 9 0 17 0 0 0
84 10 0 54 0 0 0
84 11 0 156 0 0 0
84 12 0 376 0 0 0
84 13 0 847 0 0 0
84 14 0 1815 0 0 0
84 15 0 3678 0 0 0
84 16 0 7010 0 0 0
84 17 0 12156 0 0 0
84 18 0 18967 0 0 0
84 19 0 26943 0 0 0
84 20 0 35193 0 0 0
84 21 0 41998 0 0 0
84 22 0 45476 0 0 0
84 23 0 45404 -159 84 0
84 24 0 43154 0 0 0
84 25 0 40017 -144 66 0
84 26 0 36515 0 0 0
84 27 0 32787 -131 51 0
84 28 0 28868 0 0 0
84 29 0 24755 -119 37 0
84 30 0 20499 0 0 0
84 31 0 16201 -110 27 -2
84 32 0 12100 -118 21 -6
84 33 0 8465 -110 18 -3
84 34 0 5513 -101 1 -1
85 2 0 0 -212 529 19
85 3 0 0 -299 541 50
85 5 0 0 -292 458 59
85 7 0 0 -284 377 0
85 8 0 8 -280 350 6
85 9 0 27 0 0 0
85 10 0 87 -263 276 0
85 11 0 238 0 0 0
85 12 0 542 -252 249 0
85 13 0 1140 0 0 0
85 14 0 2316 0 0 0
85 15 0 4592 -233 196 0
85 16 0 8688 0 0 0
85 17 0 14856 -215 168 0
85 18 0 22679 0 0 0
85 19 0 31435 -195 132 0
85 20 0 40139 0 0 0
85 21 0 47172 -177 107 0
85 22 0 50678 0 0 0
85 23 0 50130 0 0 0
85 24 0 46852 0 0 0
85 25 0 42504 0 0 0
85 26 0 37869 0 0 0
85 27 0 33101 0 0 0
85 28 0 28247 0 0 0
85 29 0 23427 0 0 0
85 30 0 18820 0 0 0
85 31 0 14544 0 0 0
85 32 0 10718 -105 9 0
85 33 0 7452 -102 3 0
85 34 0 4842 -98 0 -1
86 2 0 0 -181 519 0
86 3 0 0 -245 508 22
86 8 0 11 0 0 0
86 9 0 41 0 0 0
86 10 0 135 0 0 0
86 11 0 353 0 0 0
86 12 0 783 0 0 0
86 13 0 1575 0 0 0
86 14 0 3090 0 0 0
86 15 0 6076 0 0 0
86 16 0 11427 0 0 0
86 17 0 19115 0 0 0
86 18 0 28242 0 0 0
86 19 0 37674 0 0 0
86 20 0 45977 0 0 0
86 21 0 52156 0 0 0
86 22 0 55434 0 0 0
86 23 0 54842 0 0 0
86 24 0 50957 0 0 0
86 25 0 45516 -125 78 0
86 26 0 39644 0 0 0
86 27 0 33735 -116 62 0
86 28 0 27926 0 0 0
86 29 0 22393 -103 45 0
86 30 0 17390 0 0 0
86 31 0 13081 -93 37 -2
86 32 0 9482 -104 30 -6
86 33 0 6536 -95 20 -4
86 34 0 4224 -84 3 0
87 2 0 0 -169 531 18
87 3 0 0 -247 540 53
87 5 0 0 -244 463 62
87 7 0 0 -232 382 0
87 8 0 15 -234 358 6
87 9 0 54 0 0 0
87 10 0 180 -217 288 0
87 11 0 464 0 0 0
87 12 0 1023 -210 263 0
87 13 0 2030 0 0 0
87 14 0 3976 0 0 0
87 15 0 7925 -194 213 0
87 16 0 15077 0 0 0
87 17 0 25306 -181 184 0
87 18 0 37248 0 0 0
87 19 0 48734 -165 149 0
87 20 0 56757 0 0 0
87 21 0 60998 -151 123 0
87 22 0 62775 0 0 0
87 23 0 61182 -138 99 0
87 24 0 56183 0 0 0
87 25 0 49402 0 0 0
87 26 0 42042 0 0 0
87 27 0 34777 0 0 0
87 28 0 27960 0 0 0
87 29 0 21761 0 0 0
87 30 0 16392 0 0 0
87 31 0 12019 0 0 0
87 32 0 8565 -85 17 -3
87 33 0 5832 -84 8 -1
87 34 0 3715 -83 2 3
88 2 0 0 -145 521 0
88 3 0 0 -192 507 24
88 8 0 15 0 0 0
88 9 0 59 0 0 0
88 10 0 198 0 0 0
88 11 0 508 0 0 0
88 12 0 1134 0 0 0
88 13 0 2290 0 0 0
88 14 0 4630 0 0 0
88 15 0 9588 0 0 0
88 16 0 18960 0 0 0
88 17 0 33060 0 0 0
88 18 0 50168 0 0 0
88 19 0 66390 0 0 0
88 20 0 75743 0 0 0
88 21 0 77426 0 0 0
88 22 0 74958 0 0 0
88 23 0 69296 0 0 0
88 24 0 61507 0 0 0
88 25 0 52980 -106 88 0
88 26 0 44107 -100 74 0
88 27 0 35473 0 0 0
88 28 0 27718 -93 55 0
88 29 0 21043 0 0 0
88 30 0 15525 0 0 0
88 31 0 11219 -84 44 -1
88 32 0 7920 -83 34 -5
88 33 0 5330 -74 23 -5
88 34 0 3318 -62 4 0
89 2 0 0 -126 532 16
89 3 0 0 -195 537 52
89 5 0 0 -199 463 62
89 7 0 0 -184 387 0
89 8 0 13 -192 363 5
89 9 0 51 0 0 0
89 10 0 175 -175 297 -1
89 11 0 450 0 0 0
89 12 0 1047 -170 273 -1
89 13 0 2247 0 0 0
89 14 0 4995 0 0 0
89 15 0 11313 -157 225 0
89 16 0 23880 0 0 0
89 17 0 43347 -148 197 0
89 18 0 67717 0 0 0
89 19 0 91822 -136 161 0
89 20 0 104101 0 0 0
89 21 0 101052 -125 135 0
89 22 0 89951 0 0 0
89 23 0 76277 -115 110 0
89 24 0 63876 0 0 0
89 25 0 53590 0 0 0
89 26 0 43845 0 0 0
89 27 0 34441 0 0 0
89 28 0 26211 0 0 0
89 29 0 19494 0 0 0
89 30 0 14232 0 0 0
89 31 0 10257 0 0 0
89 32 0 7246 -65 28 -1
89 33 0 4813 -58 12 0
89 34 0 2936 -59 1 1
90 2 0 0 -109 525 2
90 3 0 0 -139 505 28
90 8 0 9 0 0 0
90 9 0 35 0 0 0
90 10 0 123 0 0 0
90 11 0 323 0 0 0
90 12 0 827 0 0 0
90 13 0 2084 0 0 0
90 14 0 5675 0 0 0
90 15 0 14625 0 0 0
90 16 0 31784 0 0 0
90 17 0 56581 0 0 0
90 18 0 87716 0 0 0
90 19 0 120140 0 0 0
90 20 0 133391 0 0 0
90 21 0 121083 0 0 0
90 22 0 99032 0 0 0
90 23 0 77486 0 0 0
90 24 0 61042 -87 94 0
90 25 0 49703 0 0 0
90 26 0 40089 -83 79 0
90 27 0 30920 0 0 0
90 28 0 22977 -84 70 0
90 29 0 16768 -67 59 4
90 30 0 12130 -71 67 5
90 31 0 8755 -57 52 1
90 32 0 6200 -63 47 0
90 33 0 4048 -51 25 0
90 34 0 2426 -42 3 0
91 2 0 0 -82 533 10
91 3 0 0 -146 530 54
91 5 0 0 -157 461 62
91 7 0 0 -136 389 1
91 8 0 5 -149 367 4
91 9 0 19 0 0 0
91 10 0 69 -133 305 -2
91 11 0 193 0 0 0
91 12 0 602 -132 280 -1
91 13 0 1993 0 0 0
91 14 0 6706 0 0 0
91 15 0 18456 -121 235 -1
91 16 0 38603 0 0 0
91 17 0 64763 -115 206 0
91 18 0 97657 0 0 0
91 19 0 131885 -105 171 0
91 20 0 140763 0 0 0
91 21 0 119272 -99 144 0
91 22 0 91928 0 0 0
91 23 0 69603 -92 118 0
91 24 0 53510 0 0 0
91 25 0 42822 0 0 0
91 26 0 34155 0 0 0
91 27 0 25926 0 0 0
91 28 0 18815 -77 57 -3
91 29 0 13434 -72 59 0
91 30 0 9537 -74 66 1
91 31 0 6791 -57 66 1
91 32 0 4472 -39 49 0
91 33 0 2989 -27 25 0
91 34 0 1774 -35 3 0
92 2 0 0 -72 513 8
92 3 0 0 -90 503 35
92 5 0 0 -125 461 59
92 7 0 0 -90 396 8
92 8 0 2 -110 367 7
92 9 0 8 0 0 0
92 10 0 31 -92 312 1
92 11 0 104 0 0 0
92 12 0 439 -94 284 1
92 13 0 1846 0 0 0
92 14 0 6798 0 0 0
92 15 0 18366 -85 241 1
92 16 0 36462 0 0 0
92 17 0 59271 -82 211 1
92 18 0 87612 0 0 0
92 19 0 113489 -75 177 0
92 20 0 114208 0 0 0
92 21 0 91045 -71 149 1
92 22 0 68670 0 0 0
92 23 0 53957 -67 122 1
92 24 0 43688 -65 96 0
92 25 0 35883 0 0 0
92 26 0 28622 -66 79 -1
92 27 0 21400 0 0 0
92 28 0 15134 -85 71 -4
92 29 0 10500 -78 66 -1
92 30 0 7120 -82 88 0
92 31 0 0 -36 112 -17
92 32 0 0 1 59 9
92 33 0 0 -2 32 -3
92 34 0 0 -3 9 0
93 2 0 0 -42 525 6
93 3 0 0 -72 522 48
93 8 0 0 0 0 0
93 9 0 2 0 0 0
93 10 0 11 0 0 0
93 11 0 56 0 0 0
93 12 0 321 0 0 0
93 13 0 1546 0 0 0
93 14 0 5754 0 0 0
93 15 0 14806 0 0 0
93 16 0 28077 0 0 0
93 17 0 44770 0 0 0
93 18 0 63575 0 0 0
93 19 0 76539 0 0 0
93 20 0 71742 0 0 0
93 21 0 54295 0 0 0
93 22 0 41486 0 0 0
93 23 0 36515 0 0 0
93 24 0 33893 0 0 0
93 25 0 29984 0 0 0
93 26 0 24298 0 0 0
93 27 0 18016 0 0 0
93 28 0 12494 -65 51 -2
93 29 0 8439 -77 54 -1
93 30 0 0 -139 113 -10
93 31 0 0 -19 18 -1
94 2 0 0 -15 535 0
94 3 0 0 -37 477 45
94 5 0 0 -79 439 12
94 7 0 0 -50 402 0
94 8 0 0 -73 362 -2
94 9 0 0 0 0 0
94 10 0 3 -56 319 0
94 11 0 30 0 0 0
94 12 0 212 -61 285 0
94 13 0 1095 0 0 0
94 14 0 4094 0 0 0
94 15 0 10256 -52 245 0
94 16 0 18900 0 0 0
94 17 0 28945 -52 213 1
94 18 0 37735 0 0 0
94 19 0 41291 -46 180 1
94 20 0 36461 0 0 0
94 21 0 26847 -45 151 1
94 22 0 21552 0 0 0
94 23 0 22463 -42 123 1
94 24 0 24601 -44 95 1
94 25 0 23734 0 0 0
94 26 0 19880 0 0 0
94 27 0 14932 -44 71 0
94 28 0 10384 -66 54 -3
94 29 0 6952 -64 36 0
94 30 0 0 -68 -12 11
95 2 0 0 -3 492 -6
95 3 0 0 -54 481 25
95 8 0 0 0 0 0
95 9 0 0 0 0 0
95 10 0 1 0 0 0
95 11 0 14 0 0 0
95 12 0 107 0 0 0
95 13 0 557 0 0 0
95 14 0 2082 0 0 0
95 15 0 5231 0 0 0
95 16 0 9788 0 0 0
95 17 0 14788 0 0 0
95 18 0 17795 0 0 0
95 19 0 17730 0 0 0
95 20 0 15118 0 0 0
95 21 0 11409 0 0 0
95 22 0 10172 0 0 0
95 23 0 12530 0 0 0
95 24 0 15631 0 0 0
95 25 0 16426 0 0 0
95 26 0 14634 0 0 0
95 27 0 11492 0 0 0
95 28 0 8234 -36 42 0
95 29 0 5611 -45 27 0
95 30 0 0 -50 7 -5
96 2 0 0 69 479 8
96 3 0 0 -5 520 1
96 4 0 0 -59 481 23
96 5 0 0 -4 456 0
96 6 0 0 -52 431 -2
96 7 0 0 3 416 -3
96 8 0 0 -52 398 3
96 9 0 0 -10 372 1
96 10 0 0 -54 357 5
96 11 0 4 -1 337 2
96 12 0 36 -50 318 5
96 13 0 180 -7 292 3
96 14 0 661 -48 278 5
96 15 0 1682 -2 256 3
96 16 0 3301 -45 240 5
96 17 0 5139 -5 218 3
96 18 0 6042 -42 205 4
96 19 0 5776 -4 185 2
96 20 0 5010 -39 172 4
96 21 0 4214 -6 151 2
96 22 0 4456 -36 141 3
96 23 0 6254 -7 121 2
96 24 0 8565 -34 110 3
96 25 0 9866 -11 89 1
96 26 0 9550 -32 79 3
96 27 0 7971 -17 57 0
96 28 0 5954 -30 49 1
96 29 0 4202 -27 26 0
96 30 0 0 -26 -3 -1
97 2 0 0 40 545 -42
97 3 0 0 13 479 50
97 4 0 0 -46 444 -14
97 5 0 0 -34 434 -17
97 6 0 0 -35 444 4
97 7 0 0 -10 408 -7
97 8 0 0 -31 407 8
97 9 0 0 -9 369 -3
97 10 0 0 -29 356 10
97 11 0 0 -6 322 -4
97 12 0 0 -26 318 9
97 13 0 0 -7 288 -3
97 14 0 0 -23 273 9
97 15 0 0 -3 247 -4
97 16 0 0 -20 236 8
97 17 0 0 -3 214 -3
97 18 0 0 -17 198 7
97 19 0 0 -2 180 -3
97 20 0 0 -15 165 6
97 21 0 0 -2 150 -3
97 22 0 0 -14 131 6
97 23 0 0 -3 122 -2
97 24 0 0 -18 102 6
97 25 0 0 -9 91 -1
97 26 0 0 -17 68 5
97 27 0 0 -11 60 0
97 28 0 0 -13 36 2
97 29 0 0 -3 14 0
97 30 0 0 -4 2 0
