env_min(m) 0.0000 0.0000 0.0000
env_max(m) 10.0000 10.0000 3.0000
NumCells_XYZ 100 100 30
CellSizes_XYZ[m] 0.1000 0.1000 0.1000
GasSourceLocation_XYZ[m] 9.2143 1.8571 0.5000
GasType ethanol
Cell_x	 Cell_y	 Cell_z	 Gas_conc[10^⁻3ppm]	 Wind_u[10^⁻3m/s]	 Wind_v[10^⁻3m/s]	 Wind_w[10^⁻3m/s]
2 2 0 0 -43 534 -45
2 3 0 0 -19 474 3
2 4 0 0 -6 548 32
2 5 0 0 -11 537 11
2 6 0 0 1 547 8
2 7 0 0 0 549 -8
2 8 0 0 -1 570 10
2 9 0 0 0 558 2
2 10 0 0 2 580 9
2 11 0 0 2 573 3
2 12 0 0 2 594 9
2 13 0 0 2 579 4
2 14 0 0 2 603 9
2 15 0 0 2 586 4
2 16 0 0 2 608 9
2 17 0 0 3 587 4
2 18 0 0 3 609 9
2 19 0 0 3 585 5
2 20 0 0 4 605 9
2 21 0 0 3 577 6
2 22 0 0 6 595 9
2 23 0 0 3 564 8
2 24 0 0 6 579 10
2 25 0 0 3 544 11
2 26 0 0 6 555 10
2 27 0 0 3 518 15
2 28 0 0 7 521 10
2 29 0 0 3 485 17
2 30 0 0 9 479 10
2 31 0 0 4 447 16
2 32 0 0 9 432 9
2 33 0 0 4 404 18
2 34 0 0 8 379 5
2 35 0 0 5 353 23
2 36 0 0 7 320 3
2 37 0 0 5 297 25
2 38 0 0 6 246 3
2 39 0 0 0 235 29
2 40 0 0 6 185 10
2 41 0 0 -1 174 31
2 42 0 0 4 140 11
2 43 0 0 0 125 28
2 44 0 0 3 102 8
2 45 0 0 0 88 25
2 46 0 0 4 73 4
2 47 0 0 0 61 20
2 48 0 0 2 50 0
2 49 0 0 0 40 15
2 50 0 0 2 35 -1
2 51 0 0 0 27 10
2 52 0 0 1 23 -1
2 53 0 0 0 18 7
2 54 0 0 0 15 -1
2 55 0 0 0 12 5
2 56 0 0 0 10 -1
2 57 0 0 1 13 0
2 58 0 0 0 6 -1
2 59 0 0 0 5 2
2 60 0 0 0 4 0
2 61 0 0 0 3 1
2 62 0 0 0 3 0
2 63 0 0 0 2 1
2 64 0 0 0 2 0
2 65 0 0 0 1 0
2 66 0 0 0 1 0
2 67 0 0 0 1 0
2 68 0 0 0 0 0
2 69 0 0 0 0 0
2 70 0 0 0 0 0
2 71 0 0 0 0 0
2 72 0 0 0 0 0
2 73 0 0 0 0 0
2 74 0 0 0 0 0
2 75 0 0 0 0 0
2 76 0 0 0 0 0
2 77 0 0 0 0 0
2 78 0 0 0 0 0
2 79 0 0 0 0 0
2 80 0 0 0 0 0
2 81 0 0 0 0 0
2 82 0 0 0 0 0
2 83 0 0 0 0 0
2 84 0 0 0 0 0
2 85 0 0 0 0 0
2 86 0 0 0 0 0
2 87 0 0 0 0 0
2 88 0 0 0 0 0
2 89 0 0 0 0 0
2 90 0 0 0 0 0
2 91 0 0 0 0 0
2 92 0 0 0 0 0
2 93 0 0 0 0 0
2 94 0 0 0 0 0
2 95 0 0 0 0 0
2 96 0 0 0 0 0
2 97 0 0 0 0 0
3 2 0 0 -51 490 5
3 3 0 0 -48 515 12
3 4 0 0 6 514 27
3 5 0 0 -42 514 -4
3 6 0 0 12 530 0
3 7 0 0 -42 545 -6
3 8 0 0 15 556 3
3 9 0 0 -35 562 -6
3 10 0 0 16 561 1
3 11 0 0 -35 572 -6
3 12 0 0 18 581 3
3 13 0 0 -33 585 -5
3 14 0 0 21 585 1
3 15 0 0 -31 592 -6
3 16 0 0 22 596 3
3 17 0 0 -29 599 -5
3 18 0 0 25 598 2
3 19 0 0 -27 600 -5
3 20 0 0 28 598 2
3 21 0 0 -24 599 -5
3 22 0 0 31 592 2
3 23 0 0 -20 592 -5
3 24 0 0 35 580 3
3 25 0 0 -16 580 -4
3 26 0 0 40 561 3
3 27 0 0 -12 560 -4
3 28 0 0 45 533 3
3 29 0 0 -7 533 -3
3 30 0 0 52 491 5
3 31 0 0 0 487 0
3 32 0 0 55 441 9
3 33 0 0 5 430 2
3 34 0 0 59 383 9
3 35 0 0 11 357 7
3 36 0 0 58 322 14
3 37 0 0 15 289 7
3 38 0 0 57 258 9
3 39 0 0 19 222 4
3 40 0 0 53 199 6
3 41 0 0 19 164 4
3 42 0 0 43 145 5
3 43 0 0 14 119 3
3 44 0 0 34 104 4
3 45 0 0 12 82 2
3 46 0 0 24 72 2
3 47 0 0 7 58 1
3 48 0 0 18 50 2
3 49 0 0 6 39 1
3 50 0 0 12 33 1
3 51 0 0 3 27 0
3 52 0 0 9 23 1
3 53 0 0 2 18 0
3 54 0 0 6 15 0
3 55 0 0 1 12 0
3 56 0 0 4 10 0
3 57 0 0 1 8 0
3 58 0 0 2 6 0
3 59 0 0 0 5 0
3 60 0 0 1 4 0
3 61 0 0 0 3 0
3 62 0 0 1 3 0
3 63 0 0 0 2 0
3 64 0 0 0 2 0
3 65 0 0 0 1 0
3 66 0 0 0 1 0
3 67 0 0 0 1 0
3 68 0 0 0 0 0
3 69 0 0 0 0 0
3 70 0 0 0 0 0
3 71 0 0 0 0 0
3 72 0 0 0 0 0
3 73 0 0 0 0 0
3 74 0 0 0 0 0
3 75 0 0 0 0 0
3 76 0 0 0 0 0
3 77 0 0 0 0 0
3 78 0 0 0 0 0
3 79 0 0 0 0 0
3 80 0 0 0 0 0
3 81 0 0 0 0 0
3 82 0 0 0 0 0
3 83 0 0 0 0 0
3 84 0 0 0 0 0
3 85 0 0 0 0 0
3 86 0 0 0 0 0
3 87 0 0 0 0 0
3 88 0 0 0 0 0
3 89 0 0 0 0 0
3 90 0 0 0 0 0
3 91 0 0 0 0 0
3 92 0 0 0 0 0
3 93 0 0 0 0 0
3 94 0 0 0 0 0
3 95 0 0 0 0 0
3 96 0 0 0 0 0
3 97 0 0 0 0 0
4 2 0 0 -40 544 0
4 3 0 0 -12 497 35
4 5 0 0 0 507 16
4 7 0 0 -35 521 5
4 8 0 0 2 527 0
4 10 0 0 -16 529 0
4 12 0 0 -7 541 0
4 14 0 0 -7 543 -1
4 16 0 0 0 546 -1
4 19 0 0 4 543 -2
4 21 0 0 11 537 -2
4 23 0 0 18 525 -2
4 25 0 0 27 508 -3
4 27 0 0 37 485 -2
4 29 0 0 47 456 -1
4 31 0 0 60 419 0
4 33 0 0 71 375 0
4 35 0 0 81 325 0
4 37 0 0 85 269 1
4 39 0 0 85 213 0
4 41 0 0 77 157 0
4 43 0 0 61 112 0
4 45 0 0 47 79 0
4 47 0 0 34 54 0
4 49 0 0 25 37 0
4 51 0 0 17 25 0
4 53 0 0 12 17 0
4 55 0 0 8 11 0
4 57 0 0 5 7 0
4 59 0 0 3 5 0
4 61 0 0 2 3 0
4 63 0 0 1 2 0
4 65 0 0 1 1 0
4 67 0 0 0 1 0
4 69 0 0 0 0 0
4 71 0 0 0 0 0
4 73 0 0 0 0 0
4 75 0 0 0 0 0
4 77 0 0 0 0 0
4 79 0 0 0 0 0
4 81 0 0 0 0 0
4 83 0 0 0 0 0
4 85 0 0 0 0 0
4 87 0 0 0 0 0
4 89 0 0 0 0 0
4 91 0 0 0 0 0
4 93 0 0 0 0 0
4 95 0 0 0 0 0
4 96 0 0 0 0 0
4 97 0 0 0 0 0
5 2 0 0 -5 550 0
5 3 0 0 -56 520 21
5 96 0 0 0 0 0
5 97 0 0 0 0 0
6 2 0 0 -11 571 0
6 3 0 0 -18 540 44
6 5 0 0 -4 537 58
6 7 0 0 -40 517 7
6 8 0 0 -10 540 7
6 10 0 0 -24 542 0
6 12 0 0 -12 554 -1
6 14 0 0 -8 556 -1
6 16 0 0 1 560 0
6 18 0 0 10 556 0
6 21 0 0 22 551 0
6 23 0 0 34 539 0
6 25 0 0 48 523 0
6 27 0 0 63 500 0
6 29 0 0 79 471 0
6 31 0 0 98 433 0
6 33 0 0 113 389 1
6 35 0 0 129 336 1
6 36 0 0 136 275 2
6 38 0 0 134 210 0
6 40 0 0 123 145 1
6 42 0 0 93 95 1
6 45 0 0 73 62 1
6 65 0 0 1 0 0
6 67 0 0 1 0 0
6 69 0 0 0 0 0
6 71 0 0 0 0 0
6 72 0 0 0 0 0
6 74 0 0 0 0 0
6 76 0 0 0 0 0
6 79 0 0 0 0 0
6 81 0 0 0 0 0
6 83 0 0 0 0 0
6 85 0 0 0 0 0
6 87 0 0 0 0 0
6 89 0 0 0 0 0
6 91 0 0 0 0 0
6 93 0 0 0 0 0
6 95 0 0 0 0 0
6 96 0 0 0 0 0
6 97 0 0 0 0 0
7 2 0 0 -14 484 11
7 3 0 0 -68 536 42
7 47 0 0 50 40 0
7 49 0 0 36 26 0
7 51 0 0 24 17 0
7 53 0 0 17 11 0
7 55 0 0 11 7 0
7 57 0 0 7 4 0
7 59 0 0 5 3 0
7 61 0 0 3 2 0
7 63 0 0 2 1 0
7 96 0 0 0 0 0
7 97 0 0 0 0 0
8 2 0 0 -21 536 -4
8 3 0 0 -30 561 23
8 5 0 0 -34 542 64
8 7 0 0 -52 520 4
8 8 0 0 -32 551 5
8 10 0 0 -37 547 0
8 12 0 0 -15 564 -1
8 14 0 0 -12 565 -1
8 16 0 0 2 570 0
8 18 0 0 13 568 0
8 20 0 0 29 565 0
8 23 0 0 46 555 0
8 25 0 0 66 542 0
8 27 0 0 89 521 0
8 29 0 0 113 494 0
8 31 0 0 141 456 0
8 32 0 0 166 410 0
8 34 0 0 194 351 0
8 36 0 0 206 276 1
8 38 0 0 214 202 3
8 40 0 0 188 117 0
8 69 0 0 0 0 0
8 71 0 0 0 0 0
8 73 0 0 0 0 0
8 75 0 0 0 0 0
8 76 0 0 0 0 0
8 78 0 0 0 0 0
8 81 0 0 0 0 0
8 83 0 0 0 0 0
8 85 0 0 0 0 0
8 87 0 0 0 0 0
8 89 0 0 0 0 0
8 91 0 0 0 0 0
8 93 0 0 0 0 0
8 95 0 0 0 0 0
8 96 0 0 0 0 0
8 97 0 0 0 0 0
9 2 0 0 -6 593 4
9 3 0 0 -71 552 54
9 42 0 0 142 62 1
9 44 0 0 100 36 0
9 46 0 0 69 17 0
9 48 0 0 46 11 0
9 50 0 0 31 5 0
9 53 0 0 21 4 0
9 55 0 0 14 1 0
9 57 0 0 9 1 0
9 59 0 0 6 0 0
9 61 0 0 4 0 0
9 63 0 0 2 0 0
9 65 0 0 1 0 0
9 67 0 0 1 0 0
9 96 0 0 0 0 0
9 97 0 0 0 0 0
10 2 0 0 -49 549 -7
10 3 0 0 -44 561 48
10 5 0 0 -55 551 71
10 7 0 0 -60 520 4
10 8 0 0 -45 561 4
10 10 0 0 -44 545 -1
10 12 0 0 -23 574 0
10 14 0 0 -16 571 0
10 16 0 0 0 584 0
10 18 0 0 15 583 0
10 20 0 0 35 583 0
10 23 0 0 57 576 0
10 25 0 0 83 566 0
10 27 0 0 113 548 0
10 29 0 0 144 524 0
10 31 0 0 184 487 0
10 32 0 0 219 442 1
10 34 0 0 264 377 -2
10 36 0 0 284 296 1
10 38 0 0 287 195 -5
10 40 0 0 263 72 0
10 69 0 0 0 0 0
10 71 0 0 0 0 0
10 73 0 0 0 0 0
10 75 0 0 0 0 0
10 76 0 0 0 0 0
10 78 0 0 0 0 0
10 80 0 0 0 0 0
10 83 0 0 0 0 0
10 85 0 0 0 0 0
10 87 0 0 0 0 0
10 89 0 0 0 0 0
10 91 0 0 0 0 0
10 93 0 0 0 0 0
10 95 0 0 0 0 0
10 96 0 0 0 0 0
10 97 0 0 0 0 0
11 2 0 0 -27 546 6
11 3 0 0 -97 568 58
11 42 0 0 170 6 0
11 44 0 0 118 -11 -1
11 46 0 0 74 -13 0
11 48 0 0 49 -11 0
11 50 0 0 32 -8 0
11 52 0 0 21 -6 0
11 55 0 0 13 -4 0
11 57 0 0 9 -2 0
11 59 0 0 6 -2 0
11 61 0 0 3 -1 0
11 63 0 0 2 0 0
11 65 0 0 1 0 0
11 67 0 0 1 0 0
11 96 0 0 0 0 0
11 97 0 0 0 0 0
12 2 0 0 -63 545 0
12 3 0 0 -67 570 29
12 5 0 0 -76 546 65
12 7 0 0 -71 526 3
12 8 0 0 -61 568 4
12 10 0 0 -54 553 -2
12 12 0 0 -36 587 0
12 14 0 0 -24 585 0
12 16 0 0 -5 602 0
12 18 0 0 13 603 0
12 20 0 0 37 607 0
12 22 0 0 64 603 0
12 25 0 0 95 597 0
12 27 0 0 132 583 0
12 29 0 0 173 565 0
12 31 0 0 224 530 0
12 32 0 0 274 491 2
12 34 0 0 344 417 0
12 36 0 0 383 307 -5
12 38 0 0 444 182 -6
12 40 0 0 370 -4 -20
12 69 0 0 0 0 0
12 71 0 0 0 0 0
12 73 0 0 0 0 0
12 75 0 0 0 0 0
12 76 0 0 0 0 0
12 78 0 0 0 0 0
12 80 0 0 0 0 0
12 83 0 0 0 0 0
12 85 0 0 0 0 0
12 87 0 0 0 0 0
12 89 0 0 0 0 0
12 91 0 0 0 0 0
12 93 0 0 0 0 0
12 95 0 0 0 0 0
12 96 0 0 0 0 0
12 97 0 0 0 0 0
13 2 0 0 -48 537 9
13 3 0 0 -106 564 55
13 42 0 0 222 -85 -17
13 44 0 0 120 -58 -7
13 46 0 0 70 -49 -4
13 48 0 0 41 -30 -1
13 50 0 0 25 -23 -1
13 53 0 0 15 -14 0
13 55 0 0 10 -10 0
13 57 0 0 6 -6 0
13 59 0 0 4 -4 0
13 61 0 0 2 -2 0
13 63 0 0 1 -1 0
13 65 0 0 1 -1 0
13 67 0 0 0 0 0
13 96 0 0 0 0 0
13 97 0 0 0 0 0
14 2 0 0 -77 538 0
14 3 0 0 -90 563 30
14 5 0 0 -94 549 65
14 7 0 0 -85 532 3
14 8 0 0 -77 577 4
14 10 0 0 -66 565 -2
14 12 0 0 -49 602 0
14 14 0 0 -34 602 0
14 16 0 0 -13 622 0
14 18 0 0 9 625 0
14 20 0 0 36 634 0
14 22 0 0 66 634 0
14 25 0 0 103 634 0
14 27 0 0 146 626 0
14 29 0 0 195 616 0
14 31 0 0 262 589 -1
14 32 0 0 327 562 4
14 34 0 0 453 483 -12
14 36 0 0 519 422 -8
14 38 0 0 541 173 1
14 39 0 0 484 108 -35
14 40 0 0 518 -107 -24
14 41 0 0 449 -170 -33
14 42 0 0 293 -203 -15
14 43 0 0 187 -159 -16
14 44 0 0 117 -125 -4
14 45 0 0 78 -108 -8
14 46 0 0 71 -84 -2
14 47 0 0 45 -62 -6
14 48 0 0 37 -50 -1
14 49 0 0 22 -40 -4
14 50 0 0 25 -34 -1
14 51 0 0 14 -24 -3
14 52 0 0 15 -21 0
14 53 0 0 7 -16 -1
14 54 0 0 10 -14 0
14 55 0 0 5 -10 -1
14 56 0 0 6 -9 0
14 57 0 0 3 -7 0
14 58 0 0 4 -6 0
14 59 0 0 2 -4 0
14 60 0 0 2 -4 0
14 61 0 0 1 -3 0
14 62 0 0 1 -2 0
14 63 0 0 0 -1 0
14 64 0 0 1 -1 0
14 65 0 0 0 -1 0
14 66 0 0 0 -1 0
14 67 0 0 0 0 0
14 68 0 0 0 0 0
14 69 0 0 0 0 0
14 70 0 0 0 0 0
14 71 0 0 0 0 0
14 73 0 0 0 0 0
14 75 0 0 0 0 0
14 96 0 0 0 0 0
14 97 0 0 0 0 0
15 2 0 0 -59 534 8
15 3 0 0 -121 568 53
15 38 0 0 663 279 -31
15 39 0 0 741 167 -43
15 40 0 0 621 -150 -24
15 41 0 0 582 -322 -32
15 42 0 0 210 -300 -14
15 43 0 0 161 -242 -7
15 44 0 0 68 -172 -7
15 45 0 0 63 -136 -16
15 46 0 0 35 -98 -2
15 47 0 0 32 -83 -9
15 48 0 0 19 -60 -2
15 49 0 0 17 -50 -5
15 50 0 0 12 -39 -1
15 51 0 0 11 -32 -3
15 52 0 0 7 -25 0
15 53 0 0 6 -20 -2
15 54 0 0 5 -17 0
15 55 0 0 4 -13 -1
15 56 0 0 3 -11 0
15 57 0 0 2 -9 0
15 58 0 0 2 -7 0
15 59 0 0 1 -6 0
15 60 0 0 1 -5 0
15 61 0 0 1 -4 0
15 62 0 0 0 -3 0
15 63 0 0 0 -2 0
15 64 0 0 0 -2 0
15 65 0 0 0 -1 0
15 66 0 0 0 -1 0
15 67 0 0 0 -1 0
15 68 0 0 0 0 0
15 69 0 0 0 0 0
15 70 0 0 0 0 0
15 71 0 0 0 0 0
15 76 0 0 0 0 0
15 78 0 0 0 0 0
15 80 0 0 0 0 0
15 82 0 0 0 0 0
15 85 0 0 0 0 0
15 87 0 0 0 0 0
15 89 0 0 0 0 0
15 91 0 0 0 0 0
15 93 0 0 0 0 0
15 95 0 0 0 0 0
15 96 0 0 0 0 0
15 97 0 0 0 0 0
16 2 0 0 -91 532 1
16 3 0 0 -111 556 31
16 5 0 0 -116 550 58
16 7 0 0 -104 540 3
16 8 0 0 -96 586 3
16 10 0 0 -83 580 -2
16 12 0 0 -66 619 0
16 14 0 0 -48 622 0
16 16 0 0 -25 645 0
16 18 0 0 0 652 0
16 20 0 0 29 665 0
16 22 0 0 64 670 0
16 25 0 0 103 677 0
16 27 0 0 151 676 0
16 29 0 0 208 681 0
16 31 0 0 281 665 0
16 32 0 0 370 677 2
16 34 0 0 508 612 -2
16 38 0 0 825 368 -9
16 39 0 0 968 349 -58
16 40 0 0 1640 71 -66
16 41 0 0 1522 -1224 56
16 42 0 0 26 -539 -1
16 43 0 0 15 -375 -3
16 44 0 0 3 -234 3
16 45 0 0 7 -148 0
16 46 0 0 0 -122 2
16 47 0 0 4 -85 -1
16 48 0 0 0 -72 1
16 49 0 0 3 -53 -1
16 50 0 0 0 -45 0
16 51 0 0 2 -33 0
16 52 0 0 0 -28 0
16 53 0 0 1 -21 0
16 54 0 0 0 -18 0
16 55 0 0 0 -14 0
16 56 0 0 0 -11 0
16 57 0 0 0 -9 0
16 58 0 0 0 -7 0
16 59 0 0 0 -6 0
16 60 0 0 0 -4 0
16 61 0 0 0 -4 0
16 62 0 0 0 -3 0
16 63 0 0 0 -2 0
16 64 0 0 0 -2 0
16 65 0 0 0 -1 0
16 66 0 0 0 -1 0
16 67 0 0 0 -1 0
16 68 0 0 0 0 0
16 69 0 0 0 0 0
16 70 0 0 0 0 0
16 71 0 0 0 0 0
16 73 0 0 0 0 0
16 75 0 0 0 0 0
16 96 0 0 0 0 0
16 97 0 0 0 0 0
17 2 0 0 -69 534 13
17 3 0 0 -145 568 50
17 36 0 0 655 665 -23
17 38 0 0 893 614 -25
17 39 0 0 1165 666 -54
17 40 0 0 1750 426 -125
17 41 0 0 2297 1136 130
17 57 0 0 -100 18 4
17 68 0 0 0 0 0
17 69 0 0 0 0 0
17 70 0 0 0 0 0
17 71 0 0 0 0 0
17 76 0 0 0 0 0
17 78 0 0 0 0 0
17 80 0 0 0 0 0
17 82 0 0 0 0 0
17 85 0 0 0 0 0
17 87 0 0 0 0 0
17 89 0 0 0 0 0
17 91 0 0 0 0 0
17 93 0 0 0 0 0
17 95 0 0 0 0 0
17 96 0 0 0 0 0
17 97 0 0 0 0 0
18 2 0 0 -109 532 1
18 3 0 0 -138 554 32
18 5 0 0 -139 555 57
18 7 0 0 -127 548 4
18 8 0 0 -118 597 3
18 10 0 0 -103 596 -2
18 12 0 0 -85 637 0
18 14 0 0 -64 644 0
18 16 0 0 -40 670 0
18 18 0 0 -12 681 0
18 20 0 0 19 698 0
18 22 0 0 55 708 0
18 25 0 0 96 721 0
18 27 0 0 144 730 0
18 29 0 0 204 745 1
18 31 0 0 271 754 -2
18 38 0 0 872 807 -5
18 39 0 0 1090 893 -50
18 40 0 0 1329 1363 -108
18 41 0 0 1480 1761 -86
18 42 0 0 1255 2725 -165
18 43 0 0 723 3091 25
18 44 0 0 -1534 2976 10
18 45 0 0 -1997 2451 -25
18 46 0 0 -2297 1696 -44
18 47 0 0 -1979 957 -39
18 48 0 0 -1836 681 -67
18 49 0 0 -1451 432 -65
18 50 0 0 -1211 332 -48
18 51 0 0 -1073 231 -52
18 52 0 0 -795 157 -37
18 53 0 0 -708 144 -41
18 54 0 0 -470 104 -27
18 55 0 0 -364 111 -20
18 56 0 0 -165 97 -27
18 57 0 0 -33 68 -2
18 69 0 0 0 0 0
18 70 0 0 0 0 0
18 71 0 0 0 0 0
18 73 0 0 0 0 0
18 96 0 0 0 0 0
18 97 0 0 0 0 0
19 2 0 0 -88 535 14
19 3 0 0 -171 572 49
19 32 0 0 370 791 9
19 34 0 0 479 790 -13
19 36 0 0 669 941 23
19 38 0 0 850 896 -5
19 39 0 0 807 1105 -40
19 40 0 0 900 1349 -10
19 41 0 0 1119 1727 1
19 42 0 0 695 2394 19
19 43 0 0 -251 2968 56
19 44 0 0 -646 2770 -19
19 45 0 0 -841 2273 57
19 46 0 0 -948 1650 16
19 47 0 0 -1148 1245 33
19 48 0 0 -1092 846 -47
19 49 0 0 -1087 723 -18
19 50 0 0 -868 513 -51
19 51 0 0 -813 467 -48
19 52 0 0 -588 317 -44
19 53 0 0 -534 315 -44
19 54 0 0 -374 241 -25
19 55 0 0 -313 214 -34
19 56 0 0 -236 259 -16
19 57 0 0 -45 256 -22
19 69 0 0 0 0 0
19 70 0 0 0 0 0
19 71 0 0 0 0 0
19 75 0 0 0 0 0
19 76 0 0 0 0 0
19 78 0 0 0 0 0
19 80 0 0 0 0 0
19 82 0 0 0 0 0
19 85 0 0 0 0 0
19 87 0 0 0 0 0
19 89 0 0 0 0 0
19 91 0 0 0 0 0
19 93 0 0 0 0 0
19 95 0 0 0 0 0
19 96 0 0 0 0 0
19 97 0 0 0 0 0
20 2 0 0 -128 531 2
20 3 0 0 -167 554 32
20 8 0 0 -145 609 3
20 10 0 0 -127 613 -2
20 12 0 0 -108 658 0
20 14 0 0 -85 668 0
20 16 0 0 -59 698 0
20 18 0 0 -30 712 0
20 20 0 0 3 733 0
20 22 0 0 40 748 0
20 24 0 0 81 766 0
20 27 0 0 127 782 0
20 29 0 0 181 809 0
20 31 0 0 239 831 0
20 32 0 0 314 890 4
20 40 0 0 671 1703 17
20 43 0 0 136 2079 39
20 44 0 0 -840 1862 42
20 46 0 0 -1166 1432 57
20 49 0 0 -1070 979 18
20 51 0 0 -836 694 4
20 52 0 0 -578 512 -3
20 54 0 0 -343 452 -28
20 56 0 0 -187 431 -24
20 57 0 0 -22 384 -15
20 69 0 0 0 0 0
20 70 0 0 0 0 0
20 71 0 0 0 0 0
20 96 0 0 0 0 0
20 97 0 0 0 0 0
21 2 0 0 -112 534 15
21 3 0 0 -204 574 49
21 5 0 0 -167 560 55
21 7 0 0 -155 558 6
21 34 0 0 387 929 -1
21 36 0 0 507 1088 9
21 38 0 0 595 1184 -6
21 56 0 0 -158 449 -14
21 57 0 0 -40 436 -8
21 69 0 0 0 0 0
21 70 0 0 0 0 0
21 71 0 0 0 0 0
21 72 0 0 0 0 0
21 74 0 0 0 0 0
21 76 0 0 0 0 0
21 78 0 0 0 0 0
21 80 0 0 0 0 0
21 82 0 0 0 0 0
21 85 0 0 0 0 0
21 87 0 0 0 0 0
21 89 0 0 0 0 0
21 91 0 0 0 0 0
21 93 0 0 0 0 0
21 95 0 0 0 0 0
21 96 0 0 0 0 0
21 97 0 0 0 0 0
22 2 0 0 -152 531 2
22 3 0 0 -202 554 32
22 12 0 0 -135 680 0
22 14 0 0 -109 694 0
22 16 0 0 -81 727 0
22 18 0 0 -50 744 0
22 20 0 0 -15 768 0
22 22 0 0 21 786 0
22 24 0 0 61 808 0
22 27 0 0 103 829 0
22 29 0 0 152 858 0
22 31 0 0 198 887 0
22 32 0 0 257 943 3
22 38 0 0 366 1228 -2
22 40 0 0 323 1481 -2
22 42 0 0 -51 1725 -3
22 45 0 0 -354 1642 -92
22 47 0 0 -549 1358 -66
22 49 0 0 -573 1057 -56
22 51 0 0 -500 847 -34
22 52 0 0 -376 691 -28
22 54 0 0 -231 629 -31
22 56 0 0 -178 608 -27
22 57 0 0 -31 551 -8
22 69 0 0 0 0 0
22 70 0 0 0 0 0
22 71 0 0 0 0 0
22 96 0 0 0 0 0
22 97 0 0 0 0 0
23 2 0 0 -140 535 16
23 3 0 0 -238 577 49
23 5 0 0 -200 567 54
23 7 0 0 -187 569 7
23 8 0 0 -175 624 3
23 10 0 0 -156 632 -2
23 34 0 0 297 993 -2
23 36 0 0 369 1113 5
23 56 0 0 -105 610 -21
23 57 0 0 -91 560 -25
23 69 0 0 0 0 0
23 70 0 0 0 0 0
23 71 0 0 0 0 0
23 72 0 0 0 0 0
23 74 0 0 0 0 0
23 76 0 0 0 0 0
23 78 0 0 0 0 0
23 80 0 0 0 0 0
23 82 0 0 0 0 0
23 84 0 0 0 0 0
23 87 0 0 0 0 0
23 89 0 0 0 0 0
23 91 0 0 0 0 0
23 93 0 0 0 0 0
23 95 0 0 0 0 0
23 96 0 0 0 0 0
23 97 0 0 0 0 0
24 2 0 0 -179 531 3
24 3 0 0 -240 555 32
24 29 0 0 119 903 0
24 31 0 0 156 937 0
24 32 0 0 197 991 1
24 34 0 0 222 1046 0
24 36 0 0 257 1143 2
24 38 0 0 236 1241 3
24 40 0 0 210 1386 6
24 43 0 0 4 1461 7
24 45 0 0 -252 1380 25
24 47 0 0 -395 1231 22
24 49 0 0 -412 1051 18
24 51 0 0 -375 914 14
24 52 0 0 -289 794 5
24 54 0 0 -188 752 -23
24 56 0 0 -147 747 -27
24 57 0 0 -112 735 37
24 69 0 0 0 0 0
24 70 0 0 0 0 0
24 71 0 0 0 0 0
24 96 0 0 0 0 0
24 97 0 0 0 0 0
25 2 0 0 -172 535 16
25 3 0 0 -278 580 50
25 5 0 0 -237 574 52
25 7 0 0 -225 580 7
25 8 0 0 -210 640 3
25 10 0 0 -188 653 -1
25 12 0 0 -165 704 0
25 14 0 0 -137 722 0
25 16 0 0 -107 758 0
25 18 0 0 -73 778 0
25 20 0 0 -38 804 0
25 22 0 0 0 825 0
25 24 0 0 38 848 0
25 27 0 0 77 872 0
25 56 0 0 -73 742 -22
25 57 0 0 -50 702 -27
25 69 0 0 0 0 0
25 70 0 0 0 0 0
25 71 0 0 0 0 0
25 72 0 0 0 0 0
25 74 0 0 0 0 0
25 76 0 0 0 0 0
25 78 0 0 0 0 0
25 80 0 0 0 0 0
25 82 0 0 0 0 0
25 84 0 0 0 0 0
25 87 0 0 0 0 0
25 89 0 0 0 0 0
25 91 0 0 0 0 0
25 93 0 0 0 0 0
25 95 0 0 0 0 0
25 96 0 0 0 0 0
25 97 0 0 0 0 0
26 2 0 0 -209 532 3
26 3 0 0 -284 557 32
26 31 0 0 116 966 0
26 33 0 0 144 1008 0
26 34 0 0 155 1050 0
26 36 0 0 165 1117 1
26 38 0 0 128 1176 1
26 41 0 0 82 1254 0
26 43 0 0 -64 1313 -1
26 45 0 0 -177 1275 -13
26 47 0 0 -258 1186 -11
26 49 0 0 -279 1067 -9
26 51 0 0 -259 971 -4
26 52 0 0 -207 876 -6
26 54 0 0 -134 845 -29
26 56 0 0 -121 841 -29
26 57 0 0 -54 803 -30
26 69 0 0 0 0 0
26 70 0 0 0 0 0
26 71 0 0 0 0 0
26 96 0 0 0 0 0
26 97 0 0 0 0 0
27 2 0 0 -209 537 16
27 3 0 0 -322 585 49
27 5 0 0 -279 582 52
27 7 0 0 -268 594 7
27 8 0 0 -251 659 3
27 10 0 0 -225 677 -1
27 12 0 0 -200 731 0
27 14 0 0 -168 753 0
27 16 0 0 -135 791 0
27 18 0 0 -99 814 0
27 20 0 0 -62 841 0
27 22 0 0 -23 862 0
27 24 0 0 14 886 0
27 27 0 0 51 908 0
27 29 0 0 86 936 0
27 56 0 0 -45 834 -26
27 57 0 0 -58 784 -28
27 69 0 0 0 0 0
27 70 0 0 0 0 0
27 71 0 0 0 0 0
27 72 0 0 0 0 0
27 74 0 0 0 0 0
27 76 0 0 0 0 0
27 78 0 0 0 0 0
27 80 0 0 0 0 0
27 82 0 0 0 0 0
27 84 0 0 0 0 0
27 87 0 0 0 0 0
27 89 0 0 0 0 0
27 91 0 0 0 0 0
27 93 0 0 0 0 0
27 95 0 0 0 0 0
27 96 0 0 0 0 0
27 97 0 0 0 0 0
28 2 0 0 -244 533 4
28 3 0 0 -332 558 33
28 27 0 0 0 0 0
28 28 0 0 0 0 0
28 29 0 0 0 0 0
28 30 0 0 0 0 0
28 31 0 0 0 0 0
28 32 0 0 0 0 0
28 33 0 0 106 1029 0
28 34 0 1 114 1065 0
28 35 0 1 0 0 0
28 36 0 1 119 1114 1
28 37 0 2 0 0 0
28 38 0 2 93 1156 1
28 39 0 2 0 0 0
28 40 0 2 0 0 0
28 41 0 0 66 1199 2
28 43 0 0 -17 1216 1
28 45 0 0 -99 1181 2
28 47 0 0 -162 1126 3
28 49 0 0 -182 1048 3
28 51 0 0 -178 986 4
28 52 0 0 -146 916 0
28 54 0 0 -100 901 -27
28 56 0 0 -96 906 -29
28 57 0 0 -44 873 -30
28 69 0 0 0 0 0
28 70 0 0 0 0 0
28 71 0 0 0 0 0
28 72 0 0 0 0 0
28 73 0 0 0 0 0
28 74 0 0 0 0 0
28 75 0 0 0 0 0
28 76 0 0 0 0 0
28 77 0 0 0 0 0
28 78 0 0 0 0 0
28 79 0 0 0 0 0
28 80 0 0 0 0 0
28 81 0 0 0 0 0
28 82 0 0 0 0 0
28 83 0 0 0 0 0
28 84 0 0 0 0 0
28 85 0 0 0 0 0
28 86 0 0 0 0 0
28 87 0 0 0 0 0
28 88 0 0 0 0 0
28 89 0 0 0 0 0
28 90 0 0 0 0 0
28 91 0 0 0 0 0
28 92 0 0 0 0 0
28 93 0 0 0 0 0
28 94 0 0 0 0 0
28 95 0 0 0 0 0
28 96 0 0 0 0 0
28 97 0 0 0 0 0
29 2 0 0 -250 540 17
29 3 0 0 -374 591 49
29 5 0 0 -327 591 52
29 7 0 0 -317 608 8
29 8 0 0 -296 679 3
29 10 0 0 -266 704 -1
29 12 0 0 -238 761 0
29 14 0 0 -202 787 0
29 16 0 0 -165 828 0
29 18 0 0 -125 853 0
29 20 0 0 -85 880 0
29 22 0 0 -45 900 0
29 24 0 0 -7 922 0
29 27 0 0 27 943 0
29 28 0 0 0 0 0
29 29 0 0 59 967 0
29 30 0 0 0 0 0
29 31 0 0 84 994 0
29 32 0 1 0 0 0
29 33 0 1 0 0 0
29 34 0 2 0 0 0
29 35 0 3 0 0 0
29 36 0 4 0 0 0
29 37 0 5 0 0 0
29 38 0 6 0 0 0
29 39 0 6 0 0 0
29 40 0 7 0 0 0
29 56 0 0 -27 898 -27
29 57 0 0 -43 852 -27
29 69 0 0 0 0 0
29 70 0 0 0 0 0
29 71 0 0 0 0 0
29 72 0 0 0 0 0
29 73 0 0 0 0 0
29 74 0 0 0 0 0
29 75 0 0 0 0 0
29 76 0 0 0 0 0
29 77 0 0 0 0 0
29 78 0 0 0 0 0
29 79 0 0 0 0 0
29 80 0 0 0 0 0
29 81 0 0 0 0 0
29 82 0 0 0 0 0
29 83 0 0 0 0 0
29 84 0 0 0 0 0
29 85 0 0 0 0 0
29 86 0 0 0 0 0
29 87 0 0 0 0 0
29 88 0 0 0 0 0
29 89 0 0 0 0 0
29 90 0 0 0 0 0
29 91 0 0 0 0 0
29 92 0 0 0 0 0
29 93 0 0 0 0 0
29 94 0 0 0 0 0
29 95 0 0 0 0 0
29 96 0 0 0 0 0
29 97 0 0 0 0 0
30 2 0 0 -282 533 4
30 3 0 0 -383 557 32
30 11 0 0 0 0 0
30 12 0 0 0 0 0
30 13 0 0 0 0 0
30 14 0 0 0 0 0
30 15 0 0 0 0 0
30 16 0 0 0 0 0
30 17 0 1 0 0 0
30 18 0 1 0 0 0
30 19 0 2 0 0 0
30 20 0 2 0 0 0
30 21 0 3 0 0 0
30 22 0 3 0 0 0
30 23 0 4 0 0 0
30 24 0 4 0 0 0
30 25 0 4 0 0 0
30 26 0 4 0 0 0
30 27 0 3 0 0 0
30 28 0 3 0 0 0
30 29 0 3 0 0 0
30 30 0 3 0 0 0
30 31 0 3 0 0 0
30 32 0 4 0 0 0
30 33 0 5 72 1037 0
30 34 0 6 0 0 0
30 35 0 8 76 1062 0
30 36 0 10 0 0 0
30 37 0 12 74 1093 0
30 38 0 13 0 0 0
30 39 0 14 49 1119 0
30 40 0 15 0 0 0
30 41 0 0 20 1144 0
30 43 0 0 -38 1156 0
30 45 0 0 -83 1136 -1
30 47 0 0 -119 1102 -1
30 49 0 0 -132 1048 -1
30 51 0 0 -128 1006 1
30 52 0 0 -106 950 -3
30 54 0 0 -73 945 -28
30 56 0 0 -79 952 -30
30 57 0 0 -26 895 13
30 69 0 0 0 0 0
30 70 0 0 0 0 0
30 71 0 0 0 0 0
30 72 0 0 0 0 0
30 73 0 0 0 0 0
30 74 0 0 0 0 0
30 75 0 0 0 0 0
30 76 0 0 0 0 0
30 77 0 0 0 0 0
30 78 0 0 0 0 0
30 79 0 0 0 0 0
30 80 0 0 0 0 0
30 81 0 0 0 0 0
30 82 0 0 0 0 0
30 83 0 0 0 0 0
30 84 0 0 0 0 0
30 85 0 0 0 0 0
30 86 0 0 0 0 0
30 87 0 0 0 0 0
30 88 0 0 0 0 0
30 89 0 0 0 0 0
30 90 0 0 0 0 0
30 91 0 0 0 0 0
30 92 0 0 0 0 0
30 93 0 0 0 0 0
30 94 0 0 0 0 0
30 95 0 0 0 0 0
30 96 0 0 0 0 0
30 97 0 0 0 0 0
31 2 0 0 -297 541 17
31 3 0 0 -429 599 47
31 5 0 0 -381 600 52
31 7 0 0 -373 625 7
31 8 0 0 -350 700 4
31 10 0 0 -313 734 0
31 11 0 0 0 0 0
31 12 0 0 -281 794 1
31 13 0 0 0 0 0
31 14 0 0 -240 826 0
31 15 0 1 0 0 0
31 16 0 2 -198 869 0
31 17 0 3 0 0 0
31 18 0 4 -153 895 0
31 19 0 6 0 0 0
31 20 0 7 -109 921 0
31 21 0 9 0 0 0
31 22 0 10 -66 939 0
31 23 0 11 0 0 0
31 24 0 12 -27 957 0
31 25 0 12 0 0 0
31 26 0 11 0 0 0
31 27 0 10 6 974 0
31 28 0 10 0 0 0
31 29 0 10 35 993 0
31 30 0 10 0 0 0
31 31 0 11 57 1012 0
31 32 0 13 0 0 0
31 33 0 16 0 0 0
31 34 0 20 0 0 0
31 35 0 24 0 0 0
31 36 0 29 0 0 0
31 37 0 33 0 0 0
31 38 0 36 0 0 0
31 39 0 37 0 0 0
31 40 0 37 0 0 0
31 56 0 0 -11 946 -29
31 57 0 0 -23 899 13
32 2 0 0 -324 533 5
32 3 0 0 -438 556 34
32 8 0 0 -409 721 4
32 10 0 0 -366 766 0
32 11 0 0 0 0 0
32 12 0 0 -330 832 1
32 13 0 0 0 0 0
32 14 0 1 -282 871 0
32 15 0 2 0 0 0
32 16 0 4 -233 916 0
32 17 0 7 0 0 0
32 18 0 10 0 0 0
32 19 0 14 0 0 0
32 20 0 18 0 0 0
32 21 0 21 0 0 0
32 22 0 24 0 0 0
32 23 0 26 0 0 0
32 24 0 27 0 0 0
32 25 0 26 0 0 0
32 26 0 25 0 0 0
32 27 0 24 0 0 0
32 28 0 23 0 0 0
32 29 0 22 0 0 0
32 30 0 23 0 0 0
32 31 0 25 0 0 0
32 32 0 28 0 0 0
32 33 0 34 0 0 0
32 34 0 42 0 0 0
32 35 0 50 0 0 0
32 36 0 59 0 0 0
32 37 0 67 55 1086 0
32 38 0 73 0 0 0
32 39 0 75 39 1103 0
32 40 0 74 0 0 0
32 41 0 0 21 1115 0
32 43 0 0 -15 1116 0
32 45 0 0 -47 1099 0
32 47 0 0 -74 1076 0
32 49 0 0 -86 1038 0
32 51 0 0 -87 1012 2
32 52 0 0 -74 969 -1
32 54 0 0 -53 972 -28
32 56 0 0 -63 983 -30
32 57 0 0 -21 929 15
33 2 0 0 -350 543 18
33 3 0 0 -492 606 47
33 5 0 0 -442 608 52
33 6 0 0 0 0 0
33 7 0 0 -435 643 8
33 8 0 0 0 0 0
33 9 0 0 0 0 0
33 10 0 0 0 0 0
33 11 0 1 0 0 0
33 12 0 2 0 0 0
33 13 0 4 0 0 0
33 14 0 6 0 0 0
33 15 0 8 0 0 0
33 16 0 12 0 0 0
33 17 0 18 0 0 0
33 18 0 24 -179 943 0
33 19 0 31 0 0 0
33 20 0 39 -129 966 0
33 21 0 46 0 0 0
33 22 0 51 -82 981 0
33 23 0 55 0 0 0
33 24 0 57 -41 994 0
33 25 0 56 0 0 0
33 26 0 55 0 0 0
33 27 0 53 -7 1005 0
33 28 0 51 0 0 0
33 29 0 51 19 1017 0
33 30 0 52 0 0 0
33 31 0 56 39 1031 0
33 32 0 62 0 0 0
33 33 0 72 53 1048 0
33 34 0 85 0 0 0
33 35 0 100 56 1066 0
33 36 0 115 0 0 0
33 37 0 129 0 0 0
33 38 0 138 0 0 0
33 39 0 142 0 0 0
33 40 0 139 0 0 0
33 42 0 1 0 0 0
33 56 0 0 0 977 -30
33 57 0 0 -18 932 15
34 2 0 0 -373 533 7
34 3 0 0 -500 557 35
34 5 0 0 0 0 0
34 6 0 0 0 0 0
34 7 0 0 -504 664 5
34 8 0 0 -477 749 4
34 9 0 1 0 0 0
34 10 0 1 -429 804 2
34 11 0 3 0 0 0
34 12 0 5 -385 876 2
34 13 0 8 0 0 0
34 14 0 12 -330 923 1
34 15 0 17 0 0 0
34 16 0 25 0 0 0
34 17 0 35 0 0 0
34 18 0 47 0 0 0
34 19 0 61 0 0 0
34 20 0 76 0 0 0
34 21 0 90 0 0 0
34 22 0 102 0 0 0
34 23 0 110 0 0 0
34 24 0 115 0 0 0
34 25 0 115 0 0 0
34 26 0 113 0 0 0
34 27 0 110 0 0 0
34 28 0 107 0 0 0
34 29 0 106 0 0 0
34 30 0 106 0 0 0
34 31 0 111 0 0 0
34 32 0 121 0 0 0
34 33 0 136 0 0 0
34 34 0 157 0 0 0
34 35 0 181 0 0 0
34 36 0 207 0 0 0
34 37 0 230 0 0 0
34 38 0 246 0 0 0
34 39 0 252 0 0 0
34 40 0 246 0 0 0
34 42 0 2 0 0 0
34 45 0 0 -36 1078 0
34 47 0 0 -54 1063 0
34 49 0 0 -61 1035 0
34 51 0 0 -62 1018 2
34 52 0 0 -53 983 -1
34 54 0 0 -38 991 -28
34 56 0 0 -53 1005 -31
34 57 0 0 -18 953 17
35 2 0 0 -410 543 18
35 3 0 0 -560 612 47
35 5 0 0 -511 617 51
35 6 0 0 0 0 0
35 7 0 0 0 0 0
35 8 0 1 0 0 0
35 9 0 2 0 0 0
35 10 0 3 0 0 0
35 11 0 5 0 0 0
35 12 0 10 0 0 0
35 13 0 15 0 0 0
35 14 0 22 0 0 0
35 15 0 33 0 0 0
35 16 0 46 -271 973 1
35 17 0 65 0 0 0
35 18 0 87 -206 999 0
35 19 0 113 0 0 0
35 20 0 140 -147 1018 0
35 21 0 165 0 0 0
35 22 0 186 -94 1026 0
35 23 0 201 0 0 0
35 24 0 209 -51 1031 0
35 25 0 211 0 0 0
35 26 0 209 0 0 0
35 27 0 205 -16 1035 0
35 28 0 200 0 0 0
35 29 0 197 9 1039 0
35 30 0 197 0 0 0
35 31 0 204 27 1046 0
35 32 0 218 0 0 0
35 33 0 242 38 1055 0
35 34 0 274 0 0 0
35 35 0 313 40 1064 0
35 36 0 354 0 0 0
35 37 0 390 37 1076 0
35 38 0 415 0 0 0
35 39 0 423 24 1084 0
35 40 0 412 0 0 0
35 41 0 0 8 1090 0
35 42 0 3 0 0 0
35 43 0 0 -16 1091 0
35 56 0 0 5 999 -31
35 57 0 0 -14 954 16
36 2 0 0 -429 533 9
36 3 0 0 -571 559 36
36 5 0 0 0 0 0
36 6 0 0 0 0 0
36 7 0 1 -580 685 5
36 8 0 2 -552 778 4
36 9 0 4 0 0 0
36 10 0 7 -504 843 3
36 11 0 12 0 0 0
36 12 0 20 -451 929 2
36 13 0 30 0 0 0
36 14 0 44 0 0 0
36 15 0 63 0 0 0
36 16 0 87 0 0 0
36 17 0 118 0 0 0
36 18 0 155 0 0 0
36 19 0 197 0 0 0
36 20 0 241 0 0 0
36 21 0 283 0 0 0
36 22 0 318 0 0 0
36 23 0 344 0 0 0
36 24 0 360 0 0 0
36 25 0 367 0 0 0
36 26 0 366 0 0 0
36 27 0 362 0 0 0
36 28 0 356 0 0 0
36 29 0 352 0 0 0
36 30 0 352 0 0 0
36 31 0 360 0 0 0
36 32 0 380 0 0 0
36 33 0 413 0 0 0
36 34 0 461 0 0 0
36 35 0 519 0 0 0
36 36 0 581 0 0 0
36 37 0 636 0 0 0
36 38 0 674 0 0 0
36 39 0 686 0 0 0
36 40 0 666 0 0 0
36 42 0 5 0 0 0
36 56 0 0 -45 1019 -32
36 57 0 0 -15 970 17
37 2 0 0 -475 543 18
37 3 0 0 -638 618 46
37 5 0 0 -589 628 51
37 6 0 1 0 0 0
37 7 0 2 0 0 0
37 8 0 4 0 0 0
37 9 0 8 0 0 0
37 10 0 14 0 0 0
37 11 0 24 0 0 0
37 12 0 39 0 0 0
37 13 0 58 0 0 0
37 14 0 84 -384 986 1
37 15 0 117 0 0 0
37 16 0 158 -310 1042 1
37 17 0 210 0 0 0
37 18 0 270 -226 1067 1
37 19 0 337 0 0 0
37 20 0 407 -155 1077 0
37 21 0 473 0 0 0
37 22 0 531 -94 1076 0
37 23 0 575 0 0 0
37 24 0 605 -49 1070 0
37 25 0 621 0 0 0
37 26 0 625 0 0 0
37 27 0 622 -15 1065 0
37 28 0 615 0 0 0
37 29 0 607 8 1061 0
37 30 0 603 0 0 0
37 31 0 609 24 1060 0
37 32 0 631 0 0 0
37 33 0 674 33 1062 0
37 34 0 739 0 0 0
37 35 0 821 34 1065 0
37 36 0 910 0 0 0
37 37 0 992 32 1070 0
37 38 0 1047 0 0 0
37 39 0 1064 23 1074 0
37 40 0 1031 0 0 0
37 41 0 0 11 1075 0
37 42 0 11 0 0 0
37 43 0 0 -5 1072 0
37 45 0 0 -20 1062 0
37 47 0 0 -34 1051 0
37 49 0 0 -40 1030 0
37 51 0 0 -42 1020 2
37 52 0 0 -37 991 -1
37 54 0 0 -27 1004 -27
37 56 0 0 8 1015 -32
37 57 0 0 -10 970 16
38 2 0 0 -495 534 11
38 3 0 0 -652 564 37
38 5 0 0 0 0 0
38 6 0 2 0 0 0
38 7 0 4 0 0 0
38 8 0 8 -639 813 5
38 9 0 15 0 0 0
38 10 0 25 -593 892 5
38 11 0 42 0 0 0
38 12 0 69 -531 992 4
38 13 0 102 0 0 0
38 14 0 147 0 0 0
38 15 0 202 0 0 0
38 16 0 270 0 0 0
38 17 0 352 0 0 0
38 18 0 444 0 0 0
38 19 0 546 0 0 0
38 20 0 650 0 0 0
38 21 0 752 0 0 0
38 22 0 842 0 0 0
38 23 0 916 0 0 0
38 24 0 972 0 0 0
38 25 0 1007 0 0 0
38 26 0 1024 0 0 0
38 27 0 1029 0 0 0
38 28 0 1021 0 0 0
38 29 0 1008 0 0 0
38 30 0 993 0 0 0
38 31 0 987 0 0 0
38 32 0 1003 0 0 0
38 33 0 1048 0 0 0
38 34 0 1126 0 0 0
38 35 0 1232 0 0 0
38 36 0 1354 0 0 0
38 37 0 1467 0 0 0
38 38 0 1545 0 0 0
38 39 0 1568 0 0 0
38 40 0 1519 0 0 0
38 42 0 16 0 0 0
38 56 0 0 -39 1029 -33
38 57 0 0 -13 982 18
39 2 0 0 -548 543 17
39 3 0 0 -724 622 46
39 5 0 1 -676 640 48
39 6 0 3 0 0 0
39 7 0 6 -665 708 2
39 8 0 13 0 0 0
39 9 0 24 0 0 0
39 10 0 42 0 0 0
39 11 0 71 0 0 0
39 12 0 114 0 0 0
39 13 0 171 0 0 0
39 14 0 243 -452 1065 2
39 15 0 333 0 0 0
39 16 0 438 -355 1133 1
39 17 0 562 0 0 0
39 18 0 698 -246 1153 0
39 19 0 843 0 0 0
39 20 0 993 -156 1145 -1
39 21 0 1139 0 0 0
39 22 0 1275 -87 1130 -1
39 23 0 1393 0 0 0
39 24 0 1488 -40 1109 -1
39 25 0 1556 0 0 0
39 26 0 1598 -7 1092 0
39 27 0 1617 0 0 0
39 28 0 1612 0 0 0
39 29 0 1589 14 1079 0
39 30 0 1555 0 0 0
39 31 0 1527 27 1071 0
39 32 0 1524 0 0 0
39 33 0 1563 33 1066 0
39 34 0 1649 0 0 0
39 35 0 1781 32 1064 0
39 36 0 1938 0 0 0
39 37 0 2089 29 1064 0
39 38 0 2196 0 0 0
39 39 0 2227 21 1064 0
39 40 0 2158 0 0 0
39 41 0 0 11 1062 0
39 42 0 45 0 0 0
39 43 0 0 -1 1059 0
39 45 0 0 -12 1051 0
39 47 0 0 -22 1043 0
39 49 0 0 -27 1027 0
39 51 0 0 -28 1021 2
39 52 0 0 -26 996 -1
39 54 0 0 -18 1011 -27
39 56 0 0 9 1027 -34
39 57 0 0 -7 982 17
40 2 0 0 -569 536 12
40 3 0 0 -742 569 38
40 5 0 2 0 0 0
40 6 0 4 0 0 0
40 7 0 10 0 0 0
40 8 0 20 -739 848 6
40 9 0 39 0 0 0
40 10 0 68 -699 942 6
40 11 0 115 0 0 0
40 12 0 185 0 0 0
40 13 0 276 0 0 0
40 14 0 392 0 0 0
40 15 0 532 0 0 0
40 16 0 691 0 0 0
40 17 0 869 0 0 0
40 18 0 1059 0 0 0
40 19 0 1257 0 0 0
40 20 0 1460 0 0 0
40 21 0 1662 0 0 0
40 22 0 1857 0 0 0
40 23 0 2036 0 0 0
40 24 0 2191 0 0 0
40 25 0 2315 0 0 0
40 26 0 2401 0 0 0
40 27 0 2448 0 0 0
40 28 0 2448 0 0 0
40 29 0 2410 0 0 0
40 30 0 2343 0 0 0
40 31 0 2272 0 0 0
40 32 0 2229 0 0 0
40 33 0 2240 0 0 0
40 34 0 2320 0 0 0
40 35 0 2468 0 0 0
40 36 0 2660 0 0 0
40 37 0 2853 0 0 0
40 38 0 2993 0 0 0
40 39 0 3035 0 0 0
40 40 0 2943 0 0 0
40 42 0 519 0 0 0
40 56 0 0 -35 1035 -34
40 57 0 0 -12 989 18
41 2 0 0 -628 544 16
41 3 0 0 -818 625 46
41 4 0 0 0 0 0
41 5 0 3 -774 652 47
41 6 0 7 0 0 0
41 7 0 16 -761 728 1
41 8 0 32 0 0 0
41 9 0 61 0 0 0
41 10 0 106 0 0 0
41 11 0 179 0 0 0
41 12 0 287 -630 1066 5
41 13 0 429 0 0 0
41 14 0 607 -534 1165 4
41 15 0 816 0 0 0
41 16 0 1047 -404 1252 3
41 17 0 1296 0 0 0
41 18 0 1549 -237 1262 1
41 19 0 1807 0 0 0
41 20 0 2070 -130 1227 -2
41 21 0 2338 0 0 0
41 22 0 2608 -53 1190 -2
41 23 0 2873 0 0 0
41 24 0 3119 -9 1152 -1
41 25 0 3330 0 0 0
41 26 0 3487 17 1121 0
41 27 0 3579 0 0 0
41 28 0 3590 0 0 0
41 29 0 3528 32 1097 0
41 30 0 3407 0 0 0
41 31 0 3265 38 1080 0
41 32 0 3150 0 0 0
41 33 0 3106 40 1069 0
41 34 0 3159 0 0 0
41 35 0 3311 37 1062 0
41 36 0 3534 0 0 0
41 37 0 3770 31 1058 0
41 38 0 3946 0 0 0
41 39 0 4000 23 1056 0
41 40 0 3881 0 0 0
41 41 0 0 14 1052 0
41 42 0 567 0 0 0
41 43 0 0 4 1049 0
41 45 0 0 -4 1042 0
41 47 0 0 -12 1037 0
41 49 0 0 -16 1024 0
41 51 0 0 -18 1021 3
41 52 0 0 -17 999 0
41 54 0 0 -13 1016 -27
41 56 0 0 12 1034 -34
41 57 0 0 -4 989 17
42 2 0 0 -653 538 14
42 3 0 0 -842 573 39
42 4 0 0 0 0 0
42 5 0 5 0 0 0
42 6 0 11 0 0 0
42 7 0 23 -869 744 0
42 8 0 47 -859 883 8
42 9 0 90 0 0 0
42 10 0 157 -830 995 7
42 11 0 265 0 0 0
42 12 0 424 -759 1152 4
42 13 0 635 0 0 0
42 14 0 895 -649 1302 5
42 15 0 1196 0 0 0
42 16 0 1517 -458 1429 1
42 17 0 1845 0 0 0
42 18 0 2171 0 0 0
42 19 0 2496 0 0 0
42 20 0 2826 0 0 0
42 21 0 3172 0 0 0
42 22 0 3538 0 0 0
42 23 0 3919 0 0 0
42 24 0 4294 0 0 0
42 25 0 4632 0 0 0
42 26 0 4896 0 0 0
42 27 0 5057 0 0 0
42 28 0 5087 0 0 0
42 29 0 4990 0 0 0
42 30 0 4789 0 0 0
42 31 0 4540 0 0 0
42 32 0 4315 0 0 0
42 33 0 4179 0 0 0
42 34 0 4175 0 0 0
42 35 0 4310 0 0 0
42 36 0 4553 0 0 0
42 37 0 4830 0 0 0
42 38 0 5043 0 0 0
42 39 0 5109 0 0 0
42 40 0 4960 0 0 0
42 42 0 797 0 0 0
42 56 0 0 -31 1039 -35
42 57 0 0 -10 993 17
43 2 0 0 -717 545 16
43 3 0 0 -919 624 46
43 4 0 1 0 0 0
43 5 0 7 -879 662 45
43 6 0 16 0 0 0
43 7 0 33 0 0 0
43 8 0 66 0 0 0
43 9 0 125 0 0 0
43 10 0 221 0 0 0
43 11 0 372 0 0 0
43 12 0 595 0 0 0
43 13 0 890 0 0 0
43 14 0 1250 0 0 0
43 15 0 1659 0 0 0
43 16 0 2084 0 0 0
43 17 0 2499 0 0 0
43 18 0 2900 -224 1411 -3
43 19 0 3293 0 0 0
43 20 0 3695 -85 1316 -6
43 21 0 4129 0 0 0
43 22 0 4613 -8 1249 -4
43 23 0 5143 0 0 0
43 24 0 5689 30 1183 -2
43 25 0 6199 0 0 0
43 26 0 6611 48 1136 0
43 27 0 6869 0 0 0
43 28 0 6928 54 1102 0
43 29 0 6789 0 0 0
43 30 0 6484 0 0 0
43 31 0 6092 54 1080 0
43 32 0 5716 0 0 0
43 33 0 5451 49 1065 0
43 34 0 5357 0 0 0
43 35 0 5455 43 1056 0
43 36 0 5705 0 0 0
43 37 0 6016 35 1050 0
43 38 0 6264 0 0 0
43 39 0 6340 26 1047 0
43 40 0 6157 0 0 0
43 41 0 0 17 1043 0
43 42 0 1103 0 0 0
43 43 0 0 8 1040 0
43 45 0 0 0 1034 0
43 47 0 0 -5 1031 0
43 49 0 0 -9 1021 0
43 51 0 0 -11 1021 3
43 52 0 0 -11 1001 0
43 54 0 0 -8 1019 -26
43 56 0 0 15 1039 -35
43 57 0 0 -2 994 17
44 2 0 0 -746 540 15
44 3 0 1 -947 575 40
44 4 0 2 0 0 0
44 5 0 10 0 0 0
44 6 0 22 0 0 0
44 7 0 45 -989 747 2
44 8 0 90 -997 904 7
44 9 0 169 0 0 0
44 10 0 296 -989 1034 6
44 11 0 498 0 0 0
44 12 0 793 -942 1236 1
44 13 0 1182 0 0 0
44 14 0 1651 -827 1488 10
44 15 0 2174 0 0 0
44 16 0 2703 -540 1662 0
44 17 0 3195 0 0 0
44 18 0 3667 0 0 0
44 19 0 4124 -92 1595 9
44 20 0 4600 0 0 0
44 21 0 5134 32 1440 0
44 22 0 5758 0 0 0
44 23 0 6469 97 1316 -3
44 24 0 7225 0 0 0
44 25 0 7950 0 0 0
44 26 0 8547 0 0 0
44 27 0 8932 0 0 0
44 28 0 9036 0 0 0
44 29 0 8855 0 0 0
44 30 0 8432 0 0 0
44 31 0 7873 0 0 0
44 32 0 7318 0 0 0
44 33 0 6893 0 0 0
44 34 0 6686 0 0 0
44 35 0 6727 0 0 0
44 36 0 6970 0 0 0
44 37 0 7307 0 0 0
44 38 0 7584 0 0 0
44 39 0 7665 0 0 0
44 40 0 7441 0 0 0
44 42 0 1146 0 0 0
44 56 0 0 -29 1041 -35
44 57 0 0 -9 997 17
45 2 0 0 -810 545 14
45 3 0 2 -1024 620 46
45 4 0 5 0 0 0
45 5 0 15 -990 666 45
45 6 0 30 0 0 0
45 7 0 61 0 0 0
45 8 0 118 0 0 0
45 9 0 218 0 0 0
45 10 0 379 0 0 0
45 11 0 633 0 0 0
45 12 0 1001 0 0 0
45 13 0 1482 0 0 0
45 14 0 2055 0 0 0
45 15 0 2680 0 0 0
45 16 0 3296 0 0 0
45 17 0 3836 0 0 0
45 18 0 4363 0 0 0
45 19 0 4875 0 0 0
45 20 0 5424 0 0 0
45 21 0 6067 0 0 0
45 22 0 6846 0 0 0
45 23 0 7759 0 0 0
45 24 0 8752 110 1213 -3
45 25 0 9720 0 0 0
45 26 0 10532 103 1148 -1
45 27 0 11069 0 0 0
45 28 0 11242 91 1104 0
45 29 0 11034 0 0 0
45 30 0 10501 0 0 0
45 31 0 9775 77 1076 0
45 32 0 9034 0 0 0
45 33 0 8441 64 1059 0
45 34 0 8110 0 0 0
45 35 0 8082 52 1048 0
45 36 0 8309 0 0 0
45 37 0 8661 41 1042 0
45 38 0 8957 0 0 0
45 39 0 9033 30 1038 0
45 40 0 8761 0 0 0
45 41 0 0 21 1035 0
45 42 0 1360 0 0 0
45 43 0 0 12 1032 0
45 45 0 0 5 1028 0
45 47 0 0 0 1026 0
45 49 0 0 -4 1018 0
45 51 0 0 -6 1019 3
45 52 0 0 -7 1002 0
45 54 0 0 -5 1020 -26
45 56 0 0 17 1041 -35
45 57 0 0 0 998 16
46 2 0 0 -844 542 16
46 3 0 4 -1054 574 41
46 4 0 8 0 0 0
46 5 0 21 0 0 0
46 6 0 41 0 0 0
46 7 0 80 -1115 736 3
46 8 0 150 -1152 901 3
46 9 0 270 0 0 0
46 10 0 463 -1182 1041 2
46 11 0 763 0 0 0
46 12 0 1194 -1196 1293 -19
46 13 0 1750 0 0 0
46 14 0 2402 -1100 1636 -12
46 15 0 3097 0 0 0
46 16 0 3766 -540 2085 -35
46 17 0 4308 0 0 0
46 18 0 4865 0 0 0
46 19 0 5417 -23 1942 -11
46 20 0 6036 0 0 0
46 21 0 6788 183 1533 3
46 22 0 7724 0 0 0
46 23 0 8842 229 1330 8
46 24 0 10072 0 0 0
46 25 0 11287 0 0 0
46 26 0 12323 0 0 0
46 27 0 13031 0 0 0
46 28 0 13298 0 0 0
46 29 0 13095 0 0 0
46 30 0 12484 0 0 0
46 31 0 11624 0 0 0
46 32 0 10723 0 0 0
46 33 0 9981 0 0 0
46 34 0 9538 0 0 0
46 35 0 9446 0 0 0
46 36 0 9653 0 0 0
46 37 0 10011 0 0 0
46 38 0 10313 0 0 0
46 39 0 10374 0 0 0
46 40 0 10043 0 0 0
46 42 0 1548 0 0 0
46 56 0 0 -27 1043 -36
46 57 0 0 -9 999 17
47 2 0 0 -903 545 13
47 3 0 6 -1125 610 45
47 4 0 12 0 0 0
47 5 0 28 -1102 661 44
47 6 0 54 0 0 0
47 7 0 102 0 0 0
47 8 0 183 0 0 0
47 9 0 320 0 0 0
47 10 0 537 0 0 0
47 11 0 870 0 0 0
47 12 0 1340 0 0 0
47 13 0 1940 0 0 0
47 14 0 2630 0 0 0
47 15 0 3349 0 0 0
47 16 0 3980 0 0 0
47 17 0 4512 0 0 0
47 18 0 5071 0 0 0
47 19 0 5647 0 0 0
47 20 0 6323 0 0 0
47 21 0 7174 0 0 0
47 22 0 8251 0 0 0
47 23 0 9551 0 0 0
47 24 0 10989 198 1192 -1
47 25 0 12423 0 0 0
47 26 0 13665 156 1120 -1
47 27 0 14545 0 0 0
47 28 0 14930 124 1078 0
47 29 0 14773 0 0 0
47 30 0 14141 0 0 0
47 31 0 13206 97 1054 0
47 32 0 12205 0 0 0
47 33 0 11363 76 1040 0
47 34 0 10843 0 0 0
47 35 0 10708 59 1033 0
47 36 0 10900 0 0 0
47 37 0 11259 44 1029 0
47 38 0 11557 0 0 0
47 39 0 11590 33 1027 0
47 40 0 11196 0 0 0
47 41 0 0 23 1025 0
47 42 0 1968 0 0 0
47 43 0 0 14 1025 0
47 45 0 0 7 1021 0
47 47 0 0 3 1021 0
47 49 0 0 -1 1014 0
47 51 0 0 -2 1018 2
47 52 0 0 -4 1001 0
47 54 0 0 -2 1021 -26
47 56 0 0 19 1043 -36
47 57 0 0 1 1000 16
48 2 0 0 -936 541 17
48 3 0 8 -1153 567 41
48 4 0 17 0 0 0
48 5 0 37 0 0 0
48 6 0 68 0 0 0
48 7 0 123 -1237 697 4
48 8 0 215 -1304 857 1
48 9 0 362 0 0 0
48 10 0 591 -1398 979 -4
48 11 0 934 0 0 0
48 12 0 1411 -1524 1257 -36
48 13 0 2008 0 0 0
48 14 0 2693 -1523 1550 -35
48 15 0 3384 -1395 1799 -92
48 16 0 3951 -1309 2502 -52
48 17 0 4400 -146 2754 -69
48 18 0 4936 371 2395 -46
48 19 0 5517 443 1986 -31
48 20 0 6234 0 0 0
48 21 0 7160 619 1471 -24
48 22 0 8341 0 0 0
48 23 0 9761 0 0 0
48 24 0 11357 0 0 0
48 25 0 12954 0 0 0
48 26 0 14361 0 0 0
48 27 0 15392 0 0 0
48 28 0 15904 0 0 0
48 29 0 15834 0 0 0
48 30 0 15246 0 0 0
48 31 0 14316 0 0 0
48 32 0 13294 0 0 0
48 33 0 12423 0 0 0
48 34 0 11881 0 0 0
48 35 0 11736 0 0 0
48 36 0 11928 0 0 0
48 37 0 12287 0 0 0
48 38 0 12572 0 0 0
48 39 0 12570 0 0 0
48 40 0 12114 0 0 0
48 42 0 2588 0 0 0
48 56 0 0 -25 1042 -36
48 57 0 0 -8 1000 17
49 2 0 0 -989 543 12
49 3 0 11 -1211 595 44
49 4 0 22 0 0 0
49 5 0 44 -1203 641 46
49 6 0 80 0 0 0
49 7 0 142 0 0 0
49 8 0 239 0 0 0
49 9 0 387 0 0 0
49 10 0 610 0 0 0
49 11 0 934 0 0 0
49 12 0 1372 0 0 0
49 13 0 1903 0 0 0
49 14 0 2526 -1723 1465 -58
49 15 0 3111 -1901 1857 -106
49 16 0 3659 -1952 3019 -132
49 17 0 3992 -149 3368 -132
49 18 0 4171 703 2801 -118
49 19 0 4843 892 1994 -66
49 20 0 5663 0 0 0
49 21 0 6687 0 0 0
49 22 0 7959 0 0 0
49 23 0 9470 469 1258 -12
49 24 0 11137 331 1139 -9
49 25 0 12815 0 0 0
49 26 0 14316 226 1077 -4
49 27 0 15457 0 0 0
49 28 0 16086 162 1045 -2
49 29 0 16129 0 0 0
49 30 0 15642 0 0 0
49 31 0 14795 117 1027 0
49 32 0 13837 0 0 0
49 33 0 13016 86 1020 0
49 34 0 12514 0 0 0
49 35 0 12399 64 1016 0
49 36 0 12608 0 0 0
49 37 0 12968 47 1016 0
49 38 0 13239 0 0 0
49 39 0 13201 34 1016 0
49 40 0 12694 0 0 0
49 41 0 0 23 1016 0
49 42 0 2204 0 0 0
49 43 0 0 16 1017 0
49 45 0 0 9 1016 0
49 47 0 0 4 1017 0
49 49 0 0 1 1012 0
49 51 0 0 -1 1016 3
49 52 0 0 -1 1001 0
49 54 0 0 -2 1020 -25
49 56 0 0 20 1041 -36
49 57 0 0 2 1000 16
50 2 0 0 -1010 542 17
50 3 0 12 -1231 555 41
50 4 0 26 0 0 0
50 5 0 50 0 0 0
50 6 0 90 0 0 0
50 7 0 155 -1337 635 3
50 8 0 252 0 0 0
50 9 0 394 -1430 754 4
50 10 0 600 -1594 805 -3
50 11 0 890 0 0 0
50 12 0 1266 -1818 1001 -37
50 13 0 1705 0 0 0
50 14 0 2137 -2064 1175 -81
50 15 0 2548 -2512 1157 -17
50 16 0 0 -4822 2429 119
50 17 0 0 97 1772 -411
50 18 0 3494 1643 1713 -24
50 19 0 4142 1573 1411 9
50 20 0 4954 0 0 0
50 21 0 5975 0 0 0
50 22 0 7238 0 0 0
50 23 0 8732 0 0 0
50 24 0 10380 0 0 0
50 25 0 12048 0 0 0
50 26 0 13562 0 0 0
50 27 0 14750 0 0 0
50 28 0 15465 0 0 0
50 29 0 15624 0 0 0
50 30 0 15275 0 0 0
50 31 0 14571 0 0 0
50 32 0 13750 0 0 0
50 33 0 13048 0 0 0
50 34 0 12639 0 0 0
50 35 0 12589 0 0 0
50 36 0 12832 0 0 0
50 37 0 13198 0 0 0
50 38 0 13455 0 0 0
50 39 0 13390 0 0 0
50 40 0 12852 0 0 0
50 42 0 3616 0 0 0
50 56 0 0 -22 1044 -38
50 57 0 0 -7 1001 16
51 2 0 0 -1055 541 11
51 3 0 13 -1271 577 42
51 4 0 28 0 0 0
51 5 0 53 -1283 607 48
51 6 0 94 0 0 0
51 7 0 158 0 0 0
51 8 0 251 0 0 0
51 9 0 381 0 0 0
51 10 0 562 0 0 0
51 11 0 807 0 0 0
51 12 0 1111 0 0 0
51 13 0 1448 0 0 0
51 14 0 1669 -2075 756 -13
51 15 0 1876 -2510 798 -5
51 16 0 0 -3358 166 -24
51 17 0 0 -1289 23 168
51 18 0 2649 1367 140 0
51 19 0 3299 1374 343 -3
51 20 0 4117 0 0 0
51 21 0 5082 1062 898 26
51 22 0 6271 0 0 0
51 23 0 7672 594 895 22
51 24 0 9216 383 934 5
51 25 0 10785 0 0 0
51 26 0 12228 253 948 0
51 27 0 13392 0 0 0
51 28 0 14144 173 966 0
51 29 0 14399 0 0 0
51 30 0 14198 0 0 0
51 31 0 13671 120 975 0
51 32 0 13032 0 0 0
51 33 0 12496 85 985 0
51 34 0 12218 0 0 0
51 35 0 12254 61 992 0
51 36 0 12540 0 0 0
51 37 0 12916 43 998 0
51 38 0 13163 0 0 0
51 39 0 13084 31 1003 0
51 40 0 12542 0 0 0
51 41 0 0 21 1007 0
51 42 0 3350 0 0 0
51 43 0 0 14 1010 0
51 45 0 0 8 1010 0
51 47 0 0 5 1013 0
51 49 0 0 1 1008 0
51 51 0 0 2 1015 2
51 52 0 0 -1 1000 -1
51 54 0 0 2 1020 -28
51 56 0 0 24 1044 -38
51 57 0 0 5 1000 16
52 2 0 0 -1053 540 15
52 3 0 13 -1272 534 39
52 4 0 27 0 0 0
52 5 0 51 0 0 0
52 6 0 91 0 0 0
52 7 0 151 0 0 0
52 8 0 235 0 0 0
52 9 0 349 -1472 605 5
52 10 0 501 0 0 0
52 11 0 694 0 0 0
52 12 0 926 0 0 0
52 13 0 1146 0 0 0
52 14 0 1323 -2064 576 0
52 15 0 1290 -2305 400 -30
52 16 0 0 -2555 112 44
52 17 0 0 -611 -72 22
52 18 0 1699 649 -391 -26
52 19 0 2477 901 180 0
52 20 0 3226 0 0 0
52 21 0 4130 0 0 0
52 22 0 5191 0 0 0
52 23 0 6436 0 0 0
52 24 0 7807 0 0 0
52 25 0 9204 0 0 0
52 26 0 10504 0 0 0
52 27 0 11576 0 0 0
52 28 0 12310 0 0 0
52 29 0 12626 0 0 0
52 30 0 12557 0 0 0
52 31 0 12213 0 0 0
52 32 0 11772 0 0 0
52 33 0 11419 0 0 0
52 34 0 11284 0 0 0
52 35 0 11412 0 0 0
52 36 0 11740 0 0 0
52 37 0 12123 0 0 0
52 38 0 12365 0 0 0
52 39 0 12288 0 0 0
52 40 0 11772 0 0 0
52 42 0 2463 0 0 0
52 56 0 0 -15 1038 -36
52 57 0 0 -4 997 16
53 2 0 0 -1092 537 9
53 3 0 11 -1294 557 42
53 4 0 25 0 0 0
53 5 0 47 -1325 560 48
53 6 0 82 0 0 0
53 7 0 135 -1386 553 3
53 8 0 208 0 0 0
53 9 0 305 0 0 0
53 10 0 427 0 0 0
53 11 0 577 -1643 573 0
53 12 0 736 0 0 0
53 13 0 897 -1799 569 -22
53 14 0 1024 -1953 363 -8
53 15 0 916 -2117 235 3
53 16 0 0 -2227 56 31
53 17 0 0 298 0 13
53 18 0 1253 477 -178 0
53 19 0 1793 606 170 9
53 20 0 2446 0 0 0
53 21 0 3216 616 515 2
53 22 0 4113 0 0 0
53 23 0 5162 436 692 8
53 24 0 6315 291 805 -3
53 25 0 7492 0 0 0
53 26 0 8596 204 863 -3
53 27 0 9525 0 0 0
53 28 0 10191 0 0 0
53 29 0 10528 143 909 -2
53 30 0 10562 0 0 0
53 31 0 10380 101 936 -1
53 32 0 10125 0 0 0
53 33 0 9944 72 958 0
53 34 0 9942 0 0 0
53 35 0 10149 51 973 0
53 36 0 10508 0 0 0
53 37 0 10890 36 985 0
53 38 0 11128 0 0 0
53 39 0 11066 25 993 0
53 40 0 10602 0 0 0
53 41 0 0 17 999 0
53 42 0 2791 0 0 0
53 43 0 0 12 1004 0
53 45 0 0 7 1007 0
53 47 0 0 5 1010 1
53 49 0 0 1 1010 1
53 51 0 0 0 1013 3
53 52 0 0 1 1000 0
53 54 0 0 1 1021 -23
53 56 0 0 26 1037 -38
53 57 0 0 8 992 15
54 2 0 0 -1071 537 14
54 3 0 9 -1281 522 38
54 4 0 21 0 0 0
54 5 0 39 0 0 0
54 6 0 70 0 0 0
54 7 0 115 -1390 495 1
54 8 0 176 0 0 0
54 9 0 255 -1458 499 4
54 10 0 353 0 0 0
54 11 0 466 -1586 454 -1
54 12 0 583 0 0 0
54 13 0 688 -1686 354 -2
54 14 0 749 -1864 327 -15
54 15 0 719 -1937 170 20
54 16 0 0 -2045 13 34
54 17 0 0 281 22 12
54 18 0 888 350 0 -2
54 19 0 1287 407 188 11
54 20 0 1793 0 0 0
54 21 0 2389 0 0 0
54 22 0 3119 0 0 0
54 23 0 3956 0 0 0
54 24 0 4874 0 0 0
54 25 0 5812 0 0 0
54 26 0 6696 0 0 0
54 27 0 7453 0 0 0
54 28 0 8018 0 0 0
54 29 0 8339 0 0 0
54 30 0 8440 0 0 0
54 31 0 8385 0 0 0
54 32 0 8283 0 0 0
54 33 0 8244 0 0 0
54 34 0 8346 0 0 0
54 35 0 8606 0 0 0
54 36 0 8975 0 0 0
54 37 0 9344 0 0 0
54 38 0 9574 0 0 0
54 39 0 9534 0 0 0
54 40 0 9142 0 0 0
54 42 0 1855 0 0 0
54 56 0 0 0 1041 -36
54 57 0 0 0 1000 17
55 2 0 0 -1104 536 9
55 3 0 7 -1298 550 40
55 4 0 17 0 0 0
55 5 0 32 -1335 522 50
55 6 0 57 0 0 0
55 7 0 94 0 0 0
55 8 0 145 0 0 0
55 9 0 210 0 0 0
55 10 0 289 0 0 0
55 11 0 377 0 0 0
55 12 0 468 0 0 0
55 13 0 537 0 0 0
55 14 0 587 -1795 232 -15
55 15 0 571 -1817 129 26
55 16 0 0 -1960 10 32
55 17 0 0 280 5 6
55 18 0 606 265 78 1
55 19 0 890 300 182 7
55 20 0 1263 0 0 0
55 21 0 1712 335 398 3
55 22 0 2260 0 0 0
55 23 0 2894 288 586 4
55 24 0 3586 0 0 0
55 25 0 4291 202 710 -1
55 26 0 4959 0 0 0
55 27 0 5538 144 792 -1
55 28 0 5987 0 0 0
55 29 0 6268 97 855 0
55 30 0 6401 0 0 0
55 31 0 6432 68 896 0
55 32 0 6440 0 0 0
55 33 0 6501 45 927 0
55 34 0 6668 0 0 0
55 35 0 6952 31 948 0
55 36 0 7307 0 0 0
55 37 0 7648 21 965 0
55 38 0 7862 0 0 0
55 39 0 7845 14 977 0
55 40 0 7533 0 0 0
55 41 0 0 8 986 0
55 42 0 1218 0 0 0
55 43 0 0 4 992 0
55 45 0 0 1 995 0
55 46 0 0 0 999 0
55 48 0 0 0 994 -1
55 50 0 0 7 1008 -2
55 52 0 0 -2 994 -2
55 54 0 0 12 1013 -26
55 56 0 0 29 1038 -35
55 57 0 0 10 997 16
56 2 0 0 -1068 535 13
56 3 0 5 -1268 507 38
56 4 0 13 0 0 0
56 5 0 26 0 0 0
56 6 0 47 0 0 0
56 7 0 78 -1366 437 0
56 8 0 122 0 0 0
56 9 0 179 -1428 414 4
56 10 0 247 0 0 0
56 11 0 322 -1515 347 -4
56 12 0 393 0 0 0
56 13 0 447 -1606 256 0
56 14 0 471 -1693 220 -18
56 15 0 472 -1707 96 21
56 16 0 0 -1767 -3 35
56 17 0 0 198 23 16
56 18 0 396 183 104 -2
56 19 0 589 199 228 0
56 20 0 845 177 310 -2
56 21 0 1173 201 423 -5
56 22 0 1564 165 497 -19
56 23 0 2016 166 603 -16
56 24 0 2509 121 664 -17
56 25 0 3009 111 727 -13
56 26 0 3485 84 775 -12
56 27 0 3903 82 822 -8
56 28 0 4238 56 857 -8
56 29 0 4467 55 885 -5
56 30 0 4605 37 910 -5
56 31 0 4684 40 930 -4
56 32 0 4757 23 948 -4
56 33 0 4874 28 961 -3
56 34 0 5069 13 975 -3
56 35 0 5344 21 984 -3
56 36 0 5664 5 994 -1
56 37 0 5962 15 1001 -2
56 38 0 6153 0 1008 0
56 39 0 6156 12 1010 -1
56 40 0 5921 -2 1015 1
56 41 0 0 12 1014 0
56 42 0 451 -4 1019 0
56 43 0 0 8 1015 0
56 44 0 0 -4 1016 1
56 45 0 0 14 1015 0
56 46 0 0 -7 1015 2
56 47 0 0 5 1011 3
56 48 0 0 -13 1009 0
56 49 0 0 5 1011 -2
56 50 0 0 -7 1013 -1
56 51 0 0 18 1017 -2
56 52 0 0 -7 1021 6
56 53 0 0 13 1008 5
56 54 0 0 1 1016 9
56 55 0 0 26 1008 -18
56 56 0 0 30 1035 -36
56 57 0 0 2 1000 13
57 2 0 0 -1093 533 8
57 3 0 4 -1267 533 40
57 4 0 11 0 0 0
57 5 0 22 -1319 488 50
57 6 0 40 0 0 0
57 7 0 69 0 0 0
57 8 0 109 0 0 0
57 9 0 163 0 0 0
57 10 0 228 0 0 0
57 11 0 299 0 0 0
57 12 0 363 0 0 0
57 13 0 415 0 0 0
57 14 0 424 -1628 146 -10
57 15 0 417 -1615 71 1
57 16 0 0 -1728 11 28
57 17 0 0 70 11 -2
57 18 0 249 104 114 -2
57 19 0 375 101 242 -5
57 20 0 545 56 280 0
57 21 0 765 105 402 -3
57 22 0 1029 61 479 0
57 23 0 1334 94 576 -3
57 24 0 1665 42 653 -2
57 25 0 2001 65 710 -3
57 26 0 2321 26 766 0
57 27 0 2606 45 803 0
57 28 0 2844 13 835 1
57 29 0 3019 32 855 0
57 30 0 3144 5 874 2
57 31 0 3239 24 889 0
57 32 0 3339 0 899 2
57 33 0 3474 18 910 1
57 34 0 3664 -3 914 3
57 35 0 3908 14 921 1
57 36 0 4177 -5 921 3
57 37 0 4424 11 926 1
57 38 0 4584 -7 923 3
57 39 0 4599 9 926 1
57 40 0 4432 -8 921 3
57 41 0 0 11 930 0
57 42 0 264 -9 930 5
57 43 0 0 7 920 1
57 44 0 0 -9 911 3
57 45 0 0 14 933 -6
57 46 0 0 -11 934 10
57 47 0 0 5 912 2
57 48 0 0 -9 899 3
57 49 0 0 7 904 0
57 50 0 0 -8 896 3
57 51 0 0 8 912 -2
57 52 0 0 -8 910 1
57 53 0 0 6 921 0
57 54 0 0 -5 940 -6
57 55 0 0 2 947 -14
57 56 0 0 6 963 -19
57 57 0 0 -2 992 -9
58 2 0 0 -1042 533 14
58 3 0 3 -1229 496 36
58 4 0 10 0 0 0
58 5 0 20 0 0 0
58 6 0 39 0 0 0
58 7 0 67 0 0 0
58 8 0 109 0 0 0
58 9 0 165 -1373 356 5
58 10 0 232 0 0 0
58 11 0 305 -1438 270 -5
58 12 0 372 0 0 0
58 13 0 422 -1505 208 3
58 14 0 416 -1568 128 -7
58 15 0 401 -1547 63 -2
58 16 0 0 -1639 -8 5
58 17 0 0 44 14 -1
58 18 0 0 19 148 -18
58 19 0 0 31 173 -19
58 20 0 0 -8 317 -3
58 21 0 0 27 335 -13
58 22 0 0 -30 528 10
58 23 0 0 -2 519 5
58 24 0 0 -32 683 4
58 25 0 0 -18 659 3
58 26 0 0 -25 794 3
58 27 0 0 -20 768 7
58 28 0 0 -21 874 5
58 29 0 0 -23 844 10
58 30 0 0 -20 927 6
58 31 0 0 -25 896 10
58 32 0 0 -18 964 6
58 33 0 0 -28 931 10
58 34 0 0 -17 989 6
58 35 0 0 -30 954 10
58 36 0 0 -17 1006 6
58 37 0 0 -29 970 11
58 38 0 0 -17 1019 5
58 39 0 0 -28 983 11
58 40 0 0 -17 1029 5
58 41 0 0 -29 994 11
58 42 0 0 -17 1035 7
58 43 0 0 -26 997 11
58 44 0 0 -21 1041 10
58 45 0 0 -31 1005 14
58 46 0 0 -17 1039 11
58 47 0 0 -21 1000 19
58 48 0 0 -20 1046 5
58 49 0 0 -30 1008 10
58 50 0 0 -19 1050 4
58 51 0 0 -28 1017 12
58 52 0 0 -19 1054 2
58 53 0 0 -34 1017 11
58 54 0 0 -13 1029 18
58 55 0 0 -22 1005 24
58 56 0 0 14 1003 35
58 57 0 0 -8 1009 7
59 2 0 0 -1064 533 8
59 3 0 4 -1225 528 40
59 4 0 11 0 0 0
59 5 0 22 -1281 463 51
59 6 0 42 0 0 0
59 7 0 74 -1321 394 0
59 8 0 119 0 0 0
59 9 0 182 0 0 0
59 10 0 259 0 0 0
59 11 0 342 0 0 0
59 12 0 414 0 0 0
59 13 0 468 0 0 0
59 14 0 444 -1516 83 -4
59 15 0 420 -1502 53 -6
59 16 0 0 -1626 20 -6
60 2 0 0 -999 531 14
60 3 0 4 -1174 485 36
60 4 0 13 0 0 0
60 5 0 25 0 0 0
60 6 0 47 0 0 0
60 7 0 84 0 0 0
60 8 0 135 0 0 0
60 9 0 207 0 0 0
60 10 0 296 0 0 0
60 11 0 391 0 0 0
60 12 0 473 0 0 0
60 13 0 535 0 0 0
60 14 0 558 -1481 78 -6
60 15 0 457 -1457 67 0
60 16 0 0 -1517 -9 -20
61 2 0 0 -1019 532 8
61 3 0 5 -1162 518 41
61 4 0 15 0 0 0
61 5 0 29 -1224 440 51
61 6 0 55 0 0 0
61 7 0 97 -1262 354 -2
61 8 0 154 0 0 0
61 9 0 236 -1304 302 4
61 10 0 338 0 0 0
61 11 0 448 -1370 206 -8
61 12 0 551 0 0 0
61 13 0 614 -1401 146 3
61 14 0 646 -1445 15 0
61 15 0 503 -1436 74 27
61 16 0 0 -1482 -3 -22
62 2 0 0 -937 529 14
62 3 0 6 -1105 479 34
62 4 0 17 0 0 0
62 5 0 33 -1154 422 52
62 6 0 62 0 0 0
62 7 0 109 -1185 323 -2
62 8 0 180 0 0 0
62 9 0 280 -1233 249 5
62 10 0 410 0 0 0
62 11 0 565 -1279 147 -10
62 12 0 729 0 0 0
62 13 0 728 -1345 42 2
62 14 0 753 -1454 38 -6
62 15 0 556 -1465 140 23
62 16 0 0 -1130 166 64
63 2 0 0 -958 534 10
63 3 0 7 -1091 517 41
63 4 0 18 0 0 0
63 5 0 36 0 0 0
63 6 0 68 0 0 0
63 7 0 120 0 0 0
63 8 0 200 0 0 0
63 9 0 309 0 0 0
63 10 0 459 0 0 0
63 11 0 642 0 0 0
63 12 0 833 0 0 0
63 13 0 850 0 0 0
63 14 0 941 -1551 -2 -14
63 15 0 883 -1619 114 -21
63 16 0 0 -882 254 70
64 2 0 0 -863 527 15
64 3 0 8 -1024 469 34
64 4 0 19 0 0 0
64 5 0 38 -1067 407 51
64 6 0 72 0 0 0
64 7 0 128 -1090 281 -1
64 8 0 217 -1126 208 2
64 9 0 346 0 0 0
64 10 0 518 0 0 0
64 11 0 741 0 0 0
64 12 0 1007 0 0 0
64 13 0 1294 0 0 0
64 14 0 1552 -1524 -41 -22
64 15 0 1819 -1604 -534 -43
64 16 0 0 224 -454 192
65 2 0 0 -883 533 11
65 3 0 8 -995 506 43
65 4 0 19 0 0 0
65 5 0 39 0 0 0
65 6 0 74 0 0 0
65 7 0 132 0 0 0
65 8 0 226 0 0 0
65 9 0 364 0 0 0
65 10 0 561 -1155 26 -8
65 11 0 816 0 0 0
65 12 0 1128 -1254 -51 -29
65 13 0 1484 0 0 0
65 14 0 1873 -1201 -354 -14
65 15 0 2284 -1212 -681 -44
65 16 0 2732 -392 -1454 -43
65 17 0 3140 -166 -870 -7
65 18 0 3682 -53 -684 -4
65 19 0 4245 -1 -522 -14
65 20 0 4803 -13 -390 1
65 21 0 5319 -11 -372 4
65 22 0 5807 -9 -282 2
65 23 0 6216 2 -228 -10
65 24 0 6533 -7 -192 0
65 25 0 6752 1 -187 1
65 26 0 6871 -7 -146 2
65 27 0 6895 -4 -117 -3
65 28 0 6822 -10 -84 3
65 29 0 6629 -6 -85 -3
65 30 0 6271 -6 -63 0
65 31 0 5709 -4 -59 0
65 32 0 4931 -3 -34 1
65 33 0 4001 -5 -19 0
65 34 0 3031 -6 -6 0
66 2 0 0 -772 523 15
66 3 0 7 -936 467 33
66 4 0 18 0 0 0
66 5 0 38 -968 402 52
66 6 0 73 0 0 0
66 7 0 131 -983 274 -1
66 8 0 227 -987 186 5
66 9 0 370 0 0 0
66 10 0 577 0 0 0
66 11 0 850 0 0 0
66 12 0 1188 0 0 0
66 13 0 1581 0 0 0
66 14 0 2026 -957 -318 -40
66 15 0 2521 -952 -550 -41
66 16 0 3095 -669 -735 -37
66 17 0 3700 -350 -708 -40
66 18 0 4449 -227 -534 -14
66 19 0 5248 -152 -473 -17
66 20 0 6051 -127 -365 -9
66 21 0 6810 -79 -311 -7
66 22 0 7487 -77 -262 -5
66 23 0 8040 -45 -231 -1
66 24 0 8456 -61 -199 -9
66 25 0 8733 -32 -167 -2
66 26 0 8884 -44 -149 -8
66 27 0 8925 -24 -122 0
66 28 0 8859 -37 -107 -7
66 29 0 8654 -18 -82 -2
66 30 0 8244 -28 -70 -4
66 31 0 7558 -15 -53 0
66 32 0 6565 -26 -41 0
66 33 0 5340 -17 -18 0
66 34 0 4038 -27 -2 0
67 2 0 0 -794 531 13
67 3 0 6 -912 512 44
67 4 0 16 0 0 0
67 5 0 35 0 0 0
67 6 0 68 0 0 0
67 7 0 125 0 0 0
67 8 0 219 0 0 0
67 9 0 361 0 0 0
67 10 0 570 -1004 11 -7
67 11 0 849 0 0 0
67 12 0 1201 -968 -122 -11
67 13 0 1620 0 0 0
67 14 0 2113 -807 -350 -19
67 15 0 2692 -698 -418 -36
67 16 0 3401 -583 -572 -22
67 17 0 4244 -368 -486 -23
67 18 0 5209 -320 -448 -17
67 19 0 6286 -213 -389 -16
67 20 0 7372 -183 -354 -8
67 21 0 8389 -125 -289 -8
67 22 0 9275 -117 -267 -3
67 23 0 9980 -82 -223 -6
67 24 0 10491 -88 -201 -14
67 25 0 10819 -61 -163 -4
67 26 0 10989 -70 -151 -11
67 27 0 11028 -50 -115 -4
67 28 0 10944 -58 -110 -8
67 29 0 10698 -42 -78 -4
67 30 0 10206 -45 -72 -5
67 31 0 9373 -40 -52 0
67 32 0 8154 -49 -43 1
67 33 0 6633 -40 -21 0
67 34 0 5004 -33 -3 1
68 2 0 0 -683 522 15
68 3 0 5 -846 465 33
68 4 0 13 0 0 0
68 5 0 31 -871 400 52
68 6 0 61 0 0 0
68 7 0 113 -874 273 -1
68 8 0 201 -867 192 3
68 9 0 334 0 0 0
68 10 0 536 0 0 0
68 11 0 808 0 0 0
68 12 0 1160 0 0 0
68 13 0 1592 0 0 0
68 14 0 2125 0 0 0
68 15 0 2786 0 0 0
68 16 0 3635 0 0 0
68 17 0 4683 0 0 0
68 18 0 5919 0 0 0
68 19 0 7293 0 0 0
68 20 0 8679 0 0 0
68 21 0 9963 -232 -250 -5
68 22 0 11061 0 0 0
68 23 0 11913 -163 -200 -2
68 24 0 12513 0 0 0
68 25 0 12885 -121 -152 -3
68 26 0 13059 0 0 0
68 27 0 13068 -95 -115 -3
68 28 0 12919 0 0 0
68 29 0 12571 -79 -79 -3
68 30 0 11934 0 0 0
68 31 0 10911 -66 -53 0
68 32 0 9458 -59 -30 0
68 33 0 7669 -51 -11 0
68 34 0 5767 -54 -1 0
69 2 0 0 -707 529 15
69 3 0 4 -820 512 46
69 4 0 11 0 0 0
69 5 0 26 0 0 0
69 6 0 52 0 0 0
69 7 0 97 0 0 0
69 8 0 174 0 0 0
69 9 0 294 0 0 0
69 10 0 477 -844 33 -3
69 11 0 732 0 0 0
69 12 0 1071 -803 -81 -12
69 13 0 1506 0 0 0
69 14 0 2069 -751 -257 -10
69 15 0 2804 0 0 0
69 16 0 3785 -535 -332 -25
69 17 0 5030 0 0 0
69 18 0 6524 -341 -302 -14
69 19 0 8176 0 0 0
69 20 0 9847 0 0 0
69 21 0 11385 0 0 0
69 22 0 12685 0 0 0
69 23 0 13682 0 0 0
69 24 0 14376 0 0 0
69 25 0 14795 0 0 0
69 26 0 14972 0 0 0
69 27 0 14931 0 0 0
69 28 0 14673 0 0 0
69 29 0 14158 0 0 0
69 30 0 13307 0 0 0
69 31 0 12045 0 0 0
69 32 0 10350 -74 -35 5
69 33 0 8336 -67 -23 4
69 34 0 6237 -58 -4 0
70 2 0 0 -599 520 14
70 3 0 2 -759 467 32
70 4 0 8 0 0 0
70 5 0 20 -775 407 53
70 6 0 42 0 0 0
70 7 0 78 -774 288 -1
70 8 0 143 -755 217 4
70 9 0 243 0 0 0
70 10 0 403 0 0 0
70 11 0 632 0 0 0
70 12 0 950 0 0 0
70 13 0 1378 0 0 0
70 14 0 1961 0 0 0
70 15 0 2756 0 0 0
70 16 0 3844 -443 -199 -2
70 17 0 5247 0 0 0
70 18 0 6941 0 0 0
70 19 0 8824 -335 -211 -5
70 20 0 10729 0 0 0
70 21 0 12486 -251 -186 -5
70 22 0 13973 0 0 0
70 23 0 15120 -190 -154 -3
70 24 0 15929 0 0 0
70 25 0 16423 -148 -122 -2
70 26 0 16624 0 0 0
70 27 0 16539 -120 -93 -1
70 28 0 16154 0 0 0
70 29 0 15434 -99 -66 0
70 30 0 14323 0 0 0
70 31 0 12790 -87 -46 2
70 32 0 10855 -81 -20 3
70 33 0 8656 -78 -11 1
70 34 0 6432 -73 -2 -5
71 2 0 0 -625 528 18
71 3 0 1 -739 518 46
71 4 0 6 0 0 0
71 5 0 15 0 0 0
71 6 0 32 0 0 0
71 7 0 60 0 0 0
71 8 0 111 0 0 0
71 9 0 192 0 0 0
71 10 0 327 -728 81 -4
71 11 0 527 0 0 0
71 12 0 820 -669 11 0
71 13 0 1235 0 0 0
71 14 0 1824 -580 -123 -6
71 15 0 2655 0 0 0
71 16 0 3808 0 0 0
71 17 0 5305 0 0 0
71 18 0 7115 0 0 0
71 19 0 9136 0 0 0
71 20 0 11195 0 0 0
71 21 0 13116 0 0 0
71 22 0 14769 0 0 0
71 23 0 16079 0 0 0
71 24 0 17037 0 0 0
71 25 0 17650 0 0 0
71 26 0 17919 0 0 0
71 27 0 17827 0 0 0
71 28 0 17341 0 0 0
71 29 0 16429 0 0 0
71 30 0 15066 0 0 0
71 31 0 13271 0 0 0
71 32 0 11115 -100 -34 6
71 33 0 8766 -91 -24 4
71 34 0 6461 -81 -5 0
72 2 0 0 -524 519 13
72 3 0 1 -675 468 32
72 4 0 4 0 0 0
72 5 0 11 -687 413 53
72 6 0 23 0 0 0
72 7 0 43 -683 301 -1
72 8 0 82 -663 238 4
72 9 0 145 0 0 0
72 10 0 257 -634 118 -1
72 11 0 430 0 0 0
72 12 0 697 -590 53 0
72 13 0 1094 0 0 0
72 14 0 1676 -521 -37 2
72 15 0 2513 0 0 0
72 16 0 3680 0 0 0
72 17 0 5197 -433 -86 1
72 18 0 7031 0 0 0
72 19 0 9091 -346 -107 1
72 20 0 11220 0 0 0
72 21 0 13248 -273 -106 1
72 22 0 15046 0 0 0
72 23 0 16530 -219 -98 1
72 24 0 17670 0 0 0
72 25 0 18444 -174 -80 0
72 26 0 18824 0 0 0
72 27 0 18765 -146 -66 0
72 28 0 18221 0 0 0
72 29 0 17164 -122 -46 0
72 30 0 15596 0 0 0
72 31 0 13585 -110 -33 2
72 32 0 11251 -102 -13 1
72 33 0 8784 -100 -7 0
72 34 0 6426 -92 -1 -2
73 2 0 0 -549 527 19
73 3 0 0 -658 520 48
73 4 0 2 0 0 0
73 5 0 7 0 0 0
73 6 0 16 0 0 0
73 7 0 30 0 0 0
73 8 0 60 0 0 0
73 9 0 109 0 0 0
73 10 0 201 0 0 0
73 11 0 352 0 0 0
73 12 0 595 0 0 0
73 13 0 970 0 0 0
73 14 0 1531 0 0 0
73 15 0 2345 0 0 0
73 16 0 3478 0 0 0
73 17 0 4946 0 0 0
73 18 0 6726 0 0 0
73 19 0 8744 0 0 0
73 20 0 10872 0 0 0
73 21 0 12958 0 0 0
73 22 0 14877 0 0 0
73 23 0 16532 0 0 0
73 24 0 17864 0 0 0
73 25 0 18814 0 0 0
73 26 0 19324 0 0 0
73 27 0 19323 0 0 0
73 28 0 18755 0 0 0
73 29 0 17606 0 0 0
73 30 0 15906 0 0 0
73 31 0 13758 0 0 0
73 32 0 11314 -117 -23 7
73 33 0 8783 -110 -19 3
73 34 0 6401 -98 -5 0
74 2 0 0 -457 518 11
74 3 0 0 -598 472 32
74 4 0 1 0 0 0
74 5 0 5 -605 423 53
74 6 0 11 0 0 0
74 7 0 20 -599 319 0
74 8 0 43 -578 264 4
74 9 0 83 0 0 0
74 10 0 161 -550 157 -2
74 11 0 295 0 0 0
74 12 0 516 -510 110 0
74 13 0 866 0 0 0
74 14 0 1395 0 0 0
74 15 0 2165 -454 23 0
74 16 0 3234 0 0 0
74 17 0 4619 -377 -4 0
74 18 0 6311 0 0 0
74 19 0 8262 -322 -47 0
74 20 0 10369 0 0 0
74 21 0 12500 -264 -48 0
74 22 0 14523 0 0 0
74 23 0 16324 -220 -56 0
74 24 0 17817 0 0 0
74 25 0 18912 -183 -48 0
74 26 0 19518 0 0 0
74 27 0 19548 -155 -41 0
74 28 0 18949 0 0 0
74 29 0 17728 -134 -30 0
74 30 0 15950 0 0 0
74 31 0 13746 -121 -23 1
74 32 0 11281 -121 -5 0
74 33 0 8760 -115 -2 0
74 34 0 6403 -107 -1 -2
75 2 0 0 -479 527 20
75 3 0 0 -587 526 49
75 4 0 0 0 0 0
75 5 0 3 0 0 0
75 6 0 7 0 0 0
75 7 0 14 0 0 0
75 8 0 33 0 0 0
75 9 0 67 0 0 0
75 10 0 136 0 0 0
75 11 0 256 0 0 0
75 12 0 459 0 0 0
75 13 0 783 0 0 0
75 14 0 1275 0 0 0
75 15 0 1994 0 0 0
75 16 0 2994 0 0 0
75 17 0 4304 0 0 0
75 18 0 5935 0 0 0
75 19 0 7859 0 0 0
75 20 0 9988 0 0 0
75 21 0 12189 0 0 0
75 22 0 14311 0 0 0
75 23 0 16222 0 0 0
75 24 0 17818 0 0 0
75 25 0 18986 0 0 0
75 26 0 19610 0 0 0
75 27 0 19594 0 0 0
75 28 0 18899 0 0 0
75 29 0 17577 0 0 0
75 30 0 15739 0 0 0
75 31 0 13538 0 0 0
75 32 0 11134 -130 -19 5
75 33 0 8702 -122 -17 3
75 34 0 6427 -113 -4 0
76 2 0 0 -396 518 9
76 3 0 0 -528 475 31
76 4 0 0 0 0 0
76 5 0 1 -530 430 54
76 6 0 5 0 0 0
76 7 0 11 -525 333 0
76 8 0 28 -506 286 5
76 9 0 59 0 0 0
76 10 0 122 -481 189 -1
76 11 0 234 0 0 0
76 12 0 422 -450 147 0
76 13 0 721 0 0 0
76 14 0 1179 0 0 0
76 15 0 1855 -406 75 0
76 16 0 2811 0 0 0
76 17 0 4095 -357 43 0
76 18 0 5742 0 0 0
76 19 0 7736 -303 10 0
76 20 0 9978 0 0 0
76 21 0 12311 -259 -4 0
76 22 0 14546 0 0 0
76 23 0 16538 -219 -15 0
76 24 0 18177 0 0 0
76 25 0 19344 -187 -17 0
76 26 0 19903 0 0 0
76 27 0 19743 -162 -17 0
76 28 0 18852 0 0 0
76 29 0 17347 -141 -13 0
76 30 0 15406 0 0 0
76 31 0 13214 -130 -10 0
76 32 0 10907 -132 2 -2
76 33 0 8613 -126 2 0
76 34 0 6458 -149 2 -21
77 2 0 0 -416 527 21
77 3 0 0 -520 530 50
77 4 0 0 0 0 0
77 5 0 1 0 0 0
77 6 0 4 0 0 0
77 7 0 10 0 0 0
77 8 0 26 0 0 0
77 9 0 55 0 0 0
77 10 0 115 0 0 0
77 11 0 221 0 0 0
77 12 0 399 0 0 0
77 13 0 677 0 0 0
77 14 0 1111 0 0 0
77 15 0 1768 0 0 0
77 16 0 2726 0 0 0
77 17 0 4065 0 0 0
77 18 0 5842 0 0 0
77 19 0 8033 0 0 0
77 20 0 10506 0 0 0
77 21 0 13057 0 0 0
77 22 0 15455 0 0 0
77 23 0 17550 0 0 0
77 24 0 19237 0 0 0
77 25 0 20390 0 0 0
77 26 0 20836 0 0 0
77 27 0 20439 0 0 0
77 28 0 19219 0 0 0
77 29 0 17387 0 0 0
77 30 0 15225 0 0 0
77 31 0 12964 0 0 0
77 32 0 10712 -135 -11 4
77 33 0 8532 -129 -14 3
77 34 0 6488 -121 -3 0
78 2 0 0 -343 517 7
78 3 0 0 -464 481 30
78 4 0 0 0 0 0
78 5 0 0 -462 439 55
78 6 0 4 0 0 0
78 7 0 10 -457 347 0
78 8 0 26 -441 307 5
78 9 0 56 0 0 0
78 10 0 113 -417 218 -1
78 11 0 215 0 0 0
78 12 0 385 -392 182 0
78 13 0 650 0 0 0
78 14 0 1074 0 0 0
78 15 0 1744 -356 117 0
78 16 0 2765 0 0 0
78 17 0 4251 -314 87 0
78 18 0 6270 0 0 0
78 19 0 8777 -277 49 0
78 20 0 11584 0 0 0
78 21 0 14445 -240 33 0
78 22 0 17098 0 0 0
78 23 0 19399 -209 16 0
78 24 0 21241 0 0 0
78 25 0 22459 -181 9 0
78 26 0 22805 0 0 0
78 27 0 22097 -160 3 0
78 28 0 20400 0 0 0
78 29 0 18058 -141 1 0
78 30 0 15499 0 0 0
78 31 0 13015 -130 0 0
78 32 0 10690 -134 8 -3
78 33 0 8520 -130 6 -1
78 34 0 6508 -122 0 -1
79 2 0 0 -358 527 21
79 3 0 0 -461 536 49
79 4 0 0 0 0 0
79 5 0 0 0 0 0
79 6 0 4 0 0 0
79 7 0 10 0 0 0
79 8 0 26 0 0 0
79 9 0 56 0 0 0
79 10 0 113 0 0 0
79 11 0 211 0 0 0
79 12 0 375 0 0 0
79 13 0 635 0 0 0
79 14 0 1071 0 0 0
79 15 0 1796 0 0 0
79 16 0 2953 0 0 0
79 17 0 4694 0 0 0
79 18 0 7076 0 0 0
79 19 0 10000 0 0 0
79 20 0 13205 0 0 0
79 21 0 16426 0 0 0
79 22 0 19415 0 0 0
79 23 0 22056 0 0 0
79 24 0 24215 0 0 0
79 25 0 25626 0 0 0
79 26 0 25914 0 0 0
79 27 0 24842 0 0 0
79 28 0 22546 0 0 0
79 29 0 19536 0 0 0
79 30 0 16407 0 0 0
79 31 0 13521 0 0 0
79 32 0 10942 -134 -8 4
79 33 0 8618 -130 -7 1
79 34 0 6515 -124 -1 0
80 2 0 0 -296 517 5
80 3 0 0 -405 488 28
80 4 0 0 0 0 0
80 5 0 0 0 0 0
80 6 0 4 0 0 0
80 7 0 10 -395 359 0
80 8 0 26 -383 325 6
80 9 0 55 0 0 0
80 10 0 108 -362 241 0
80 11 0 202 0 0 0
80 12 0 362 -343 209 0
80 13 0 626 0 0 0
80 14 0 1098 0 0 0
80 15 0 1932 -314 149 0
80 16 0 3324 0 0 0
80 17 0 5458 -284 120 0
80 18 0 8343 0 0 0
80 19 0 11778 -252 84 0
80 20 0 15398 0 0 0
80 21 0 18952 -223 63 0
80 22 0 22272 0 0 0
80 23 0 25310 -196 44 0
80 24 0 27876 0 0 0
80 25 0 29545 -173 31 0
80 26 0 29788 0 0 0
80 27 0 28326 -154 22 0
80 28 0 25394 0 0 0
80 29 0 21670 -138 14 0
80 30 0 17888 0 0 0
80 31 0 14469 -128 10 0
80 32 0 11475 -135 11 -3
80 33 0 8838 -129 13 -2
80 34 0 6520 -120 1 -1
81 2 0 0 -304 527 20
81 3 0 0 -405 540 49
81 5 0 0 -401 447 56
81 6 0 3 0 0 0
81 7 0 9 0 0 0
81 8 0 23 0 0 0
81 9 0 50 0 0 0
81 10 0 99 0 0 0
81 11 0 188 0 0 0
81 12 0 346 0 0 0
81 13 0 627 0 0 0
81 14 0 1177 0 0 0
81 15 0 2207 0 0 0
81 16 0 3988 0 0 0
81 17 0 6721 0 0 0
81 18 0 10309 0 0 0
81 19 0 14381 0 0 0
81 20 0 18429 0 0 0
81 21 0 22217 0 0 0
81 22 0 25713 0 0 0
81 23 0 28986 0 0 0
81 24 0 31802 0 0 0
81 25 0 33589 0 0 0
81 26 0 33705 0 0 0
81 27 0 31877 0 0 0
81 28 0 28430 0 0 0
81 29 0 24132 0 0 0
81 30 0 19766 0 0 0
81 31 0 15778 0 0 0
81 32 0 12266 -130 -2 3
81 33 0 9200 -125 -4 1
81 34 0 6572 -119 -1 -1
82 2 0 0 -255 518 3
82 3 0 0 -350 496 26
82 5 0 0 0 0 0
82 6 0 3 0 0 0
82 7 0 8 0 0 0
82 8 0 19 0 0 0
82 9 0 42 0 0 0
82 10 0 86 0 0 0
82 11 0 172 0 0 0
82 12 0 335 -295 231 0
82 13 0 661 0 0 0
82 14 0 1358 0 0 0
82 15 0 2740 -271 175 0
82 16 0 5175 0 0 0
82 17 0 8838 -248 147 0
82 18 0 13415 0 0 0
82 19 0 18324 -223 110 0
82 20 0 22920 0 0 0
82 21 0 26952 -200 88 0
82 22 0 30452 0 0 0
82 23 0 33572 -179 66 0
82 24 0 36101 0 0 0
82 25 0 37494 -159 50 0
82 26 0 37183 0 0 0
82 27 0 34981 -144 37 0
82 28 0 31230 0 0 0
82 29 0 26620 -129 26 0
82 30 0 21839 0 0 0
82 31 0 17319 -120 19 -1
82 32 0 13251 -129 17 -4
82 33 0 9701 -122 16 -2
82 34 0 6722 -110 1 -2
83 2 0 0 -255 528 19
83 3 0 0 -351 542 50
83 5 0 0 -344 454 57
83 6 0 2 0 0 0
83 7 0 6 -337 369 0
83 8 0 15 -329 339 6
83 9 0 34 0 0 0
83 10 0 72 -310 261 0
83 11 0 159 0 0 0
83 12 0 339 0 0 0
83 13 0 750 0 0 0
83 14 0 1698 0 0 0
83 15 0 3665 0 0 0
83 16 0 7133 0 0 0
83 17 0 12141 0 0 0
83 18 0 17995 0 0 0
83 19 0 23944 0 0 0
83 20 0 29423 0 0 0
83 21 0 34127 0 0 0
83 22 0 37768 0 0 0
83 23 0 40278 0 0 0
83 24 0 41603 0 0 0
83 25 0 41659 0 0 0
83 26 0 40333 0 0 0
83 27 0 37610 0 0 0
83 28 0 33691 0 0 0
83 29 0 28970 0 0 0
83 30 0 23904 0 0 0
83 31 0 18906 0 0 0
83 32 0 14304 -120 3 1
83 33 0 10295 -116 0 1
83 34 0 6980 -110 -1 -1
84 2 0 0 -218 519 1
84 3 0 0 -298 505 23
84 6 0 1 0 0 0
84 7 0 4 0 0 0
84 8 0 10 0 0 0
84 9 0 26 0 0 0
84 10 0 59 0 0 0
84 11 0 150 0 0 0
84 12 0 359 0 0 0
84 13 0 885 0 0 0
84 14 0 2169 0 0 0
84 15 0 4901 0 0 0
84 16 0 9701 0 0 0
84 17 0 16384 0 0 0
84 18 0 23692 0 0 0
84 19 0 30837 0 0 0
84 20 0 37819 0 0 0
84 21 0 44249 0 0 0
84 22 0 48714 0 0 0
84 23 0 50261 -159 84 0
84 24 0 49239 0 0 0
84 25 0 46764 -144 66 0
84 26 0 43647 0 0 0
84 27 0 40072 -131 51 0
84 28 0 35892 0 0 0
84 29 0 31041 -119 37 0
84 30 0 25696 0 0 0
84 31 0 20270 -110 27 -2
84 32 0 15228 -118 21 -6
84 33 0 10861 -110 18 -3
84 34 0 7287 -101 1 -1
85 2 0 0 -212 529 19
85 3 0 0 -299 541 50
85 5 0 0 -292 458 59
85 6 0 1 0 0 0
85 7 0 2 -284 377 0
85 8 0 6 -280 350 6
85 9 0 19 0 0 0
85 10 0 49 -263 276 0
85 11 0 144 0 0 0
85 12 0 379 -252 249 0
85 13 0 1004 0 0 0
85 14 0 2569 0 0 0
85 15 0 5938 -233 196 0
85 16 0 11900 0 0 0
85 17 0 20145 -215 168 0
85 18 0 28952 0 0 0
85 19 0 37636 -195 132 0
85 20 0 46980 0 0 0
85 21 0 56295 -177 107 0
85 22 0 62257 0 0 0
85 23 0 62535 0 0 0
85 24 0 58297 0 0 0
85 25 0 52511 0 0 0
85 26 0 47099 0 0 0
85 27 0 42326 0 0 0
85 28 0 37609 0 0 0
85 29 0 32423 0 0 0
85 30 0 26736 0 0 0
85 31 0 20980 0 0 0
85 32 0 15690 -105 9 0
85 33 0 11160 -102 3 0
85 34 0 7470 -98 0 -1
86 2 0 0 -181 519 0
86 3 0 0 -245 508 22
86 6 0 0 0 0 0
86 7 0 1 0 0 0
86 8 0 3 0 0 0
86 9 0 14 0 0 0
86 10 0 41 0 0 0
86 11 0 135 0 0 0
86 12 0 376 0 0 0
86 13 0 1022 0 0 0
86 14 0 2645 0 0 0
86 15 0 6166 0 0 0
86 16 0 12568 0 0 0
86 17 0 21798 0 0 0
86 18 0 32401 0 0 0
86 19 0 43903 0 0 0
86 20 0 56660 0 0 0
86 21 0 68735 0 0 0
86 22 0 75419 0 0 0
86 23 0 73910 0 0 0
86 24 0 66538 0 0 0
86 25 0 57772 -125 78 0
86 26 0 50129 0 0 0
86 27 0 43880 -116 62 0
86 28 0 38281 0 0 0
86 29 0 32577 -103 45 0
86 30 0 26599 0 0 0
86 31 0 20735 -93 37 -2
86 32 0 15468 -104 30 -6
86 33 0 11003 -95 20 -4
86 34 0 7366 -84 3 0
87 2 0 0 -169 531 18
87 3 0 0 -247 540 53
87 5 0 0 -244 463 62
87 6 0 0 0 0 0
87 7 0 0 -232 382 0
87 8 0 1 -234 358 6
87 9 0 10 0 0 0
87 10 0 34 -217 288 0
87 11 0 118 0 0 0
87 12 0 336 -210 263 0
87 13 0 916 0 0 0
87 14 0 2373 0 0 0
87 15 0 5637 -194 213 0
87 16 0 12067 0 0 0
87 17 0 22438 -181 184 0
87 18 0 36475 0 0 0
87 19 0 53410 -165 149 0
87 20 0 70195 0 0 0
87 21 0 82483 -151 123 0
87 22 0 86876 0 0 0
87 23 0 82546 -138 99 0
87 24 0 72832 0 0 0
87 25 0 62142 0 0 0
87 26 0 52489 0 0 0
87 27 0 44329 0 0 0
87 28 0 37455 0 0 0
87 29 0 31195 0 0 0
87 30 0 25171 0 0 0
87 31 0 19531 0 0 0
87 32 0 14563 -85 17 -3
87 33 0 10357 -84 8 -1
87 34 0 6917 -83 2 3
88 2 0 0 -145 521 0
88 3 0 0 -192 507 24
88 6 0 0 0 0 0
88 7 0 0 0 0 0
88 8 0 0 0 0 0
88 9 0 7 0 0 0
88 10 0 27 0 0 0
88 11 0 96 0 0 0
88 12 0 273 0 0 0
88 13 0 748 0 0 0
88 14 0 2003 0 0 0
88 15 0 5176 0 0 0
88 16 0 12667 0 0 0
88 17 0 26787 0 0 0
88 18 0 47779 0 0 0
88 19 0 72363 0 0 0
88 20 0 92092 0 0 0
88 21 0 100481 0 0 0
88 22 0 98416 0 0 0
88 23 0 89523 0 0 0
88 24 0 77723 0 0 0
88 25 0 65694 -106 88 0
88 26 0 54000 -100 74 0
88 27 0 43499 0 0 0
88 28 0 35104 -93 55 0
88 29 0 28406 0 0 0
88 30 0 22651 0 0 0
88 31 0 17562 -84 44 -1
88 32 0 13118 -83 34 -5
88 33 0 9313 -74 23 -5
88 34 0 6173 -62 4 0
89 2 0 0 -126 532 16
89 3 0 0 -195 537 52
89 5 0 0 -199 463 62
89 6 0 0 0 0 0
89 7 0 0 -184 387 0
89 8 0 0 -192 363 5
89 9 0 4 0 0 0
89 10 0 20 -175 297 -1
89 11 0 73 0 0 0
89 12 0 211 -170 273 -1
89 13 0 601 0 0 0
89 14 0 1799 0 0 0
89 15 0 5545 -157 225 0
89 16 0 16372 0 0 0
89 17 0 39009 -148 197 0
89 18 0 70895 0 0 0
89 19 0 101519 -136 161 0
89 20 0 119404 0 0 0
89 21 0 120096 -125 135 0
89 22 0 109266 0 0 0
89 23 0 94619 -115 110 0
89 24 0 80142 0 0 0
89 25 0 66551 0 0 0
89 26 0 53074 0 0 0
89 27 0 40790 0 0 0
89 28 0 31377 0 0 0
89 29 0 24606 0 0 0
89 30 0 19381 0 0 0
89 31 0 15059 0 0 0
89 32 0 11291 -65 28 -1
89 33 0 7993 -58 12 0
89 34 0 5241 -59 1 1
90 2 0 0 -109 525 2
90 3 0 0 -139 505 28
90 6 0 0 0 0 0
90 7 0 0 0 0 0
90 8 0 0 0 0 0
90 9 0 2 0 0 0
90 10 0 15 0 0 0
90 11 0 52 0 0 0
90 12 0 167 0 0 0
90 13 0 548 0 0 0
90 14 0 1952 0 0 0
90 15 0 6803 0 0 0
90 16 0 21702 0 0 0
90 17 0 53628 0 0 0
90 18 0 95093 0 0 0
90 19 0 125797 0 0 0
90 20 0 135376 0 0 0
90 21 0 127804 0 0 0
90 22 0 111771 0 0 0
90 23 0 93646 0 0 0
90 24 0 76780 -87 94 0
90 25 0 61817 0 0 0
90 26 0 47821 -83 79 0
90 27 0 35581 0 0 0
90 28 0 26476 -84 70 0
90 29 0 20241 -67 59 4
90 30 0 15691 -71 67 5
90 31 0 12202 -57 52 1
90 32 0 9161 -63 47 0
90 33 0 6467 -51 25 0
90 34 0 4192 -42 3 0
91 2 0 0 -82 533 10
91 3 0 0 -146 530 54
91 5 0 0 -157 461 62
91 7 0 0 -136 389 1
91 8 0 0 -149 367 4
91 9 0 1 0 0 0
91 10 0 10 -133 305 -2
91 11 0 36 0 0 0
91 12 0 144 -132 280 -1
91 13 0 597 0 0 0
91 14 0 2366 0 0 0
91 15 0 7887 -121 235 -1
91 16 0 23127 0 0 0
91 17 0 54788 -115 206 0
91 18 0 94916 0 0 0
91 19 0 120855 -105 171 0
91 20 0 123212 0 0 0
91 21 0 112602 -99 144 0
91 22 0 98443 0 0 0
91 23 0 81921 -92 118 0
91 24 0 65559 0 0 0
91 25 0 51349 0 0 0
91 26 0 38882 0 0 0
91 27 0 28515 0 0 0
91 28 0 20933 -77 57 -3
91 29 0 15779 -72 59 0
91 30 0 11918 -74 66 1
91 31 0 9218 -57 66 1
91 32 0 6861 -39 49 0
91 33 0 4789 -27 25 0
91 34 0 3067 -35 3 0
92 2 0 0 -72 513 8
92 3 0 0 -90 503 35
92 5 0 0 -125 461 59
92 7 0 0 -90 396 8
92 8 0 0 -110 367 7
92 9 0 0 0 0 0
92 10 0 7 -92 312 1
92 11 0 25 0 0 0
92 12 0 121 -94 284 1
92 13 0 594 0 0 0
92 14 0 2405 0 0 0
92 15 0 7313 -85 241 1
92 16 0 18671 0 0 0
92 17 0 41141 -82 211 1
92 18 0 71485 0 0 0
92 19 0 92864 -75 177 0
92 20 0 93376 0 0 0
92 21 0 82646 -71 149 1
92 22 0 71743 0 0 0
92 23 0 60128 -67 122 1
92 24 0 48577 -65 96 0
92 25 0 38428 0 0 0
92 26 0 29233 -66 79 -1
92 27 0 21415 0 0 0
92 28 0 15664 -85 71 -4
92 29 0 11735 -78 66 -1
92 30 0 8438 -82 88 0
92 31 0 0 -36 112 -17
92 32 0 0 1 59 9
92 33 0 0 -2 32 -3
92 34 0 0 -3 9 0
93 2 0 0 -42 525 6
93 3 0 0 -72 522 48
93 9 0 0 0 0 0
93 10 0 5 0 0 0
93 11 0 16 0 0 0
93 12 0 80 0 0 0
93 13 0 421 0 0 0
93 14 0 1693 0 0 0
93 15 0 4959 0 0 0
93 16 0 11889 0 0 0
93 17 0 25699 0 0 0
93 18 0 46620 0 0 0
93 19 0 63606 0 0 0
93 20 0 63658 0 0 0
93 21 0 52591 0 0 0
93 22 0 43055 0 0 0
93 23 0 36634 0 0 0
93 24 0 31785 0 0 0
93 25 0 27120 0 0 0
93 26 0 21488 0 0 0
93 27 0 15794 0 0 0
93 28 0 11435 -65 51 -2
93 29 0 8248 -77 54 -1
93 30 0 0 -139 113 -10
93 31 0 0 -19 18 -1
94 2 0 0 -15 535 0
94 3 0 0 -37 477 45
94 5 0 0 -79 439 12
94 7 0 0 -50 402 0
94 8 0 0 -73 362 -2
94 9 0 0 0 0 0
94 10 0 3 -56 319 0
94 11 0 9 0 0 0
94 12 0 40 -61 285 0
94 13 0 205 0 0 0
94 14 0 813 0 0 0
94 15 0 2466 -52 245 0
94 16 0 6225 0 0 0
94 17 0 14285 -52 213 1
94 18 0 27308 0 0 0
94 19 0 38402 -46 180 1
94 20 0 38108 0 0 0
94 21 0 29341 -45 151 1
94 22 0 22197 0 0 0
94 23 0 19610 -42 123 1
94 24 0 19452 -44 95 1
94 25 0 18751 0 0 0
94 26 0 15776 0 0 0
94 27 0 11639 -44 71 0
94 28 0 8192 -66 54 -3
94 29 0 5745 -64 36 0
94 30 0 0 -68 -12 11
95 2 0 0 -3 492 -6
95 3 0 0 -54 481 25
95 10 0 1 0 0 0
95 11 0 4 0 0 0
95 12 0 16 0 0 0
95 13 0 77 0 0 0
95 14 0 308 0 0 0
95 15 0 1029 0 0 0
95 16 0 2893 0 0 0
95 17 0 7058 0 0 0
95 18 0 13723 0 0 0
95 19 0 19339 0 0 0
95 20 0 19103 0 0 0
95 21 0 14287 0 0 0
95 22 0 10439 0 0 0
95 23 0 9880 0 0 0
95 24 0 11298 0 0 0
95 25 0 12134 0 0 0
95 26 0 10779 0 0 0
95 27 0 8055 0 0 0
95 28 0 5644 -36 42 0
95 29 0 3980 -45 27 0
95 30 0 0 -50 7 -5
96 2 0 0 69 479 8
96 3 0 0 -5 520 1
96 4 0 0 -59 481 23
96 5 0 0 -4 456 0
96 6 0 0 -52 431 -2
96 7 0 0 3 416 -3
96 8 0 0 -52 398 3
96 9 0 0 -10 372 1
96 10 0 0 -54 357 5
96 11 0 2 -1 337 2
96 12 0 6 -50 318 5
96 13 0 27 -7 292 3
96 14 0 118 -48 278 5
96 15 0 438 -2 256 3
96 16 0 1338 -45 240 5
96 17 0 3302 -5 218 3
96 18 0 6230 -42 205 4
96 19 0 8527 -4 185 2
96 20 0 8303 -39 172 4
96 21 0 6177 -6 151 2
96 22 0 4567 -36 141 3
96 23 0 4684 -7 121 2
96 24 0 5909 -34 110 3
96 25 0 6760 -11 89 1
96 26 0 6255 -32 79 3
96 27 0 4829 -17 57 0
96 28 0 3482 -30 49 1
96 29 0 2518 -27 26 0
96 30 0 0 -26 -3 -1
97 2 0 0 40 545 -42
97 3 0 0 13 479 50
97 4 0 0 -46 444 -14
97 5 0 0 -34 434 -17
97 6 0 0 -35 444 4
97 7 0 0 -10 408 -7
97 8 0 0 -31 407 8
97 9 0 0 -9 369 -3
97 10 0 0 -29 356 10
97 11 0 0 -6 322 -4
97 12 0 0 -26 318 9
97 13 0 0 -7 288 -3
97 14 0 0 -23 273 9
97 15 0 0 -3 247 -4
97 16 0 0 -20 236 8
97 17 0 0 -3 214 -3
97 18 0 0 -17 198 7
97 19 0 0 -2 180 -3
97 20 0 0 -15 165 6
97 21 0 0 -2 150 -3
97 22 0 0 -14 131 6
97 23 0 0 -3 122 -2
97 24 0 0 -18 102 6
97 25 0 0 -9 91 -1
97 26 0 0 -17 68 5
97 27 0 0 -11 60 0
97 28 0 0 -13 36 2
97 29 0 0 -3 14 0
97 30 0 0 -4 2 0
