-0.244950 -0.223416 -0.222433 -0.246039 -0.228215 -0.234593 -0.245660 -0.268666 -0.265918 -0.270101 -0.297486 -0.310925 -0.284349 -0.311372 -0.314920 -0.313805 -0.329896 -0.307279 -0.308223 -0.333854 -0.329915 -0.309341 -0.281537 -0.272079 -0.297099 -0.263176 -0.270371 -0.254614 -0.244856 -0.232348 -0.204190 -0.208970 -0.167304 -0.186893 -0.169159 -0.131464 -0.124107 -0.122036 -0.126204 -0.106384 -0.114248 -0.081616 -0.085013 -0.077214 -0.087743 -0.069098 -0.067802 -0.068145 -0.070099 -0.077723
-0.293098 -0.249566 -0.220803 -0.239654 -0.247723 -0.283223 -0.292894 -0.292091 -0.313259 -0.294911 -0.302333 -0.307617 -0.307682 -0.314581 -0.317010 -0.323634 -0.322929 -0.352792 -0.323770 -0.318577 -0.312946 -0.307364 -0.302368 -0.291686 -0.282426 -0.271648 -0.262369 -0.248464 -0.236495 -0.223357 -0.211396 -0.200182 -0.187795 -0.174232 -0.160751 -0.150004 -0.139031 -0.138835 -0.118604 -0.110206 -0.102053 -0.100889 -0.088844 -0.083587 -0.078810 -0.074688 -0.073596 -0.067370 -0.077251 -0.077777
-0.223912 -0.245998 -0.239173 -0.245613 -0.247311 -0.254223 -0.263674 -0.273319 -0.283621 -0.293790 -0.303769 -0.312439 -0.320080 -0.326398 -0.330736 -0.334347 -0.335699 -0.335215 -0.333708 -0.330486 -0.325873 -0.319751 -0.312584 -0.303997 -0.294689 -0.284077 -0.272949 -0.260741 -0.248118 -0.234784 -0.221204 -0.207277 -0.193519 -0.179761 -0.166661 -0.154031 -0.142169 -0.131136 -0.121149 -0.111984 -0.103751 -0.096631 -0.090206 -0.084923 -0.080197 -0.076793 -0.076154 -0.073411 -0.073249 -0.068174
-0.203127 -0.248887 -0.234225 -0.231418 -0.240105 -0.244924 -0.254921 -0.264567 -0.274385 -0.285792 -0.294508 -0.304992 -0.312013 -0.319245 -0.324307 -0.327943 -0.327419 -0.329624 -0.327193 -0.324241 -0.319210 -0.313397 -0.305265 -0.296860 -0.287695 -0.276403 -0.265851 -0.253027 -0.241307 -0.227463 -0.214530 -0.200288 -0.186887 -0.173459 -0.160319 -0.148435 -0.136725 -0.126066 -0.115915 -0.107678 -0.099365 -0.092614 -0.086359 -0.081391 -0.076770 -0.074100 -0.070593 -0.070588 -0.073056 -0.087831
-0.201714 -0.234304 -0.235739 -0.234746 -0.247029 -0.252525 -0.265504 -0.274518 -0.288096 -0.299678 -0.310958 -0.321561 -0.329949 -0.337703 -0.342516 -0.346216 -0.347164 -0.347344 -0.345326 -0.341584 -0.336556 -0.329755 -0.321968 -0.312728 -0.302727 -0.291605 -0.279920 -0.266971 -0.253565 -0.239762 -0.225155 -0.210295 -0.195490 -0.180985 -0.166749 -0.154042 -0.141260 -0.129723 -0.119580 -0.110531 -0.101456 -0.094834 -0.087879 -0.083507 -0.077952 -0.075643 -0.070864 -0.071236 -0.071359 -0.065211
-0.201456 -0.233469 -0.225658 -0.224086 -0.233426 -0.241333 -0.254750 -0.266112 -0.280530 -0.293944 -0.306813 -0.319003 -0.328514 -0.336913 -0.343164 -0.346460 -0.349033 -0.347181 -0.346493 -0.341176 -0.336990 -0.329385 -0.321659 -0.310379 -0.301869 -0.288721 -0.278102 -0.263421 -0.250678 -0.235192 -0.220465 -0.204770 -0.189313 -0.174361 -0.159634 -0.146647 -0.133266 -0.122469 -0.111782 -0.102958 -0.094327 -0.087940 -0.081291 -0.076716 -0.071862 -0.069058 -0.065831 -0.066491 -0.067197 -0.059520
-0.200638 -0.216801 -0.217962 -0.217478 -0.228271 -0.237941 -0.253204 -0.266632 -0.284134 -0.300362 -0.315927 -0.329802 -0.340734 -0.349824 -0.355712 -0.359473 -0.360651 -0.360020 -0.357075 -0.352875 -0.346349 -0.338955 -0.329919 -0.320234 -0.309009 -0.297404 -0.284353 -0.270682 -0.256034 -0.240855 -0.224712 -0.207945 -0.190891 -0.174457 -0.158519 -0.144330 -0.130628 -0.119093 -0.108098 -0.099300 -0.090609 -0.084166 -0.077558 -0.073243 -0.068322 -0.065744 -0.062438 -0.062608 -0.061870 -0.054130
-0.186059 -0.201153 -0.204976 -0.205123 -0.215773 -0.227694 -0.244351 -0.261605 -0.281959 -0.301659 -0.320818 -0.336592 -0.350256 -0.359276 -0.366756 -0.369513 -0.371131 -0.369753 -0.366611 -0.361422 -0.354422 -0.346030 -0.336504 -0.325868 -0.314256 -0.301379 -0.288312 -0.273315 -0.258922 -0.241889 -0.225914 -0.206233 -0.188627 -0.169402 -0.153440 -0.137269 -0.123508 -0.111447 -0.100734 -0.091849 -0.083625 -0.077181 -0.071136 -0.066609 -0.062454 -0.059555 -0.056952 -0.056988 -0.055936 -0.049454
-0.134062 -0.164528 -0.190915 -0.191146 -0.203079 -0.217357 -0.236178 -0.257612 -0.281259 -0.307618 -0.330234 -0.350054 -0.364249 -0.375618 -0.381554 -0.385816 -0.385435 -0.383742 -0.379230 -0.373264 -0.365318 -0.355908 -0.345566 -0.334133 -0.321610 -0.308941 -0.294536 -0.280606 -0.263733 -0.247812 -0.227380 -0.208376 -0.185255 -0.166250 -0.146898 -0.130780 -0.116320 -0.104073 -0.093412 -0.084467 -0.076660 -0.070331 -0.064700 -0.060230 -0.056472 -0.053512 -0.051354 -0.051303 -0.049221 -0.042878
-0.135644 -0.158703 -0.172436 -0.173138 -0.186100 -0.201868 -0.223431 -0.249390 -0.279424 -0.313106 -0.342569 -0.365690 -0.381958 -0.393265 -0.399473 -0.402223 -0.401652 -0.398524 -0.393077 -0.385771 -0.376707 -0.366384 -0.354725 -0.342314 -0.329202 -0.315579 -0.301235 -0.286364 -0.270048 -0.252091 -0.232383 -0.208258 -0.182684 -0.159439 -0.138713 -0.121261 -0.106409 -0.094026 -0.083658 -0.075054 -0.067752 -0.061789 -0.056688 -0.052715 -0.049299 -0.046791 -0.044670 -0.044538 -0.041605 -0.027960
-0.153400 -0.138075 -0.150986 -0.151339 -0.165065 -0.182668 -0.206573 -0.238138 -0.274660 -0.322395 -0.359403 -0.388091 -0.404935 -0.416766 -0.421430 -0.423284 -0.420916 -0.416428 -0.409389 -0.400629 -0.390098 -0.378434 -0.365393 -0.351871 -0.337816 -0.323846 -0.308939 -0.294686 -0.277170 -0.260626 -0.235456 -0.211073 -0.175718 -0.151179 -0.127618 -0.109605 -0.094478 -0.082382 -0.072518 -0.064467 -0.057853 -0.052495 -0.047988 -0.044348 -0.041397 -0.039312 -0.037430 -0.037428 -0.034670 -0.041063
-0.098437 -0.103950 -0.124286 -0.125868 -0.139072 -0.157284 -0.183481 -0.220640 -0.268300 -0.333403 -0.386688 -0.418845 -0.435550 -0.445248 -0.447646 -0.447191 -0.442750 -0.436280 -0.427419 -0.416847 -0.404557 -0.391211 -0.376527 -0.361608 -0.346600 -0.332156 -0.317479 -0.303967 -0.288728 -0.271708 -0.249026 -0.215474 -0.170852 -0.138896 -0.112757 -0.094206 -0.079493 -0.068212 -0.059465 -0.052417 -0.046759 -0.042180 -0.038484 -0.035531 -0.033168 -0.031258 -0.029797 -0.029601 -0.025950 -0.025565
-0.054317 -0.077363 -0.094101 -0.094155 -0.106662 -0.123510 -0.148580 -0.189521 -0.250236 -0.353802 -0.426098 -0.461713 -0.473614 -0.480244 -0.478078 -0.474714 -0.467301 -0.458529 -0.447508 -0.434797 -0.420430 -0.405051 -0.388286 -0.371554 -0.355297 -0.340479 -0.325942 -0.314756 -0.299407 -0.288785 -0.259897 -0.225136 -0.153172 -0.118829 -0.093019 -0.074253 -0.061063 -0.051449 -0.044266 -0.038506 -0.034212 -0.030795 -0.027963 -0.025832 -0.023636 -0.022591 -0.021386 -0.021365 -0.017219 -0.015657
-0.026056 -0.041291 -0.034777 -0.063647 -0.069877 -0.067188 -0.106188 -0.144097 -0.284084 -0.558840 -0.614803 -0.526860 -0.525096 -0.521169 -0.513190 -0.504803 -0.494204 -0.482670 -0.469332 -0.454249 -0.437510 -0.419578 -0.400233 -0.381005 -0.363122 -0.347522 -0.334009 -0.325564 -0.318491 -0.316031 -0.323699 -0.231139 -0.066688 -0.093475 -0.063496 -0.049072 -0.039821 -0.033262 -0.029643 -0.000312 -0.000695 -0.019361 -0.017719 -0.001030 -0.001142 -0.013972 -0.002771 -0.012464 -0.009847 -0.007336
-0.002570 -0.003048 -0.000409 -0.025697 -0.005783 -0.022053 -0.002556 -0.008354 -0.247554 -1.163320 -0.681198 -0.612147 -0.586396 -0.568208 -0.551093 -0.536984 -0.522875 -0.508543 -0.492789 -0.475238 -0.455854 -0.434808 -0.412094 -0.389240 -0.369079 -0.352165 -0.340065 -0.335958 -0.336148 -0.352721 -0.462943 -0.770821 0.043521 -0.029482 -0.004593 -0.010176 -0.015277 0.000084 0.002806 -0.002535 -0.004795 0.001822 -0.006266 -0.006546 -0.000024 -0.008176 -0.003994 -0.000264 -0.001808 -0.000250
0.000000 0.000000 0.000000 0.000000 0.000000 0.000000 0.000000 0.000000 0.000000 -0.929206 -0.750878 -0.677490 -0.636266 -0.607758 -0.586117 -0.567974 -0.551882 -0.535480 -0.517916 -0.498166 -0.475948 -0.451133 -0.423836 -0.395720 -0.371607 -0.351674 -0.338890 -0.334778 -0.339953 -0.364030 -0.428254 -0.562087 0.000000 0.000000 0.000000 0.000000 0.000000 0.000000 0.000000 0.000000 0.000000 0.000000 0.000000 0.000000 0.000000 0.000000 0.000000 0.000000 0.000000 0.000000
0.000000 0.000000 0.000000 0.000000 0.000000 0.000000 0.000000 0.000000 0.000000 -0.768678 -0.773852 -0.691306 -0.665657 -0.635331 -0.615430 -0.596600 -0.580454 -0.563173 -0.544722 -0.523157 -0.498166 -0.468751 -0.435283 -0.398666 -0.369040 -0.343521 -0.327625 -0.318582 -0.325382 -0.333936 -0.367274 -0.368288 0.000000 0.000000 0.000000 0.000000 0.000000 0.000000 0.000000 0.000000 0.000000 0.000000 0.000000 0.000000 0.000000 0.000000 0.000000 0.000000 0.000000 0.000000
0.000000 0.000000 0.000000 0.000000 0.000000 0.000000 0.000000 0.000000 0.000000 -0.750511 -0.770390 -0.699795 -0.682878 -0.659160 -0.641597 -0.624609 -0.609278 -0.592763 -0.574430 -0.552285 -0.524618 -0.489721 -0.447699 -0.399397 -0.360882 -0.328831 -0.307820 -0.295462 -0.293326 -0.296158 -0.313460 -0.321855 0.000000 0.000000 0.000000 0.000000 0.000000 0.000000 0.000000 0.000000 0.000000 0.000000 0.000000 0.000000 0.000000 0.000000 0.000000 0.000000 0.000000 0.000000
0.000000 0.000000 0.000000 0.000000 0.000000 0.000000 0.000000 0.000000 0.000000 -0.792751 -0.769329 -0.704144 -0.696288 -0.679110 -0.665255 -0.651276 -0.638393 -0.624060 -0.607514 -0.585847 -0.556947 -0.515566 -0.461813 -0.392586 -0.344387 -0.303339 -0.277938 -0.260641 -0.254691 -0.249718 -0.252162 -0.253626 0.000000 0.000000 0.000000 0.000000 0.000000 0.000000 0.000000 0.000000 0.000000 0.000000 0.000000 0.000000 0.000000 0.000000 0.000000 0.000000 0.000000 0.000000
0.000000 0.000000 0.000000 0.000000 0.000000 0.000000 0.000000 0.000000 0.000000 -0.746605 -0.776603 -0.711495 -0.710966 -0.697968 -0.688582 -0.678207 -0.668929 -0.658583 -0.645779 -0.628237 -0.600457 -0.555211 -0.481864 -0.382555 -0.317205 -0.268224 -0.238137 -0.218174 -0.208221 -0.201003 -0.194056 -0.198280 0.000000 0.000000 0.000000 0.000000 0.000000 0.000000 0.000000 0.000000 0.000000 0.000000 0.000000 0.000000 0.000000 0.000000 0.000000 0.000000 0.000000 0.000000
0.000000 0.000000 0.000000 0.000000 0.000000 0.000000 0.000000 0.000000 0.000000 -0.833051 -0.744771 -0.722070 -0.725773 -0.717373 -0.711284 -0.705111 -0.700567 -0.695614 -0.689645 -0.679366 -0.658527 -0.608970 -0.511046 -0.348507 -0.268908 -0.214772 -0.184836 -0.165340 -0.155027 -0.146597 -0.126029 -0.114541 0.000000 0.000000 0.000000 0.000000 0.000000 0.000000 0.000000 0.000000 0.000000 0.000000 0.000000 0.000000 0.000000 0.000000 0.000000 0.000000 0.000000 0.000000
0.000000 0.000000 0.000000 0.000000 0.000000 0.000000 0.000000 0.000000 0.000000 -0.746323 -0.797479 -0.734275 -0.739873 -0.735701 -0.732976 -0.731570 -0.732327 -0.735500 -0.738668 -0.746330 -0.745403 -0.717506 -0.581442 -0.305936 -0.194124 -0.148063 -0.123054 -0.107111 -0.102357 -0.093673 -0.064847 -0.067956 0.000000 0.000000 0.000000 0.000000 0.000000 0.000000 0.000000 0.000000 0.000000 0.000000 0.000000 0.000000 0.000000 0.000000 0.000000 0.000000 0.000000 0.000000
0.000000 0.000000 0.000000 0.000000 0.000000 0.000000 0.000000 0.000000 0.000000 -0.820577 -0.808084 -0.747640 -0.754701 -0.752847 -0.753771 -0.756504 -0.762967 -0.774460 -0.791874 -0.821411 -0.858239 -1.126433 -0.404351 0.092560 -0.045733 -0.027223 -0.045543 -0.018256 -0.016354 -0.007545 -0.026745 -0.014287 0.000000 0.000000 0.000000 0.000000 0.000000 0.000000 0.000000 0.000000 0.000000 0.000000 0.000000 0.000000 0.000000 0.000000 0.000000 0.000000 0.000000 0.000000
0.000000 0.000000 0.000000 0.000000 0.000000 0.000000 0.000000 0.000000 0.000000 -0.837899 -0.821212 -0.759404 -0.768012 -0.768724 -0.771606 -0.777443 -0.788025 -0.805434 -0.830127 -0.874077 -0.928728 -1.111855 -1.257313 0.000000 0.000000 0.000000 0.000000 0.000000 0.000000 0.000000 0.000000 0.000000 0.000000 0.000000 0.000000 0.000000 0.000000 0.000000 0.000000 0.000000 0.000000 0.000000 0.000000 0.000000 0.000000 0.000000 0.000000 0.000000 0.000000 0.000000
0.000000 0.000000 0.000000 0.000000 0.000000 0.000000 0.000000 0.000000 0.000000 -0.880163 -0.832272 -0.772612 -0.780623 -0.781949 -0.786471 -0.793395 -0.805493 -0.823728 -0.849804 -0.889175 -0.931841 -1.034886 -1.073364 0.000000 0.000000 0.000000 0.000000 0.000000 0.000000 0.000000 0.000000 0.000000 0.000000 0.000000 0.000000 0.000000 0.000000 0.000000 0.000000 0.000000 0.000000 0.000000 0.000000 0.000000 0.000000 0.000000 0.000000 0.000000 0.000000 0.000000
0.000000 0.000000 0.000000 0.000000 0.000000 0.000000 0.000000 0.000000 0.000000 -0.870895 -0.833050 -0.783268 -0.791382 -0.793132 -0.799109 -0.806027 -0.820059 -0.835344 -0.874223 -0.886528 -0.973036 -0.959434 -1.015771 0.000000 0.000000 0.000000 0.000000 0.000000 0.000000 0.000000 0.000000 0.000000 0.000000 0.000000 0.000000 0.000000 0.000000 0.000000 0.000000 0.000000 0.000000 0.000000 0.000000 0.000000 0.000000 0.000000 0.000000 0.000000 0.000000 0.000000
0.000000 0.000000 0.000000 0.000000 0.000000 0.000000 0.000000 0.000000 0.000000 -0.885538 -0.855038 -0.792878 -0.800980 -0.801796 -0.806065 -0.811495 -0.823450 -0.836286 -0.861612 -0.879387 -0.912784 -0.969357 -0.993485 0.000000 0.000000 0.000000 0.000000 0.000000 0.000000 0.000000 0.000000 0.000000 0.000000 0.000000 0.000000 0.000000 0.000000 0.000000 0.000000 0.000000 0.000000 0.000000 0.000000 0.000000 0.000000 0.000000 0.000000 0.000000 0.000000 0.000000
0.000000 0.000000 0.000000 0.000000 0.000000 0.000000 0.000000 0.000000 0.000000 -0.910605 -0.824979 -0.802325 -0.809609 -0.808014 -0.810731 -0.814559 -0.823972 -0.835393 -0.855306 -0.874534 -0.893728 -0.954984 -1.003262 0.000000 0.000000 0.000000 0.000000 0.000000 0.000000 0.000000 0.000000 0.000000 0.000000 0.000000 0.000000 0.000000 0.000000 0.000000 0.000000 0.000000 0.000000 0.000000 0.000000 0.000000 0.000000 0.000000 0.000000 0.000000 0.000000 0.000000
0.000000 0.000000 0.000000 0.000000 0.000000 0.000000 0.000000 0.000000 0.000000 -0.812608 -0.876211 -0.811838 -0.816404 -0.812663 -0.812325 -0.814473 -0.819743 -0.833206 -0.843402 -0.875841 -0.872917 -0.947580 -1.030523 0.000000 0.000000 0.000000 0.000000 0.000000 0.000000 0.000000 0.000000 0.000000 0.000000 0.000000 0.000000 0.000000 0.000000 0.000000 0.000000 0.000000 0.000000 0.000000 0.000000 0.000000 0.000000 0.000000 0.000000 0.000000 0.000000 0.000000
0.000000 0.000000 0.000000 0.000000 0.000000 0.000000 0.000000 0.000000 0.000000 -0.891717 -0.889659 -0.821470 -0.823310 -0.814452 -0.810944 -0.809669 -0.811048 -0.822745 -0.828645 -0.867897 -0.860517 -0.915928 -1.015919 0.000000 0.000000 0.000000 0.000000 0.000000 0.000000 0.000000 0.000000 0.000000 0.000000 0.000000 0.000000 0.000000 0.000000 0.000000 0.000000 0.000000 0.000000 0.000000 0.000000 0.000000 0.000000 0.000000 0.000000 0.000000 0.000000 0.000000
0.000000 0.000000 0.000000 0.000000 0.000000 0.000000 0.000000 0.000000 0.000000 -0.956434 -0.904362 -0.831729 -0.828445 -0.815055 -0.806508 -0.800544 -0.799437 -0.805145 -0.812230 -0.846851 -0.865821 -1.152066 -1.178647 0.000000 0.000000 0.000000 0.000000 0.000000 0.000000 0.000000 0.000000 0.000000 0.000000 0.000000 0.000000 0.000000 0.000000 0.000000 0.000000 0.000000 0.000000 0.000000 0.000000 0.000000 0.000000 0.000000 0.000000 0.000000 0.000000 0.000000
0.000000 0.000000 0.000000 0.000000 0.000000 0.000000 0.000000 0.000000 0.000000 -0.907259 -0.923718 -0.844183 -0.833627 -0.812319 -0.798312 -0.785668 -0.778217 -0.775039 -0.772148 -0.787500 -0.764975 -0.686345 -0.236527 -0.154210 -0.026978 -0.031859 -0.003585 0.004884 -0.003409 -0.002563 -0.005772 -0.015709 0.000000 0.000000 0.000000 0.000000 0.000000 0.000000 0.000000 0.000000 0.000000 0.000000 0.000000 0.000000 0.000000 0.000000 0.000000 0.000000 0.000000 0.000000
0.000000 0.000000 0.000000 0.000000 0.000000 0.000000 0.000000 0.000000 0.000000 -0.967997 -0.914140 -0.860709 -0.840286 -0.809145 -0.787295 -0.766934 -0.751676 -0.737678 -0.722242 -0.706453 -0.668736 -0.623827 -0.482856 -0.278963 -0.177173 -0.120457 -0.085227 -0.064220 -0.049668 -0.039839 -0.042672 -0.028321 0.000000 0.000000 0.000000 0.000000 0.000000 0.000000 0.000000 0.000000 0.000000 0.000000 0.000000 0.000000 0.000000 0.000000 0.000000 0.000000 0.000000 0.000000
0.000000 0.000000 0.000000 0.000000 0.000000 0.000000 0.000000 0.000000 0.000000 -0.981705 -0.974662 -0.877836 -0.840216 -0.797804 -0.770248 -0.744909 -0.724601 -0.703848 -0.682342 -0.651554 -0.610719 -0.533880 -0.446394 -0.297508 -0.219341 -0.158083 -0.119488 -0.091334 -0.072874 -0.060441 -0.063583 -0.054126 0.000000 0.000000 0.000000 0.000000 0.000000 0.000000 0.000000 0.000000 0.000000 0.000000 0.000000 0.000000 0.000000 0.000000 0.000000 0.000000 0.000000 0.000000
0.000000 0.000000 0.000000 0.000000 0.000000 0.000000 0.000000 0.000000 0.000000 -0.739812 -1.053327 -0.925953 -0.837919 -0.788689 -0.749834 -0.721697 -0.696712 -0.671546 -0.645072 -0.610254 -0.561153 -0.497442 -0.422980 -0.320892 -0.248600 -0.190660 -0.146664 -0.116584 -0.092151 -0.077550 -0.080116 -0.078602 0.000000 0.000000 0.000000 0.000000 0.000000 0.000000 0.000000 0.000000 0.000000 0.000000 0.000000 0.000000 0.000000 0.000000 0.000000 0.000000 0.000000 0.000000
-0.044754 -0.056851 -0.040580 -0.043208 -0.054199 -0.067469 -0.088397 -0.138446 -0.271282 -0.767386 -0.758078 -0.794401 -0.781575 -0.745875 -0.716685 -0.692344 -0.668737 -0.643270 -0.615687 -0.579386 -0.537540 -0.470423 -0.408180 -0.317501 -0.255422 -0.199330 -0.157608 -0.125712 -0.102213 -0.086748 -0.088217 -0.059271 0.000000 0.000000 0.000000 0.000000 0.000000 0.000000 0.000000 0.000000 0.000000 0.000000 0.000000 0.000000 0.000000 0.000000 0.000000 0.000000 0.000000 0.000000
-0.054464 -0.070711 -0.033397 -0.034737 -0.038327 -0.052991 -0.080258 -0.163115 -0.420601 -0.708595 -0.736651 -0.692176 -0.697111 -0.689842 -0.675163 -0.659567 -0.640710 -0.618170 -0.591528 -0.555967 -0.513750 -0.457341 -0.394396 -0.319859 -0.258877 -0.204662 -0.162539 -0.130489 -0.106009 -0.090117 -0.085322 -0.077675 0.000000 0.000000 0.000000 0.000000 0.000000 0.000000 0.000000 0.000000 0.000000 0.000000 0.000000 0.000000 0.000000 0.000000 0.000000 0.000000 0.000000 0.000000
-0.126343 -0.132426 -0.149012 -0.149605 -0.165772 -0.189147 -0.222838 -0.277736 -0.349266 -0.500749 -0.570101 -0.624563 -0.641365 -0.647265 -0.641034 -0.631889 -0.617641 -0.598717 -0.575554 -0.542106 -0.503178 -0.446856 -0.385359 -0.306040 -0.248614 -0.194520 -0.154961 -0.123802 -0.101076 -0.086009 -0.086830 -0.071959 0.000000 0.000000 0.000000 0.000000 0.000000 0.000000 0.000000 0.000000 0.000000 0.000000 0.000000 0.000000 0.000000 0.000000 0.000000 0.000000 0.000000 0.000000
-0.185862 -0.181671 -0.198815 -0.201324 -0.218978 -0.242926 -0.278212 -0.325399 -0.385234 -0.472351 -0.535983 -0.576729 -0.598836 -0.609599 -0.610799 -0.607218 -0.598376 -0.584703 -0.565908 -0.537986 -0.501971 -0.452867 -0.382077 -0.300941 -0.230186 -0.177931 -0.139008 -0.111020 -0.090569 -0.077805 -0.068631 -0.075678 0.000000 0.000000 0.000000 0.000000 0.000000 0.000000 0.000000 0.000000 0.000000 0.000000 0.000000 0.000000 0.000000 0.000000 0.000000 0.000000 0.000000 0.000000
-0.194743 -0.233054 -0.244566 -0.245680 -0.263670 -0.286009 -0.315682 -0.355646 -0.400660 -0.471036 -0.511640 -0.549589 -0.569736 -0.583738 -0.589006 -0.589311 -0.585883 -0.576789 -0.565886 -0.541799 -0.517354 -0.465551 -0.382878 -0.261478 -0.196347 -0.143243 -0.110752 -0.086853 -0.070052 -0.058623 -0.062007 -0.048715 0.000000 0.000000 0.000000 0.000000 0.000000 0.000000 0.000000 0.000000 0.000000 0.000000 0.000000 0.000000 0.000000 0.000000 0.000000 0.000000 0.000000 0.000000
-0.275192 -0.264751 -0.284088 -0.285518 -0.300798 -0.320257 -0.346870 -0.379266 -0.416260 -0.459706 -0.496008 -0.525948 -0.546698 -0.561206 -0.568909 -0.573962 -0.574280 -0.572878 -0.571999 -0.563787 -0.553998 -0.523557 -0.406643 -0.237599 -0.147828 -0.104741 -0.077081 -0.059290 -0.047577 -0.038791 -0.047235 -0.042970 0.000000 0.000000 0.000000 0.000000 0.000000 0.000000 0.000000 0.000000 0.000000 0.000000 0.000000 0.000000 0.000000 0.000000 0.000000 0.000000 0.000000 0.000000
-0.299217 -0.323071 -0.319798 -0.321224 -0.337291 -0.354240 -0.376666 -0.403156 -0.431754 -0.466736 -0.493950 -0.518006 -0.536826 -0.548079 -0.560707 -0.563633 -0.573298 -0.575359 -0.586401 -0.592001 -0.611958 -0.551982 -0.857994 0.002401 -0.042429 -0.001157 -0.031014 -0.019841 -0.002239 -0.013355 -0.011191 -0.023053 0.000000 0.000000 0.000000 0.000000 0.000000 0.000000 0.000000 0.000000 0.000000 0.000000 0.000000 0.000000 0.000000 0.000000 0.000000 0.000000 0.000000 0.000000
-0.313240 -0.358710 -0.345580 -0.351470 -0.361269 -0.373979 -0.391985 -0.411376 -0.435447 -0.459394 -0.482815 -0.502462 -0.519690 -0.532401 -0.544104 -0.552000 -0.561961 -0.570199 -0.585316 -0.606635 -0.640224 -0.776763 -0.925161 -0.006513 -0.042577 -0.031430 -0.020314 0.005592 -0.001512 -0.007817 -0.009831 -0.005762 0.000000 0.000000 0.000000 0.000000 0.000000 0.000000 0.000000 0.000000 0.000000 0.000000 0.000000 0.000000 0.000000 0.000000 0.000000 0.000000 0.000000 0.000000
-0.399931 -0.386394 -0.379748 -0.379321 -0.397139 -0.411318 -0.425333 -0.439016 -0.459676 -0.475919 -0.496053 -0.508015 -0.526261 -0.530665 -0.547262 -0.547563 -0.563053 -0.564401 -0.586487 -0.604860 -0.628039 -0.734139 -0.897463 0.000000 0.000000 0.000000 0.000000 0.000000 0.000000 0.000000 0.000000 0.000000 0.000000 0.000000 0.000000 0.000000 0.000000 0.000000 0.000000 0.000000 0.000000 0.000000 0.000000 0.000000 0.000000 0.000000 0.000000 0.000000 0.000000 0.000000
-0.362324 -0.420079 -0.392093 -0.391080 -0.410330 -0.418444 -0.427801 -0.429455 -0.451666 -0.459220 -0.476760 -0.486377 -0.501027 -0.508304 -0.520861 -0.526161 -0.537868 -0.544398 -0.562278 -0.577809 -0.601581 -0.676108 -0.660450 0.000000 0.000000 0.000000 0.000000 0.000000 0.000000 0.000000 0.000000 0.000000 0.000000 0.000000 0.000000 0.000000 0.000000 0.000000 0.000000 0.000000 0.000000 0.000000 0.000000 0.000000 0.000000 0.000000 0.000000 0.000000 0.000000 0.000000
-0.399300 -0.417961 -0.430754 -0.433979 -0.446280 -0.459178 -0.475654 -0.473177 -0.490982 -0.494667 -0.506567 -0.510945 -0.525884 -0.526139 -0.540001 -0.536337 -0.551091 -0.545938 -0.571706 -0.561771 -0.593876 -0.615608 -0.651508 0.000000 0.000000 0.000000 0.000000 0.000000 0.000000 0.000000 0.000000 0.000000 0.000000 0.000000 0.000000 0.000000 0.000000 0.000000 0.000000 0.000000 0.000000 0.000000 0.000000 0.000000 0.000000 0.000000 0.000000 0.000000 0.000000 0.000000
-0.481134 -0.466173 -0.443798 -0.416981 -0.431423 -0.453251 -0.452592 -0.445242 -0.463533 -0.465672 -0.501103 -0.512502 -0.520994 -0.530539 -0.536608 -0.504276 -0.513925 -0.511228 -0.526551 -0.525625 -0.553769 -0.580132 -0.646925 0.000000 0.000000 0.000000 0.000000 0.000000 0.000000 0.000000 0.000000 0.000000 0.000000 0.000000 0.000000 0.000000 0.000000 0.000000 0.000000 0.000000 0.000000 0.000000 0.000000 0.000000 0.000000 0.000000 0.000000 0.000000 0.000000 0.000000
-0.427887 -0.465527 -0.447733 -0.425198 -0.437117 -0.442565 -0.440708 -0.453528 -0.459262 -0.466996 -0.474689 -0.480643 -0.490939 -0.493118 -0.501513 -0.513256 -0.518135 -0.525619 -0.543557 -0.561006 -0.580950 -0.546585 -0.534616 0.000000 0.000000 0.000000 0.000000 0.000000 0.000000 0.000000 0.000000 0.000000 0.000000 0.000000 0.000000 0.000000 0.000000 0.000000 0.000000 0.000000 0.000000 0.000000 0.000000 0.000000 0.000000 0.000000 0.000000 0.000000 0.000000 0.000000
-0.512456 -0.473582 -0.494273 -0.484369 -0.517970 -0.522953 -0.520263 -0.521236 -0.518734 -0.529219 -0.535138 -0.534823 -0.542249 -0.543118 -0.537601 -0.545247 -0.528076 -0.541768 -0.522083 -0.528890 -0.488941 -0.526038 -0.584851 0.000000 0.000000 0.000000 0.000000 0.000000 0.000000 0.000000 0.000000 0.000000 0.000000 0.000000 0.000000 0.000000 0.000000 0.000000 0.000000 0.000000 0.000000 0.000000 0.000000 0.000000 0.000000 0.000000 0.000000 0.000000 0.000000 0.000000
-0.504037 -0.515016 -0.478585 -0.535783 -0.501436 -0.499464 -0.509999 -0.511786 -0.510669 -0.502728 -0.508621 -0.510973 -0.511095 -0.511569 -0.415221 -0.515190 -0.512035 -0.515851 -0.512328 -0.516153 -0.519380 -0.494987 -0.502846 0.000000 0.000000 0.000000 0.000000 0.000000 0.000000 0.000000 0.000000 0.000000 0.000000 0.000000 0.000000 0.000000 0.000000 0.000000 0.000000 0.000000 0.000000 0.000000 0.000000 0.000000 0.000000 0.000000 0.000000 0.000000 0.000000 0.000000
