-0.005732 -0.003609 -0.002865 -0.002879 0.006312 -0.021417 0.008656 0.000434 -0.017910 -0.005197 -0.003920 0.021561 0.008580 0.009803 0.012035 0.024343 0.024336 -0.018330 -0.016637 -0.014478 -0.011046 0.015113 0.005894 0.015082 0.008733 -0.010504 0.007771 0.000922 0.002371 0.006255 0.008524 -0.000624 0.003317 0.001208 0.004504 0.000000 0.000000 0.000000 0.000000 0.000000 0.000000 0.000000 0.000000 0.000000 0.000000 0.000000 0.000000 0.000000 0.000000 0.000000
-0.077498 -0.045001 -0.058951 -0.045816 -0.034570 -0.037416 -0.040744 -0.019400 -0.027421 -0.018438 -0.002575 -0.008984 -0.001883 -0.030299 -0.027724 -0.002513 -0.007423 0.007696 0.000099 0.005146 0.006692 0.021577 0.019557 0.021789 0.049875 0.050177 0.028516 0.023196 0.025001 0.028012 0.029893 0.026257 0.036604 0.033190 0.024689 0.000000 0.000000 0.000000 0.000000 0.000000 0.000000 0.000000 0.000000 0.000000 0.000000 0.000000 0.000000 0.000000 0.000000 0.000000
-0.094371 -0.102132 -0.126077 -0.121853 -0.124222 -0.121672 -0.118176 -0.114053 -0.108277 -0.100819 -0.091415 -0.079105 -0.065931 -0.047467 -0.029561 -0.008382 0.012146 0.032143 0.049229 0.064649 0.076311 0.085570 0.091427 0.094964 0.096259 0.096458 0.095669 0.093847 0.092071 0.090106 0.088359 0.087241 0.087072 0.065300 0.041994 0.000000 0.000000 0.000000 0.000000 0.000000 0.000000 0.000000 0.000000 0.000000 0.000000 0.000000 0.000000 0.000000 0.000000 0.000000
-0.100345 -0.146455 -0.173818 -0.128195 -0.128537 -0.125128 -0.122412 -0.116670 -0.111825 -0.102069 -0.093866 -0.079757 -0.065744 -0.047760 -0.029409 -0.008194 0.014686 0.033270 0.051174 0.066419 0.078258 0.087218 0.093221 0.097310 0.098020 0.098387 0.098024 0.095634 0.093767 0.091917 0.090023 0.088744 0.086933 0.076364 0.083151 0.000000 0.000000 0.000000 0.000000 0.000000 0.000000 0.000000 0.000000 0.000000 0.000000 0.000000 0.000000 0.000000 0.000000 0.000000
-0.217223 -0.201089 -0.176760 -0.177733 -0.175554 -0.173449 -0.168757 -0.164143 -0.156227 -0.147078 -0.133263 -0.116540 -0.098663 -0.071382 -0.044944 -0.012245 0.017422 0.048853 0.073183 0.095808 0.112203 0.124980 0.132664 0.136877 0.138526 0.138315 0.136206 0.133563 0.130356 0.127168 0.124357 0.121968 0.119145 0.121570 0.094242 0.000000 0.000000 0.000000 0.000000 0.000000 0.000000 0.000000 0.000000 0.000000 0.000000 0.000000 0.000000 0.000000 0.000000 0.000000
-0.249752 -0.244860 -0.220548 -0.220981 -0.219869 -0.217268 -0.213582 -0.207648 -0.199759 -0.187706 -0.172949 -0.151468 -0.127324 -0.094779 -0.059635 -0.016625 0.025178 0.066200 0.100496 0.128405 0.149273 0.163853 0.172481 0.176553 0.176970 0.174988 0.171441 0.166874 0.162114 0.157540 0.153402 0.150191 0.146246 0.145788 0.144879 0.000000 0.000000 0.000000 0.000000 0.000000 0.000000 0.000000 0.000000 0.000000 0.000000 0.000000 0.000000 0.000000 0.000000 0.000000
-0.252227 -0.282614 -0.268910 -0.269224 -0.268099 -0.266133 -0.262731 -0.257163 -0.249084 -0.236288 -0.219917 -0.194746 -0.166423 -0.125454 -0.081225 -0.023396 0.032772 0.087616 0.132432 0.167606 0.192845 0.209350 0.218084 0.221008 0.219631 0.215421 0.209497 0.202796 0.196046 0.189714 0.184359 0.179721 0.175791 0.169550 0.153850 0.000000 0.000000 0.000000 0.000000 0.000000 0.000000 0.000000 0.000000 0.000000 0.000000 0.000000 0.000000 0.000000 0.000000 0.000000
-0.310933 -0.288026 -0.315043 -0.315491 -0.315200 -0.314186 -0.312007 -0.307298 -0.300218 -0.287172 -0.270520 -0.242087 -0.209683 -0.159767 -0.104363 -0.029208 0.047718 0.119438 0.176722 0.218448 0.246915 0.263209 0.270070 0.269791 0.264972 0.257134 0.247902 0.238153 0.228786 0.220290 0.213054 0.207534 0.201540 0.185186 0.186214 0.000000 0.000000 0.000000 0.000000 0.000000 0.000000 0.000000 0.000000 0.000000 0.000000 0.000000 0.000000 0.000000 0.000000 0.000000
-0.366287 -0.363134 -0.362958 -0.363414 -0.364278 -0.365007 -0.364823 -0.362261 -0.357678 -0.346319 -0.331695 -0.301688 -0.268118 -0.208395 -0.144233 -0.043954 0.062261 0.155645 0.229199 0.278507 0.309170 0.323856 0.326889 0.322024 0.312009 0.299353 0.285733 0.272270 0.259858 0.248892 0.239860 0.232887 0.225957 0.211098 0.207552 0.000000 0.000000 0.000000 0.000000 0.000000 0.000000 0.000000 0.000000 0.000000 0.000000 0.000000 0.000000 0.000000 0.000000 0.000000
-0.393373 -0.403704 -0.409981 -0.411190 -0.413003 -0.416025 -0.418581 -0.419177 -0.418370 -0.410448 -0.399573 -0.370779 -0.336994 -0.268715 -0.189905 -0.059416 0.096985 0.222033 0.314823 0.367227 0.395954 0.402605 0.397207 0.382827 0.365295 0.345775 0.326620 0.308441 0.292257 0.278150 0.266797 0.257382 0.249369 0.234992 0.295820 0.000000 0.000000 0.000000 0.000000 0.000000 0.000000 0.000000 0.000000 0.000000 0.000000 0.000000 0.000000 0.000000 0.000000 0.000000
-0.489800 -0.466259 -0.456709 -0.457295 -0.462286 -0.468124 -0.474744 -0.480248 -0.485628 -0.484572 -0.482291 -0.459426 -0.434372 -0.358909 -0.281104 -0.103564 0.130908 0.294052 0.411156 0.466344 0.488454 0.484675 0.467374 0.442803 0.414464 0.386342 0.360019 0.336486 0.316350 0.299359 0.286063 0.276271 0.266698 0.242349 0.255274 0.000000 0.000000 0.000000 0.000000 0.000000 0.000000 0.000000 0.000000 0.000000 0.000000 0.000000 0.000000 0.000000 0.000000 0.000000
-0.495521 -0.497365 -0.502016 -0.502142 -0.510260 -0.519374 -0.530612 -0.542140 -0.554884 -0.564016 -0.572162 -0.565191 -0.550512 -0.483758 -0.394013 -0.158449 0.221726 0.465927 0.611962 0.643920 0.639971 0.604181 0.561807 0.515153 0.474163 0.436611 0.403249 0.373957 0.349198 0.328580 0.312474 0.299440 0.289142 0.267687 0.257178 0.000000 0.000000 0.000000 0.000000 0.000000 0.000000 0.000000 0.000000 0.000000 0.000000 0.000000 0.000000 0.000000 0.000000 0.000000
-0.567836 -0.567128 -0.545298 -0.545513 -0.556584 -0.569716 -0.586372 -0.605580 -0.628034 -0.651568 -0.678138 -0.696515 -0.714017 -0.679219 -0.665339 -0.304599 0.338171 0.644820 0.789148 0.795626 0.759648 0.697309 0.634201 0.573183 0.513664 0.461292 0.417507 0.381886 0.353610 0.330218 0.313571 0.300275 0.292899 0.284380 0.290085 0.000000 0.000000 0.000000 0.000000 0.000000 0.000000 0.000000 0.000000 0.000000 0.000000 0.000000 0.000000 0.000000 0.000000 0.000000
-0.591675 -0.588862 -0.585630 -0.585710 -0.599700 -0.616636 -0.638505 -0.665396 -0.697101 -0.737806 -0.777255 -0.848132 -0.879598 -1.382976 -1.523864 -0.757375 1.383508 1.878037 1.698325 1.406733 1.140467 0.947872 0.799094 0.684540 0.612935 0.535478 0.486665 0.440130 0.407900 0.382118 0.358936 0.340781 0.323109 0.281061 0.303163 0.000000 0.000000 0.000000 0.000000 0.000000 0.000000 0.000000 0.000000 0.000000 0.000000 0.000000 0.000000 0.000000 0.000000 0.000000
-0.673293 -0.636735 -0.622143 -0.622196 -0.638765 -0.659360 -0.686076 -0.720581 -0.761512 -0.819859 -0.882010 -0.997530 -1.090631 -1.611143 -2.290831 -2.580968 1.862319 2.538114 2.178107 1.517893 1.118335 0.983659 0.851569 0.679689 0.605402 0.524078 0.442868 0.406646 0.353026 0.337627 0.315343 0.301023 0.323071 0.276435 0.260304 0.000000 0.000000 0.000000 0.000000 0.000000 0.000000 0.000000 0.000000 0.000000 0.000000 0.000000 0.000000 0.000000 0.000000 0.000000
-0.645493 -0.675188 -0.653395 -0.653596 -0.672042 -0.695540 -0.725938 -0.765212 -0.812710 -0.876989 -0.954408 -1.068790 -1.215183 -1.634917 -2.125171 0.000000 0.000000 0.000000 0.000000 0.000000 0.000000 0.000000 0.000000 0.000000 0.000000 0.000000 0.000000 0.000000 0.000000 0.000000 0.000000 0.000000 0.000000 0.000000 0.000000 0.000000 0.000000 0.000000 0.000000 0.000000 0.000000 0.000000 0.000000 0.000000 0.000000 0.000000 0.000000 0.000000 0.000000 0.000000
-0.657062 -0.646367 -0.679685 -0.679509 -0.699695 -0.724793 -0.757626 -0.798594 -0.848875 -0.911584 -0.988246 -1.081793 -1.203476 -1.495555 -1.577667 0.000000 0.000000 0.000000 0.000000 0.000000 0.000000 0.000000 0.000000 0.000000 0.000000 0.000000 0.000000 0.000000 0.000000 0.000000 0.000000 0.000000 0.000000 0.000000 0.000000 0.000000 0.000000 0.000000 0.000000 0.000000 0.000000 0.000000 0.000000 0.000000 0.000000 0.000000 0.000000 0.000000 0.000000 0.000000
-0.706915 -0.665760 -0.699966 -0.700131 -0.721290 -0.747347 -0.781439 -0.823475 -0.873776 -0.935370 -1.007447 -1.093039 -1.187867 -1.417480 -1.550186 0.000000 0.000000 0.000000 0.000000 0.000000 0.000000 0.000000 0.000000 0.000000 0.000000 0.000000 0.000000 0.000000 0.000000 0.000000 0.000000 0.000000 0.000000 0.000000 0.000000 0.000000 0.000000 0.000000 0.000000 0.000000 0.000000 0.000000 0.000000 0.000000 0.000000 0.000000 0.000000 0.000000 0.000000 0.000000
-0.721554 -0.679801 -0.713965 -0.714098 -0.735695 -0.761823 -0.795984 -0.837446 -0.886921 -0.945730 -1.012101 -1.087739 -1.165428 -1.392378 -1.381703 0.000000 0.000000 0.000000 0.000000 0.000000 0.000000 0.000000 0.000000 0.000000 0.000000 0.000000 0.000000 0.000000 0.000000 0.000000 0.000000 0.000000 0.000000 0.000000 0.000000 0.000000 0.000000 0.000000 0.000000 0.000000 0.000000 0.000000 0.000000 0.000000 0.000000 0.000000 0.000000 0.000000 0.000000 0.000000
-0.735128 -0.687379 -0.721988 -0.743719 -0.743784 -0.769571 -0.803623 -0.844412 -0.893563 -0.950342 -1.015706 -1.085373 -1.157759 -1.345637 -1.411469 0.000000 0.000000 0.000000 0.000000 0.000000 0.000000 0.000000 0.000000 0.000000 0.000000 0.000000 0.000000 0.000000 0.000000 0.000000 0.000000 0.000000 0.000000 0.000000 0.000000 0.000000 0.000000 0.000000 0.000000 0.000000 0.000000 0.000000 0.000000 0.000000 0.000000 0.000000 0.000000 0.000000 0.000000 0.000000
-0.740196 -0.689700 -0.724221 -0.745265 -0.745392 -0.770403 -0.803601 -0.843488 -0.891587 -0.948286 -1.012806 -1.085669 -1.156681 -1.317825 -1.341646 0.000000 0.000000 0.000000 0.000000 0.000000 0.000000 0.000000 0.000000 0.000000 0.000000 0.000000 0.000000 0.000000 0.000000 0.000000 0.000000 0.000000 0.000000 0.000000 0.000000 0.000000 0.000000 0.000000 0.000000 0.000000 0.000000 0.000000 0.000000 0.000000 0.000000 0.000000 0.000000 0.000000 0.000000 0.000000
-0.753462 -0.685755 -0.720351 -0.740417 -0.740582 -0.764411 -0.796257 -0.834467 -0.881589 -0.936630 -1.003074 -1.075107 -1.160876 -1.330504 -1.307245 0.000000 0.000000 0.000000 0.000000 0.000000 0.000000 0.000000 0.000000 0.000000 0.000000 0.000000 0.000000 0.000000 0.000000 0.000000 0.000000 0.000000 0.000000 0.000000 0.000000 0.000000 0.000000 0.000000 0.000000 0.000000 0.000000 0.000000 0.000000 0.000000 0.000000 0.000000 0.000000 0.000000 0.000000 0.000000
-0.715111 -0.730779 -0.710508 -0.729453 -0.729433 -0.751649 -0.781415 -0.817760 -0.863350 -0.920100 -0.992620 -1.084614 -1.213189 -1.846727 -0.963611 0.000000 0.000000 0.000000 0.000000 0.000000 0.000000 0.000000 0.000000 0.000000 0.000000 0.000000 0.000000 0.000000 0.000000 0.000000 0.000000 0.000000 0.000000 0.000000 0.000000 0.000000 0.000000 0.000000 0.000000 0.000000 0.000000 0.000000 0.000000 0.000000 0.000000 0.000000 0.000000 0.000000 0.000000 0.000000
-0.758124 -0.664640 -0.695901 -0.695963 -0.712670 -0.732672 -0.759141 -0.791524 -0.831853 -0.882613 -0.944101 -1.018306 -1.126194 -1.327389 -0.975943 -0.054364 -0.028795 -0.008802 -0.006642 -0.029081 -0.068779 -0.019656 -0.022107 0.000000 0.000000 0.000000 0.000000 0.000000 0.000000 0.000000 0.000000 0.000000 0.000000 0.000000 0.000000 0.000000 0.000000 0.000000 0.000000 0.000000 0.000000 0.000000 0.000000 0.000000 0.000000 0.000000 0.000000 0.000000 0.000000 0.000000
-0.678723 -0.690789 -0.676497 -0.676629 -0.691038 -0.708011 -0.730161 -0.756411 -0.787934 -0.824321 -0.866651 -0.912444 -0.961824 -0.839610 -0.753850 -0.360017 -0.234949 -0.167342 -0.140020 -0.146074 -0.163857 -0.201374 -0.327412 0.000000 0.000000 0.000000 0.000000 0.000000 0.000000 0.000000 0.000000 0.000000 0.000000 0.000000 0.000000 0.000000 0.000000 0.000000 0.000000 0.000000 0.000000 0.000000 0.000000 0.000000 0.000000 0.000000 0.000000 0.000000 0.000000 0.000000
-0.742705 -0.669145 -0.653338 -0.653236 -0.665216 -0.679087 -0.696810 -0.717309 -0.740792 -0.766509 -0.792746 -0.815222 -0.827350 -0.811910 -0.737469 -0.546824 -0.387745 -0.305485 -0.269558 -0.263205 -0.302253 -0.356676 -0.430012 0.000000 0.000000 0.000000 0.000000 0.000000 0.000000 0.000000 0.000000 0.000000 0.000000 0.000000 0.000000 0.000000 0.000000 0.000000 0.000000 0.000000 0.000000 0.000000 0.000000 0.000000 0.000000 0.000000 0.000000 0.000000 0.000000 0.000000
-0.712660 -0.600543 -0.626879 -0.626860 -0.636121 -0.646858 -0.660095 -0.674733 -0.690466 -0.705826 -0.719046 -0.725768 -0.720506 -0.692291 -0.623394 -0.503399 -0.406469 -0.350789 -0.328617 -0.345781 -0.406671 -0.561454 -1.112285 0.000000 0.000000 0.000000 0.000000 0.000000 0.000000 0.000000 0.000000 0.000000 0.000000 0.000000 0.000000 0.000000 0.000000 0.000000 0.000000 0.000000 0.000000 0.000000 0.000000 0.000000 0.000000 0.000000 0.000000 0.000000 0.000000 0.000000
-0.621166 -0.613860 -0.598053 -0.597969 -0.604907 -0.612776 -0.622157 -0.632043 -0.641851 -0.650248 -0.655312 -0.654082 -0.642445 -0.614251 -0.568291 -0.492956 -0.427891 -0.387487 -0.369698 -0.381454 -0.426443 -0.521355 -0.624370 -0.074818 -0.011298 -0.003111 -0.009258 -0.004644 -0.000523 0.015144 0.005006 0.007090 0.008927 0.010738 0.035692 0.015136 0.022683 0.018723 0.018701 -0.015827 -0.017908 0.015836 -0.018956 -0.018432 -0.018106 0.008328 0.004626 0.000681 -0.003281 -0.005697
-0.589715 -0.583554 -0.567458 -0.567312 -0.572155 -0.577458 -0.583445 -0.589243 -0.594166 -0.597028 -0.596258 -0.589667 -0.574963 -0.548690 -0.510651 -0.459390 -0.414228 -0.381749 -0.363697 -0.363049 -0.370129 -0.393139 -0.403188 -0.267040 -0.162463 -0.112641 -0.087089 -0.071599 -0.060525 -0.056221 -0.053062 -0.051829 -0.050957 -0.050651 -0.050549 -0.051150 -0.051866 -0.050523 -0.052666 -0.052251 -0.051598 -0.051372 -0.051853 -0.051854 -0.052554 -0.051691 -0.054028 -0.048422 -0.061127 -0.063918
-0.529816 -0.552008 -0.535590 -0.538734 -0.538663 -0.541824 -0.545105 -0.547790 -0.549250 -0.548544 -0.544510 -0.535693 -0.520887 -0.498270 -0.469240 -0.432947 -0.399633 -0.374186 -0.357731 -0.351741 -0.346831 -0.345298 -0.325431 -0.241979 -0.175317 -0.144758 -0.117508 -0.104033 -0.095047 -0.089856 -0.086687 -0.084709 -0.083673 -0.083092 -0.082832 -0.082693 -0.082620 -0.083199 -0.082407 -0.082984 -0.083102 -0.083514 -0.083721 -0.083568 -0.083675 -0.083815 -0.083427 -0.082883 -0.097403 -0.103879
-0.496475 -0.519970 -0.503261 -0.504917 -0.504799 -0.506194 -0.507258 -0.507465 -0.506238 -0.502877 -0.496521 -0.486275 -0.471459 -0.451348 -0.426992 -0.398828 -0.372600 -0.350284 -0.333417 -0.322037 -0.312407 -0.303773 -0.290863 -0.241209 -0.202677 -0.169721 -0.151627 -0.135858 -0.128154 -0.122275 -0.119481 -0.117582 -0.116801 -0.116418 -0.116416 -0.116628 -0.116930 -0.117032 -0.117479 -0.117659 -0.117774 -0.117978 -0.118142 -0.118397 -0.118394 -0.118421 -0.118573 -0.117664 -0.139915 -0.118388
-0.462957 -0.487590 -0.470731 -0.471192 -0.471016 -0.471014 -0.470365 -0.468736 -0.465635 -0.460563 -0.452948 -0.442230 -0.428149 -0.410385 -0.389989 -0.367423 -0.345888 -0.326779 -0.311378 -0.298598 -0.287917 -0.274441 -0.259951 -0.229506 -0.204351 -0.185925 -0.171142 -0.161666 -0.155357 -0.151462 -0.149386 -0.148205 -0.147849 -0.147803 -0.148039 -0.148363 -0.148729 -0.149177 -0.149442 -0.149878 -0.150184 -0.150591 -0.150850 -0.151313 -0.151436 -0.151754 -0.150765 -0.151590 -0.174481 -0.148312
-0.429295 -0.455156 -0.438286 -0.437785 -0.437555 -0.436444 -0.434446 -0.431402 -0.426878 -0.420540 -0.411990 -0.400916 -0.387223 -0.370897 -0.352729 -0.333251 -0.314536 -0.297340 -0.282830 -0.270565 -0.260320 -0.250161 -0.240438 -0.223943 -0.211247 -0.198738 -0.192021 -0.185856 -0.183498 -0.181557 -0.181278 -0.181179 -0.181652 -0.182157 -0.182790 -0.183392 -0.183968 -0.184453 -0.184915 -0.185297 -0.185609 -0.185919 -0.186117 -0.186397 -0.186373 -0.186554 -0.186068 -0.186578 -0.210296 -0.179820
-0.395753 -0.422635 -0.406205 -0.404934 -0.404662 -0.402689 -0.399660 -0.395565 -0.390020 -0.382816 -0.373687 -0.362467 -0.349178 -0.333911 -0.317318 -0.299845 -0.283010 -0.267346 -0.253916 -0.242689 -0.233641 -0.225924 -0.220057 -0.213160 -0.208706 -0.205413 -0.204039 -0.203548 -0.204270 -0.205163 -0.206599 -0.207898 -0.209308 -0.210528 -0.211685 -0.212669 -0.213566 -0.214318 -0.215001 -0.215588 -0.216119 -0.216639 -0.217014 -0.217633 -0.217736 -0.218480 -0.218214 -0.219346 -0.245596 -0.251924
-0.362732 -0.389936 -0.374674 -0.372773 -0.372466 -0.369837 -0.366008 -0.361110 -0.354781 -0.346903 -0.337287 -0.325858 -0.312673 -0.297902 -0.282054 -0.265631 -0.249665 -0.234801 -0.222066 -0.212044 -0.206033 -0.202203 -0.203780 -0.206018 -0.211348 -0.217376 -0.223756 -0.229191 -0.234419 -0.238449 -0.242105 -0.244905 -0.247314 -0.249169 -0.250711 -0.251892 -0.252877 -0.253593 -0.254222 -0.254656 -0.255025 -0.255304 -0.255434 -0.255691 -0.255455 -0.255883 -0.254381 -0.255461 -0.285579 -0.248238
-0.445662 -0.357892 -0.343823 -0.341428 -0.341100 -0.337976 -0.333541 -0.328038 -0.321117 -0.312719 -0.302696 -0.291017 -0.277735 -0.263051 -0.247321 -0.230736 -0.215071 -0.200400 -0.187716 -0.179040 -0.172292 -0.174350 -0.177258 -0.190434 -0.204365 -0.217704 -0.230570 -0.240591 -0.249473 -0.256024 -0.261585 -0.265727 -0.269096 -0.271640 -0.273726 -0.275301 -0.276705 -0.277700 -0.278724 -0.279416 -0.280141 -0.280734 -0.281245 -0.282044 -0.282506 -0.283829 -0.283348 -0.286644 -0.315426 -0.303818
-0.323907 -0.348852 -0.314003 -0.313745 -0.310632 -0.307141 -0.302255 -0.296298 -0.288923 -0.280103 -0.269709 -0.257722 -0.244178 -0.229233 -0.213245 -0.196563 -0.180002 -0.164251 -0.150748 -0.140890 -0.137956 -0.141083 -0.154100 -0.182121 -0.209711 -0.237524 -0.258940 -0.277123 -0.290451 -0.300684 -0.308134 -0.313655 -0.317777 -0.320730 -0.322961 -0.324530 -0.325750 -0.326514 -0.327157 -0.327476 -0.327689 -0.327671 -0.327538 -0.327365 -0.327351 -0.326559 -0.324325 -0.326021 -0.328550 -0.353730
-0.268585 -0.318240 -0.284768 -0.284517 -0.281155 -0.277393 -0.272191 -0.265900 -0.258184 -0.249017 -0.238264 -0.225875 -0.211642 -0.196078 -0.179261 -0.161161 -0.142609 -0.124399 -0.107678 -0.095517 -0.088941 -0.096649 -0.110798 -0.159649 -0.201623 -0.234937 -0.264855 -0.284731 -0.301348 -0.312143 -0.320779 -0.326538 -0.330897 -0.333842 -0.336215 -0.337747 -0.339399 -0.340145 -0.341439 -0.341880 -0.342484 -0.342549 -0.343343 -0.344332 -0.345933 -0.345891 -0.341483 -0.347359 -0.360387 -0.394025
-0.262003 -0.255626 -0.256414 -0.256157 -0.252686 -0.248726 -0.243325 -0.236832 -0.228896 -0.219488 -0.208457 -0.195704 -0.181193 -0.164880 -0.146873 -0.127282 -0.106629 -0.084843 -0.064125 -0.046716 -0.037248 -0.039598 -0.065580 -0.146257 -0.215205 -0.273809 -0.311363 -0.342835 -0.361233 -0.376053 -0.384818 -0.391958 -0.396931 -0.400438 -0.402882 -0.404877 -0.406036 -0.407152 -0.407648 -0.408006 -0.407561 -0.406786 -0.405620 -0.404433 -0.403302 -0.401784 -0.397522 -0.403653 -0.393813 -0.431302
-0.233001 -0.266844 -0.229044 -0.228805 -0.225370 -0.221273 -0.215812 -0.209186 -0.201155 -0.191588 -0.180334 -0.167233 -0.152104 -0.134821 -0.115333 -0.093238 -0.067966 -0.040870 -0.012434 0.017093 0.040590 0.049783 0.025318 -0.123387 -0.231665 -0.285819 -0.335191 -0.358340 -0.378402 -0.388682 -0.397715 -0.402683 -0.406242 -0.407777 -0.409803 -0.410343 -0.412504 -0.411957 -0.414473 -0.413615 -0.413767 -0.413187 -0.413510 -0.411121 -0.411278 -0.409778 -0.410620 -0.394793 -0.442125 -0.471232
-0.191356 -0.229268 -0.202575 -0.202485 -0.198916 -0.194864 -0.189330 -0.182859 -0.174852 -0.165352 -0.154088 -0.140862 -0.125450 -0.107625 -0.086998 -0.062350 -0.034110 -0.001308 0.036133 0.079500 0.124157 0.155536 0.125236 -0.077900 -0.252515 -0.355314 -0.407545 -0.438763 -0.454773 -0.463548 -0.466999 -0.471453 -0.474498 -0.475988 -0.476760 -0.479744 -0.479019 -0.481856 -0.480676 -0.483490 -0.482048 -0.481586 -0.479725 -0.481671 -0.479564 -0.480883 -0.479215 -0.479122 -0.448883 -0.491261
-0.167707 -0.183958 -0.177238 -0.177191 -0.173903 -0.169844 -0.164607 -0.158036 -0.150350 -0.140994 -0.129921 -0.116772 -0.101297 -0.083115 -0.061285 -0.034831 -0.003129 0.035818 0.085593 0.151696 0.247614 0.373613 0.583377 -0.261885 -0.369914 -0.513474 -0.522374 -0.537344 -0.499142 -0.543967 -0.524365 -0.537397 -0.545460 -0.546040 -0.546211 -0.546529 -0.547852 -0.529152 -0.548219 -0.547572 -0.530212 -0.540654 -0.533803 -0.496990 -0.498633 -0.517253 -0.530927 -0.534238 -0.469138 -0.478609
-0.164868 -0.171191 -0.152453 -0.152272 -0.149187 -0.145403 -0.139916 -0.134427 -0.127080 -0.118210 -0.127495 -0.114202 -0.098593 -0.080208 -0.040006 -0.013309 0.019639 0.061872 0.117090 0.194521 0.306333 0.501324 0.992527 -0.432672 -0.467104 -0.506203 -0.485640 -0.519835 -0.508492 -0.504643 -0.549880 -0.561521 -0.512476 -0.534806 -0.559648 -0.428429 -0.557178 -0.557282 -0.551718 -0.533367 -0.530906 -0.540379 -0.530561 -0.511975 -0.499181 -0.499165 -0.531776 -0.528449 -0.480553 -0.556124
-0.141550 -0.136131 -0.128857 -0.129032 -0.126547 -0.122297 -0.118392 -0.112736 -0.106001 -0.097772 -0.087913 -0.076126 -0.062132 -0.045273 -0.024601 0.000225 0.030608 0.068467 0.116237 0.177343 0.256484 0.350386 0.567117 0.000000 0.000000 0.000000 0.000000 0.000000 0.000000 0.000000 0.000000 0.000000 0.000000 0.000000 0.000000 0.000000 0.000000 0.000000 0.000000 0.000000 0.000000 0.000000 0.000000 0.000000 0.000000 0.000000 0.000000 0.000000 0.000000 0.000000
-0.101457 -0.124164 -0.105486 -0.105451 -0.102777 -0.099964 -0.096024 -0.091164 -0.085158 -0.077946 -0.069278 -0.058878 -0.046525 -0.031383 -0.013193 0.008742 0.035562 0.068134 0.108707 0.155716 0.211288 0.261227 0.305817 0.000000 0.000000 0.000000 0.000000 0.000000 0.000000 0.000000 0.000000 0.000000 0.000000 0.000000 0.000000 0.000000 0.000000 0.000000 0.000000 0.000000 0.000000 0.000000 0.000000 0.000000 0.000000 0.000000 0.000000 0.000000 0.000000 0.000000
-0.079460 -0.100766 -0.083224 -0.084353 -0.082853 -0.079690 -0.076806 -0.072755 -0.067653 -0.061518 -0.054084 -0.045191 -0.034629 -0.021673 -0.006336 0.012034 0.033915 0.060214 0.090664 0.125123 0.162073 0.194142 0.274869 0.000000 0.000000 0.000000 0.000000 0.000000 0.000000 0.000000 0.000000 0.000000 0.000000 0.000000 0.000000 0.000000 0.000000 0.000000 0.000000 0.000000 0.000000 0.000000 0.000000 0.000000 0.000000 0.000000 0.000000 0.000000 0.000000 0.000000
-0.062913 -0.080219 -0.082870 -0.061503 -0.059639 -0.057799 -0.055341 -0.052112 -0.047981 -0.043304 -0.037787 -0.030961 -0.022990 -0.013284 -0.002109 0.011520 0.027743 0.046890 0.068500 0.091698 0.116197 0.134213 0.166969 0.000000 0.000000 0.000000 0.000000 0.000000 0.000000 0.000000 0.000000 0.000000 0.000000 0.000000 0.000000 0.000000 0.000000 0.000000 0.000000 0.000000 0.000000 0.000000 0.000000 0.000000 0.000000 0.000000 0.000000 0.000000 0.000000 0.000000
-0.061360 -0.047943 -0.060185 -0.056911 -0.058513 -0.056176 -0.053904 -0.050541 -0.046825 -0.042287 -0.036817 -0.030247 -0.022429 -0.012978 -0.001872 0.011386 0.027087 0.045351 0.066419 0.089195 0.113663 0.136926 0.145180 0.000000 0.000000 0.000000 0.000000 0.000000 0.000000 0.000000 0.000000 0.000000 0.000000 0.000000 0.000000 0.000000 0.000000 0.000000 0.000000 0.000000 0.000000 0.000000 0.000000 0.000000 0.000000 0.000000 0.000000 0.000000 0.000000 0.000000
-0.022150 -0.030605 -0.021373 -0.019662 -0.018074 -0.017544 -0.029646 -0.010915 -0.008073 -0.023339 -0.040280 0.003425 0.008329 -0.010601 -0.012094 -0.006599 0.002353 0.015596 0.018999 0.038268 0.043124 0.057012 0.059658 0.000000 0.000000 0.000000 0.000000 0.000000 0.000000 0.000000 0.000000 0.000000 0.000000 0.000000 0.000000 0.000000 0.000000 0.000000 0.000000 0.000000 0.000000 0.000000 0.000000 0.000000 0.000000 0.000000 0.000000 0.000000 0.000000 0.000000
-0.019798 0.004089 -0.003853 -0.003126 -0.003299 -0.003709 -0.008118 -0.013053 0.003306 -0.021616 0.004241 -0.004803 -0.003479 0.007274 0.010725 0.007493 -0.015254 0.020678 -0.004126 0.006940 -0.016690 0.001842 0.006719 0.000000 0.000000 0.000000 0.000000 0.000000 0.000000 0.000000 0.000000 0.000000 0.000000 0.000000 0.000000 0.000000 0.000000 0.000000 0.000000 0.000000 0.000000 0.000000 0.000000 0.000000 0.000000 0.000000 0.000000 0.000000 0.000000 0.000000
