0.006682 0.063831 0.082588 0.172852 0.192936 0.193996 0.282102 0.320719 0.311549 0.400390 0.429927 0.407070 0.510864 0.472314 0.447183 0.429453 0.411006 0.554341 0.529224 0.512568 0.476843 0.369354 0.324989 0.324058 0.230464 0.211191 0.178032 0.164692 0.132200 0.109878 0.110655 0.117587 0.041444 0.046658 0.000673 0.000000 0.000000 0.000000 0.000000 0.000000 0.000000 0.000000 0.000000 0.000000 0.000000 0.000000 0.000000 0.000000 0.000000 0.000000
-0.007938 0.068919 0.105981 0.155776 0.189086 0.244396 0.292670 0.283404 0.361481 0.362827 0.344185 0.413689 0.428201 0.407414 0.398506 0.433124 0.412992 0.426708 0.428227 0.375876 0.364700 0.350397 0.344105 0.306360 0.301786 0.285816 0.225941 0.186807 0.155399 0.138274 0.108539 0.064539 0.045322 0.010849 0.004284 0.000000 0.000000 0.000000 0.000000 0.000000 0.000000 0.000000 0.000000 0.000000 0.000000 0.000000 0.000000 0.000000 0.000000 0.000000
0.007986 0.057096 0.128741 0.175309 0.178453 0.220818 0.266509 0.308781 0.351026 0.390500 0.427830 0.461489 0.489737 0.512829 0.529443 0.537742 0.537561 0.529146 0.512242 0.488863 0.460317 0.428112 0.393838 0.358095 0.321898 0.285855 0.250698 0.216199 0.182817 0.150252 0.118762 0.088566 0.057937 0.013277 0.003755 0.000000 0.000000 0.000000 0.000000 0.000000 0.000000 0.000000 0.000000 0.000000 0.000000 0.000000 0.000000 0.000000 0.000000 0.000000
0.005664 0.073154 0.126659 0.130745 0.179923 0.221222 0.266941 0.309382 0.351994 0.390969 0.427845 0.464687 0.490254 0.512447 0.531082 0.539595 0.539172 0.531081 0.513934 0.489284 0.460933 0.428310 0.394361 0.358042 0.321182 0.285365 0.250245 0.215519 0.182441 0.149372 0.118694 0.086065 0.062476 0.023467 0.000233 0.000000 0.000000 0.000000 0.000000 0.000000 0.000000 0.000000 0.000000 0.000000 0.000000 0.000000 0.000000 0.000000 0.000000 0.000000
0.005363 0.056298 0.129472 0.133333 0.181660 0.224860 0.271554 0.315455 0.359882 0.401889 0.442429 0.479061 0.511555 0.537655 0.556776 0.566145 0.565307 0.554805 0.534191 0.507012 0.474277 0.438077 0.399970 0.361257 0.322761 0.284897 0.248615 0.213472 0.179817 0.147028 0.116294 0.084461 0.058226 0.012940 -0.000048 0.000000 0.000000 0.000000 0.000000 0.000000 0.000000 0.000000 0.000000 0.000000 0.000000 0.000000 0.000000 0.000000 0.000000 0.000000
0.005089 0.052930 0.130241 0.133771 0.183763 0.227749 0.276107 0.321907 0.369139 0.414127 0.458637 0.499580 0.536571 0.566695 0.589565 0.601698 0.600004 0.586730 0.561571 0.528873 0.490463 0.449065 0.406467 0.364047 0.322719 0.283104 0.245510 0.209661 0.176006 0.143289 0.113390 0.081786 0.057681 0.012724 -0.008064 0.000000 0.000000 0.000000 0.000000 0.000000 0.000000 0.000000 0.000000 0.000000 0.000000 0.000000 0.000000 0.000000 0.000000 0.000000
0.016153 0.049068 0.130971 0.135204 0.185083 0.230966 0.281007 0.329202 0.379847 0.428794 0.478917 0.525110 0.569400 0.606000 0.634148 0.650114 0.647476 0.629674 0.597300 0.556697 0.510100 0.461542 0.412836 0.365830 0.321219 0.279357 0.240464 0.204085 0.170417 0.138241 0.108838 0.078572 0.053823 0.012392 -0.005893 0.000000 0.000000 0.000000 0.000000 0.000000 0.000000 0.000000 0.000000 0.000000 0.000000 0.000000 0.000000 0.000000 0.000000 0.000000
0.008944 0.070898 0.131325 0.134833 0.186718 0.232946 0.284938 0.335455 0.390010 0.443344 0.500448 0.553567 0.607845 0.653181 0.690419 0.714088 0.709793 0.685659 0.642792 0.590458 0.532686 0.474560 0.418247 0.365625 0.317117 0.272924 0.232823 0.196139 0.162851 0.131525 0.103302 0.074802 0.051072 0.001885 0.005172 0.000000 0.000000 0.000000 0.000000 0.000000 0.000000 0.000000 0.000000 0.000000 0.000000 0.000000 0.000000 0.000000 0.000000 0.000000
0.011810 0.044238 0.130945 0.135312 0.186357 0.234042 0.287781 0.340872 0.399933 0.458446 0.524257 0.586424 0.654072 0.712762 0.763092 0.799041 0.793693 0.757665 0.698392 0.628599 0.555432 0.484934 0.419508 0.360728 0.308522 0.262232 0.221425 0.184910 0.152500 0.122451 0.096011 0.068991 0.049097 0.001267 -0.009363 0.000000 0.000000 0.000000 0.000000 0.000000 0.000000 0.000000 0.000000 0.000000 0.000000 0.000000 0.000000 0.000000 0.000000 0.000000
0.028260 0.041599 0.129282 0.132367 0.185168 0.232354 0.287614 0.342479 0.405894 0.469142 0.545321 0.617342 0.704749 0.780918 0.854069 0.915331 0.906166 0.851697 0.767856 0.672283 0.578737 0.492387 0.416338 0.350623 0.294347 0.246559 0.205668 0.170196 0.139416 0.111464 0.087233 0.063062 0.044191 -0.001399 -0.003683 0.000000 0.000000 0.000000 0.000000 0.000000 0.000000 0.000000 0.000000 0.000000 0.000000 0.000000 0.000000 0.000000 0.000000 0.000000
0.004020 0.051095 0.126474 0.129588 0.181677 0.228488 0.284628 0.340995 0.408618 0.476964 0.564100 0.648893 0.759742 0.863600 0.973344 1.075376 1.067359 0.975246 0.849387 0.712582 0.591656 0.486350 0.399749 0.328754 0.271397 0.223496 0.184035 0.150497 0.122170 0.096941 0.075181 0.053934 0.036759 0.029252 0.001698 0.000000 0.000000 0.000000 0.000000 0.000000 0.000000 0.000000 0.000000 0.000000 0.000000 0.000000 0.000000 0.000000 0.000000 0.000000
0.002882 0.041308 0.121182 0.123940 0.174656 0.220009 0.275599 0.331596 0.401615 0.472072 0.570563 0.663946 0.810206 0.939448 1.124838 1.316024 1.296475 1.133362 0.941876 0.751145 0.597145 0.470506 0.373816 0.297383 0.237770 0.192000 0.155727 0.126427 0.102217 0.081070 0.063975 0.046174 0.036893 0.006979 -0.004533 0.000000 0.000000 0.000000 0.000000 0.000000 0.000000 0.000000 0.000000 0.000000 0.000000 0.000000 0.000000 0.000000 0.000000 0.000000
0.003422 0.027973 0.114455 0.117502 0.164848 0.208320 0.262068 0.316845 0.386927 0.459602 0.562771 0.669626 0.845322 1.006251 1.321527 1.653240 1.654865 1.365738 1.039659 0.747830 0.554136 0.409991 0.312136 0.241977 0.193428 0.153030 0.121785 0.096704 0.077064 0.060276 0.046086 0.033274 0.020207 0.003100 -0.015538 0.000000 0.000000 0.000000 0.000000 0.000000 0.000000 0.000000 0.000000 0.000000 0.000000 0.000000 0.000000 0.000000 0.000000 0.000000
0.020234 0.052571 0.104701 0.106682 0.150884 0.190489 0.240037 0.290178 0.356146 0.421678 0.527758 0.619965 0.832527 1.109734 1.563594 2.799280 2.408841 1.526632 0.892942 0.556874 0.354588 0.233452 0.171826 0.131229 0.107455 0.079365 0.067310 0.016208 0.045478 0.039212 0.031746 0.027597 0.004849 0.025076 -0.010327 0.000000 0.000000 0.000000 0.000000 0.000000 0.000000 0.000000 0.000000 0.000000 0.000000 0.000000 0.000000 0.000000 0.000000 0.000000
0.025901 0.049063 0.093476 0.096013 0.134321 0.169708 0.213547 0.258300 0.315391 0.376359 0.458077 0.563511 0.678187 0.997608 1.837750 2.270431 3.255145 1.427925 0.851212 0.274429 0.103271 0.058740 0.043903 0.072608 0.054721 0.016386 -0.005802 0.007964 0.011083 0.012357 0.006815 0.010278 0.009135 0.010680 0.007542 0.000000 0.000000 0.000000 0.000000 0.000000 0.000000 0.000000 0.000000 0.000000 0.000000 0.000000 0.000000 0.000000 0.000000 0.000000
0.048820 0.038273 0.079557 0.081008 0.114137 0.143393 0.179249 0.215584 0.257542 0.302896 0.347899 0.406417 0.421531 0.364719 0.155084 0.000000 0.000000 0.000000 0.000000 0.000000 0.000000 0.000000 0.000000 0.000000 0.000000 0.000000 0.000000 0.000000 0.000000 0.000000 0.000000 0.000000 0.000000 0.000000 0.000000 0.000000 0.000000 0.000000 0.000000 0.000000 0.000000 0.000000 0.000000 0.000000 0.000000 0.000000 0.000000 0.000000 0.000000 0.000000
0.014189 0.048568 0.064774 0.065636 0.093186 0.116861 0.145619 0.174241 0.205725 0.238038 0.265713 0.292813 0.284626 0.133957 -0.014573 0.000000 0.000000 0.000000 0.000000 0.000000 0.000000 0.000000 0.000000 0.000000 0.000000 0.000000 0.000000 0.000000 0.000000 0.000000 0.000000 0.000000 0.000000 0.000000 0.000000 0.000000 0.000000 0.000000 0.000000 0.000000 0.000000 0.000000 0.000000 0.000000 0.000000 0.000000 0.000000 0.000000 0.000000 0.000000
-0.014394 0.041506 0.048736 0.049729 0.070344 0.087070 0.107079 0.125658 0.145555 0.162842 0.177263 0.186154 0.175117 0.062166 0.018583 0.000000 0.000000 0.000000 0.000000 0.000000 0.000000 0.000000 0.000000 0.000000 0.000000 0.000000 0.000000 0.000000 0.000000 0.000000 0.000000 0.000000 0.000000 0.000000 0.000000 0.000000 0.000000 0.000000 0.000000 0.000000 0.000000 0.000000 0.000000 0.000000 0.000000 0.000000 0.000000 0.000000 0.000000 0.000000
0.004681 0.033935 0.032571 0.032473 0.045850 0.055983 0.067954 0.078968 0.089509 0.099888 0.105078 0.110000 0.097895 0.016248 -0.011043 0.000000 0.000000 0.000000 0.000000 0.000000 0.000000 0.000000 0.000000 0.000000 0.000000 0.000000 0.000000 0.000000 0.000000 0.000000 0.000000 0.000000 0.000000 0.000000 0.000000 0.000000 0.000000 0.000000 0.000000 0.000000 0.000000 0.000000 0.000000 0.000000 0.000000 0.000000 0.000000 0.000000 0.000000 0.000000
0.001490 0.025557 0.015204 0.020759 0.021608 0.025271 0.029594 0.032565 0.034993 0.036486 0.035923 0.036710 0.030275 0.001025 -0.005003 0.000000 0.000000 0.000000 0.000000 0.000000 0.000000 0.000000 0.000000 0.000000 0.000000 0.000000 0.000000 0.000000 0.000000 0.000000 0.000000 0.000000 0.000000 0.000000 0.000000 0.000000 0.000000 0.000000 0.000000 0.000000 0.000000 0.000000 0.000000 0.000000 0.000000 0.000000 0.000000 0.000000 0.000000 0.000000
0.000712 0.017218 -0.000778 -0.002084 -0.001752 -0.004036 -0.007120 -0.011261 -0.016597 -0.022018 -0.027946 -0.030188 -0.028715 -0.011747 0.029391 0.000000 0.000000 0.000000 0.000000 0.000000 0.000000 0.000000 0.000000 0.000000 0.000000 0.000000 0.000000 0.000000 0.000000 0.000000 0.000000 0.000000 0.000000 0.000000 0.000000 0.000000 0.000000 0.000000 0.000000 0.000000 0.000000 0.000000 0.000000 0.000000 0.000000 0.000000 0.000000 0.000000 0.000000 0.000000
0.030103 0.008009 -0.016729 -0.024518 -0.024947 -0.033654 -0.044663 -0.057085 -0.071776 -0.086673 -0.102580 -0.109045 -0.112111 -0.000472 0.073422 0.000000 0.000000 0.000000 0.000000 0.000000 0.000000 0.000000 0.000000 0.000000 0.000000 0.000000 0.000000 0.000000 0.000000 0.000000 0.000000 0.000000 0.000000 0.000000 0.000000 0.000000 0.000000 0.000000 0.000000 0.000000 0.000000 0.000000 0.000000 0.000000 0.000000 0.000000 0.000000 0.000000 0.000000 0.000000
0.027423 -0.003026 -0.031412 -0.045163 -0.046452 -0.060576 -0.078561 -0.098451 -0.121492 -0.147682 -0.173164 -0.198266 -0.212998 -0.191814 0.232138 0.000000 0.000000 0.000000 0.000000 0.000000 0.000000 0.000000 0.000000 0.000000 0.000000 0.000000 0.000000 0.000000 0.000000 0.000000 0.000000 0.000000 0.000000 0.000000 0.000000 0.000000 0.000000 0.000000 0.000000 0.000000 0.000000 0.000000 0.000000 0.000000 0.000000 0.000000 0.000000 0.000000 0.000000 0.000000
0.015331 -0.009563 -0.043866 -0.044783 -0.065347 -0.084695 -0.109458 -0.137375 -0.172333 -0.215051 -0.272193 -0.347406 -0.456760 -0.984593 -1.005758 -1.247536 -0.939768 -0.929837 -0.792222 -0.600535 -0.378671 -0.207021 -0.119133 0.000000 0.000000 0.000000 0.000000 0.000000 0.000000 0.000000 0.000000 0.000000 0.000000 0.000000 0.000000 0.000000 0.000000 0.000000 0.000000 0.000000 0.000000 0.000000 0.000000 0.000000 0.000000 0.000000 0.000000 0.000000 0.000000 0.000000
0.044007 -0.003658 -0.055288 -0.056921 -0.082031 -0.105744 -0.135508 -0.168751 -0.209499 -0.259423 -0.324429 -0.408447 -0.525357 -0.911730 -1.052438 -1.197491 -0.937771 -0.814909 -0.690179 -0.569368 -0.421347 -0.244305 -0.016526 0.000000 0.000000 0.000000 0.000000 0.000000 0.000000 0.000000 0.000000 0.000000 0.000000 0.000000 0.000000 0.000000 0.000000 0.000000 0.000000 0.000000 0.000000 0.000000 0.000000 0.000000 0.000000 0.000000 0.000000 0.000000 0.000000 0.000000
-0.005197 -0.007510 -0.065305 -0.066821 -0.096428 -0.123541 -0.157502 -0.194740 -0.239778 -0.293153 -0.359647 -0.441777 -0.547936 -0.681609 -0.825475 -0.907448 -0.862920 -0.778630 -0.689422 -0.597444 -0.480140 -0.351299 0.001897 0.000000 0.000000 0.000000 0.000000 0.000000 0.000000 0.000000 0.000000 0.000000 0.000000 0.000000 0.000000 0.000000 0.000000 0.000000 0.000000 0.000000 0.000000 0.000000 0.000000 0.000000 0.000000 0.000000 0.000000 0.000000 0.000000 0.000000
-0.004662 -0.024204 -0.073447 -0.075007 -0.107593 -0.137087 -0.173419 -0.212399 -0.258318 -0.311109 -0.373854 -0.447240 -0.533435 -0.629305 -0.729603 -0.787896 -0.775688 -0.734524 -0.681055 -0.622027 -0.542042 -0.496762 -1.000766 0.000000 0.000000 0.000000 0.000000 0.000000 0.000000 0.000000 0.000000 0.000000 0.000000 0.000000 0.000000 0.000000 0.000000 0.000000 0.000000 0.000000 0.000000 0.000000 0.000000 0.000000 0.000000 0.000000 0.000000 0.000000 0.000000 0.000000
-0.007232 -0.012863 -0.079668 -0.081366 -0.116181 -0.147309 -0.185156 -0.224926 -0.270747 -0.321793 -0.380104 -0.445117 -0.517356 -0.591389 -0.663584 -0.707243 -0.714438 -0.705963 -0.688368 -0.678536 -0.675126 -0.730203 -1.271849 -1.108876 -0.980103 -0.933130 -0.881025 -0.829025 -0.785998 -0.674325 -0.704890 -0.665797 -0.627251 -0.587545 -0.503655 -0.494718 -0.467777 -0.429849 -0.388903 -0.336927 -0.302852 -0.310547 -0.231626 -0.199588 -0.167094 -0.158239 -0.123554 -0.089435 -0.056354 -0.000211
-0.007606 -0.014759 -0.084156 -0.085987 -0.122197 -0.154172 -0.192526 -0.231976 -0.276460 -0.324597 -0.377788 -0.434834 -0.495523 -0.554907 -0.610371 -0.650719 -0.668688 -0.675998 -0.678234 -0.685072 -0.702911 -0.761088 -0.873132 -0.938272 -0.886835 -0.830008 -0.786583 -0.740613 -0.703219 -0.667071 -0.632633 -0.598994 -0.565490 -0.532561 -0.499601 -0.466839 -0.433445 -0.401062 -0.368121 -0.334058 -0.300685 -0.267658 -0.234509 -0.201993 -0.167232 -0.135925 -0.097968 -0.098476 -0.049790 -0.007932
0.020367 -0.016281 -0.089081 -0.124409 -0.126169 -0.158477 -0.196841 -0.235594 -0.278535 -0.323961 -0.372890 -0.424017 -0.476755 -0.527797 -0.574960 -0.612094 -0.637254 -0.655415 -0.670488 -0.688493 -0.713147 -0.750562 -0.809966 -0.851574 -0.836951 -0.808160 -0.771550 -0.739454 -0.702314 -0.669660 -0.635351 -0.602743 -0.569447 -0.536651 -0.503481 -0.470405 -0.437507 -0.404205 -0.370721 -0.337738 -0.304087 -0.270656 -0.236574 -0.203702 -0.168715 -0.137099 -0.100824 -0.098965 -0.052513 -0.003724
0.020405 -0.017573 -0.090899 -0.126420 -0.128319 -0.160529 -0.198429 -0.236091 -0.277215 -0.319885 -0.364990 -0.411228 -0.458118 -0.503297 -0.545419 -0.581372 -0.609997 -0.633873 -0.655888 -0.678983 -0.706991 -0.736686 -0.777037 -0.802526 -0.792420 -0.776128 -0.752692 -0.724670 -0.695331 -0.664611 -0.633105 -0.601325 -0.568942 -0.536506 -0.503699 -0.470834 -0.437657 -0.404581 -0.371193 -0.337742 -0.304115 -0.270744 -0.236647 -0.203663 -0.167940 -0.135922 -0.097874 -0.097465 -0.051295 -0.009859
0.020083 -0.018806 -0.091684 -0.127041 -0.129035 -0.160886 -0.198080 -0.234567 -0.273961 -0.314271 -0.356324 -0.398971 -0.441825 -0.483303 -0.522552 -0.557736 -0.588638 -0.616117 -0.642272 -0.667165 -0.694592 -0.719390 -0.749143 -0.766948 -0.767334 -0.757192 -0.738195 -0.716059 -0.688752 -0.660960 -0.630642 -0.600046 -0.568275 -0.536251 -0.503666 -0.470902 -0.437891 -0.404733 -0.371367 -0.338039 -0.304393 -0.270992 -0.236926 -0.203829 -0.168905 -0.136810 -0.100250 -0.096506 -0.051630 -0.034402
0.019774 -0.020285 -0.091635 -0.126524 -0.128572 -0.159858 -0.196144 -0.231362 -0.269054 -0.307208 -0.346661 -0.386408 -0.426233 -0.465068 -0.502378 -0.537207 -0.569412 -0.599349 -0.628218 -0.655847 -0.683516 -0.708699 -0.731897 -0.747455 -0.748636 -0.742710 -0.728379 -0.708925 -0.685126 -0.658621 -0.629831 -0.599773 -0.568530 -0.536687 -0.504249 -0.471516 -0.438465 -0.405290 -0.371895 -0.338481 -0.304814 -0.271384 -0.237322 -0.204227 -0.169231 -0.137470 -0.100370 -0.097841 -0.054640 0.009754
0.019789 -0.021282 -0.090896 -0.125136 -0.127198 -0.157779 -0.193054 -0.227012 -0.263116 -0.299392 -0.336701 -0.374189 -0.411780 -0.448767 -0.484860 -0.519498 -0.552710 -0.584503 -0.615581 -0.645428 -0.674457 -0.700294 -0.722948 -0.737449 -0.742109 -0.737950 -0.725367 -0.707571 -0.684493 -0.658745 -0.630278 -0.600423 -0.569258 -0.537390 -0.504902 -0.472080 -0.438952 -0.405678 -0.372209 -0.338726 -0.305003 -0.271479 -0.237378 -0.204124 -0.169076 -0.136992 -0.099880 -0.096032 -0.052099 -0.008290
0.019752 -0.021876 -0.089617 -0.123061 -0.125088 -0.154876 -0.189052 -0.221745 -0.256323 -0.290881 -0.326306 -0.361875 -0.397640 -0.433162 -0.468284 -0.502855 -0.536879 -0.570238 -0.603275 -0.635580 -0.666718 -0.695232 -0.718135 -0.735994 -0.740821 -0.738026 -0.726483 -0.709111 -0.686704 -0.660914 -0.632543 -0.602463 -0.571149 -0.539056 -0.506386 -0.473394 -0.440113 -0.406725 -0.373166 -0.339599 -0.305863 -0.272273 -0.238305 -0.204948 -0.170370 -0.138009 -0.101149 -0.098389 -0.053988 -0.016840
-0.002286 -0.022163 -0.087948 -0.120461 -0.122412 -0.151357 -0.184369 -0.215812 -0.248928 -0.281903 -0.315647 -0.349551 -0.383788 -0.418105 -0.452540 -0.487012 -0.521842 -0.556964 -0.592761 -0.628540 -0.664532 -0.696698 -0.726906 -0.746588 -0.753587 -0.750449 -0.737305 -0.718331 -0.693837 -0.666487 -0.636777 -0.605660 -0.573542 -0.540799 -0.507632 -0.474247 -0.440654 -0.407020 -0.373268 -0.339524 -0.305645 -0.271882 -0.237756 -0.204086 -0.169305 -0.135782 -0.099808 -0.096068 -0.050637 -0.007988
0.001288 -0.046300 -0.083728 -0.085975 -0.119304 -0.147364 -0.179160 -0.209348 -0.241021 -0.272462 -0.304591 -0.336884 -0.369631 -0.402785 -0.436443 -0.470595 -0.505842 -0.542388 -0.580773 -0.620456 -0.662105 -0.700124 -0.737726 -0.763387 -0.768313 -0.764113 -0.748998 -0.727735 -0.701958 -0.672915 -0.642171 -0.609911 -0.577015 -0.543641 -0.510001 -0.476317 -0.442444 -0.408661 -0.374785 -0.340894 -0.307048 -0.273235 -0.239498 -0.205593 -0.171148 -0.137351 -0.101767 -0.098781 -0.040971 -0.003650
0.020967 -0.045596 -0.081501 -0.083806 -0.115875 -0.143027 -0.173570 -0.202503 -0.232745 -0.262687 -0.293248 -0.323989 -0.355301 -0.387089 -0.419832 -0.453808 -0.489594 -0.527941 -0.569781 -0.615480 -0.664950 -0.715947 -0.768152 -0.803114 -0.809407 -0.800198 -0.777423 -0.750260 -0.717678 -0.684317 -0.649875 -0.615358 -0.580621 -0.545877 -0.511219 -0.476686 -0.442129 -0.407774 -0.373401 -0.339030 -0.304740 -0.270590 -0.236427 -0.202419 -0.168227 -0.134277 -0.098666 -0.098119 -0.056850 -0.010038
0.003747 -0.058992 -0.079083 -0.081494 -0.112240 -0.138440 -0.167704 -0.195356 -0.224144 -0.252531 -0.281428 -0.310443 -0.339927 -0.369922 -0.400989 -0.433499 -0.468478 -0.506981 -0.550442 -0.599775 -0.659906 -0.724627 -0.802680 -0.853260 -0.844770 -0.827046 -0.798030 -0.763631 -0.728956 -0.692118 -0.656384 -0.619764 -0.583955 -0.548440 -0.513245 -0.478596 -0.443758 -0.409447 -0.375179 -0.340481 -0.306777 -0.272852 -0.238518 -0.204798 -0.172446 -0.140295 -0.107122 -0.107824 -0.082351 -0.026814
0.003032 -0.025276 -0.076529 -0.078976 -0.108496 -0.133698 -0.161705 -0.188084 -0.215401 -0.242230 -0.269425 -0.296654 -0.324301 -0.352571 -0.381864 -0.413073 -0.447472 -0.486560 -0.532638 -0.588725 -0.661285 -0.752373 -0.862000 -0.938869 -0.937712 -0.898005 -0.845869 -0.798509 -0.749293 -0.706402 -0.664702 -0.626279 -0.588231 -0.551261 -0.515350 -0.479608 -0.444171 -0.409076 -0.374417 -0.339612 -0.304783 -0.270105 -0.235891 -0.200642 -0.165951 -0.127838 -0.093466 -0.096761 -0.000135 0.001462
0.017414 -0.042637 -0.073996 -0.076409 -0.104758 -0.128911 -0.155651 -0.180706 -0.206564 -0.231695 -0.257013 -0.282103 -0.307324 -0.332737 -0.358717 -0.386259 -0.415994 -0.449859 -0.490520 -0.544189 -0.619881 -0.743436 -0.948381 -1.097676 -1.014228 -0.917658 -0.863291 -0.798584 -0.751235 -0.705460 -0.665772 -0.622520 -0.584184 -0.547560 -0.512091 -0.478028 -0.443038 -0.409682 -0.375762 -0.338887 -0.307278 -0.272351 -0.234707 -0.200154 -0.168771 -0.138820 -0.114984 -0.129988 -0.027063 -0.004038
-0.017337 -0.046087 -0.071242 -0.073951 -0.100926 -0.124160 -0.149754 -0.173617 -0.197893 -0.221415 -0.244871 -0.267879 -0.290753 -0.313448 -0.336536 -0.360634 -0.386176 -0.415275 -0.450368 -0.498754 -0.569519 -0.701291 -1.531486 -1.204504 -1.080531 -0.853285 -0.753242 -0.690194 -0.644599 -0.619350 -0.557957 -0.510682 -0.503849 -0.468942 -0.435811 -0.401936 -0.368439 -0.328957 -0.308303 -0.275065 -0.224559 -0.221961 -0.246866 -0.151859 -0.123641 -0.077410 -0.052917 -0.031113 -0.045430 -0.008220
0.004879 -0.025477 -0.068986 -0.071543 -0.097539 -0.119735 -0.144792 -0.166641 -0.189637 -0.211225 -0.242427 -0.265491 -0.288248 -0.310787 -0.310505 -0.327987 -0.344228 -0.359641 -0.373039 -0.382557 -0.381749 -0.356605 -0.185816 -1.096395 -0.627776 -0.820573 -0.757291 -0.694286 -0.618189 -0.566437 -0.500676 -0.484474 -0.516989 -0.454965 -0.382361 -0.265869 -0.326319 -0.294407 -0.276271 -0.264363 -0.282503 -0.181213 -0.227290 -0.192280 -0.160591 -0.127719 -0.080264 -0.058334 -0.029421 0.032748
-0.003249 -0.042098 -0.067275 -0.069343 -0.094211 -0.116429 -0.138813 -0.160164 -0.181625 -0.201878 -0.221510 -0.240001 -0.257315 -0.273393 -0.287846 -0.300394 -0.310000 -0.316838 -0.316364 -0.308910 -0.277018 -0.213123 0.059210 0.000000 0.000000 0.000000 0.000000 0.000000 0.000000 0.000000 0.000000 0.000000 0.000000 0.000000 0.000000 0.000000 0.000000 0.000000 0.000000 0.000000 0.000000 0.000000 0.000000 0.000000 0.000000 0.000000 0.000000 0.000000 0.000000 0.000000
-0.017268 -0.036613 -0.064905 -0.067062 -0.091839 -0.111629 -0.134575 -0.154103 -0.174473 -0.193068 -0.210919 -0.227196 -0.241875 -0.254634 -0.265012 -0.272325 -0.275892 -0.274403 -0.265616 -0.246421 -0.208217 -0.151988 -0.042982 0.000000 0.000000 0.000000 0.000000 0.000000 0.000000 0.000000 0.000000 0.000000 0.000000 0.000000 0.000000 0.000000 0.000000 0.000000 0.000000 0.000000 0.000000 0.000000 0.000000 0.000000 0.000000 0.000000 0.000000 0.000000 0.000000 0.000000
-0.017719 -0.034632 -0.064884 -0.065908 -0.088873 -0.109335 -0.130044 -0.149368 -0.168371 -0.185916 -0.202287 -0.216893 -0.229630 -0.240052 -0.247467 -0.251282 -0.250372 -0.244043 -0.229212 -0.204789 -0.164971 -0.112471 -0.029484 0.000000 0.000000 0.000000 0.000000 0.000000 0.000000 0.000000 0.000000 0.000000 0.000000 0.000000 0.000000 0.000000 0.000000 0.000000 0.000000 0.000000 0.000000 0.000000 0.000000 0.000000 0.000000 0.000000 0.000000 0.000000 0.000000 0.000000
-0.004496 -0.022725 -0.061956 -0.063734 -0.086889 -0.105602 -0.126434 -0.144859 -0.163111 -0.179372 -0.194404 -0.207389 -0.218228 -0.226305 -0.231027 -0.231851 -0.227815 -0.217839 -0.200178 -0.174597 -0.137438 -0.095805 -0.036489 0.000000 0.000000 0.000000 0.000000 0.000000 0.000000 0.000000 0.000000 0.000000 0.000000 0.000000 0.000000 0.000000 0.000000 0.000000 0.000000 0.000000 0.000000 0.000000 0.000000 0.000000 0.000000 0.000000 0.000000 0.000000 0.000000 0.000000
-0.010246 -0.031146 -0.062168 -0.084098 -0.086535 -0.105225 -0.126597 -0.144507 -0.162872 -0.179141 -0.194137 -0.207060 -0.217797 -0.225684 -0.230248 -0.230860 -0.226788 -0.216362 -0.199492 -0.172026 -0.137285 -0.083918 -0.022896 0.000000 0.000000 0.000000 0.000000 0.000000 0.000000 0.000000 0.000000 0.000000 0.000000 0.000000 0.000000 0.000000 0.000000 0.000000 0.000000 0.000000 0.000000 0.000000 0.000000 0.000000 0.000000 0.000000 0.000000 0.000000 0.000000 0.000000
-0.002200 -0.031238 -0.059991 -0.080106 -0.102009 -0.123917 -0.139074 -0.165143 -0.181906 -0.193471 -0.192165 -0.220472 -0.228709 -0.232332 -0.233632 -0.230621 -0.222851 -0.194285 -0.180272 -0.141763 -0.108946 -0.058527 -0.006692 0.000000 0.000000 0.000000 0.000000 0.000000 0.000000 0.000000 0.000000 0.000000 0.000000 0.000000 0.000000 0.000000 0.000000 0.000000 0.000000 0.000000 0.000000 0.000000 0.000000 0.000000 0.000000 0.000000 0.000000 0.000000 0.000000 0.000000
-0.001496 -0.042628 -0.054931 -0.071486 -0.088935 -0.106607 -0.168438 -0.192084 -0.205560 -0.169698 -0.180525 -0.211810 -0.214755 -0.214122 -0.183066 -0.211032 -0.198003 -0.222979 -0.158139 -0.146822 -0.122046 -0.055576 -0.030337 0.000000 0.000000 0.000000 0.000000 0.000000 0.000000 0.000000 0.000000 0.000000 0.000000 0.000000 0.000000 0.000000 0.000000 0.000000 0.000000 0.000000 0.000000 0.000000 0.000000 0.000000 0.000000 0.000000 0.000000 0.000000 0.000000 0.000000
