0.004230 0.017176 0.013847 0.016458 0.006059 -0.004024 0.000963 -0.006065 -0.056718 0.001831 0.000000 0.000000 0.000000 0.000000 0.000000 0.000000 0.000000 0.000000 0.000000 0.000000 0.000000 0.000000 0.000000 0.000000 0.000000 0.000000 0.000000 0.000000 0.000000 0.000000 0.000000 0.000000 0.000000 0.000000 0.000000 0.000000 0.000000 0.000000 0.000000 0.000000 0.000000 0.000000 0.000000 0.000000 0.000000 0.000000 0.000000 0.000000 0.000000 0.000000
0.002367 -0.022277 0.004001 -0.021414 -0.004858 -0.054863 0.009021 0.020189 0.011836 -0.006691 0.000000 0.000000 0.000000 0.000000 0.000000 0.000000 0.000000 0.000000 0.000000 0.000000 0.000000 0.000000 0.000000 0.000000 0.000000 0.000000 0.000000 0.000000 0.000000 0.000000 0.000000 0.000000 0.000000 0.000000 0.000000 0.000000 0.000000 0.000000 0.000000 0.000000 0.000000 0.000000 0.000000 0.000000 0.000000 0.000000 0.000000 0.000000 0.000000 0.000000
-0.004704 0.000776 0.003697 -0.010969 -0.004064 0.021646 0.001329 0.034092 0.005523 0.029309 0.000000 0.000000 0.000000 0.000000 0.000000 0.000000 0.000000 0.000000 0.000000 0.000000 0.000000 0.000000 0.000000 0.000000 0.000000 0.000000 0.000000 0.000000 0.000000 0.000000 0.000000 0.000000 0.000000 0.000000 0.000000 0.000000 0.000000 0.000000 0.000000 0.000000 0.000000 0.000000 0.000000 0.000000 0.000000 0.000000 0.000000 0.000000 0.000000 0.000000
0.000333 -0.019756 -0.000181 0.000909 -0.006873 0.013392 -0.008249 -0.007489 0.029289 0.028086 0.000000 0.000000 0.000000 0.000000 0.000000 0.000000 0.000000 0.000000 0.000000 0.000000 0.000000 0.000000 0.000000 0.000000 0.000000 0.000000 0.000000 0.000000 0.000000 0.000000 0.000000 0.000000 0.000000 0.000000 0.000000 0.000000 0.000000 0.000000 0.000000 0.000000 0.000000 0.000000 0.000000 0.000000 0.000000 0.000000 0.000000 0.000000 0.000000 0.000000
-0.000870 0.019282 0.006245 0.003213 -0.003602 0.010482 -0.005368 0.046727 -0.017354 0.005457 0.000000 0.000000 0.000000 0.000000 0.000000 0.000000 0.000000 0.000000 0.000000 0.000000 0.000000 0.000000 0.000000 0.000000 0.000000 0.000000 0.000000 0.000000 0.000000 0.000000 0.000000 0.000000 0.000000 0.000000 0.000000 0.000000 0.000000 0.000000 0.000000 0.000000 0.000000 0.000000 0.000000 0.000000 0.000000 0.000000 0.000000 0.000000 0.000000 0.000000
0.008341 0.005268 0.003890 -0.000516 0.000208 0.008949 -0.001471 -0.002821 -0.004204 -0.002492 0.000000 0.000000 0.000000 0.000000 0.000000 0.000000 0.000000 0.000000 0.000000 0.000000 0.000000 0.000000 0.000000 0.000000 0.000000 0.000000 0.000000 0.000000 0.000000 0.000000 0.000000 0.000000 0.000000 0.000000 0.000000 0.000000 0.000000 0.000000 0.000000 0.000000 0.000000 0.000000 0.000000 0.000000 0.000000 0.000000 0.000000 0.000000 0.000000 0.000000
-0.001034 0.007503 0.004687 0.003348 0.002443 0.004803 0.001299 0.040586 0.039060 0.053151 0.000000 0.000000 0.000000 0.000000 0.000000 0.000000 0.000000 0.000000 0.000000 0.000000 0.000000 0.000000 0.000000 0.000000 0.000000 0.000000 0.000000 0.000000 0.000000 0.000000 0.000000 0.000000 0.000000 0.000000 0.000000 0.000000 0.000000 0.000000 0.000000 0.000000 0.000000 0.000000 0.000000 0.000000 0.000000 0.000000 0.000000 0.000000 0.000000 0.000000
0.010136 0.005586 0.004099 0.001527 0.001719 0.004159 0.000695 0.040191 0.024562 0.005681 0.000000 0.000000 0.000000 0.000000 0.000000 0.000000 0.000000 0.000000 0.000000 0.000000 0.000000 0.000000 0.000000 0.000000 0.000000 0.000000 0.000000 0.000000 0.000000 0.000000 0.000000 0.000000 0.000000 0.000000 0.000000 0.000000 0.000000 0.000000 0.000000 0.000000 0.000000 0.000000 0.000000 0.000000 0.000000 0.000000 0.000000 0.000000 0.000000 0.000000
0.008907 0.008127 0.005177 0.003823 0.004806 0.005520 0.006966 -0.031651 0.004408 -0.003839 0.000000 0.000000 0.000000 0.000000 0.000000 0.000000 0.000000 0.000000 0.000000 0.000000 0.000000 0.000000 0.000000 0.000000 0.000000 0.000000 0.000000 0.000000 0.000000 0.000000 0.000000 0.000000 0.000000 0.000000 0.000000 0.000000 0.000000 0.000000 0.000000 0.000000 0.000000 0.000000 0.000000 0.000000 0.000000 0.000000 0.000000 0.000000 0.000000 0.000000
0.007098 0.007194 0.006356 0.005418 0.005541 0.008954 0.007461 0.052829 0.008093 0.000003 0.000000 0.000000 0.000000 0.000000 0.000000 0.000000 0.000000 0.000000 0.000000 0.000000 0.000000 0.000000 0.000000 0.000000 0.000000 0.000000 0.000000 0.000000 0.000000 0.000000 0.000000 0.000000 0.000000 0.000000 0.000000 0.000000 0.000000 0.000000 0.000000 0.000000 0.000000 0.000000 0.000000 0.000000 0.000000 0.000000 0.000000 0.000000 0.000000 0.000000
-0.001123 0.010560 0.008164 0.006168 0.009823 0.014014 0.013678 0.049292 -0.003145 -0.000922 0.000000 0.000000 0.000000 0.000000 0.000000 0.000000 0.000000 0.000000 0.000000 0.000000 0.000000 0.000000 0.000000 0.000000 0.000000 0.000000 0.000000 0.000000 0.000000 0.000000 0.000000 0.000000 0.000000 0.000000 0.000000 0.000000 0.000000 0.000000 0.000000 0.000000 0.000000 0.000000 0.000000 0.000000 0.000000 0.000000 0.000000 0.000000 0.000000 0.000000
0.003270 -0.000410 0.009024 0.012130 0.014327 0.013441 0.013478 0.017585 -0.003961 0.000132 0.000000 0.000000 0.000000 0.000000 0.000000 0.000000 0.000000 0.000000 0.000000 0.000000 0.000000 0.000000 0.000000 0.000000 0.000000 0.000000 0.000000 0.000000 0.000000 0.000000 0.000000 0.000000 0.000000 0.000000 0.000000 0.000000 0.000000 0.000000 0.000000 0.000000 0.000000 0.000000 0.000000 0.000000 0.000000 0.000000 0.000000 0.000000 0.000000 0.000000
-0.001988 0.032323 0.012255 0.015816 0.015852 0.016743 0.013658 -0.013393 -0.030944 -0.005127 0.000000 0.000000 0.000000 0.000000 0.000000 0.000000 0.000000 0.000000 0.000000 0.000000 0.000000 0.000000 0.000000 0.000000 0.000000 0.000000 0.000000 0.000000 0.000000 0.000000 0.000000 0.000000 0.000000 0.000000 0.000000 0.000000 0.000000 0.000000 0.000000 0.000000 0.000000 0.000000 0.000000 0.000000 0.000000 0.000000 0.000000 0.000000 0.000000 0.000000
0.001302 0.002708 0.014560 0.016312 0.019585 0.023278 0.025392 -0.000649 0.009689 0.002944 0.000000 0.000000 0.000000 0.000000 0.000000 0.000000 0.000000 0.000000 0.000000 0.000000 0.000000 0.000000 0.000000 0.000000 0.000000 0.000000 0.000000 0.000000 0.000000 0.000000 0.000000 0.000000 0.000000 0.000000 0.000000 0.000000 0.000000 0.000000 0.000000 0.000000 0.000000 0.000000 0.000000 0.000000 0.000000 0.000000 0.000000 0.000000 0.000000 0.000000
0.006770 0.004404 0.017681 0.019621 0.024201 0.029309 0.031988 0.038792 0.010318 0.000992 0.000000 0.000000 0.000000 0.000000 0.000000 0.000000 0.000000 0.000000 0.000000 0.000000 0.000000 0.000000 0.000000 0.000000 0.000000 0.000000 0.000000 0.000000 0.000000 0.000000 0.000000 0.000000 0.000000 0.000000 0.000000 0.000000 0.000000 0.000000 0.000000 0.000000 0.000000 0.000000 0.000000 0.000000 0.000000 0.000000 0.000000 0.000000 0.000000 0.000000
0.009311 0.006500 0.020663 0.023160 0.029553 0.034284 0.039768 -0.008632 0.048356 -0.000270 0.000000 0.000000 0.000000 0.000000 0.000000 0.000000 0.000000 0.000000 0.000000 0.000000 0.000000 0.000000 0.000000 0.000000 0.000000 0.000000 0.000000 0.000000 0.000000 0.000000 0.000000 0.000000 0.000000 0.000000 0.000000 0.000000 0.000000 0.000000 0.000000 0.000000 0.000000 0.000000 0.000000 0.000000 0.000000 0.000000 0.000000 0.000000 0.000000 0.000000
0.002292 0.007521 0.024664 0.026222 0.034959 0.039113 0.043918 0.005561 0.011496 -0.002263 0.000000 0.000000 0.000000 0.000000 0.000000 0.000000 0.000000 0.000000 0.000000 0.000000 0.000000 0.000000 0.000000 0.000000 0.000000 0.000000 0.000000 0.000000 0.000000 0.000000 0.000000 0.000000 0.000000 0.000000 0.000000 0.000000 0.000000 0.000000 0.000000 0.000000 0.000000 0.000000 0.000000 0.000000 0.000000 0.000000 0.000000 0.000000 0.000000 0.000000
0.004931 0.010065 0.029424 0.030812 0.039865 0.044973 0.052906 0.023112 0.003616 0.001049 0.000000 0.000000 0.000000 0.000000 0.000000 0.000000 0.000000 0.000000 0.000000 0.000000 0.000000 0.000000 0.000000 0.000000 0.000000 0.000000 0.000000 0.000000 0.000000 0.000000 0.000000 0.000000 0.000000 0.000000 0.000000 0.000000 0.000000 0.000000 0.000000 0.000000 0.000000 0.000000 0.000000 0.000000 0.000000 0.000000 0.000000 0.000000 0.000000 0.000000
0.005231 0.011859 0.033799 0.036799 0.049944 0.054019 0.066267 0.046612 0.010442 0.005408 0.000000 0.000000 0.000000 0.000000 0.000000 0.000000 0.000000 0.000000 0.000000 0.000000 0.000000 0.000000 0.000000 0.000000 0.000000 0.000000 0.000000 0.000000 0.000000 0.000000 0.000000 0.000000 0.000000 0.000000 0.000000 0.000000 0.000000 0.000000 0.000000 0.000000 0.000000 0.000000 0.000000 0.000000 0.000000 0.000000 0.000000 0.000000 0.000000 0.000000
0.008908 0.014727 0.039099 0.042479 0.057415 0.062581 0.078003 0.094372 0.035102 0.011419 0.000000 0.000000 0.000000 0.000000 0.000000 0.000000 0.000000 0.000000 0.000000 0.000000 0.000000 0.000000 0.000000 0.000000 0.000000 0.000000 0.000000 0.000000 0.000000 0.000000 0.000000 0.000000 0.000000 0.000000 0.000000 0.000000 0.000000 0.000000 0.000000 0.000000 0.000000 0.000000 0.000000 0.000000 0.000000 0.000000 0.000000 0.000000 0.000000 0.000000
0.008314 0.015435 0.044998 0.048693 0.067795 0.073191 0.093026 0.116981 0.052279 0.019810 0.000000 0.000000 0.000000 0.000000 0.000000 0.000000 0.000000 0.000000 0.000000 0.000000 0.000000 0.000000 0.000000 0.000000 0.000000 0.000000 0.000000 0.000000 0.000000 0.000000 0.000000 0.000000 0.000000 0.000000 0.000000 0.000000 0.000000 0.000000 0.000000 0.000000 0.000000 0.000000 0.000000 0.000000 0.000000 0.000000 0.000000 0.000000 0.000000 0.000000
0.008212 0.021017 0.051558 0.055381 0.075744 0.084807 0.113240 0.129961 0.050737 0.005608 0.000000 0.000000 0.000000 0.000000 0.000000 0.000000 0.000000 0.000000 0.000000 0.000000 0.000000 0.000000 0.000000 0.000000 0.000000 0.000000 0.000000 0.000000 0.000000 0.000000 0.000000 0.000000 0.000000 0.000000 0.000000 0.000000 0.000000 0.000000 0.000000 0.000000 0.000000 0.000000 0.000000 0.000000 0.000000 0.000000 0.000000 0.000000 0.000000 0.000000
0.009414 0.024017 0.058654 0.062884 0.087308 0.098239 0.133442 0.133231 0.031347 0.000299 0.000000 0.000000 0.000000 0.000000 0.000000 0.000000 0.000000 0.000000 0.000000 0.000000 0.000000 0.000000 0.000000 0.000000 0.000000 0.000000 0.000000 0.000000 0.000000 0.000000 0.000000 0.000000 0.000000 0.000000 0.000000 0.000000 0.000000 0.000000 0.000000 0.000000 0.000000 0.000000 0.000000 0.000000 0.000000 0.000000 0.000000 0.000000 0.000000 0.000000
0.006653 0.029399 0.066205 0.069529 0.099419 0.112572 0.158166 0.170092 0.041901 0.001330 0.000000 0.000000 0.000000 0.000000 0.000000 0.000000 0.000000 0.000000 0.000000 0.000000 0.000000 0.000000 0.000000 0.000000 0.000000 0.000000 0.000000 0.000000 0.000000 0.000000 0.000000 0.000000 0.000000 0.000000 0.000000 0.000000 0.000000 0.000000 0.000000 0.000000 0.000000 0.000000 0.000000 0.000000 0.000000 0.000000 0.000000 0.000000 0.000000 0.000000
0.009094 0.038699 0.072904 0.078209 0.111327 0.130120 0.181923 0.195149 0.103790 0.048375 0.000000 0.000000 0.000000 0.000000 0.000000 0.000000 0.000000 0.000000 0.000000 0.000000 0.000000 0.000000 0.000000 0.000000 0.000000 0.000000 0.000000 0.000000 0.000000 0.000000 0.000000 0.000000 0.000000 0.000000 0.000000 0.000000 0.000000 0.000000 0.000000 0.000000 0.000000 0.000000 0.000000 0.000000 0.000000 0.000000 0.000000 0.000000 0.000000 0.000000
0.021882 0.040051 0.080538 0.083929 0.122911 0.145149 0.210979 0.299376 0.085287 0.005633 0.000000 0.000000 0.000000 0.000000 0.000000 0.000000 0.000000 0.000000 0.000000 0.000000 0.000000 0.000000 0.000000 0.000000 0.000000 0.000000 0.000000 0.000000 0.000000 0.000000 0.000000 0.000000 0.000000 0.000000 0.000000 0.000000 0.000000 0.000000 0.000000 0.000000 0.000000 0.000000 0.000000 0.000000 0.000000 0.000000 0.000000 0.000000 0.000000 0.000000
0.003321 0.035272 0.077746 0.127614 0.162275 0.159577 0.243835 0.271061 0.105659 0.011743 0.000000 0.000000 0.000000 0.000000 0.000000 0.000000 0.000000 0.000000 0.000000 0.000000 0.000000 0.000000 0.000000 0.000000 0.000000 0.000000 0.000000 0.000000 0.000000 0.000000 0.000000 0.000000 0.000000 0.000000 0.000000 0.000000 0.000000 0.000000 0.000000 0.000000 0.000000 0.000000 0.000000 0.000000 0.000000 0.000000 0.000000 0.000000 0.000000 0.000000
0.007278 0.035776 0.088394 0.090154 0.131196 0.166905 0.237489 0.404611 0.568941 0.184259 0.000000 0.000000 0.000000 0.000000 0.000000 0.000000 0.000000 0.000000 0.000000 0.000000 0.000000 0.000000 0.000000 0.000000 0.000000 0.000000 0.000000 0.000000 0.000000 0.000000 0.000000 0.000000 0.000000 0.000000 0.000000 0.000000 0.000000 0.000000 0.000000 0.000000 0.000000 0.000000 0.000000 0.000000 0.000000 0.000000 0.000000 0.000000 0.000000 0.000000
0.006623 0.033098 0.085442 0.087514 0.127017 0.161759 0.218230 0.283572 0.781139 0.010597 -0.001066 0.010572 0.006477 0.006893 0.005930 0.002074 -0.001820 0.001006 0.003871 0.000367 0.000394 0.000658 0.001209 0.001572 -0.000045 0.000753 0.000416 0.000059 0.000727 0.000407 0.000346 -0.000201 0.000257 0.000041 0.000045 -0.000050 -0.000077 0.000009 0.000019 0.000088 0.000076 0.000066 -0.000017 0.000048 -0.000005 0.000009 0.000001 0.000013 0.000022 0.000009
0.011251 0.029926 0.077407 0.078891 0.111372 0.138493 0.176169 0.206484 0.232654 0.172590 0.097050 0.053327 0.035139 0.022565 0.016400 0.011625 0.008925 0.006821 0.005422 0.004326 0.003120 0.002898 0.002395 0.001992 0.001666 0.001400 0.001181 0.001000 0.000850 0.000725 0.000619 0.000530 0.000455 0.000391 0.000336 0.000288 0.000249 0.000217 0.000189 0.000165 0.000145 0.000127 0.000113 0.000101 0.000092 0.000082 0.000081 0.000073 0.000097 0.000056
0.001154 0.025868 0.068427 0.069334 0.096809 0.118483 0.143563 0.159879 0.162235 0.135879 0.089222 0.061687 0.041420 0.030606 0.022343 0.017125 0.013181 0.010364 0.008250 0.006657 0.005228 0.004438 0.003671 0.003056 0.002558 0.002152 0.001818 0.001540 0.001309 0.001115 0.000953 0.000816 0.000700 0.000601 0.000519 0.000448 0.000388 0.000336 0.000292 0.000255 0.000224 0.000198 0.000176 0.000158 0.000143 0.000132 0.000123 0.000122 0.000135 0.000122
0.007623 0.021757 0.058782 0.059676 0.080658 0.097889 0.114718 0.124411 0.127131 0.109048 0.083787 0.062756 0.047385 0.035750 0.027353 0.021288 0.016747 0.013360 0.010762 0.008762 0.007036 0.005945 0.004945 0.004135 0.003474 0.002930 0.002481 0.002106 0.001793 0.001531 0.001309 0.001122 0.000963 0.000829 0.000714 0.000616 0.000533 0.000463 0.000403 0.000352 0.000309 0.000272 0.000242 0.000217 0.000197 0.000181 0.000168 0.000167 0.000188 0.000173
0.003570 0.018296 0.049748 0.050376 0.068588 0.081117 0.093013 0.099500 0.098069 0.089064 0.072087 0.059259 0.046048 0.037115 0.029216 0.023586 0.018923 0.015408 0.012575 0.010356 0.008503 0.007132 0.005964 0.005010 0.004225 0.003575 0.003035 0.002582 0.002203 0.001883 0.001613 0.001383 0.001189 0.001024 0.000883 0.000763 0.000661 0.000573 0.000499 0.000436 0.000383 0.000338 0.000300 0.000270 0.000244 0.000225 0.000209 0.000208 0.000214 0.000211
0.002958 0.014892 0.041729 0.042281 0.056310 0.066622 0.075542 0.079994 0.080074 0.074043 0.064111 0.054142 0.044601 0.036796 0.030014 0.024690 0.020243 0.016727 0.013842 0.011524 0.009625 0.008074 0.006796 0.005740 0.004862 0.004130 0.003516 0.003000 0.002565 0.002196 0.001884 0.001619 0.001393 0.001200 0.001036 0.000896 0.000776 0.000674 0.000587 0.000513 0.000451 0.000398 0.000354 0.000317 0.000287 0.000265 0.000246 0.000245 0.000266 0.000240
0.002429 0.012141 0.034874 0.035303 0.047024 0.054872 0.061633 0.065217 0.064903 0.061718 0.054783 0.048393 0.040979 0.035001 0.029259 0.024655 0.020603 0.017308 0.014520 0.012224 0.010306 0.008713 0.007383 0.006270 0.005336 0.004550 0.003887 0.003326 0.002850 0.002446 0.002102 0.001809 0.001558 0.001344 0.001162 0.001005 0.000872 0.000757 0.000660 0.000577 0.000507 0.000448 0.000398 0.000358 0.000324 0.000298 0.000277 0.000276 0.000295 0.000223
0.001126 0.009894 0.028922 0.029364 0.038641 0.045366 0.050754 0.053607 0.054018 0.051972 0.047708 0.042947 0.037553 0.032685 0.027985 0.023977 0.020388 0.017362 0.014750 0.012549 0.010678 0.009098 0.007760 0.006628 0.005668 0.004853 0.004160 0.003571 0.003068 0.002639 0.002272 0.001958 0.001689 0.001459 0.001262 0.001093 0.000949 0.000825 0.000719 0.000629 0.000553 0.000489 0.000435 0.000391 0.000354 0.000326 0.000303 0.000302 0.000320 0.000252
0.000372 0.012233 0.024020 0.024405 0.032076 0.037507 0.041806 0.044315 0.044840 0.043793 0.040921 0.037681 0.033648 0.029904 0.026102 0.022744 0.019641 0.016946 0.014568 0.012519 0.010747 0.009226 0.007922 0.006804 0.005847 0.005027 0.004325 0.003724 0.003208 0.002766 0.002386 0.002060 0.001780 0.001539 0.001333 0.001156 0.001004 0.000873 0.000762 0.000667 0.000587 0.000519 0.000462 0.000415 0.000376 0.000346 0.000322 0.000321 0.000331 0.000267
0.001318 0.007820 0.018349 0.024639 0.029932 0.033968 0.036708 0.036826 0.037585 0.037206 0.035377 0.033031 0.030050 0.027099 0.024031 0.021224 0.018580 0.016215 0.014074 0.012207 0.010575 0.009144 0.007902 0.006824 0.005893 0.005088 0.004395 0.003795 0.003279 0.002833 0.002449 0.002118 0.001833 0.001586 0.001375 0.001193 0.001037 0.000903 0.000789 0.000691 0.000608 0.000538 0.000479 0.000430 0.000390 0.000360 0.000334 0.000333 0.000339 0.000382
-0.001342 0.012770 0.016494 0.016862 0.022088 0.025838 0.028762 0.030705 0.031547 0.031403 0.030272 0.028646 0.026476 0.024206 0.021793 0.019485 0.017263 0.015224 0.013357 0.011683 0.010189 0.008869 0.007708 0.006691 0.005803 0.005031 0.004359 0.003776 0.003270 0.002832 0.002453 0.002126 0.001842 0.001598 0.001387 0.001205 0.001048 0.000913 0.000798 0.000699 0.000616 0.000545 0.000485 0.000436 0.000396 0.000365 0.000339 0.000337 0.000351 0.000388
0.000160 0.010000 0.013665 0.014025 0.018249 0.021429 0.023944 0.025641 0.026519 0.026598 0.025931 0.024791 0.023207 0.021452 0.019547 0.017661 0.015810 0.014071 0.012451 0.010974 0.009628 0.008441 0.007376 0.006435 0.005605 0.004877 0.004240 0.003683 0.003198 0.002776 0.002410 0.002091 0.001815 0.001576 0.001370 0.001191 0.001037 0.000905 0.000791 0.000694 0.000611 0.000541 0.000482 0.000433 0.000393 0.000363 0.000337 0.000335 0.000329 0.000303
0.001206 0.005998 0.011296 0.011560 0.015199 0.017817 0.019845 0.021369 0.022223 0.022441 0.022075 0.021294 0.020141 0.018798 0.017303 0.015778 0.014252 0.012788 0.011402 0.010118 0.008933 0.007875 0.006916 0.006060 0.005300 0.004628 0.004036 0.003516 0.003060 0.002662 0.002315 0.002012 0.001749 0.001521 0.001323 0.001151 0.001003 0.000876 0.000766 0.000672 0.000592 0.000525 0.000468 0.000421 0.000382 0.000352 0.000327 0.000326 0.000323 0.000310
0.000972 0.005115 0.009289 0.009602 0.012421 0.014662 0.016472 0.017762 0.018562 0.018855 0.018688 0.018165 0.017331 0.016308 0.015139 0.013913 0.012666 0.011445 0.010274 0.009173 0.008124 0.007215 0.006366 0.005601 0.004916 0.004307 0.003766 0.003290 0.002870 0.002501 0.002179 0.001897 0.001651 0.001437 0.001252 0.001091 0.000951 0.000831 0.000727 0.000639 0.000563 0.000499 0.000445 0.000400 0.000363 0.000335 0.000312 0.000311 0.000308 0.000297
0.003497 0.004397 0.007625 0.007788 0.010329 0.012131 0.013542 0.014637 0.015361 0.015673 0.015629 0.015284 0.014686 0.013913 0.013008 0.012035 0.011027 0.010026 0.009051 0.008124 0.007235 0.006450 0.005713 0.005045 0.004442 0.003903 0.003422 0.002995 0.002619 0.002287 0.001995 0.001739 0.001516 0.001321 0.001151 0.001004 0.000876 0.000766 0.000671 0.000589 0.000520 0.000461 0.000411 0.000370 0.000336 0.000310 0.000288 0.000287 0.000287 0.000280
0.002540 0.003484 0.006126 0.006429 0.008235 0.009723 0.010947 0.011934 0.012570 0.012900 0.012933 0.012720 0.012296 0.011718 0.011021 0.010255 0.009448 0.008635 0.007833 0.007063 0.006276 0.005654 0.005026 0.004452 0.003932 0.003464 0.003044 0.002670 0.002339 0.002045 0.001787 0.001560 0.001361 0.001187 0.001036 0.000904 0.000789 0.000691 0.000605 0.000532 0.000469 0.000416 0.000371 0.000334 0.000304 0.000280 0.000262 0.000261 0.000260 0.000256
0.000256 0.003959 0.004998 0.004941 0.006699 0.007810 0.008734 0.009456 0.010007 0.010290 0.010360 0.010230 0.009937 0.009514 0.008991 0.008407 0.007781 0.007145 0.006506 0.005891 0.005278 0.004747 0.004231 0.003759 0.003327 0.002937 0.002586 0.002273 0.001994 0.001746 0.001528 0.001335 0.001166 0.001018 0.000889 0.000776 0.000678 0.000593 0.000520 0.000457 0.000404 0.000358 0.000319 0.000288 0.000261 0.000241 0.000224 0.000223 0.000228 0.000200
0.000492 0.002264 0.003486 0.003836 0.005306 0.005892 0.006703 0.007346 0.007853 0.008106 0.008202 0.008129 0.007926 0.007618 0.007228 0.006779 0.006293 0.005795 0.005293 0.004807 0.004337 0.003895 0.003482 0.003100 0.002751 0.002433 0.002146 0.001888 0.001659 0.001455 0.001274 0.001114 0.000974 0.000851 0.000743 0.000649 0.000568 0.000497 0.000436 0.000383 0.000339 0.000300 0.000268 0.000242 0.000219 0.000203 0.000194 0.000193 0.000193 0.000193
0.000400 0.001609 0.003651 0.002164 0.003720 0.004156 0.004648 0.005164 0.005542 0.005747 0.005835 0.005806 0.005688 0.005486 0.005216 0.004925 0.004594 0.004254 0.003891 0.003551 0.003207 0.002887 0.002584 0.002305 0.002048 0.001814 0.001602 0.001412 0.001241 0.001090 0.000955 0.000836 0.000731 0.000639 0.000559 0.000488 0.000427 0.000374 0.000328 0.000289 0.000255 0.000226 0.000201 0.000181 0.000165 0.000156 0.000141 0.000182 0.000154 0.000147
0.001091 0.000763 0.003130 0.003591 0.003865 0.004161 0.004722 0.005057 0.005401 0.005568 0.005650 0.005616 0.005496 0.005306 0.005046 0.004752 0.004424 0.004090 0.003739 0.003408 0.003080 0.002773 0.002482 0.002214 0.001968 0.001743 0.001540 0.001357 0.001193 0.001047 0.000918 0.000804 0.000703 0.000615 0.000538 0.000470 0.000411 0.000360 0.000316 0.000278 0.000246 0.000218 0.000195 0.000176 0.000160 0.000153 0.000144 0.000138 0.000115 0.000097
0.000517 -0.000471 -0.003258 0.003658 -0.001572 0.004938 0.005074 0.005138 0.000505 0.004554 0.004428 0.004274 0.004132 0.000730 0.000862 0.001051 0.001029 0.001224 0.001030 0.001068 0.002396 0.000812 0.000728 0.001549 0.001522 0.000500 0.000446 0.000397 0.000352 0.000312 0.000277 0.000245 0.000215 0.000189 0.000168 0.000149 0.000313 0.000273 0.000237 0.000207 0.000091 0.000158 0.000075 0.000123 0.000109 0.000095 0.000079 0.000064 0.000086 0.000083
-0.002489 -0.003301 0.002761 -0.002945 0.002443 -0.000761 0.001764 -0.000146 0.001345 -0.000734 -0.000989 0.000018 -0.000798 0.004132 -0.002162 0.000866 0.000253 0.000683 0.002343 -0.000346 -0.000377 0.000232 0.000703 0.000335 0.001634 -0.000756 0.000224 0.000195 0.000171 -0.000159 0.000071 -0.000263 -0.000227 0.000085 0.000105 0.000063 0.000024 -0.000033 -0.000028 0.000110 0.000015 0.000074 0.000063 0.000055 0.000042 -0.000005 0.000004 0.000015 -0.000009 0.000033
