-0.538673 -0.472912 -0.503744 -0.518737 -0.514315 -0.549552 -0.457529 -0.478656 -0.496367 -0.505211 0.000000 0.000000 0.000000 0.000000 0.000000 0.000000 0.000000 0.000000 0.000000 0.000000 0.000000 0.000000 0.000000 0.000000 0.000000 0.000000 0.000000 0.000000 0.000000 0.000000 0.000000 0.000000 0.000000 0.000000 0.000000 0.000000 0.000000 0.000000 0.000000 0.000000 0.000000 0.000000 0.000000 0.000000 0.000000 0.000000 0.000000 0.000000 0.000000 0.000000
-0.481558 -0.502449 -0.485136 -0.487854 -0.482260 -0.518608 -0.486239 -0.516195 -0.481595 -0.504827 0.000000 0.000000 0.000000 0.000000 0.000000 0.000000 0.000000 0.000000 0.000000 0.000000 0.000000 0.000000 0.000000 0.000000 0.000000 0.000000 0.000000 0.000000 0.000000 0.000000 0.000000 0.000000 0.000000 0.000000 0.000000 0.000000 0.000000 0.000000 0.000000 0.000000 0.000000 0.000000 0.000000 0.000000 0.000000 0.000000 0.000000 0.000000 0.000000 0.000000
-0.475013 -0.514420 -0.499193 -0.471772 -0.483938 -0.495287 -0.505047 -0.503294 -0.415943 -0.437689 0.000000 0.000000 0.000000 0.000000 0.000000 0.000000 0.000000 0.000000 0.000000 0.000000 0.000000 0.000000 0.000000 0.000000 0.000000 0.000000 0.000000 0.000000 0.000000 0.000000 0.000000 0.000000 0.000000 0.000000 0.000000 0.000000 0.000000 0.000000 0.000000 0.000000 0.000000 0.000000 0.000000 0.000000 0.000000 0.000000 0.000000 0.000000 0.000000 0.000000
-0.494421 -0.483175 -0.508018 -0.479738 -0.481825 -0.496300 -0.465797 -0.515811 -0.372805 -0.480000 0.000000 0.000000 0.000000 0.000000 0.000000 0.000000 0.000000 0.000000 0.000000 0.000000 0.000000 0.000000 0.000000 0.000000 0.000000 0.000000 0.000000 0.000000 0.000000 0.000000 0.000000 0.000000 0.000000 0.000000 0.000000 0.000000 0.000000 0.000000 0.000000 0.000000 0.000000 0.000000 0.000000 0.000000 0.000000 0.000000 0.000000 0.000000 0.000000 0.000000
-0.496067 -0.482893 -0.504351 -0.490754 -0.492099 -0.512127 -0.481680 -0.538494 -0.504823 -0.502350 0.000000 0.000000 0.000000 0.000000 0.000000 0.000000 0.000000 0.000000 0.000000 0.000000 0.000000 0.000000 0.000000 0.000000 0.000000 0.000000 0.000000 0.000000 0.000000 0.000000 0.000000 0.000000 0.000000 0.000000 0.000000 0.000000 0.000000 0.000000 0.000000 0.000000 0.000000 0.000000 0.000000 0.000000 0.000000 0.000000 0.000000 0.000000 0.000000 0.000000
-0.484873 -0.521758 -0.503406 -0.477452 -0.487265 -0.499620 -0.468077 -0.531373 -0.511877 -0.504894 0.000000 0.000000 0.000000 0.000000 0.000000 0.000000 0.000000 0.000000 0.000000 0.000000 0.000000 0.000000 0.000000 0.000000 0.000000 0.000000 0.000000 0.000000 0.000000 0.000000 0.000000 0.000000 0.000000 0.000000 0.000000 0.000000 0.000000 0.000000 0.000000 0.000000 0.000000 0.000000 0.000000 0.000000 0.000000 0.000000 0.000000 0.000000 0.000000 0.000000
-0.495849 -0.514744 -0.500643 -0.489303 -0.489330 -0.505145 -0.473609 -0.545281 -0.405800 -0.478319 0.000000 0.000000 0.000000 0.000000 0.000000 0.000000 0.000000 0.000000 0.000000 0.000000 0.000000 0.000000 0.000000 0.000000 0.000000 0.000000 0.000000 0.000000 0.000000 0.000000 0.000000 0.000000 0.000000 0.000000 0.000000 0.000000 0.000000 0.000000 0.000000 0.000000 0.000000 0.000000 0.000000 0.000000 0.000000 0.000000 0.000000 0.000000 0.000000 0.000000
-0.476475 -0.520072 -0.501589 -0.479223 -0.480874 -0.499047 -0.464669 -0.542150 -0.402301 -0.420630 0.000000 0.000000 0.000000 0.000000 0.000000 0.000000 0.000000 0.000000 0.000000 0.000000 0.000000 0.000000 0.000000 0.000000 0.000000 0.000000 0.000000 0.000000 0.000000 0.000000 0.000000 0.000000 0.000000 0.000000 0.000000 0.000000 0.000000 0.000000 0.000000 0.000000 0.000000 0.000000 0.000000 0.000000 0.000000 0.000000 0.000000 0.000000 0.000000 0.000000
-0.482027 -0.511339 -0.495521 -0.487374 -0.488935 -0.507585 -0.478067 -0.529236 -0.392646 -0.424560 0.000000 0.000000 0.000000 0.000000 0.000000 0.000000 0.000000 0.000000 0.000000 0.000000 0.000000 0.000000 0.000000 0.000000 0.000000 0.000000 0.000000 0.000000 0.000000 0.000000 0.000000 0.000000 0.000000 0.000000 0.000000 0.000000 0.000000 0.000000 0.000000 0.000000 0.000000 0.000000 0.000000 0.000000 0.000000 0.000000 0.000000 0.000000 0.000000 0.000000
-0.470299 -0.515016 -0.495282 -0.478189 -0.480782 -0.502114 -0.477110 -0.550329 -0.506402 -0.508226 0.000000 0.000000 0.000000 0.000000 0.000000 0.000000 0.000000 0.000000 0.000000 0.000000 0.000000 0.000000 0.000000 0.000000 0.000000 0.000000 0.000000 0.000000 0.000000 0.000000 0.000000 0.000000 0.000000 0.000000 0.000000 0.000000 0.000000 0.000000 0.000000 0.000000 0.000000 0.000000 0.000000 0.000000 0.000000 0.000000 0.000000 0.000000 0.000000 0.000000
-0.499721 -0.507099 -0.489379 -0.486132 -0.488014 -0.512158 -0.483050 -0.545870 -0.439527 -0.509972 0.000000 0.000000 0.000000 0.000000 0.000000 0.000000 0.000000 0.000000 0.000000 0.000000 0.000000 0.000000 0.000000 0.000000 0.000000 0.000000 0.000000 0.000000 0.000000 0.000000 0.000000 0.000000 0.000000 0.000000 0.000000 0.000000 0.000000 0.000000 0.000000 0.000000 0.000000 0.000000 0.000000 0.000000 0.000000 0.000000 0.000000 0.000000 0.000000 0.000000
-0.499178 -0.505021 -0.482331 -0.476537 -0.466595 -0.518606 -0.420545 -0.606192 -0.454981 -0.454087 0.000000 0.000000 0.000000 0.000000 0.000000 0.000000 0.000000 0.000000 0.000000 0.000000 0.000000 0.000000 0.000000 0.000000 0.000000 0.000000 0.000000 0.000000 0.000000 0.000000 0.000000 0.000000 0.000000 0.000000 0.000000 0.000000 0.000000 0.000000 0.000000 0.000000 0.000000 0.000000 0.000000 0.000000 0.000000 0.000000 0.000000 0.000000 0.000000 0.000000
-0.473203 -0.478862 -0.478636 -0.465174 -0.460851 -0.534205 -0.432625 -0.554461 -0.522988 -0.504566 0.000000 0.000000 0.000000 0.000000 0.000000 0.000000 0.000000 0.000000 0.000000 0.000000 0.000000 0.000000 0.000000 0.000000 0.000000 0.000000 0.000000 0.000000 0.000000 0.000000 0.000000 0.000000 0.000000 0.000000 0.000000 0.000000 0.000000 0.000000 0.000000 0.000000 0.000000 0.000000 0.000000 0.000000 0.000000 0.000000 0.000000 0.000000 0.000000 0.000000
-0.481027 -0.502959 -0.481334 -0.476171 -0.479963 -0.505816 -0.483703 -0.552138 -0.414931 -0.418941 0.000000 0.000000 0.000000 0.000000 0.000000 0.000000 0.000000 0.000000 0.000000 0.000000 0.000000 0.000000 0.000000 0.000000 0.000000 0.000000 0.000000 0.000000 0.000000 0.000000 0.000000 0.000000 0.000000 0.000000 0.000000 0.000000 0.000000 0.000000 0.000000 0.000000 0.000000 0.000000 0.000000 0.000000 0.000000 0.000000 0.000000 0.000000 0.000000 0.000000
-0.447004 -0.498110 -0.474290 -0.469579 -0.474460 -0.503547 -0.474621 -0.550421 -0.417191 -0.419492 0.000000 0.000000 0.000000 0.000000 0.000000 0.000000 0.000000 0.000000 0.000000 0.000000 0.000000 0.000000 0.000000 0.000000 0.000000 0.000000 0.000000 0.000000 0.000000 0.000000 0.000000 0.000000 0.000000 0.000000 0.000000 0.000000 0.000000 0.000000 0.000000 0.000000 0.000000 0.000000 0.000000 0.000000 0.000000 0.000000 0.000000 0.000000 0.000000 0.000000
-0.446540 -0.489276 -0.470041 -0.464205 -0.466115 -0.498135 -0.470069 -0.557157 -0.512401 -0.498691 0.000000 0.000000 0.000000 0.000000 0.000000 0.000000 0.000000 0.000000 0.000000 0.000000 0.000000 0.000000 0.000000 0.000000 0.000000 0.000000 0.000000 0.000000 0.000000 0.000000 0.000000 0.000000 0.000000 0.000000 0.000000 0.000000 0.000000 0.000000 0.000000 0.000000 0.000000 0.000000 0.000000 0.000000 0.000000 0.000000 0.000000 0.000000 0.000000 0.000000
-0.460144 -0.479980 -0.464148 -0.453296 -0.458315 -0.489662 -0.464916 -0.545516 -0.517178 -0.500458 0.000000 0.000000 0.000000 0.000000 0.000000 0.000000 0.000000 0.000000 0.000000 0.000000 0.000000 0.000000 0.000000 0.000000 0.000000 0.000000 0.000000 0.000000 0.000000 0.000000 0.000000 0.000000 0.000000 0.000000 0.000000 0.000000 0.000000 0.000000 0.000000 0.000000 0.000000 0.000000 0.000000 0.000000 0.000000 0.000000 0.000000 0.000000 0.000000 0.000000
-0.441668 -0.473286 -0.454945 -0.445961 -0.456258 -0.489013 -0.466933 -0.560756 -0.524286 -0.501687 0.000000 0.000000 0.000000 0.000000 0.000000 0.000000 0.000000 0.000000 0.000000 0.000000 0.000000 0.000000 0.000000 0.000000 0.000000 0.000000 0.000000 0.000000 0.000000 0.000000 0.000000 0.000000 0.000000 0.000000 0.000000 0.000000 0.000000 0.000000 0.000000 0.000000 0.000000 0.000000 0.000000 0.000000 0.000000 0.000000 0.000000 0.000000 0.000000 0.000000
-0.428829 -0.460180 -0.449643 -0.434696 -0.440538 -0.477358 -0.454767 -0.543709 -0.508395 -0.499392 0.000000 0.000000 0.000000 0.000000 0.000000 0.000000 0.000000 0.000000 0.000000 0.000000 0.000000 0.000000 0.000000 0.000000 0.000000 0.000000 0.000000 0.000000 0.000000 0.000000 0.000000 0.000000 0.000000 0.000000 0.000000 0.000000 0.000000 0.000000 0.000000 0.000000 0.000000 0.000000 0.000000 0.000000 0.000000 0.000000 0.000000 0.000000 0.000000 0.000000
-0.411672 -0.450094 -0.442209 -0.421211 -0.433568 -0.466333 -0.445710 -0.522961 -0.417421 -0.483697 0.000000 0.000000 0.000000 0.000000 0.000000 0.000000 0.000000 0.000000 0.000000 0.000000 0.000000 0.000000 0.000000 0.000000 0.000000 0.000000 0.000000 0.000000 0.000000 0.000000 0.000000 0.000000 0.000000 0.000000 0.000000 0.000000 0.000000 0.000000 0.000000 0.000000 0.000000 0.000000 0.000000 0.000000 0.000000 0.000000 0.000000 0.000000 0.000000 0.000000
-0.382589 -0.435360 -0.429750 -0.410064 -0.415946 -0.450379 -0.431055 -0.513854 -0.426146 -0.483936 0.000000 0.000000 0.000000 0.000000 0.000000 0.000000 0.000000 0.000000 0.000000 0.000000 0.000000 0.000000 0.000000 0.000000 0.000000 0.000000 0.000000 0.000000 0.000000 0.000000 0.000000 0.000000 0.000000 0.000000 0.000000 0.000000 0.000000 0.000000 0.000000 0.000000 0.000000 0.000000 0.000000 0.000000 0.000000 0.000000 0.000000 0.000000 0.000000 0.000000
-0.375793 -0.421343 -0.412984 -0.396777 -0.404343 -0.435402 -0.421238 -0.487378 -0.513142 -0.497223 0.000000 0.000000 0.000000 0.000000 0.000000 0.000000 0.000000 0.000000 0.000000 0.000000 0.000000 0.000000 0.000000 0.000000 0.000000 0.000000 0.000000 0.000000 0.000000 0.000000 0.000000 0.000000 0.000000 0.000000 0.000000 0.000000 0.000000 0.000000 0.000000 0.000000 0.000000 0.000000 0.000000 0.000000 0.000000 0.000000 0.000000 0.000000 0.000000 0.000000
-0.367830 -0.399365 -0.393736 -0.375743 -0.384989 -0.417539 -0.401313 -0.492836 -0.502788 -0.499703 0.000000 0.000000 0.000000 0.000000 0.000000 0.000000 0.000000 0.000000 0.000000 0.000000 0.000000 0.000000 0.000000 0.000000 0.000000 0.000000 0.000000 0.000000 0.000000 0.000000 0.000000 0.000000 0.000000 0.000000 0.000000 0.000000 0.000000 0.000000 0.000000 0.000000 0.000000 0.000000 0.000000 0.000000 0.000000 0.000000 0.000000 0.000000 0.000000 0.000000
-0.355744 -0.380007 -0.370224 -0.359456 -0.367284 -0.398207 -0.388178 -0.462460 -0.505090 -0.502304 0.000000 0.000000 0.000000 0.000000 0.000000 0.000000 0.000000 0.000000 0.000000 0.000000 0.000000 0.000000 0.000000 0.000000 0.000000 0.000000 0.000000 0.000000 0.000000 0.000000 0.000000 0.000000 0.000000 0.000000 0.000000 0.000000 0.000000 0.000000 0.000000 0.000000 0.000000 0.000000 0.000000 0.000000 0.000000 0.000000 0.000000 0.000000 0.000000 0.000000
-0.334467 -0.353738 -0.343876 -0.329332 -0.339302 -0.366415 -0.357215 -0.470056 -0.426078 -0.498694 0.000000 0.000000 0.000000 0.000000 0.000000 0.000000 0.000000 0.000000 0.000000 0.000000 0.000000 0.000000 0.000000 0.000000 0.000000 0.000000 0.000000 0.000000 0.000000 0.000000 0.000000 0.000000 0.000000 0.000000 0.000000 0.000000 0.000000 0.000000 0.000000 0.000000 0.000000 0.000000 0.000000 0.000000 0.000000 0.000000 0.000000 0.000000 0.000000 0.000000
-0.294796 -0.328278 -0.314109 -0.304757 -0.317625 -0.335046 -0.338345 -0.374825 -0.506123 -0.499785 0.000000 0.000000 0.000000 0.000000 0.000000 0.000000 0.000000 0.000000 0.000000 0.000000 0.000000 0.000000 0.000000 0.000000 0.000000 0.000000 0.000000 0.000000 0.000000 0.000000 0.000000 0.000000 0.000000 0.000000 0.000000 0.000000 0.000000 0.000000 0.000000 0.000000 0.000000 0.000000 0.000000 0.000000 0.000000 0.000000 0.000000 0.000000 0.000000 0.000000
-0.292835 -0.294187 -0.277795 -0.278578 -0.285529 -0.285856 -0.313164 -0.299731 -0.485768 -0.478932 0.000000 0.000000 0.000000 0.000000 0.000000 0.000000 0.000000 0.000000 0.000000 0.000000 0.000000 0.000000 0.000000 0.000000 0.000000 0.000000 0.000000 0.000000 0.000000 0.000000 0.000000 0.000000 0.000000 0.000000 0.000000 0.000000 0.000000 0.000000 0.000000 0.000000 0.000000 0.000000 0.000000 0.000000 0.000000 0.000000 0.000000 0.000000 0.000000 0.000000
-0.247038 -0.264218 -0.245400 -0.236751 -0.245660 -0.236932 -0.237246 -0.169693 -0.316022 -0.447677 0.000000 0.000000 0.000000 0.000000 0.000000 0.000000 0.000000 0.000000 0.000000 0.000000 0.000000 0.000000 0.000000 0.000000 0.000000 0.000000 0.000000 0.000000 0.000000 0.000000 0.000000 0.000000 0.000000 0.000000 0.000000 0.000000 0.000000 0.000000 0.000000 0.000000 0.000000 0.000000 0.000000 0.000000 0.000000 0.000000 0.000000 0.000000 0.000000 0.000000
-0.217865 -0.231556 -0.209406 -0.204295 -0.204395 -0.193219 -0.167061 -0.034433 -0.167120 0.224929 0.176882 0.106072 0.072157 0.055220 0.046076 0.032477 0.024842 0.021327 0.020755 0.013025 0.012208 0.012092 0.009181 0.010271 0.006133 0.005604 0.004875 0.003899 0.004644 0.002997 0.002585 0.002052 0.001899 0.001547 0.001329 0.001221 0.001062 0.000843 0.000712 0.000639 0.000540 0.000455 0.000378 0.000306 0.000257 0.000198 0.000150 0.000128 0.000089 0.000001
-0.162029 -0.202529 -0.179616 -0.172079 -0.171936 -0.146360 -0.123869 -0.074020 -0.002056 0.099123 0.103141 0.071981 0.061752 0.045920 0.038434 0.030366 0.025300 0.020695 0.017280 0.014415 0.012325 0.010207 0.008644 0.007335 0.006242 0.005323 0.004549 0.003894 0.003336 0.002862 0.002457 0.002111 0.001813 0.001557 0.001337 0.001148 0.000986 0.000845 0.000721 0.000614 0.000520 0.000438 0.000364 0.000300 0.000239 0.000189 0.000134 0.000137 0.000065 0.000013
-0.160458 -0.176035 -0.152977 -0.149560 -0.144357 -0.123055 -0.098780 -0.061200 -0.010343 0.041531 0.057198 0.053281 0.046701 0.038897 0.032717 0.027023 0.022671 0.018869 0.015899 0.013367 0.011416 0.009595 0.008162 0.006954 0.005938 0.005078 0.004349 0.003729 0.003200 0.002749 0.002362 0.002031 0.001747 0.001502 0.001291 0.001109 0.000951 0.000815 0.000696 0.000593 0.000502 0.000423 0.000352 0.000290 0.000231 0.000182 0.000130 0.000127 0.000068 0.000009
-0.153831 -0.152566 -0.131647 -0.126607 -0.123901 -0.102779 -0.082900 -0.051244 -0.019533 0.013656 0.029012 0.031627 0.031713 0.027821 0.025267 0.021476 0.018787 0.015955 0.013733 0.011705 0.010147 0.008571 0.007342 0.006291 0.005397 0.004633 0.003980 0.003422 0.002944 0.002533 0.002181 0.001878 0.001616 0.001391 0.001197 0.001029 0.000884 0.000757 0.000647 0.000551 0.000467 0.000393 0.000327 0.000270 0.000215 0.000170 0.000121 0.000118 0.000067 0.000006
-0.126321 -0.133131 -0.113642 -0.111194 -0.106075 -0.088784 -0.072141 -0.049043 -0.025474 -0.002291 0.010819 0.016972 0.019502 0.019252 0.018284 0.016413 0.014743 0.012883 0.011299 0.009794 0.008588 0.007347 0.006350 0.005482 0.004732 0.004084 0.003524 0.003041 0.002624 0.002264 0.001953 0.001685 0.001453 0.001252 0.001079 0.000928 0.000798 0.000684 0.000585 0.000499 0.000423 0.000356 0.000296 0.000244 0.000195 0.000154 0.000110 0.000106 0.000073 -0.000008
-0.110332 -0.116055 -0.099112 -0.096561 -0.093241 -0.078355 -0.064502 -0.046044 -0.029019 -0.012265 -0.001298 0.005484 0.009660 0.010970 0.011726 0.011179 0.010605 0.009605 0.008679 0.007695 0.006801 0.005965 0.005218 0.004549 0.003959 0.003440 0.002986 0.002589 0.002243 0.001942 0.001680 0.001453 0.001256 0.001085 0.000936 0.000806 0.000694 0.000596 0.000510 0.000435 0.000369 0.000311 0.000259 0.000213 0.000170 0.000134 0.000096 0.000093 0.000061 -0.000012
-0.096768 -0.102059 -0.087150 -0.085072 -0.081750 -0.069894 -0.058729 -0.044553 -0.031427 -0.018514 -0.009047 -0.002301 0.002144 0.004629 0.006152 0.006625 0.006775 0.006481 0.006093 0.005573 0.005048 0.004516 0.004014 0.003547 0.003121 0.002736 0.002393 0.002089 0.001820 0.001583 0.001375 0.001193 0.001034 0.000895 0.000774 0.000668 0.000576 0.000495 0.000424 0.000362 0.000307 0.000259 0.000216 0.000178 0.000142 0.000112 0.000080 0.000077 0.000056 0.000012
-0.077969 -0.090257 -0.077368 -0.076106 -0.072985 -0.063300 -0.054095 -0.042774 -0.032548 -0.022379 -0.014425 -0.008280 -0.003705 -0.000756 0.001366 0.002507 0.003248 0.003515 0.003593 0.003480 0.003290 0.003041 0.002774 0.002502 0.002239 0.001990 0.001761 0.001552 0.001363 0.001193 0.001043 0.000909 0.000791 0.000688 0.000596 0.000516 0.000446 0.000384 0.000330 0.000282 0.000239 0.000202 0.000168 0.000139 0.000111 0.000088 0.000063 0.000060 0.000051 -0.000010
-0.076663 -0.080375 -0.069295 -0.067121 -0.066470 -0.058048 -0.050396 -0.041291 -0.033066 -0.024829 -0.018067 -0.012459 -0.008110 -0.004936 -0.002555 -0.000976 0.000153 0.000837 0.001276 0.001498 0.001595 0.001597 0.001543 0.001454 0.001346 0.001229 0.001111 0.000996 0.000887 0.000787 0.000694 0.000611 0.000535 0.000468 0.000408 0.000355 0.000307 0.000266 0.000229 0.000196 0.000167 0.000141 0.000118 0.000097 0.000078 0.000061 0.000044 0.000042 -0.000011 -0.000011
-0.063712 -0.080382 -0.063573 -0.060025 -0.054162 -0.047910 -0.040700 -0.040113 -0.033554 -0.026682 -0.020689 -0.015631 -0.011504 -0.008311 -0.005794 -0.003953 -0.002549 -0.001559 -0.000848 -0.000354 -0.000005 0.000203 0.000339 0.000414 0.000449 0.000457 0.000447 0.000426 0.000398 0.000367 0.000335 0.000302 0.000271 0.000241 0.000212 0.000187 0.000163 0.000142 0.000123 0.000106 0.000091 0.000077 0.000065 0.000054 0.000043 0.000034 0.000024 0.000023 0.000045 -0.000079
-0.057822 -0.063382 -0.057061 -0.055597 -0.055651 -0.049701 -0.044484 -0.038340 -0.032810 -0.027138 -0.022189 -0.017744 -0.014005 -0.010924 -0.008406 -0.006432 -0.004858 -0.003654 -0.002721 -0.002017 -0.001481 -0.001079 -0.000779 -0.000556 -0.000392 -0.000271 -0.000183 -0.000120 -0.000075 -0.000043 -0.000020 -0.000005 0.000005 0.000011 0.000015 0.000017 0.000017 0.000017 0.000016 0.000015 0.000013 0.000012 0.000010 0.000009 0.000007 0.000006 0.000005 0.000004 0.000039 0.000085
-0.057466 -0.060276 -0.052492 -0.052059 -0.051101 -0.046231 -0.042106 -0.036964 -0.032364 -0.027563 -0.023287 -0.019336 -0.015914 -0.012982 -0.010512 -0.008483 -0.006812 -0.005469 -0.004381 -0.003514 -0.002854 -0.002268 -0.001828 -0.001479 -0.001200 -0.000977 -0.000798 -0.000655 -0.000539 -0.000446 -0.000370 -0.000308 -0.000257 -0.000215 -0.000181 -0.000152 -0.000128 -0.000108 -0.000091 -0.000076 -0.000064 -0.000053 -0.000044 -0.000036 -0.000028 -0.000022 -0.000015 -0.000015 -0.000032 -0.000016
-0.052035 -0.055316 -0.048676 -0.047318 -0.048296 -0.043820 -0.040142 -0.035764 -0.031851 -0.027724 -0.023994 -0.020466 -0.017341 -0.014581 -0.012194 -0.010164 -0.008446 -0.007014 -0.005820 -0.004832 -0.004047 -0.003342 -0.002787 -0.002329 -0.001950 -0.001637 -0.001378 -0.001162 -0.000982 -0.000832 -0.000706 -0.000600 -0.000510 -0.000435 -0.000371 -0.000316 -0.000269 -0.000229 -0.000195 -0.000165 -0.000139 -0.000117 -0.000097 -0.000080 -0.000063 -0.000050 -0.000035 -0.000034 -0.000043 0.000017
-0.048252 -0.051451 -0.045510 -0.045386 -0.044802 -0.041018 -0.038375 -0.034587 -0.031291 -0.027710 -0.024433 -0.021269 -0.018410 -0.015820 -0.013532 -0.011533 -0.009801 -0.008317 -0.007050 -0.005975 -0.005105 -0.004294 -0.003644 -0.003096 -0.002633 -0.002242 -0.001911 -0.001631 -0.001394 -0.001192 -0.001020 -0.000874 -0.000749 -0.000642 -0.000550 -0.000471 -0.000404 -0.000345 -0.000294 -0.000250 -0.000211 -0.000178 -0.000148 -0.000122 -0.000097 -0.000077 -0.000054 -0.000052 -0.000051 0.000016
-0.041934 -0.047905 -0.042955 -0.041752 -0.043184 -0.039692 -0.036959 -0.033658 -0.030755 -0.027596 -0.024684 -0.021824 -0.019199 -0.016773 -0.014589 -0.012638 -0.010915 -0.009407 -0.008093 -0.006955 -0.006003 -0.005128 -0.004402 -0.003779 -0.003245 -0.002788 -0.002395 -0.002059 -0.001771 -0.001523 -0.001311 -0.001128 -0.000970 -0.000835 -0.000718 -0.000617 -0.000529 -0.000453 -0.000387 -0.000330 -0.000279 -0.000235 -0.000195 -0.000161 -0.000128 -0.000101 -0.000072 -0.000070 -0.000058 0.000014
-0.037388 -0.045534 -0.040778 -0.041025 -0.040620 -0.037629 -0.035693 -0.032763 -0.030250 -0.027441 -0.024822 -0.022212 -0.019783 -0.017500 -0.015412 -0.013515 -0.011812 -0.010296 -0.008954 -0.007774 -0.006781 -0.005837 -0.005051 -0.004368 -0.003776 -0.003263 -0.002819 -0.002435 -0.002103 -0.001816 -0.001568 -0.001354 -0.001168 -0.001007 -0.000868 -0.000747 -0.000642 -0.000551 -0.000471 -0.000402 -0.000340 -0.000287 -0.000238 -0.000197 -0.000157 -0.000124 -0.000088 -0.000085 -0.000065 0.000013
-0.036081 -0.043992 -0.039108 -0.037666 -0.039727 -0.036564 -0.034716 -0.032004 -0.029784 -0.027230 -0.024863 -0.022462 -0.020204 -0.018051 -0.016055 -0.014214 -0.012538 -0.011025 -0.009668 -0.008458 -0.007410 -0.006439 -0.005606 -0.004876 -0.004236 -0.003678 -0.003191 -0.002766 -0.002397 -0.002076 -0.001797 -0.001555 -0.001344 -0.001161 -0.001002 -0.000864 -0.000743 -0.000638 -0.000546 -0.000466 -0.000395 -0.000333 -0.000277 -0.000229 -0.000182 -0.000143 -0.000103 -0.000099 -0.000070 -0.000032
-0.039287 -0.041424 -0.037858 -0.038198 -0.037806 -0.035458 -0.033796 -0.031456 -0.029410 -0.027086 -0.024882 -0.022638 -0.020503 -0.018450 -0.016523 -0.014729 -0.013079 -0.011576 -0.010212 -0.008985 -0.007889 -0.006909 -0.006043 -0.005276 -0.004601 -0.004007 -0.003487 -0.003031 -0.002632 -0.002284 -0.001981 -0.001717 -0.001486 -0.001285 -0.001110 -0.000958 -0.000825 -0.000709 -0.000608 -0.000519 -0.000440 -0.000371 -0.000309 -0.000255 -0.000203 -0.000161 -0.000118 -0.000116 -0.000072 0.000011
-0.038859 -0.039612 -0.038802 -0.035179 -0.037296 -0.034279 -0.032996 -0.030845 -0.029019 -0.026879 -0.024840 -0.022741 -0.020719 -0.018753 -0.016900 -0.015155 -0.013526 -0.012029 -0.010660 -0.009419 -0.008303 -0.007298 -0.006405 -0.005610 -0.004907 -0.004286 -0.003738 -0.003256 -0.002833 -0.002463 -0.002139 -0.001856 -0.001608 -0.001392 -0.001204 -0.001040 -0.000896 -0.000771 -0.000661 -0.000564 -0.000479 -0.000404 -0.000336 -0.000278 -0.000221 -0.000178 -0.000125 -0.000110 -0.000074 -0.000031
-0.035492 -0.038077 -0.036617 -0.036488 -0.035915 -0.034033 -0.032794 -0.030797 -0.028993 -0.026887 -0.024861 -0.022769 -0.020753 -0.018795 -0.016938 -0.015189 -0.013564 -0.012068 -0.010700 -0.009459 -0.008341 -0.007335 -0.006439 -0.005641 -0.004935 -0.004310 -0.003760 -0.003275 -0.002851 -0.002478 -0.002153 -0.001868 -0.001619 -0.001402 -0.001212 -0.001047 -0.000902 -0.000776 -0.000665 -0.000568 -0.000482 -0.000407 -0.000339 -0.000280 -0.000222 -0.000178 -0.000172 -0.000123 -0.000058 0.000000
-0.035188 -0.037407 -0.039036 -0.037169 -0.037064 -0.033667 -0.031892 -0.030071 -0.028903 -0.027878 -0.025790 -0.023698 -0.021560 -0.019698 -0.017826 -0.015545 -0.013943 -0.012694 -0.011273 -0.010011 -0.009343 -0.007764 -0.006829 -0.006735 -0.005622 -0.004564 -0.003988 -0.003479 -0.003031 -0.002639 -0.002294 -0.001992 -0.001729 -0.001497 -0.001294 -0.001117 -0.001054 -0.000907 -0.000779 -0.000666 -0.000606 -0.000479 -0.000432 -0.000331 -0.000268 -0.000210 -0.000172 -0.000115 -0.000052 -0.000005
-0.038406 -0.036816 -0.034440 -0.034436 -0.032808 -0.031723 -0.029411 -0.028464 -0.026630 -0.026120 -0.024201 -0.022787 -0.020356 -0.024588 -0.014109 -0.014357 -0.012374 -0.012704 -0.014703 -0.010044 -0.009516 -0.007076 -0.006681 -0.006085 -0.006989 -0.004112 -0.004115 -0.003598 -0.003139 -0.002556 -0.002043 -0.003090 -0.002676 -0.001563 -0.001192 -0.001172 -0.001070 -0.000924 -0.000794 -0.000571 -0.000551 -0.000418 -0.000352 -0.000298 -0.000269 -0.000222 -0.000175 -0.000126 -0.000092 -0.000010
