0.013630 0.010670 0.003927 0.004041 0.014660 -0.011784 0.003764 -0.010359 -0.001062 0.021839 0.019330 -0.011292 0.012908 -0.018413 -0.005069 0.000333 -0.002808 -0.012899 -0.021567 -0.009255 -0.030741 -0.028918 0.011161 -0.011166 -0.003051 0.012163 0.029385 0.009513 -0.021689 0.005199 -0.014302 -0.002715 -0.002696 -0.014593 -0.028653 0.019531 0.004094 0.025615 0.011680 0.016252 0.018707 0.017202 -0.019023 0.006145 0.016580 0.021242 0.001595 0.002524 -0.075984 -0.001853
-0.011192 -0.018839 -0.018708 -0.010299 -0.002398 0.000004 -0.002128 0.000027 -0.023514 0.003687 0.003524 0.010203 0.006673 -0.020570 -0.016042 -0.020591 -0.017633 -0.014689 -0.017348 -0.014175 -0.016285 -0.015521 -0.015510 0.006957 -0.004364 -0.015425 -0.013130 -0.015498 -0.016845 -0.017130 -0.017351 -0.018688 -0.016656 -0.015257 -0.014453 -0.017421 0.009637 0.006513 0.008328 0.006580 -0.016967 0.006344 0.006966 -0.015329 0.022860 0.025851 -0.007203 0.020490 -0.014574 0.011123
-0.020777 -0.060069 -0.029287 -0.007885 -0.012422 -0.025550 -0.023258 -0.024806 -0.025104 -0.023595 -0.022730 -0.021758 -0.020448 -0.019847 -0.018656 -0.017594 -0.016575 -0.015363 -0.014163 -0.013006 -0.011974 -0.011002 -0.010030 -0.009131 -0.008649 -0.007572 -0.006653 -0.006194 -0.005615 -0.005168 -0.004738 -0.004322 -0.003990 -0.003632 -0.003266 -0.003309 -0.002735 -0.002631 -0.002489 -0.002270 -0.001686 -0.001791 -0.001656 -0.002370 -0.002451 -0.006482 -0.006068 -0.007582 -0.037840 0.008707
0.006019 -0.017734 -0.055366 -0.040050 -0.023532 -0.032685 -0.027773 -0.027970 -0.025884 -0.024678 -0.022827 -0.022020 -0.020593 -0.020126 -0.018895 -0.017970 -0.016765 -0.015481 -0.014617 -0.013449 -0.012540 -0.011456 -0.010471 -0.009579 -0.011810 -0.007909 -0.007032 -0.006790 -0.006292 -0.005853 -0.005365 -0.005064 -0.004738 -0.004364 -0.003870 -0.004058 -0.003713 -0.003434 -0.003250 -0.002975 -0.002421 -0.002729 -0.001662 -0.002546 -0.000236 -0.002640 0.001584 -0.002094 -0.021237 0.000303
-0.001176 -0.055459 -0.048180 -0.050110 -0.036598 -0.039414 -0.037001 -0.037015 -0.035631 -0.034682 -0.033476 -0.032319 -0.030602 -0.029371 -0.027727 -0.026114 -0.024559 -0.022859 -0.021118 -0.019568 -0.017983 -0.016540 -0.015133 -0.013835 -0.014696 -0.011601 -0.010473 -0.009651 -0.008811 -0.008126 -0.007518 -0.006951 -0.006479 -0.005993 -0.005531 -0.005289 -0.004709 -0.004484 -0.004301 -0.003973 -0.003693 -0.003293 -0.002959 -0.003033 -0.002087 -0.003255 0.000465 0.001590 -0.028597 -0.000517
-0.001498 -0.043296 -0.047186 -0.058843 -0.046841 -0.048920 -0.046406 -0.045003 -0.043464 -0.042207 -0.040603 -0.038794 -0.037043 -0.035371 -0.033429 -0.031494 -0.029451 -0.027387 -0.025387 -0.023397 -0.021515 -0.019700 -0.017996 -0.016419 -0.017537 -0.013644 -0.012410 -0.011427 -0.010486 -0.009687 -0.008952 -0.008330 -0.007757 -0.007260 -0.006761 -0.006444 -0.006026 -0.005691 -0.005346 -0.005126 -0.004752 -0.004607 -0.004270 -0.004266 -0.003593 -0.003318 -0.002704 -0.005136 -0.027063 0.000337
-0.005577 -0.046567 -0.058491 -0.065299 -0.062337 -0.059348 -0.058566 -0.055422 -0.054107 -0.051967 -0.050206 -0.048168 -0.045929 -0.043638 -0.041193 -0.038696 -0.036151 -0.033584 -0.031039 -0.028578 -0.026199 -0.023953 -0.021843 -0.019900 -0.020299 -0.016517 -0.015043 -0.013778 -0.012631 -0.011644 -0.010774 -0.010014 -0.009346 -0.008757 -0.008211 -0.007746 -0.007259 -0.006835 -0.006487 -0.005931 -0.005763 -0.004969 -0.004971 -0.003941 -0.003942 -0.003011 -0.002489 -0.002098 -0.026692 0.000058
-0.018840 -0.055702 -0.074542 -0.074435 -0.068913 -0.067116 -0.065310 -0.063000 -0.061999 -0.060119 -0.058183 -0.055512 -0.053324 -0.050627 -0.047797 -0.044837 -0.041795 -0.038734 -0.035714 -0.032776 -0.029970 -0.027321 -0.024850 -0.022580 -0.020396 -0.018653 -0.016982 -0.015535 -0.014250 -0.013143 -0.012175 -0.011345 -0.010617 -0.009988 -0.009414 -0.008922 -0.008444 -0.007989 -0.007580 -0.007186 -0.006817 -0.006364 -0.006190 -0.005464 -0.005277 -0.004209 -0.003624 -0.003774 0.021311 -0.001003
-0.001772 -0.066844 -0.083891 -0.081415 -0.079250 -0.077034 -0.076234 -0.073603 -0.072462 -0.069864 -0.067501 -0.064764 -0.061824 -0.058614 -0.055221 -0.051669 -0.048043 -0.044396 -0.040808 -0.037336 -0.034025 -0.030921 -0.028043 -0.025415 -0.022796 -0.020904 -0.019011 -0.017363 -0.015923 -0.014689 -0.013626 -0.012720 -0.011938 -0.011265 -0.010661 -0.010120 -0.009602 -0.009105 -0.008670 -0.008014 -0.007724 -0.006771 -0.006577 -0.005097 -0.005060 -0.003904 -0.003278 -0.003502 -0.026779 0.007542
-0.022294 -0.123132 -0.093490 -0.092834 -0.089457 -0.087201 -0.085646 -0.082771 -0.081398 -0.078620 -0.076415 -0.073312 -0.070029 -0.066331 -0.062397 -0.058238 -0.053987 -0.049711 -0.045514 -0.041469 -0.037644 -0.034075 -0.030787 -0.027803 -0.025028 -0.022741 -0.020648 -0.018837 -0.017275 -0.015950 -0.014825 -0.013884 -0.013081 -0.012405 -0.011803 -0.011268 -0.010756 -0.010234 -0.009773 -0.009214 -0.008737 -0.008090 -0.007828 -0.006719 -0.006592 -0.004929 -0.003113 -0.003915 -0.027358 -0.001497
-0.049659 -0.088980 -0.103704 -0.101414 -0.100080 -0.096772 -0.095737 -0.093466 -0.091784 -0.088969 -0.086062 -0.082635 -0.078816 -0.074537 -0.069956 -0.065070 -0.060095 -0.055088 -0.050209 -0.045533 -0.041126 -0.037052 -0.033331 -0.029982 -0.026927 -0.024372 -0.022086 -0.020125 -0.018453 -0.017055 -0.015886 -0.014929 -0.014126 -0.013470 -0.012888 -0.012378 -0.011868 -0.011366 -0.010845 -0.010163 -0.009653 -0.008648 -0.008127 -0.006659 -0.006041 -0.005027 -0.003963 -0.004487 0.021764 -0.004343
-0.057377 -0.099983 -0.113005 -0.112472 -0.109688 -0.107425 -0.106130 -0.103228 -0.101749 -0.098425 -0.095926 -0.092212 -0.087883 -0.082969 -0.077679 -0.071963 -0.066155 -0.060321 -0.054657 -0.049265 -0.044234 -0.039631 -0.035464 -0.031753 -0.028453 -0.025628 -0.023173 -0.021094 -0.019349 -0.017918 -0.016749 -0.015821 -0.015063 -0.014478 -0.013957 -0.013518 -0.013047 -0.012556 -0.012047 -0.011378 -0.010771 -0.009945 -0.009380 -0.008099 -0.006710 -0.005539 -0.004330 -0.004653 -0.027224 -0.002680
-0.062291 -0.124266 -0.124853 -0.121969 -0.120355 -0.117788 -0.117123 -0.114794 -0.113047 -0.109722 -0.106457 -0.102305 -0.097467 -0.091825 -0.085729 -0.078984 -0.072215 -0.065393 -0.058834 -0.052653 -0.046945 -0.041785 -0.037164 -0.033098 -0.029542 -0.026494 -0.023893 -0.021721 -0.019923 -0.018487 -0.017343 -0.016478 -0.015782 -0.015311 -0.014880 -0.014577 -0.014177 -0.013782 -0.013212 -0.012585 -0.011835 -0.010810 -0.009842 -0.008791 -0.007391 -0.006159 -0.004855 -0.004590 0.021734 -0.000245
-0.027023 -0.142512 -0.134493 -0.133020 -0.130926 -0.128487 -0.126289 -0.126503 -0.124064 -0.121098 -0.117887 -0.113384 -0.107930 -0.101479 -0.094420 -0.086394 -0.078309 -0.070300 -0.062671 -0.055599 -0.049145 -0.043407 -0.038330 -0.033930 -0.030125 -0.026917 -0.024213 -0.021998 -0.020204 -0.018816 -0.017781 -0.017016 -0.016507 -0.016171 -0.015918 -0.015764 -0.015471 -0.015136 -0.014552 -0.013856 -0.012918 -0.011874 -0.010841 -0.010728 -0.009456 -0.008066 -0.006825 -0.004963 -0.003958 -0.001590
-0.046196 -0.145722 -0.144685 -0.144752 -0.143334 -0.142811 -0.140529 -0.138948 -0.136364 -0.132895 -0.129573 -0.124653 -0.118795 -0.111418 -0.103362 -0.093630 -0.084253 -0.074755 -0.065937 -0.057874 -0.050642 -0.044328 -0.038818 -0.034124 -0.030114 -0.026781 -0.024005 -0.021776 -0.019985 -0.018687 -0.017778 -0.017192 -0.016704 -0.016697 -0.016609 -0.016816 -0.016691 -0.016641 -0.016095 -0.015511 -0.014515 -0.013548 -0.012295 -0.010877 -0.009330 -0.007715 -0.005988 -0.005546 0.021512 -0.002370
-0.048744 -0.156427 -0.158213 -0.156241 -0.154969 -0.153772 -0.152043 -0.150031 -0.148258 -0.145785 -0.142414 -0.137197 -0.130878 -0.122580 -0.113315 -0.101550 -0.090139 -0.078897 -0.068540 -0.059401 -0.051318 -0.044462 -0.038557 -0.033645 -0.029450 -0.026124 -0.023357 -0.021190 -0.019522 -0.018354 -0.017786 -0.017296 -0.017240 -0.017592 -0.017823 -0.018510 -0.018434 -0.018676 -0.018055 -0.017422 -0.016279 -0.015030 -0.013424 -0.011975 -0.010400 -0.008537 -0.006728 -0.006188 0.019499 -0.001509
-0.037372 -0.203948 -0.170340 -0.168351 -0.166408 -0.166317 -0.164544 -0.163929 -0.162136 -0.160408 -0.156446 -0.151437 -0.144919 -0.135576 -0.125077 -0.109205 -0.095564 -0.081871 -0.069995 -0.059669 -0.050824 -0.043506 -0.037308 -0.032278 -0.028036 -0.024719 -0.021990 -0.019912 -0.018327 -0.017435 -0.016616 -0.016650 -0.016628 -0.017237 -0.018124 -0.019149 -0.019708 -0.020388 -0.019873 -0.019378 -0.017995 -0.016764 -0.015075 -0.013220 -0.011187 -0.009267 -0.007152 -0.006837 0.019620 -0.001806
-0.102641 -0.216626 -0.183562 -0.180467 -0.178844 -0.179174 -0.177725 -0.177615 -0.176471 -0.174112 -0.171280 -0.166610 -0.159962 -0.149983 -0.138204 -0.118291 -0.100394 -0.084120 -0.070007 -0.058636 -0.048990 -0.041421 -0.035048 -0.030094 -0.025779 -0.022786 -0.020215 -0.018364 -0.017096 -0.016265 -0.016003 -0.016429 -0.016644 -0.018494 -0.019808 -0.022231 -0.022429 -0.023824 -0.022954 -0.022270 -0.020494 -0.018747 -0.016447 -0.014575 -0.012316 -0.010022 -0.008027 -0.006930 0.020363 -0.010188
-0.099864 -0.227187 -0.195851 -0.192951 -0.191529 -0.192699 -0.190958 -0.192900 -0.191336 -0.191294 -0.188678 -0.185506 -0.179911 -0.170544 -0.157655 -0.124670 -0.103056 -0.082958 -0.067464 -0.055102 -0.045172 -0.037676 -0.031416 -0.026758 -0.022674 -0.019867 -0.017532 -0.015999 -0.014729 -0.014320 -0.013865 -0.014223 -0.015282 -0.016450 -0.019545 -0.021580 -0.023707 -0.026122 -0.025336 -0.024967 -0.022672 -0.020897 -0.018514 -0.015928 -0.013461 -0.010910 -0.008667 -0.007505 0.020203 -0.016788
-0.060420 -0.238569 -0.208825 -0.205671 -0.204231 -0.205406 -0.205254 -0.207817 -0.207370 -0.205805 -0.205585 -0.203977 -0.199162 -0.191365 -0.179796 -0.138750 -0.104044 -0.080454 -0.062488 -0.049933 -0.039731 -0.032703 -0.026645 -0.022634 -0.018648 -0.016775 -0.014823 -0.013493 -0.012639 -0.012230 -0.012065 -0.013649 -0.013890 -0.018686 -0.021637 -0.028491 -0.028539 -0.032498 -0.030577 -0.029379 -0.026460 -0.023592 -0.020610 -0.017704 -0.014596 -0.011881 -0.008448 -0.008762 0.020102 0.014665
-0.117200 -0.218850 -0.222389 -0.217398 -0.216677 -0.218776 -0.218240 -0.223064 -0.222374 -0.225941 -0.226948 -0.229886 -0.229375 -0.230063 -0.224202 -0.136206 -0.094455 -0.067247 -0.050217 -0.038972 -0.030071 -0.025195 -0.020107 -0.017287 -0.013810 -0.011784 -0.010344 -0.009886 -0.008962 -0.008790 -0.009052 -0.009862 -0.012149 -0.013764 -0.020563 -0.021984 -0.028870 -0.036780 -0.034307 -0.033123 -0.028927 -0.026146 -0.021992 -0.019014 -0.015723 -0.012718 -0.009572 -0.009434 0.019862 -0.017460
-0.065842 -0.231448 -0.233451 -0.231501 -0.229322 -0.232423 -0.233069 -0.238086 -0.239071 -0.240468 -0.244132 -0.249720 -0.251397 -0.268079 -0.270320 -0.162335 -0.085851 -0.057034 -0.040905 -0.030967 -0.022784 -0.017988 -0.012829 -0.011462 -0.008219 -0.009388 -0.008832 -0.007728 -0.007362 -0.006437 -0.006836 -0.006023 -0.006519 -0.011711 -0.022816 -0.045986 -0.041972 -0.050660 -0.043823 -0.039184 -0.033995 -0.028949 -0.024645 -0.020585 -0.016794 -0.013400 -0.010286 -0.008901 0.019079 -0.002680
-0.045808 -0.243349 -0.246463 -0.242437 -0.241983 -0.245146 -0.246040 -0.252325 -0.252591 -0.260163 -0.264487 -0.280071 -0.293277 -0.481408 -0.337634 -0.150412 -0.008326 -0.004352 -0.004374 -0.011161 -0.009258 0.014209 -0.008742 0.012478 0.002153 -0.011584 0.007431 0.013165 0.002616 0.006381 -0.011616 0.002454 -0.026757 -0.015057 -0.019357 -0.009821 -0.037658 -0.061971 -0.051321 -0.044346 -0.036471 -0.031365 -0.025410 -0.021488 -0.017215 -0.013536 -0.011558 -0.009020 0.018098 -0.016620
-0.081210 -0.255196 -0.258308 -0.255553 -0.253722 -0.258686 -0.260341 -0.265263 -0.268009 -0.272444 -0.278349 -0.281436 -0.304107 -0.280573 -0.902197 -0.029879 -0.000504 -0.000932 0.006540 -0.040283 0.002057 -0.027618 0.001651 -0.022914 -0.014382 0.013245 0.013559 0.014141 0.001313 0.002534 0.001243 -0.012008 0.016288 0.006661 -0.005432 -0.020206 -0.251597 -0.080038 -0.062626 -0.048997 -0.040710 -0.032662 -0.027192 -0.021861 -0.017535 -0.013696 -0.009609 -0.010068 0.018852 0.013931
-0.065238 -0.267588 -0.269781 -0.266379 -0.266497 -0.270810 -0.272254 -0.277231 -0.278309 -0.281629 -0.280358 -0.283030 -0.282035 -0.250916 -0.247432 -0.097954 -0.093745 -0.049798 -0.033951 -0.030815 -0.018804 -0.018678 -0.012447 -0.010776 -0.008428 -0.011487 -0.010443 -0.009616 -0.007233 -0.008286 -0.008855 -0.010567 -0.014180 -0.035379 -0.103969 -0.123504 -0.144333 -0.079340 -0.061775 -0.050686 -0.040081 -0.033145 -0.026445 -0.021884 -0.017218 -0.013654 -0.010352 -0.009387 -0.030379 0.014388
-0.139963 -0.264696 -0.282216 -0.276463 -0.277390 -0.282890 -0.285337 -0.289534 -0.291722 -0.292525 -0.293715 -0.286883 -0.284675 -0.261434 -0.238738 -0.179990 -0.130322 -0.095227 -0.071200 -0.053606 -0.040916 -0.031650 -0.024584 -0.019282 -0.015733 -0.012545 -0.010844 -0.010025 -0.010225 -0.011519 -0.013951 -0.018109 -0.024244 -0.028881 -0.050040 -0.073300 -0.082436 -0.061811 -0.054609 -0.043242 -0.037506 -0.029918 -0.025292 -0.025308 -0.020267 -0.016480 -0.010215 -0.008565 -0.029512 -0.000840
-0.063623 -0.288083 -0.292227 -0.288831 -0.289025 -0.295223 -0.296938 -0.301702 -0.302728 -0.303908 -0.299990 -0.295080 -0.284519 -0.262400 -0.233927 -0.184117 -0.142409 -0.110690 -0.084756 -0.065257 -0.049920 -0.038411 -0.029670 -0.023246 -0.020353 -0.015103 -0.012775 -0.011484 -0.011053 -0.011700 -0.013439 -0.017110 -0.022418 -0.031768 -0.045672 -0.059436 -0.062690 -0.053744 -0.047240 -0.040190 -0.033737 -0.028624 -0.022997 -0.019291 -0.014994 -0.011665 -0.008890 -0.008631 0.020780 -0.016159
-0.072496 -0.289388 -0.302181 -0.297213 -0.299768 -0.306911 -0.310694 -0.315727 -0.318404 -0.318176 -0.318477 -0.311612 -0.301570 -0.278322 -0.252021 -0.210950 -0.170871 -0.134628 -0.104830 -0.081603 -0.063163 -0.049119 -0.038196 -0.029985 -0.023889 -0.019484 -0.016499 -0.014801 -0.014648 -0.014626 -0.016554 -0.020034 -0.023482 -0.025851 -0.035979 -0.042113 -0.046350 -0.041485 -0.038230 -0.032722 -0.028692 -0.024440 -0.021027 -0.017438 -0.014230 -0.010557 -0.008015 -0.007329 -0.027618 -0.001945
-0.071252 -0.338524 -0.311773 -0.308074 -0.309702 -0.318552 -0.322912 -0.329595 -0.332962 -0.336931 -0.336967 -0.332650 -0.322349 -0.301152 -0.272411 -0.226108 -0.185164 -0.146814 -0.114782 -0.089521 -0.069167 -0.053631 -0.041594 -0.032551 -0.025861 -0.020976 -0.017503 -0.015462 -0.014538 -0.014753 -0.015837 -0.018211 -0.021425 -0.025702 -0.031087 -0.034744 -0.036492 -0.034351 -0.032083 -0.028445 -0.025005 -0.021573 -0.018081 -0.015079 -0.012162 -0.008985 -0.007664 -0.005419 0.020736 -0.001910
-0.074487 -0.344997 -0.320116 -0.315146 -0.319696 -0.329753 -0.336289 -0.344874 -0.351736 -0.357479 -0.361845 -0.360600 -0.354067 -0.334037 -0.305080 -0.245119 -0.197439 -0.154293 -0.119114 -0.092006 -0.070640 -0.054526 -0.042112 -0.032917 -0.026378 -0.021106 -0.017344 -0.015183 -0.014058 -0.014059 -0.014792 -0.016258 -0.018621 -0.020702 -0.024104 -0.025742 -0.027745 -0.025963 -0.024371 -0.021927 -0.019654 -0.017101 -0.015107 -0.011944 -0.010267 -0.006683 -0.006343 -0.005659 0.021933 0.000289
-0.143159 -0.350552 -0.327783 -0.323004 -0.327470 -0.340083 -0.348573 -0.360079 -0.369774 -0.381660 -0.390878 -0.397184 -0.395968 -0.383372 -0.352990 -0.269887 -0.209645 -0.158410 -0.119772 -0.091613 -0.069786 -0.053526 -0.041445 -0.031865 -0.025912 -0.021235 -0.016819 -0.014503 -0.013268 -0.013011 -0.013158 -0.014267 -0.015078 -0.017600 -0.019461 -0.021168 -0.021095 -0.021248 -0.019659 -0.018458 -0.016326 -0.014646 -0.013070 -0.010282 -0.010276 -0.005566 -0.006046 -0.004235 0.024847 -0.006282
-0.072827 -0.355558 -0.333342 -0.328748 -0.334801 -0.348833 -0.359840 -0.374399 -0.389397 -0.406108 -0.423533 -0.438559 -0.449598 -0.448079 -0.420906 -0.281456 -0.197235 -0.141309 -0.102568 -0.076393 -0.057050 -0.043653 -0.032967 -0.025937 -0.020235 -0.014956 -0.012447 -0.010700 -0.009035 -0.008814 -0.008811 -0.009372 -0.010472 -0.011135 -0.012416 -0.013027 -0.013594 -0.013178 -0.012569 -0.011560 -0.010217 -0.008734 -0.007593 -0.005453 -0.006382 -0.002107 -0.006698 -0.004441 0.027358 -0.017058
-0.081839 -0.356500 -0.336355 -0.332431 -0.339933 -0.356733 -0.369797 -0.387934 -0.407539 -0.432749 -0.459934 -0.492327 -0.518178 -0.549239 -0.541039 -0.314327 -0.186257 -0.124056 -0.089346 -0.067417 -0.051266 -0.038546 -0.029458 -0.022542 -0.017433 -0.013625 -0.011383 -0.010021 -0.008859 -0.008464 -0.008694 -0.008804 -0.009048 -0.009996 -0.011001 -0.011518 -0.012066 -0.011852 -0.011433 -0.010287 -0.010022 -0.008362 -0.008650 -0.004789 -0.008985 0.003102 -0.018062 -0.006692 0.018910 0.006816
-0.168947 -0.354627 -0.337454 -0.333622 -0.343050 -0.359782 -0.375721 -0.396794 -0.421756 -0.453054 -0.491914 -0.537548 -0.598867 -0.769721 -0.954116 -0.073931 -0.048149 -0.049015 -0.032455 -0.020644 -0.010947 -0.007440 -0.005863 -0.000821 -0.010223 0.003501 0.001375 0.002792 0.002507 0.002713 0.004228 0.004285 0.005267 0.004602 0.003925 0.003666 -0.010167 -0.013469 0.003676 -0.006055 -0.009600 -0.012181 -0.008385 -0.009430 -0.011774 0.000278 -0.015142 -0.016173 -0.004885 -0.003562
-0.004947 -0.318732 -0.335035 -0.331709 -0.341895 -0.360182 -0.377906 -0.401612 -0.430732 -0.469753 -0.520033 -0.590235 -0.689111 -1.104128 -0.800569 0.022084 0.011329 -0.023970 -0.024518 -0.020926 0.009542 -0.017401 -0.024162 -0.015838 0.014961 -0.015279 -0.018610 -0.014222 -0.014300 -0.016260 -0.013241 -0.012309 -0.012879 -0.013287 -0.000479 -0.014246 -0.015913 0.002284 0.000738 -0.011784 -0.015448 -0.013903 -0.000258 -0.015001 -0.010705 -0.003349 0.000598 -0.003995 -0.006907 0.010566
-0.082427 -0.310723 -0.329278 -0.326116 -0.338313 -0.355631 -0.374213 -0.398765 -0.429396 -0.470049 -0.522486 -0.587307 -0.691397 -0.976063 -1.116632 0.000000 0.000000 0.000000 0.000000 0.000000 0.000000 0.000000 0.000000 0.000000 0.000000 0.000000 0.000000 0.000000 0.000000 0.000000 0.000000 0.000000 0.000000 0.000000 0.000000 0.000000 0.000000 0.000000 0.000000 0.000000 0.000000 0.000000 0.000000 0.000000 0.000000 0.000000 0.000000 0.000000 0.000000 0.000000
-0.051142 -0.307909 -0.320289 -0.317185 -0.328785 -0.345808 -0.364551 -0.387848 -0.416767 -0.452612 -0.497648 -0.551519 -0.624019 -0.793380 -0.838980 0.000000 0.000000 0.000000 0.000000 0.000000 0.000000 0.000000 0.000000 0.000000 0.000000 0.000000 0.000000 0.000000 0.000000 0.000000 0.000000 0.000000 0.000000 0.000000 0.000000 0.000000 0.000000 0.000000 0.000000 0.000000 0.000000 0.000000 0.000000 0.000000 0.000000 0.000000 0.000000 0.000000 0.000000 0.000000
-0.054198 -0.294810 -0.307266 -0.304744 -0.317327 -0.332729 -0.350431 -0.372050 -0.398606 -0.430789 -0.469570 -0.513736 -0.566955 -0.612463 -0.666459 0.000000 0.000000 0.000000 0.000000 0.000000 0.000000 0.000000 0.000000 0.000000 0.000000 0.000000 0.000000 0.000000 0.000000 0.000000 0.000000 0.000000 0.000000 0.000000 0.000000 0.000000 0.000000 0.000000 0.000000 0.000000 0.000000 0.000000 0.000000 0.000000 0.000000 0.000000 0.000000 0.000000 0.000000 0.000000
-0.061914 -0.316735 -0.287093 -0.294141 -0.311398 -0.328525 -0.348214 -0.348792 -0.372239 -0.399810 -0.431764 -0.464893 -0.503215 -0.527497 -0.698952 0.000000 0.000000 0.000000 0.000000 0.000000 0.000000 0.000000 0.000000 0.000000 0.000000 0.000000 0.000000 0.000000 0.000000 0.000000 0.000000 0.000000 0.000000 0.000000 0.000000 0.000000 0.000000 0.000000 0.000000 0.000000 0.000000 0.000000 0.000000 0.000000 0.000000 0.000000 0.000000 0.000000 0.000000 0.000000
-0.055374 -0.304754 -0.272182 -0.271307 -0.281317 -0.294236 -0.309241 -0.325616 -0.345515 -0.367761 -0.392721 -0.418622 -0.445091 -0.510685 -0.484333 0.000000 0.000000 0.000000 0.000000 0.000000 0.000000 0.000000 0.000000 0.000000 0.000000 0.000000 0.000000 0.000000 0.000000 0.000000 0.000000 0.000000 0.000000 0.000000 0.000000 0.000000 0.000000 0.000000 0.000000 0.000000 0.000000 0.000000 0.000000 0.000000 0.000000 0.000000 0.000000 0.000000 0.000000 0.000000
-0.055614 -0.240421 -0.251509 -0.249791 -0.259613 -0.270667 -0.284181 -0.297696 -0.314388 -0.332012 -0.351789 -0.370751 -0.390572 -0.442570 -0.468469 0.000000 0.000000 0.000000 0.000000 0.000000 0.000000 0.000000 0.000000 0.000000 0.000000 0.000000 0.000000 0.000000 0.000000 0.000000 0.000000 0.000000 0.000000 0.000000 0.000000 0.000000 0.000000 0.000000 0.000000 0.000000 0.000000 0.000000 0.000000 0.000000 0.000000 0.000000 0.000000 0.000000 0.000000 0.000000
-0.052769 -0.217513 -0.225964 -0.228033 -0.235937 -0.244830 -0.256911 -0.267763 -0.281782 -0.295978 -0.311429 -0.326163 -0.340227 -0.385520 -0.342634 0.000000 0.000000 0.000000 0.000000 0.000000 0.000000 0.000000 0.000000 0.000000 0.000000 0.000000 0.000000 0.000000 0.000000 0.000000 0.000000 0.000000 0.000000 0.000000 0.000000 0.000000 0.000000 0.000000 0.000000 0.000000 0.000000 0.000000 0.000000 0.000000 0.000000 0.000000 0.000000 0.000000 0.000000 0.000000
-0.003701 -0.191926 -0.201507 -0.200823 -0.210306 -0.217321 -0.228579 -0.236633 -0.248070 -0.258771 -0.270785 -0.281623 -0.292234 -0.324385 -0.342043 0.000000 0.000000 0.000000 0.000000 0.000000 0.000000 0.000000 0.000000 0.000000 0.000000 0.000000 0.000000 0.000000 0.000000 0.000000 0.000000 0.000000 0.000000 0.000000 0.000000 0.000000 0.000000 0.000000 0.000000 0.000000 0.000000 0.000000 0.000000 0.000000 0.000000 0.000000 0.000000 0.000000 0.000000 0.000000
-0.001906 -0.165532 -0.171372 -0.176413 -0.183171 -0.187274 -0.197716 -0.203647 -0.213657 -0.222082 -0.231532 -0.239778 -0.247620 -0.276853 -0.251136 0.000000 0.000000 0.000000 0.000000 0.000000 0.000000 0.000000 0.000000 0.000000 0.000000 0.000000 0.000000 0.000000 0.000000 0.000000 0.000000 0.000000 0.000000 0.000000 0.000000 0.000000 0.000000 0.000000 0.000000 0.000000 0.000000 0.000000 0.000000 0.000000 0.000000 0.000000 0.000000 0.000000 0.000000 0.000000
-0.032683 -0.133756 -0.143830 -0.146804 -0.155583 -0.157992 -0.167187 -0.170898 -0.178735 -0.183950 -0.191140 -0.196973 -0.202675 -0.231479 -0.242816 0.000000 0.000000 0.000000 0.000000 0.000000 0.000000 0.000000 0.000000 0.000000 0.000000 0.000000 0.000000 0.000000 0.000000 0.000000 0.000000 0.000000 0.000000 0.000000 0.000000 0.000000 0.000000 0.000000 0.000000 0.000000 0.000000 0.000000 0.000000 0.000000 0.000000 0.000000 0.000000 0.000000 0.000000 0.000000
-0.045036 -0.100722 -0.118800 -0.115308 -0.122126 -0.123413 -0.133494 -0.133588 -0.143766 -0.148800 -0.154102 -0.158312 -0.163690 -0.184674 -0.198971 0.000000 0.000000 0.000000 0.000000 0.000000 0.000000 0.000000 0.000000 0.000000 0.000000 0.000000 0.000000 0.000000 0.000000 0.000000 0.000000 0.000000 0.000000 0.000000 0.000000 0.000000 0.000000 0.000000 0.000000 0.000000 0.000000 0.000000 0.000000 0.000000 0.000000 0.000000 0.000000 0.000000 0.000000 0.000000
-0.002117 -0.115718 -0.112648 -0.079412 -0.097952 -0.090999 -0.097529 -0.100163 -0.105449 -0.107877 -0.112563 -0.114755 -0.118885 -0.138757 -0.132509 0.000000 0.000000 0.000000 0.000000 0.000000 0.000000 0.000000 0.000000 0.000000 0.000000 0.000000 0.000000 0.000000 0.000000 0.000000 0.000000 0.000000 0.000000 0.000000 0.000000 0.000000 0.000000 0.000000 0.000000 0.000000 0.000000 0.000000 0.000000 0.000000 0.000000 0.000000 0.000000 0.000000 0.000000 0.000000
-0.019310 -0.050374 -0.090303 -0.098090 -0.105767 -0.094068 -0.099741 -0.097952 -0.103100 -0.103774 -0.109648 -0.111570 -0.116708 -0.095240 -0.087841 0.000000 0.000000 0.000000 0.000000 0.000000 0.000000 0.000000 0.000000 0.000000 0.000000 0.000000 0.000000 0.000000 0.000000 0.000000 0.000000 0.000000 0.000000 0.000000 0.000000 0.000000 0.000000 0.000000 0.000000 0.000000 0.000000 0.000000 0.000000 0.000000 0.000000 0.000000 0.000000 0.000000 0.000000 0.000000
-0.018992 -0.035547 -0.035546 -0.047545 -0.041456 -0.053929 -0.036618 -0.061027 -0.054671 -0.034098 -0.058978 -0.057431 -0.056458 -0.048642 -0.052697 0.000000 0.000000 0.000000 0.000000 0.000000 0.000000 0.000000 0.000000 0.000000 0.000000 0.000000 0.000000 0.000000 0.000000 0.000000 0.000000 0.000000 0.000000 0.000000 0.000000 0.000000 0.000000 0.000000 0.000000 0.000000 0.000000 0.000000 0.000000 0.000000 0.000000 0.000000 0.000000 0.000000 0.000000 0.000000
-0.008983 -0.007037 -0.041076 -0.000850 0.000970 -0.019634 -0.018412 -0.021477 -0.018901 -0.031597 -0.017851 -0.003923 -0.010641 -0.003214 -0.003137 0.000000 0.000000 0.000000 0.000000 0.000000 0.000000 0.000000 0.000000 0.000000 0.000000 0.000000 0.000000 0.000000 0.000000 0.000000 0.000000 0.000000 0.000000 0.000000 0.000000 0.000000 0.000000 0.000000 0.000000 0.000000 0.000000 0.000000 0.000000 0.000000 0.000000 0.000000 0.000000 0.000000 0.000000 0.000000
