0.000000 0.000000 0.000000 0.000000 0.000000 0.000000 0.000000 0.000000 0.000000 0.000000 0.000000 0.000912 0.004761 0.011886 0.015122 0.016215 0.013940 0.034380 0.035849 0.036247 0.034985 0.020944 0.018469 0.015724 0.012090 0.009696 0.003971 0.001058 0.000000 0.000000 0.000000 0.000000 0.000000 0.000000 0.000000 0.000000 0.000000 0.000000 0.000000 0.000000 0.000000 0.000000 0.000000 0.000000 0.000000 0.000000 0.000000 0.000000 0.000000 0.000000
0.000000 0.000000 0.000000 0.000000 0.000000 0.000000 0.000000 0.000000 0.000000 0.000000 0.000000 0.001216 0.004665 0.012406 0.015408 0.016682 0.022205 0.021723 0.023392 0.025673 0.023524 0.022686 0.022113 0.018820 0.014132 0.012542 0.003256 0.000566 0.000000 0.000000 0.000000 0.000000 0.000000 0.000000 0.000000 0.000000 0.000000 0.000000 0.000000 0.000000 0.000000 0.000000 0.000000 0.000000 0.000000 0.000000 0.000000 0.000000 0.000000 0.000000
0.000000 0.000000 0.000000 0.000000 0.000000 0.000000 0.000000 0.000000 0.000000 0.000000 0.000000 0.001050 0.006483 0.011591 0.016851 0.021443 0.025402 0.028618 0.030689 0.031814 0.031629 0.030394 0.027539 0.024066 0.018381 0.011235 0.003494 0.001253 0.000000 0.000000 0.000000 0.000000 0.000000 0.000000 0.000000 0.000000 0.000000 0.000000 0.000000 0.000000 0.000000 0.000000 0.000000 0.000000 0.000000 0.000000 0.000000 0.000000 0.000000 0.000000
0.000000 0.000000 0.000000 0.000000 0.000000 0.000000 0.000000 0.000000 0.000000 0.000000 0.000000 0.000741 0.005423 0.012385 0.016315 0.021552 0.025503 0.028855 0.030896 0.032062 0.031887 0.030711 0.027878 0.024336 0.018683 0.012273 0.012216 0.000924 0.000000 0.000000 0.000000 0.000000 0.000000 0.000000 0.000000 0.000000 0.000000 0.000000 0.000000 0.000000 0.000000 0.000000 0.000000 0.000000 0.000000 0.000000 0.000000 0.000000 0.000000 0.000000
0.000000 0.000000 0.000000 0.000000 0.000000 0.000000 0.000000 0.000000 0.000000 0.000000 0.000000 0.004328 0.008643 0.013271 0.018266 0.024074 0.028412 0.032215 0.034680 0.036101 0.036009 0.034758 0.031627 0.027839 0.021655 0.012815 0.004273 0.001783 0.000000 0.000000 0.000000 0.000000 0.000000 0.000000 0.000000 0.000000 0.000000 0.000000 0.000000 0.000000 0.000000 0.000000 0.000000 0.000000 0.000000 0.000000 0.000000 0.000000 0.000000 0.000000
0.000000 0.000000 0.000000 0.000000 0.000000 0.000000 0.000000 0.000000 0.000000 0.000000 0.000000 0.005035 0.007951 0.015320 0.020538 0.027224 0.032095 0.036471 0.039345 0.041111 0.041185 0.039975 0.036616 0.032365 0.025264 0.014284 0.013631 0.000573 0.000000 0.000000 0.000000 0.000000 0.000000 0.000000 0.000000 0.000000 0.000000 0.000000 0.000000 0.000000 0.000000 0.000000 0.000000 0.000000 0.000000 0.000000 0.000000 0.000000 0.000000 0.000000
0.000000 0.000000 0.000000 0.000000 0.000000 0.000000 0.000000 0.000000 0.000000 0.000000 0.000000 0.000645 0.009037 0.017044 0.023579 0.031168 0.036900 0.042022 0.045526 0.047781 0.048140 0.047008 0.043352 0.038604 0.030239 0.017298 0.016547 0.002986 0.000000 0.000000 0.000000 0.000000 0.000000 0.000000 0.000000 0.000000 0.000000 0.000000 0.000000 0.000000 0.000000 0.000000 0.000000 0.000000 0.000000 0.000000 0.000000 0.000000 0.000000 0.000000
0.000000 0.000000 0.000000 0.000000 0.000000 0.000000 0.000000 0.000000 0.000000 0.000000 0.000000 0.003088 0.012447 0.020103 0.027303 0.036165 0.042759 0.048813 0.053066 0.055971 0.056771 0.055831 0.051976 0.046662 0.036974 0.021226 0.020246 0.003926 0.000000 0.000000 0.000000 0.000000 0.000000 0.000000 0.000000 0.000000 0.000000 0.000000 0.000000 0.000000 0.000000 0.000000 0.000000 0.000000 0.000000 0.000000 0.000000 0.000000 0.000000 0.000000
0.000000 0.000000 0.000000 0.000000 0.000000 0.000000 0.000000 0.000000 0.000000 0.000000 0.000000 0.006104 0.008175 0.022989 0.031788 0.042023 0.049821 0.057023 0.062278 0.066084 0.067566 0.067062 0.063094 0.057366 0.045740 0.027068 0.025971 0.011536 0.000000 0.000000 0.000000 0.000000 0.000000 0.000000 0.000000 0.000000 0.000000 0.000000 0.000000 0.000000 0.000000 0.000000 0.000000 0.000000 0.000000 0.000000 0.000000 0.000000 0.000000 0.000000
0.000000 0.000000 0.000000 0.000000 0.000000 0.000000 0.000000 0.000000 0.000000 0.000000 0.000000 -0.010115 0.018847 0.027629 0.037385 0.049296 0.058269 0.066801 0.073241 0.078197 0.080691 0.080880 0.077190 0.070992 0.057904 0.035650 0.033212 0.003817 0.000000 0.000000 0.000000 0.000000 0.000000 0.000000 0.000000 0.000000 0.000000 0.000000 0.000000 0.000000 0.000000 0.000000 0.000000 0.000000 0.000000 0.000000 0.000000 0.000000 0.000000 0.000000
0.000000 0.000000 0.000000 0.000000 0.000000 0.000000 0.000000 0.000000 0.000000 0.000000 0.000000 -0.003281 0.011969 0.032375 0.043774 0.057550 0.067966 0.078103 0.086040 0.092594 0.096550 0.098120 0.095100 0.089395 0.073969 0.048375 0.045737 0.018447 0.000000 0.000000 0.000000 0.000000 0.000000 0.000000 0.000000 0.000000 0.000000 0.000000 0.000000 0.000000 0.000000 0.000000 0.000000 0.000000 0.000000 0.000000 0.000000 0.000000 0.000000 0.000000
0.000000 0.000000 0.000000 0.000000 0.000000 0.000000 0.000000 0.000000 0.000000 0.000000 0.000000 -0.011322 0.027567 0.039239 0.051889 0.067538 0.079344 0.091118 0.100808 0.109282 0.115352 0.118852 0.117603 0.112935 0.096341 0.073027 0.059835 0.003358 0.000000 0.000000 0.000000 0.000000 0.000000 0.000000 0.000000 0.000000 0.000000 0.000000 0.000000 0.000000 0.000000 0.000000 0.000000 0.000000 0.000000 0.000000 0.000000 0.000000 0.000000 0.000000
0.000000 0.000000 0.000000 0.000000 0.000000 0.000000 0.000000 0.000000 0.000000 0.000000 0.000000 0.007467 0.025604 0.049272 0.061396 0.078886 0.091753 0.105486 0.117181 0.128310 0.137156 0.144050 0.145697 0.144116 0.129059 0.097175 0.099232 0.003693 0.000000 0.000000 0.000000 0.000000 0.000000 0.000000 0.000000 0.000000 0.000000 0.000000 0.000000 0.000000 0.000000 0.000000 0.000000 0.000000 0.000000 0.000000 0.000000 0.000000 0.000000 0.000000
0.000000 0.000000 0.000000 0.000000 0.000000 0.000000 0.000000 0.000000 0.000000 0.000000 0.000000 0.004584 0.044419 0.059909 0.074560 0.091759 0.105955 0.121121 0.135208 0.149245 0.161893 0.173218 0.180023 0.184023 0.173472 0.160306 0.091477 0.003372 0.000000 0.000000 0.000000 0.000000 0.000000 0.000000 0.000000 0.000000 0.000000 0.000000 0.000000 0.000000 0.000000 0.000000 0.000000 0.000000 0.000000 0.000000 0.000000 0.000000 0.000000 0.000000
0.000000 0.000000 0.000000 0.000000 0.000000 0.000000 0.000000 0.000000 0.000000 0.000000 0.000000 0.012541 0.077729 0.078395 0.088214 0.105806 0.119796 0.137035 0.153538 0.171478 0.188481 0.206613 0.219576 0.235692 0.232661 0.241643 0.184890 0.067683 0.000000 0.000000 0.000000 0.000000 0.000000 0.000000 0.000000 0.000000 0.000000 0.000000 0.000000 0.000000 0.000000 0.000000 0.000000 0.000000 0.000000 0.000000 0.000000 0.000000 0.000000 0.000000
0.002752 0.004085 0.015592 0.024271 0.033535 0.032065 0.042840 0.063385 0.118700 0.134339 0.228514 0.240845 0.127333 0.103756 0.106340 0.120466 0.134290 0.152616 0.171912 0.193979 0.216370 0.243006 0.264760 0.298124 0.311764 0.369781 0.513811 1.008983 0.829532 0.617304 0.656498 0.687666 0.488579 0.438081 0.485094 0.341677 0.317971 0.283443 0.253767 0.223892 0.199794 0.168192 0.183058 0.124371 0.098919 0.070428 0.058090 0.051167 0.030495 0.002059
-0.000222 0.007316 0.012353 0.017773 0.024674 0.033512 0.049008 0.062592 0.085390 0.113398 0.139444 0.125963 0.134406 0.118728 0.116992 0.130614 0.144920 0.165555 0.188013 0.214555 0.242702 0.276245 0.308872 0.355374 0.387135 0.482550 0.577465 0.764734 0.768232 0.710207 0.657675 0.605765 0.553770 0.503140 0.455403 0.398929 0.387034 0.354720 0.304309 0.265772 0.229619 0.198229 0.168390 0.140082 0.112470 0.090265 0.064977 0.048848 0.030061 -0.003155
0.000252 0.005831 0.013445 0.013053 0.019743 0.026803 0.036799 0.048560 0.064713 0.082441 0.103433 0.117373 0.116686 0.117146 0.121681 0.135111 0.152436 0.175251 0.201408 0.232114 0.266191 0.305761 0.348869 0.400801 0.457002 0.529258 0.624816 0.716264 0.731661 0.708498 0.678067 0.631592 0.578681 0.524671 0.471641 0.418891 0.369244 0.322017 0.279560 0.242085 0.208515 0.177481 0.148531 0.122759 0.098003 0.076798 0.054729 0.055102 0.026704 -0.004628
0.000542 0.005528 0.010504 0.010885 0.016361 0.022232 0.030328 0.039947 0.052243 0.065987 0.081592 0.091322 0.095486 0.102463 0.115157 0.133026 0.154178 0.180369 0.210277 0.245145 0.284340 0.329530 0.379078 0.437258 0.497940 0.567899 0.641765 0.712195 0.747263 0.733963 0.699023 0.648258 0.591849 0.531774 0.473691 0.417934 0.365766 0.318205 0.275473 0.237189 0.202848 0.171832 0.143780 0.118575 0.094969 0.074412 0.052879 0.051758 0.027207 -0.006875
-0.000602 0.004017 0.006726 0.007010 0.010420 0.014265 0.019631 0.025958 0.034474 0.044078 0.055731 0.067551 0.078703 0.091490 0.107555 0.128245 0.152632 0.181676 0.215066 0.253789 0.297944 0.348877 0.406159 0.471406 0.542975 0.618296 0.693800 0.754475 0.776856 0.760908 0.719827 0.661977 0.596973 0.530264 0.466673 0.407177 0.353356 0.304916 0.262097 0.224337 0.190950 0.161223 0.134420 0.110624 0.088288 0.068976 0.048795 0.047758 0.025404 0.001709
0.000074 0.002888 0.002757 0.002890 0.004456 0.006264 0.008918 0.012356 0.017189 0.023508 0.032211 0.042626 0.055959 0.073274 0.093845 0.118144 0.145888 0.177798 0.214161 0.256059 0.303997 0.359614 0.422690 0.495022 0.573634 0.660051 0.740027 0.817175 0.850815 0.823546 0.767869 0.690748 0.610076 0.530727 0.458442 0.393642 0.337053 0.287794 0.245226 0.208313 0.176186 0.148007 0.123031 0.100897 0.080540 0.062728 0.044401 0.043459 0.023990 -0.008379
-0.003876 0.000777 -0.001788 -0.001859 -0.002659 -0.003268 -0.003823 -0.003988 -0.003225 -0.000912 0.004673 0.015312 0.032338 0.053936 0.078315 0.105520 0.135823 0.169849 0.208474 0.253007 0.304426 0.365247 0.436129 0.519331 0.615770 0.721065 0.829762 0.920841 0.951943 0.910031 0.821942 0.717894 0.614730 0.520421 0.438922 0.369461 0.311237 0.262256 0.221093 0.186208 0.156428 0.130694 0.108207 0.088365 0.070459 0.054188 0.038918 0.037956 0.019022 0.000452
0.000256 -0.001707 -0.006056 -0.006337 -0.009134 -0.012118 -0.015888 -0.019717 -0.023786 -0.026269 -0.025609 -0.017199 0.001344 0.028119 0.057554 0.088320 0.121141 0.156512 0.196113 0.241440 0.293660 0.356612 0.430371 0.521201 0.627985 0.759004 0.897218 1.070888 1.144869 1.053049 0.917207 0.763061 0.624904 0.507863 0.414063 0.339061 0.279536 0.231614 0.192731 0.160698 0.134007 0.111286 0.091790 0.074648 0.059589 0.046294 0.032740 0.032713 0.019195 0.007092
-0.000179 -0.002710 -0.010366 -0.010799 -0.016150 -0.021784 -0.029453 -0.038176 -0.048712 -0.059259 -0.066217 -0.059049 -0.029313 0.004453 0.037215 0.069892 0.104263 0.139704 0.178990 0.223999 0.276120 0.341082 0.420369 0.521583 0.657616 0.826634 1.061344 1.283390 1.352669 1.241063 1.010098 0.778544 0.595856 0.460205 0.360590 0.286425 0.230679 0.187780 0.154143 0.127157 0.105145 0.086711 0.071218 0.057635 0.046013 0.034924 0.026035 0.026263 0.014789 -0.001046
-0.000681 -0.005307 -0.013919 -0.013369 -0.020405 -0.027922 -0.038599 -0.051510 -0.069524 -0.089029 -0.111269 -0.113751 -0.078665 -0.032459 0.012684 0.048041 0.084261 0.117966 0.154971 0.196184 0.242857 0.302721 0.372526 0.469344 0.597060 0.768842 1.031656 1.424908 1.834740 1.533694 1.112227 0.773419 0.546523 0.393464 0.292793 0.223968 0.175849 0.140297 0.113398 0.092615 0.076236 0.062414 0.051069 0.041056 0.033064 0.025405 0.020127 0.018243 -0.001660 -0.001091
-0.000831 -0.008313 -0.013214 -0.020193 -0.029324 -0.034268 -0.055567 -0.078906 -0.110760 -0.178898 -0.292249 -0.220452 -0.076224 -0.044506 -0.003185 0.031534 0.064792 0.094919 0.127691 0.163722 0.203506 0.257129 0.315292 0.410547 0.510244 0.721611 1.096306 2.117902 2.956961 1.874729 0.908053 0.492726 0.296209 0.194645 0.136400 0.100618 0.077664 0.061874 0.047092 0.038421 0.031893 0.026370 0.020565 0.017919 0.015894 0.011118 0.008658 0.006549 0.001426 0.001589
-0.001090 -0.005284 -0.010670 -0.016496 -0.024319 -0.034308 -0.048008 -0.067079 -0.097729 -0.146363 -0.285264 -0.431575 -0.030828 -0.052530 -0.004100 0.017542 0.047531 0.069966 0.096857 0.123694 0.151072 0.190465 0.215564 0.291169 0.298216 0.483455 0.328179 1.695840 2.893373 2.230702 0.916000 0.433799 0.283257 0.140767 0.090005 0.060902 0.043672 0.028638 0.025420 0.018160 0.014898 0.007163 0.009024 0.009561 0.005146 0.004112 0.003048 0.002464 0.002461 -0.002373
0.000000 0.000000 0.000000 0.000000 0.000000 0.000000 0.000000 0.000000 0.000000 0.000000 0.000000 -0.005686 -0.020668 -0.030449 -0.002975 0.011290 0.031106 0.045928 0.064080 0.078598 0.095791 0.109256 0.120522 0.127373 0.113488 0.102803 -0.168630 -0.508759 0.000000 0.000000 0.000000 0.000000 0.000000 0.000000 0.000000 0.000000 0.000000 0.000000 0.000000 0.000000 0.000000 0.000000 0.000000 0.000000 0.000000 0.000000 0.000000 0.000000 0.000000 0.000000
0.000000 0.000000 0.000000 0.000000 0.000000 0.000000 0.000000 0.000000 0.000000 0.000000 0.000000 -0.005648 -0.001612 -0.013641 -0.002818 0.003928 0.014844 0.021473 0.031690 0.034616 0.043450 0.036481 0.040464 0.012502 0.000367 -0.124899 -0.390200 -0.555356 0.000000 0.000000 0.000000 0.000000 0.000000 0.000000 0.000000 0.000000 0.000000 0.000000 0.000000 0.000000 0.000000 0.000000 0.000000 0.000000 0.000000 0.000000 0.000000 0.000000 0.000000 0.000000
0.000000 0.000000 0.000000 0.000000 0.000000 0.000000 0.000000 0.000000 0.000000 0.000000 0.000000 0.024953 0.015025 -0.006230 -0.004957 -0.004220 -0.000507 -0.001496 0.001812 -0.004689 -0.003436 -0.022461 -0.024551 -0.073191 -0.084298 -0.240380 -0.405822 -0.471683 0.000000 0.000000 0.000000 0.000000 0.000000 0.000000 0.000000 0.000000 0.000000 0.000000 0.000000 0.000000 0.000000 0.000000 0.000000 0.000000 0.000000 0.000000 0.000000 0.000000 0.000000 0.000000
0.000000 0.000000 0.000000 0.000000 0.000000 0.000000 0.000000 0.000000 0.000000 0.000000 0.000000 0.002612 0.009220 -0.004694 -0.009694 -0.012542 -0.015738 -0.023317 -0.026747 -0.042397 -0.046985 -0.082501 -0.082299 -0.155820 -0.172879 -0.313224 -0.362094 -0.493164 0.000000 0.000000 0.000000 0.000000 0.000000 0.000000 0.000000 0.000000 0.000000 0.000000 0.000000 0.000000 0.000000 0.000000 0.000000 0.000000 0.000000 0.000000 0.000000 0.000000 0.000000 0.000000
0.000000 0.000000 0.000000 0.000000 0.000000 0.000000 0.000000 0.000000 0.000000 0.000000 0.000000 -0.009302 0.006620 -0.006325 -0.012897 -0.020794 -0.029339 -0.042332 -0.052196 -0.073087 -0.085046 -0.122062 -0.134625 -0.182335 -0.221759 -0.356608 -0.410064 -0.495332 0.000000 0.000000 0.000000 0.000000 0.000000 0.000000 0.000000 0.000000 0.000000 0.000000 0.000000 0.000000 0.000000 0.000000 0.000000 0.000000 0.000000 0.000000 0.000000 0.000000 0.000000 0.000000
0.000000 0.000000 0.000000 0.000000 0.000000 0.000000 0.000000 0.000000 0.000000 0.000000 0.000000 -0.004392 0.010210 -0.002382 -0.014316 -0.026465 -0.040764 -0.059111 -0.074068 -0.100025 -0.117380 -0.160499 -0.179210 -0.245738 -0.271063 -0.387335 -0.433850 -0.459816 0.000000 0.000000 0.000000 0.000000 0.000000 0.000000 0.000000 0.000000 0.000000 0.000000 0.000000 0.000000 0.000000 0.000000 0.000000 0.000000 0.000000 0.000000 0.000000 0.000000 0.000000 0.000000
0.000000 0.000000 0.000000 0.000000 0.000000 0.000000 0.000000 0.000000 0.000000 0.000000 0.000000 0.020531 0.018450 0.003468 -0.013436 -0.030979 -0.050845 -0.074119 -0.093201 -0.122270 -0.143256 -0.185831 -0.205569 -0.260224 -0.295992 -0.410286 -0.454256 -0.556104 0.000000 0.000000 0.000000 0.000000 0.000000 0.000000 0.000000 0.000000 0.000000 0.000000 0.000000 0.000000 0.000000 0.000000 0.000000 0.000000 0.000000 0.000000 0.000000 0.000000 0.000000 0.000000
0.000000 0.000000 0.000000 0.000000 0.000000 0.000000 0.000000 0.000000 0.000000 0.000000 0.000000 -0.018350 0.052438 0.025038 -0.009395 -0.032471 -0.059392 -0.086764 -0.110325 -0.142864 -0.166857 -0.213602 -0.234105 -0.301630 -0.319209 -0.429308 -0.502647 -0.420281 0.000000 0.000000 0.000000 0.000000 0.000000 0.000000 0.000000 0.000000 0.000000 0.000000 0.000000 0.000000 0.000000 0.000000 0.000000 0.000000 0.000000 0.000000 0.000000 0.000000 0.000000 0.000000
0.000837 0.008132 0.014344 0.021592 0.035333 0.047628 0.057186 0.087363 0.103752 0.206697 0.240258 0.530139 0.067671 0.043719 0.004153 -0.034715 -0.066489 -0.098542 -0.125193 -0.159751 -0.185310 -0.231291 -0.251425 -0.311974 -0.335272 -0.441533 -0.460022 -0.413769 0.000000 0.000000 0.000000 0.000000 0.000000 0.000000 0.000000 0.000000 0.000000 0.000000 0.000000 0.000000 0.000000 0.000000 0.000000 0.000000 0.000000 0.000000 0.000000 0.000000 0.000000 0.000000
-0.000429 0.007402 0.017411 0.025957 0.035688 0.048292 0.065007 0.087868 0.106293 0.177442 0.241407 0.145560 0.132178 0.041610 -0.010641 -0.044662 -0.078562 -0.111271 -0.139931 -0.175705 -0.202367 -0.249593 -0.269202 -0.334918 -0.347771 -0.451527 -0.482003 -0.507104 0.000000 0.000000 0.000000 0.000000 0.000000 0.000000 0.000000 0.000000 0.000000 0.000000 0.000000 0.000000 0.000000 0.000000 0.000000 0.000000 0.000000 0.000000 0.000000 0.000000 0.000000 0.000000
0.001499 0.006906 0.015200 0.022598 0.030720 0.030955 0.040490 0.052116 0.065436 0.079892 0.094573 0.087451 0.053439 0.011037 -0.024512 -0.059383 -0.091460 -0.125112 -0.153560 -0.189615 -0.216302 -0.262254 -0.280507 -0.340554 -0.354561 -0.456886 -0.452027 -0.424158 0.000000 0.000000 0.000000 0.000000 0.000000 0.000000 0.000000 0.000000 0.000000 0.000000 0.000000 0.000000 0.000000 0.000000 0.000000 0.000000 0.000000 0.000000 0.000000 0.000000 0.000000 0.000000
0.001516 0.008069 0.012209 0.012541 0.017986 0.023052 0.029605 0.035731 0.043181 0.047506 0.051601 0.041016 0.016280 -0.010976 -0.044360 -0.074679 -0.105875 -0.138910 -0.166890 -0.202847 -0.229592 -0.276139 -0.294224 -0.359963 -0.364564 -0.462995 -0.458634 -0.417124 0.000000 0.000000 0.000000 0.000000 0.000000 0.000000 0.000000 0.000000 0.000000 0.000000 0.000000 0.000000 0.000000 0.000000 0.000000 0.000000 0.000000 0.000000 0.000000 0.000000 0.000000 0.000000
-0.000039 0.001561 0.008397 0.008669 0.012225 0.015272 0.018986 0.021633 0.024495 0.023967 0.021028 0.011142 -0.008592 -0.034474 -0.062114 -0.090898 -0.119781 -0.152386 -0.179241 -0.214437 -0.240616 -0.285206 -0.302741 -0.363176 -0.371256 -0.469819 -0.463660 -0.505303 0.000000 0.000000 0.000000 0.000000 0.000000 0.000000 0.000000 0.000000 0.000000 0.000000 0.000000 0.000000 0.000000 0.000000 0.000000 0.000000 0.000000 0.000000 0.000000 0.000000 0.000000 0.000000
-0.000635 -0.000390 0.004445 0.004587 0.006272 0.007332 0.008518 0.008333 0.007862 0.003802 -0.002015 -0.013983 -0.032350 -0.054287 -0.079357 -0.105714 -0.133179 -0.164491 -0.190716 -0.225076 -0.250859 -0.294489 -0.311860 -0.371325 -0.376518 -0.474867 -0.468386 -0.506782 0.000000 0.000000 0.000000 0.000000 0.000000 0.000000 0.000000 0.000000 0.000000 0.000000 0.000000 0.000000 0.000000 0.000000 0.000000 0.000000 0.000000 0.000000 0.000000 0.000000 0.000000 0.000000
0.000403 0.004512 0.000672 0.000680 0.000630 -0.000005 -0.001050 -0.003398 -0.006821 -0.012863 -0.021456 -0.033848 -0.050879 -0.071386 -0.094351 -0.119460 -0.145495 -0.176347 -0.201203 -0.234581 -0.259377 -0.301104 -0.316339 -0.372017 -0.376365 -0.473421 -0.475211 -0.501306 0.000000 0.000000 0.000000 0.000000 0.000000 0.000000 0.000000 0.000000 0.000000 0.000000 0.000000 0.000000 0.000000 0.000000 0.000000 0.000000 0.000000 0.000000 0.000000 0.000000 0.000000 0.000000
0.001112 -0.003197 -0.002893 -0.003003 -0.004634 -0.006734 -0.009600 -0.013720 -0.019100 -0.026812 -0.036722 -0.049861 -0.066441 -0.085769 -0.107564 -0.131417 -0.156390 -0.185466 -0.210388 -0.242615 -0.267756 -0.309344 -0.326106 -0.384055 -0.384735 -0.479902 -0.478227 -0.502859 0.000000 0.000000 0.000000 0.000000 0.000000 0.000000 0.000000 0.000000 0.000000 0.000000 0.000000 0.000000 0.000000 0.000000 0.000000 0.000000 0.000000 0.000000 0.000000 0.000000 0.000000 0.000000
0.001044 -0.004605 -0.006041 -0.006166 -0.009219 -0.012589 -0.016896 -0.022404 -0.029269 -0.038134 -0.049115 -0.062680 -0.079005 -0.097835 -0.118782 -0.141915 -0.166105 -0.185756 -0.218903 -0.250865 -0.275422 -0.314550 -0.329947 -0.384304 -0.387722 -0.481489 -0.500319 -0.494112 0.000000 0.000000 0.000000 0.000000 0.000000 0.000000 0.000000 0.000000 0.000000 0.000000 0.000000 0.000000 0.000000 0.000000 0.000000 0.000000 0.000000 0.000000 0.000000 0.000000 0.000000 0.000000
0.000280 -0.005339 -0.008885 -0.009138 -0.013066 -0.017565 -0.022999 -0.029669 -0.037659 -0.047456 -0.059140 -0.073074 -0.089302 -0.107727 -0.128084 -0.150494 -0.173973 -0.195706 -0.225227 -0.255433 -0.279643 -0.315203 -0.333680 -0.386427 -0.388436 -0.483143 -0.508117 -0.501170 0.000000 0.000000 0.000000 0.000000 0.000000 0.000000 0.000000 0.000000 0.000000 0.000000 0.000000 0.000000 0.000000 0.000000 0.000000 0.000000 0.000000 0.000000 0.000000 0.000000 0.000000 0.000000
0.000786 -0.001980 -0.011123 -0.011435 -0.016463 -0.021416 -0.028030 -0.035193 -0.044219 -0.054540 -0.066841 -0.080979 -0.097258 -0.115492 -0.135560 -0.157692 -0.180811 -0.201747 -0.231217 -0.262805 -0.285683 -0.326688 -0.343959 -0.397636 -0.393159 -0.488497 -0.464908 -0.432850 0.000000 0.000000 0.000000 0.000000 0.000000 0.000000 0.000000 0.000000 0.000000 0.000000 0.000000 0.000000 0.000000 0.000000 0.000000 0.000000 0.000000 0.000000 0.000000 0.000000 0.000000 0.000000
-0.000108 -0.007414 -0.010973 -0.013417 -0.019134 -0.024901 -0.032028 -0.040043 -0.049427 -0.060362 -0.072941 -0.087322 -0.103564 -0.121637 -0.141361 -0.162997 -0.185682 -0.209830 -0.235158 -0.262797 -0.286966 -0.314172 -0.338207 -0.384122 -0.388404 -0.476803 -0.520169 -0.432211 0.000000 0.000000 0.000000 0.000000 0.000000 0.000000 0.000000 0.000000 0.000000 0.000000 0.000000 0.000000 0.000000 0.000000 0.000000 0.000000 0.000000 0.000000 0.000000 0.000000 0.000000 0.000000
-0.000709 -0.006928 -0.013146 -0.018954 -0.018969 -0.025078 -0.032316 -0.040382 -0.049872 -0.060824 -0.073448 -0.087849 -0.104092 -0.122173 -0.141874 -0.163590 -0.185879 -0.211984 -0.235397 -0.265704 -0.288250 -0.328900 -0.347707 -0.392083 -0.424887 -0.445377 -0.507883 -0.507643 0.000000 0.000000 0.000000 0.000000 0.000000 0.000000 0.000000 0.000000 0.000000 0.000000 0.000000 0.000000 0.000000 0.000000 0.000000 0.000000 0.000000 0.000000 0.000000 0.000000 0.000000 0.000000
0.001134 -0.008678 -0.013482 -0.017604 -0.025503 -0.032826 -0.041086 -0.050573 -0.061329 -0.073562 -0.087393 -0.102903 -0.120106 -0.130748 -0.150645 -0.172218 -0.214167 -0.219798 -0.268530 -0.272647 -0.299887 -0.336853 -0.351747 -0.384070 -0.409328 -0.421139 -0.512236 -0.431584 0.000000 0.000000 0.000000 0.000000 0.000000 0.000000 0.000000 0.000000 0.000000 0.000000 0.000000 0.000000 0.000000 0.000000 0.000000 0.000000 0.000000 0.000000 0.000000 0.000000 0.000000 0.000000
-0.000182 -0.010040 -0.010658 -0.015917 -0.028426 -0.028666 -0.044632 -0.054515 -0.056333 -0.062873 -0.093099 -0.109205 -0.150974 -0.136502 -0.156296 -0.178215 -0.196241 -0.206080 -0.310018 -0.253433 -0.309944 -0.324115 -0.320160 -0.406725 -0.454414 -0.395762 -0.564405 -0.492153 0.000000 0.000000 0.000000 0.000000 0.000000 0.000000 0.000000 0.000000 0.000000 0.000000 0.000000 0.000000 0.000000 0.000000 0.000000 0.000000 0.000000 0.000000 0.000000 0.000000 0.000000 0.000000
