0.004515 -0.001552 -0.021344 -0.009983 -0.009718 -0.010258 0.002837 -0.005417 -0.007106 -0.013326 -0.015890 -0.026434 -0.013286 -0.019850 -0.017726 -0.023000 -0.042748 -0.024298 -0.027922 -0.021951 -0.007158 -0.012181 -0.004628 0.000000 0.000000 0.000000 0.000000 0.000000 0.000000 0.000000 0.000000 0.000000 0.000000 0.000000 0.000000 0.000000 0.000000 0.000000 0.000000 0.000000 0.000000 0.000000 0.000000 0.000000 0.000000 0.000000 0.000000 0.000000 0.000000 0.000000
0.012275 -0.013792 -0.031667 0.006643 -0.035508 -0.038986 -0.016117 -0.028307 -0.052408 -0.028911 -0.062083 -0.015580 -0.069881 -0.020863 -0.062119 -0.066128 -0.022491 -0.019491 -0.017267 0.001679 -0.025979 -0.003669 -0.020378 0.000000 0.000000 0.000000 0.000000 0.000000 0.000000 0.000000 0.000000 0.000000 0.000000 0.000000 0.000000 0.000000 0.000000 0.000000 0.000000 0.000000 0.000000 0.000000 0.000000 0.000000 0.000000 0.000000 0.000000 0.000000 0.000000 0.000000
0.003546 -0.015196 -0.021616 -0.024149 -0.022499 -0.032543 -0.037782 -0.045255 -0.052734 -0.060891 -0.068383 -0.077324 -0.085827 -0.094557 -0.102986 -0.110692 -0.114746 -0.117352 -0.112735 -0.104054 -0.073340 -0.041864 0.002731 0.000000 0.000000 0.000000 0.000000 0.000000 0.000000 0.000000 0.000000 0.000000 0.000000 0.000000 0.000000 0.000000 0.000000 0.000000 0.000000 0.000000 0.000000 0.000000 0.000000 0.000000 0.000000 0.000000 0.000000 0.000000 0.000000 0.000000
-0.011661 -0.023828 -0.025840 -0.015386 -0.024044 -0.033001 -0.038798 -0.046866 -0.053839 -0.062208 -0.071826 -0.080586 -0.090979 -0.099732 -0.107083 -0.114037 -0.119264 -0.120250 -0.116808 -0.104717 -0.095141 -0.038983 -0.023732 0.000000 0.000000 0.000000 0.000000 0.000000 0.000000 0.000000 0.000000 0.000000 0.000000 0.000000 0.000000 0.000000 0.000000 0.000000 0.000000 0.000000 0.000000 0.000000 0.000000 0.000000 0.000000 0.000000 0.000000 0.000000 0.000000 0.000000
-0.014465 0.002706 -0.026669 -0.024076 -0.034304 -0.042236 -0.052370 -0.061039 -0.070612 -0.082387 -0.093415 -0.104229 -0.118534 -0.127928 -0.141408 -0.152167 -0.160477 -0.165372 -0.160521 -0.148046 -0.108767 -0.024105 0.004777 0.000000 0.000000 0.000000 0.000000 0.000000 0.000000 0.000000 0.000000 0.000000 0.000000 0.000000 0.000000 0.000000 0.000000 0.000000 0.000000 0.000000 0.000000 0.000000 0.000000 0.000000 0.000000 0.000000 0.000000 0.000000 0.000000 0.000000
-0.001263 -0.028065 -0.028330 -0.026304 -0.039654 -0.050414 -0.061587 -0.074883 -0.085937 -0.100525 -0.112492 -0.128578 -0.143460 -0.159388 -0.176887 -0.193841 -0.208938 -0.221922 -0.226311 -0.218276 -0.188561 0.058173 0.052499 0.000000 0.000000 0.000000 0.000000 0.000000 0.000000 0.000000 0.000000 0.000000 0.000000 0.000000 0.000000 0.000000 0.000000 0.000000 0.000000 0.000000 0.000000 0.000000 0.000000 0.000000 0.000000 0.000000 0.000000 0.000000 0.000000 0.000000
-0.002592 -0.033438 -0.033375 -0.035385 -0.046898 -0.059401 -0.071984 -0.085800 -0.100419 -0.115903 -0.132919 -0.151177 -0.169967 -0.190714 -0.212942 -0.235804 -0.260504 -0.280400 -0.306073 -0.299648 -0.323189 -0.081825 -1.100584 0.000000 0.000000 0.000000 0.000000 0.000000 0.000000 0.000000 0.000000 0.000000 0.000000 0.000000 0.000000 0.000000 0.000000 0.000000 0.000000 0.000000 0.000000 0.000000 0.000000 0.000000 0.000000 0.000000 0.000000 0.000000 0.000000 0.000000
0.007447 -0.035696 -0.036968 -0.038651 -0.053240 -0.067050 -0.081735 -0.097329 -0.113841 -0.131554 -0.150791 -0.171483 -0.194183 -0.219606 -0.248349 -0.280191 -0.317528 -0.358994 -0.415473 -0.475396 -0.590344 -1.044901 -1.459710 -1.286929 -1.141166 -0.989496 -0.939260 -0.871508 -0.824181 -0.774105 -0.730814 -0.688571 -0.647525 -0.607862 -0.568637 -0.529846 -0.491344 -0.453163 -0.415038 -0.377165 -0.339023 -0.301592 -0.263549 -0.226189 -0.188188 -0.151398 -0.114726 -0.086781 -0.075019 -0.008593
-0.003199 -0.008277 -0.040639 -0.041912 -0.058682 -0.073430 -0.090302 -0.107523 -0.126160 -0.146122 -0.167840 -0.191547 -0.217760 -0.247013 -0.280139 -0.317616 -0.362436 -0.415183 -0.486023 -0.575793 -0.716380 -1.006240 -1.241551 -1.193317 -1.109597 -1.020349 -0.960506 -0.899649 -0.844394 -0.799250 -0.758415 -0.712321 -0.671051 -0.630365 -0.590371 -0.550297 -0.535334 -0.495389 -0.453968 -0.429899 -0.356115 -0.333810 -0.293135 -0.252506 -0.214056 -0.173926 -0.136999 -0.094430 -0.059103 -0.008619
-0.009095 -0.029005 -0.043936 -0.045115 -0.063556 -0.079476 -0.097892 -0.116570 -0.136938 -0.158746 -0.182554 -0.208635 -0.237567 -0.269939 -0.306736 -0.348705 -0.398225 -0.456597 -0.530118 -0.621180 -0.741439 -0.877635 -1.023007 -1.053642 -1.013125 -0.965728 -0.907486 -0.856323 -0.808704 -0.764636 -0.722048 -0.681433 -0.641820 -0.603012 -0.564517 -0.526406 -0.488487 -0.450612 -0.412977 -0.375344 -0.337719 -0.300772 -0.262959 -0.226633 -0.187840 -0.152875 -0.111467 -0.110039 -0.040047 -0.009307
0.002717 -0.003761 -0.046968 -0.048064 -0.067818 -0.084240 -0.103083 -0.123019 -0.144502 -0.168007 -0.193640 -0.221980 -0.253221 -0.288251 -0.327268 -0.371911 -0.422574 -0.481397 -0.550918 -0.630640 -0.726689 -0.835083 -0.932877 -0.971191 -0.945177 -0.913263 -0.878515 -0.838372 -0.799880 -0.759817 -0.721511 -0.682684 -0.644140 -0.605855 -0.567697 -0.529665 -0.491771 -0.453896 -0.416108 -0.378458 -0.340493 -0.302877 -0.264675 -0.227359 -0.188531 -0.152161 -0.112200 -0.109826 -0.081243 -0.019679
-0.006528 -0.005021 -0.049160 -0.050485 -0.071085 -0.088849 -0.109675 -0.130547 -0.153527 -0.177999 -0.204791 -0.234079 -0.266469 -0.302434 -0.342727 -0.387901 -0.439135 -0.496672 -0.562164 -0.634105 -0.713409 -0.791854 -0.858248 -0.889228 -0.891939 -0.879763 -0.854025 -0.824031 -0.789269 -0.753592 -0.716583 -0.679319 -0.641739 -0.604119 -0.566422 -0.528737 -0.491050 -0.453372 -0.415692 -0.378100 -0.340288 -0.302957 -0.264671 -0.228031 -0.187935 -0.153691 -0.111315 -0.106454 -0.060253 -0.013205
-0.004221 -0.006798 -0.047213 -0.066400 -0.086820 -0.108277 -0.131395 -0.133793 -0.156144 -0.182638 -0.211035 -0.241781 -0.275283 -0.312156 -0.352950 -0.398287 -0.448879 -0.504595 -0.566115 -0.631424 -0.699240 -0.763782 -0.819213 -0.851826 -0.856773 -0.849345 -0.831691 -0.806627 -0.777571 -0.745058 -0.710956 -0.675408 -0.639123 -0.602308 -0.565178 -0.527856 -0.490410 -0.452909 -0.415331 -0.377806 -0.340064 -0.302588 -0.264512 -0.227348 -0.188356 -0.152047 -0.111514 -0.107255 -0.038772 0.006236
0.000321 -0.007835 -0.052450 -0.054012 -0.075627 -0.094448 -0.116511 -0.138536 -0.162801 -0.188518 -0.216611 -0.247161 -0.280738 -0.317694 -0.358569 -0.403565 -0.453315 -0.507528 -0.566226 -0.626946 -0.688509 -0.744760 -0.789866 -0.821748 -0.833664 -0.832712 -0.819015 -0.798532 -0.771402 -0.741134 -0.707960 -0.673378 -0.637623 -0.601252 -0.564423 -0.527352 -0.490092 -0.452767 -0.415331 -0.377939 -0.340357 -0.303010 -0.265120 -0.228147 -0.189240 -0.153519 -0.112267 -0.109223 -0.059273 -0.023097
-0.024093 -0.006592 -0.053055 -0.054800 -0.076611 -0.095706 -0.118001 -0.140211 -0.164646 -0.190478 -0.218646 -0.249207 -0.282728 -0.319539 -0.360157 -0.404829 -0.454087 -0.507863 -0.565040 -0.625209 -0.685279 -0.741512 -0.787199 -0.816624 -0.829276 -0.827732 -0.814985 -0.794540 -0.768288 -0.738454 -0.705840 -0.671645 -0.636222 -0.600102 -0.563443 -0.526505 -0.489298 -0.451998 -0.414573 -0.377159 -0.339577 -0.302106 -0.264187 -0.226775 -0.187783 -0.151256 -0.110726 -0.106325 -0.056658 0.005462
-0.012812 -0.010496 -0.053394 -0.055115 -0.076969 -0.096027 -0.118270 -0.140389 -0.164674 -0.190284 -0.218141 -0.248297 -0.281277 -0.317503 -0.357568 -0.401513 -0.450185 -0.503949 -0.561813 -0.619582 -0.683425 -0.738878 -0.787721 -0.820799 -0.830093 -0.830582 -0.815690 -0.795895 -0.768752 -0.739019 -0.706003 -0.671837 -0.636290 -0.600158 -0.563492 -0.526606 -0.489461 -0.452348 -0.415034 -0.377834 -0.340423 -0.303100 -0.265682 -0.228047 -0.189860 -0.152768 -0.113291 -0.109524 -0.062403 0.035071
0.003120 -0.008855 -0.053131 -0.054617 -0.076498 -0.095325 -0.117322 -0.139105 -0.162967 -0.188045 -0.215271 -0.244647 -0.276809 -0.311910 -0.351011 -0.394067 -0.441833 -0.494789 -0.553721 -0.618315 -0.687684 -0.757410 -0.819920 -0.857217 -0.859402 -0.851834 -0.832035 -0.806050 -0.775324 -0.742630 -0.708013 -0.672636 -0.636491 -0.599987 -0.563056 -0.526026 -0.488596 -0.451095 -0.413462 -0.375858 -0.338017 -0.300198 -0.262087 -0.224287 -0.186285 -0.148793 -0.109408 -0.107694 -0.050707 -0.004595
-0.000497 -0.014255 -0.052446 -0.054105 -0.075311 -0.093816 -0.115261 -0.136468 -0.159607 -0.183839 -0.210023 -0.238225 -0.269000 -0.302493 -0.339572 -0.380455 -0.427300 -0.477936 -0.539917 -0.606131 -0.687379 -0.768426 -0.853592 -0.892822 -0.879133 -0.873789 -0.842913 -0.815084 -0.780495 -0.746533 -0.710138 -0.674481 -0.637612 -0.600618 -0.563311 -0.525977 -0.488429 -0.451433 -0.413888 -0.376793 -0.338906 -0.301305 -0.263814 -0.226249 -0.191119 -0.155338 -0.117721 -0.118190 -0.058081 0.013609
-0.036816 -0.011101 -0.051225 -0.052875 -0.073429 -0.091431 -0.112160 -0.132583 -0.154754 -0.177865 -0.202765 -0.229368 -0.258418 -0.289966 -0.324961 -0.363998 -0.409329 -0.460228 -0.523149 -0.597052 -0.695774 -0.807257 -0.938201 -0.995798 -0.957927 -0.924320 -0.877557 -0.834677 -0.793240 -0.753200 -0.714316 -0.676027 -0.638459 -0.601031 -0.563624 -0.526589 -0.489032 -0.450972 -0.413411 -0.375721 -0.338159 -0.299831 -0.261408 -0.222221 -0.182876 -0.141804 -0.104030 -0.107218 -0.030663 0.016366
-0.037091 -0.010707 -0.049624 -0.051250 -0.071038 -0.088332 -0.108161 -0.127584 -0.148567 -0.170287 -0.193492 -0.218004 -0.244527 -0.272964 -0.304742 -0.339199 -0.380699 -0.423554 -0.488482 -0.557437 -0.685896 -0.851800 -1.060339 -1.089592 -1.002973 -0.949493 -0.883894 -0.837549 -0.791770 -0.751754 -0.710753 -0.674834 -0.636247 -0.597905 -0.559532 -0.521593 -0.484108 -0.448969 -0.411145 -0.375474 -0.335823 -0.297019 -0.259346 -0.220415 -0.188363 -0.151743 -0.124598 -0.138419 -0.051302 0.005788
-0.006697 -0.012426 -0.047657 -0.049321 -0.068160 -0.084625 -0.103382 -0.121698 -0.141305 -0.161430 -0.182751 -0.205051 -0.228878 -0.254121 -0.281988 -0.312061 -0.346783 -0.386260 -0.436837 -0.499180 -0.600823 -1.012574 -1.279004 -0.507954 -0.440817 -0.306920 -0.014864 -0.013797 -0.257993 -0.277268 -0.179621 -0.010600 -0.230450 -0.159257 -0.155468 -0.139664 -0.117693 -0.115524 -0.145900 -0.100042 -0.094408 -0.094506 -0.086654 -0.069189 -0.049818 -0.024693 -0.044250 -0.005332 -0.005200 0.062789
-0.004308 -0.029380 -0.045361 -0.046884 -0.064826 -0.080381 -0.098021 -0.115061 -0.133251 -0.151492 -0.170687 -0.190383 -0.210894 -0.232014 -0.254479 -0.276610 -0.301677 -0.326209 -0.352409 -0.366561 -0.402469 -0.154850 0.130686 0.000000 0.000000 0.000000 0.000000 0.000000 0.000000 0.000000 0.000000 0.000000 0.000000 0.000000 0.000000 0.000000 0.000000 0.000000 0.000000 0.000000 0.000000 0.000000 0.000000 0.000000 0.000000 0.000000 0.000000 0.000000 0.000000 0.000000
0.012065 -0.010596 -0.042930 -0.044376 -0.061168 -0.075790 -0.092211 -0.107935 -0.124486 -0.141036 -0.158047 -0.175217 -0.192613 -0.210009 -0.227501 -0.243626 -0.259678 -0.274935 -0.280590 -0.272018 -0.253615 -0.055539 -0.011567 0.000000 0.000000 0.000000 0.000000 0.000000 0.000000 0.000000 0.000000 0.000000 0.000000 0.000000 0.000000 0.000000 0.000000 0.000000 0.000000 0.000000 0.000000 0.000000 0.000000 0.000000 0.000000 0.000000 0.000000 0.000000 0.000000 0.000000
-0.005443 -0.027279 -0.040507 -0.041891 -0.057490 -0.071178 -0.086113 -0.100525 -0.115454 -0.130209 -0.145092 -0.159675 -0.174021 -0.187713 -0.200366 -0.210838 -0.219171 -0.225193 -0.219031 -0.196756 -0.173009 -0.069234 -0.020736 0.000000 0.000000 0.000000 0.000000 0.000000 0.000000 0.000000 0.000000 0.000000 0.000000 0.000000 0.000000 0.000000 0.000000 0.000000 0.000000 0.000000 0.000000 0.000000 0.000000 0.000000 0.000000 0.000000 0.000000 0.000000 0.000000 0.000000
0.000838 -0.025730 -0.037902 -0.039180 -0.053551 -0.066104 -0.079927 -0.092977 -0.106415 -0.119462 -0.132357 -0.144685 -0.156396 -0.167006 -0.175939 -0.182382 -0.185813 -0.184672 -0.175084 -0.151653 -0.124548 -0.060381 -0.021983 0.000000 0.000000 0.000000 0.000000 0.000000 0.000000 0.000000 0.000000 0.000000 0.000000 0.000000 0.000000 0.000000 0.000000 0.000000 0.000000 0.000000 0.000000 0.000000 0.000000 0.000000 0.000000 0.000000 0.000000 0.000000 0.000000 0.000000
0.000275 -0.010373 -0.035254 -0.036392 -0.049613 -0.061118 -0.073732 -0.085536 -0.097530 -0.108992 -0.120069 -0.130411 -0.139807 -0.147745 -0.153703 -0.156993 -0.156890 -0.152386 -0.140745 -0.118339 -0.094696 -0.037646 -0.018764 0.000000 0.000000 0.000000 0.000000 0.000000 0.000000 0.000000 0.000000 0.000000 0.000000 0.000000 0.000000 0.000000 0.000000 0.000000 0.000000 0.000000 0.000000 0.000000 0.000000 0.000000 0.000000 0.000000 0.000000 0.000000 0.000000 0.000000
0.000654 -0.009782 -0.032451 -0.033563 -0.045728 -0.056237 -0.067683 -0.078295 -0.088982 -0.099029 -0.108561 -0.117221 -0.124769 -0.130668 -0.134513 -0.135557 -0.133438 -0.125563 -0.115162 -0.093762 -0.074661 -0.018001 -0.015329 0.000000 0.000000 0.000000 0.000000 0.000000 0.000000 0.000000 0.000000 0.000000 0.000000 0.000000 0.000000 0.000000 0.000000 0.000000 0.000000 0.000000 0.000000 0.000000 0.000000 0.000000 0.000000 0.000000 0.000000 0.000000 0.000000 0.000000
-0.003625 -0.008929 -0.029847 -0.030832 -0.041941 -0.051497 -0.061852 -0.071373 -0.080880 -0.089692 -0.097929 -0.105207 -0.111275 -0.115630 -0.117935 -0.117446 -0.114086 -0.104922 -0.095405 -0.076369 -0.059705 -0.025211 -0.013158 0.000000 0.000000 0.000000 0.000000 0.000000 0.000000 0.000000 0.000000 0.000000 0.000000 0.000000 0.000000 0.000000 0.000000 0.000000 0.000000 0.000000 0.000000 0.000000 0.000000 0.000000 0.000000 0.000000 0.000000 0.000000 0.000000 0.000000
0.000305 -0.008583 -0.027175 -0.028093 -0.038289 -0.046916 -0.056278 -0.064813 -0.073290 -0.081063 -0.088266 -0.094497 -0.099546 -0.102844 -0.104168 -0.102629 -0.098591 -0.088728 -0.080338 -0.063274 -0.048996 -0.010475 0.013031 0.000000 0.000000 0.000000 0.000000 0.000000 0.000000 0.000000 0.000000 0.000000 0.000000 0.000000 0.000000 0.000000 0.000000 0.000000 0.000000 0.000000 0.000000 0.000000 0.000000 0.000000 0.000000 0.000000 0.000000 0.000000 0.000000 0.000000
-0.001525 -0.007934 -0.024746 -0.025578 -0.034777 -0.042569 -0.050993 -0.058651 -0.066225 -0.073150 -0.079542 -0.085023 -0.089383 -0.092084 -0.092725 -0.090687 -0.086453 -0.076379 -0.069060 -0.053957 -0.041126 -0.008697 0.001745 0.000000 0.000000 0.000000 0.000000 0.000000 0.000000 0.000000 0.000000 0.000000 0.000000 0.000000 0.000000 0.000000 0.000000 0.000000 0.000000 0.000000 0.000000 0.000000 0.000000 0.000000 0.000000 0.000000 0.000000 0.000000 0.000000 0.000000
-0.001080 -0.007325 -0.022363 -0.023113 -0.031420 -0.038423 -0.045987 -0.052869 -0.059658 -0.065925 -0.071690 -0.076772 -0.081071 -0.083567 -0.084095 -0.081440 -0.076835 -0.066980 -0.060029 -0.046616 -0.035501 -0.007772 -0.000491 0.000000 0.000000 0.000000 0.000000 0.000000 0.000000 0.000000 0.000000 0.000000 0.000000 0.000000 0.000000 0.000000 0.000000 0.000000 0.000000 0.000000 0.000000 0.000000 0.000000 0.000000 0.000000 0.000000 0.000000 0.000000 0.000000 0.000000
-0.000092 -0.006724 -0.020122 -0.020780 -0.028212 -0.034516 -0.041238 -0.047409 -0.053494 -0.059239 -0.064642 -0.069596 -0.074036 -0.076937 -0.077132 -0.074580 -0.070444 -0.060822 -0.054523 -0.042304 -0.031406 -0.006716 -0.001658 0.000000 0.000000 0.000000 0.000000 0.000000 0.000000 0.000000 0.000000 0.000000 0.000000 0.000000 0.000000 0.000000 0.000000 0.000000 0.000000 0.000000 0.000000 0.000000 0.000000 0.000000 0.000000 0.000000 0.000000 0.000000 0.000000 0.000000
0.000361 -0.005120 -0.017972 -0.018537 -0.025167 -0.030726 -0.036767 -0.042236 -0.047678 -0.053060 -0.058052 -0.063358 -0.069230 -0.072997 -0.074334 -0.070941 -0.064938 -0.056737 -0.049941 -0.037913 -0.029435 -0.006225 -0.001650 0.000000 0.000000 0.000000 0.000000 0.000000 0.000000 0.000000 0.000000 0.000000 0.000000 0.000000 0.000000 0.000000 0.000000 0.000000 0.000000 0.000000 0.000000 0.000000 0.000000 0.000000 0.000000 0.000000 0.000000 0.000000 0.000000 0.000000
-0.001795 -0.004603 -0.015919 -0.016411 -0.022233 -0.027175 -0.032337 -0.037190 -0.041886 -0.046774 -0.051418 -0.057652 -0.064615 -0.070896 -0.071178 -0.067509 -0.063431 -0.055498 -0.047205 -0.035422 -0.026237 -0.005373 0.002421 0.000000 0.000000 0.000000 0.000000 0.000000 0.000000 0.000000 0.000000 0.000000 0.000000 0.000000 0.000000 0.000000 0.000000 0.000000 0.000000 0.000000 0.000000 0.000000 0.000000 0.000000 0.000000 0.000000 0.000000 0.000000 0.000000 0.000000
-0.001661 -0.004113 -0.013961 -0.014379 -0.019462 -0.023695 -0.028290 -0.032432 -0.036352 -0.040951 -0.044055 -0.046676 -0.064092 -0.084297 -0.079743 -0.070375 -0.062230 -0.053499 -0.044168 -0.031996 -0.021518 -0.007474 -0.002948 0.000000 0.000000 0.000000 0.000000 0.000000 0.000000 0.000000 0.000000 0.000000 0.000000 0.000000 0.000000 0.000000 0.000000 0.000000 0.000000 0.000000 0.000000 0.000000 0.000000 0.000000 0.000000 0.000000 0.000000 0.000000 0.000000 0.000000
-0.003817 -0.003613 -0.012078 -0.012454 -0.016800 -0.020388 -0.024076 -0.027450 -0.030527 -0.033819 -0.035411 -0.029046 -0.069037 -0.130456 -0.089381 -0.067567 -0.053707 -0.063939 -0.044817 -0.038094 -0.022349 -0.007113 -0.002051 0.000000 0.000000 0.000000 0.000000 0.000000 0.000000 0.000000 0.000000 0.000000 0.000000 0.000000 0.000000 0.000000 0.000000 0.000000 0.000000 0.000000 0.000000 0.000000 0.000000 0.000000 0.000000 0.000000 0.000000 0.000000 0.000000 0.000000
0.003870 -0.006463 -0.010354 -0.010665 -0.014321 -0.017263 -0.020264 -0.022871 -0.024484 -0.026288 -0.026055 -0.025787 -0.016567 -0.004899 0.000000 0.000000 0.000000 0.000000 0.000000 0.000000 0.000000 0.000000 0.000000 0.000000 0.000000 0.000000 0.000000 0.000000 0.000000 0.000000 0.000000 0.000000 0.000000 0.000000 0.000000 0.000000 0.000000 0.000000 0.000000 0.000000 0.000000 0.000000 0.000000 0.000000 0.000000 0.000000 0.000000 0.000000 0.000000 0.000000
0.001274 -0.005449 -0.008753 -0.009021 -0.012067 -0.014353 -0.016530 -0.018308 -0.019495 -0.019968 -0.019502 -0.015871 -0.011702 -0.001777 0.000000 0.000000 0.000000 0.000000 0.000000 0.000000 0.000000 0.000000 0.000000 0.000000 0.000000 0.000000 0.000000 0.000000 0.000000 0.000000 0.000000 0.000000 0.000000 0.000000 0.000000 0.000000 0.000000 0.000000 0.000000 0.000000 0.000000 0.000000 0.000000 0.000000 0.000000 0.000000 0.000000 0.000000 0.000000 0.000000
-0.000788 -0.004486 -0.007361 -0.007574 -0.010052 -0.011964 -0.013649 -0.014993 -0.015278 -0.015506 -0.013745 -0.009466 0.001952 -0.000613 0.000000 0.000000 0.000000 0.000000 0.000000 0.000000 0.000000 0.000000 0.000000 0.000000 0.000000 0.000000 0.000000 0.000000 0.000000 0.000000 0.000000 0.000000 0.000000 0.000000 0.000000 0.000000 0.000000 0.000000 0.000000 0.000000 0.000000 0.000000 0.000000 0.000000 0.000000 0.000000 0.000000 0.000000 0.000000 0.000000
-0.001284 -0.003713 -0.006125 -0.006292 -0.008318 -0.009798 -0.011112 -0.011936 -0.012278 -0.011885 -0.010567 -0.006154 -0.002286 0.000860 0.000000 0.000000 0.000000 0.000000 0.000000 0.000000 0.000000 0.000000 0.000000 0.000000 0.000000 0.000000 0.000000 0.000000 0.000000 0.000000 0.000000 0.000000 0.000000 0.000000 0.000000 0.000000 0.000000 0.000000 0.000000 0.000000 0.000000 0.000000 0.000000 0.000000 0.000000 0.000000 0.000000 0.000000 0.000000 0.000000
-0.000239 -0.001941 -0.005065 -0.005208 -0.006839 -0.008005 -0.008978 -0.009582 -0.009562 -0.009274 -0.007619 -0.003981 -0.001950 -0.000095 0.000000 0.000000 0.000000 0.000000 0.000000 0.000000 0.000000 0.000000 0.000000 0.000000 0.000000 0.000000 0.000000 0.000000 0.000000 0.000000 0.000000 0.000000 0.000000 0.000000 0.000000 0.000000 0.000000 0.000000 0.000000 0.000000 0.000000 0.000000 0.000000 0.000000 0.000000 0.000000 0.000000 0.000000 0.000000 0.000000
-0.001204 -0.002700 -0.004207 -0.004297 -0.005608 -0.006566 -0.007249 -0.007618 -0.007565 -0.007098 -0.006050 -0.003269 -0.001867 -0.000663 0.000000 0.000000 0.000000 0.000000 0.000000 0.000000 0.000000 0.000000 0.000000 0.000000 0.000000 0.000000 0.000000 0.000000 0.000000 0.000000 0.000000 0.000000 0.000000 0.000000 0.000000 0.000000 0.000000 0.000000 0.000000 0.000000 0.000000 0.000000 0.000000 0.000000 0.000000 0.000000 0.000000 0.000000 0.000000 0.000000
-0.000208 -0.001713 -0.003427 -0.003525 -0.004596 -0.005296 -0.005902 -0.006116 -0.006013 -0.005619 -0.004542 -0.002508 -0.001417 -0.000960 0.000000 0.000000 0.000000 0.000000 0.000000 0.000000 0.000000 0.000000 0.000000 0.000000 0.000000 0.000000 0.000000 0.000000 0.000000 0.000000 0.000000 0.000000 0.000000 0.000000 0.000000 0.000000 0.000000 0.000000 0.000000 0.000000 0.000000 0.000000 0.000000 0.000000 0.000000 0.000000 0.000000 0.000000 0.000000 0.000000
-0.000758 -0.001728 -0.002897 -0.002942 -0.003782 -0.004370 -0.004760 -0.004912 -0.004778 -0.004385 -0.003656 -0.002137 -0.001100 -0.000736 0.000000 0.000000 0.000000 0.000000 0.000000 0.000000 0.000000 0.000000 0.000000 0.000000 0.000000 0.000000 0.000000 0.000000 0.000000 0.000000 0.000000 0.000000 0.000000 0.000000 0.000000 0.000000 0.000000 0.000000 0.000000 0.000000 0.000000 0.000000 0.000000 0.000000 0.000000 0.000000 0.000000 0.000000 0.000000 0.000000
-0.000091 -0.001483 -0.002342 -0.002412 -0.003133 -0.003558 -0.003942 -0.004018 -0.003881 -0.003565 -0.002816 -0.001664 -0.000850 -0.000559 0.000000 0.000000 0.000000 0.000000 0.000000 0.000000 0.000000 0.000000 0.000000 0.000000 0.000000 0.000000 0.000000 0.000000 0.000000 0.000000 0.000000 0.000000 0.000000 0.000000 0.000000 0.000000 0.000000 0.000000 0.000000 0.000000 0.000000 0.000000 0.000000 0.000000 0.000000 0.000000 0.000000 0.000000 0.000000 0.000000
-0.000081 -0.001024 -0.002031 -0.002077 -0.002641 -0.003021 -0.003259 -0.003319 -0.003189 -0.002878 -0.002356 -0.001191 -0.000660 0.000171 0.000000 0.000000 0.000000 0.000000 0.000000 0.000000 0.000000 0.000000 0.000000 0.000000 0.000000 0.000000 0.000000 0.000000 0.000000 0.000000 0.000000 0.000000 0.000000 0.000000 0.000000 0.000000 0.000000 0.000000 0.000000 0.000000 0.000000 0.000000 0.000000 0.000000 0.000000 0.000000 0.000000 0.000000 0.000000 0.000000
-0.000069 -0.001019 -0.001931 -0.001743 -0.002264 -0.002534 -0.002782 -0.002795 -0.002684 -0.002444 -0.001912 -0.000800 -0.000496 -0.000026 0.000000 0.000000 0.000000 0.000000 0.000000 0.000000 0.000000 0.000000 0.000000 0.000000 0.000000 0.000000 0.000000 0.000000 0.000000 0.000000 0.000000 0.000000 0.000000 0.000000 0.000000 0.000000 0.000000 0.000000 0.000000 0.000000 0.000000 0.000000 0.000000 0.000000 0.000000 0.000000 0.000000 0.000000 0.000000 0.000000
-0.000026 -0.000795 -0.001698 -0.002148 -0.002247 -0.002505 -0.002757 -0.002761 -0.002644 -0.002365 -0.001955 -0.000757 0.000064 -0.000116 0.000000 0.000000 0.000000 0.000000 0.000000 0.000000 0.000000 0.000000 0.000000 0.000000 0.000000 0.000000 0.000000 0.000000 0.000000 0.000000 0.000000 0.000000 0.000000 0.000000 0.000000 0.000000 0.000000 0.000000 0.000000 0.000000 0.000000 0.000000 0.000000 0.000000 0.000000 0.000000 0.000000 0.000000 0.000000 0.000000
0.000009 -0.000939 -0.001334 -0.001784 -0.002064 -0.002283 -0.002355 -0.002287 -0.002055 -0.001845 -0.001426 -0.001062 -0.000034 -0.000139 0.000000 0.000000 0.000000 0.000000 0.000000 0.000000 0.000000 0.000000 0.000000 0.000000 0.000000 0.000000 0.000000 0.000000 0.000000 0.000000 0.000000 0.000000 0.000000 0.000000 0.000000 0.000000 0.000000 0.000000 0.000000 0.000000 0.000000 0.000000 0.000000 0.000000 0.000000 0.000000 0.000000 0.000000 0.000000 0.000000
-0.000124 -0.000556 -0.001273 -0.001434 -0.001829 -0.001897 -0.002029 -0.001958 -0.001851 -0.001788 -0.001242 -0.000549 -0.000424 -0.000090 0.000000 0.000000 0.000000 0.000000 0.000000 0.000000 0.000000 0.000000 0.000000 0.000000 0.000000 0.000000 0.000000 0.000000 0.000000 0.000000 0.000000 0.000000 0.000000 0.000000 0.000000 0.000000 0.000000 0.000000 0.000000 0.000000 0.000000 0.000000 0.000000 0.000000 0.000000 0.000000 0.000000 0.000000 0.000000 0.000000
