1.239
1.247
1.276
1.326
1.353
1.359
1.374
1.391
1.404
1.408
1.414
1.414
1.436
1.437
1.439
1.448
1.461
1.470
1.473
1.477
1.478
1.479
1.490
1.498
1.504
1.504
1.504
1.508
1.509
1.510
1.511
1.511
1.517
1.539
1.546
1.547
1.559
1.560
1.566
1.567
1.568
1.571
1.579
1.580
1.584
1.587
1.588
1.589
1.592
1.593
1.594
1.594
1.598
1.599
1.600
1.607
1.607
1.616
1.617
1.618
1.618
1.619
1.623
1.623
1.625
1.627
1.629
1.629
1.630
1.633
1.634
1.638
1.643
1.647
1.657
1.659
1.661
1.666
1.668
1.671
1.677
1.677
1.679
1.680
1.681
1.682
1.685
1.686
1.687
1.691
1.691
1.695
1.696
1.697
1.698
1.699
1.699
1.701
1.705
1.706