3.620
3.661
3.727
3.734
3.735
3.768
3.792
3.802
3.803
3.811
3.813
3.816
3.819
3.820
3.831
3.844
3.845
3.846
3.862
3.862
3.868
3.868
3.869
3.878
3.903
3.956
3.964
3.964
3.966
3.991
4.024
4.027
4.055
4.082
4.091
4.098
4.100
4.132
4.133
4.134
4.159
4.178
4.190
4.203
4.210
4.215
4.216
4.255
4.274
4.305
4.306
4.313
4.346
4.351
4.358
4.383
4.422
4.426
4.430
4.434
4.435
4.449
4.459
4.462
4.468
4.469
4.470
4.477
4.492
4.503
4.516
4.517
4.530
4.532
4.563
4.603
4.608
4.735
4.735
4.736
4.763
4.769
4.776
4.825
4.825
4.846
4.869
4.870
4.907
4.908
4.919
4.927
4.934
4.941
4.956
4.964
4.985
4.990
4.998
5.000