3.023
3.093
3.158
3.165
3.181
3.212
3.227
3.289
3.360
3.411
3.428
3.431
3.444
3.455
3.475
3.501
3.523
3.531
3.547
3.550
3.560
3.592
3.605
3.620
3.626
3.629
3.642
3.643
3.657
3.661
3.664
3.671
3.703
3.727
3.734
3.735
3.742
3.744
3.753
3.761
3.768
3.770
3.788
3.792
3.802
3.803
3.811
3.813
3.816
3.819
3.820
3.826
3.827
3.831
3.834
3.836
3.839
3.844
3.844
3.845
3.846
3.862
3.862
3.862
3.863
3.864
3.868
3.868
3.869
3.877
3.878
3.883
3.883
3.901
3.903
3.911
3.922
3.932
3.949
3.956
3.964
3.964
3.966
3.968
3.991
4.023
4.024
4.027
4.029
4.031
4.034
4.052
4.055
4.070
4.076
4.082
4.091
4.096
4.098
4.100