4.60
1.63
4.72
6.03
1.91
4.36
2.07
4.03
3.15
1.53
1.66
1.62
2.03
3.15
2.18
4.15
3.52
1.91
3.17
1.16
2.91
0.99
4.03
3.25
2.33
0.79
5.60
2.04
1.91
3.58
1.39
1.31
3.70
6.29
1.36
4.68
2.25
1.53
4.10
5.12
5.10
1.73
3.26
4.40
2.51
1.60
4.59
5.60
7.31
3.09
1.56
1.98
1.12
4.09
3.15
1.86
2.00
2.41
2.86
3.46
1.03
0.84
1.69
6.35
3.54
3.62
4.92
1.26
0.92
1.52
2.66
2.27
1.52
6.29
3.21
2.85
5.84
3.91
4.02
1.34
1.43
0.83
1.50
1.15
3.35
3.92
5.85
6.59
5.40
2.78
3.65
2.55
2.01
5.11
0.94
5.08
2.89
0.71
1.25
2.40
