0.000087 0.000143 -0.000017 -0.000043 0.000056 0.000241 0.000077 0.000014 -0.000098 -0.000030 -0.000046 -0.000125 -0.000325 0.000000 0.000000 0.000000 0.000000 0.000000 0.000000 0.000000 0.000000 0.000000 0.000000 0.000000 0.000000 0.000000 0.000000 0.000000 0.000000 0.000000 0.000000 0.000000 0.000000 0.000000 0.000000 0.000000 0.000000 0.000000 0.000000 0.000000 0.000000 0.000000 0.000000 0.000000 0.000000 0.000000 0.000000 0.000000 0.000000 0.000000
0.000708 0.000750 0.000330 0.000205 0.000041 -0.000124 -0.000268 0.000094 -0.000471 -0.000254 -0.000622 -0.000520 -0.000600 0.000000 0.000000 0.000000 0.000000 0.000000 0.000000 0.000000 0.000000 0.000000 0.000000 0.000000 0.000000 0.000000 0.000000 0.000000 0.000000 0.000000 0.000000 0.000000 0.000000 0.000000 0.000000 0.000000 0.000000 0.000000 0.000000 0.000000 0.000000 0.000000 0.000000 0.000000 0.000000 0.000000 0.000000 0.000000 0.000000 0.000000
0.001406 0.001147 0.001006 0.000746 0.000753 0.000474 0.000152 -0.000184 -0.000524 -0.000847 -0.001133 -0.001283 -0.001496 0.000000 0.000000 0.000000 0.000000 0.000000 0.000000 0.000000 0.000000 0.000000 0.000000 0.000000 0.000000 0.000000 0.000000 0.000000 0.000000 0.000000 0.000000 0.000000 0.000000 0.000000 0.000000 0.000000 0.000000 0.000000 0.000000 0.000000 0.000000 0.000000 0.000000 0.000000 0.000000 0.000000 0.000000 0.000000 0.000000 0.000000
0.001698 0.001646 0.001485 0.001020 0.000767 0.000493 0.000151 -0.000195 -0.000544 -0.000871 -0.001158 -0.001933 -0.001534 0.000000 0.000000 0.000000 0.000000 0.000000 0.000000 0.000000 0.000000 0.000000 0.000000 0.000000 0.000000 0.000000 0.000000 0.000000 0.000000 0.000000 0.000000 0.000000 0.000000 0.000000 0.000000 0.000000 0.000000 0.000000 0.000000 0.000000 0.000000 0.000000 0.000000 0.000000 0.000000 0.000000 0.000000 0.000000 0.000000 0.000000
0.001781 0.002286 0.001483 0.001484 0.001126 0.000710 0.000244 -0.000261 -0.000779 -0.001266 -0.001690 -0.002683 -0.002641 0.000000 0.000000 0.000000 0.000000 0.000000 0.000000 0.000000 0.000000 0.000000 0.000000 0.000000 0.000000 0.000000 0.000000 0.000000 0.000000 0.000000 0.000000 0.000000 0.000000 0.000000 0.000000 0.000000 0.000000 0.000000 0.000000 0.000000 0.000000 0.000000 0.000000 0.000000 0.000000 0.000000 0.000000 0.000000 0.000000 0.000000
0.002735 0.003021 0.002007 0.001982 0.001513 0.000989 0.000361 -0.000314 -0.001017 -0.001679 -0.002280 -0.003637 -0.003119 0.000000 0.000000 0.000000 0.000000 0.000000 0.000000 0.000000 0.000000 0.000000 0.000000 0.000000 0.000000 0.000000 0.000000 0.000000 0.000000 0.000000 0.000000 0.000000 0.000000 0.000000 0.000000 0.000000 0.000000 0.000000 0.000000 0.000000 0.000000 0.000000 0.000000 0.000000 0.000000 0.000000 0.000000 0.000000 0.000000 0.000000
0.003666 0.003819 0.002672 0.002637 0.002044 0.001337 0.000533 -0.000354 -0.001298 -0.002205 -0.003042 -0.004893 -0.003984 0.000000 0.000000 0.000000 0.000000 0.000000 0.000000 0.000000 0.000000 0.000000 0.000000 0.000000 0.000000 0.000000 0.000000 0.000000 0.000000 0.000000 0.000000 0.000000 0.000000 0.000000 0.000000 0.000000 0.000000 0.000000 0.000000 0.000000 0.000000 0.000000 0.000000 0.000000 0.000000 0.000000 0.000000 0.000000 0.000000 0.000000
0.003860 0.004877 0.003463 0.003415 0.002658 0.001806 0.000782 -0.000371 -0.001617 -0.002828 -0.003992 -0.006482 -0.005478 0.000000 0.000000 0.000000 0.000000 0.000000 0.000000 0.000000 0.000000 0.000000 0.000000 0.000000 0.000000 0.000000 0.000000 0.000000 0.000000 0.000000 0.000000 0.000000 0.000000 0.000000 0.000000 0.000000 0.000000 0.000000 0.000000 0.000000 0.000000 0.000000 0.000000 0.000000 0.000000 0.000000 0.000000 0.000000 0.000000 0.000000
0.006058 0.006320 0.004452 0.004386 0.003501 0.002460 0.001148 -0.000302 -0.001915 -0.003538 -0.005185 -0.008660 -0.008628 0.000000 0.000000 0.000000 0.000000 0.000000 0.000000 0.000000 0.000000 0.000000 0.000000 0.000000 0.000000 0.000000 0.000000 0.000000 0.000000 0.000000 0.000000 0.000000 0.000000 0.000000 0.000000 0.000000 0.000000 0.000000 0.000000 0.000000 0.000000 0.000000 0.000000 0.000000 0.000000 0.000000 0.000000 0.000000 0.000000 0.000000
0.007321 0.007913 0.005676 0.005602 0.004529 0.003234 0.001664 -0.000167 -0.002266 -0.004396 -0.006684 -0.011643 -0.011767 0.000000 0.000000 0.000000 0.000000 0.000000 0.000000 0.000000 0.000000 0.000000 0.000000 0.000000 0.000000 0.000000 0.000000 0.000000 0.000000 0.000000 0.000000 0.000000 0.000000 0.000000 0.000000 0.000000 0.000000 0.000000 0.000000 0.000000 0.000000 0.000000 0.000000 0.000000 0.000000 0.000000 0.000000 0.000000 0.000000 0.000000
0.007681 0.008135 0.007280 0.005924 0.004532 0.004397 0.002483 0.000250 -0.002393 -0.005233 -0.008543 -0.010898 -0.013110 0.000000 0.000000 0.000000 0.000000 0.000000 0.000000 0.000000 0.000000 0.000000 0.000000 0.000000 0.000000 0.000000 0.000000 0.000000 0.000000 0.000000 0.000000 0.000000 0.000000 0.000000 0.000000 0.000000 0.000000 0.000000 0.000000 0.000000 0.000000 0.000000 0.000000 0.000000 0.000000 0.000000 0.000000 0.000000 0.000000 0.000000
0.013166 0.011870 0.009035 0.008930 0.007540 0.005762 0.003579 0.000864 -0.002471 -0.006176 -0.010625 -0.014662 -0.026358 0.000000 0.000000 0.000000 0.000000 0.000000 0.000000 0.000000 0.000000 0.000000 0.000000 0.000000 0.000000 0.000000 0.000000 0.000000 0.000000 0.000000 0.000000 0.000000 0.000000 0.000000 0.000000 0.000000 0.000000 0.000000 0.000000 0.000000 0.000000 0.000000 0.000000 0.000000 0.000000 0.000000 0.000000 0.000000 0.000000 0.000000
0.012055 0.014510 0.011541 0.010179 0.008320 0.005785 0.002539 0.002519 -0.001607 -0.006571 -0.013176 -0.027907 -0.030867 0.000000 0.000000 0.000000 0.000000 0.000000 0.000000 0.000000 0.000000 0.000000 0.000000 0.000000 0.000000 0.000000 0.000000 0.000000 0.000000 0.000000 0.000000 0.000000 0.000000 0.000000 0.000000 0.000000 0.000000 0.000000 0.000000 0.000000 0.000000 0.000000 0.000000 0.000000 0.000000 0.000000 0.000000 0.000000 0.000000 0.000000
0.015943 0.015857 0.013961 0.013829 0.012268 0.010219 0.007547 0.004039 -0.000534 -0.006349 -0.014503 -0.043643 -0.047492 0.000000 0.000000 0.000000 0.000000 0.000000 0.000000 0.000000 0.000000 0.000000 0.000000 0.000000 0.000000 0.000000 0.000000 0.000000 0.000000 0.000000 0.000000 0.000000 0.000000 0.000000 0.000000 0.000000 0.000000 0.000000 0.000000 0.000000 0.000000 0.000000 0.000000 0.000000 0.000000 0.000000 0.000000 0.000000 0.000000 0.000000
0.027454 0.019053 0.017131 0.016996 0.015386 0.013444 0.010727 0.007232 0.002561 -0.003622 -0.012756 -0.047519 -0.033251 -0.010104 -0.001626 -0.017283 -0.001727 -0.018267 0.000045 0.022051 0.000560 0.024490 0.001284 0.026871 0.002030 0.029168 0.030303 0.031518 0.003992 0.033870 0.034989 0.005907 0.037157 0.007427 0.039133 0.008439 0.040972 0.006177 0.011974 0.042884 0.043267 0.043751 -0.000197 0.015450 -0.008620 0.031342 -0.010212 0.028360 -0.005093 0.001949
0.023931 0.022658 0.020770 0.020638 0.019183 0.017344 0.014849 0.011666 0.007688 0.002491 -0.003907 -0.018765 -0.003285 0.010097 0.009530 0.016205 0.017880 0.017868 0.017647 0.018350 0.018656 0.019148 -0.000231 0.020118 -0.000445 0.021095 0.021578 0.022031 0.022478 0.022903 0.023305 0.023700 0.024066 0.031743 0.032453 0.025142 -0.000769 -0.000664 -0.000834 -0.000565 0.026295 -0.000383 0.026732 0.008752 0.033636 0.006528 0.021776 0.037021 0.035680 -0.009560
0.039197 0.026648 0.024856 0.024727 0.023398 0.021765 0.019575 0.016931 0.013710 0.009767 0.006169 -0.000195 0.001554 0.004732 0.010008 0.013383 0.014511 0.018202 0.020620 0.015729 0.022435 0.023190 0.023883 0.024586 0.025290 0.026017 0.026755 0.027507 0.028268 0.029037 0.029809 0.030583 0.031355 0.032123 0.032881 0.033629 0.034352 0.035059 0.035654 0.036328 0.036806 0.037823 0.037552 0.041288 0.023320 0.037895 0.053818 -0.007673 0.007919 -0.026905
0.031040 0.030946 0.029329 0.029210 0.028084 0.026717 0.024959 0.022873 0.020496 0.017575 0.014953 0.012426 0.011848 0.014694 0.017258 0.017814 0.020147 0.021396 0.022873 0.022656 0.024754 0.025588 0.026420 0.027235 0.028054 0.028876 0.029706 0.030543 0.031388 0.032240 0.033096 0.033954 0.034808 0.035662 0.036506 0.037347 0.038168 0.038995 0.039807 0.040548 0.041209 0.041380 0.040497 0.042896 0.038794 0.049423 0.030265 0.044030 0.022883 -0.013859
0.033883 0.039410 0.034103 0.033998 0.033059 0.031958 0.030558 0.028935 0.027153 0.025186 0.023944 0.022248 0.022812 0.024099 0.026062 0.028264 0.029593 0.031043 0.032080 0.031291 0.034376 0.035504 0.036601 0.037721 0.038845 0.039988 0.041146 0.042318 0.043500 0.044692 0.045891 0.047091 0.048289 0.049480 0.050657 0.051817 0.052952 0.054046 0.055104 0.055933 0.056498 0.057343 0.057360 0.058181 0.056444 0.060762 0.052278 0.054140 0.036725 0.004129
0.040443 0.040344 0.039136 0.039046 0.038308 0.037476 0.036443 0.035284 0.034093 0.032834 0.031904 0.031213 0.031296 0.032220 0.033520 0.034568 0.036542 0.037778 0.039429 0.039812 0.042205 0.043558 0.044929 0.046297 0.047682 0.049083 0.050503 0.051943 0.053399 0.054868 0.056347 0.057830 0.059313 0.060791 0.062258 0.063709 0.065149 0.066560 0.067984 0.069146 0.070601 0.071410 0.072785 0.073066 0.071905 0.075636 0.071022 0.073989 0.094021 0.040764
0.040659 0.045812 0.044351 0.043798 0.043219 0.042531 0.041721 0.041716 0.040939 0.040108 0.039604 0.039208 0.039586 0.040456 0.041872 0.043563 0.045173 0.046805 0.048263 0.048665 0.051315 0.052878 0.054465 0.056087 0.056566 0.059429 0.061147 0.062893 0.064662 0.066451 0.068252 0.070059 0.071865 0.073661 0.075438 0.077182 0.078889 0.080524 0.082100 0.083433 0.084796 0.086001 0.087163 0.087770 0.088395 0.089409 0.089795 0.082806 0.117356 0.052794
0.050338 0.051354 0.049703 0.049322 0.048948 0.048513 0.048029 0.048028 0.047593 0.047201 0.047045 0.047052 0.047552 0.048283 0.049625 0.050858 0.052717 0.054308 0.056060 0.057174 0.059554 0.061356 0.063203 0.065086 0.067009 0.068972 0.070973 0.073010 0.075077 0.077169 0.079278 0.081398 0.083520 0.085633 0.087729 0.089795 0.091831 0.093805 0.095744 0.097449 0.099635 0.100635 0.103167 0.102848 0.103282 0.103841 0.103580 0.104454 0.131353 0.057516
0.056143 0.061929 0.055132 0.055083 0.054844 0.054665 0.054446 0.054269 0.054177 0.054184 0.054425 0.054845 0.055615 0.056638 0.057925 0.059404 0.060998 0.062702 0.064487 0.065914 0.068284 0.070286 0.072353 0.074482 0.076670 0.078913 0.081208 0.083549 0.085930 0.088343 0.090780 0.093231 0.095685 0.098129 0.100552 0.102936 0.105272 0.107531 0.109723 0.111685 0.113574 0.115228 0.117133 0.117889 0.119023 0.118749 0.119779 0.117550 0.107116 0.063224
0.061583 0.062783 0.060612 0.060565 0.060467 0.060446 0.060428 0.060478 0.060624 0.060886 0.061338 0.061973 0.062854 0.063992 0.065289 0.066739 0.068410 0.070160 0.072076 0.074156 0.076205 0.078455 0.080820 0.083327 0.086026 0.088551 0.091145 0.093793 0.096489 0.099226 0.101994 0.104782 0.107577 0.110365 0.113132 0.115861 0.118537 0.121136 0.123656 0.125957 0.128709 0.129892 0.133212 0.133086 0.135947 0.134959 0.136858 0.132789 0.157104 0.067507
0.061173 0.068698 0.066078 0.066031 0.066062 0.066190 0.066351 0.066601 0.066963 0.067454 0.068128 0.068980 0.070063 0.071349 0.072850 0.074529 0.076375 0.078358 0.080477 0.082520 0.085060 0.087512 0.090065 0.092711 0.095445 0.098262 0.101156 0.104119 0.107142 0.110216 0.113329 0.116468 0.119620 0.122767 0.125892 0.128975 0.131994 0.134924 0.137731 0.140338 0.142855 0.144615 0.146638 0.147266 0.149334 0.148841 0.150114 0.153970 0.142909 0.080572
0.073649 0.071527 0.071540 0.071458 0.071639 0.071873 0.072191 0.072608 0.073151 0.073832 0.074685 0.075715 0.076950 0.078379 0.080015 0.081827 0.083828 0.085977 0.088283 0.090615 0.093290 0.095979 0.098783 0.101696 0.104713 0.107826 0.111030 0.114316 0.117674 0.121095 0.124565 0.128070 0.131593 0.135117 0.138621 0.142084 0.145481 0.148788 0.151975 0.155025 0.158070 0.160205 0.164557 0.164348 0.166720 0.166297 0.167137 0.166023 0.151831 0.061554
0.069882 0.076750 0.076935 0.076842 0.077132 0.077474 0.077930 0.078499 0.079206 0.080060 0.081088 0.082293 0.083696 0.085291 0.087084 0.089062 0.091220 0.093544 0.096031 0.098631 0.101452 0.104374 0.107431 0.110613 0.113916 0.117332 0.120854 0.124473 0.128178 0.131959 0.135800 0.139686 0.143600 0.147520 0.151425 0.155289 0.159084 0.162781 0.166345 0.169721 0.172951 0.175305 0.178773 0.180004 0.182493 0.183116 0.184647 0.183772 0.171584 0.038338
0.078946 0.081912 0.082241 0.082163 0.082530 0.082973 0.083550 0.084253 0.085105 0.086113 0.087297 0.088662 0.090220 0.091973 0.093923 0.096063 0.098393 0.100902 0.103586 0.106457 0.109448 0.112615 0.115932 0.119392 0.122989 0.126716 0.130565 0.134527 0.138592 0.142745 0.146973 0.151259 0.155582 0.159922 0.164252 0.168544 0.172767 0.176888 0.180864 0.184666 0.188213 0.191113 0.194999 0.196301 0.198736 0.199720 0.201289 0.200907 0.190476 0.106978
0.082306 0.086935 0.087456 0.087377 0.087824 0.088351 0.089037 0.089860 0.090846 0.091997 0.093330 0.094849 0.096564 0.098478 0.100592 0.102903 0.105410 0.108108 0.110992 0.114116 0.117301 0.120716 0.124297 0.128040 0.131938 0.135984 0.140170 0.144487 0.148923 0.153465 0.158096 0.162801 0.167556 0.172339 0.177122 0.181875 0.186562 0.191147 0.195589 0.199842 0.203846 0.207110 0.211328 0.213065 0.216346 0.217304 0.218762 0.218149 0.210229 0.065532
0.093537 0.091812 0.092530 0.092475 0.092966 0.093588 0.094370 0.095305 0.096414 0.097697 0.099170 0.100836 0.102704 0.104775 0.107052 0.109536 0.112225 0.115116 0.118208 0.121582 0.124976 0.128645 0.132498 0.136530 0.140736 0.145110 0.149642 0.154324 0.159145 0.164091 0.169145 0.174289 0.179501 0.184754 0.190021 0.195267 0.200453 0.205542 0.210478 0.215229 0.219656 0.223500 0.227701 0.230241 0.233429 0.235455 0.236730 0.236025 0.230440 0.090491
0.092569 0.096572 0.097487 0.097452 0.097982 0.098676 0.099545 0.100581 0.101803 0.103211 0.104817 0.106625 0.108641 0.110869 0.113311 0.115968 0.118841 0.121929 0.125230 0.128851 0.132463 0.136390 0.140519 0.144847 0.149368 0.154076 0.158965 0.164025 0.169244 0.174610 0.180105 0.185711 0.191404 0.197159 0.202942 0.208721 0.214451 0.220091 0.225582 0.230892 0.235865 0.240253 0.245225 0.247868 0.251804 0.253502 0.255806 0.255071 0.252500 0.030362
0.089258 0.101185 0.102266 0.102242 0.102824 0.103591 0.104543 0.105674 0.107004 0.108529 0.110261 0.112205 0.114365 0.116747 0.119352 0.122183 0.125241 0.128526 0.132039 0.135906 0.139743 0.143931 0.148341 0.152969 0.157811 0.162862 0.168116 0.173564 0.179196 0.184998 0.190954 0.197045 0.203248 0.209534 0.215872 0.222223 0.228543 0.234787 0.240896 0.246823 0.252459 0.257477 0.262756 0.266047 0.269998 0.273023 0.274899 0.275073 0.271784 0.082694
0.099554 0.115840 0.106898 0.106841 0.107509 0.108324 0.109357 0.110575 0.112005 0.113640 0.115494 0.117568 0.119869 0.122401 0.125166 0.128169 0.131412 0.134895 0.138620 0.142736 0.146798 0.151250 0.155943 0.160874 0.166043 0.171444 0.177071 0.182919 0.188976 0.195231 0.201667 0.208267 0.215006 0.221857 0.228785 0.235751 0.242707 0.249604 0.256367 0.262961 0.269174 0.274761 0.280657 0.284509 0.289148 0.292176 0.295727 0.296358 0.298766 0.156534
0.104676 0.120110 0.111332 0.111255 0.111997 0.112863 0.113972 0.115270 0.116795 0.118535 0.120505 0.122704 0.125141 0.127820 0.130744 0.133917 0.137342 0.141021 0.144958 0.149311 0.153609 0.158326 0.163304 0.168543 0.174042 0.179798 0.185807 0.192063 0.198558 0.205282 0.212218 0.219350 0.226655 0.234104 0.241663 0.249293 0.256940 0.264557 0.272061 0.279418 0.286434 0.292970 0.299432 0.304046 0.309103 0.312900 0.315441 0.317924 0.312635 0.169493
0.104868 0.124623 0.115549 0.115488 0.116270 0.117192 0.118372 0.119746 0.121361 0.123199 0.125279 0.127599 0.130168 0.132989 0.136067 0.139406 0.143011 0.146885 0.151031 0.155635 0.160154 0.165135 0.170399 0.175946 0.181778 0.187893 0.194289 0.200962 0.207906 0.215111 0.222566 0.230253 0.238151 0.246233 0.254463 0.262802 0.271193 0.279590 0.287888 0.296077 0.303876 0.311068 0.318670 0.323861 0.330396 0.334311 0.338336 0.339077 0.342141 0.081336
0.129855 0.128864 0.119578 0.119517 0.120345 0.121309 0.122556 0.123998 0.125699 0.127630 0.129814 0.132249 0.134945 0.137904 0.141132 0.144634 0.148416 0.152480 0.156833 0.161674 0.166421 0.171665 0.177214 0.183070 0.189235 0.195712 0.202499 0.209596 0.216999 0.224701 0.232691 0.240956 0.249476 0.258226 0.267171 0.276275 0.285473 0.294728 0.303911 0.313035 0.321738 0.330110 0.337778 0.344425 0.351356 0.356488 0.361049 0.363411 0.366389 0.128574
0.124799 0.129190 0.123360 0.123304 0.124180 0.125178 0.126489 0.127993 0.129774 0.131792 0.134076 0.136621 0.139437 0.142528 0.145901 0.149561 0.153513 0.157764 0.162318 0.167417 0.172363 0.177866 0.183695 0.189856 0.196353 0.203190 0.210370 0.217894 0.225760 0.233967 0.242505 0.251366 0.260531 0.269981 0.279679 0.289595 0.299655 0.309840 0.319967 0.330162 0.339739 0.348841 0.357998 0.365983 0.374499 0.380114 0.385741 0.387299 0.408435 0.142729
0.125612 0.126330 0.126788 0.127667 0.128697 0.130101 0.131736 0.133680 0.133672 0.135852 0.138257 0.140941 0.143833 0.147064 0.150410 0.154222 0.158340 0.162770 0.167520 0.172951 0.178012 0.183769 0.190101 0.196557 0.203164 0.210361 0.217934 0.225888 0.234224 0.242947 0.252049 0.261530 0.271370 0.281558 0.292056 0.302852 0.313853 0.325072 0.336285 0.347651 0.358228 0.369491 0.378970 0.388604 0.398169 0.405151 0.411735 0.412581 0.435538 0.099826
0.131458 0.124795 0.130208 0.130143 0.131128 0.132160 0.133591 0.135199 0.137124 0.139299 0.141763 0.144508 0.147548 0.150886 0.154529 0.158485 0.162761 0.167362 0.172298 0.177817 0.183216 0.189218 0.195590 0.202344 0.209489 0.217036 0.224992 0.233367 0.242165 0.251400 0.261062 0.271163 0.281685 0.292627 0.303948 0.315650 0.327628 0.339942 0.352253 0.364986 0.376757 0.388028 0.399704 0.411275 0.423211 0.430675 0.439380 0.439729 0.422551 0.087029
0.127137 0.139950 0.133334 0.133249 0.134316 0.135339 0.136831 0.138480 0.140467 0.142713 0.145257 0.148092 0.151233 0.154686 0.158456 0.162552 0.166982 0.171749 0.176864 0.182635 0.188198 0.194439 0.201071 0.208113 0.215573 0.223468 0.231808 0.240613 0.249875 0.259641 0.269873 0.280630 0.291868 0.303621 0.315821 0.328547 0.341594 0.355166 0.368734 0.382941 0.394999 0.410939 0.422018 0.437138 0.449086 0.459263 0.468095 0.468271 0.496041 0.115244
0.129888 0.143070 0.135983 0.135878 0.136943 0.137981 0.139485 0.141197 0.143219 0.145546 0.148153 0.151070 0.154301 0.157857 0.161739 0.165958 0.170528 0.175442 0.180715 0.186791 0.192426 0.198888 0.205755 0.213060 0.220806 0.229019 0.237708 0.246897 0.256592 0.266834 0.277616 0.288972 0.300901 0.313401 0.326446 0.340105 0.354235 0.369008 0.383886 0.398941 0.414369 0.428647 0.444143 0.459502 0.475631 0.487170 0.499372 0.500341 0.530093 0.126721
0.120989 0.145397 0.138755 0.138534 0.139738 0.140723 0.142246 0.144029 0.146074 0.148483 0.151140 0.154132 0.157447 0.161109 0.165097 0.169445 0.174165 0.179224 0.184647 0.190502 0.196733 0.203423 0.210519 0.218093 0.226130 0.234676 0.243732 0.253392 0.263471 0.274344 0.285604 0.297735 0.310399 0.323840 0.337791 0.352782 0.367941 0.384448 0.399617 0.418487 0.432093 0.454213 0.467126 0.490324 0.505461 0.520120 0.533484 0.536354 0.526775 0.005987
0.135484 0.148514 0.140633 0.140294 0.141057 0.142371 0.143625 0.145662 0.147597 0.150184 0.152849 0.155893 0.159265 0.163023 0.167078 0.171524 0.176381 0.181546 0.187062 0.193076 0.199437 0.206329 0.213591 0.221384 0.229639 0.238426 0.247751 0.257584 0.268116 0.279184 0.291119 0.303547 0.317029 0.330965 0.345778 0.361192 0.377913 0.394540 0.413189 0.430410 0.451211 0.469291 0.490702 0.510604 0.530351 0.550289 0.569777 0.573757 0.580408 0.148202
0.137443 0.150533 0.143333 0.142595 0.143355 0.144738 0.145579 0.148111 0.149874 0.152717 0.155311 0.158391 0.161811 0.165707 0.169797 0.174371 0.179458 0.184712 0.190274 0.196511 0.202969 0.210124 0.217507 0.225562 0.234040 0.243179 0.252750 0.263630 0.273774 0.286441 0.297971 0.312081 0.326331 0.341604 0.356729 0.375086 0.391006 0.412269 0.427933 0.453625 0.468421 0.498696 0.513671 0.546680 0.563626 0.594207 0.614886 0.617955 0.613372 0.324183
0.138148 0.153402 0.144324 0.142822 0.141429 0.144931 0.144235 0.148121 0.149433 0.152620 0.155039 0.158088 0.161515 0.165599 0.169590 0.174265 0.179614 0.184672 0.190308 0.196516 0.203231 0.210469 0.217928 0.226166 0.234727 0.243947 0.253601 0.264269 0.274530 0.287404 0.299042 0.314084 0.328252 0.342859 0.359751 0.376509 0.395848 0.414499 0.436722 0.457200 0.483777 0.506272 0.536114 0.562105 0.592841 0.621136 0.649981 0.662862 0.701682 0.351466
0.126411 0.151273 0.147627 0.145057 0.150834 0.147348 0.153028 0.151208 0.154383 0.156860 0.159734 0.162434 0.165284 0.170829 0.173603 0.178400 0.184535 0.191180 0.194652 0.204225 0.208502 0.217544 0.224042 0.233520 0.242248 0.250755 0.263564 0.271467 0.286951 0.294984 0.312974 0.326280 0.338062 0.359460 0.371303 0.395978 0.410035 0.438403 0.453738 0.487982 0.504447 0.544093 0.561995 0.607718 0.630228 0.674422 0.707684 0.727137 0.764717 0.380800
0.139923 0.157776 0.143979 0.142223 0.141334 0.144434 0.143664 0.147092 0.147496 0.151859 0.153054 0.156194 0.159601 0.164835 0.167565 0.172494 0.179412 0.184424 0.187908 0.197383 0.200794 0.210320 0.216029 0.225543 0.232996 0.242560 0.254407 0.262715 0.277615 0.285580 0.304027 0.313271 0.329096 0.349390 0.360960 0.386279 0.400756 0.428500 0.445991 0.478661 0.505592 0.534453 0.574710 0.605399 0.655985 0.691730 0.753467 0.735171 0.836593 0.013138
0.148679 0.151215 0.147795 0.146267 0.149522 0.150232 0.152434 0.154092 0.156627 0.159141 0.162228 0.165485 0.169146 0.173223 0.177568 0.182337 0.187519 0.193159 0.199121 0.205669 0.212689 0.220232 0.228272 0.236895 0.246093 0.255840 0.266356 0.277457 0.289433 0.302183 0.315847 0.330750 0.346380 0.363264 0.381566 0.401067 0.422511 0.445256 0.470416 0.497303 0.527598 0.559430 0.596727 0.633221 0.680451 0.717824 0.714027 0.775197 0.909681 0.012359
0.149255 0.150420 0.153197 0.155885 0.158134 0.160641 0.163415 0.165576 0.168634 0.164022 0.175305 0.179425 0.183664 0.178857 0.183495 0.188529 0.194004 0.199924 0.206322 0.213214 0.220653 0.228611 0.242989 0.252553 0.262302 0.266736 0.259503 0.270838 0.283136 0.295803 0.332564 0.348789 0.366382 0.357410 0.374822 0.428404 0.454010 0.452340 0.468493 0.499280 0.499924 0.562706 0.568459 0.701434 0.719269 0.715118 0.867123 0.845271 0.925535 0.599731
0.148004 0.130738 0.125909 0.138870 0.127425 0.132285 0.134242 0.131711 0.138744 0.141360 0.162777 0.147529 0.151171 0.155090 0.159342 0.185965 0.162765 0.197323 0.180208 0.210430 0.217797 0.225640 0.233215 0.209127 0.242937 0.236202 0.238499 0.278370 0.287292 0.272951 0.299284 0.319041 0.360905 0.379580 0.400126 0.393710 0.380255 0.466983 0.488387 0.509708 0.562962 0.561030 0.650620 0.697506 0.705397 0.799002 0.952328 0.932757 1.216738 1.230267
