-0.012482 -0.011400 -0.011394 -0.010213 -0.007470 -0.007283 -0.005248 -0.002668 -0.000389 -0.000076 0.000000 0.000000 0.000000 0.000000 0.000000 0.000000 0.000000 0.000000 0.000000 0.000000 0.000000 0.000000 0.000000 0.000000 0.000000 0.000000 0.000000 0.000000 0.000000 0.000000 0.000000 0.000000 0.000000 0.000000 0.000000 0.000000 0.000000 0.000000 0.000000 0.000000 0.000000 0.000000 0.000000 0.000000 0.000000 0.000000 0.000000 0.000000 0.000000 0.000000
-0.010327 -0.013131 -0.011396 -0.010511 -0.008926 -0.007397 -0.005908 -0.002818 0.000480 -0.000059 0.000000 0.000000 0.000000 0.000000 0.000000 0.000000 0.000000 0.000000 0.000000 0.000000 0.000000 0.000000 0.000000 0.000000 0.000000 0.000000 0.000000 0.000000 0.000000 0.000000 0.000000 0.000000 0.000000 0.000000 0.000000 0.000000 0.000000 0.000000 0.000000 0.000000 0.000000 0.000000 0.000000 0.000000 0.000000 0.000000 0.000000 0.000000 0.000000 0.000000
-0.011987 -0.014534 -0.012410 -0.011212 -0.011132 -0.009320 -0.006982 -0.003159 0.001227 0.000242 0.000000 0.000000 0.000000 0.000000 0.000000 0.000000 0.000000 0.000000 0.000000 0.000000 0.000000 0.000000 0.000000 0.000000 0.000000 0.000000 0.000000 0.000000 0.000000 0.000000 0.000000 0.000000 0.000000 0.000000 0.000000 0.000000 0.000000 0.000000 0.000000 0.000000 0.000000 0.000000 0.000000 0.000000 0.000000 0.000000 0.000000 0.000000 0.000000 0.000000
-0.012591 -0.014424 -0.013876 -0.011833 -0.011437 -0.009265 -0.007189 -0.003105 0.000779 0.000204 0.000000 0.000000 0.000000 0.000000 0.000000 0.000000 0.000000 0.000000 0.000000 0.000000 0.000000 0.000000 0.000000 0.000000 0.000000 0.000000 0.000000 0.000000 0.000000 0.000000 0.000000 0.000000 0.000000 0.000000 0.000000 0.000000 0.000000 0.000000 0.000000 0.000000 0.000000 0.000000 0.000000 0.000000 0.000000 0.000000 0.000000 0.000000 0.000000 0.000000
-0.014110 -0.018099 -0.013792 -0.013180 -0.012513 -0.010125 -0.008080 -0.003493 -0.000625 -0.003067 0.000000 0.000000 0.000000 0.000000 0.000000 0.000000 0.000000 0.000000 0.000000 0.000000 0.000000 0.000000 0.000000 0.000000 0.000000 0.000000 0.000000 0.000000 0.000000 0.000000 0.000000 0.000000 0.000000 0.000000 0.000000 0.000000 0.000000 0.000000 0.000000 0.000000 0.000000 0.000000 0.000000 0.000000 0.000000 0.000000 0.000000 0.000000 0.000000 0.000000
-0.014954 -0.020542 -0.015367 -0.014562 -0.014102 -0.011214 -0.008921 -0.003809 -0.000717 -0.003918 0.000000 0.000000 0.000000 0.000000 0.000000 0.000000 0.000000 0.000000 0.000000 0.000000 0.000000 0.000000 0.000000 0.000000 0.000000 0.000000 0.000000 0.000000 0.000000 0.000000 0.000000 0.000000 0.000000 0.000000 0.000000 0.000000 0.000000 0.000000 0.000000 0.000000 0.000000 0.000000 0.000000 0.000000 0.000000 0.000000 0.000000 0.000000 0.000000 0.000000
-0.018382 -0.023633 -0.017531 -0.016598 -0.015974 -0.012816 -0.010152 -0.004310 -0.001815 -0.000659 0.000000 0.000000 0.000000 0.000000 0.000000 0.000000 0.000000 0.000000 0.000000 0.000000 0.000000 0.000000 0.000000 0.000000 0.000000 0.000000 0.000000 0.000000 0.000000 0.000000 0.000000 0.000000 0.000000 0.000000 0.000000 0.000000 0.000000 0.000000 0.000000 0.000000 0.000000 0.000000 0.000000 0.000000 0.000000 0.000000 0.000000 0.000000 0.000000 0.000000
-0.019685 -0.023653 -0.020152 -0.019050 -0.018410 -0.014699 -0.011679 -0.004879 -0.003136 -0.000343 0.000000 0.000000 0.000000 0.000000 0.000000 0.000000 0.000000 0.000000 0.000000 0.000000 0.000000 0.000000 0.000000 0.000000 0.000000 0.000000 0.000000 0.000000 0.000000 0.000000 0.000000 0.000000 0.000000 0.000000 0.000000 0.000000 0.000000 0.000000 0.000000 0.000000 0.000000 0.000000 0.000000 0.000000 0.000000 0.000000 0.000000 0.000000 0.000000 0.000000
-0.027402 -0.032076 -0.023412 -0.022130 -0.021383 -0.017084 -0.013562 -0.005570 -0.001294 -0.006949 0.000000 0.000000 0.000000 0.000000 0.000000 0.000000 0.000000 0.000000 0.000000 0.000000 0.000000 0.000000 0.000000 0.000000 0.000000 0.000000 0.000000 0.000000 0.000000 0.000000 0.000000 0.000000 0.000000 0.000000 0.000000 0.000000 0.000000 0.000000 0.000000 0.000000 0.000000 0.000000 0.000000 0.000000 0.000000 0.000000 0.000000 0.000000 0.000000 0.000000
-0.036109 -0.037765 -0.027349 -0.025842 -0.024996 -0.019950 -0.015848 -0.006496 -0.003171 -0.001045 0.000000 0.000000 0.000000 0.000000 0.000000 0.000000 0.000000 0.000000 0.000000 0.000000 0.000000 0.000000 0.000000 0.000000 0.000000 0.000000 0.000000 0.000000 0.000000 0.000000 0.000000 0.000000 0.000000 0.000000 0.000000 0.000000 0.000000 0.000000 0.000000 0.000000 0.000000 0.000000 0.000000 0.000000 0.000000 0.000000 0.000000 0.000000 0.000000 0.000000
-0.041093 -0.044564 -0.032107 -0.030340 -0.029342 -0.023429 -0.018612 -0.007637 -0.006559 0.007334 0.000000 0.000000 0.000000 0.000000 0.000000 0.000000 0.000000 0.000000 0.000000 0.000000 0.000000 0.000000 0.000000 0.000000 0.000000 0.000000 0.000000 0.000000 0.000000 0.000000 0.000000 0.000000 0.000000 0.000000 0.000000 0.000000 0.000000 0.000000 0.000000 0.000000 0.000000 0.000000 0.000000 0.000000 0.000000 0.000000 0.000000 0.000000 0.000000 0.000000
-0.041605 -0.052356 -0.037817 -0.034362 -0.034556 -0.027605 -0.021934 -0.014274 0.000921 -0.011417 0.000000 0.000000 0.000000 0.000000 0.000000 0.000000 0.000000 0.000000 0.000000 0.000000 0.000000 0.000000 0.000000 0.000000 0.000000 0.000000 0.000000 0.000000 0.000000 0.000000 0.000000 0.000000 0.000000 0.000000 0.000000 0.000000 0.000000 0.000000 0.000000 0.000000 0.000000 0.000000 0.000000 0.000000 0.000000 0.000000 0.000000 0.000000 0.000000 0.000000
-0.041086 -0.049539 -0.045365 -0.040232 -0.039910 -0.031976 -0.022794 -0.015454 0.003172 0.000582 0.000000 0.000000 0.000000 0.000000 0.000000 0.000000 0.000000 0.000000 0.000000 0.000000 0.000000 0.000000 0.000000 0.000000 0.000000 0.000000 0.000000 0.000000 0.000000 0.000000 0.000000 0.000000 0.000000 0.000000 0.000000 0.000000 0.000000 0.000000 0.000000 0.000000 0.000000 0.000000 0.000000 0.000000 0.000000 0.000000 0.000000 0.000000 0.000000 0.000000
-0.052529 -0.061972 -0.052786 -0.049931 -0.048232 -0.038617 -0.030692 -0.019937 -0.005560 -0.001707 0.000000 0.000000 0.000000 0.000000 0.000000 0.000000 0.000000 0.000000 0.000000 0.000000 0.000000 0.000000 0.000000 0.000000 0.000000 0.000000 0.000000 0.000000 0.000000 0.000000 0.000000 0.000000 0.000000 0.000000 0.000000 0.000000 0.000000 0.000000 0.000000 0.000000 0.000000 0.000000 0.000000 0.000000 0.000000 0.000000 0.000000 0.000000 0.000000 0.000000
-0.080566 -0.073382 -0.062485 -0.059116 -0.057135 -0.045798 -0.036410 -0.021487 -0.003022 0.001552 0.000000 0.000000 0.000000 0.000000 0.000000 0.000000 0.000000 0.000000 0.000000 0.000000 0.000000 0.000000 0.000000 0.000000 0.000000 0.000000 0.000000 0.000000 0.000000 0.000000 0.000000 0.000000 0.000000 0.000000 0.000000 0.000000 0.000000 0.000000 0.000000 0.000000 0.000000 0.000000 0.000000 0.000000 0.000000 0.000000 0.000000 0.000000 0.000000 0.000000
-0.081014 -0.081877 -0.073981 -0.070102 -0.067661 -0.054389 -0.043251 -0.027943 0.003476 0.000338 0.000000 0.000000 0.000000 0.000000 0.000000 0.000000 0.000000 0.000000 0.000000 0.000000 0.000000 0.000000 0.000000 0.000000 0.000000 0.000000 0.000000 0.000000 0.000000 0.000000 0.000000 0.000000 0.000000 0.000000 0.000000 0.000000 0.000000 0.000000 0.000000 0.000000 0.000000 0.000000 0.000000 0.000000 0.000000 0.000000 0.000000 0.000000 0.000000 0.000000
-0.085458 -0.103465 -0.087679 -0.083064 -0.080290 -0.064678 -0.051479 -0.033135 -0.004567 0.001577 0.000000 0.000000 0.000000 0.000000 0.000000 0.000000 0.000000 0.000000 0.000000 0.000000 0.000000 0.000000 0.000000 0.000000 0.000000 0.000000 0.000000 0.000000 0.000000 0.000000 0.000000 0.000000 0.000000 0.000000 0.000000 0.000000 0.000000 0.000000 0.000000 0.000000 0.000000 0.000000 0.000000 0.000000 0.000000 0.000000 0.000000 0.000000 0.000000 0.000000
-0.127772 -0.122254 -0.103822 -0.098714 -0.095249 -0.077031 -0.061378 -0.039345 -0.005884 0.001541 0.000000 0.000000 0.000000 0.000000 0.000000 0.000000 0.000000 0.000000 0.000000 0.000000 0.000000 0.000000 0.000000 0.000000 0.000000 0.000000 0.000000 0.000000 0.000000 0.000000 0.000000 0.000000 0.000000 0.000000 0.000000 0.000000 0.000000 0.000000 0.000000 0.000000 0.000000 0.000000 0.000000 0.000000 0.000000 0.000000 0.000000 0.000000 0.000000 0.000000
-0.152559 -0.135383 -0.123042 -0.116854 -0.113008 -0.091884 -0.073362 -0.046792 -0.016086 -0.008348 0.000000 0.000000 0.000000 0.000000 0.000000 0.000000 0.000000 0.000000 0.000000 0.000000 0.000000 0.000000 0.000000 0.000000 0.000000 0.000000 0.000000 0.000000 0.000000 0.000000 0.000000 0.000000 0.000000 0.000000 0.000000 0.000000 0.000000 0.000000 0.000000 0.000000 0.000000 0.000000 0.000000 0.000000 0.000000 0.000000 0.000000 0.000000 0.000000 0.000000
-0.181896 -0.171468 -0.145537 -0.139899 -0.134301 -0.109905 -0.088013 -0.055800 -0.010744 0.001613 0.000000 0.000000 0.000000 0.000000 0.000000 0.000000 0.000000 0.000000 0.000000 0.000000 0.000000 0.000000 0.000000 0.000000 0.000000 0.000000 0.000000 0.000000 0.000000 0.000000 0.000000 0.000000 0.000000 0.000000 0.000000 0.000000 0.000000 0.000000 0.000000 0.000000 0.000000 0.000000 0.000000 0.000000 0.000000 0.000000 0.000000 0.000000 0.000000 0.000000
-0.216431 -0.201893 -0.172344 -0.164617 -0.159907 -0.131560 -0.105974 -0.066853 0.002047 -0.036360 0.000000 0.000000 0.000000 0.000000 0.000000 0.000000 0.000000 0.000000 0.000000 0.000000 0.000000 0.000000 0.000000 0.000000 0.000000 0.000000 0.000000 0.000000 0.000000 0.000000 0.000000 0.000000 0.000000 0.000000 0.000000 0.000000 0.000000 0.000000 0.000000 0.000000 0.000000 0.000000 0.000000 0.000000 0.000000 0.000000 0.000000 0.000000 0.000000 0.000000
-0.256153 -0.238800 -0.203493 -0.199390 -0.190080 -0.158442 -0.128408 -0.080641 0.001520 -0.039782 0.000000 0.000000 0.000000 0.000000 0.000000 0.000000 0.000000 0.000000 0.000000 0.000000 0.000000 0.000000 0.000000 0.000000 0.000000 0.000000 0.000000 0.000000 0.000000 0.000000 0.000000 0.000000 0.000000 0.000000 0.000000 0.000000 0.000000 0.000000 0.000000 0.000000 0.000000 0.000000 0.000000 0.000000 0.000000 0.000000 0.000000 0.000000 0.000000 0.000000
-0.255955 -0.279452 -0.240691 -0.232038 -0.227325 -0.190249 -0.156364 -0.098337 -0.024436 0.002631 0.000000 0.000000 0.000000 0.000000 0.000000 0.000000 0.000000 0.000000 0.000000 0.000000 0.000000 0.000000 0.000000 0.000000 0.000000 0.000000 0.000000 0.000000 0.000000 0.000000 0.000000 0.000000 0.000000 0.000000 0.000000 0.000000 0.000000 0.000000 0.000000 0.000000 0.000000 0.000000 0.000000 0.000000 0.000000 0.000000 0.000000 0.000000 0.000000 0.000000
-0.301742 -0.328307 -0.283217 -0.280466 -0.270089 -0.230931 -0.193161 -0.120094 -0.025802 -0.004002 0.000000 0.000000 0.000000 0.000000 0.000000 0.000000 0.000000 0.000000 0.000000 0.000000 0.000000 0.000000 0.000000 0.000000 0.000000 0.000000 0.000000 0.000000 0.000000 0.000000 0.000000 0.000000 0.000000 0.000000 0.000000 0.000000 0.000000 0.000000 0.000000 0.000000 0.000000 0.000000 0.000000 0.000000 0.000000 0.000000 0.000000 0.000000 0.000000 0.000000
-0.321592 -0.374876 -0.334657 -0.325912 -0.324875 -0.280618 -0.238750 -0.106764 -0.027788 -0.007851 0.000000 0.000000 0.000000 0.000000 0.000000 0.000000 0.000000 0.000000 0.000000 0.000000 0.000000 0.000000 0.000000 0.000000 0.000000 0.000000 0.000000 0.000000 0.000000 0.000000 0.000000 0.000000 0.000000 0.000000 0.000000 0.000000 0.000000 0.000000 0.000000 0.000000 0.000000 0.000000 0.000000 0.000000 0.000000 0.000000 0.000000 0.000000 0.000000 0.000000
-0.402510 -0.435357 -0.390726 -0.388049 -0.383575 -0.347801 -0.305538 -0.128496 -0.019208 -0.004964 0.000000 0.000000 0.000000 0.000000 0.000000 0.000000 0.000000 0.000000 0.000000 0.000000 0.000000 0.000000 0.000000 0.000000 0.000000 0.000000 0.000000 0.000000 0.000000 0.000000 0.000000 0.000000 0.000000 0.000000 0.000000 0.000000 0.000000 0.000000 0.000000 0.000000 0.000000 0.000000 0.000000 0.000000 0.000000 0.000000 0.000000 0.000000 0.000000 0.000000
-0.482083 -0.499811 -0.459485 -0.449070 -0.463275 -0.434553 -0.411806 -0.340720 -0.133436 0.024154 0.000000 0.000000 0.000000 0.000000 0.000000 0.000000 0.000000 0.000000 0.000000 0.000000 0.000000 0.000000 0.000000 0.000000 0.000000 0.000000 0.000000 0.000000 0.000000 0.000000 0.000000 0.000000 0.000000 0.000000 0.000000 0.000000 0.000000 0.000000 0.000000 0.000000 0.000000 0.000000 0.000000 0.000000 0.000000 0.000000 0.000000 0.000000 0.000000 0.000000
-0.520891 -0.568096 -0.523672 -0.520753 -0.533779 -0.532135 -0.516972 -0.562901 -0.863001 -0.035100 0.000000 0.000000 0.000000 0.000000 0.000000 0.000000 0.000000 0.000000 0.000000 0.000000 0.000000 0.000000 0.000000 0.000000 0.000000 0.000000 0.000000 0.000000 0.000000 0.000000 0.000000 0.000000 0.000000 0.000000 0.000000 0.000000 0.000000 0.000000 0.000000 0.000000 0.000000 0.000000 0.000000 0.000000 0.000000 0.000000 0.000000 0.000000 0.000000 0.000000
-0.575052 -0.629498 -0.601288 -0.590083 -0.637322 -0.667166 -0.746557 -1.107293 -1.681027 -2.074972 -0.786272 -0.443077 -0.465854 -0.416336 -0.377284 -0.350748 -0.268277 -0.244767 -0.294532 -0.279618 -0.224486 -0.010549 -0.215306 -0.009145 -0.220571 -0.231603 -0.197578 -0.147504 -0.177360 -0.133015 -0.121791 -0.117954 -0.111362 -0.098271 -0.080723 -0.087809 -0.096915 -0.059348 -0.079664 -0.058640 -0.077979 -0.047397 -0.065591 -0.044382 -0.029771 -0.041472 -0.017422 -0.017053 0.002922 0.072592
-0.607241 -0.684421 -0.655026 -0.655861 -0.695820 -0.746943 -0.812411 -0.955191 -1.141559 -1.368909 -1.387765 -1.255005 -1.171521 -1.077493 -1.012663 -0.951856 -0.902144 -0.856157 -0.805234 -0.777198 -0.741916 -0.708617 -0.677086 -0.646855 -0.617781 -0.589527 -0.562195 -0.535282 -0.509085 -0.483003 -0.457587 -0.431793 -0.406698 -0.380892 -0.357939 -0.331822 -0.306603 -0.283757 -0.259653 -0.237826 -0.210485 -0.187642 -0.163052 -0.139663 -0.121041 -0.098750 -0.085080 -0.095021 -0.014079 -0.002906
-0.680703 -0.724990 -0.702488 -0.692075 -0.745922 -0.779902 -0.855669 -0.942180 -1.067733 -1.214519 -1.253699 -1.182758 -1.126237 -1.057658 -0.998646 -0.945006 -0.897084 -0.853766 -0.817306 -0.777072 -0.742498 -0.709822 -0.678683 -0.648778 -0.619875 -0.591786 -0.564392 -0.537517 -0.511199 -0.485261 -0.459707 -0.434477 -0.409497 -0.384586 -0.359620 -0.335457 -0.310713 -0.286118 -0.261654 -0.237417 -0.213603 -0.189493 -0.166184 -0.141277 -0.116754 -0.085891 -0.062777 -0.066989 0.014546 -0.025955
-0.707869 -0.759444 -0.734294 -0.727459 -0.773643 -0.808426 -0.860691 -0.931854 -1.006947 -1.087535 -1.110427 -1.077283 -1.050512 -1.002716 -0.962810 -0.918694 -0.879473 -0.840685 -0.803762 -0.770167 -0.737361 -0.705843 -0.675556 -0.646257 -0.617816 -0.590065 -0.562959 -0.536280 -0.510088 -0.484182 -0.458678 -0.433280 -0.408313 -0.383181 -0.359080 -0.334431 -0.309886 -0.286035 -0.261891 -0.238498 -0.214095 -0.190793 -0.166684 -0.143019 -0.121886 -0.097944 -0.075898 -0.078289 -0.007039 -0.004386
-0.736836 -0.785527 -0.759653 -0.748475 -0.795207 -0.815916 -0.866580 -0.913009 -0.968036 -1.020752 -1.040629 -1.023828 -1.001474 -0.968825 -0.934109 -0.897392 -0.861738 -0.826693 -0.793197 -0.760794 -0.729644 -0.699496 -0.670289 -0.641867 -0.614135 -0.586973 -0.560321 -0.534055 -0.508178 -0.482582 -0.457292 -0.432168 -0.407305 -0.382490 -0.357937 -0.333439 -0.309136 -0.284870 -0.260924 -0.236896 -0.213295 -0.189227 -0.165862 -0.141487 -0.118756 -0.093220 -0.067072 -0.068405 -0.001758 0.001694
-0.754490 -0.802590 -0.775259 -0.762333 -0.805275 -0.820317 -0.857771 -0.890525 -0.926392 -0.956203 -0.971133 -0.962441 -0.950368 -0.926181 -0.900914 -0.871061 -0.841480 -0.810759 -0.780702 -0.750835 -0.721650 -0.693012 -0.664990 -0.637516 -0.610554 -0.584040 -0.557941 -0.532170 -0.506717 -0.481510 -0.456566 -0.431776 -0.407238 -0.382713 -0.358513 -0.334213 -0.310111 -0.285936 -0.261898 -0.237844 -0.213866 -0.190165 -0.166412 -0.142641 -0.118420 -0.095741 -0.069994 -0.069240 -0.026358 -0.025044
-0.767824 -0.815351 -0.786634 -0.773594 -0.812989 -0.820111 -0.852609 -0.874541 -0.901599 -0.921058 -0.930479 -0.925738 -0.914289 -0.896057 -0.874100 -0.848853 -0.822459 -0.794951 -0.767385 -0.739731 -0.712353 -0.685230 -0.658454 -0.632004 -0.605877 -0.580048 -0.554501 -0.529197 -0.504128 -0.479255 -0.454577 -0.430042 -0.405679 -0.381389 -0.357251 -0.333107 -0.309100 -0.285028 -0.261186 -0.237070 -0.213662 -0.188948 -0.166560 -0.141440 -0.118558 -0.095190 -0.069632 -0.067821 -0.008875 -0.022863
-0.782761 -0.825292 -0.792586 -0.778215 -0.814435 -0.816135 -0.842222 -0.855936 -0.874461 -0.886301 -0.893024 -0.888992 -0.880758 -0.866002 -0.848257 -0.826889 -0.804059 -0.779631 -0.754642 -0.729125 -0.703489 -0.677808 -0.652217 -0.626757 -0.601461 -0.576337 -0.551388 -0.526601 -0.501969 -0.477474 -0.453113 -0.428855 -0.404716 -0.380632 -0.356666 -0.332698 -0.308840 -0.284947 -0.261227 -0.237342 -0.213983 -0.189896 -0.166546 -0.142775 -0.117950 -0.096607 -0.069806 -0.068558 -0.015408 -0.020638
-0.802385 -0.828593 -0.796221 -0.781596 -0.814440 -0.812341 -0.833816 -0.842351 -0.856452 -0.863208 -0.866347 -0.862697 -0.854902 -0.842222 -0.826419 -0.807620 -0.787056 -0.764917 -0.741911 -0.718208 -0.694140 -0.669824 -0.645398 -0.620929 -0.596473 -0.572057 -0.547705 -0.523421 -0.499214 -0.475079 -0.451020 -0.427024 -0.403097 -0.379209 -0.355386 -0.331566 -0.307811 -0.284031 -0.260366 -0.236598 -0.213102 -0.189391 -0.165843 -0.142380 -0.117971 -0.096105 -0.069444 -0.067504 -0.039060 -0.005808
-0.787652 -0.829093 -0.798153 -0.804447 -0.812261 -0.821678 -0.830912 -0.831896 -0.838796 -0.843997 -0.843289 -0.840702 -0.833380 -0.822097 -0.807957 -0.791036 -0.772427 -0.752112 -0.730162 -0.708635 -0.685344 -0.662785 -0.639387 -0.615803 -0.592104 -0.568343 -0.544549 -0.520753 -0.496959 -0.473189 -0.449429 -0.425698 -0.401982 -0.378286 -0.354416 -0.330762 -0.307139 -0.283503 -0.259924 -0.236295 -0.212779 -0.189184 -0.165534 -0.142241 -0.117895 -0.095680 -0.069557 -0.067973 -0.040418 0.005457
-0.792664 -0.786084 -0.796743 -0.778161 -0.806000 -0.800559 -0.815326 -0.817394 -0.824552 -0.825344 -0.825096 -0.820555 -0.813422 -0.802918 -0.789982 -0.774656 -0.757563 -0.738894 -0.719083 -0.698327 -0.676879 -0.654888 -0.632497 -0.609801 -0.586883 -0.563800 -0.540596 -0.517304 -0.493951 -0.470552 -0.447124 -0.423672 -0.400206 -0.376725 -0.353240 -0.329738 -0.306236 -0.282720 -0.259215 -0.235699 -0.212182 -0.188729 -0.165018 -0.141854 -0.117298 -0.095087 -0.068999 -0.066985 -0.045468 0.029010
-0.787827 -0.815436 -0.795207 -0.778470 -0.804354 -0.795216 -0.807990 -0.807462 -0.812193 -0.811050 -0.809664 -0.804537 -0.797410 -0.787402 -0.775304 -0.761060 -0.745119 -0.727674 -0.709487 -0.689427 -0.669027 -0.647995 -0.626465 -0.604540 -0.582305 -0.559822 -0.537146 -0.514316 -0.491365 -0.468316 -0.445191 -0.422003 -0.398765 -0.375484 -0.352168 -0.328821 -0.305449 -0.282055 -0.258638 -0.235228 -0.211746 -0.188388 -0.164686 -0.141589 -0.117214 -0.094909 -0.069373 -0.067542 -0.044797 -0.011748
-0.801744 -0.827867 -0.793245 -0.770465 -0.792772 -0.788755 -0.798077 -0.798113 -0.801156 -0.799082 -0.796747 -0.791202 -0.783961 -0.774236 -0.762663 -0.749178 -0.734110 -0.717616 -0.700257 -0.681266 -0.661757 -0.641556 -0.620788 -0.599553 -0.577935 -0.556004 -0.533814 -0.511412 -0.488837 -0.466118 -0.443280 -0.420342 -0.397321 -0.374230 -0.351079 -0.327875 -0.304626 -0.281345 -0.258014 -0.234697 -0.211260 -0.187987 -0.164292 -0.141265 -0.116771 -0.094615 -0.068907 -0.067240 -0.040937 -0.014787
-0.814364 -0.830555 -0.790891 -0.773807 -0.797979 -0.782031 -0.794801 -0.789842 -0.792837 -0.789072 -0.786128 -0.780028 -0.772640 -0.763058 -0.751868 -0.738929 -0.724532 -0.708785 -0.692172 -0.673981 -0.655218 -0.635723 -0.615612 -0.594979 -0.573908 -0.552468 -0.530717 -0.508704 -0.486474 -0.464058 -0.441487 -0.418784 -0.395968 -0.373056 -0.350061 -0.326996 -0.303864 -0.280692 -0.257446 -0.234220 -0.210828 -0.187655 -0.163932 -0.141100 -0.116475 -0.094725 -0.069112 -0.066479 -0.018908 -0.008022
-0.815345 -0.828836 -0.788881 -0.763194 -0.784892 -0.778541 -0.782532 -0.783495 -0.784044 -0.780509 -0.776807 -0.770505 -0.762989 -0.753542 -0.742619 -0.730103 -0.716227 -0.701072 -0.684942 -0.667526 -0.649386 -0.630490 -0.610941 -0.590831 -0.570239 -0.549233 -0.527873 -0.506209 -0.484290 -0.462149 -0.439820 -0.417330 -0.394702 -0.371955 -0.349104 -0.326165 -0.303145 -0.280073 -0.256910 -0.233759 -0.210436 -0.187303 -0.163720 -0.140768 -0.116703 -0.094195 -0.069292 -0.067351 -0.040005 0.003597
-0.807384 -0.826339 -0.786620 -0.769686 -0.793457 -0.774562 -0.785797 -0.774606 -0.778835 -0.773415 -0.769753 -0.762890 -0.755269 -0.745782 -0.734998 -0.722757 -0.709254 -0.694544 -0.684802 -0.661984 -0.644345 -0.625939 -0.606856 -0.587185 -0.566998 -0.546365 -0.525338 -0.503973 -0.482326 -0.460425 -0.438314 -0.416014 -0.393553 -0.370955 -0.348233 -0.325410 -0.302484 -0.279498 -0.256407 -0.233340 -0.210045 -0.187051 -0.163294 -0.140834 -0.115707 -0.094924 -0.068945 -0.066481 -0.038677 -0.013605
-0.805059 -0.801189 -0.783762 -0.758591 -0.777459 -0.771787 -0.775545 -0.773353 -0.772017 -0.767663 -0.763045 -0.756248 -0.748489 -0.739100 -0.728490 -0.716509 -0.703328 -0.688986 -0.673594 -0.657239 -0.640017 -0.622019 -0.603330 -0.584031 -0.564192 -0.543871 -0.523131 -0.502031 -0.480626 -0.458936 -0.437002 -0.414863 -0.392546 -0.370079 -0.347467 -0.324740 -0.301922 -0.279033 -0.256012 -0.232996 -0.209768 -0.186744 -0.163239 -0.140359 -0.116405 -0.093816 -0.069229 -0.067421 -0.039057 -0.013412
-0.783274 -0.820887 -0.783783 -0.766750 -0.789357 -0.768891 -0.776810 -0.769366 -0.770226 -0.763899 -0.759198 -0.751832 -0.743881 -0.734318 -0.723679 -0.711788 -0.698777 -0.684668 -0.669545 -0.653480 -0.636558 -0.618864 -0.600466 -0.581453 -0.561880 -0.541836 -0.521303 -0.500384 -0.479162 -0.457630 -0.435875 -0.413874 -0.391685 -0.369326 -0.346816 -0.324178 -0.301377 -0.278514 -0.255553 -0.232605 -0.209419 -0.186566 -0.162861 -0.140596 -0.115227 -0.094805 -0.068713 -0.066501 -0.036867 0.001931
-0.780649 -0.813945 -0.778252 -0.758783 -0.773415 -0.768701 -0.770676 -0.767090 -0.764710 -0.759672 -0.754333 -0.747166 -0.739123 -0.729796 -0.719391 -0.707716 -0.694924 -0.681051 -0.666177 -0.650373 -0.633717 -0.616284 -0.598148 -0.579374 -0.560058 -0.540157 -0.519803 -0.499101 -0.478089 -0.456730 -0.435013 -0.413092 -0.390974 -0.368717 -0.346231 -0.323624 -0.301076 -0.278403 -0.255476 -0.232529 -0.209345 -0.186340 -0.162916 -0.140025 -0.116232 -0.093795 -0.069270 -0.066089 -0.037405 -0.011729
-0.778050 -0.812776 -0.778587 -0.772399 -0.781618 -0.773054 -0.774200 -0.768622 -0.766213 -0.760544 -0.755257 -0.747930 -0.739902 -0.730430 -0.719928 -0.708199 -0.695383 -0.681489 -0.666598 -0.650778 -0.634106 -0.616659 -0.598499 -0.579717 -0.560353 -0.540516 -0.520169 -0.499388 -0.478344 -0.456950 -0.435286 -0.413379 -0.391265 -0.368982 -0.346546 -0.323951 -0.301205 -0.278407 -0.255464 -0.232522 -0.209341 -0.186369 -0.162899 -0.139989 -0.116052 -0.092946 -0.092382 -0.067901 -0.024566 0.001175
-0.778001 -0.803988 -0.802898 -0.825285 -0.819872 -0.761869 -0.758069 -0.754198 -0.749315 -0.743585 -0.736803 -0.728660 -0.770148 -0.766534 -0.755223 -0.692407 -0.679108 -0.664844 -0.706680 -0.633766 -0.617031 -0.599589 -0.581498 -0.572154 -0.553191 -0.524107 -0.504080 -0.483706 -0.463089 -0.442164 -0.453359 -0.399641 -0.378012 -0.356034 -0.333888 -0.311495 -0.330228 -0.314316 -0.254837 -0.232189 -0.209669 -0.187282 -0.182143 -0.163263 -0.133234 -0.112222 -0.076810 -0.053067 -0.036997 -0.000137
-0.805110 -0.830700 -0.786088 -0.814316 -0.885802 -0.788129 -0.781730 -0.808745 -0.870871 -0.863377 -0.761604 -0.785394 -0.780318 -0.820317 -0.806778 -0.709973 -0.777286 -0.696415 -0.635252 -0.651707 -0.634858 -0.617234 -0.631072 -0.605889 -0.560294 -0.551181 -0.520205 -0.498814 -0.478356 -0.455894 -0.468852 -0.418188 -0.374619 -0.363077 -0.411124 -0.320324 -0.300645 -0.293294 -0.241204 -0.275309 -0.219828 -0.173936 -0.154681 -0.128989 -0.130297 -0.110106 -0.109329 -0.056477 -0.027429 -0.017356
