0.002518 -0.004971 -0.001482 0.006405 0.002838 0.017552 0.002605 0.000174 -0.017483 -0.001642 0.001784 0.003079 0.006902 0.000142 0.000516 0.006919 0.005123 0.005763 0.001820 0.004369 0.003015 0.003675 0.000325 0.003268 -0.003280 0.000693 0.004341 0.003171 -0.001589 0.000711 -0.001788 0.001397 0.000305 0.000400 0.000245 0.000831 0.000815 -0.000969 -0.000468 -0.000347 0.000336 -0.000020 0.000099 0.000616 0.000549 0.000402 0.000398 -0.000017 -0.000008 0.000030
0.003507 0.009774 0.000056 -0.013554 -0.013249 -0.012819 -0.010944 -0.010045 0.019269 0.009517 -0.005532 0.022176 -0.002123 0.025010 0.026730 0.027548 0.028692 0.013694 0.014554 0.015228 0.014956 0.014530 0.013443 0.021178 0.015594 0.017214 0.015440 0.013806 0.012010 0.010648 0.009338 0.008125 0.007075 0.006159 0.005350 0.004623 0.002143 0.004020 0.001556 0.002995 0.001090 0.000894 0.001931 0.000552 0.000402 0.000264 0.000135 0.000080 0.000271 0.001103
-0.022176 -0.008285 -0.000601 0.002157 0.004490 0.003156 0.005607 0.006999 0.009534 0.011846 0.015029 0.017977 0.021519 0.025132 0.029055 0.032767 0.036405 0.039446 0.041500 0.042416 0.041933 0.040503 0.038214 0.035403 0.032292 0.029145 0.026061 0.023178 0.020489 0.018062 0.015826 0.013846 0.012070 0.010509 0.009121 0.007907 0.006835 0.005892 0.005063 0.004331 0.003687 0.003111 0.002603 0.002135 0.001739 0.001289 0.001291 0.001074 0.000470 -0.000134
0.000799 -0.012758 -0.000661 0.003217 0.003745 0.002977 0.006023 0.006349 0.009509 0.011659 0.015123 0.018531 0.022067 0.026136 0.029642 0.033857 0.037319 0.040168 0.042583 0.043424 0.043231 0.041643 0.039197 0.036360 0.033198 0.029857 0.026760 0.023698 0.020992 0.018405 0.016123 0.014087 0.012278 0.010695 0.009277 0.008044 0.006956 0.005997 0.005143 0.004406 0.003752 0.003173 0.002655 0.002189 0.001766 0.001375 0.000968 0.001303 0.000966 0.000272
-0.005806 -0.010991 -0.000089 0.001267 0.003064 0.004098 0.007560 0.008170 0.013342 0.015727 0.020398 0.024900 0.029769 0.035197 0.040152 0.045420 0.051166 0.055571 0.059295 0.060882 0.060320 0.057960 0.054228 0.050128 0.045512 0.040927 0.036532 0.032337 0.028476 0.025000 0.021909 0.019122 0.016705 0.014489 0.012614 0.010898 0.009430 0.008120 0.006979 0.005974 0.005081 0.004292 0.003596 0.002953 0.002382 0.001883 0.001365 0.001358 0.000822 0.000335
0.011402 -0.012876 0.002101 0.002996 0.003078 0.005095 0.006650 0.010173 0.014621 0.018684 0.024098 0.029548 0.036159 0.042466 0.050393 0.056746 0.064899 0.071022 0.076429 0.078950 0.076762 0.074202 0.068035 0.062972 0.056013 0.050467 0.044270 0.039378 0.034292 0.030335 0.026361 0.023121 0.020023 0.017441 0.015090 0.013059 0.011274 0.009710 0.008341 0.007139 0.006068 0.005136 0.004287 0.003539 0.002841 0.002240 0.001581 0.001562 0.000493 0.000102
0.010742 -0.012966 0.001875 0.001936 0.003834 0.003965 0.008754 0.010008 0.016349 0.020740 0.027384 0.034195 0.042290 0.050921 0.060402 0.069774 0.079404 0.088597 0.096755 0.100253 0.098162 0.091923 0.084618 0.075598 0.068312 0.060175 0.053428 0.046777 0.040960 0.035552 0.030980 0.026892 0.023342 0.020279 0.017559 0.015204 0.013133 0.011317 0.009727 0.008319 0.007083 0.005978 0.004999 0.004112 0.003308 0.002605 0.001849 0.001809 0.001209 -0.000476
0.002630 -0.014126 0.002008 0.002153 0.001893 0.005011 0.007583 0.011479 0.016929 0.022218 0.029923 0.037479 0.047984 0.056957 0.070213 0.080889 0.095292 0.107761 0.121218 0.125770 0.119505 0.112183 0.100004 0.089682 0.078301 0.068201 0.059844 0.051875 0.045445 0.039792 0.034653 0.030201 0.026144 0.022677 0.019596 0.016934 0.014601 0.012567 0.010785 0.009223 0.007839 0.006626 0.005541 0.004561 0.003680 0.002866 0.002065 0.002037 0.000743 0.000068
-0.012537 0.013050 0.000793 0.000424 0.001950 0.004035 0.006892 0.010535 0.015987 0.022249 0.030926 0.040323 0.051960 0.064415 0.078325 0.093267 0.109143 0.129094 0.149512 0.158716 0.150719 0.134005 0.117707 0.101479 0.089781 0.077832 0.067791 0.059086 0.050722 0.043598 0.037663 0.032697 0.028318 0.024555 0.021252 0.018384 0.015872 0.013670 0.011732 0.010042 0.008535 0.007217 0.006017 0.004973 0.003970 0.003126 0.002237 0.002189 0.001144 -0.000015
0.006246 -0.014925 -0.000411 -0.000626 0.000228 0.001642 0.004456 0.008003 0.013914 0.020574 0.030393 0.039561 0.056174 0.067297 0.087071 0.107219 0.124427 0.156240 0.252561 0.257447 0.205970 0.170820 0.143119 0.132801 0.113801 0.081407 0.070011 0.064720 0.054168 0.047197 0.041334 0.035562 0.030789 0.026696 0.023102 0.020004 0.019529 0.016817 0.014433 0.012344 0.010828 0.009170 0.006853 0.006204 0.005055 0.003981 0.003044 0.002245 0.000936 0.000010
0.019625 -0.012332 -0.002569 -0.002723 -0.002811 -0.001714 0.000591 0.004010 0.010048 0.017223 0.028225 0.040095 0.055320 0.072701 0.089410 0.112272 0.132769 0.161541 0.425380 0.312697 0.230113 0.173307 0.136709 0.139944 0.110909 0.077885 0.075771 0.056208 0.053053 0.056353 0.035738 0.031880 0.038412 0.032387 0.020141 0.025545 0.015465 0.013203 0.011381 0.009624 0.008450 0.009519 0.005926 0.004869 0.003843 0.003289 0.002872 0.001995 0.001625 0.000063
-0.000523 -0.004950 -0.005211 -0.005255 -0.006599 -0.006206 -0.004601 -0.001946 0.004080 0.010490 0.021911 0.032645 0.055928 0.068837 0.098858 0.109515 0.135000 0.137966 0.058767 0.278041 0.241495 0.191609 0.150059 0.170683 0.122373 0.085337 0.085566 0.063454 0.053740 0.066133 0.055720 0.033784 0.029128 0.039435 0.021979 0.013859 0.017764 0.012387 0.008438 0.010420 0.009301 0.007629 0.005965 0.005300 0.003782 0.005106 0.002455 0.001912 0.001360 0.000013
0.006194 0.008456 -0.008155 -0.010362 -0.012118 -0.011629 -0.010759 -0.010089 -0.005110 0.000774 0.011734 0.028067 0.046571 0.073012 0.095433 0.117913 0.106331 0.108520 -0.000979 0.000000 0.000000 0.000000 0.000000 0.000000 0.000000 0.000000 0.000000 0.000000 0.000000 0.000000 0.000000 0.000000 0.000000 0.000000 0.000000 0.000000 0.000000 0.000000 0.000000 0.000000 0.000000 0.000000 0.000000 0.000000 0.000000 0.000000 0.000000 0.000000 0.000000 0.000000
-0.008272 0.008269 -0.012494 -0.012736 -0.017122 -0.019398 -0.020284 -0.020740 -0.014976 -0.013605 0.004443 0.009026 0.052280 0.064884 0.116232 0.127701 0.112463 0.088573 -0.010037 0.000000 0.000000 0.000000 0.000000 0.000000 0.000000 0.000000 0.000000 0.000000 0.000000 0.000000 0.000000 0.000000 0.000000 0.000000 0.000000 0.000000 0.000000 0.000000 0.000000 0.000000 0.000000 0.000000 0.000000 0.000000 0.000000 0.000000 0.000000 0.000000 0.000000 0.000000
-0.006910 0.006879 -0.017403 -0.017760 -0.024134 -0.028303 -0.031686 -0.033876 -0.032379 -0.028108 -0.016226 0.001903 0.032705 0.078210 0.133111 0.174315 0.135938 0.106278 -0.013142 0.000000 0.000000 0.000000 0.000000 0.000000 0.000000 0.000000 0.000000 0.000000 0.000000 0.000000 0.000000 0.000000 0.000000 0.000000 0.000000 0.000000 0.000000 0.000000 0.000000 0.000000 0.000000 0.000000 0.000000 0.000000 0.000000 0.000000 0.000000 0.000000 0.000000 0.000000
-0.010262 0.004269 -0.022406 -0.022735 -0.031410 -0.037789 -0.043463 -0.049620 -0.047848 -0.052442 -0.031460 -0.032591 0.031620 0.059019 0.204962 0.255843 0.167332 0.120020 0.003508 0.000000 0.000000 0.000000 0.000000 0.000000 0.000000 0.000000 0.000000 0.000000 0.000000 0.000000 0.000000 0.000000 0.000000 0.000000 0.000000 0.000000 0.000000 0.000000 0.000000 0.000000 0.000000 0.000000 0.000000 0.000000 0.000000 0.000000 0.000000 0.000000 0.000000 0.000000
-0.027604 0.001491 -0.028066 -0.028703 -0.040036 -0.049326 -0.059485 -0.068950 -0.076291 -0.082854 -0.079984 -0.072057 -0.028183 0.137695 0.509337 0.651931 0.199981 0.123505 0.013702 0.000000 0.000000 0.000000 0.000000 0.000000 0.000000 0.000000 0.000000 0.000000 0.000000 0.000000 0.000000 0.000000 0.000000 0.000000 0.000000 0.000000 0.000000 0.000000 0.000000 0.000000 0.000000 0.000000 0.000000 0.000000 0.000000 0.000000 0.000000 0.000000 0.000000 0.000000
0.004809 -0.000556 -0.033228 -0.034145 -0.047661 -0.059401 -0.072323 -0.085481 -0.096520 -0.109927 -0.116122 -0.127876 -0.116069 -0.174317 -1.012160 -0.464940 -0.046355 -0.031457 -0.025214 -0.109099 -0.022282 -0.006023 -0.005199 -0.003994 -0.003083 0.004362 -0.020762 0.000000 0.000000 0.000000 0.000000 0.000000 0.000000 0.000000 0.000000 0.000000 0.000000 0.000000 0.000000 0.000000 0.000000 0.000000 0.000000 0.000000 0.000000 0.000000 0.000000 0.000000 0.000000 0.000000
-0.015868 -0.025992 -0.038750 -0.039881 -0.056353 -0.071627 -0.090278 -0.110862 -0.135985 -0.166957 -0.209175 -0.268317 -0.364085 -0.747130 -1.235937 -0.909746 -0.864394 -0.685200 -0.583584 -0.464072 -0.142967 -0.099689 -0.096712 -0.067185 -0.039916 -0.014125 -0.012880 0.000000 0.000000 0.000000 0.000000 0.000000 0.000000 0.000000 0.000000 0.000000 0.000000 0.000000 0.000000 0.000000 0.000000 0.000000 0.000000 0.000000 0.000000 0.000000 0.000000 0.000000 0.000000 0.000000
-0.009618 -0.010288 -0.042802 -0.044149 -0.062419 -0.079698 -0.100969 -0.124799 -0.154374 -0.189991 -0.237568 -0.298682 -0.398872 -0.539370 -0.816243 -0.908567 -0.794722 -0.697472 -0.593129 -0.511566 -0.426283 -0.333469 -0.280548 -0.203106 -0.158885 -0.040702 0.017007 0.000000 0.000000 0.000000 0.000000 0.000000 0.000000 0.000000 0.000000 0.000000 0.000000 0.000000 0.000000 0.000000 0.000000 0.000000 0.000000 0.000000 0.000000 0.000000 0.000000 0.000000 0.000000 0.000000
-0.037137 -0.011429 -0.046125 -0.047488 -0.067610 -0.086807 -0.110628 -0.137323 -0.170265 -0.209986 -0.260815 -0.321920 -0.408523 -0.504864 -0.662330 -0.755246 -0.703148 -0.640627 -0.562366 -0.481153 -0.417612 -0.340604 -0.268696 -0.193966 -0.130006 -0.039426 -0.009688 0.000000 0.000000 0.000000 0.000000 0.000000 0.000000 0.000000 0.000000 0.000000 0.000000 0.000000 0.000000 0.000000 0.000000 0.000000 0.000000 0.000000 0.000000 0.000000 0.000000 0.000000 0.000000 0.000000
0.002557 -0.012263 -0.047892 -0.049516 -0.070026 -0.089882 -0.114201 -0.141286 -0.174188 -0.213012 -0.261806 -0.317479 -0.390919 -0.468840 -0.570051 -0.618497 -0.602128 -0.572939 -0.515572 -0.461713 -0.391582 -0.323778 -0.267042 -0.194934 -0.151761 -0.040549 -0.007142 0.000000 0.000000 0.000000 0.000000 0.000000 0.000000 0.000000 0.000000 0.000000 0.000000 0.000000 0.000000 0.000000 0.000000 0.000000 0.000000 0.000000 0.000000 0.000000 0.000000 0.000000 0.000000 0.000000
0.018958 -0.013454 -0.048546 -0.050127 -0.070828 -0.090837 -0.115103 -0.142004 -0.173940 -0.211518 -0.256454 -0.309806 -0.372804 -0.437995 -0.517439 -0.563423 -0.555056 -0.529990 -0.487808 -0.435884 -0.379236 -0.317905 -0.256759 -0.186852 -0.133539 -0.039312 -0.008438 0.000000 0.000000 0.000000 0.000000 0.000000 0.000000 0.000000 0.000000 0.000000 0.000000 0.000000 0.000000 0.000000 0.000000 0.000000 0.000000 0.000000 0.000000 0.000000 0.000000 0.000000 0.000000 0.000000
-0.001941 -0.029612 -0.047621 -0.049432 -0.069309 -0.088695 -0.111707 -0.136986 -0.166215 -0.200323 -0.240162 -0.286209 -0.341631 -0.401168 -0.470323 -0.521327 -0.519327 -0.502955 -0.461251 -0.419439 -0.363941 -0.307713 -0.251463 -0.186603 -0.136696 -0.052947 -0.014793 0.000000 0.000000 0.000000 0.000000 0.000000 0.000000 0.000000 0.000000 0.000000 0.000000 0.000000 0.000000 0.000000 0.000000 0.000000 0.000000 0.000000 0.000000 0.000000 0.000000 0.000000 0.000000 0.000000
-0.000134 -0.028275 -0.039749 -0.058262 -0.079034 -0.101580 -0.125650 -0.126745 -0.152943 -0.184276 -0.217631 -0.259691 -0.305887 -0.373687 -0.462505 -0.524891 -0.514709 -0.483870 -0.449880 -0.404539 -0.354004 -0.298952 -0.244426 -0.180134 -0.130563 -0.039950 -0.002117 0.000000 0.000000 0.000000 0.000000 0.000000 0.000000 0.000000 0.000000 0.000000 0.000000 0.000000 0.000000 0.000000 0.000000 0.000000 0.000000 0.000000 0.000000 0.000000 0.000000 0.000000 0.000000 0.000000
0.007295 -0.013391 -0.042971 -0.044625 -0.061871 -0.078384 -0.097186 -0.117300 -0.139038 -0.164490 -0.191471 -0.224347 -0.262009 -0.357858 -0.439567 -0.575395 -0.489609 -0.470512 -0.459116 -0.379854 -0.366452 -0.290503 -0.227139 -0.190760 -0.126941 -0.042031 -0.001715 0.000000 0.000000 0.000000 0.000000 0.000000 0.000000 0.000000 0.000000 0.000000 0.000000 0.000000 0.000000 0.000000 0.000000 0.000000 0.000000 0.000000 0.000000 0.000000 0.000000 0.000000 0.000000 0.000000
0.003479 -0.013070 -0.039398 -0.040915 -0.056326 -0.070700 -0.086607 -0.102744 -0.119182 -0.136519 -0.152002 -0.168040 -0.178391 -0.120507 0.083499 0.000000 0.000000 0.000000 0.000000 0.000000 0.000000 0.000000 0.000000 0.000000 0.000000 0.000000 0.000000 0.000000 0.000000 0.000000 0.000000 0.000000 0.000000 0.000000 0.000000 0.000000 0.000000 0.000000 0.000000 0.000000 0.000000 0.000000 0.000000 0.000000 0.000000 0.000000 0.000000 0.000000 0.000000 0.000000
-0.006721 -0.012837 -0.035618 -0.036807 -0.050590 -0.062938 -0.076232 -0.089468 -0.101392 -0.114385 -0.121301 -0.129596 -0.122462 -0.043314 -0.019901 0.000000 0.000000 0.000000 0.000000 0.000000 0.000000 0.000000 0.000000 0.000000 0.000000 0.000000 0.000000 0.000000 0.000000 0.000000 0.000000 0.000000 0.000000 0.000000 0.000000 0.000000 0.000000 0.000000 0.000000 0.000000 0.000000 0.000000 0.000000 0.000000 0.000000 0.000000 0.000000 0.000000 0.000000 0.000000
0.003900 -0.010629 -0.031467 -0.032430 -0.044391 -0.054658 -0.065463 -0.075333 -0.084064 -0.091273 -0.094950 -0.094472 -0.085477 -0.023931 0.004755 0.000000 0.000000 0.000000 0.000000 0.000000 0.000000 0.000000 0.000000 0.000000 0.000000 0.000000 0.000000 0.000000 0.000000 0.000000 0.000000 0.000000 0.000000 0.000000 0.000000 0.000000 0.000000 0.000000 0.000000 0.000000 0.000000 0.000000 0.000000 0.000000 0.000000 0.000000 0.000000 0.000000 0.000000 0.000000
0.001738 -0.009764 -0.027551 -0.028382 -0.038595 -0.047122 -0.055782 -0.063480 -0.069094 -0.074164 -0.073424 -0.072382 -0.060438 -0.037720 -0.009774 0.000000 0.000000 0.000000 0.000000 0.000000 0.000000 0.000000 0.000000 0.000000 0.000000 0.000000 0.000000 0.000000 0.000000 0.000000 0.000000 0.000000 0.000000 0.000000 0.000000 0.000000 0.000000 0.000000 0.000000 0.000000 0.000000 0.000000 0.000000 0.000000 0.000000 0.000000 0.000000 0.000000 0.000000 0.000000
0.000999 -0.008306 -0.023731 -0.024456 -0.033029 -0.039946 -0.046872 -0.052442 -0.056597 -0.058811 -0.058107 -0.054043 -0.044780 -0.008038 -0.002375 0.000000 0.000000 0.000000 0.000000 0.000000 0.000000 0.000000 0.000000 0.000000 0.000000 0.000000 0.000000 0.000000 0.000000 0.000000 0.000000 0.000000 0.000000 0.000000 0.000000 0.000000 0.000000 0.000000 0.000000 0.000000 0.000000 0.000000 0.000000 0.000000 0.000000 0.000000 0.000000 0.000000 0.000000 0.000000
0.000627 -0.006954 -0.020273 -0.020887 -0.028062 -0.033681 -0.039173 -0.043335 -0.046112 -0.047218 -0.045591 -0.041557 -0.033384 -0.004847 -0.001740 0.000000 0.000000 0.000000 0.000000 0.000000 0.000000 0.000000 0.000000 0.000000 0.000000 0.000000 0.000000 0.000000 0.000000 0.000000 0.000000 0.000000 0.000000 0.000000 0.000000 0.000000 0.000000 0.000000 0.000000 0.000000 0.000000 0.000000 0.000000 0.000000 0.000000 0.000000 0.000000 0.000000 0.000000 0.000000
0.000389 -0.005712 -0.017130 -0.017644 -0.023593 -0.028095 -0.032414 -0.035427 -0.037280 -0.037532 -0.035774 -0.031853 -0.025324 -0.015205 -0.005370 0.000000 0.000000 0.000000 0.000000 0.000000 0.000000 0.000000 0.000000 0.000000 0.000000 0.000000 0.000000 0.000000 0.000000 0.000000 0.000000 0.000000 0.000000 0.000000 0.000000 0.000000 0.000000 0.000000 0.000000 0.000000 0.000000 0.000000 0.000000 0.000000 0.000000 0.000000 0.000000 0.000000 0.000000 0.000000
0.000245 -0.004587 -0.014385 -0.014806 -0.019729 -0.023341 -0.026741 -0.028962 -0.030168 -0.030016 -0.028219 -0.024755 -0.019328 -0.012637 0.000971 0.000000 0.000000 0.000000 0.000000 0.000000 0.000000 0.000000 0.000000 0.000000 0.000000 0.000000 0.000000 0.000000 0.000000 0.000000 0.000000 0.000000 0.000000 0.000000 0.000000 0.000000 0.000000 0.000000 0.000000 0.000000 0.000000 0.000000 0.000000 0.000000 0.000000 0.000000 0.000000 0.000000 0.000000 0.000000
0.000147 -0.003739 -0.012338 -0.016191 -0.016385 -0.019268 -0.021931 -0.023550 -0.024309 -0.023927 -0.022232 -0.019312 -0.014895 -0.009741 -0.000509 0.000000 0.000000 0.000000 0.000000 0.000000 0.000000 0.000000 0.000000 0.000000 0.000000 0.000000 0.000000 0.000000 0.000000 0.000000 0.000000 0.000000 0.000000 0.000000 0.000000 0.000000 0.000000 0.000000 0.000000 0.000000 0.000000 0.000000 0.000000 0.000000 0.000000 0.000000 0.000000 0.000000 0.000000 0.000000
0.000083 -0.003078 -0.010238 -0.013395 -0.013555 -0.015858 -0.017950 -0.019137 -0.019609 -0.019115 -0.017612 -0.015097 -0.011546 -0.007441 -0.000948 0.000000 0.000000 0.000000 0.000000 0.000000 0.000000 0.000000 0.000000 0.000000 0.000000 0.000000 0.000000 0.000000 0.000000 0.000000 0.000000 0.000000 0.000000 0.000000 0.000000 0.000000 0.000000 0.000000 0.000000 0.000000 0.000000 0.000000 0.000000 0.000000 0.000000 0.000000 0.000000 0.000000 0.000000 0.000000
0.000043 -0.004996 -0.008459 -0.011035 -0.011166 -0.013004 -0.014641 -0.015513 -0.015767 -0.015272 -0.013885 -0.011892 -0.008856 -0.005829 -0.000763 0.000000 0.000000 0.000000 0.000000 0.000000 0.000000 0.000000 0.000000 0.000000 0.000000 0.000000 0.000000 0.000000 0.000000 0.000000 0.000000 0.000000 0.000000 0.000000 0.000000 0.000000 0.000000 0.000000 0.000000 0.000000 0.000000 0.000000 0.000000 0.000000 0.000000 0.000000 0.000000 0.000000 0.000000 0.000000
-0.000154 -0.004124 -0.006972 -0.009073 -0.009180 -0.010649 -0.011940 -0.012579 -0.012722 -0.012205 -0.011067 -0.009252 -0.006834 -0.004072 0.001109 0.000000 0.000000 0.000000 0.000000 0.000000 0.000000 0.000000 0.000000 0.000000 0.000000 0.000000 0.000000 0.000000 0.000000 0.000000 0.000000 0.000000 0.000000 0.000000 0.000000 0.000000 0.000000 0.000000 0.000000 0.000000 0.000000 0.000000 0.000000 0.000000 0.000000 0.000000 0.000000 0.000000 0.000000 0.000000
-0.000039 -0.002597 -0.005736 -0.007446 -0.007535 -0.008709 -0.009720 -0.010191 -0.010220 -0.009748 -0.008640 -0.007141 -0.004806 0.000617 0.000257 0.006483 0.001962 0.000844 0.000016 0.000000 0.000000 0.000000 0.000000 0.000000 0.000000 0.000000 0.000000 0.000000 0.000000 0.000000 0.000000 0.000000 0.000000 0.000000 0.000000 0.000000 0.000000 0.000000 0.000000 0.000000 0.000000 0.000000 0.000000 0.000000 0.000000 0.000000 0.000000 0.000000 0.000000 0.000000
0.000022 -0.002792 -0.004721 -0.006117 -0.006190 -0.007136 -0.007940 -0.008297 -0.008288 -0.007878 -0.006925 -0.005739 -0.003806 0.000125 0.010132 0.005116 0.002144 0.000877 0.000009 0.000000 0.000000 0.000000 0.000000 0.000000 0.000000 0.000000 0.000000 0.000000 0.000000 0.000000 0.000000 0.000000 0.000000 0.000000 0.000000 0.000000 0.000000 0.000000 0.000000 0.000000 0.000000 0.000000 0.000000 0.000000 0.000000 0.000000 0.000000 0.000000 0.000000 0.000000
-0.000059 -0.002312 -0.003792 -0.003892 -0.005092 -0.005856 -0.006500 -0.006771 -0.006748 -0.006383 -0.005643 -0.004607 -0.003211 0.001148 0.003120 0.002466 0.001410 0.000746 0.000067 0.000000 0.000000 0.000000 0.000000 0.000000 0.000000 0.000000 0.000000 0.000000 0.000000 0.000000 0.000000 0.000000 0.000000 0.000000 0.000000 0.000000 0.000000 0.000000 0.000000 0.000000 0.000000 0.000000 0.000000 0.000000 0.000000 0.000000 0.000000 0.000000 0.000000 0.000000
-0.001125 -0.001212 -0.003138 -0.003220 -0.004212 -0.004841 -0.005364 -0.005584 -0.005562 -0.005283 -0.004673 -0.003931 -0.002863 -0.001759 -0.000642 0.000064 0.000242 0.000282 0.000009 0.000000 0.000000 0.000000 0.000000 0.000000 0.000000 0.000000 0.000000 0.000000 0.000000 0.000000 0.000000 0.000000 0.000000 0.000000 0.000000 0.000000 0.000000 0.000000 0.000000 0.000000 0.000000 0.000000 0.000000 0.000000 0.000000 0.000000 0.000000 0.000000 0.000000 0.000000
-0.000241 -0.001580 -0.002616 -0.002684 -0.003484 -0.004020 -0.004452 -0.004635 -0.004629 -0.004395 -0.003958 -0.003337 -0.002576 -0.001724 -0.000962 -0.000438 -0.000175 -0.000075 -0.000095 0.000000 0.000000 0.000000 0.000000 0.000000 0.000000 0.000000 0.000000 0.000000 0.000000 0.000000 0.000000 0.000000 0.000000 0.000000 0.000000 0.000000 0.000000 0.000000 0.000000 0.000000 0.000000 0.000000 0.000000 0.000000 0.000000 0.000000 0.000000 0.000000 0.000000 0.000000
-0.000542 -0.001306 -0.002203 -0.002255 -0.002953 -0.003378 -0.003755 -0.003909 -0.003918 -0.003749 -0.003401 -0.002948 -0.002331 -0.001740 -0.001156 -0.000726 -0.000401 -0.000200 -0.000193 0.000000 0.000000 0.000000 0.000000 0.000000 0.000000 0.000000 0.000000 0.000000 0.000000 0.000000 0.000000 0.000000 0.000000 0.000000 0.000000 0.000000 0.000000 0.000000 0.000000 0.000000 0.000000 0.000000 0.000000 0.000000 0.000000 0.000000 0.000000 0.000000 0.000000 0.000000
-0.000179 -0.001135 -0.001879 -0.001925 -0.002466 -0.002879 -0.003192 -0.003337 -0.003358 -0.003229 -0.002977 -0.002608 -0.002174 -0.001699 -0.001233 -0.000848 -0.000518 -0.000335 -0.000203 0.000000 0.000000 0.000000 0.000000 0.000000 0.000000 0.000000 0.000000 0.000000 0.000000 0.000000 0.000000 0.000000 0.000000 0.000000 0.000000 0.000000 0.000000 0.000000 0.000000 0.000000 0.000000 0.000000 0.000000 0.000000 0.000000 0.000000 0.000000 0.000000 0.000000 0.000000
0.000049 -0.000935 -0.001625 -0.001667 -0.002189 -0.002466 -0.002786 -0.002914 -0.002956 -0.002861 -0.002667 -0.002382 -0.002032 -0.001647 -0.001262 -0.000915 -0.000520 -0.000354 -0.000093 0.000000 0.000000 0.000000 0.000000 0.000000 0.000000 0.000000 0.000000 0.000000 0.000000 0.000000 0.000000 0.000000 0.000000 0.000000 0.000000 0.000000 0.000000 0.000000 0.000000 0.000000 0.000000 0.000000 0.000000 0.000000 0.000000 0.000000 0.000000 0.000000 0.000000 0.000000
0.000128 -0.000843 -0.001596 -0.001482 -0.001925 -0.002220 -0.002463 -0.002594 -0.002633 -0.002567 -0.002415 -0.002186 -0.001901 -0.001583 -0.001252 -0.000943 -0.000597 -0.000416 0.000048 0.000000 0.000000 0.000000 0.000000 0.000000 0.000000 0.000000 0.000000 0.000000 0.000000 0.000000 0.000000 0.000000 0.000000 0.000000 0.000000 0.000000 0.000000 0.000000 0.000000 0.000000 0.000000 0.000000 0.000000 0.000000 0.000000 0.000000 0.000000 0.000000 0.000000 0.000000
-0.000325 -0.000689 -0.001448 -0.001861 -0.001885 -0.002202 -0.002445 -0.002573 -0.002614 -0.002549 -0.002401 -0.002176 -0.001896 -0.001581 -0.001255 -0.000940 -0.000626 -0.000365 -0.000056 0.000000 0.000000 0.000000 0.000000 0.000000 0.000000 0.000000 0.000000 0.000000 0.000000 0.000000 0.000000 0.000000 0.000000 0.000000 0.000000 0.000000 0.000000 0.000000 0.000000 0.000000 0.000000 0.000000 0.000000 0.000000 0.000000 0.000000 0.000000 0.000000 0.000000 0.000000
0.000010 -0.000746 -0.001220 -0.001635 -0.001956 -0.002329 -0.002506 -0.002583 -0.002573 -0.002468 -0.002299 -0.002070 -0.001820 -0.001493 -0.001165 -0.000848 -0.000578 -0.000307 0.000020 0.000000 0.000000 0.000000 0.000000 0.000000 0.000000 0.000000 0.000000 0.000000 0.000000 0.000000 0.000000 0.000000 0.000000 0.000000 0.000000 0.000000 0.000000 0.000000 0.000000 0.000000 0.000000 0.000000 0.000000 0.000000 0.000000 0.000000 0.000000 0.000000 0.000000 0.000000
-0.000128 -0.000328 -0.000934 -0.000814 -0.001652 -0.002820 -0.001590 -0.003048 -0.002114 -0.001997 -0.001923 -0.002105 -0.001254 -0.001400 -0.001150 -0.000945 -0.000570 -0.000334 -0.000042 0.000000 0.000000 0.000000 0.000000 0.000000 0.000000 0.000000 0.000000 0.000000 0.000000 0.000000 0.000000 0.000000 0.000000 0.000000 0.000000 0.000000 0.000000 0.000000 0.000000 0.000000 0.000000 0.000000 0.000000 0.000000 0.000000 0.000000 0.000000 0.000000 0.000000 0.000000
