0.000000 0.000000 0.000000 0.000000 0.000000 0.000000 0.000000 -0.001152 -0.003919 -0.004692 -0.009759 -0.010125 -0.011266 -0.011373 -0.007994 -0.008805 -0.007558 -0.003741 -0.000798 0.000000 0.000000 0.000000 0.000000 0.000000 0.000000 0.000000 0.000000 0.000000 0.000000 0.000000 0.000000 0.000000 0.000000 0.000000 0.000000 0.000000 0.000000 0.000000 0.000000 0.000000 0.000000 0.000000 0.000000 0.000000 0.000000 0.000000 0.000000 0.000000 0.000000 0.000000
0.000000 0.000000 0.000000 0.000000 0.000000 0.000000 0.000000 -0.001338 -0.001831 -0.007548 -0.009979 -0.012591 -0.013631 -0.013731 -0.012985 -0.010176 -0.008086 -0.004568 -0.000418 0.000000 0.000000 0.000000 0.000000 0.000000 0.000000 0.000000 0.000000 0.000000 0.000000 0.000000 0.000000 0.000000 0.000000 0.000000 0.000000 0.000000 0.000000 0.000000 0.000000 0.000000 0.000000 0.000000 0.000000 0.000000 0.000000 0.000000 0.000000 0.000000 0.000000 0.000000
0.000000 0.000000 0.000000 0.000000 0.000000 0.000000 0.000000 -0.002032 -0.002598 -0.005995 -0.009763 -0.012555 -0.014420 -0.015194 -0.014793 -0.013172 -0.010475 -0.006517 -0.000811 0.000000 0.000000 0.000000 0.000000 0.000000 0.000000 0.000000 0.000000 0.000000 0.000000 0.000000 0.000000 0.000000 0.000000 0.000000 0.000000 0.000000 0.000000 0.000000 0.000000 0.000000 0.000000 0.000000 0.000000 0.000000 0.000000 0.000000 0.000000 0.000000 0.000000 0.000000
0.000000 0.000000 0.000000 0.000000 0.000000 0.000000 0.000000 -0.000239 -0.001373 -0.006727 -0.009802 -0.012758 -0.014547 -0.015400 -0.014923 -0.013400 -0.010521 -0.007310 0.000282 0.000000 0.000000 0.000000 0.000000 0.000000 0.000000 0.000000 0.000000 0.000000 0.000000 0.000000 0.000000 0.000000 0.000000 0.000000 0.000000 0.000000 0.000000 0.000000 0.000000 0.000000 0.000000 0.000000 0.000000 0.000000 0.000000 0.000000 0.000000 0.000000 0.000000 0.000000
0.000000 0.000000 0.000000 0.000000 0.000000 0.000000 0.000000 -0.000549 -0.000905 -0.007997 -0.012061 -0.015757 -0.018071 -0.019169 -0.018703 -0.016835 -0.013272 -0.008964 0.000591 0.000000 0.000000 0.000000 0.000000 0.000000 0.000000 0.000000 0.000000 0.000000 0.000000 0.000000 0.000000 0.000000 0.000000 0.000000 0.000000 0.000000 0.000000 0.000000 0.000000 0.000000 0.000000 0.000000 0.000000 0.000000 0.000000 0.000000 0.000000 0.000000 0.000000 0.000000
0.000000 0.000000 0.000000 0.000000 0.000000 0.000000 0.000000 0.000044 -0.001656 -0.010132 -0.015083 -0.019737 -0.022619 -0.024126 -0.023645 -0.021494 -0.017043 -0.011766 -0.002328 0.000000 0.000000 0.000000 0.000000 0.000000 0.000000 0.000000 0.000000 0.000000 0.000000 0.000000 0.000000 0.000000 0.000000 0.000000 0.000000 0.000000 0.000000 0.000000 0.000000 0.000000 0.000000 0.000000 0.000000 0.000000 0.000000 0.000000 0.000000 0.000000 0.000000 0.000000
0.000000 0.000000 0.000000 0.000000 0.000000 0.000000 0.000000 0.001120 -0.000980 -0.012795 -0.019284 -0.025060 -0.028865 -0.030871 -0.030562 -0.028038 -0.022543 -0.015785 -0.003888 0.000000 0.000000 0.000000 0.000000 0.000000 0.000000 0.000000 0.000000 0.000000 0.000000 0.000000 0.000000 0.000000 0.000000 0.000000 0.000000 0.000000 0.000000 0.000000 0.000000 0.000000 0.000000 0.000000 0.000000 0.000000 0.000000 0.000000 0.000000 0.000000 0.000000 0.000000
0.000000 0.000000 0.000000 0.000000 0.000000 0.000000 0.000000 -0.000156 0.004649 -0.016454 -0.024752 -0.032261 -0.037104 -0.040000 -0.039880 -0.037133 -0.030119 -0.021331 -0.005005 0.000000 0.000000 0.000000 0.000000 0.000000 0.000000 0.000000 0.000000 0.000000 0.000000 0.000000 0.000000 0.000000 0.000000 0.000000 0.000000 0.000000 0.000000 0.000000 0.000000 0.000000 0.000000 0.000000 0.000000 0.000000 0.000000 0.000000 0.000000 0.000000 0.000000 0.000000
0.000000 0.000000 0.000000 0.000000 0.000000 0.000000 0.000000 -0.001966 0.005461 -0.021695 -0.031857 -0.041091 -0.047406 -0.051247 -0.051965 -0.049280 -0.041253 -0.030569 -0.001775 0.000000 0.000000 0.000000 0.000000 0.000000 0.000000 0.000000 0.000000 0.000000 0.000000 0.000000 0.000000 0.000000 0.000000 0.000000 0.000000 0.000000 0.000000 0.000000 0.000000 0.000000 0.000000 0.000000 0.000000 0.000000 0.000000 0.000000 0.000000 0.000000 0.000000 0.000000
0.000000 0.000000 0.000000 0.000000 0.000000 0.000000 0.000000 -0.000303 -0.004172 -0.028753 -0.041334 -0.053307 -0.061017 -0.066745 -0.068429 -0.066566 -0.057361 -0.042747 -0.011638 0.000000 0.000000 0.000000 0.000000 0.000000 0.000000 0.000000 0.000000 0.000000 0.000000 0.000000 0.000000 0.000000 0.000000 0.000000 0.000000 0.000000 0.000000 0.000000 0.000000 0.000000 0.000000 0.000000 0.000000 0.000000 0.000000 0.000000 0.000000 0.000000 0.000000 0.000000
0.000000 0.000000 0.000000 0.000000 0.000000 0.000000 0.000000 -0.002444 -0.018878 -0.039534 -0.053733 -0.066836 -0.076567 -0.083759 -0.088235 -0.088503 -0.081062 -0.066338 -0.003254 0.000000 0.000000 0.000000 0.000000 0.000000 0.000000 0.000000 0.000000 0.000000 0.000000 0.000000 0.000000 0.000000 0.000000 0.000000 0.000000 0.000000 0.000000 0.000000 0.000000 0.000000 0.000000 0.000000 0.000000 0.000000 0.000000 0.000000 0.000000 0.000000 0.000000 0.000000
0.000000 0.000000 0.000000 0.000000 0.000000 0.000000 0.000000 -0.003194 -0.042319 -0.055035 -0.070965 -0.086366 -0.096920 -0.107669 -0.115647 -0.121022 -0.117864 -0.101493 -0.007437 0.000000 0.000000 0.000000 0.000000 0.000000 0.000000 0.000000 0.000000 0.000000 0.000000 0.000000 0.000000 0.000000 0.000000 0.000000 0.000000 0.000000 0.000000 0.000000 0.000000 0.000000 0.000000 0.000000 0.000000 0.000000 0.000000 0.000000 0.000000 0.000000 0.000000 0.000000
-0.000204 -0.037854 -0.060447 -0.062938 -0.106598 -0.111308 -0.191805 -0.026777 -0.143125 -0.083640 -0.094328 -0.104740 -0.116071 -0.128508 -0.142843 -0.155948 -0.172416 -0.183818 -0.750119 -0.274441 -0.181770 -0.148058 -0.112683 -0.096044 -0.123462 -0.088111 -0.091196 -0.001794 -0.080437 -0.041316 -0.058145 -0.030906 -0.054591 -0.038882 -0.041916 -0.002833 -0.052929 -0.043176 -0.040219 -0.026726 -0.029235 -0.017708 -0.017580 -0.017592 -0.016889 0.000619 0.018788 -0.010542 0.029225 0.034902
0.000399 -0.024508 -0.055849 -0.079979 -0.098369 -0.124668 -0.150590 -0.194388 -0.151492 -0.127222 -0.122283 -0.129603 -0.140245 -0.157533 -0.180018 -0.211693 -0.257973 -0.334684 -0.692450 -0.647563 -0.574727 -0.458728 -0.401747 -0.357175 -0.323120 -0.285460 -0.277277 -0.257600 -0.247902 -0.234391 -0.225008 -0.199459 -0.180748 -0.173691 -0.174425 -0.171861 -0.126343 -0.114788 -0.100837 -0.094799 -0.082521 -0.070132 -0.060798 -0.054048 -0.049240 -0.036840 -0.021619 0.001926 0.112102 -0.002665
-0.003253 -0.027285 -0.058054 -0.056586 -0.080319 -0.100600 -0.128905 -0.151868 -0.145099 -0.130182 -0.133418 -0.137755 -0.151960 -0.168623 -0.193109 -0.226865 -0.275314 -0.350069 -0.472038 -0.554193 -0.484008 -0.415560 -0.382425 -0.336796 -0.311818 -0.284452 -0.262531 -0.243496 -0.223960 -0.209374 -0.194794 -0.183833 -0.174655 -0.161791 -0.150285 -0.136443 -0.126870 -0.116647 -0.113722 -0.104153 -0.095898 -0.088360 -0.076147 -0.067591 -0.059954 -0.054559 -0.049409 -0.060752 -0.003283 -0.007455
-0.003659 -0.028201 -0.054703 -0.055461 -0.073880 -0.093536 -0.112031 -0.129154 -0.133246 -0.132492 -0.138529 -0.147121 -0.162019 -0.180427 -0.205750 -0.237170 -0.279735 -0.333200 -0.401162 -0.440045 -0.433123 -0.405683 -0.368351 -0.336811 -0.306876 -0.283094 -0.262231 -0.243847 -0.227930 -0.213646 -0.200930 -0.188434 -0.176097 -0.165310 -0.155141 -0.145796 -0.136057 -0.125963 -0.115632 -0.109094 -0.096298 -0.087105 -0.075491 -0.060588 -0.049974 -0.028891 -0.021561 -0.028080 0.032082 -0.010004
-0.008633 -0.027880 -0.049687 -0.050919 -0.069505 -0.085647 -0.102851 -0.116706 -0.124557 -0.129444 -0.138573 -0.148873 -0.163970 -0.181707 -0.204827 -0.230353 -0.266130 -0.302526 -0.345570 -0.371420 -0.358812 -0.344435 -0.325760 -0.303466 -0.285830 -0.267248 -0.251360 -0.235971 -0.221623 -0.208184 -0.195726 -0.183776 -0.173045 -0.161910 -0.151811 -0.141336 -0.131887 -0.121889 -0.112307 -0.103033 -0.093780 -0.084600 -0.074708 -0.065121 -0.058216 -0.049908 -0.040828 -0.046531 -0.006226 -0.013432
0.001590 -0.026613 -0.046625 -0.047819 -0.064830 -0.080236 -0.094443 -0.108279 -0.117789 -0.126544 -0.137356 -0.149052 -0.164064 -0.181183 -0.201886 -0.225454 -0.251921 -0.278318 -0.308684 -0.326019 -0.327690 -0.320873 -0.306326 -0.290010 -0.272990 -0.256964 -0.241985 -0.228146 -0.215238 -0.203145 -0.191722 -0.180621 -0.170071 -0.159962 -0.150046 -0.140578 -0.131492 -0.122093 -0.113770 -0.104589 -0.095172 -0.085396 -0.075353 -0.065132 -0.054597 -0.041425 -0.027351 -0.029397 0.004967 -0.014308
0.002559 -0.026702 -0.043171 -0.044701 -0.060666 -0.073940 -0.088310 -0.100647 -0.111593 -0.122135 -0.133654 -0.145805 -0.160156 -0.175917 -0.194132 -0.213719 -0.234765 -0.254117 -0.273858 -0.287115 -0.287246 -0.284601 -0.277723 -0.267300 -0.257354 -0.244953 -0.233049 -0.220768 -0.209220 -0.198006 -0.187485 -0.177122 -0.167468 -0.157798 -0.148563 -0.139198 -0.130190 -0.121186 -0.112517 -0.103911 -0.094574 -0.085435 -0.075407 -0.065700 -0.054788 -0.043974 -0.032675 -0.033360 0.008460 -0.009041
0.010336 -0.027215 -0.040448 -0.041861 -0.056698 -0.069549 -0.082814 -0.094881 -0.106521 -0.117581 -0.129384 -0.141573 -0.155203 -0.169733 -0.185707 -0.202338 -0.219527 -0.235403 -0.250291 -0.260661 -0.263364 -0.262690 -0.257625 -0.250725 -0.241885 -0.232114 -0.221965 -0.211993 -0.201727 -0.192532 -0.182635 -0.174044 -0.164838 -0.156427 -0.147782 -0.139089 -0.131071 -0.122105 -0.114589 -0.105422 -0.097174 -0.087514 -0.078364 -0.067508 -0.056422 -0.045675 -0.033898 -0.032592 0.007461 -0.002876
0.002155 -0.026318 -0.037957 -0.039351 -0.053506 -0.065276 -0.078137 -0.089745 -0.101318 -0.112493 -0.124120 -0.135961 -0.148677 -0.161877 -0.175880 -0.189976 -0.204131 -0.216786 -0.227739 -0.236194 -0.239221 -0.240080 -0.237412 -0.232895 -0.226927 -0.219393 -0.211708 -0.203324 -0.194972 -0.186602 -0.178342 -0.170093 -0.162260 -0.154194 -0.146503 -0.138400 -0.130706 -0.122534 -0.114467 -0.106228 -0.097172 -0.088392 -0.078456 -0.068503 -0.056719 -0.047420 -0.034134 -0.033917 0.004279 0.028916
-0.013918 -0.006889 -0.035693 -0.036985 -0.050395 -0.061613 -0.073916 -0.085021 -0.096225 -0.107143 -0.118417 -0.129858 -0.141804 -0.154052 -0.166457 -0.178889 -0.190740 -0.201623 -0.210338 -0.217340 -0.220743 -0.222125 -0.220758 -0.217718 -0.213231 -0.207459 -0.201272 -0.194419 -0.187488 -0.180398 -0.173301 -0.166232 -0.159208 -0.152097 -0.145065 -0.137810 -0.130654 -0.123126 -0.115575 -0.107395 -0.099051 -0.089887 -0.080477 -0.070005 -0.059071 -0.048779 -0.035443 -0.034513 -0.021362 -0.006545
-0.005781 -0.005089 -0.033656 -0.034853 -0.047575 -0.058112 -0.069806 -0.080489 -0.091433 -0.102007 -0.112772 -0.123500 -0.134460 -0.145430 -0.156447 -0.167154 -0.177357 -0.186537 -0.194233 -0.200158 -0.203717 -0.205521 -0.205208 -0.203419 -0.200347 -0.196132 -0.191365 -0.185932 -0.180277 -0.174358 -0.168350 -0.162260 -0.156134 -0.149905 -0.143635 -0.137151 -0.130583 -0.123652 -0.116484 -0.108786 -0.100619 -0.091764 -0.082295 -0.072133 -0.060896 -0.050304 -0.036631 -0.036189 -0.023509 0.007447
0.004237 -0.007079 -0.029346 -0.042642 -0.054060 -0.054590 -0.065972 -0.076141 -0.086611 -0.096709 -0.106916 -0.117006 -0.127156 -0.137187 -0.147084 -0.156594 -0.165524 -0.173546 -0.180304 -0.185626 -0.189175 -0.191217 -0.191585 -0.190668 -0.188622 -0.185593 -0.181965 -0.177733 -0.173206 -0.168392 -0.163424 -0.158324 -0.153127 -0.147801 -0.142359 -0.136695 -0.130833 -0.124592 -0.117963 -0.110758 -0.102910 -0.094322 -0.084857 -0.074744 -0.063234 -0.052252 -0.038448 -0.037600 -0.024048 -0.000928
0.001380 -0.001945 -0.029839 -0.030837 -0.042341 -0.051740 -0.062300 -0.071945 -0.081886 -0.091459 -0.101077 -0.110521 -0.119910 -0.129094 -0.138043 -0.146556 -0.154485 -0.161592 -0.167647 -0.172525 -0.176001 -0.178235 -0.179135 -0.178932 -0.177756 -0.175726 -0.173104 -0.169933 -0.166429 -0.162632 -0.158650 -0.154509 -0.150243 -0.145832 -0.141268 -0.136465 -0.131392 -0.125909 -0.119924 -0.113302 -0.105867 -0.097608 -0.088196 -0.078080 -0.066234 -0.054778 -0.040582 -0.039830 0.000253 -0.002033
0.001831 -0.022355 -0.028122 -0.028994 -0.039932 -0.048769 -0.058766 -0.067877 -0.077279 -0.086312 -0.095346 -0.104169 -0.112866 -0.121308 -0.129462 -0.137170 -0.144316 -0.150732 -0.156254 -0.160792 -0.164211 -0.166583 -0.167873 -0.168224 -0.167740 -0.166524 -0.164757 -0.162506 -0.159927 -0.157074 -0.154033 -0.150838 -0.147512 -0.144046 -0.140416 -0.136547 -0.132372 -0.127760 -0.122558 -0.116638 -0.109727 -0.101853 -0.092527 -0.082365 -0.070065 -0.058147 -0.043162 -0.042414 -0.001080 -0.001459
0.008236 -0.019740 -0.026387 -0.027203 -0.037594 -0.045909 -0.055351 -0.063940 -0.072801 -0.081297 -0.089762 -0.097992 -0.106054 -0.113837 -0.121306 -0.128341 -0.134850 -0.140711 -0.145812 -0.150084 -0.153443 -0.155926 -0.157524 -0.158329 -0.158422 -0.157894 -0.156874 -0.155437 -0.153699 -0.151722 -0.149579 -0.147308 -0.144929 -0.142436 -0.139802 -0.136951 -0.133792 -0.130187 -0.125927 -0.120868 -0.114632 -0.107257 -0.098089 -0.087828 -0.075106 -0.062418 -0.046477 -0.045695 -0.002888 -0.016704
0.002644 -0.017942 -0.024870 -0.025541 -0.035409 -0.043172 -0.052065 -0.060137 -0.068465 -0.076436 -0.084354 -0.092029 -0.099511 -0.106709 -0.113586 -0.120052 -0.126035 -0.131446 -0.136207 -0.140264 -0.143569 -0.146138 -0.147976 -0.149149 -0.149723 -0.149774 -0.149403 -0.148684 -0.147712 -0.146551 -0.145266 -0.143898 -0.142475 -0.140992 -0.139422 -0.137691 -0.135694 -0.133271 -0.130159 -0.126175 -0.120811 -0.114083 -0.105133 -0.094767 -0.081360 -0.068109 -0.050654 -0.049790 -0.004960 -0.002279
-0.011459 -0.022263 -0.023347 -0.024115 -0.033208 -0.040548 -0.048885 -0.056465 -0.064275 -0.071739 -0.079138 -0.086291 -0.093242 -0.099913 -0.106271 -0.112246 -0.117784 -0.122817 -0.127292 -0.131170 -0.134421 -0.137055 -0.139085 -0.140560 -0.141536 -0.142080 -0.142277 -0.142195 -0.141919 -0.141513 -0.141045 -0.140557 -0.140091 -0.139645 -0.139212 -0.138711 -0.138031 -0.137002 -0.135297 -0.132704 -0.128504 -0.122707 -0.114082 -0.103572 -0.089403 -0.075057 -0.055804 -0.054843 -0.007246 0.002654
0.001269 -0.020771 -0.021825 -0.022616 -0.031092 -0.038003 -0.045813 -0.052921 -0.060231 -0.067212 -0.074117 -0.080782 -0.087246 -0.093439 -0.099335 -0.104880 -0.110032 -0.114741 -0.118969 -0.122689 -0.125885 -0.128564 -0.130743 -0.132464 -0.133775 -0.134738 -0.135426 -0.135906 -0.136257 -0.136548 -0.136851 -0.137218 -0.137708 -0.138328 -0.139107 -0.139974 -0.140828 -0.141486 -0.141575 -0.140793 -0.138167 -0.133626 -0.125371 -0.114554 -0.099006 -0.083749 -0.062234 -0.061093 -0.011441 0.035039
-0.008200 -0.020125 -0.020438 -0.021183 -0.029083 -0.035555 -0.042858 -0.049506 -0.056335 -0.062853 -0.069292 -0.075498 -0.081510 -0.087267 -0.092747 -0.097908 -0.102718 -0.107140 -0.111147 -0.114723 -0.117857 -0.120561 -0.122854 -0.124770 -0.126357 -0.127670 -0.128777 -0.129746 -0.130655 -0.131576 -0.132592 -0.133767 -0.135184 -0.136873 -0.138897 -0.141209 -0.143769 -0.146388 -0.148650 -0.150276 -0.149881 -0.147422 -0.140080 -0.128832 -0.112003 -0.094307 -0.070162 -0.068610 -0.016071 -0.000431
-0.037167 -0.023154 -0.019075 -0.019775 -0.027137 -0.033197 -0.040011 -0.046218 -0.052584 -0.058660 -0.064655 -0.070431 -0.076023 -0.081376 -0.086475 -0.091287 -0.095787 -0.099948 -0.103752 -0.107189 -0.110255 -0.112963 -0.115334 -0.117400 -0.119206 -0.120807 -0.122264 -0.123649 -0.125039 -0.126516 -0.128176 -0.130101 -0.132410 -0.135160 -0.138498 -0.142406 -0.146977 -0.152021 -0.157210 -0.162089 -0.164893 -0.165363 -0.158668 -0.146328 -0.126308 -0.107287 -0.079762 -0.077937 -0.023452 -0.018202
0.002013 -0.019331 -0.017761 -0.018412 -0.025224 -0.030909 -0.037255 -0.043044 -0.048967 -0.054623 -0.060198 -0.065568 -0.070765 -0.075742 -0.080489 -0.084978 -0.089191 -0.093109 -0.096719 -0.100018 -0.103005 -0.105696 -0.108112 -0.110285 -0.112257 -0.114081 -0.115819 -0.117541 -0.119329 -0.121270 -0.123478 -0.126044 -0.129138 -0.132834 -0.137381 -0.142799 -0.149363 -0.156944 -0.165418 -0.174537 -0.181988 -0.187938 -0.184196 -0.170427 -0.147644 -0.122461 -0.091161 -0.088576 -0.027544 0.026547
0.001890 -0.018869 -0.016640 -0.017101 -0.023508 -0.028721 -0.034634 -0.039999 -0.045493 -0.050742 -0.055913 -0.060895 -0.065719 -0.070342 -0.074757 -0.078944 -0.082886 -0.086573 -0.089996 -0.093152 -0.096049 -0.098700 -0.101128 -0.103365 -0.105452 -0.107438 -0.109385 -0.111364 -0.113461 -0.115766 -0.118416 -0.121511 -0.125284 -0.129834 -0.135576 -0.142568 -0.151482 -0.162281 -0.175490 -0.190662 -0.205670 -0.220148 -0.216786 -0.198404 -0.168199 -0.142025 -0.102848 -0.101068 -0.034588 -0.003000
0.016290 -0.016038 -0.015125 -0.015702 -0.021632 -0.026572 -0.031935 -0.037032 -0.042114 -0.046993 -0.051780 -0.056397 -0.060865 -0.065153 -0.069253 -0.073151 -0.076836 -0.080298 -0.083534 -0.086543 -0.089334 -0.091923 -0.094331 -0.096592 -0.098741 -0.100827 -0.102911 -0.105059 -0.107362 -0.109907 -0.112843 -0.116273 -0.120472 -0.125548 -0.132057 -0.140061 -0.150705 -0.163806 -0.181260 -0.202300 -0.226551 -0.257410 -0.266050 -0.242811 -0.202792 -0.161636 -0.119045 -0.114741 -0.041614 -0.008289
0.002637 -0.017946 -0.014265 -0.014637 -0.020289 -0.024601 -0.029573 -0.034196 -0.038894 -0.043383 -0.047799 -0.052062 -0.056187 -0.060153 -0.063951 -0.067571 -0.071005 -0.074247 -0.077293 -0.080147 -0.082818 -0.085322 -0.087681 -0.089925 -0.092088 -0.094216 -0.096365 -0.098600 -0.101010 -0.103677 -0.106759 -0.110353 -0.114783 -0.120139 -0.127162 -0.135890 -0.148050 -0.163636 -0.186821 -0.217563 -0.265397 -0.319455 -0.328877 -0.283810 -0.231084 -0.184856 -0.131500 -0.136604 -0.054180 -0.003601
0.003369 0.007639 -0.012789 -0.013220 -0.018365 -0.022543 -0.027154 -0.031446 -0.035751 -0.039891 -0.043945 -0.047869 -0.051665 -0.055319 -0.058826 -0.062178 -0.065364 -0.068388 -0.071242 -0.073932 -0.076467 -0.078864 -0.081145 -0.083333 -0.085464 -0.087575 -0.089719 -0.091954 -0.094360 -0.097007 -0.100046 -0.103541 -0.107828 -0.112905 -0.119624 -0.127794 -0.139760 -0.154793 -0.180579 -0.213316 -0.282336 -0.373829 -0.421665 -0.363027 -0.295454 -0.225944 -0.183435 -0.112980 -0.069371 -0.009887
0.001584 0.007193 -0.011902 -0.012319 -0.017166 -0.020705 -0.024979 -0.028815 -0.032738 -0.036512 -0.040217 -0.043808 -0.047284 -0.050637 -0.053857 -0.056945 -0.059887 -0.062693 -0.065350 -0.067867 -0.070253 -0.072522 -0.074698 -0.076799 -0.078855 -0.080900 -0.082980 -0.085144 -0.087463 -0.089988 -0.092854 -0.096095 -0.100007 -0.104549 -0.110401 -0.117368 -0.127007 -0.139103 -0.157287 -0.182165 -0.226262 -0.475591 -0.248904 -0.377732 -0.263845 -0.293019 -0.146265 -0.143521 -0.050649 -0.009380
0.001618 -0.007934 -0.010696 -0.011136 -0.015390 -0.018797 -0.022701 -0.026227 -0.029748 -0.033242 -0.036565 -0.039867 -0.043023 -0.046084 -0.049023 -0.051860 -0.054548 -0.057143 -0.059596 -0.061933 -0.064159 -0.066280 -0.068327 -0.070307 -0.072249 -0.074181 -0.076134 -0.078157 -0.080302 -0.082589 -0.085139 -0.087903 -0.091143 -0.094598 -0.098975 -0.103147 -0.109271 -0.112923 -0.120863 -0.117008 -0.119756 -0.003613 0.009370 0.000000 0.000000 0.000000 0.000000 0.000000 0.000000 0.000000
-0.005963 0.008466 -0.009797 -0.010125 -0.014014 -0.017053 -0.020507 -0.023657 -0.026903 -0.029997 -0.033056 -0.036025 -0.038882 -0.041650 -0.044312 -0.046887 -0.049333 -0.051709 -0.053956 -0.056101 -0.058148 -0.060105 -0.062003 -0.063855 -0.065661 -0.067450 -0.069243 -0.071097 -0.073019 -0.075036 -0.077216 -0.079496 -0.082026 -0.084601 -0.087444 -0.090013 -0.092414 -0.093271 -0.091572 -0.083603 -0.068138 -0.041296 0.002126 0.000000 0.000000 0.000000 0.000000 0.000000 0.000000 0.000000
0.001616 0.009359 -0.008735 -0.008957 -0.012383 -0.015360 -0.018302 -0.021365 -0.024046 -0.027012 -0.029544 -0.032301 -0.034741 -0.037305 -0.039588 -0.042080 -0.044171 -0.046287 -0.048415 -0.050275 -0.052249 -0.053949 -0.055815 -0.057447 -0.059061 -0.060722 -0.062218 -0.063930 -0.065556 -0.067205 -0.069036 -0.070772 -0.072601 -0.074188 -0.075792 -0.076532 -0.076995 -0.074626 -0.071268 -0.059136 -0.048671 -0.032293 -0.007250 0.000000 0.000000 0.000000 0.000000 0.000000 0.000000 0.000000
-0.000226 -0.018769 -0.007669 -0.007876 -0.011152 -0.013609 -0.016243 -0.018812 -0.021307 -0.023765 -0.026169 -0.028485 -0.030844 -0.032907 -0.035162 -0.037183 -0.039053 -0.041119 -0.042797 -0.044660 -0.046226 -0.047923 -0.049457 -0.051018 -0.052551 -0.054021 -0.055566 -0.056800 -0.058435 -0.059571 -0.061019 -0.062253 -0.063454 -0.064329 -0.064853 -0.064632 -0.063327 -0.060181 -0.054769 -0.043978 -0.034130 0.020657 -0.006619 0.000000 0.000000 0.000000 0.000000 0.000000 0.000000 0.000000
0.010137 -0.017183 -0.006560 -0.006477 -0.009549 -0.012048 -0.014240 -0.016818 -0.018650 -0.021080 -0.022848 -0.025122 -0.026911 -0.028789 -0.030645 -0.032564 -0.034069 -0.035839 -0.037455 -0.038962 -0.040465 -0.041869 -0.043326 -0.044682 -0.045936 -0.047353 -0.048496 -0.049906 -0.050910 -0.051795 -0.052828 -0.053627 -0.054366 -0.054606 -0.054508 -0.053550 -0.051641 -0.047937 -0.043000 -0.033627 -0.026186 -0.021048 -0.007166 0.000000 0.000000 0.000000 0.000000 0.000000 0.000000 0.000000
0.003166 0.007333 -0.006349 -0.006377 -0.008575 -0.010412 -0.012129 -0.014216 -0.015806 -0.017836 -0.019403 -0.021340 -0.022997 -0.024593 -0.026339 -0.027679 -0.029144 -0.030819 -0.032006 -0.033482 -0.034640 -0.036009 -0.037144 -0.038305 -0.039519 -0.040631 -0.041759 -0.042531 -0.043870 -0.044378 -0.045398 -0.045757 -0.046134 -0.046035 -0.045174 -0.044245 -0.041860 -0.038216 -0.034059 -0.025489 -0.018274 -0.017516 -0.005309 0.000000 0.000000 0.000000 0.000000 0.000000 0.000000 0.000000
-0.000928 -0.017743 -0.005394 -0.004240 -0.006805 -0.008879 -0.010284 -0.012550 -0.013383 -0.014964 -0.016222 -0.017738 -0.019099 -0.020460 -0.022047 -0.023154 -0.024156 -0.025651 -0.026719 -0.027792 -0.028716 -0.029933 -0.031262 -0.031882 -0.032704 -0.033945 -0.034645 -0.035573 -0.036440 -0.036940 -0.037646 -0.037829 -0.037872 -0.037900 -0.036260 -0.036498 -0.032820 -0.031561 -0.026082 -0.021635 -0.016921 -0.020268 -0.003598 0.000000 0.000000 0.000000 0.000000 0.000000 0.000000 0.000000
0.003575 0.009145 -0.006757 -0.004783 -0.006261 -0.007306 -0.008111 -0.009825 -0.010890 -0.012009 -0.013173 -0.014369 -0.015500 -0.016726 -0.017747 -0.018592 -0.019580 -0.020690 -0.021545 -0.022479 -0.023320 -0.024424 -0.025081 -0.025848 -0.026620 -0.027556 -0.028096 -0.028889 -0.029389 -0.029861 -0.030264 -0.030443 -0.030189 -0.030373 -0.029058 -0.027925 -0.026012 -0.022684 -0.019589 -0.013969 -0.003583 -0.020690 -0.009989 0.000000 0.000000 0.000000 0.000000 0.000000 0.000000 0.000000
-0.000797 0.016669 -0.006541 -0.001606 -0.002551 -0.006250 -0.005626 -0.007314 -0.008239 -0.009108 -0.009938 -0.010814 -0.011911 -0.012544 -0.013373 -0.013625 -0.014823 -0.015553 -0.016364 -0.017045 -0.017668 -0.018737 -0.018409 -0.019602 -0.020385 -0.026912 -0.027505 -0.028120 -0.028478 -0.022642 -0.022928 -0.022956 -0.023109 -0.022905 -0.021597 -0.021120 -0.018467 -0.017289 -0.014203 -0.012805 -0.013638 -0.019556 -0.020559 0.000000 0.000000 0.000000 0.000000 0.000000 0.000000 0.000000
-0.012179 -0.011046 -0.005963 -0.004074 -0.002464 -0.006171 -0.005979 -0.007463 -0.007899 -0.008996 -0.009813 -0.010515 -0.011323 -0.012112 -0.012688 -0.013924 -0.014675 -0.015197 -0.016103 -0.016636 -0.017053 -0.017469 -0.018504 -0.019203 -0.019353 -0.020715 -0.021291 -0.021719 -0.022312 -0.021382 -0.021586 -0.021746 -0.021743 -0.020861 -0.020698 -0.019228 -0.018144 -0.015938 -0.012568 -0.010895 -0.003857 -0.019326 -0.010756 0.000000 0.000000 0.000000 0.000000 0.000000 0.000000 0.000000
0.001952 -0.003615 -0.019333 0.010897 0.012191 -0.019859 0.011910 -0.019536 0.010800 -0.020386 -0.022092 0.011208 -0.000695 -0.009812 -0.010213 -0.010564 0.009455 -0.011332 -0.011726 -0.012151 -0.012593 -0.012445 -0.013352 -0.004215 -0.013482 -0.028701 0.008651 0.007489 -0.014851 -0.015044 -0.015176 -0.015322 -0.015634 0.009173 0.010320 -0.013627 -0.028431 0.011161 -0.027239 0.015387 -0.001671 -0.016639 -0.008742 0.000000 0.000000 0.000000 0.000000 0.000000 0.000000 0.000000
0.003199 0.004010 0.014203 0.000260 -0.013560 0.013326 -0.002994 0.008421 -0.004303 0.005421 0.003888 0.004982 0.006986 0.004663 -0.002043 -0.018447 0.004302 -0.000000 0.004145 -0.001032 -0.001922 -0.002440 -0.002887 -0.001575 -0.004126 -0.015703 -0.002483 0.004265 0.001101 -0.002848 -0.002883 -0.008895 -0.016437 -0.002149 -0.007779 -0.002821 -0.001008 -0.011717 -0.021205 -0.004824 0.011319 0.001891 0.001633 0.000000 0.000000 0.000000 0.000000 0.000000 0.000000 0.000000
