0.513850 0.362206 0.536013 0.427958 0.515502 0.424714 0.509394 0.502029 0.501970 0.508248 0.494493 0.501574 0.425432 0.519966 0.504291 0.520412 0.505181 0.503177 0.508574 0.486181 0.511169 0.506690 0.502587 0.506981 0.506788 0.507645 0.428915 0.506725 0.507952 0.507860 0.505784 0.507538 0.507038 0.507682 0.506845 0.507782 0.513792 0.497186 0.498258 0.426839 0.509507 0.509728 0.515531 0.502535 0.511756 0.504986 0.441657 0.358769 0.507608 0.341203
0.467398 0.465673 0.473007 0.466460 0.500728 0.502383 0.495836 0.496565 0.495590 0.500366 0.497152 0.497359 0.497898 0.494029 0.494720 0.492910 0.493847 0.467396 0.493827 0.493141 0.490371 0.488917 0.481704 0.478170 0.489406 0.461491 0.493918 0.460090 0.471870 0.471094 0.456964 0.455647 0.468151 0.452406 0.450429 0.448275 0.462621 0.476329 0.470663 0.471091 0.462204 0.462329 0.455983 0.435589 0.429696 0.417506 0.393366 0.413912 0.356357 0.184039
0.465404 0.460836 0.446348 0.421467 0.425261 0.423556 0.421023 0.421921 0.422134 0.423490 0.424467 0.424338 0.423542 0.423151 0.421891 0.421613 0.420273 0.419646 0.418534 0.417783 0.417529 0.417087 0.419076 0.419682 0.419793 0.420000 0.398957 0.419385 0.418520 0.417344 0.415665 0.413531 0.410898 0.407755 0.404093 0.399897 0.395250 0.389791 0.384178 0.378071 0.371710 0.363294 0.354305 0.340871 0.325083 0.299860 0.284406 0.268193 0.160019 0.163807
0.399170 0.441828 0.428921 0.406161 0.419724 0.429445 0.421968 0.414713 0.416104 0.409877 0.409267 0.409357 0.408068 0.407552 0.406041 0.405500 0.404010 0.403894 0.403616 0.402346 0.400923 0.399867 0.399521 0.399221 0.398703 0.398525 0.412611 0.397598 0.396658 0.395388 0.393558 0.391259 0.388236 0.384759 0.380905 0.376621 0.372237 0.368021 0.363089 0.356423 0.349685 0.341169 0.331250 0.320817 0.303573 0.285471 0.260246 0.243822 0.138544 0.087322
0.434272 0.417741 0.420991 0.418493 0.428290 0.431101 0.429010 0.426615 0.427616 0.424886 0.424129 0.424864 0.424673 0.424631 0.424101 0.423724 0.422749 0.422016 0.421708 0.421087 0.420023 0.419225 0.418670 0.418306 0.418029 0.417731 0.352503 0.416679 0.415545 0.413896 0.411523 0.408506 0.404669 0.400197 0.395175 0.389582 0.383556 0.377257 0.370796 0.363512 0.355286 0.346268 0.330850 0.319744 0.291901 0.273427 0.240268 0.243831 0.086577 0.042635
0.384747 0.408503 0.384931 0.376108 0.386425 0.385637 0.383311 0.374952 0.377367 0.370491 0.370843 0.367837 0.366788 0.364401 0.362596 0.360873 0.358700 0.357261 0.355859 0.354260 0.352825 0.351792 0.351173 0.350856 0.350618 0.350622 0.355434 0.349981 0.348826 0.347000 0.344125 0.340321 0.335461 0.329711 0.323175 0.315971 0.308246 0.300131 0.291595 0.282371 0.272524 0.261450 0.248243 0.235787 0.215380 0.197614 0.170139 0.167911 0.071958 0.047239
0.354876 0.390972 0.373123 0.366038 0.375741 0.374679 0.373375 0.369893 0.369730 0.367150 0.366005 0.364328 0.362814 0.361238 0.359707 0.358255 0.356593 0.355075 0.353465 0.351932 0.350440 0.349268 0.348390 0.348027 0.347940 0.348290 0.348429 0.348476 0.347486 0.345647 0.342376 0.337878 0.332027 0.325053 0.317106 0.308401 0.299168 0.289580 0.279827 0.269788 0.259552 0.248571 0.233907 0.221433 0.196574 0.179503 0.152892 0.154679 0.043374 0.034321
0.362134 0.360610 0.344042 0.340072 0.345528 0.340011 0.340818 0.334538 0.334343 0.329462 0.327339 0.324782 0.322581 0.320296 0.318043 0.316041 0.313722 0.311611 0.309274 0.307064 0.304954 0.303335 0.302154 0.301793 0.301837 0.302715 0.303342 0.304139 0.303409 0.301647 0.297896 0.292548 0.285424 0.276869 0.267088 0.256407 0.245152 0.233598 0.222045 0.210595 0.199284 0.188420 0.175686 0.163576 0.146144 0.129761 0.108753 0.108801 0.091881 0.025281
0.332408 0.335723 0.325824 0.323613 0.326354 0.323508 0.322386 0.318736 0.316805 0.313522 0.311169 0.308588 0.306111 0.303942 0.301643 0.299768 0.297365 0.295081 0.292312 0.289690 0.287058 0.285069 0.283603 0.283406 0.283877 0.285812 0.287568 0.289875 0.289880 0.288613 0.284556 0.278452 0.270019 0.259808 0.248109 0.235384 0.222137 0.208709 0.195729 0.183229 0.171862 0.160962 0.150513 0.139753 0.123825 0.109243 0.092635 0.092662 0.076345 0.037472
0.308491 0.314068 0.302785 0.301438 0.301340 0.297561 0.295768 0.291705 0.288886 0.284977 0.281612 0.278320 0.275112 0.272597 0.269799 0.268007 0.265172 0.262558 0.258974 0.255514 0.251881 0.249124 0.247007 0.246821 0.247613 0.251006 0.254204 0.259181 0.260305 0.259907 0.255441 0.248303 0.238086 0.225647 0.211376 0.195924 0.179931 0.163934 0.148761 0.134627 0.122840 0.112705 0.104376 0.097611 0.087120 0.075287 0.063161 0.063984 0.002973 0.024707
0.251588 0.298858 0.282508 0.281690 0.280940 0.277964 0.275328 0.271375 0.267789 0.263684 0.259733 0.256083 0.252509 0.249989 0.247200 0.245849 0.242832 0.239940 0.235353 0.230885 0.225928 0.222164 0.219150 0.218996 0.220432 0.226007 0.232071 0.241125 0.243980 0.244801 0.239904 0.231601 0.219318 0.204315 0.187104 0.168511 0.149484 0.130396 0.112917 0.097045 0.085292 0.075239 0.071734 0.067724 0.063729 0.057078 0.048121 0.048271 -0.009228 0.011663
0.252759 0.271720 0.261887 0.261094 0.259087 0.255799 0.252204 0.247682 0.243089 0.238095 0.233001 0.228425 0.223814 0.221173 0.217859 0.218365 0.215196 0.212613 0.206738 0.200751 0.193763 0.188236 0.183488 0.182794 0.184243 0.192765 0.202068 0.219529 0.225296 0.228285 0.222789 0.212778 0.197608 0.179104 0.157941 0.135234 0.111833 0.088820 0.067120 0.047726 0.035540 0.026557 0.029201 0.032441 0.034728 0.031557 0.025904 0.027590 0.039148 0.007362
0.234698 0.256883 0.242191 0.241610 0.239295 0.235688 0.231357 0.226346 0.220869 0.215093 0.209082 0.203761 0.198682 0.196040 0.193516 0.195852 0.193186 0.190010 0.181943 0.173811 0.163841 0.155839 0.148364 0.146589 0.148321 0.160406 0.177811 0.207045 0.216029 0.220588 0.213658 0.201119 0.182302 0.159565 0.133749 0.106142 0.078168 0.048972 0.022507 -0.000198 -0.013222 -0.022825 -0.010102 -0.001491 0.010654 0.015391 0.018342 0.016679 -0.021187 0.004501
0.250669 0.236957 0.223432 0.222907 0.219684 0.215212 0.210257 0.204293 0.197527 0.190232 0.182274 0.174824 0.167503 0.163791 0.160042 0.171083 0.168802 0.168294 0.157671 0.145814 0.131576 0.119259 0.107202 0.102204 0.101233 0.116501 0.140636 0.197787 0.213963 0.220876 0.211636 0.194922 0.170790 0.142084 0.110126 0.076288 0.039690 0.003270 -0.030454 -0.060542 -0.077374 -0.089313 -0.055319 -0.030219 -0.012892 -0.005665 -0.002756 0.001230 -0.002258 -0.020303
0.209761 0.218047 0.205255 0.204791 0.201042 0.196458 0.190571 0.183813 0.175876 0.167315 0.157843 0.148862 0.140534 0.135972 0.136756 0.153200 0.154887 0.151521 0.135539 0.119679 0.099509 0.082002 0.062384 0.052198 0.047008 0.063100 0.113018 0.211236 0.228116 0.232174 0.217352 0.194382 0.163347 0.128095 0.089646 0.047568 0.003329 -0.040306 -0.084451 -0.122250 -0.148326 -0.163185 -0.104666 -0.062157 -0.028143 -0.011981 -0.007593 -0.002839 0.022696 -0.025782
0.185853 0.200345 0.188347 0.187847 0.183690 0.178189 0.171595 0.163703 0.154046 0.143231 0.130183 0.117256 0.102327 0.093760 0.083823 0.133225 0.144963 0.138953 0.115992 0.094555 0.067050 0.040076 0.010273 -0.009810 -0.029735 -0.022183 0.043688 0.227651 0.272952 0.265970 0.238094 0.203960 0.163876 0.118779 0.070838 0.019221 -0.034848 -0.090977 -0.153087 -0.209285 -0.260071 -0.298091 -0.143739 -0.067252 -0.036647 -0.015092 -0.017915 -0.012466 0.037505 -0.027140
0.177390 0.183831 0.172368 0.171909 0.167252 0.161887 0.154226 0.145561 0.134489 0.121926 0.107380 0.088893 0.073441 0.049466 0.058635 0.133276 0.148487 0.142066 0.104576 0.073200 0.035509 -0.000761 -0.045098 -0.080671 -0.137580 -0.157703 0.008433 0.328881 0.351641 0.313274 0.264398 0.214956 0.163876 0.110680 0.053646 -0.004561 -0.067619 -0.132879 -0.215090 -0.281013 -0.382381 -0.427110 -0.214538 -0.078183 -0.044869 -0.004884 -0.023142 -0.004741 0.024595 -0.016636
0.166199 0.180142 0.157840 0.157307 0.152675 0.146430 0.138584 0.129317 0.116614 0.102593 0.082193 0.058809 0.024937 -0.085779 0.007401 0.196615 0.194731 0.158779 0.099911 0.054936 0.006703 -0.042426 -0.103109 -0.166609 -0.268233 -0.594771 0.192757 0.442770 0.561070 0.422110 0.321115 0.238498 0.170926 0.105271 0.040486 -0.025677 -0.098290 -0.179498 -0.284829 -0.401809 -0.579678 -0.837719 -1.335699 0.197972 0.044147 0.003255 -0.003639 -0.028591 -0.057369 0.009421
0.150132 0.154760 0.144635 0.144204 0.139276 0.133352 0.125093 0.115508 0.102042 0.087094 0.064603 0.037890 -0.001989 -0.113843 -0.201637 0.305852 0.211875 0.150000 0.087643 0.033332 -0.018043 -0.074846 -0.138955 -0.229098 -0.344318 -0.551490 -1.231217 0.958790 0.665546 0.452837 0.331180 0.241139 0.166534 0.097020 0.029430 -0.039865 -0.116215 -0.201993 -0.312399 -0.454177 -0.630922 -0.979921 -1.081872 0.000000 0.000000 0.000000 0.000000 0.000000 0.000000 0.000000
0.137017 0.142761 0.132828 0.132459 0.127850 0.121861 0.114123 0.104487 0.092463 0.077505 0.058818 0.034862 0.002976 -0.056409 -0.077402 0.198800 0.129539 0.105466 0.059932 0.009804 -0.037753 -0.091053 -0.150691 -0.227485 -0.314533 -0.431215 -0.510981 0.536103 0.480203 0.384731 0.291868 0.219244 0.151884 0.085540 0.020818 -0.045425 -0.115909 -0.197050 -0.287139 -0.399896 -0.519784 -0.617915 -0.701874 0.000000 0.000000 0.000000 0.000000 0.000000 0.000000 0.000000
0.127218 0.131693 0.122520 0.122138 0.117746 0.112227 0.104880 0.096145 0.084843 0.071857 0.054939 0.036057 0.011910 -0.016453 -0.025573 0.090106 0.076818 0.061999 0.028999 -0.012742 -0.053862 -0.101433 -0.151114 -0.213218 -0.269776 -0.327886 -0.373595 0.409088 0.390684 0.330345 0.261065 0.197291 0.135874 0.075293 0.015031 -0.046925 -0.111105 -0.182826 -0.257233 -0.341578 -0.416407 -0.472709 -0.432554 0.000000 0.000000 0.000000 0.000000 0.000000 0.000000 0.000000
0.104759 0.121955 0.113460 0.113111 0.109121 0.104138 0.097718 0.089953 0.080363 0.069427 0.055972 0.041736 0.024334 0.008559 -0.003002 0.043617 0.029101 0.025121 0.001457 -0.032268 -0.065615 -0.105147 -0.144239 -0.191706 -0.228500 -0.268382 -0.289974 0.390738 0.308737 0.269437 0.217786 0.167464 0.115977 0.063409 0.010363 -0.043572 -0.099303 -0.158632 -0.218374 -0.279771 -0.330713 -0.368422 -0.373642 0.000000 0.000000 0.000000 0.000000 0.000000 0.000000 0.000000
0.109829 0.113354 0.105570 0.105246 0.101696 0.097363 0.091804 0.085059 0.077256 0.068155 0.057905 0.047030 0.035312 0.027636 0.016674 0.003821 -0.004496 -0.003807 -0.021566 -0.048023 -0.074662 -0.106440 -0.136343 -0.172423 -0.195665 -0.224044 -0.238190 0.276383 0.249370 0.220407 0.182448 0.141332 0.098260 0.053165 0.007277 -0.039493 -0.086765 -0.135897 -0.182561 -0.227558 -0.260826 -0.284816 -0.278884 0.000000 0.000000 0.000000 0.000000 0.000000 0.000000 0.000000
0.092654 0.105814 0.098624 0.098324 0.095338 0.091712 0.087114 0.081772 0.075490 0.068614 0.060871 0.053246 0.045249 0.041652 0.029437 -0.006357 -0.030275 -0.027122 -0.040416 -0.060646 -0.081077 -0.105620 -0.128238 -0.154671 -0.170305 -0.191591 -0.202752 0.217351 0.198640 0.177902 0.148817 0.116123 0.080932 0.043497 0.004963 -0.034006 -0.073303 -0.112607 -0.149622 -0.182756 -0.207339 -0.222401 -0.214802 0.000000 0.000000 0.000000 0.000000 0.000000 0.000000 0.000000
0.098532 0.098968 0.092548 0.092298 0.089827 0.086905 0.083239 0.079034 0.074298 0.069173 0.063771 0.058488 0.053458 0.053794 0.049304 -0.059425 -0.034172 -0.045530 -0.055542 -0.070419 -0.085834 -0.104422 -0.121178 -0.140578 -0.151053 -0.175428 -0.176241 0.169657 0.158153 0.142555 0.120585 0.094414 0.065968 0.035195 0.003390 -0.028809 -0.060822 -0.092257 -0.120917 -0.145662 -0.163384 -0.173159 -0.165899 0.000000 0.000000 0.000000 0.000000 0.000000 0.000000 0.000000
0.091904 0.093246 0.087115 0.086913 0.084963 0.082719 0.079959 0.076906 0.073575 0.070140 0.066720 0.063582 0.060853 0.064521 0.055489 -0.057035 -0.061901 -0.060214 -0.067734 -0.077996 -0.089203 -0.102590 -0.114780 -0.128432 -0.135729 -0.147525 -0.165888 0.131290 0.124528 0.112971 0.096007 0.075482 0.052758 0.028020 0.002289 -0.023645 -0.049393 -0.074084 -0.096630 -0.115095 -0.127936 -0.133947 -0.126908 0.000000 0.000000 0.000000 0.000000 0.000000 0.000000 0.000000
0.086148 0.091482 0.082176 0.082021 0.080545 0.078923 0.076986 0.074909 0.072921 0.070889 0.069196 0.067665 0.067122 0.066902 0.062444 -0.070811 -0.069341 -0.072893 -0.077658 -0.083940 -0.091620 -0.100854 -0.109362 -0.118920 -0.123695 -0.132811 -0.140645 0.103683 0.096333 0.087576 0.074754 0.058828 0.041128 0.021729 0.001517 -0.018869 -0.038947 -0.057962 -0.075162 -0.089104 -0.098614 -0.101818 -0.111112 0.000000 0.000000 0.000000 0.000000 0.000000 0.000000 0.000000
0.078872 0.082012 0.077614 0.077447 0.076441 0.075368 0.074177 0.073054 0.072150 0.071542 0.071602 0.072134 0.073691 0.078667 0.072481 -0.093061 -0.094254 -0.082745 -0.085377 -0.088310 -0.092845 -0.098561 -0.104154 -0.110468 -0.113099 -0.120392 -0.129113 0.075879 0.073094 0.066628 0.057043 0.045109 0.031516 0.016593 0.001021 -0.014680 -0.030065 -0.044569 -0.057367 -0.067655 -0.074475 -0.108144 -0.072567 0.000000 0.000000 0.000000 0.000000 0.000000 0.000000 0.000000
0.057786 0.077412 0.073221 0.073076 0.072443 0.071836 0.071254 0.070879 0.070935 0.071504 0.073108 0.075400 0.079696 0.094687 0.089980 -0.092744 -0.105185 -0.091809 -0.091848 -0.091384 -0.093254 -0.096036 -0.099473 -0.103059 -0.104729 -0.110165 -0.118471 0.050851 0.051493 0.046936 0.040141 0.031570 0.021974 0.011564 0.000651 -0.010419 -0.021198 -0.031279 -0.040271 -0.047590 -0.052245 -0.052913 -0.044541 0.000000 0.000000 0.000000 0.000000 0.000000 0.000000 0.000000
0.064653 0.072709 0.068956 0.068865 0.068498 0.068275 0.068178 0.068434 0.069307 0.070897 0.073956 0.078039 0.085108 0.107559 0.103602 -0.127551 -0.116262 -0.100660 -0.096624 -0.093279 -0.092406 -0.093017 -0.094462 -0.096430 -0.096698 -0.099466 -0.101231 0.035584 0.035952 0.033308 0.028536 0.022764 0.015945 0.008217 0.000448 -0.007416 -0.015138 -0.022608 -0.028599 -0.033924 -0.036640 -0.032023 -0.036161 0.000000 0.000000 0.000000 0.000000 0.000000 0.000000 0.000000
0.062163 0.067955 0.064733 0.064646 0.064469 0.064456 0.064641 0.065197 0.066481 0.068663 0.072631 0.078374 0.088850 0.121439 0.126289 -0.110021 -0.127808 -0.108153 -0.099611 -0.092933 -0.090042 -0.088941 -0.088845 -0.089784 -0.088761 -0.086895 -0.127632 0.012652 0.014997 0.015957 0.015200 0.010743 0.009586 0.006171 0.004902 0.002699 -0.008599 -0.012194 -0.004019 -0.016302 -0.014806 -0.016664 -0.033838 0.000000 0.000000 0.000000 0.000000 0.000000 0.000000 0.000000
0.052531 0.063237 0.060490 0.060385 0.060340 0.060462 0.060744 0.061281 0.062937 0.064700 0.069861 0.075912 0.089477 0.152719 0.214403 -0.339536 -0.146631 -0.111906 -0.097465 -0.089786 -0.085635 -0.083785 -0.082987 -0.083166 -0.082553 -0.080979 -0.086233 0.000373 0.001121 -0.000168 0.001270 -0.000494 0.011550 -0.002718 0.008431 -0.004912 -0.005239 0.008199 0.000405 0.000406 0.001296 -0.002852 -0.003296 0.000000 0.000000 0.000000 0.000000 0.000000 0.000000 0.000000
0.077423 0.058855 0.056171 0.056099 0.056022 0.056104 0.056292 0.056470 0.057835 0.059013 0.062406 0.066649 0.073368 0.091917 0.103514 -0.311221 -0.097891 -0.097532 -0.087019 -0.082195 -0.078447 -0.077065 -0.076096 -0.076042 -0.075372 -0.071661 -0.066711 0.000000 0.000000 0.000000 0.000000 0.000000 0.000000 0.000000 0.000000 0.000000 0.000000 0.000000 0.000000 0.000000 0.000000 0.000000 0.000000 0.000000 0.000000 0.000000 0.000000 0.000000 0.000000 0.000000
0.047776 0.053868 0.051831 0.051776 0.051602 0.051534 0.051486 0.051383 0.051656 0.051983 0.052493 0.052669 0.052771 0.049155 0.031283 -0.032391 -0.058155 -0.070377 -0.068585 -0.070053 -0.069196 -0.068990 -0.068574 -0.068276 -0.067901 -0.067854 -0.069648 0.000000 0.000000 0.000000 0.000000 0.000000 0.000000 0.000000 0.000000 0.000000 0.000000 0.000000 0.000000 0.000000 0.000000 0.000000 0.000000 0.000000 0.000000 0.000000 0.000000 0.000000 0.000000 0.000000
0.065536 0.049598 0.047499 0.047443 0.047165 0.046929 0.046622 0.045995 0.045934 0.044835 0.044697 0.042231 0.040192 0.032223 0.021903 -0.014760 -0.037939 -0.051812 -0.056082 -0.059634 -0.060517 -0.061212 -0.061320 -0.060566 -0.060194 -0.059925 -0.064206 0.000000 0.000000 0.000000 0.000000 0.000000 0.000000 0.000000 0.000000 0.000000 0.000000 0.000000 0.000000 0.000000 0.000000 0.000000 0.000000 0.000000 0.000000 0.000000 0.000000 0.000000 0.000000 0.000000
0.040336 0.045021 0.043206 0.043165 0.042739 0.042292 0.041706 0.040823 0.039763 0.038250 0.036081 0.032615 0.028119 0.018735 0.008382 -0.016045 -0.028328 -0.041220 -0.045794 -0.050685 -0.052396 -0.053740 -0.053289 -0.053016 -0.051915 -0.051721 -0.053997 0.000000 0.000000 0.000000 0.000000 0.000000 0.000000 0.000000 0.000000 0.000000 0.000000 0.000000 0.000000 0.000000 0.000000 0.000000 0.000000 0.000000 0.000000 0.000000 0.000000 0.000000 0.000000 0.000000
0.036272 0.044414 0.039032 0.038977 0.038455 0.037862 0.037046 0.035895 0.034604 0.032361 0.030197 0.025882 0.021640 0.013196 0.004872 -0.010886 -0.022361 -0.032854 -0.038566 -0.043590 -0.046107 -0.047519 -0.047942 -0.046051 -0.044611 -0.047004 -0.049892 0.000000 0.000000 0.000000 0.000000 0.000000 0.000000 0.000000 0.000000 0.000000 0.000000 0.000000 0.000000 0.000000 0.000000 0.000000 0.000000 0.000000 0.000000 0.000000 0.000000 0.000000 0.000000 0.000000
0.035735 0.039963 0.035002 0.034936 0.034327 0.033592 0.032594 0.031247 0.029605 0.027238 0.024298 0.020178 0.015347 0.007888 0.000541 -0.011041 -0.018905 -0.027873 -0.033216 -0.037949 -0.040309 -0.042175 -0.041092 -0.038061 -0.035281 -0.037742 -0.040436 0.000000 0.000000 0.000000 0.000000 0.000000 0.000000 0.000000 0.000000 0.000000 0.000000 0.000000 0.000000 0.000000 0.000000 0.000000 0.000000 0.000000 0.000000 0.000000 0.000000 0.000000 0.000000 0.000000
0.033404 0.035754 0.031143 0.031072 0.030415 0.029616 0.028565 0.027156 0.025377 0.023013 0.020054 0.016175 0.011507 0.005223 -0.001324 -0.009553 -0.016887 -0.024012 -0.029265 -0.033896 -0.037094 -0.039978 -0.039492 -0.033498 -0.028749 -0.028003 -0.020755 0.000000 0.000000 0.000000 0.000000 0.000000 0.000000 0.000000 0.000000 0.000000 0.000000 0.000000 0.000000 0.000000 0.000000 0.000000 0.000000 0.000000 0.000000 0.000000 0.000000 0.000000 0.000000 0.000000
0.031350 0.031652 0.027481 0.027404 0.026724 0.025871 0.024720 0.023247 0.021430 0.019059 0.016267 0.012566 0.008469 0.003034 -0.002409 -0.009242 -0.015043 -0.021384 -0.026448 -0.031307 -0.035917 -0.038116 -0.029201 -0.020386 -0.022191 -0.017158 -0.020845 0.000000 0.000000 0.000000 0.000000 0.000000 0.000000 0.000000 0.000000 0.000000 0.000000 0.000000 0.000000 0.000000 0.000000 0.000000 0.000000 0.000000 0.000000 0.000000 0.000000 0.000000 0.000000 0.000000
0.022609 0.027861 0.024009 0.023938 0.023245 0.022405 0.021266 0.019833 0.018066 0.015846 0.013228 0.009954 0.006288 0.001764 -0.002964 -0.008499 -0.013692 -0.019173 -0.024022 -0.028867 -0.034308 -0.040955 -0.094745 -0.005295 -0.000741 -0.001675 -0.001242 0.000000 0.000000 0.000000 0.000000 0.000000 0.000000 0.000000 0.000000 0.000000 0.000000 0.000000 0.000000 0.000000 0.000000 0.000000 0.000000 0.000000 0.000000 0.000000 0.000000 0.000000 0.000000 0.000000
0.022268 0.024768 0.020756 0.020678 0.020060 0.019235 0.018136 0.016774 0.015110 0.013063 0.010669 0.007761 0.004523 0.000661 -0.003360 -0.007950 -0.012353 -0.017033 -0.021437 -0.025928 -0.031241 -0.037163 -0.059990 0.000000 0.000000 0.000000 0.000000 0.000000 0.000000 0.000000 0.000000 0.000000 0.000000 0.000000 0.000000 0.000000 0.000000 0.000000 0.000000 0.000000 0.000000 0.000000 0.000000 0.000000 0.000000 0.000000 0.000000 0.000000 0.000000 0.000000
0.018168 0.020752 0.017668 0.017613 0.016912 0.016239 0.015250 0.013997 0.012494 0.010671 0.008553 0.006048 0.003255 0.000033 -0.003360 -0.007111 -0.010831 -0.014671 -0.018445 -0.022163 -0.026179 -0.029619 -0.043904 0.000000 0.000000 0.000000 0.000000 0.000000 0.000000 0.000000 0.000000 0.000000 0.000000 0.000000 0.000000 0.000000 0.000000 0.000000 0.000000 0.000000 0.000000 0.000000 0.000000 0.000000 0.000000 0.000000 0.000000 0.000000 0.000000 0.000000
0.013995 0.017566 0.014790 0.014757 0.014264 0.013498 0.012662 0.011551 0.010226 0.008636 0.006800 0.004666 0.002293 -0.000390 -0.003220 -0.006292 -0.009372 -0.012549 -0.015636 -0.018692 -0.021653 -0.024220 -0.025709 0.000000 0.000000 0.000000 0.000000 0.000000 0.000000 0.000000 0.000000 0.000000 0.000000 0.000000 0.000000 0.000000 0.000000 0.000000 0.000000 0.000000 0.000000 0.000000 0.000000 0.000000 0.000000 0.000000 0.000000 0.000000 0.000000 0.000000
0.011348 0.014628 0.012012 0.011990 0.011414 0.010918 0.010170 0.009223 0.008114 0.006783 0.005262 0.003518 0.001584 -0.000564 -0.002836 -0.005263 -0.007728 -0.010199 -0.012670 -0.014914 -0.017098 -0.018634 -0.020066 0.000000 0.000000 0.000000 0.000000 0.000000 0.000000 0.000000 0.000000 0.000000 0.000000 0.000000 0.000000 0.000000 0.000000 0.000000 0.000000 0.000000 0.000000 0.000000 0.000000 0.000000 0.000000 0.000000 0.000000 0.000000 0.000000 0.000000
0.009125 0.011723 0.009426 0.009529 0.009181 0.008538 0.008043 0.007253 0.006357 0.005278 0.004040 0.002638 0.001086 -0.000628 -0.002437 -0.004344 -0.006276 -0.008227 -0.010087 -0.011779 -0.013412 -0.014625 -0.016903 0.000000 0.000000 0.000000 0.000000 0.000000 0.000000 0.000000 0.000000 0.000000 0.000000 0.000000 0.000000 0.000000 0.000000 0.000000 0.000000 0.000000 0.000000 0.000000 0.000000 0.000000 0.000000 0.000000 0.000000 0.000000 0.000000 0.000000
0.008097 0.007939 0.009384 0.006913 0.006580 0.006229 0.005742 0.005184 0.004483 0.003715 0.002806 0.001795 0.000672 -0.000539 -0.001808 -0.003163 -0.004544 -0.005907 -0.007224 -0.008413 -0.009513 -0.010218 -0.011282 0.000000 0.000000 0.000000 0.000000 0.000000 0.000000 0.000000 0.000000 0.000000 0.000000 0.000000 0.000000 0.000000 0.000000 0.000000 0.000000 0.000000 0.000000 0.000000 0.000000 0.000000 0.000000 0.000000 0.000000 0.000000 0.000000 0.000000
0.004646 0.006151 0.006763 0.006288 0.006412 0.006044 0.005561 0.005011 0.004347 0.003586 0.002715 0.001736 0.000656 -0.000527 -0.001773 -0.003068 -0.004401 -0.005720 -0.007006 -0.008207 -0.009320 -0.010351 -0.007138 0.000000 0.000000 0.000000 0.000000 0.000000 0.000000 0.000000 0.000000 0.000000 0.000000 0.000000 0.000000 0.000000 0.000000 0.000000 0.000000 0.000000 0.000000 0.000000 0.000000 0.000000 0.000000 0.000000 0.000000 0.000000 0.000000 0.000000
0.005042 0.004582 0.003166 0.002446 0.001924 0.001567 0.003539 0.000887 0.000488 0.000047 -0.000521 -0.001227 -0.001851 0.001230 0.000409 -0.000307 -0.000962 -0.001650 -0.002468 -0.003244 -0.004129 -0.004298 -0.004548 0.000000 0.000000 0.000000 0.000000 0.000000 0.000000 0.000000 0.000000 0.000000 0.000000 0.000000 0.000000 0.000000 0.000000 0.000000 0.000000 0.000000 0.000000 0.000000 0.000000 0.000000 0.000000 0.000000 0.000000 0.000000 0.000000 0.000000
0.000557 -0.000054 0.000401 -0.000235 0.000383 0.001299 0.000340 0.002373 0.000817 0.000483 0.000053 0.000618 0.000882 -0.000161 -0.000831 -0.000802 0.000042 -0.000714 0.000549 -0.000376 0.000455 0.000229 -0.000508 0.000000 0.000000 0.000000 0.000000 0.000000 0.000000 0.000000 0.000000 0.000000 0.000000 0.000000 0.000000 0.000000 0.000000 0.000000 0.000000 0.000000 0.000000 0.000000 0.000000 0.000000 0.000000 0.000000 0.000000 0.000000 0.000000 0.000000
