0.008982 0.012179 0.002222 0.016269 0.024662 0.054855 0.050093 0.036347 0.037487 0.071262 0.003279 0.058919 0.155449 0.088194 0.077155 0.105215 0.092848 0.130624 0.181582 0.127826 0.196302 0.137229 0.175896 0.149182 0.156572 0.175520 0.344832 0.281849 0.257054 0.267595 0.317073 0.289166 0.274647 0.325039 0.325340 0.352832 0.248962 0.030096 0.023757 0.582145 0.314658 0.329378 0.318682 0.509044 0.381599 0.508873 0.819806 0.844162 0.674458 1.874065
-0.001201 0.028243 0.096895 0.051780 0.132351 0.148012 0.178309 0.198915 0.223237 0.201147 0.273660 0.253140 0.325149 0.307688 0.336226 0.363797 0.392842 0.415273 0.445597 0.474650 0.505522 0.536306 0.565841 0.594989 0.627231 0.630044 0.655478 0.685400 0.742842 0.773286 0.770949 0.800874 0.868762 0.863522 0.896450 0.930740 0.956779 1.037869 1.052065 1.118954 1.137796 1.210422 1.231805 1.262729 1.322605 1.384416 1.420490 1.577337 1.758036 1.687131
-0.004043 0.003544 0.067839 0.085497 0.090560 0.111562 0.129410 0.157585 0.180819 0.206219 0.232076 0.257345 0.282765 0.308849 0.334687 0.360963 0.387414 0.414495 0.441489 0.468904 0.496672 0.524442 0.552700 0.580822 0.608809 0.636960 0.664331 0.693386 0.721781 0.750474 0.779628 0.809478 0.840191 0.871996 0.905036 0.939502 0.975433 1.013196 1.052260 1.093874 1.136178 1.182740 1.228297 1.283481 1.332977 1.403476 1.403540 1.459057 1.574043 1.662090
0.014281 0.035403 0.072596 0.056159 0.082572 0.113625 0.135883 0.160413 0.182099 0.207274 0.230611 0.255144 0.280691 0.306221 0.332280 0.358494 0.384993 0.411759 0.438654 0.466166 0.494093 0.522002 0.549960 0.577910 0.605962 0.634072 0.663876 0.690368 0.718719 0.747367 0.776486 0.806313 0.837032 0.868751 0.901712 0.936092 0.971858 1.009205 1.047940 1.089275 1.131366 1.176709 1.221506 1.273658 1.320745 1.385035 1.427416 1.413189 1.470137 1.567493
-0.001822 0.024246 0.080789 0.071873 0.088615 0.114203 0.137206 0.160127 0.183531 0.207658 0.231027 0.255971 0.281342 0.306748 0.332808 0.358839 0.385261 0.411777 0.438931 0.466299 0.493809 0.521435 0.549301 0.577550 0.605801 0.634002 0.662142 0.690182 0.718243 0.746499 0.775143 0.804496 0.834728 0.866054 0.898669 0.932783 0.968226 1.005691 1.044210 1.085526 1.125242 1.171380 1.209423 1.262918 1.295769 1.359970 1.381169 1.414154 1.433964 1.497927
0.008979 0.037707 0.065446 0.061773 0.086588 0.111615 0.134231 0.159254 0.181289 0.206912 0.229646 0.254969 0.279702 0.305718 0.331531 0.357903 0.384516 0.411145 0.438256 0.465833 0.493697 0.521691 0.549897 0.578163 0.606406 0.634479 0.663004 0.689887 0.717271 0.744731 0.772462 0.800868 0.830166 0.860648 0.892496 0.925965 0.960873 0.997711 1.035566 1.076000 1.115570 1.159084 1.198353 1.242538 1.278945 1.327275 1.351577 1.386603 1.388931 1.503895
0.025394 0.004377 0.067497 0.064848 0.088354 0.112681 0.136483 0.159015 0.182502 0.206258 0.230350 0.255568 0.280627 0.306449 0.332190 0.358376 0.384647 0.411139 0.438145 0.465548 0.493331 0.521431 0.549860 0.578385 0.606861 0.634969 0.662637 0.689698 0.716259 0.742713 0.769291 0.796562 0.824779 0.854349 0.885436 0.918332 0.952828 0.989430 1.026873 1.067077 1.105148 1.148808 1.181512 1.230371 1.252323 1.310388 1.315019 1.346690 1.346493 1.425049
0.000366 0.036890 0.062806 0.062633 0.085963 0.110127 0.131699 0.156791 0.178465 0.203918 0.227776 0.252975 0.278224 0.303891 0.329779 0.355885 0.382156 0.408745 0.435754 0.463311 0.491426 0.519988 0.548964 0.577959 0.606863 0.635122 0.662643 0.689069 0.714560 0.739725 0.764788 0.790597 0.817399 0.845758 0.875839 0.907983 0.941973 0.978257 1.015623 1.055529 1.094118 1.136141 1.172010 1.212053 1.240375 1.278292 1.291980 1.325630 1.357523 1.373645
-0.001282 0.034077 0.062484 0.062315 0.086825 0.108632 0.131679 0.154915 0.177851 0.202182 0.226088 0.251054 0.276408 0.302110 0.328103 0.354179 0.380295 0.406761 0.433657 0.461274 0.489645 0.518674 0.548356 0.578090 0.607800 0.636483 0.664077 0.689766 0.713765 0.737191 0.760173 0.784062 0.809059 0.835964 0.864919 0.896344 0.929980 0.966310 1.003880 1.044369 1.082985 1.125644 1.159284 1.202439 1.220247 1.269411 1.267244 1.298793 1.311750 1.406273
0.008795 0.033493 0.059951 0.061397 0.084700 0.106147 0.128763 0.151533 0.174630 0.198549 0.222884 0.247936 0.273594 0.299433 0.325618 0.351611 0.377467 0.403685 0.430355 0.458048 0.486801 0.516532 0.547307 0.578236 0.609284 0.638820 0.666727 0.691379 0.713291 0.734375 0.754579 0.775991 0.798665 0.823742 0.851297 0.881893 0.915186 0.951761 0.990081 1.031649 1.071815 1.114868 1.150916 1.189256 1.211941 1.244442 1.246225 1.283145 1.285836 1.377439
0.015730 0.010784 0.059026 0.060090 0.083391 0.103594 0.125968 0.148165 0.171195 0.194899 0.219423 0.244545 0.270687 0.296795 0.323530 0.349558 0.374846 0.400553 0.426602 0.454169 0.483250 0.513799 0.546070 0.578705 0.612017 0.643082 0.672287 0.695849 0.714490 0.732311 0.748529 0.766647 0.786316 0.809149 0.835079 0.864788 0.897906 0.935118 0.974653 1.018701 1.061343 1.107506 1.144785 1.184601 1.203226 1.242199 1.237970 1.268819 1.267940 1.319231
-0.000876 0.034271 0.056614 0.058167 0.080590 0.100120 0.122278 0.143997 0.166932 0.190485 0.215279 0.240703 0.267509 0.294124 0.321508 0.347248 0.371554 0.396183 0.421273 0.448594 0.478063 0.509743 0.544161 0.579534 0.616344 0.650463 0.681885 0.703240 0.716981 0.730287 0.741329 0.755316 0.771241 0.791352 0.815281 0.844043 0.876838 0.915072 0.956814 1.004537 1.050918 1.102039 1.143264 1.182377 1.203523 1.235805 1.228573 1.261229 1.267848 1.320678
-0.004963 0.009727 0.054807 0.056209 0.077219 0.096493 0.117921 0.139048 0.161599 0.184793 0.209739 0.235333 0.263450 0.290826 0.320799 0.346878 0.369066 0.392068 0.414700 0.441151 0.470709 0.503511 0.540676 0.579496 0.622076 0.660857 0.698971 0.718698 0.723362 0.729861 0.732982 0.741343 0.752438 0.769207 0.790822 0.818155 0.850826 0.890969 0.935495 0.988556 1.040890 1.101752 1.150031 1.188851 1.208239 1.243597 1.237427 1.259283 1.278369 1.310124
0.007948 0.009386 0.051935 0.053389 0.073721 0.092382 0.112972 0.133506 0.155673 0.178685 0.203942 0.230292 0.259820 0.288968 0.321467 0.345899 0.365573 0.384822 0.404943 0.430404 0.460036 0.494249 0.535040 0.579643 0.630321 0.679806 0.727939 0.741118 0.730567 0.727924 0.721793 0.723696 0.729336 0.742477 0.761223 0.787048 0.819999 0.861616 0.908800 0.969386 1.029162 1.106855 1.162882 1.200481 1.219312 1.242056 1.230067 1.258061 1.329650 1.302795
0.003305 0.009119 0.049422 0.050768 0.070319 0.087255 0.107019 0.126307 0.147516 0.169500 0.194244 0.220517 0.250678 0.283277 0.317918 0.353684 0.358809 0.373257 0.391629 0.414939 0.444032 0.479102 0.523979 0.574179 0.636439 0.700685 0.773292 0.786410 0.748095 0.725970 0.706260 0.699927 0.699060 0.707818 0.723510 0.747860 0.779895 0.821666 0.871994 0.942560 1.014042 1.124468 1.201572 1.227316 1.239533 1.259501 1.246594 1.270517 1.269632 1.293235
0.001733 0.009989 0.046213 0.047611 0.065868 0.082122 0.100514 0.118816 0.139174 0.160616 0.185475 0.212126 0.247031 0.281400 0.338492 0.360803 0.362144 0.364643 0.373493 0.394243 0.421932 0.457437 0.506668 0.563500 0.642311 0.749733 0.865171 0.848665 0.758971 0.717713 0.681552 0.668289 0.662037 0.667144 0.680339 0.702662 0.732894 0.773959 0.827623 0.906025 0.990090 1.153200 1.250626 1.264817 1.268488 1.278194 1.255593 1.274870 1.281699 1.279853
0.003267 0.007917 0.042892 0.044163 0.061253 0.075522 0.092565 0.108689 0.126733 0.145513 0.166786 0.191955 0.222792 0.266346 0.337740 0.408488 0.366767 0.351868 0.347944 0.365150 0.389565 0.423491 0.472869 0.533026 0.629921 0.770736 0.978778 0.995934 0.799669 0.696077 0.644258 0.618868 0.611312 0.613543 0.625112 0.643363 0.669022 0.705109 0.753782 0.831059 0.934615 1.142185 1.402738 1.320105 1.282994 1.277382 1.258437 1.288088 1.268214 1.282181
0.010582 0.026374 0.039431 0.040706 0.055908 0.069183 0.084464 0.098381 0.115441 0.130431 0.152393 0.172385 0.205868 0.293233 0.432062 0.465909 0.342576 0.312930 0.305293 0.325281 0.347986 0.376785 0.425439 0.466467 0.581370 0.808581 1.496927 0.971920 0.729197 0.628333 0.580450 0.560613 0.554407 0.557234 0.567230 0.581006 0.603833 0.629981 0.679232 0.730865 0.869846 1.073435 1.426791 1.448461 1.346855 1.384356 1.387403 1.369954 1.314708 1.283650
0.003138 0.006196 0.035694 0.036782 0.050523 0.061944 0.074585 0.086704 0.098598 0.111115 0.122102 0.134545 0.142996 0.113134 0.059388 -0.025031 0.166298 0.234780 0.243258 0.270672 0.291379 0.312943 0.341207 0.355329 0.405940 0.265381 0.286514 0.467112 0.423549 0.425801 0.456427 0.462482 0.475851 0.484496 0.495290 0.503944 0.514145 0.518827 0.528423 0.511415 0.522273 0.271686 0.139734 0.000000 0.000000 0.000000 0.000000 0.000000 0.000000 0.000000
0.009808 0.004751 0.032151 0.033122 0.045025 0.055084 0.065751 0.075730 0.084867 0.093482 0.099883 0.103921 0.101305 0.048786 0.012681 0.007173 0.098143 0.169458 0.190648 0.220445 0.239431 0.253683 0.269515 0.262249 0.264969 0.116139 0.033729 0.014764 0.257375 0.320891 0.366502 0.390688 0.409162 0.420860 0.430408 0.434837 0.438312 0.429304 0.421483 0.370661 0.316609 0.119099 0.031819 0.000000 0.000000 0.000000 0.000000 0.000000 0.000000 0.000000
0.003106 0.003766 0.028510 0.029379 0.039861 0.048508 0.057253 0.064986 0.071557 0.076860 0.079276 0.079361 0.071679 0.029581 0.007694 0.011438 0.073316 0.123029 0.146472 0.174374 0.190609 0.199807 0.206550 0.189875 0.177754 0.055605 0.009130 0.025080 0.176480 0.239370 0.289478 0.319644 0.342474 0.356622 0.364797 0.367051 0.362725 0.349419 0.324494 0.276603 0.212619 0.051065 0.051903 0.000000 0.000000 0.000000 0.000000 0.000000 0.000000 0.000000
0.011211 0.002538 0.025237 0.025932 0.035191 0.042395 0.049766 0.055716 0.060760 0.063589 0.064347 0.061093 0.052921 0.021053 0.004494 0.010360 0.051981 0.092590 0.113641 0.137583 0.150921 0.156262 0.158010 0.138852 0.123134 0.034142 0.000376 0.005525 0.126459 0.184995 0.231533 0.264160 0.286798 0.301285 0.308623 0.308739 0.301734 0.284093 0.256707 0.207679 0.148853 0.020167 0.010566 0.000000 0.000000 0.000000 0.000000 0.000000 0.000000 0.000000
0.002791 0.002620 0.022241 0.022824 0.030935 0.036976 0.043084 0.047820 0.051062 0.052836 0.051636 0.048111 0.039760 0.018455 0.005003 0.007711 0.040641 0.070625 0.088235 0.107759 0.118135 0.121315 0.120206 0.102944 0.088111 0.022146 -0.000928 0.018801 0.097121 0.145908 0.186778 0.216859 0.238443 0.252122 0.258314 0.257539 0.248685 0.231344 0.203033 0.161420 0.110330 0.026434 0.022327 0.000000 0.000000 0.000000 0.000000 0.000000 0.000000 0.000000
-0.004721 0.000921 0.019728 0.020185 0.027397 0.032444 0.037628 0.041194 0.043662 0.044282 0.042728 0.038588 0.031210 0.016766 0.000541 0.004215 0.032206 0.054414 0.068937 0.084752 0.092725 0.094441 0.092170 0.077335 0.063889 0.015672 -0.003335 0.014478 0.076175 0.116884 0.152073 0.179162 0.198667 0.211118 0.216438 0.214873 0.205980 0.188862 0.163206 0.126661 0.084282 0.021342 -0.008743 0.000000 0.000000 0.000000 0.000000 0.000000 0.000000 0.000000
0.004429 0.000354 0.017623 0.018041 0.024392 0.028737 0.033161 0.036057 0.037920 0.038048 0.036304 0.032250 0.025798 0.016246 -0.000260 0.009541 0.023695 0.042761 0.054647 0.067192 0.073102 0.074106 0.071088 0.059032 0.047816 0.028313 -0.004008 0.011109 0.061314 0.094918 0.125108 0.148553 0.165821 0.176767 0.181216 0.179443 0.170786 0.155579 0.132343 0.102512 0.066709 0.018409 -0.004825 0.000000 0.000000 0.000000 0.000000 0.000000 0.000000 0.000000
-0.002874 -0.000446 0.015886 0.016262 0.021999 0.025860 0.029783 0.032273 0.033826 0.033782 0.032089 0.028332 0.022546 0.016478 -0.000911 -0.005472 0.025596 0.034949 0.044271 0.054431 0.058685 0.059082 0.055943 0.045845 0.036693 0.007146 0.023362 0.008457 0.050090 0.078277 0.104034 0.124352 0.139448 0.148991 0.152762 0.150809 0.142895 0.129011 0.108877 0.083441 0.053709 0.016041 -0.000241 0.000000 0.000000 0.000000 0.000000 0.000000 0.000000 0.000000
-0.002902 0.012151 0.014593 0.014965 0.020188 0.023755 0.027371 0.029572 0.031091 0.031124 0.029482 0.025464 0.019006 0.010243 -0.002830 -0.001394 0.011819 0.028651 0.037931 0.045636 0.048422 0.048894 0.045140 0.036692 0.029036 0.004012 -0.005725 -0.001813 0.041976 0.065620 0.087733 0.105261 0.118359 0.126632 0.129802 0.127883 0.120732 0.108458 0.091085 0.068903 0.044735 0.007516 0.000662 0.000000 0.000000 0.000000 0.000000 0.000000 0.000000 0.000000
0.002255 -0.000134 0.013607 0.013964 0.018897 0.022317 0.025820 0.028186 0.029808 0.030217 0.029173 0.026519 0.021607 -0.002219 -0.000627 0.004490 0.020530 0.027824 0.033407 0.040349 0.041757 0.041248 0.037689 0.030213 0.023930 0.001896 -0.006312 0.008988 0.035540 0.056233 0.075405 0.090777 0.102373 0.109620 0.112361 0.110455 0.104058 0.092885 0.077848 0.058145 0.037652 0.017083 -0.004731 0.000000 0.000000 0.000000 0.000000 0.000000 0.000000 0.000000
-0.005936 -0.000478 0.013008 0.013278 0.018112 0.021503 0.025068 0.027675 0.029670 0.030675 0.030373 0.028559 0.024362 0.021969 -0.001846 0.007918 0.022852 0.028513 0.032586 0.038296 0.038254 0.037209 0.033226 0.026654 0.020498 0.001921 -0.003627 0.003813 0.032067 0.049404 0.066300 0.079840 0.089952 0.096346 0.098725 0.096926 0.091056 0.081141 0.067880 0.050538 0.033512 0.009880 0.004288 0.000000 0.000000 0.000000 0.000000 0.000000 0.000000 0.000000
0.004010 -0.000186 0.012635 0.012925 0.017655 0.021135 0.024866 0.027870 0.030434 0.032374 0.033114 0.032948 0.029527 0.029373 -0.002169 0.011898 0.027295 0.033054 0.034736 0.038969 0.037116 0.035051 0.030553 0.023842 0.018777 0.001131 -0.004551 -0.000454 0.027889 0.044158 0.059770 0.071999 0.081543 0.087400 0.089426 0.087694 0.082377 0.073118 0.060973 0.045223 0.028824 0.009045 0.006924 0.000000 0.000000 0.000000 0.000000 0.000000 0.000000 0.000000
-0.001954 0.000187 0.012465 0.012791 0.017519 0.021186 0.025227 0.028800 0.032295 0.035333 0.038300 0.039620 0.039944 0.043542 0.009316 0.004626 0.039064 0.043848 0.041010 0.042540 0.038516 0.035151 0.029806 0.023283 0.017596 0.001136 -0.002040 0.004180 0.032050 0.049112 0.064099 0.077025 0.085911 0.091628 0.092515 0.088573 0.087056 0.077853 0.071085 0.049912 0.032619 0.009090 -0.000766 0.000000 0.000000 0.000000 0.000000 0.000000 0.000000 0.000000
-0.003449 0.000982 0.012342 0.012670 0.017461 0.021308 0.025604 0.029746 0.033892 0.038406 0.042801 0.048483 0.053277 0.098103 0.042288 0.063749 0.069157 0.062772 0.050870 0.048554 0.041141 0.036248 0.029698 0.023066 0.016472 0.002416 -0.001516 0.002921 0.028077 0.042731 0.047336 0.055887 0.088875 0.066615 0.079924 0.073376 0.067891 0.068879 0.064549 0.039571 0.032548 0.018029 0.003264 0.000000 0.000000 0.000000 0.000000 0.000000 0.000000 0.000000
-0.001065 0.001104 0.012366 0.012612 0.017591 0.021588 0.026514 0.030861 0.036951 0.041847 0.051049 0.058411 0.076364 0.130841 0.236841 -0.001892 0.106954 0.083822 0.063888 0.054593 0.044853 0.037804 0.030422 0.023029 0.016055 0.004225 0.004495 0.000000 0.000000 0.000000 0.000000 0.000000 0.000000 0.000000 0.000000 0.000000 0.000000 0.000000 0.000000 0.000000 0.000000 0.000000 0.000000 0.000000 0.000000 0.000000 0.000000 0.000000 0.000000 0.000000
0.007334 0.001263 0.012216 0.012558 0.017461 0.021575 0.026496 0.031286 0.036815 0.043031 0.050585 0.060294 0.074071 0.092139 0.128476 0.146692 0.112951 0.089355 0.068168 0.057259 0.046264 0.038592 0.030724 0.023203 0.016103 0.002377 -0.005668 0.000000 0.000000 0.000000 0.000000 0.000000 0.000000 0.000000 0.000000 0.000000 0.000000 0.000000 0.000000 0.000000 0.000000 0.000000 0.000000 0.000000 0.000000 0.000000 0.000000 0.000000 0.000000 0.000000
-0.001171 0.001881 0.012108 0.012412 0.017343 0.021470 0.026576 0.031247 0.037414 0.042970 0.051856 0.059221 0.073308 0.083574 0.105871 0.107030 0.092837 0.078608 0.064645 0.055502 0.045946 0.038472 0.031114 0.023077 0.016830 0.003157 -0.003270 0.000000 0.000000 0.000000 0.000000 0.000000 0.000000 0.000000 0.000000 0.000000 0.000000 0.000000 0.000000 0.000000 0.000000 0.000000 0.000000 0.000000 0.000000 0.000000 0.000000 0.000000 0.000000 0.000000
-0.002110 0.001846 0.011827 0.012193 0.016944 0.021031 0.025908 0.030621 0.035974 0.041805 0.048257 0.055853 0.064379 0.073547 0.083020 0.088690 0.078779 0.071327 0.060332 0.052827 0.044641 0.037778 0.031169 0.023723 0.017633 0.002970 -0.001665 0.000000 0.000000 0.000000 0.000000 0.000000 0.000000 0.000000 0.000000 0.000000 0.000000 0.000000 0.000000 0.000000 0.000000 0.000000 0.000000 0.000000 0.000000 0.000000 0.000000 0.000000 0.000000 0.000000
0.002510 0.008362 0.011507 0.011885 0.016469 0.020438 0.025128 0.029583 0.034832 0.039670 0.046231 0.051352 0.059443 0.063766 0.071346 0.071442 0.067743 0.062227 0.055127 0.049246 0.042879 0.036937 0.031827 0.024505 0.018188 0.010322 0.006545 0.000000 0.000000 0.000000 0.000000 0.000000 0.000000 0.000000 0.000000 0.000000 0.000000 0.000000 0.000000 0.000000 0.000000 0.000000 0.000000 0.000000 0.000000 0.000000 0.000000 0.000000 0.000000 0.000000
0.000939 0.007911 0.011099 0.011494 0.015831 0.019626 0.024000 0.028192 0.032812 0.037411 0.042204 0.047297 0.051907 0.056739 0.059504 0.061707 0.058094 0.055171 0.049785 0.045304 0.040146 0.035928 0.032213 0.026526 0.020504 0.010096 0.006450 0.000000 0.000000 0.000000 0.000000 0.000000 0.000000 0.000000 0.000000 0.000000 0.000000 0.000000 0.000000 0.000000 0.000000 0.000000 0.000000 0.000000 0.000000 0.000000 0.000000 0.000000 0.000000 0.000000
-0.001135 0.007441 0.010618 0.011000 0.015128 0.018588 0.022670 0.026478 0.030545 0.034593 0.038792 0.042768 0.046654 0.049638 0.051828 0.052450 0.051009 0.048494 0.045024 0.041491 0.038725 0.037042 0.035063 0.029902 0.021594 0.010016 0.001208 0.000000 0.000000 0.000000 0.000000 0.000000 0.000000 0.000000 0.000000 0.000000 0.000000 0.000000 0.000000 0.000000 0.000000 0.000000 0.000000 0.000000 0.000000 0.000000 0.000000 0.000000 0.000000 0.000000
0.001351 0.006982 0.010117 0.010484 0.014367 0.017724 0.021479 0.024994 0.028691 0.032196 0.035742 0.038939 0.041813 0.044176 0.045449 0.045967 0.044430 0.042648 0.039658 0.037294 0.034531 0.034484 0.039132 0.032885 0.028125 0.009603 0.000944 0.000000 0.000000 0.000000 0.000000 0.000000 0.000000 0.000000 0.000000 0.000000 0.000000 0.000000 0.000000 0.000000 0.000000 0.000000 0.000000 0.000000 0.000000 0.000000 0.000000 0.000000 0.000000 0.000000
0.003578 0.006457 0.009600 0.009950 0.013602 0.016718 0.020173 0.023362 0.026644 0.029694 0.032686 0.035270 0.037599 0.039157 0.040129 0.039997 0.039055 0.037224 0.034843 0.032029 0.029621 0.027481 0.014075 0.047530 0.018643 0.008555 0.000638 0.000000 0.000000 0.000000 0.000000 0.000000 0.000000 0.000000 0.000000 0.000000 0.000000 0.000000 0.000000 0.000000 0.000000 0.000000 0.000000 0.000000 0.000000 0.000000 0.000000 0.000000 0.000000 0.000000
0.001103 0.002583 0.009085 0.009408 0.012842 0.015756 0.018914 0.021799 0.024707 0.027358 0.029865 0.031985 0.033766 0.034938 0.035499 0.035247 0.034075 0.032311 0.029529 0.026731 0.022488 0.018889 0.008122 0.000000 0.000000 0.000000 0.000000 0.000000 0.000000 0.000000 0.000000 0.000000 0.000000 0.000000 0.000000 0.000000 0.000000 0.000000 0.000000 0.000000 0.000000 0.000000 0.000000 0.000000 0.000000 0.000000 0.000000 0.000000 0.000000 0.000000
0.002066 0.005459 0.008610 0.008898 0.012029 0.014804 0.017719 0.020341 0.022934 0.025251 0.027374 0.029117 0.030497 0.031326 0.031587 0.031148 0.029976 0.028131 0.025506 0.022369 0.018154 0.013352 0.002593 0.000000 0.000000 0.000000 0.000000 0.000000 0.000000 0.000000 0.000000 0.000000 0.000000 0.000000 0.000000 0.000000 0.000000 0.000000 0.000000 0.000000 0.000000 0.000000 0.000000 0.000000 0.000000 0.000000 0.000000 0.000000 0.000000 0.000000
0.002452 0.005049 0.008167 0.008423 0.011478 0.013923 0.016678 0.019038 0.021381 0.023413 0.025231 0.026676 0.027746 0.028316 0.028347 0.027775 0.026511 0.024688 0.022034 0.019004 0.014707 0.010314 0.003947 0.000000 0.000000 0.000000 0.000000 0.000000 0.000000 0.000000 0.000000 0.000000 0.000000 0.000000 0.000000 0.000000 0.000000 0.000000 0.000000 0.000000 0.000000 0.000000 0.000000 0.000000 0.000000 0.000000 0.000000 0.000000 0.000000 0.000000
0.002137 0.004823 0.007792 0.008026 0.010698 0.013212 0.015694 0.017905 0.020012 0.021819 0.023390 0.024598 0.025432 0.025801 0.025672 0.024989 0.023710 0.021855 0.019360 0.016313 0.012414 0.008394 0.003123 0.000000 0.000000 0.000000 0.000000 0.000000 0.000000 0.000000 0.000000 0.000000 0.000000 0.000000 0.000000 0.000000 0.000000 0.000000 0.000000 0.000000 0.000000 0.000000 0.000000 0.000000 0.000000 0.000000 0.000000 0.000000 0.000000 0.000000
0.000778 0.004312 0.007435 0.007642 0.010425 0.012460 0.014988 0.016918 0.018934 0.020552 0.021951 0.022984 0.023651 0.023880 0.023631 0.022869 0.021560 0.019728 0.017300 0.014359 0.010826 0.007002 0.001487 0.000000 0.000000 0.000000 0.000000 0.000000 0.000000 0.000000 0.000000 0.000000 0.000000 0.000000 0.000000 0.000000 0.000000 0.000000 0.000000 0.000000 0.000000 0.000000 0.000000 0.000000 0.000000 0.000000 0.000000 0.000000 0.000000 0.000000
0.000741 0.003894 0.007303 0.007391 0.009944 0.012089 0.014266 0.016216 0.017991 0.019491 0.020735 0.021629 0.022153 0.022261 0.021939 0.021135 0.019811 0.018015 0.015661 0.012941 0.009648 0.006458 0.001112 0.000000 0.000000 0.000000 0.000000 0.000000 0.000000 0.000000 0.000000 0.000000 0.000000 0.000000 0.000000 0.000000 0.000000 0.000000 0.000000 0.000000 0.000000 0.000000 0.000000 0.000000 0.000000 0.000000 0.000000 0.000000 0.000000 0.000000
-0.000040 0.003109 0.007234 0.009717 0.009783 0.012046 0.014225 0.016164 0.017942 0.019432 0.020660 0.021540 0.022061 0.022168 0.021836 0.021030 0.019721 0.017924 0.015618 0.012853 0.009659 0.005755 0.000345 0.000000 0.000000 0.000000 0.000000 0.000000 0.000000 0.000000 0.000000 0.000000 0.000000 0.000000 0.000000 0.000000 0.000000 0.000000 0.000000 0.000000 0.000000 0.000000 0.000000 0.000000 0.000000 0.000000 0.000000 0.000000 0.000000 0.000000
0.001097 0.002917 0.006247 0.008628 0.011295 0.013802 0.015561 0.016435 0.017903 0.019112 0.020026 0.020583 0.020728 0.020620 0.020049 0.019017 0.017553 0.015656 0.013281 0.010478 0.007408 0.004132 0.000779 0.000000 0.000000 0.000000 0.000000 0.000000 0.000000 0.000000 0.000000 0.000000 0.000000 0.000000 0.000000 0.000000 0.000000 0.000000 0.000000 0.000000 0.000000 0.000000 0.000000 0.000000 0.000000 0.000000 0.000000 0.000000 0.000000 0.000000
0.000614 0.004842 0.004742 0.008558 0.007979 0.008803 0.012745 0.013952 0.018040 0.017875 0.019201 0.019571 0.020459 0.016721 0.019899 0.018956 0.018050 0.015897 0.014707 0.009918 0.009017 0.003792 -0.000001 0.000000 0.000000 0.000000 0.000000 0.000000 0.000000 0.000000 0.000000 0.000000 0.000000 0.000000 0.000000 0.000000 0.000000 0.000000 0.000000 0.000000 0.000000 0.000000 0.000000 0.000000 0.000000 0.000000 0.000000 0.000000 0.000000 0.000000
