-1.658403 -1.479081 -1.472382 -1.328792 -1.200614 -1.227940 -1.044114 -1.070380 -0.904303 -0.883669 -0.764143 -0.747254 -0.598273 -0.610424 -0.491670 -0.408066 -0.397035 -0.345146 -0.316404 -0.290427 -0.262751 -0.220167 -0.191427 -0.166057 -0.142911 -0.128444 -0.112998 -0.097075 -0.067073 -0.075693 -0.065200 -0.057666 -0.051309 -0.035930 -0.035459 -0.037397 -0.026654 -0.024109 -0.022523 -0.021184 -0.020669 -0.018796 -0.018106 -0.016906 -0.015909 -0.014349 -0.013999 -0.016531 -0.016055 -0.014562
-0.490057 -1.359864 -1.295944 -1.312149 -1.138899 -1.063035 -1.000709 -0.985842 -0.864245 -0.797043 -0.783481 -0.657572 -0.590359 -0.589791 -0.530624 -0.467058 -0.412772 -0.363251 -0.318092 -0.277726 -0.241556 -0.209881 -0.181788 -0.157551 -0.133323 -0.118121 -0.101958 -0.088676 -0.077166 -0.067738 -0.059582 -0.052823 -0.047025 -0.042161 -0.037999 -0.034440 -0.030593 -0.028002 -0.028730 -0.023753 -0.021997 -0.020423 -0.021040 -0.020197 -0.016586 -0.015568 -0.014770 -0.014289 -0.014849 -0.014154
-0.333670 -1.350660 -1.224576 -1.159630 -1.162370 -1.113860 -1.052101 -0.996816 -0.934113 -0.872743 -0.806078 -0.738665 -0.667090 -0.598540 -0.531529 -0.470037 -0.413248 -0.362122 -0.316253 -0.275466 -0.239310 -0.207470 -0.179447 -0.154943 -0.133756 -0.115481 -0.099974 -0.086859 -0.075835 -0.066590 -0.058845 -0.052333 -0.046854 -0.042216 -0.038270 -0.034887 -0.031960 -0.029416 -0.027167 -0.025187 -0.023353 -0.021760 -0.020174 -0.018889 -0.017496 -0.016622 -0.016269 -0.015549 -0.015253 -0.013860
-0.220281 -1.260671 -1.191550 -1.196776 -1.135589 -1.085358 -1.023914 -0.970607 -0.908265 -0.849582 -0.782815 -0.718861 -0.646599 -0.580010 -0.513733 -0.453739 -0.397814 -0.348463 -0.303523 -0.264334 -0.228694 -0.198687 -0.170572 -0.148194 -0.126378 -0.110134 -0.094004 -0.082642 -0.071230 -0.063208 -0.055262 -0.049497 -0.044018 -0.039718 -0.036013 -0.032813 -0.030082 -0.027665 -0.025696 -0.023396 -0.022237 -0.020015 -0.019300 -0.017300 -0.016754 -0.015251 -0.014895 -0.014214 -0.014952 -0.012899
-0.377289 -1.202906 -1.188075 -1.170224 -1.130832 -1.081505 -1.040568 -0.976115 -0.935206 -0.866503 -0.810932 -0.736877 -0.663488 -0.587692 -0.519543 -0.455045 -0.398141 -0.346571 -0.301266 -0.261109 -0.226044 -0.195189 -0.168332 -0.144919 -0.124887 -0.107333 -0.092998 -0.080616 -0.070657 -0.062147 -0.055223 -0.049320 -0.044424 -0.040236 -0.036653 -0.033562 -0.030890 -0.028536 -0.026462 -0.024361 -0.022934 -0.020847 -0.019863 -0.017902 -0.017123 -0.015895 -0.014733 -0.014910 -0.014121 -0.012526
-0.365884 -1.167809 -1.140600 -1.129164 -1.092707 -1.060811 -1.014141 -0.973849 -0.920154 -0.869307 -0.800315 -0.731103 -0.642640 -0.563289 -0.485580 -0.419926 -0.361503 -0.311794 -0.268416 -0.231183 -0.198797 -0.170780 -0.146395 -0.124894 -0.106345 -0.090645 -0.077639 -0.067484 -0.058973 -0.052334 -0.046707 -0.042182 -0.038310 -0.035076 -0.032296 -0.029896 -0.027796 -0.025944 -0.024157 -0.022710 -0.021166 -0.019816 -0.018412 -0.017027 -0.015694 -0.014047 -0.013454 -0.013550 -0.013023 -0.007996
-0.361051 -1.098204 -1.116928 -1.108545 -1.087322 -1.056981 -1.026213 -0.978263 -0.944483 -0.888354 -0.824690 -0.745644 -0.639661 -0.550248 -0.464835 -0.395125 -0.336056 -0.286514 -0.244064 -0.208380 -0.177429 -0.151399 -0.127988 -0.109001 -0.092121 -0.077724 -0.066565 -0.057893 -0.051110 -0.045788 -0.041469 -0.037937 -0.034954 -0.032419 -0.030214 -0.028283 -0.026569 -0.025023 -0.023611 -0.022252 -0.020960 -0.019548 -0.018105 -0.016484 -0.014838 -0.013130 -0.012458 -0.012476 -0.011108 -0.007197
-0.251305 -1.090363 -1.091182 -1.085135 -1.065558 -1.048701 -1.017070 -0.994156 -0.958699 -0.915872 -0.853629 -0.767523 -0.635413 -0.520648 -0.420177 -0.346764 -0.289906 -0.244292 -0.206586 -0.175034 -0.148830 -0.125920 -0.106895 -0.087978 -0.072100 -0.058338 -0.048624 -0.042961 -0.038366 -0.035378 -0.032845 -0.030879 -0.029134 -0.027627 -0.026262 -0.025033 -0.023901 -0.022862 -0.021851 -0.020914 -0.019876 -0.018836 -0.017572 -0.015789 -0.013314 -0.012139 -0.010847 -0.010761 -0.009309 -0.009002
-0.573495 -1.051157 -1.075610 -1.070142 -1.062374 -1.049917 -1.034312 -1.009788 -0.993268 -0.961209 -0.901453 -0.809941 -0.601481 -0.477579 -0.363302 -0.288456 -0.236294 -0.197320 -0.162516 -0.135829 -0.113462 -0.094512 -0.076924 -0.064329 -0.050958 -0.037628 -0.031083 -0.028207 -0.026669 -0.025868 -0.025336 -0.024811 -0.024271 -0.023692 -0.023089 -0.022478 -0.021869 -0.021284 -0.020678 -0.020112 -0.019324 -0.018512 -0.016612 -0.014196 -0.011825 -0.010111 -0.008856 -0.008984 -0.007266 -0.003975
-0.561023 -1.028028 -1.060825 -1.056573 -1.052137 -1.048834 -1.037242 -1.040047 -1.036563 -1.023756 -1.124474 -0.803134 -0.317518 -0.204207 -0.134743 -0.109194 -0.089674 -0.076250 -0.062075 -0.052181 -0.046023 -0.027637 -0.021904 -0.016521 -0.026396 0.029204 -0.005593 -0.010152 -0.012011 -0.014802 -0.016601 -0.017915 -0.018702 -0.019169 -0.019388 -0.019451 -0.019407 -0.019325 -0.019164 -0.019103 -0.018649 -0.018901 -0.018494 -0.014339 -0.011040 -0.006237 -0.005169 -0.004038 -0.005233 -0.004480
-0.554965 -0.995603 -1.047970 -1.043996 -1.047033 -1.049570 -1.056687 -1.066974 -1.087958 -1.113650 -1.473388 -2.504639 -0.292606 0.098645 -0.034006 -0.072954 -0.014810 -0.019231 -0.015315 -0.051116 -0.029807 0.015801 0.031323 -0.010483 -0.002157 0.049731 0.016723 0.008886 0.000581 -0.004979 -0.009200 -0.011951 -0.013925 -0.015239 -0.016160 -0.016790 -0.017252 -0.017624 -0.017961 -0.018457 -0.018814 -0.019992 -0.023452 -0.008347 -0.006659 -0.003366 -0.001969 -0.000675 0.000511 -0.000724
-0.207073 -0.975115 -1.034526 -1.030805 -1.038131 -1.048767 -1.060073 -1.094178 -1.143745 -1.211707 -1.585756 -1.864426 0.296240 0.027294 -0.011411 -0.032561 0.020947 0.015240 -0.013148 -0.006272 0.001098 -0.001952 -0.004317 -0.004604 -0.001296 0.110486 0.044967 0.023659 0.011686 0.003332 -0.002611 -0.006631 -0.009510 -0.011556 -0.013055 -0.014172 -0.015060 -0.015817 -0.016568 -0.017446 -0.018571 -0.019928 -0.023850 -0.036661 -0.002566 -0.003626 0.000366 -0.000306 0.000080 -0.000498
-0.191152 -1.031480 -1.017747 -1.026339 -1.039013 -1.060166 -1.062258 -1.097459 -1.147361 -1.241493 -1.329407 -1.639140 0.000000 0.000000 0.000000 0.000000 0.000000 0.000000 0.000000 0.000000 0.000000 0.000000 0.000000 0.000000 0.000000 0.083811 0.048335 0.028143 0.016081 0.007689 0.001588 -0.002872 -0.006144 -0.008585 -0.010440 -0.011870 -0.013059 -0.014031 -0.015099 -0.015961 -0.017673 -0.018506 -0.021030 -0.025489 0.000000 0.000000 0.000000 0.000000 0.000000 0.000000
-0.516246 -1.009621 -0.996557 -0.993159 -1.004334 -1.020063 -1.039954 -1.072355 -1.110915 -1.172705 -1.269539 -1.385425 0.000000 0.000000 0.000000 0.000000 0.000000 0.000000 0.000000 0.000000 0.000000 0.000000 0.000000 0.000000 0.000000 0.041191 0.035868 0.025854 0.016302 0.009488 0.003914 -0.000314 -0.003635 -0.006197 -0.008223 -0.009830 -0.011173 -0.012301 -0.013419 -0.014392 -0.015766 -0.016598 -0.017837 -0.017584 0.000000 0.000000 0.000000 0.000000 0.000000 0.000000
-0.503460 -0.982778 -0.971877 -0.968924 -0.980386 -0.995579 -1.015752 -1.043309 -1.077370 -1.121553 -1.155027 -1.302714 0.000000 0.000000 0.000000 0.000000 0.000000 0.000000 0.000000 0.000000 0.000000 0.000000 0.000000 0.000000 0.000000 0.035990 0.028799 0.022315 0.015740 0.009927 0.005242 0.001302 -0.001828 -0.004370 -0.006417 -0.008086 -0.009466 -0.010661 -0.011704 -0.012747 -0.013674 -0.014654 -0.015265 -0.012528 0.000000 0.000000 0.000000 0.000000 0.000000 0.000000
-0.277803 -0.953198 -0.943436 -0.940834 -0.951010 -0.964652 -0.980926 -1.003637 -1.027115 -1.060475 -1.087871 -1.107182 0.000000 0.000000 0.000000 0.000000 0.000000 0.000000 0.000000 0.000000 0.000000 0.000000 0.000000 0.000000 0.000000 0.026764 0.022394 0.018553 0.013613 0.009336 0.005423 0.002108 -0.000715 -0.003063 -0.005017 -0.006640 -0.007990 -0.009144 -0.010138 -0.011048 -0.011870 -0.012488 -0.012973 -0.008704 0.000000 0.000000 0.000000 0.000000 0.000000 0.000000
-0.292106 -0.922535 -0.911759 -0.909448 -0.918763 -0.930212 -0.944507 -0.961728 -0.981486 -1.001622 -1.021290 -0.950255 0.000000 0.000000 0.000000 0.000000 0.000000 0.000000 0.000000 0.000000 0.000000 0.000000 0.000000 0.000000 0.000000 0.020829 0.017926 0.015329 0.011874 0.008521 0.005350 0.002504 0.000021 -0.002114 -0.003918 -0.005436 -0.006686 -0.007755 -0.008610 -0.009447 -0.010019 -0.010584 -0.010743 -0.007779 0.000000 0.000000 0.000000 0.000000 0.000000 0.000000
-0.311149 -0.838648 -0.877264 -0.875019 -0.883117 -0.892511 -0.903821 -0.917460 -0.931342 -0.946554 -0.966412 -0.984969 0.000000 0.000000 0.000000 0.000000 0.000000 0.000000 0.000000 0.000000 0.000000 0.000000 0.000000 0.000000 0.000000 0.016289 0.014210 0.012496 0.009934 0.007399 0.004845 0.002493 0.000358 -0.001523 -0.003140 -0.004523 -0.005643 -0.006573 -0.007302 -0.007963 -0.008444 -0.008832 -0.008778 -0.008598 0.000000 0.000000 0.000000 0.000000 0.000000 0.000000
-0.440449 -0.848576 -0.840613 -0.838238 -0.845443 -0.852916 -0.862249 -0.872352 -0.883193 -0.893159 -0.906046 -0.933963 0.000000 0.000000 0.000000 0.000000 0.000000 0.000000 0.000000 0.000000 0.000000 0.000000 0.000000 0.000000 0.000000 0.012511 0.011466 0.010201 0.008334 0.006344 0.004292 0.002326 0.000498 -0.001141 -0.002573 -0.003774 -0.004728 -0.005457 -0.006023 -0.006541 -0.006870 -0.007156 -0.006962 -0.006369 0.000000 0.000000 0.000000 0.000000 0.000000 0.000000
-0.151779 -0.810924 -0.802280 -0.799734 -0.805742 -0.811798 -0.819234 -0.827085 -0.834982 -0.842663 -0.847490 -0.882749 0.000000 0.000000 0.000000 0.000000 0.000000 0.000000 0.000000 0.000000 0.000000 0.000000 0.000000 0.000000 0.000000 0.010532 0.009188 0.008264 0.006849 0.005290 0.003630 0.001993 0.000434 -0.001012 -0.002271 -0.003374 -0.004172 -0.004681 -0.005022 -0.005315 -0.005536 -0.005727 -0.005321 -0.005869 0.000000 0.000000 0.000000 0.000000 0.000000 0.000000
-0.260825 -0.732426 -0.762730 -0.760568 -0.765171 -0.769878 -0.775799 -0.781610 -0.787701 -0.792952 -0.795630 -0.844634 0.000000 0.000000 0.000000 0.000000 0.000000 0.000000 0.000000 0.000000 0.000000 0.000000 0.000000 0.000000 0.000000 0.008044 0.007379 0.006692 0.005600 0.004355 0.002995 0.001620 0.000265 -0.000985 -0.002125 -0.003036 -0.003579 -0.003704 -0.003838 -0.003980 -0.004070 -0.004115 -0.003865 -0.003782 0.000000 0.000000 0.000000 0.000000 0.000000 0.000000
-0.201911 -0.693777 -0.721986 -0.719664 -0.723688 -0.727280 -0.732001 -0.736444 -0.741122 -0.745277 -0.749681 -0.805069 0.000000 0.000000 0.000000 0.000000 0.000000 0.000000 0.000000 0.000000 0.000000 0.000000 0.000000 0.000000 0.000000 0.005658 0.005937 0.005384 0.004524 0.003509 0.002379 0.001196 0.000007 -0.001169 -0.002206 -0.003278 -0.003797 -0.003530 -0.003161 -0.002973 -0.002977 -0.002972 -0.002672 -0.002452 0.000000 0.000000 0.000000 0.000000 0.000000 0.000000
-0.355097 -0.687493 -0.680284 -0.677344 -0.681001 -0.683935 -0.687810 -0.691134 -0.694473 -0.697765 -0.701550 -0.768906 0.000000 0.000000 0.000000 0.000000 0.000000 0.000000 0.000000 0.000000 0.000000 0.000000 0.000000 0.000000 0.000000 0.005413 0.004742 0.004310 0.003617 0.002782 0.001823 0.000799 -0.000307 -0.001379 -0.002627 -0.003449 -0.005121 -0.003686 -0.001092 -0.001079 -0.001335 -0.001294 -0.000564 -0.000869 0.000000 0.000000 0.000000 0.000000 0.000000 0.000000
-0.334792 -0.644445 -0.638047 -0.635261 -0.637883 -0.640480 -0.643681 -0.646146 -0.648884 -0.650984 -0.651177 -0.715051 0.000000 0.000000 0.000000 0.000000 0.000000 0.000000 0.000000 0.000000 0.000000 0.000000 0.000000 0.000000 0.000000 0.004096 0.003786 0.003433 0.002865 0.002168 0.001351 0.000447 -0.000550 -0.001598 -0.002888 -0.004198 -0.010564 -0.009509 -0.000179 0.000317 -0.000225 -0.000944 -0.000017 -0.000286 0.000000 0.000000 0.000000 0.000000 0.000000 0.000000
-0.114916 -0.610079 -0.594964 -0.592725 -0.594550 -0.596814 -0.599463 -0.601203 -0.603399 -0.604535 -0.608355 -0.656233 0.000000 0.000000 0.000000 0.000000 0.000000 0.000000 0.000000 0.000000 0.000000 0.000000 0.000000 0.000000 0.000000 0.003196 0.003006 0.002720 0.002253 0.001672 0.000986 0.000208 -0.000642 -0.001618 -0.002675 -0.003989 -0.005944 -0.006666 0.000000 0.000000 0.000000 0.000000 0.000000 0.000000 0.000000 0.000000 0.000000 0.000000 0.000000 0.000000
-0.127924 -0.527819 -0.551387 -0.549621 -0.551172 -0.552930 -0.555299 -0.556497 -0.558315 -0.559301 -0.559420 -0.563229 0.000000 0.000000 0.000000 0.000000 0.000000 0.000000 0.000000 0.000000 0.000000 0.000000 0.000000 0.000000 0.000000 0.002225 0.002377 0.002145 0.001762 0.001284 0.000714 0.000076 -0.000629 -0.001352 -0.002201 -0.002937 -0.003567 -0.003325 0.000000 0.000000 0.000000 0.000000 0.000000 0.000000 0.000000 0.000000 0.000000 0.000000 0.000000 0.000000
-0.098492 -0.485314 -0.507822 -0.506201 -0.507842 -0.509033 -0.511282 -0.511899 -0.513354 -0.514139 -0.525327 -0.514863 0.000000 0.000000 0.000000 0.000000 0.000000 0.000000 0.000000 0.000000 0.000000 0.000000 0.000000 0.000000 0.000000 0.001382 0.001878 0.001686 0.001372 0.000978 0.000512 -0.000014 -0.000574 -0.001179 -0.001773 -0.002276 -0.002456 -0.002366 0.000000 0.000000 0.000000 0.000000 0.000000 0.000000 0.000000 0.000000 0.000000 0.000000 0.000000 0.000000
-0.249842 -0.475170 -0.463286 -0.462055 -0.464342 -0.464729 -0.467107 -0.467216 -0.468450 -0.468971 -0.487986 -0.502478 0.000000 0.000000 0.000000 0.000000 0.000000 0.000000 0.000000 0.000000 0.000000 0.000000 0.000000 0.000000 0.000000 0.001256 0.001473 0.001322 0.001066 0.000748 0.000371 -0.000045 -0.000491 -0.000935 -0.001383 -0.001711 -0.001664 -0.001751 0.000000 0.000000 0.000000 0.000000 0.000000 0.000000 0.000000 0.000000 0.000000 0.000000 0.000000 0.000000
-0.208825 -0.426345 -0.418917 -0.418087 -0.420661 -0.420784 -0.423505 -0.422862 -0.424232 -0.423961 -0.427918 -0.409406 0.000000 0.000000 0.000000 0.000000 0.000000 0.000000 0.000000 0.000000 0.000000 0.000000 0.000000 0.000000 0.000000 0.000793 0.001161 0.001032 0.000827 0.000569 0.000267 -0.000067 -0.000414 -0.000761 -0.001080 -0.001314 -0.001445 -0.001426 0.000000 0.000000 0.000000 0.000000 0.000000 0.000000 0.000000 0.000000 0.000000 0.000000 0.000000 0.000000
-0.071483 -0.381636 -0.373171 -0.373134 -0.377439 -0.375696 -0.379131 -0.378111 -0.379456 -0.379211 -0.373839 -0.390579 0.000000 0.000000 0.000000 0.000000 0.000000 0.000000 0.000000 0.000000 0.000000 0.000000 0.000000 0.000000 0.000000 0.000859 0.000905 0.000806 0.000640 0.000435 0.000195 -0.000065 -0.000336 -0.000596 -0.000835 -0.001000 -0.001101 -0.001179 0.000000 0.000000 0.000000 0.000000 0.000000 0.000000 0.000000 0.000000 0.000000 0.000000 0.000000 0.000000
-0.239976 -0.335945 -0.328567 -0.328378 -0.333259 -0.331988 -0.336066 -0.333974 -0.335207 -0.335023 -0.330541 -0.309473 0.000000 0.000000 0.000000 0.000000 0.000000 0.000000 0.000000 0.000000 0.000000 0.000000 0.000000 0.000000 0.000000 0.000569 0.000707 0.000628 0.000495 0.000332 0.000142 -0.000063 -0.000272 -0.000472 -0.000647 -0.000769 -0.000743 -0.000749 0.000000 0.000000 0.000000 0.000000 0.000000 0.000000 0.000000 0.000000 0.000000 0.000000 0.000000 0.000000
-0.048222 -0.263085 -0.281455 -0.283004 -0.289724 -0.284926 -0.291062 -0.288674 -0.290462 -0.289733 -0.286248 -0.267376 0.000000 0.000000 0.000000 0.000000 0.000000 0.000000 0.000000 0.000000 0.000000 0.000000 0.000000 0.000000 0.000000 0.000408 0.000554 0.000488 0.000384 0.000255 0.000105 -0.000054 -0.000216 -0.000367 -0.000500 -0.000588 -0.000557 -0.000571 0.000000 0.000000 0.000000 0.000000 0.000000 0.000000 0.000000 0.000000 0.000000 0.000000 0.000000 0.000000
-0.055338 -0.244572 -0.237435 -0.238274 -0.246755 -0.242499 -0.248070 -0.244793 -0.246213 -0.245377 -0.239666 -0.241963 0.000000 0.000000 0.000000 0.000000 0.000000 0.000000 0.000000 0.000000 0.000000 0.000000 0.000000 0.000000 0.000000 0.000386 0.000432 0.000379 0.000297 0.000195 0.000078 -0.000047 -0.000172 -0.000287 -0.000388 -0.000452 -0.000426 -0.000461 0.000000 0.000000 0.000000 0.000000 0.000000 0.000000 0.000000 0.000000 0.000000 0.000000 0.000000 0.000000
-0.003094 -0.192283 -0.191902 -0.189902 -0.199887 -0.193957 -0.203685 -0.198144 -0.201187 -0.199945 -0.191465 -0.182487 0.000000 0.000000 0.000000 0.000000 0.000000 0.000000 0.000000 0.000000 0.000000 0.000000 0.000000 0.000000 0.000000 0.000480 0.000336 0.000294 0.000230 0.000150 0.000058 -0.000039 -0.000135 -0.000224 -0.000300 -0.000348 -0.000331 -0.000350 0.000000 0.000000 0.000000 0.000000 0.000000 0.000000 0.000000 0.000000 0.000000 0.000000 0.000000 0.000000
-0.064416 -0.145462 -0.152418 -0.143867 -0.157131 -0.150240 -0.157216 -0.154968 -0.156507 -0.156219 -0.143980 -0.146148 0.000000 0.000000 0.000000 0.000000 0.000000 0.000000 0.000000 0.000000 0.000000 0.000000 0.000000 0.000000 0.000000 0.000251 0.000262 0.000229 0.000178 0.000115 0.000043 -0.000032 -0.000107 -0.000174 -0.000232 -0.000269 -0.000378 -0.000309 0.000000 0.000000 0.000000 0.000000 0.000000 0.000000 0.000000 0.000000 0.000000 0.000000 0.000000 0.000000
-0.026172 -0.093921 -0.098474 -0.088342 -0.115768 -0.105404 -0.110593 -0.105878 -0.110888 -0.109185 -0.096860 -0.110403 0.000000 0.000000 0.000000 0.000000 0.000000 0.000000 0.000000 0.000000 0.000000 0.000000 0.000000 0.000000 0.000000 0.000175 0.000205 0.000178 0.000138 0.000088 0.000032 -0.000026 -0.000084 -0.000135 -0.000180 -0.000207 -0.000198 -0.000199 0.000000 0.000000 0.000000 0.000000 0.000000 0.000000 0.000000 0.000000 0.000000 0.000000 0.000000 0.000000
-0.047544 -0.033768 -0.055730 -0.045782 -0.085312 -0.062922 -0.072200 -0.066970 -0.070048 -0.069529 -0.081123 -0.052872 0.000000 0.000000 0.000000 0.000000 0.000000 0.000000 0.000000 0.000000 0.000000 0.000000 0.000000 0.000000 0.000000 0.000173 0.000158 0.000138 0.000106 0.000067 0.000024 -0.000021 -0.000066 -0.000106 -0.000140 -0.000161 -0.000219 -0.000164 0.000000 0.000000 0.000000 0.000000 0.000000 0.000000 0.000000 0.000000 0.000000 0.000000 0.000000 0.000000
-0.062210 -0.021011 -0.032545 -0.032154 -0.026461 -0.027055 0.012227 -0.017697 -0.018347 -0.021660 -0.016429 -0.034049 0.000000 0.000000 0.000000 0.000000 0.000000 0.000000 0.000000 0.000000 0.000000 0.000000 0.000000 0.000000 0.000000 0.000190 0.000126 0.000107 0.000082 0.000052 0.000018 -0.000017 -0.000052 -0.000083 -0.000108 -0.000125 -0.000129 -0.000141 0.000000 0.000000 0.000000 0.000000 0.000000 0.000000 0.000000 0.000000 0.000000 0.000000 0.000000 0.000000
-0.016556 -0.001929 -0.031491 -0.016362 -0.015746 -0.007092 0.000000 0.000000 0.000000 0.000000 0.000000 0.000000 -0.000000 -0.000000 -0.000000 -0.000000 -0.000000 -0.000000 0.000000 0.000000 0.000000 0.000000 0.000000 0.000003 0.000011 0.000102 0.000095 0.000080 0.000061 0.000038 0.000012 -0.000015 -0.000041 -0.000065 -0.000084 -0.000097 -0.000099 -0.000067 0.000000 0.000000 0.000000 0.000000 0.000000 0.000000 0.000000 0.000000 0.000000 0.000000 0.000000 0.000000
0.000000 0.000000 0.000000 0.000000 0.000000 0.000000 0.000000 0.000000 0.000000 -0.000000 0.000000 0.000000 -0.000000 0.000000 0.000000 0.000000 0.000000 0.000000 0.000001 0.000001 0.000001 0.000002 0.000003 0.000006 0.000027 0.000051 0.000064 0.000059 0.000044 0.000027 0.000008 -0.000012 -0.000033 -0.000051 -0.000066 -0.000075 -0.000097 -0.000104 0.000000 0.000000 0.000000 0.000000 0.000000 0.000000 0.000000 0.000000 0.000000 0.000000 0.000000 0.000000
0.000000 0.000000 0.000000 0.000000 0.000000 0.000000 0.000000 0.000000 0.000000 0.000000 0.000000 0.000000 0.000000 0.000000 0.000000 0.000001 0.000001 0.000001 0.000002 0.000002 0.000004 0.000005 0.000009 0.000016 0.000024 0.000050 0.000044 0.000041 0.000031 0.000019 0.000004 -0.000011 -0.000026 -0.000040 -0.000051 -0.000059 -0.000061 -0.000066 0.000000 0.000000 0.000000 0.000000 0.000000 0.000000 0.000000 0.000000 0.000000 0.000000 0.000000 0.000000
0.000000 0.000000 0.000000 0.000000 0.000000 0.000000 0.000000 0.000000 0.000000 0.000000 0.000000 0.000000 0.000000 0.000001 0.000001 0.000001 0.000001 0.000002 0.000003 0.000004 0.000005 0.000007 0.000010 0.000015 0.000020 0.000026 0.000030 0.000028 0.000022 0.000013 0.000002 -0.000009 -0.000021 -0.000031 -0.000040 -0.000046 -0.000063 -0.000056 0.000000 0.000000 0.000000 0.000000 0.000000 0.000000 0.000000 0.000000 0.000000 0.000000 0.000000 0.000000
0.000000 0.000000 0.000000 0.000000 0.000000 0.000000 0.000000 0.000000 0.000000 0.000000 0.000000 0.000000 0.000001 0.000001 0.000001 0.000001 0.000002 0.000002 0.000003 0.000004 0.000005 0.000008 0.000010 0.000013 0.000018 0.000021 0.000022 0.000020 0.000015 0.000009 0.000000 -0.000008 -0.000017 -0.000025 -0.000031 -0.000035 -0.000039 -0.000030 0.000000 0.000000 0.000000 0.000000 0.000000 0.000000 0.000000 0.000000 0.000000 0.000000 0.000000 0.000000
0.000000 0.000000 0.000000 0.000000 0.000000 0.000000 0.000000 0.000000 0.000000 0.000000 0.000000 0.000000 0.000001 0.000001 0.000001 0.000001 0.000002 0.000002 0.000003 0.000004 0.000005 0.000007 0.000008 0.000013 0.000013 0.000015 0.000015 0.000014 0.000010 0.000005 -0.000001 -0.000007 -0.000013 -0.000019 -0.000024 -0.000027 -0.000025 -0.000031 0.000000 0.000000 0.000000 0.000000 0.000000 0.000000 0.000000 0.000000 0.000000 0.000000 0.000000 0.000000
0.000000 0.000000 0.000000 0.000000 0.000000 0.000000 0.000000 0.000000 0.000000 0.000000 0.000000 0.000000 0.000001 0.000001 0.000001 0.000001 0.000002 0.000002 0.000003 0.000004 0.000005 0.000006 0.000007 0.000010 0.000010 0.000011 0.000011 0.000010 0.000007 0.000003 -0.000001 -0.000006 -0.000010 -0.000015 -0.000018 -0.000021 -0.000025 -0.000019 0.000000 0.000000 0.000000 0.000000 0.000000 0.000000 0.000000 0.000000 0.000000 0.000000 0.000000 0.000000
0.000000 0.000000 0.000000 0.000000 0.000000 0.000000 -0.000000 0.000000 0.000000 0.000000 0.000000 0.000000 0.000001 0.000001 0.000001 0.000001 0.000001 0.000002 0.000002 0.000003 0.000004 0.000005 0.000006 0.000008 0.000007 0.000008 0.000008 0.000007 0.000005 0.000002 -0.000001 -0.000005 -0.000008 -0.000011 -0.000014 -0.000016 -0.000015 -0.000014 0.000000 0.000000 0.000000 0.000000 0.000000 0.000000 0.000000 0.000000 0.000000 0.000000 0.000000 0.000000
0.000000 0.000000 0.000000 0.000000 0.000000 0.000000 0.000000 0.000000 0.000000 0.000000 0.000000 0.000000 0.000000 0.000001 0.000001 0.000001 0.000001 0.000001 0.000002 0.000002 0.000003 0.000004 0.000004 0.000006 0.000005 0.000005 0.000005 0.000004 0.000003 0.000001 -0.000001 -0.000003 -0.000006 -0.000008 -0.000010 -0.000011 -0.000011 -0.000012 0.000000 0.000000 0.000000 0.000000 0.000000 0.000000 0.000000 0.000000 0.000000 0.000000 0.000000 0.000000
0.000000 0.000000 0.000000 0.000000 0.000000 0.000000 0.000000 0.000000 0.000000 0.000000 0.000000 0.000000 0.000000 0.000001 0.000001 0.000001 0.000001 0.000001 0.000002 0.000002 0.000003 0.000003 0.000004 0.000004 0.000005 0.000005 0.000005 0.000004 0.000003 0.000001 -0.000001 -0.000003 -0.000006 -0.000008 -0.000009 -0.000011 -0.000007 -0.000008 0.000000 0.000000 0.000000 0.000000 0.000000 0.000000 0.000000 0.000000 0.000000 0.000000 0.000000 0.000000
0.000000 0.000000 0.000000 0.000000 0.000000 0.000000 0.000000 0.000000 0.000000 0.000000 0.000000 0.000000 0.000000 0.000000 0.000000 0.000000 0.000001 0.000001 0.000001 0.000001 0.000001 0.000002 0.000002 0.000002 0.000001 0.000003 0.000003 0.000003 0.000002 0.000001 0.000000 -0.000001 -0.000002 -0.000002 -0.000003 -0.000004 -0.000004 -0.000004 0.000000 0.000000 0.000000 0.000000 0.000000 0.000000 0.000000 0.000000 0.000000 0.000000 0.000000 0.000000
0.000000 0.000000 0.000000 0.000000 0.000000 0.000000 -0.000000 0.000000 0.000000 -0.000000 0.000000 0.000000 0.000000 -0.000000 -0.000000 0.000000 0.000000 0.000000 -0.000000 -0.000000 0.000000 -0.000001 -0.000000 0.000001 0.000000 0.000000 -0.000000 0.000001 -0.000001 0.000002 -0.000000 0.000000 -0.000001 -0.000001 0.000000 -0.000001 -0.000004 -0.000001 0.000000 0.000000 0.000000 0.000000 0.000000 0.000000 0.000000 0.000000 0.000000 0.000000 0.000000 0.000000
