0.296913 0.214128 0.125764 0.158413 0.068585 0.071897 0.053725 0.060414 0.040836 0.015783 0.025926 0.010197 0.034988 0.040526 0.045138 0.030197 0.024322 0.023888 0.020279 0.001425 0.008954 0.001500 0.001401 0.001365 0.008706 0.003891 0.003378 0.002679 0.007493 -0.001863 0.001545 0.001284 0.001073 0.003722 -0.000403 0.000640 0.002323 0.002175 0.002108 -0.000950 -0.000068 0.001672 0.000169 0.000149 0.000141 0.001294 0.000642 -0.002438 0.000044 -0.000381
0.480445 0.278024 0.166425 0.221787 0.116503 0.106313 0.091535 0.144397 0.080097 0.075145 0.131505 0.072239 0.070240 0.119756 0.111923 0.103231 0.094445 0.085723 0.077066 0.068526 0.060703 0.053200 0.046645 0.040361 0.019971 0.030445 0.025977 0.022031 0.018939 0.016116 0.013877 0.011881 0.010288 0.008911 0.007762 0.006812 0.001974 0.001606 0.005357 0.001085 0.000909 0.000725 0.003649 0.001795 0.000284 0.000135 -0.000032 0.000004 -0.001952 -0.000153
0.488983 0.426535 0.306806 0.285919 0.296077 0.241649 0.245889 0.222898 0.224592 0.219125 0.219921 0.218254 0.214320 0.205511 0.194340 0.180189 0.165144 0.149418 0.133932 0.119151 0.105264 0.092545 0.080848 0.070231 0.060681 0.052056 0.044365 0.037636 0.031811 0.026822 0.022610 0.019058 0.016116 0.013661 0.011652 0.009989 0.008629 0.007503 0.006610 0.005841 0.005231 0.004676 0.004180 0.003688 0.003169 0.002471 0.002633 0.002159 -0.000716 -0.000304
0.485553 0.456493 0.331112 0.298321 0.293160 0.243890 0.245870 0.224757 0.228159 0.222824 0.225214 0.223810 0.220573 0.211494 0.200372 0.185929 0.169609 0.153593 0.137418 0.122441 0.107753 0.095125 0.082430 0.072153 0.061557 0.053453 0.044881 0.038548 0.032187 0.027386 0.022836 0.019342 0.016238 0.013750 0.011726 0.010040 0.008676 0.007538 0.006731 0.005787 0.005445 0.004605 0.004404 0.003612 0.003235 0.002483 0.001777 0.002615 0.002178 0.000542
0.488243 0.476019 0.352050 0.338660 0.343585 0.293992 0.301603 0.279671 0.289916 0.285753 0.296257 0.296076 0.296044 0.283247 0.268940 0.247705 0.226615 0.204219 0.182816 0.162390 0.143667 0.126380 0.110850 0.096623 0.083675 0.071903 0.061152 0.051807 0.043625 0.036720 0.030858 0.026011 0.021946 0.018628 0.015861 0.013582 0.011728 0.010215 0.008949 0.007891 0.007161 0.006303 0.005923 0.005049 0.004760 0.003696 0.002852 0.002872 0.002332 0.000011
0.559115 0.480021 0.385318 0.365715 0.370424 0.331483 0.336380 0.329475 0.337658 0.349125 0.359829 0.372243 0.369267 0.356234 0.334956 0.307651 0.279483 0.250769 0.223511 0.197917 0.174375 0.153026 0.133602 0.115748 0.100033 0.085455 0.072376 0.060992 0.051211 0.042946 0.036063 0.030327 0.025613 0.021712 0.018517 0.015903 0.013768 0.012058 0.010588 0.009584 0.008574 0.007964 0.007235 0.006564 0.005880 0.004473 0.003473 0.003465 0.002858 0.001222
0.500509 0.446256 0.409459 0.393387 0.413725 0.369026 0.386488 0.373306 0.396662 0.407578 0.434702 0.453744 0.461259 0.439882 0.412244 0.371553 0.334861 0.297448 0.263593 0.232207 0.204280 0.179019 0.156921 0.136852 0.118091 0.100761 0.084442 0.070567 0.058851 0.049045 0.041058 0.034449 0.029086 0.024674 0.021083 0.018143 0.015755 0.013822 0.012280 0.011075 0.010120 0.009396 0.008742 0.008173 0.007040 0.005616 0.004587 0.004313 0.002975 -0.000434
0.451740 0.464665 0.426992 0.407976 0.426613 0.392105 0.402938 0.411080 0.433158 0.469353 0.502187 0.555921 0.560555 0.528485 0.489662 0.436005 0.388175 0.343046 0.302102 0.264972 0.231743 0.202763 0.176058 0.151746 0.131435 0.111145 0.092287 0.076483 0.063335 0.052600 0.043927 0.036855 0.031143 0.026463 0.022663 0.019557 0.017038 0.015023 0.013422 0.012241 0.011356 0.010822 0.010387 0.009830 0.008214 0.007080 0.005290 0.005155 0.003565 0.000103
0.432967 0.454657 0.439219 0.420186 0.452018 0.411297 0.440181 0.434213 0.477007 0.511507 0.576602 0.665287 0.708515 0.645932 0.577494 0.501471 0.437486 0.381203 0.333122 0.290310 0.253714 0.221210 0.194975 0.171786 0.147611 0.124150 0.099909 0.080904 0.066462 0.054569 0.045564 0.038166 0.032344 0.027551 0.023682 0.020509 0.017930 0.015874 0.014232 0.013067 0.012200 0.011674 0.011768 0.011853 0.010675 0.008726 0.006420 0.006133 0.002081 0.000859
0.433864 0.452049 0.446137 0.426906 0.456609 0.421456 0.439023 0.454973 0.490615 0.559213 0.764843 1.282701 1.219790 0.857997 0.709761 0.598395 0.502249 0.435134 0.376441 0.325816 0.280516 0.244460 0.219185 0.189671 0.192293 0.115313 0.102346 0.080905 0.065589 0.053954 0.044994 0.037918 0.032261 0.027645 0.023876 0.020777 0.018232 0.016214 0.014594 0.013608 0.012924 0.013543 0.015050 0.014908 0.016884 0.014015 0.010127 0.006748 0.002840 0.000664
0.432678 0.448153 0.447545 0.427548 0.461687 0.420421 0.451108 0.446298 0.497680 0.551393 0.842285 1.647143 1.207636 0.902286 0.707084 0.669169 0.501937 0.430707 0.388965 0.337021 0.247033 0.273349 0.234720 0.185375 0.207478 0.122505 0.095908 0.072739 0.060689 0.049934 0.042471 0.036072 0.031086 0.026864 0.023399 0.020489 0.018055 0.016115 0.014452 0.013570 0.012462 0.013935 0.013460 0.038649 0.023005 0.015072 0.010441 0.006157 0.005109 0.000508
0.511992 0.466589 0.445110 0.425629 0.456563 0.412406 0.429841 0.427196 0.458704 0.499621 0.502684 0.126557 0.077228 0.763730 0.717932 0.646304 0.536595 0.465338 0.380003 0.313364 0.258163 0.237234 0.190927 0.182915 0.207753 0.014796 0.068879 0.058764 0.050524 0.043968 0.038015 0.033196 0.028973 0.025405 0.022323 0.019683 0.017396 0.015502 0.013756 0.012736 0.011046 0.012132 0.006152 0.004406 0.021280 0.016028 0.009049 0.005857 0.003046 0.002077
0.464488 0.486824 0.439289 0.450893 0.396195 0.410587 0.409057 0.373454 0.379266 0.336894 0.328016 0.115545 0.000000 0.000000 0.000000 0.000000 0.000000 0.000000 0.000000 0.000000 0.000000 0.000000 0.000000 0.000000 0.000000 0.004369 0.040760 0.040189 0.038661 0.035600 0.032508 0.029166 0.026159 0.023315 0.020777 0.018482 0.016407 0.014604 0.012818 0.011540 0.009523 0.009117 0.004112 0.001728 0.000000 0.000000 0.000000 0.000000 0.000000 0.000000
0.431925 0.495687 0.431149 0.410913 0.435657 0.375911 0.381380 0.339270 0.323460 0.272622 0.086918 0.016528 0.000000 0.000000 0.000000 0.000000 0.000000 0.000000 0.000000 0.000000 0.000000 0.000000 0.000000 0.000000 0.000000 0.004996 0.024344 0.028816 0.029642 0.029180 0.027443 0.025462 0.023261 0.021107 0.019032 0.017061 0.015233 0.013461 0.011823 0.010142 0.008375 0.006792 0.002741 -0.001333 0.000000 0.000000 0.000000 0.000000 0.000000 0.000000
0.430555 0.488052 0.422736 0.401480 0.423064 0.356285 0.355327 0.302451 0.280138 0.216482 0.057251 0.003122 0.000000 0.000000 0.000000 0.000000 0.000000 0.000000 0.000000 0.000000 0.000000 0.000000 0.000000 0.000000 0.000000 0.000537 0.015855 0.020016 0.022669 0.023020 0.022718 0.021615 0.020278 0.018727 0.017141 0.015530 0.013936 0.012358 0.010727 0.009147 0.007197 0.005609 0.002219 0.001714 0.000000 0.000000 0.000000 0.000000 0.000000 0.000000
0.460062 0.483519 0.415685 0.393353 0.411314 0.340899 0.333625 0.277487 0.246055 0.184552 0.042905 0.004341 0.000000 0.000000 0.000000 0.000000 0.000000 0.000000 0.000000 0.000000 0.000000 0.000000 0.000000 0.000000 0.000000 0.003913 0.010972 0.014673 0.017500 0.018534 0.018826 0.018393 0.017589 0.016521 0.015316 0.014009 0.012659 0.011224 0.009739 0.008168 0.006352 0.004849 0.001883 -0.000835 0.000000 0.000000 0.000000 0.000000 0.000000 0.000000
0.507563 0.478886 0.408763 0.386054 0.401184 0.326693 0.316452 0.256299 0.223774 0.162502 0.033474 0.010702 0.000000 0.000000 0.000000 0.000000 0.000000 0.000000 0.000000 0.000000 0.000000 0.000000 0.000000 0.000000 0.000000 0.003102 0.007828 0.011031 0.013604 0.014847 0.015501 0.015482 0.015109 0.014428 0.013564 0.012556 0.011433 0.010212 0.008826 0.007415 0.005658 0.004200 0.001872 -0.000449 0.000000 0.000000 0.000000 0.000000 0.000000 0.000000
0.506829 0.469006 0.402583 0.379959 0.392441 0.315370 0.302297 0.240591 0.206203 0.145325 0.027685 -0.000520 0.000000 0.000000 0.000000 0.000000 0.000000 0.000000 0.000000 0.000000 0.000000 0.000000 0.000000 0.000000 0.000000 0.002514 0.005780 0.008461 0.010690 0.012019 0.012818 0.013069 0.012973 0.012584 0.011995 0.011241 0.010341 0.009302 0.008052 0.006763 0.005134 0.003785 0.001552 -0.000371 0.000000 0.000000 0.000000 0.000000 0.000000 0.000000
0.431144 0.479900 0.397116 0.375381 0.385451 0.306213 0.291700 0.228834 0.194819 0.135590 0.025559 0.005438 0.000000 0.000000 0.000000 0.000000 0.000000 0.000000 0.000000 0.000000 0.000000 0.000000 0.000000 0.000000 0.000000 -0.000660 0.004385 0.006627 0.008507 0.009762 0.010602 0.011000 0.011094 0.010931 0.010566 0.010053 0.009383 0.008556 0.007441 0.006276 0.004724 0.003503 0.001470 0.000500 0.000000 0.000000 0.000000 0.000000 0.000000 0.000000
0.467861 0.476946 0.392819 0.370731 0.379287 0.298744 0.283025 0.219662 0.185491 0.127345 0.020034 -0.005304 0.000000 0.000000 0.000000 0.000000 0.000000 0.000000 0.000000 0.000000 0.000000 0.000000 0.000000 0.000000 0.000000 0.001509 0.003433 0.005228 0.006836 0.007981 0.008806 0.009280 0.009508 0.009514 0.009365 0.009086 0.008657 0.008008 0.006960 0.005922 0.004452 0.003269 0.001459 0.000086 0.000000 0.000000 0.000000 0.000000 0.000000 0.000000
0.508545 0.456727 0.389533 0.366651 0.374330 0.292879 0.276581 0.213102 0.179355 0.122817 0.017430 0.000643 0.000000 0.000000 0.000000 0.000000 0.000000 0.000000 0.000000 0.000000 0.000000 0.000000 0.000000 0.000000 0.000000 -0.000445 0.002714 0.004202 0.005535 0.006547 0.007308 0.007807 0.008091 0.008231 0.008214 0.008156 0.008070 0.007688 0.006805 0.005713 0.004276 0.003181 0.001507 -0.000221 0.000000 0.000000 0.000000 0.000000 0.000000 0.000000
0.511445 0.457691 0.386340 0.364952 0.370921 0.288418 0.271445 0.207751 0.174200 0.117586 0.015793 -0.008788 0.000000 0.000000 0.000000 0.000000 0.000000 0.000000 0.000000 0.000000 0.000000 0.000000 0.000000 0.000000 0.000000 -0.000067 0.002172 0.003387 0.004504 0.005380 0.006073 0.006553 0.006903 0.007121 0.007325 0.007667 0.007877 0.007690 0.006605 0.005658 0.004112 0.003001 0.001688 0.000353 0.000000 0.000000 0.000000 0.000000 0.000000 0.000000
0.432744 0.484215 0.383693 0.363657 0.367827 0.284905 0.267544 0.203977 0.170562 0.115031 0.012890 0.000940 0.000000 0.000000 0.000000 0.000000 0.000000 0.000000 0.000000 0.000000 0.000000 0.000000 0.000000 0.000000 0.000000 -0.000399 0.001762 0.002735 0.003664 0.004405 0.004997 0.005437 0.005726 0.005991 0.006082 0.006692 0.008844 0.009062 0.007611 0.006534 0.004502 0.003261 0.002537 0.000134 0.000000 0.000000 0.000000 0.000000 0.000000 0.000000
0.432656 0.487961 0.381702 0.361717 0.364806 0.281972 0.264380 0.201086 0.167610 0.113713 0.009058 -0.002470 0.000000 0.000000 0.000000 0.000000 0.000000 0.000000 0.000000 0.000000 0.000000 0.000000 0.000000 0.000000 0.000000 -0.000222 0.001419 0.002220 0.002979 0.003588 0.004092 0.004424 0.004700 0.004736 0.004972 0.004754 0.004119 0.003326 0.006808 0.006001 0.005123 0.004534 0.001425 0.001080 0.000000 0.000000 0.000000 0.000000 0.000000 0.000000
0.470500 0.477637 0.379509 0.360054 0.362855 0.279685 0.262056 0.198792 0.165784 0.111635 0.009735 -0.012813 0.000000 0.000000 0.000000 0.000000 0.000000 0.000000 0.000000 0.000000 0.000000 0.000000 0.000000 0.000000 0.000000 0.000391 0.001147 0.001782 0.002401 0.002893 0.003278 0.003534 0.003636 0.003623 0.003352 0.002950 0.000696 0.000847 0.000000 0.000000 0.000000 0.000000 0.000000 0.000000 0.000000 0.000000 0.000000 0.000000 0.000000 0.000000
0.479129 0.463121 0.376024 0.358400 0.361170 0.277767 0.260194 0.197173 0.164290 0.110830 0.010182 0.009954 0.000000 0.000000 0.000000 0.000000 0.000000 0.000000 0.000000 0.000000 0.000000 0.000000 0.000000 0.000000 0.000000 0.000050 0.000918 0.001440 0.001933 0.002324 0.002629 0.002798 0.002861 0.002724 0.002437 0.001883 0.000531 0.000116 0.000000 0.000000 0.000000 0.000000 0.000000 0.000000 0.000000 0.000000 0.000000 0.000000 0.000000 0.000000
0.470421 0.464329 0.375131 0.357509 0.360087 0.276443 0.258717 0.195799 0.162985 0.109192 0.005051 -0.039380 0.000000 0.000000 0.000000 0.000000 0.000000 0.000000 0.000000 0.000000 0.000000 0.000000 0.000000 0.000000 0.000000 0.000003 0.000743 0.001146 0.001542 0.001847 0.002072 0.002192 0.002184 0.002062 0.001735 0.001284 0.000058 0.000075 0.000000 0.000000 0.000000 0.000000 0.000000 0.000000 0.000000 0.000000 0.000000 0.000000 0.000000 0.000000
0.396575 0.482809 0.373958 0.356598 0.359102 0.275375 0.257577 0.195128 0.162060 0.109717 0.066569 -0.014864 0.000000 0.000000 0.000000 0.000000 0.000000 0.000000 0.000000 0.000000 0.000000 0.000000 0.000000 0.000000 0.000000 0.000101 0.000584 0.000918 0.001227 0.001465 0.001636 0.001714 0.001691 0.001561 0.001274 0.000899 0.000017 0.000055 0.000000 0.000000 0.000000 0.000000 0.000000 0.000000 0.000000 0.000000 0.000000 0.000000 0.000000 0.000000
0.432398 0.490457 0.373703 0.356268 0.358253 0.274906 0.256530 0.194479 0.161259 0.109152 -0.000213 -0.024650 0.000000 0.000000 0.000000 0.000000 0.000000 0.000000 0.000000 0.000000 0.000000 0.000000 0.000000 0.000000 0.000000 0.000017 0.000466 0.000726 0.000970 0.001154 0.001280 0.001331 0.001296 0.001180 0.000945 0.000655 -0.000073 0.000272 0.000000 0.000000 0.000000 0.000000 0.000000 0.000000 0.000000 0.000000 0.000000 0.000000 0.000000 0.000000
0.470897 0.489330 0.372325 0.355957 0.357781 0.274896 0.255914 0.194414 0.160968 0.108491 0.008484 -0.020609 0.000000 0.000000 0.000000 0.000000 0.000000 0.000000 0.000000 0.000000 0.000000 0.000000 0.000000 0.000000 0.000000 0.000009 0.000371 0.000573 0.000765 0.000907 0.001002 0.001034 0.000998 0.000896 0.000708 0.000478 -0.000011 -0.000131 0.000000 0.000000 0.000000 0.000000 0.000000 0.000000 0.000000 0.000000 0.000000 0.000000 0.000000 0.000000
0.571343 0.485111 0.372973 0.356921 0.357098 0.275016 0.254935 0.194224 0.160169 0.108660 0.007885 -0.008249 0.000000 0.000000 0.000000 0.000000 0.000000 0.000000 0.000000 0.000000 0.000000 0.000000 0.000000 0.000000 0.000000 -0.000026 0.000288 0.000452 0.000600 0.000710 0.000780 0.000801 0.000767 0.000683 0.000533 0.000360 -0.000003 0.000027 0.000000 0.000000 0.000000 0.000000 0.000000 0.000000 0.000000 0.000000 0.000000 0.000000 0.000000 0.000000
0.504276 0.476213 0.371128 0.356375 0.355685 0.277791 0.254701 0.195272 0.159976 0.108975 0.004854 -0.012514 0.000000 0.000000 0.000000 0.000000 0.000000 0.000000 0.000000 0.000000 0.000000 0.000000 0.000000 0.000000 0.000000 -0.000027 0.000225 0.000355 0.000470 0.000555 0.000607 0.000620 0.000590 0.000522 0.000404 0.000273 0.000020 0.000030 0.000000 0.000000 0.000000 0.000000 0.000000 0.000000 0.000000 0.000000 0.000000 0.000000 0.000000 0.000000
0.495939 0.475238 0.371797 0.358443 0.354202 0.275749 0.253391 0.195059 0.159173 0.108756 0.010745 -0.001941 0.000000 0.000000 0.000000 0.000000 0.000000 0.000000 0.000000 0.000000 0.000000 0.000000 0.000000 0.000000 0.000000 0.000009 0.000178 0.000277 0.000367 0.000432 0.000471 0.000480 0.000454 0.000400 0.000307 0.000208 0.000013 0.000047 0.000000 0.000000 0.000000 0.000000 0.000000 0.000000 0.000000 0.000000 0.000000 0.000000 0.000000 0.000000
0.501455 0.476747 0.371246 0.367537 0.353256 0.285253 0.253813 0.197496 0.159584 0.109394 0.013647 -0.007546 0.000000 0.000000 0.000000 0.000000 0.000000 0.000000 0.000000 0.000000 0.000000 0.000000 0.000000 0.000000 0.000000 -0.000025 0.000139 0.000216 0.000286 0.000336 0.000366 0.000371 0.000350 0.000307 0.000236 0.000157 0.000002 0.000046 0.000000 0.000000 0.000000 0.000000 0.000000 0.000000 0.000000 0.000000 0.000000 0.000000 0.000000 0.000000
0.518934 0.463061 0.372851 0.362011 0.345615 0.287033 0.252635 0.197616 0.158409 0.109454 0.017954 0.003878 0.000000 0.000000 0.000000 0.000000 0.000000 0.000000 0.000000 0.000000 0.000000 0.000000 0.000000 0.000000 0.000000 0.000018 0.000108 0.000168 0.000223 0.000261 0.000283 0.000287 0.000270 0.000236 0.000181 0.000120 -0.000003 0.000009 0.000000 0.000000 0.000000 0.000000 0.000000 0.000000 0.000000 0.000000 0.000000 0.000000 0.000000 0.000000
0.507719 0.452466 0.392181 0.347407 0.341491 0.284232 0.248205 0.199711 0.158419 0.109761 0.023219 0.002155 0.000000 0.000000 0.000000 0.000000 0.000000 0.000000 0.000000 0.000000 0.000000 0.000000 0.000000 0.000000 0.000000 0.000022 0.000083 0.000130 0.000172 0.000202 0.000219 0.000221 0.000208 0.000181 0.000139 0.000091 0.000027 0.000001 0.000000 0.000000 0.000000 0.000000 0.000000 0.000000 0.000000 0.000000 0.000000 0.000000 0.000000 0.000000
0.528521 0.416864 0.382356 0.359884 0.332480 0.276725 0.246451 0.196081 0.154526 0.108462 0.045551 0.007829 0.000000 0.000000 0.000000 0.000000 0.000000 0.000000 0.000000 0.000000 0.000000 0.000000 0.000000 0.000000 0.000000 0.000029 0.000064 0.000099 0.000133 0.000156 0.000169 0.000171 0.000161 0.000139 0.000107 0.000069 -0.000009 0.000013 0.000000 0.000000 0.000000 0.000000 0.000000 0.000000 0.000000 0.000000 0.000000 0.000000 0.000000 0.000000
0.449903 0.470100 0.394496 0.370235 0.315541 0.242170 0.224939 0.179573 0.168476 0.093370 0.059443 0.010661 0.000000 0.000000 0.000000 0.000000 0.000000 0.000000 0.000000 0.000000 0.000000 0.000000 0.000000 0.000000 0.000000 0.000035 0.000045 0.000076 0.000102 0.000120 0.000131 0.000132 0.000124 0.000107 0.000082 0.000053 0.000012 0.000005 0.000000 0.000000 0.000000 0.000000 0.000000 0.000000 0.000000 0.000000 0.000000 0.000000 0.000000 0.000000
0.513802 0.483234 0.394461 0.362325 0.315054 0.242853 -0.000000 -0.000000 -0.000000 -0.000000 -0.000000 -0.000001 -0.000000 -0.000001 -0.000001 -0.000001 -0.000003 -0.000003 -0.000003 -0.000004 -0.000006 -0.000009 -0.000015 -0.000027 -0.000048 -0.000015 0.000030 0.000053 0.000077 0.000092 0.000101 0.000102 0.000096 0.000083 0.000063 0.000041 0.000021 -0.000000 0.000000 0.000000 0.000000 0.000000 0.000000 0.000000 0.000000 0.000000 0.000000 0.000000 0.000000 0.000000
0.000000 0.000000 0.000000 0.000000 0.000000 0.000000 -0.000000 -0.000000 -0.000000 -0.000000 -0.000000 -0.000001 -0.000001 -0.000001 -0.000001 -0.000001 -0.000002 -0.000003 -0.000004 -0.000005 -0.000007 -0.000011 -0.000017 -0.000026 -0.000108 -0.000024 0.000022 0.000040 0.000060 0.000070 0.000078 0.000079 0.000074 0.000064 0.000049 0.000032 0.000017 0.000003 0.000000 0.000000 0.000000 0.000000 0.000000 0.000000 0.000000 0.000000 0.000000 0.000000 0.000000 0.000000
0.000000 0.000000 0.000000 0.000000 0.000000 0.000000 -0.000000 -0.000000 -0.000000 -0.000000 -0.000000 -0.000001 -0.000001 -0.000001 -0.000001 -0.000001 -0.000002 -0.000003 -0.000004 -0.000005 -0.000007 -0.000010 -0.000014 -0.000019 -0.000025 -0.000006 0.000015 0.000033 0.000046 0.000055 0.000060 0.000061 0.000057 0.000050 0.000038 0.000025 0.000005 0.000010 0.000000 0.000000 0.000000 0.000000 0.000000 0.000000 0.000000 0.000000 0.000000 0.000000 0.000000 0.000000
0.000000 0.000000 0.000000 0.000000 0.000000 0.000000 -0.000000 -0.000000 -0.000000 -0.000000 -0.000000 -0.000000 -0.000000 -0.000000 -0.000001 -0.000001 -0.000001 -0.000001 -0.000002 -0.000002 -0.000003 -0.000004 -0.000004 -0.000004 -0.000001 0.000006 0.000017 0.000028 0.000037 0.000044 0.000048 0.000048 0.000045 0.000039 0.000030 0.000020 -0.000002 0.000005 0.000000 0.000000 0.000000 0.000000 0.000000 0.000000 0.000000 0.000000 0.000000 0.000000 0.000000 0.000000
0.000000 0.000000 0.000000 0.000000 0.000000 0.000000 -0.000000 -0.000000 -0.000000 -0.000000 -0.000000 -0.000000 -0.000000 -0.000000 -0.000000 -0.000000 -0.000001 -0.000001 -0.000001 -0.000001 -0.000001 -0.000001 -0.000000 0.000001 0.000004 0.000009 0.000016 0.000024 0.000031 0.000036 0.000038 0.000038 0.000036 0.000031 0.000023 0.000016 0.000007 0.000000 0.000000 0.000000 0.000000 0.000000 0.000000 0.000000 0.000000 0.000000 0.000000 0.000000 0.000000 0.000000
0.000000 0.000000 0.000000 0.000000 0.000000 0.000000 0.000000 -0.000000 -0.000000 -0.000000 -0.000000 -0.000000 -0.000000 -0.000000 -0.000000 -0.000000 -0.000000 -0.000000 -0.000000 0.000000 0.000000 0.000001 0.000002 0.000002 0.000006 0.000011 0.000016 0.000021 0.000026 0.000029 0.000031 0.000031 0.000029 0.000025 0.000019 0.000013 0.000004 0.000007 0.000000 0.000000 0.000000 0.000000 0.000000 0.000000 0.000000 0.000000 0.000000 0.000000 0.000000 0.000000
0.000000 0.000000 0.000000 0.000000 0.000000 0.000000 0.000000 0.000000 0.000000 0.000000 0.000000 0.000000 0.000000 0.000000 0.000000 0.000000 0.000000 0.000001 0.000001 0.000001 0.000002 0.000003 0.000004 0.000004 0.000008 0.000011 0.000015 0.000019 0.000022 0.000025 0.000026 0.000025 0.000023 0.000020 0.000015 0.000010 0.000001 0.000000 0.000000 0.000000 0.000000 0.000000 0.000000 0.000000 0.000000 0.000000 0.000000 0.000000 0.000000 0.000000
0.000000 0.000000 0.000000 0.000000 0.000000 0.000000 -0.000000 0.000000 0.000000 0.000000 0.000000 0.000000 0.000000 0.000000 0.000000 0.000001 0.000001 0.000001 0.000001 0.000002 0.000003 0.000004 0.000005 0.000006 0.000009 0.000011 0.000014 0.000017 0.000020 0.000021 0.000022 0.000021 0.000019 0.000017 0.000013 0.000008 0.000003 0.000001 0.000000 0.000000 0.000000 0.000000 0.000000 0.000000 0.000000 0.000000 0.000000 0.000000 0.000000 0.000000
0.000000 0.000000 0.000000 0.000000 0.000000 0.000000 0.000000 0.000000 0.000000 0.000000 0.000000 0.000000 0.000000 0.000000 0.000001 0.000001 0.000001 0.000002 0.000002 0.000003 0.000003 0.000004 0.000006 0.000007 0.000009 0.000012 0.000014 0.000016 0.000018 0.000019 0.000019 0.000018 0.000017 0.000014 0.000011 0.000007 0.000003 0.000001 0.000000 0.000000 0.000000 0.000000 0.000000 0.000000 0.000000 0.000000 0.000000 0.000000 0.000000 0.000000
0.000000 0.000000 0.000000 0.000000 0.000000 0.000000 0.000000 -0.000000 0.000000 0.000000 0.000000 0.000000 0.000000 0.000000 0.000001 0.000001 0.000001 0.000002 0.000002 0.000003 0.000003 0.000004 0.000006 0.000008 0.000009 0.000011 0.000014 0.000016 0.000018 0.000019 0.000019 0.000018 0.000017 0.000014 0.000011 0.000006 0.000002 0.000001 0.000000 0.000000 0.000000 0.000000 0.000000 0.000000 0.000000 0.000000 0.000000 0.000000 0.000000 0.000000
0.000000 0.000000 0.000000 0.000000 0.000000 0.000000 0.000000 0.000000 0.000000 0.000000 0.000000 0.000000 0.000001 0.000001 0.000001 0.000001 0.000002 0.000002 0.000003 0.000003 0.000005 0.000006 0.000007 0.000009 0.000009 0.000013 0.000015 0.000017 0.000018 0.000018 0.000018 0.000016 0.000014 0.000011 0.000008 0.000004 0.000002 0.000001 0.000000 0.000000 0.000000 0.000000 0.000000 0.000000 0.000000 0.000000 0.000000 0.000000 0.000000 0.000000
0.000000 0.000000 0.000000 0.000000 0.000000 0.000000 0.000000 0.000000 0.000000 0.000000 0.000000 0.000000 0.000000 0.000000 0.000001 0.000002 0.000002 0.000002 0.000002 0.000003 0.000004 0.000007 0.000006 0.000008 0.000007 0.000013 0.000012 0.000014 0.000014 0.000017 0.000016 0.000014 0.000011 0.000010 0.000010 0.000006 0.000002 0.000001 0.000000 0.000000 0.000000 0.000000 0.000000 0.000000 0.000000 0.000000 0.000000 0.000000 0.000000 0.000000
