0.541807 0.508967 0.522557 0.485372 0.512457 0.498628 0.509578 0.523855 0.502586 0.504719 0.517358 0.510866 0.586991 0.523666 0.461711 0.497680 0.518455 0.405472 0.520893 0.513391 0.454659 0.512628 0.517751 0.524692 0.491063 0.494993 0.419526 0.511743 0.500989 0.523531 0.513776 0.425155 0.509209 0.431392 0.508338 0.516604 0.508680 0.509664 0.516451 0.509077 0.416957 0.465581 0.504286 0.512427 0.490555 0.527028 0.515532 0.429655 0.501592 0.520691
0.512429 0.494647 0.449560 0.505679 0.488932 0.533890 0.548527 0.540708 0.550190 0.548141 0.562632 0.560137 0.548899 0.560116 0.546960 0.546898 0.549116 0.543122 0.546541 0.538538 0.566930 0.569718 0.544339 0.551842 0.542598 0.541572 0.535210 0.530686 0.527128 0.521130 0.522151 0.519769 0.520872 0.519115 0.520554 0.523896 0.526842 0.525246 0.528019 0.526316 0.533506 0.527544 0.525143 0.537617 0.536411 0.551194 0.502120 0.508979 0.477669 0.511003
0.495319 0.476161 0.482049 0.438067 0.472393 0.467746 0.467651 0.472294 0.466108 0.473556 0.471910 0.486161 0.483656 0.492280 0.495081 0.500739 0.509765 0.516012 0.530648 0.522946 0.530091 0.537910 0.532843 0.483525 0.528223 0.528775 0.526595 0.524002 0.519702 0.515700 0.511059 0.506347 0.501194 0.495778 0.490274 0.484384 0.478458 0.472687 0.466910 0.462001 0.456913 0.452957 0.448294 0.448413 0.444419 0.452395 0.424580 0.465402 0.465104 0.480071
0.506773 0.484280 0.482140 0.435134 0.454739 0.470342 0.472843 0.444475 0.470197 0.451690 0.469475 0.459466 0.466317 0.470570 0.479480 0.489852 0.491207 0.497788 0.498983 0.508599 0.509189 0.514363 0.516918 0.578808 0.518937 0.516628 0.514236 0.511219 0.507820 0.504179 0.500065 0.495660 0.490584 0.486017 0.481221 0.477136 0.473035 0.469407 0.465399 0.462508 0.459435 0.458129 0.451369 0.450045 0.442976 0.442231 0.429846 0.456398 0.485663 0.465013
0.487090 0.468347 0.462782 0.466748 0.477941 0.488181 0.499065 0.495467 0.505609 0.507393 0.515219 0.518763 0.524358 0.532357 0.539349 0.548954 0.554836 0.561707 0.566616 0.572939 0.577774 0.579758 0.582013 0.552106 0.582997 0.581177 0.578416 0.574017 0.568564 0.562363 0.555468 0.547450 0.537609 0.527225 0.516553 0.506229 0.496598 0.490225 0.482673 0.478862 0.473759 0.474444 0.467159 0.465925 0.459300 0.467201 0.449723 0.455363 0.455615 0.454938
0.472416 0.474183 0.433324 0.426792 0.457377 0.458102 0.455070 0.444302 0.460717 0.453974 0.467496 0.469358 0.478047 0.488063 0.497715 0.509404 0.517865 0.528336 0.535781 0.544780 0.550111 0.555805 0.559077 0.615155 0.561001 0.559271 0.555954 0.551118 0.544949 0.537629 0.529546 0.520845 0.511420 0.501632 0.491645 0.481979 0.472920 0.464695 0.456898 0.450200 0.444156 0.439496 0.431667 0.427140 0.421750 0.423979 0.414331 0.422539 0.455232 0.397253
0.459873 0.451361 0.436196 0.437974 0.448866 0.455452 0.460339 0.464242 0.473914 0.480483 0.491255 0.500655 0.512298 0.524692 0.537073 0.550375 0.562394 0.574530 0.584780 0.594402 0.601542 0.607122 0.610287 0.612560 0.610462 0.607327 0.602068 0.595078 0.586319 0.575863 0.563903 0.551067 0.537392 0.523500 0.509494 0.495798 0.481967 0.470278 0.457618 0.449391 0.440065 0.440551 0.431298 0.428884 0.420400 0.426613 0.406525 0.422285 0.428309 0.401683
0.506787 0.451467 0.413937 0.419351 0.431232 0.427198 0.435493 0.434416 0.447416 0.452096 0.464799 0.475838 0.489634 0.504478 0.519769 0.535891 0.551138 0.566285 0.579653 0.591818 0.601287 0.608742 0.613218 0.612411 0.613985 0.610369 0.604257 0.595977 0.585729 0.573903 0.560751 0.546690 0.531977 0.517033 0.502101 0.487586 0.473550 0.460492 0.448159 0.437466 0.427389 0.418662 0.410047 0.404466 0.398654 0.395761 0.389943 0.392948 0.411272 0.425193
0.402317 0.424370 0.405255 0.406857 0.414549 0.419137 0.427342 0.434665 0.446043 0.456921 0.471177 0.485995 0.502790 0.520672 0.539413 0.558673 0.577657 0.595846 0.612470 0.626829 0.638410 0.646853 0.651856 0.652574 0.651318 0.646129 0.637927 0.627197 0.614058 0.598589 0.581276 0.562633 0.543573 0.524998 0.506629 0.488871 0.471803 0.456069 0.441562 0.429270 0.417649 0.408623 0.398680 0.393580 0.385864 0.384025 0.376013 0.380023 0.386951 0.425951
0.422613 0.417284 0.387675 0.388450 0.395701 0.399528 0.408241 0.415360 0.427568 0.439696 0.455448 0.472532 0.492052 0.513116 0.535642 0.558748 0.582094 0.604241 0.624991 0.642617 0.657101 0.667362 0.673532 0.673913 0.673027 0.666266 0.656348 0.643373 0.627687 0.609876 0.590164 0.569257 0.547370 0.525408 0.503956 0.483460 0.464025 0.446220 0.429828 0.415330 0.402259 0.391042 0.380904 0.373318 0.366109 0.361973 0.356508 0.357081 0.372554 0.317715
0.369983 0.384000 0.372184 0.372377 0.378924 0.384787 0.393968 0.403790 0.417000 0.431673 0.449575 0.469585 0.492451 0.517261 0.544257 0.571882 0.600442 0.627248 0.652914 0.674108 0.691727 0.703625 0.710659 0.711525 0.708875 0.700146 0.687793 0.671817 0.652644 0.630945 0.606996 0.581821 0.555649 0.529818 0.504431 0.480429 0.457841 0.437243 0.418528 0.402065 0.387462 0.375116 0.364070 0.355753 0.347838 0.343135 0.337289 0.338008 0.343517 0.316702
0.340599 0.364148 0.352580 0.352478 0.358789 0.364867 0.374232 0.384672 0.398653 0.414770 0.434623 0.457280 0.483685 0.512578 0.544723 0.577715 0.612679 0.645319 0.677330 0.703244 0.724967 0.739049 0.747222 0.747953 0.743795 0.732850 0.717691 0.698378 0.675434 0.649734 0.621427 0.591900 0.561095 0.530882 0.501329 0.473701 0.447945 0.424714 0.403811 0.385510 0.369452 0.355792 0.343958 0.334547 0.326280 0.320639 0.315052 0.315114 0.318415 0.317315
0.338282 0.343739 0.332314 0.331964 0.338163 0.344716 0.354253 0.365507 0.380339 0.397943 0.419872 0.445412 0.475669 0.509201 0.547378 0.586734 0.629681 0.669446 0.709553 0.740782 0.767355 0.783596 0.792764 0.792868 0.786609 0.772830 0.754185 0.730852 0.703421 0.672955 0.639357 0.604584 0.567999 0.532639 0.498038 0.466287 0.436874 0.410787 0.387538 0.367430 0.349971 0.335239 0.322662 0.312576 0.303922 0.297783 0.292095 0.292126 0.292672 0.261611
0.287520 0.308076 0.309740 0.309502 0.315080 0.321445 0.330684 0.341938 0.357091 0.375431 0.399131 0.427033 0.461507 0.499925 0.545067 0.591978 0.644838 0.693916 0.745018 0.784127 0.816840 0.835761 0.845551 0.843793 0.834934 0.817504 0.794527 0.766455 0.733854 0.697991 0.658257 0.617324 0.573719 0.532136 0.491889 0.455461 0.422282 0.393290 0.367832 0.346110 0.327461 0.311868 0.298722 0.288157 0.279275 0.272797 0.267118 0.266981 0.271089 0.293385
0.261174 0.305027 0.285801 0.285709 0.290496 0.296376 0.305021 0.315844 0.330962 0.349740 0.374871 0.405755 0.444131 0.488255 0.541320 0.597235 0.662908 0.723477 0.789576 0.835842 0.876315 0.896988 0.907119 0.903224 0.890436 0.868167 0.839994 0.806459 0.768007 0.726189 0.679399 0.631669 0.579205 0.530518 0.483066 0.441771 0.404255 0.372555 0.344947 0.321909 0.302329 0.286188 0.272729 0.261966 0.252997 0.246406 0.240776 0.240587 0.242231 0.234811
0.271372 0.278347 0.260126 0.260126 0.263803 0.268619 0.275977 0.285295 0.299384 0.316866 0.342737 0.374067 0.417425 0.466602 0.528525 0.594962 0.675940 0.753000 0.840214 0.902835 0.951386 0.975136 0.982840 0.974087 0.955434 0.926708 0.891842 0.851918 0.806978 0.758568 0.703766 0.647336 0.583203 0.524820 0.469987 0.422594 0.381315 0.346851 0.317681 0.293688 0.273663 0.257392 0.243983 0.233379 0.224576 0.218180 0.212588 0.212370 0.210386 0.183397
0.283040 0.247500 0.233224 0.235696 0.235698 0.239003 0.244618 0.251817 0.263981 0.279755 0.304930 0.340890 0.385387 0.441600 0.512018 0.590877 0.692770 0.790292 0.911161 0.978832 1.042082 1.062834 1.068571 1.053704 1.027105 0.990218 0.947636 0.900709 0.848960 0.794220 0.730656 0.666473 0.586273 0.516971 0.450840 0.398386 0.352204 0.316216 0.285687 0.261604 0.241648 0.225791 0.212866 0.202727 0.194395 0.188282 0.183253 0.182893 0.177222 0.168541
0.195921 0.234675 0.205489 0.205371 0.206150 0.207070 0.209906 0.212958 0.221453 0.231226 0.254725 0.283651 0.336357 0.395360 0.475032 0.566756 0.689642 0.818630 0.986770 1.098317 1.164751 1.186667 1.178158 1.151096 1.111625 1.063935 1.011288 0.956659 0.898762 0.837973 0.766341 0.688922 0.583843 0.496974 0.422957 0.362721 0.315169 0.277548 0.247570 0.224098 0.205250 0.190535 0.178703 0.169575 0.162066 0.156764 0.151682 0.151738 0.142943 0.139762
0.178186 0.187674 0.177345 0.177206 0.176162 0.174510 0.173948 0.173177 0.175588 0.177435 0.194834 0.237333 0.280633 0.349063 0.428922 0.534455 0.687322 0.864420 1.125768 1.214429 1.315479 1.315023 1.298334 1.254710 1.199834 1.138328 1.074558 1.011899 0.948348 0.884723 0.805633 0.726042 0.584220 0.474601 0.382911 0.320126 0.268470 0.232868 0.203777 0.182659 0.165691 0.152686 0.142573 0.134681 0.128516 0.123711 0.120390 0.119516 0.108875 0.141995
0.141178 0.159955 0.149526 0.149199 0.145974 0.140691 0.136165 0.127297 0.121671 0.110179 0.115515 0.127963 0.201496 0.264388 0.344434 0.455616 0.622473 0.846313 1.243217 1.473457 1.544354 1.514415 1.451637 1.382133 1.301367 1.222055 1.144211 1.074462 1.011550 0.950470 0.877173 0.772474 0.555573 0.411285 0.320786 0.251593 0.207460 0.174455 0.150985 0.133661 0.120270 0.110627 0.102988 0.096899 0.092366 0.089145 0.086122 0.086205 0.075491 0.085740
0.114015 0.131634 0.122603 0.122209 0.116875 0.109336 0.099230 0.090154 0.070947 0.030598 0.019196 0.063362 0.118157 0.181091 0.235910 0.343631 0.514280 0.902506 1.616829 1.679673 1.767666 1.707523 1.612374 1.509337 1.399960 1.297840 1.203112 1.124302 1.060945 1.009084 0.947678 0.885849 0.565141 0.344203 0.240714 0.179298 0.138341 0.114727 0.097546 0.085392 0.076645 0.068608 0.064404 0.060578 0.058347 0.054733 0.055278 0.049503 0.040252 0.038149
0.108554 0.105882 0.097868 0.097432 0.090320 0.079206 0.065351 0.040725 0.015336 -0.124371 -0.602521 -0.491195 0.032667 0.026192 0.027310 0.028281 0.197946 0.427506 2.552153 2.261880 2.223317 1.975260 1.791855 1.639735 1.495877 1.370503 1.256177 1.171479 1.128981 1.124265 1.150976 1.507822 0.347832 0.134108 0.017998 -0.023525 -0.001162 0.007416 0.016030 0.017752 -0.012446 -0.000061 0.021268 0.012237 -0.008100 -0.003421 0.002153 0.001834 0.006224 0.006633
0.072194 0.081316 0.074908 0.074589 0.066199 0.055466 0.036551 0.015439 -0.028744 -0.143653 -0.298784 -0.461312 0.000000 0.000000 0.000000 0.000000 0.000000 3.791346 3.381026 3.171508 2.738876 2.289812 1.983443 1.771472 1.587891 1.427027 1.279389 1.175513 1.126672 1.137194 1.320479 0.867463 -0.719511 0.000000 0.000000 0.000000 0.000000 0.000000 0.000000 0.000000 0.000000 0.000000 0.000000 0.000000 0.000000 0.000000 0.000000 0.000000 0.000000 0.000000
0.057618 0.059503 0.056292 0.056397 0.048025 0.037642 0.019882 0.001057 -0.032012 -0.103661 -0.150202 -0.149539 0.000000 0.000000 0.000000 0.000000 0.000000 4.884500 4.581647 3.536183 2.857173 2.373257 2.051796 1.821648 1.630791 1.453511 1.261485 1.115611 1.032647 1.003392 1.048916 0.931710 0.913277 0.000000 0.000000 0.000000 0.000000 0.000000 0.000000 0.000000 0.000000 0.000000 0.000000 0.000000 0.000000 0.000000 0.000000 0.000000 0.000000 0.000000
0.042561 0.056668 0.038059 0.038614 0.031789 0.023791 0.010006 -0.005115 -0.030191 -0.067180 -0.119578 -0.130938 0.000000 0.000000 0.000000 0.000000 0.000000 3.390950 3.235017 3.007603 2.586230 2.221460 1.988920 1.818147 1.654143 1.463078 1.195468 1.003841 0.883209 0.824999 0.802105 0.761231 0.765191 0.000000 0.000000 0.000000 0.000000 0.000000 0.000000 0.000000 0.000000 0.000000 0.000000 0.000000 0.000000 0.000000 0.000000 0.000000 0.000000 0.000000
0.026713 0.028598 0.025591 0.028616 0.020920 0.016395 0.004316 -0.004719 -0.023765 -0.043001 -0.069292 -0.047924 0.000000 0.000000 0.000000 0.000000 0.000000 1.858996 2.042795 2.245417 2.178979 2.001113 1.890057 1.797988 1.719808 1.519224 1.139383 0.854950 0.697520 0.615528 0.565142 0.508323 0.512558 0.000000 0.000000 0.000000 0.000000 0.000000 0.000000 0.000000 0.000000 0.000000 0.000000 0.000000 0.000000 0.000000 0.000000 0.000000 0.000000 0.000000
0.017187 0.017284 0.014004 0.008538 0.004235 0.010328 0.002903 -0.005087 -0.006542 -0.032770 -0.024861 -0.030415 0.000000 0.000000 0.000000 0.000000 0.000000 1.239338 1.423929 1.598475 1.723251 1.751128 1.766563 1.796744 1.781048 1.511321 0.875209 0.535206 0.405381 0.342503 0.335934 0.295820 0.310528 0.000000 0.000000 0.000000 0.000000 0.000000 0.000000 0.000000 0.000000 0.000000 0.000000 0.000000 0.000000 0.000000 0.000000 0.000000 0.000000 0.000000
0.001825 0.001480 -0.001277 0.000539 0.003672 0.003237 0.004115 -0.001776 0.000065 -0.000593 -0.001720 -0.001224 0.000000 0.000000 0.000000 0.000000 0.000000 0.543166 0.655339 1.164517 1.366947 1.530774 1.657965 1.858740 2.137315 3.067008 0.080573 0.102254 0.016060 0.020184 0.026569 0.010067 0.010811 0.000000 0.000000 0.000000 0.000000 0.000000 0.000000 0.000000 0.000000 0.000000 0.000000 0.000000 0.000000 0.000000 0.000000 0.000000 0.000000 0.000000
0.000000 0.000000 0.000000 0.000000 0.000000 0.000000 0.000000 0.000000 0.000000 0.000000 0.000000 0.000000 0.000000 0.000000 0.000000 0.000000 0.000000 0.344817 0.431232 0.835751 1.094086 1.290716 1.461264 1.675877 2.022160 2.740745 -0.448591 0.002747 0.028071 0.016754 0.020322 0.038206 0.036907 0.000000 0.000000 0.000000 0.000000 0.000000 0.000000 0.000000 0.000000 0.000000 0.000000 0.000000 0.000000 0.000000 0.000000 0.000000 0.000000 0.000000
0.000000 0.000000 0.000000 0.000000 0.000000 0.000000 0.000000 0.000000 0.000000 0.000000 0.000000 0.000000 0.000000 0.000000 0.000000 0.000000 0.000000 0.219712 0.295149 0.608082 0.864314 1.036565 1.185256 1.303010 1.448044 1.164409 0.457781 0.274187 0.201180 0.150864 0.124348 0.092396 0.091371 0.000000 0.000000 0.000000 0.000000 0.000000 0.000000 0.000000 0.000000 0.000000 0.000000 0.000000 0.000000 0.000000 0.000000 0.000000 0.000000 0.000000
0.000000 0.000000 0.000000 0.000000 0.000000 0.000000 0.000000 0.000000 0.000000 0.000000 0.000000 0.000000 0.000000 0.000000 0.000000 0.000000 0.000000 0.157152 0.224546 0.463398 0.676824 0.825873 0.943783 1.016048 1.058029 0.904520 0.494197 0.369178 0.269803 0.214097 0.182149 0.142019 0.141479 0.000000 0.000000 0.000000 0.000000 0.000000 0.000000 0.000000 0.000000 0.000000 0.000000 0.000000 0.000000 0.000000 0.000000 0.000000 0.000000 0.000000
0.000000 0.000000 0.000000 0.000000 0.000000 0.000000 0.000000 0.000000 0.000000 0.000000 0.000000 0.000000 0.000000 0.000000 0.000000 0.000000 0.000000 0.069683 0.083559 0.355965 0.525577 0.652365 0.744756 0.793681 0.806125 0.713588 0.500245 0.401213 0.313949 0.261613 0.227755 0.202976 0.198820 0.000000 0.000000 0.000000 0.000000 0.000000 0.000000 0.000000 0.000000 0.000000 0.000000 0.000000 0.000000 0.000000 0.000000 0.000000 0.000000 0.000000
0.000000 0.000000 0.000000 0.000000 0.000000 0.000000 0.000000 0.000000 0.000000 0.000000 0.000000 0.000000 0.000000 0.000000 0.000000 0.000000 0.000000 0.068385 0.122393 0.275705 0.410863 0.517311 0.590524 0.630283 0.632926 0.581798 0.458772 0.390088 0.323461 0.281942 0.252301 0.192732 0.193563 0.000000 0.000000 0.000000 0.000000 0.000000 0.000000 0.000000 0.000000 0.000000 0.000000 0.000000 0.000000 0.000000 0.000000 0.000000 0.000000 0.000000
0.000000 0.000000 0.000000 0.000000 0.000000 0.000000 0.000000 0.000000 0.000000 0.000000 0.000000 0.000000 0.000000 0.000000 0.000000 0.000000 0.000000 0.044913 0.082693 0.207045 0.316231 0.406502 0.470734 0.506045 0.510356 0.483878 0.415605 0.369100 0.320634 0.288576 0.264000 0.217426 0.221585 0.000000 0.000000 0.000000 0.000000 0.000000 0.000000 0.000000 0.000000 0.000000 0.000000 0.000000 0.000000 0.000000 0.000000 0.000000 0.000000 0.000000
0.000000 0.000000 0.000000 0.000000 0.000000 0.000000 0.000000 0.000000 0.000000 0.000000 0.000000 0.000000 0.000000 0.000000 0.000000 0.000000 0.000000 0.018777 0.030042 0.171094 0.255741 0.329098 0.378889 0.410608 0.417676 0.405747 0.367941 0.338285 0.305085 0.282247 0.263439 0.211211 0.211632 0.000000 0.000000 0.000000 0.000000 0.000000 0.000000 0.000000 0.000000 0.000000 0.000000 0.000000 0.000000 0.000000 0.000000 0.000000 0.000000 0.000000
0.000000 0.000000 0.000000 0.000000 0.000000 0.000000 0.000000 0.000000 0.000000 0.000000 0.000000 0.000000 0.000000 0.000000 0.000000 0.000000 0.000000 0.013423 0.019224 0.135449 0.203969 0.265075 0.307275 0.336511 0.347119 0.344206 0.324760 0.306678 0.285431 0.269337 0.255800 0.267930 0.265526 0.000000 0.000000 0.000000 0.000000 0.000000 0.000000 0.000000 0.000000 0.000000 0.000000 0.000000 0.000000 0.000000 0.000000 0.000000 0.000000 0.000000
0.000000 0.000000 0.000000 0.000000 0.000000 0.000000 0.000000 0.000000 0.000000 0.000000 0.000000 0.000000 0.000000 0.000000 0.000000 0.000000 0.000000 0.010527 0.020214 0.107957 0.164111 0.215148 0.251267 0.277936 0.290406 0.293248 0.284578 0.274743 0.261890 0.251524 0.241645 0.233136 0.233002 0.000000 0.000000 0.000000 0.000000 0.000000 0.000000 0.000000 0.000000 0.000000 0.000000 0.000000 0.000000 0.000000 0.000000 0.000000 0.000000 0.000000
0.000000 0.000000 0.000000 0.000000 0.000000 0.000000 0.000000 0.000000 0.000000 0.000000 0.000000 0.000000 0.000000 0.000000 0.000000 0.000000 0.000000 0.011197 0.040090 0.086507 0.133043 0.175703 0.206901 0.231104 0.244497 0.250885 0.248934 0.244685 0.237687 0.231591 0.224643 0.200517 0.197083 0.000000 0.000000 0.000000 0.000000 0.000000 0.000000 0.000000 0.000000 0.000000 0.000000 0.000000 0.000000 0.000000 0.000000 0.000000 0.000000 0.000000
0.000000 0.000000 0.000000 0.000000 0.000000 0.000000 0.000000 0.000000 0.000000 0.000000 0.000000 0.000000 0.000000 0.000000 0.000000 0.000000 0.000000 0.033375 0.020979 0.071152 0.108673 0.144523 0.171349 0.193096 0.206632 0.214787 0.216754 0.216226 0.213222 0.210159 0.205693 0.178898 0.177523 0.000000 0.000000 0.000000 0.000000 0.000000 0.000000 0.000000 0.000000 0.000000 0.000000 0.000000 0.000000 0.000000 0.000000 0.000000 0.000000 0.000000
0.000000 0.000000 0.000000 0.000000 0.000000 0.000000 0.000000 0.000000 0.000000 0.000000 0.000000 0.000000 0.000000 0.000000 0.000000 0.000000 0.000000 -0.000502 0.004340 0.057496 0.089005 0.119271 0.142391 0.161769 0.174889 0.183805 0.188026 0.189815 0.189413 0.188328 0.185543 0.171884 0.172329 0.000000 0.000000 0.000000 0.000000 0.000000 0.000000 0.000000 0.000000 0.000000 0.000000 0.000000 0.000000 0.000000 0.000000 0.000000 0.000000 0.000000
0.000000 0.000000 0.000000 0.000000 0.000000 0.000000 0.000000 0.000000 0.000000 0.000000 0.000000 0.000000 0.000000 0.000000 0.000000 0.000000 0.000000 -0.001696 0.005060 0.047622 0.073228 0.098736 0.118487 0.135556 0.147785 0.156738 0.162041 0.165157 0.166307 0.166459 0.164632 0.135264 0.135634 0.000000 0.000000 0.000000 0.000000 0.000000 0.000000 0.000000 0.000000 0.000000 0.000000 0.000000 0.000000 0.000000 0.000000 0.000000 0.000000 0.000000
0.000000 0.000000 0.000000 0.000000 0.000000 0.000000 0.000000 0.000000 0.000000 0.000000 0.000000 0.000000 0.000000 0.000000 0.000000 0.000000 0.000000 0.001437 0.002621 0.038858 0.060123 0.081512 0.098355 0.113237 0.124363 0.132930 0.138632 0.142448 0.144559 0.145706 0.144916 0.143898 0.150792 0.000000 0.000000 0.000000 0.000000 0.000000 0.000000 0.000000 0.000000 0.000000 0.000000 0.000000 0.000000 0.000000 0.000000 0.000000 0.000000 0.000000
0.000000 0.000000 0.000000 0.000000 0.000000 0.000000 0.000000 0.000000 0.000000 0.000000 0.000000 0.000000 0.000000 0.000000 0.000000 0.000000 0.000000 0.002262 0.013682 0.032158 0.049323 0.067209 0.081228 0.093959 0.103708 0.111520 0.117051 0.121044 0.123510 0.125229 0.124684 0.125129 0.132824 0.000000 0.000000 0.000000 0.000000 0.000000 0.000000 0.000000 0.000000 0.000000 0.000000 0.000000 0.000000 0.000000 0.000000 0.000000 0.000000 0.000000
0.000000 0.000000 0.000000 0.000000 0.000000 0.000000 0.000000 0.000000 0.000000 0.000000 0.000000 0.000000 0.000000 0.000000 0.000000 0.000000 0.000000 0.022292 0.004848 0.025776 0.039869 0.054615 0.066201 0.077019 0.085382 0.092346 0.097486 0.101344 0.103907 0.105643 0.105347 0.103729 0.111167 0.000000 0.000000 0.000000 0.000000 0.000000 0.000000 0.000000 0.000000 0.000000 0.000000 0.000000 0.000000 0.000000 0.000000 0.000000 0.000000 0.000000
0.000000 0.000000 0.000000 0.000000 0.000000 0.000000 0.000000 0.000000 0.000000 0.000000 0.000000 0.000000 0.000000 0.000000 0.000000 0.000000 0.000000 0.004344 0.004205 0.021809 0.031956 0.043955 0.052982 0.061682 0.068458 0.074302 0.078647 0.082141 0.084489 0.086280 0.086470 0.062661 0.062129 0.000000 0.000000 0.000000 0.000000 0.000000 0.000000 0.000000 0.000000 0.000000 0.000000 0.000000 0.000000 0.000000 0.000000 0.000000 0.000000 0.000000
0.000000 0.000000 0.000000 0.000000 0.000000 0.000000 0.000000 0.000000 0.000000 0.000000 0.000000 0.000000 0.000000 0.000000 0.000000 0.000000 0.000000 0.001140 0.011763 0.016994 0.024637 0.034838 0.040664 0.048393 0.053142 0.058198 0.061998 0.065007 0.067179 0.068763 0.069115 0.077392 0.066410 0.000000 0.000000 0.000000 0.000000 0.000000 0.000000 0.000000 0.000000 0.000000 0.000000 0.000000 0.000000 0.000000 0.000000 0.000000 0.000000 0.000000
0.000000 0.000000 0.000000 0.000000 0.000000 0.000000 0.000000 0.000000 0.000000 0.000000 0.000000 0.000000 0.000000 0.000000 0.000000 0.000000 0.000000 0.000720 0.002878 0.016138 0.017701 0.024382 0.029884 0.034082 0.038119 0.041710 0.044004 0.046728 0.048038 0.049398 0.049934 0.038967 0.038292 0.000000 0.000000 0.000000 0.000000 0.000000 0.000000 0.000000 0.000000 0.000000 0.000000 0.000000 0.000000 0.000000 0.000000 0.000000 0.000000 0.000000
0.000000 0.000000 0.000000 0.000000 0.000000 0.000000 0.000000 0.000000 0.000000 0.000000 0.000000 0.000000 0.000000 0.000000 0.000000 0.000000 0.000000 -0.019073 0.008898 0.013437 0.019541 0.025124 0.029024 0.033704 0.037106 0.040639 0.043175 0.045529 0.047130 0.048738 0.050364 0.027818 0.028144 0.000000 0.000000 0.000000 0.000000 0.000000 0.000000 0.000000 0.000000 0.000000 0.000000 0.000000 0.000000 0.000000 0.000000 0.000000 0.000000 0.000000
0.000000 0.000000 0.000000 0.000000 0.000000 0.000000 0.000000 0.000000 0.000000 0.000000 0.000000 0.000000 0.000000 0.000000 0.000000 0.000000 0.000000 0.003118 0.004101 -0.002811 -0.005260 -0.003605 0.004439 0.003609 0.005193 0.013224 0.010271 0.013577 0.013330 0.017732 0.019390 0.014151 0.013589 0.000000 0.000000 0.000000 0.000000 0.000000 0.000000 0.000000 0.000000 0.000000 0.000000 0.000000 0.000000 0.000000 0.000000 0.000000 0.000000 0.000000
0.000000 0.000000 0.000000 0.000000 0.000000 0.000000 0.000000 0.000000 0.000000 0.000000 0.000000 0.000000 0.000000 0.000000 0.000000 0.000000 0.000000 0.010734 0.012529 -0.000511 -0.001912 0.029624 0.003068 -0.007837 -0.007785 0.022729 -0.000429 -0.000271 -0.007231 -0.004683 0.000046 0.009828 0.010057 0.000000 0.000000 0.000000 0.000000 0.000000 0.000000 0.000000 0.000000 0.000000 0.000000 0.000000 0.000000 0.000000 0.000000 0.000000 0.000000 0.000000
