-1.492858 -1.490690 -1.235069 -1.203506 -1.063921 -1.088345 -0.995835 -0.895672 -0.847458 -0.844678 -0.800754 -0.749537 -0.739923 -0.713516 -0.697817 -0.695994 -0.673069 -0.654447 -0.633107 -0.625887 -0.610791 -0.603073 -0.591273 -0.567268 -0.577544 -0.556067 -0.541160 -0.567515 -0.549563 -0.559316 -0.525077 -0.545050 -0.533961 -0.547423 0.000000 0.000000 0.000000 0.000000 0.000000 0.000000 0.000000 0.000000 0.000000 0.000000 0.000000 0.000000 0.000000 0.000000 0.000000 0.000000
-0.356251 -1.286983 -1.255144 -1.044067 -1.013674 -0.947027 -0.935015 -0.863869 -0.883520 -0.794820 -0.788617 -0.738205 -0.733905 -0.707396 -0.686672 -0.670056 -0.647977 -0.636764 -0.616310 -0.604546 -0.590177 -0.584983 -0.572434 -0.565292 -0.556658 -0.553999 -0.544742 -0.576169 -0.538931 -0.566567 -0.561559 -0.520542 -0.549786 -0.552612 0.000000 0.000000 0.000000 0.000000 0.000000 0.000000 0.000000 0.000000 0.000000 0.000000 0.000000 0.000000 0.000000 0.000000 0.000000 0.000000
-0.357494 -1.111743 -1.058673 -1.000947 -1.004456 -0.966869 -0.921053 -0.885658 -0.847846 -0.816616 -0.786001 -0.759224 -0.733883 -0.711459 -0.690542 -0.671320 -0.653716 -0.637652 -0.623086 -0.609890 -0.597997 -0.587578 -0.577924 -0.569956 -0.562531 -0.557141 -0.551436 -0.548498 -0.544398 -0.543448 -0.539450 -0.540750 -0.553436 -0.555462 0.000000 0.000000 0.000000 0.000000 0.000000 0.000000 0.000000 0.000000 0.000000 0.000000 0.000000 0.000000 0.000000 0.000000 0.000000 0.000000
-0.280677 -1.045584 -1.014447 -1.031756 -0.976358 -0.938500 -0.891365 -0.859001 -0.820376 -0.781570 -0.764261 -0.728018 -0.712461 -0.682163 -0.664759 -0.650489 -0.624802 -0.619826 -0.595129 -0.588933 -0.569829 -0.569961 -0.550388 -0.551760 -0.535567 -0.540164 -0.525490 -0.531696 -0.525504 -0.519495 -0.526076 -0.523770 -0.552602 -0.564429 0.000000 0.000000 0.000000 0.000000 0.000000 0.000000 0.000000 0.000000 0.000000 0.000000 0.000000 0.000000 0.000000 0.000000 0.000000 0.000000
-0.346957 -0.977967 -1.010723 -0.989342 -0.959963 -0.916690 -0.894622 -0.845180 -0.831622 -0.786468 -0.774351 -0.735901 -0.724335 -0.692348 -0.679644 -0.659372 -0.637381 -0.631737 -0.607235 -0.600255 -0.582587 -0.581469 -0.562867 -0.564673 -0.548696 -0.552900 -0.539849 -0.545581 -0.539475 -0.531537 -0.541764 -0.534307 -0.598684 -0.522454 0.000000 0.000000 0.000000 0.000000 0.000000 0.000000 0.000000 0.000000 0.000000 0.000000 0.000000 0.000000 0.000000 0.000000 0.000000 0.000000
-0.357888 -0.954929 -0.947000 -0.933899 -0.903810 -0.878534 -0.845665 -0.821666 -0.790238 -0.767130 -0.742749 -0.720225 -0.697604 -0.678034 -0.658887 -0.642657 -0.625620 -0.611610 -0.596787 -0.584931 -0.573450 -0.564837 -0.554837 -0.547436 -0.540835 -0.535608 -0.532193 -0.528211 -0.523467 -0.526161 -0.525796 -0.523088 -0.560867 -0.543908 0.000000 0.000000 0.000000 0.000000 0.000000 0.000000 0.000000 0.000000 0.000000 0.000000 0.000000 0.000000 0.000000 0.000000 0.000000 0.000000
-0.242657 -0.910701 -0.906002 -0.897472 -0.880296 -0.849942 -0.833818 -0.797387 -0.785492 -0.752358 -0.739252 -0.711231 -0.694152 -0.673401 -0.656008 -0.639707 -0.623365 -0.609677 -0.595626 -0.584489 -0.572716 -0.564126 -0.554449 -0.547943 -0.540910 -0.536546 -0.532391 -0.529648 -0.527110 -0.527229 -0.528652 -0.524771 -0.559946 -0.515204 0.000000 0.000000 0.000000 0.000000 0.000000 0.000000 0.000000 0.000000 0.000000 0.000000 0.000000 0.000000 0.000000 0.000000 0.000000 0.000000
-0.272509 -0.866900 -0.861612 -0.855443 -0.834940 -0.817735 -0.794465 -0.778004 -0.751963 -0.736793 -0.714098 -0.697020 -0.677798 -0.660506 -0.643661 -0.627806 -0.612716 -0.598984 -0.586031 -0.574455 -0.563756 -0.554538 -0.546067 -0.539009 -0.533060 -0.528363 -0.524998 -0.522556 -0.521003 -0.521607 -0.522251 -0.518796 -0.591234 -0.569221 0.000000 0.000000 0.000000 0.000000 0.000000 0.000000 0.000000 0.000000 0.000000 0.000000 0.000000 0.000000 0.000000 0.000000 0.000000 0.000000
-0.259350 -0.806857 -0.826189 -0.821219 -0.808698 -0.790421 -0.777899 -0.754863 -0.740766 -0.720178 -0.703342 -0.684075 -0.666848 -0.649688 -0.633645 -0.618443 -0.604034 -0.590727 -0.578223 -0.566938 -0.556544 -0.547493 -0.539327 -0.532558 -0.526861 -0.522566 -0.519531 -0.517781 -0.517254 -0.517983 -0.519710 -0.516605 -0.537627 -0.508241 0.000000 0.000000 0.000000 0.000000 0.000000 0.000000 0.000000 0.000000 0.000000 0.000000 0.000000 0.000000 0.000000 0.000000 0.000000 0.000000
-0.191849 -0.794295 -0.791978 -0.788597 -0.774575 -0.762409 -0.745993 -0.733057 -0.714481 -0.700285 -0.683149 -0.666954 -0.650625 -0.634919 -0.619737 -0.605249 -0.591488 -0.578602 -0.566561 -0.555527 -0.545469 -0.536542 -0.528682 -0.522060 -0.516702 -0.512714 -0.510175 -0.509149 -0.509483 -0.511492 -0.514281 -0.512553 -0.551263 -0.505834 0.000000 0.000000 0.000000 0.000000 0.000000 0.000000 0.000000 0.000000 0.000000 0.000000 0.000000 0.000000 0.000000 0.000000 0.000000 0.000000
-0.199129 -0.793029 -0.761933 -0.758978 -0.749075 -0.736548 -0.726187 -0.711934 -0.697828 -0.682380 -0.666908 -0.651213 -0.635946 -0.620935 -0.606459 -0.592548 -0.579293 -0.566795 -0.555092 -0.544293 -0.534435 -0.525637 -0.517929 -0.511435 -0.506276 -0.502520 -0.500479 -0.499953 -0.501710 -0.504509 -0.510608 -0.509455 -0.565911 -0.525670 0.000000 0.000000 0.000000 0.000000 0.000000 0.000000 0.000000 0.000000 0.000000 0.000000 0.000000 0.000000 0.000000 0.000000 0.000000 0.000000
-0.209176 -0.729948 -0.734060 -0.731156 -0.720903 -0.712200 -0.700622 -0.689492 -0.676298 -0.662532 -0.648289 -0.633914 -0.619576 -0.605423 -0.591612 -0.578248 -0.565435 -0.553272 -0.541831 -0.531211 -0.521487 -0.512755 -0.505106 -0.498651 -0.493574 -0.490019 -0.488297 -0.488670 -0.491338 -0.497171 -0.505031 -0.511352 -0.576780 -0.569403 0.000000 0.000000 0.000000 0.000000 0.000000 0.000000 0.000000 0.000000 0.000000 0.000000 0.000000 0.000000 0.000000 0.000000 0.000000 0.000000
-0.366557 -0.711125 -0.708413 -0.705731 -0.697668 -0.689045 -0.680331 -0.669433 -0.657230 -0.644195 -0.630862 -0.617212 -0.603578 -0.590015 -0.576712 -0.563762 -0.551281 -0.539363 -0.528096 -0.517572 -0.507879 -0.499108 -0.491373 -0.484777 -0.479564 -0.475830 -0.474190 -0.474514 -0.478525 -0.484942 -0.498464 -0.509013 -0.560474 -0.560030 0.000000 0.000000 0.000000 0.000000 0.000000 0.000000 0.000000 0.000000 0.000000 0.000000 0.000000 0.000000 0.000000 0.000000 0.000000 0.000000
-0.239345 -0.712715 -0.685296 -0.682026 -0.673795 -0.667334 -0.658571 -0.648795 -0.637713 -0.625608 -0.613084 -0.600158 -0.587123 -0.574068 -0.561173 -0.548544 -0.536301 -0.524544 -0.513364 -0.502853 -0.493097 -0.484186 -0.476231 -0.469347 -0.463756 -0.459677 -0.457616 -0.458148 -0.462405 -0.472062 -0.490494 -0.525034 -0.651115 -0.631038 0.000000 0.000000 0.000000 0.000000 0.000000 0.000000 0.000000 0.000000 0.000000 0.000000 0.000000 0.000000 0.000000 0.000000 0.000000 0.000000
-0.154023 -0.690354 -0.663440 -0.660152 -0.653003 -0.647423 -0.639313 -0.630045 -0.619442 -0.607898 -0.595886 -0.583432 -0.570801 -0.558086 -0.545459 -0.533029 -0.520919 -0.509226 -0.498042 -0.487452 -0.477534 -0.468365 -0.460029 -0.452632 -0.446309 -0.441310 -0.437881 -0.436895 -0.438568 -0.446775 -0.460612 -0.491617 -0.422217 -0.211599 -0.007548 0.000063 0.000239 -0.001974 -0.002674 -0.003478 -0.009604 -0.001454 -0.002913 -0.005862 -0.002455 0.000480 -0.000537 -0.002870 -0.000846 -0.000899
-0.157605 -0.669116 -0.643434 -0.640032 -0.632953 -0.628153 -0.620467 -0.611659 -0.601612 -0.590531 -0.578927 -0.566814 -0.554458 -0.541952 -0.529474 -0.517133 -0.505055 -0.493335 -0.482064 -0.471316 -0.461155 -0.451638 -0.442813 -0.434734 -0.427474 -0.421060 -0.415781 -0.411332 -0.408923 -0.406384 -0.409024 -0.400526 -0.281153 -0.143473 -0.076055 -0.054612 -0.056728 -0.040159 -0.032194 -0.026517 -0.022028 -0.011254 -0.015563 -0.013160 -0.011479 -0.006511 -0.009047 -0.005813 -0.008066 -0.010910
-0.216875 -0.651195 -0.624861 -0.621176 -0.614676 -0.610515 -0.602889 -0.594435 -0.584674 -0.573849 -0.562458 -0.550507 -0.538264 -0.525822 -0.513360 -0.500993 -0.488845 -0.477012 -0.465578 -0.454609 -0.444148 -0.434231 -0.424861 -0.416059 -0.407763 -0.400000 -0.392526 -0.385428 -0.377617 -0.369119 -0.355151 -0.337608 -0.300018 -0.211596 -0.139530 -0.098063 -0.070417 -0.053548 -0.041539 -0.033125 -0.027015 -0.022443 -0.018964 -0.016273 -0.014244 -0.012683 -0.012080 -0.010781 -0.012519 -0.010192
-0.211966 -0.600917 -0.607719 -0.604177 -0.597577 -0.593715 -0.586384 -0.578058 -0.568484 -0.557761 -0.546441 -0.534500 -0.522224 -0.509705 -0.497132 -0.484622 -0.472306 -0.460279 -0.448619 -0.437380 -0.426587 -0.416252 -0.406339 -0.396822 -0.387566 -0.378479 -0.369261 -0.359705 -0.348932 -0.335898 -0.317238 -0.293490 -0.248424 -0.189948 -0.143741 -0.110023 -0.084393 -0.066276 -0.052923 -0.042980 -0.035473 -0.029663 -0.025239 -0.021797 -0.019136 -0.017212 -0.015615 -0.015245 -0.017802 -0.021496
-0.200178 -0.619382 -0.592357 -0.588677 -0.581831 -0.578415 -0.570867 -0.562660 -0.553145 -0.542373 -0.530965 -0.518869 -0.506404 -0.493656 -0.480836 -0.468066 -0.455485 -0.443188 -0.431249 -0.419713 -0.408589 -0.397864 -0.387473 -0.377355 -0.367330 -0.357271 -0.346803 -0.335710 -0.323139 -0.308552 -0.289452 -0.266340 -0.236107 -0.192446 -0.154417 -0.123526 -0.099271 -0.080070 -0.065568 -0.054124 -0.045273 -0.038267 -0.032726 -0.028487 -0.024904 -0.022620 -0.020592 -0.020179 -0.021651 -0.018390
-0.204965 -0.605627 -0.578376 -0.574388 -0.567509 -0.564578 -0.556817 -0.548488 -0.538786 -0.527775 -0.516094 -0.503667 -0.490837 -0.477701 -0.464487 -0.451333 -0.438385 -0.425746 -0.413486 -0.401640 -0.390201 -0.379134 -0.368348 -0.357750 -0.347136 -0.336489 -0.324997 -0.312807 -0.299007 -0.283516 -0.264071 -0.241595 -0.213346 -0.181527 -0.151870 -0.126640 -0.104680 -0.086938 -0.072357 -0.060699 -0.051307 -0.043792 -0.037758 -0.032999 -0.029187 -0.026354 -0.024098 -0.023958 -0.025638 -0.031910
-0.202331 -0.559789 -0.565622 -0.561984 -0.554829 -0.552061 -0.543916 -0.535270 -0.525358 -0.513968 -0.501864 -0.488925 -0.475547 -0.461846 -0.448079 -0.434408 -0.420992 -0.407942 -0.395327 -0.383177 -0.371466 -0.360141 -0.349089 -0.338194 -0.327244 -0.316199 -0.304332 -0.291812 -0.277896 -0.262460 -0.244713 -0.224308 -0.201453 -0.175281 -0.150565 -0.127849 -0.108305 -0.091492 -0.077584 -0.065973 -0.056466 -0.048660 -0.042284 -0.037230 -0.032925 -0.030053 -0.027509 -0.027274 -0.028647 -0.025118
-0.191045 -0.548619 -0.554565 -0.550598 -0.543620 -0.540806 -0.532219 -0.523341 -0.513037 -0.501097 -0.488366 -0.474704 -0.460568 -0.446097 -0.431594 -0.417252 -0.403256 -0.389724 -0.376728 -0.364290 -0.352364 -0.340876 -0.329689 -0.318662 -0.307576 -0.296364 -0.284377 -0.271774 -0.257962 -0.242874 -0.225926 -0.207468 -0.187087 -0.165638 -0.144859 -0.125640 -0.108206 -0.092995 -0.079865 -0.068727 -0.059368 -0.051589 -0.045142 -0.039961 -0.035675 -0.032351 -0.029866 -0.029721 -0.030834 -0.025016
-0.169270 -0.571337 -0.545031 -0.540925 -0.533569 -0.530822 -0.521960 -0.512612 -0.501847 -0.489194 -0.475639 -0.461006 -0.445874 -0.430397 -0.414953 -0.399773 -0.385075 -0.370993 -0.357600 -0.344910 -0.332851 -0.321326 -0.310165 -0.299204 -0.288215 -0.277115 -0.265331 -0.253010 -0.239748 -0.225470 -0.209910 -0.193164 -0.175538 -0.157053 -0.139060 -0.121962 -0.106448 -0.092538 -0.080399 -0.069883 -0.060921 -0.053353 -0.047011 -0.041838 -0.037563 -0.034338 -0.031635 -0.031470 -0.032323 -0.028940
-0.138375 -0.562756 -0.536584 -0.533064 -0.525479 -0.522747 -0.512988 -0.503383 -0.492013 -0.478462 -0.463843 -0.447948 -0.431519 -0.414743 -0.398105 -0.381877 -0.366328 -0.351616 -0.337811 -0.324922 -0.312831 -0.301416 -0.290456 -0.279757 -0.269067 -0.258275 -0.246874 -0.234987 -0.222316 -0.208840 -0.194457 -0.179258 -0.163438 -0.147402 -0.131731 -0.116821 -0.102992 -0.090445 -0.079273 -0.069476 -0.061003 -0.053769 -0.047646 -0.042605 -0.038411 -0.035197 -0.032585 -0.032426 -0.033204 -0.027848
-0.007779 -0.552733 -0.529951 -0.525713 -0.519143 -0.516254 -0.506032 -0.495910 -0.483707 -0.468975 -0.453016 -0.435443 -0.417363 -0.398916 -0.380790 -0.363298 -0.346760 -0.331351 -0.317149 -0.304149 -0.292171 -0.281054 -0.270504 -0.260294 -0.250126 -0.239857 -0.229039 -0.217762 -0.205821 -0.193234 -0.179992 -0.166213 -0.152100 -0.137824 -0.123925 -0.110640 -0.098282 -0.086953 -0.076783 -0.067766 -0.059887 -0.053096 -0.047299 -0.042486 -0.038464 -0.035391 -0.032818 -0.032673 -0.032909 -0.025560
-0.279521 -0.548553 -0.524385 -0.520227 -0.513980 -0.511189 -0.500511 -0.490237 -0.477268 -0.461287 -0.443618 -0.423928 -0.403662 -0.383079 -0.363038 -0.343932 -0.326177 -0.309967 -0.295366 -0.282383 -0.270696 -0.260118 -0.250230 -0.240765 -0.231349 -0.221754 -0.211700 -0.201101 -0.189874 -0.178083 -0.165844 -0.153251 -0.140521 -0.127822 -0.115470 -0.103648 -0.092589 -0.082406 -0.073186 -0.064954 -0.057701 -0.051406 -0.045995 -0.041481 -0.037683 -0.034774 -0.032339 -0.032202 -0.032390 -0.029366
-0.118900 -0.546312 -0.520939 -0.516646 -0.511032 -0.508091 -0.497341 -0.486642 -0.472899 -0.454832 -0.435477 -0.412615 -0.389844 -0.366412 -0.344070 -0.323130 -0.304031 -0.286948 -0.272066 -0.259286 -0.248175 -0.238457 -0.229552 -0.221144 -0.212743 -0.204088 -0.194884 -0.185044 -0.174530 -0.163536 -0.152161 -0.140579 -0.129012 -0.117550 -0.106476 -0.095902 -0.086015 -0.076882 -0.068581 -0.061134 -0.054540 -0.048782 -0.043820 -0.039634 -0.036137 -0.033401 -0.031169 -0.031041 -0.031042 -0.019935
-0.273793 -0.545499 -0.519092 -0.514825 -0.509367 -0.507449 -0.496494 -0.486504 -0.471608 -0.452498 -0.429828 -0.403540 -0.376778 -0.349760 -0.324329 -0.300890 -0.280020 -0.261975 -0.246771 -0.234563 -0.224359 -0.215939 -0.208417 -0.201464 -0.194392 -0.186744 -0.178689 -0.169568 -0.159614 -0.149078 -0.138484 -0.127730 -0.117211 -0.106883 -0.096986 -0.087558 -0.078757 -0.070618 -0.063208 -0.056542 -0.050615 -0.045427 -0.040930 -0.037156 -0.033942 -0.031471 -0.029380 -0.029278 -0.029014 -0.027663
-0.089256 -0.513570 -0.519232 -0.515227 -0.510518 -0.509291 -0.499034 -0.487947 -0.473292 -0.451827 -0.426595 -0.393491 -0.362601 -0.330743 -0.301867 -0.275655 -0.253085 -0.233887 -0.218886 -0.207541 -0.198893 -0.192364 -0.186774 -0.181765 -0.176381 -0.170244 -0.163172 -0.154777 -0.145214 -0.135333 -0.125106 -0.115032 -0.105307 -0.095848 -0.086918 -0.078489 -0.070681 -0.063500 -0.056951 -0.051078 -0.045851 -0.041214 -0.037272 -0.033779 -0.031057 -0.028691 -0.027002 -0.026906 -0.026641 -0.024189
-0.140110 -0.545382 -0.520766 -0.516586 -0.513022 -0.513851 -0.504430 -0.496791 -0.480319 -0.458682 -0.429841 -0.388210 -0.349661 -0.311600 -0.277789 -0.248087 -0.222840 -0.202501 -0.187128 -0.178037 -0.171540 -0.167692 -0.164681 -0.162287 -0.159105 -0.154438 -0.149072 -0.141166 -0.131479 -0.120836 -0.111374 -0.101635 -0.092899 -0.084395 -0.076505 -0.069070 -0.062252 -0.055973 -0.050281 -0.045176 -0.040612 -0.036573 -0.033105 -0.030318 -0.027667 -0.025886 -0.024208 -0.024037 -0.023305 -0.022037
-0.204070 -0.547874 -0.522954 -0.519113 -0.518312 -0.521914 -0.514825 -0.504913 -0.493394 -0.469658 -0.435923 -0.376975 -0.331743 -0.285808 -0.247444 -0.214383 -0.187542 -0.164795 -0.151297 -0.144203 -0.141604 -0.141709 -0.142222 -0.143238 -0.142702 -0.140819 -0.135922 -0.128122 -0.117593 -0.107898 -0.097596 -0.088221 -0.080044 -0.072259 -0.065115 -0.058593 -0.052725 -0.047460 -0.042563 -0.038326 -0.034559 -0.031043 -0.028295 -0.025686 -0.023733 -0.021970 -0.020757 -0.020663 -0.019340 -0.016806
-0.120256 -0.548132 -0.526145 -0.522771 -0.524021 -0.530838 -0.526570 -0.528278 -0.517902 -0.498171 -0.459559 -0.378710 -0.315728 -0.259848 -0.215040 -0.178028 -0.146185 -0.121722 -0.106551 -0.107486 -0.109388 -0.114628 -0.119642 -0.125153 -0.128230 -0.128432 -0.127199 -0.118875 -0.105895 -0.092694 -0.082838 -0.073856 -0.066590 -0.059813 -0.053956 -0.048498 -0.043647 -0.039167 -0.035248 -0.031730 -0.028433 -0.025902 -0.023288 -0.021542 -0.019557 -0.018513 -0.017331 -0.016924 -0.015293 -0.024681
-0.114868 -0.549544 -0.529022 -0.525818 -0.531185 -0.543574 -0.547136 -0.547187 -0.550777 -0.537567 -0.493203 -0.357358 -0.277685 -0.215053 -0.168476 -0.130742 -0.098597 -0.063160 -0.055789 -0.063016 -0.073771 -0.086685 -0.097606 -0.108753 -0.115597 -0.121741 -0.119015 -0.107369 -0.089940 -0.077934 -0.067222 -0.058151 -0.051217 -0.045089 -0.040437 -0.036204 -0.032529 -0.029172 -0.026250 -0.023611 -0.021312 -0.019245 -0.017517 -0.015998 -0.014767 -0.013733 -0.012958 -0.012666 -0.011393 -0.013295
-0.131873 -0.546057 -0.530785 -0.528057 -0.537518 -0.555453 -0.562678 -0.588301 -0.603161 -0.616216 -0.585002 -0.375731 -0.246158 -0.174284 -0.125697 -0.085166 -0.039093 -0.003638 0.011187 -0.015905 -0.036003 -0.057701 -0.076177 -0.094024 -0.105485 -0.117496 -0.126632 -0.111960 -0.085128 -0.062354 -0.049871 -0.043456 -0.037772 -0.033615 -0.029794 -0.026532 -0.023726 -0.021267 -0.019167 -0.017257 -0.015547 -0.014103 -0.012802 -0.011709 -0.010826 -0.010023 -0.009873 -0.008758 -0.008094 -0.008566
-0.131553 -0.518301 -0.528713 -0.526509 -0.540822 -0.563512 -0.587210 -0.612594 -0.662503 -0.724701 -0.469700 -0.228916 -0.107379 -0.093883 -0.058454 -0.028807 0.033486 0.096652 0.086109 0.038863 0.001317 -0.031392 -0.057723 -0.083047 -0.102232 -0.129596 -0.150149 -0.069467 -0.042647 -0.025471 -0.020317 -0.018376 -0.016664 -0.013700 -0.012266 -0.010673 -0.021943 -0.019527 -0.017281 -0.008055 -0.013948 -0.007030 -0.011048 -0.005888 -0.008842 -0.007753 -0.007354 -0.006052 -0.005145 -0.005477
-0.131104 -0.528961 -0.522800 -0.520619 -0.538733 -0.567574 -0.591912 -0.658252 -0.734725 -1.106889 -1.636079 0.294411 -0.030532 -0.008936 -0.032272 -0.012471 -0.298986 0.367866 0.176311 0.089496 0.034503 -0.007391 -0.041142 -0.070335 -0.101292 -0.132882 -0.214546 -0.342015 -0.015424 -0.049724 -0.033616 -0.013999 -0.009263 -0.008961 -0.007418 -0.007159 -0.006151 -0.005672 -0.005143 -0.004613 -0.004177 -0.003769 -0.003446 -0.003146 -0.002976 -0.002808 -0.002530 -0.001769 -0.000713 -0.000263
-0.146099 -0.497496 -0.509754 -0.507508 -0.528262 -0.554967 -0.596544 -0.651407 -0.735596 -0.975984 -1.080169 0.000000 0.000000 0.000000 0.000000 0.000000 0.244788 0.251312 0.172305 0.100119 0.046005 0.005109 -0.027920 -0.057811 -0.089573 -0.119802 -0.179094 -0.201358 0.000000 0.000000 0.000000 0.000000 0.000000 0.000000 0.000000 0.000000 0.000000 0.000000 0.000000 0.000000 0.000000 0.000000 0.000000 0.000000 0.000000 0.000000 0.000000 0.000000 0.000000 0.000000
-0.155756 -0.478296 -0.489640 -0.487782 -0.507105 -0.532783 -0.564697 -0.608885 -0.667703 -0.914310 -0.867632 0.000000 0.000000 0.000000 0.000000 0.000000 0.174474 0.136013 0.114705 0.083069 0.042573 0.010049 -0.020378 -0.045694 -0.074085 -0.098801 -0.149839 -0.121870 0.000000 0.000000 0.000000 0.000000 0.000000 0.000000 0.000000 0.000000 0.000000 0.000000 0.000000 0.000000 0.000000 0.000000 0.000000 0.000000 0.000000 0.000000 0.000000 0.000000 0.000000 0.000000
-0.140569 -0.453361 -0.463922 -0.462213 -0.481127 -0.503268 -0.532355 -0.567489 -0.609749 -0.713114 -0.730840 0.000000 0.000000 0.000000 0.000000 0.000000 0.105489 0.105874 0.093282 0.066751 0.037687 0.011012 -0.012841 -0.035838 -0.056839 -0.082354 -0.095285 -0.126849 0.000000 0.000000 0.000000 0.000000 0.000000 0.000000 0.000000 0.000000 0.000000 0.000000 0.000000 0.000000 0.000000 0.000000 0.000000 0.000000 0.000000 0.000000 0.000000 0.000000 0.000000 0.000000
-0.134045 -0.424177 -0.431544 -0.430433 -0.447851 -0.464941 -0.488623 -0.512932 -0.544569 -0.620785 -0.591590 0.000000 0.000000 0.000000 0.000000 0.000000 0.083512 0.083969 0.064166 0.050954 0.029722 0.009994 -0.009306 -0.026921 -0.044076 -0.062916 -0.071825 -0.067994 0.000000 0.000000 0.000000 0.000000 0.000000 0.000000 0.000000 0.000000 0.000000 0.000000 0.000000 0.000000 0.000000 0.000000 0.000000 0.000000 0.000000 0.000000 0.000000 0.000000 0.000000 0.000000
-0.092657 -0.387939 -0.395851 -0.394972 -0.411160 -0.424535 -0.443618 -0.462197 -0.482678 -0.495414 -0.511021 0.000000 0.000000 0.000000 0.000000 0.000000 0.056693 0.062550 0.049934 0.038634 0.024173 0.008642 -0.006203 -0.020465 -0.032865 -0.047531 -0.054719 -0.053503 0.000000 0.000000 0.000000 0.000000 0.000000 0.000000 0.000000 0.000000 0.000000 0.000000 0.000000 0.000000 0.000000 0.000000 0.000000 0.000000 0.000000 0.000000 0.000000 0.000000 0.000000 0.000000
-0.123427 -0.366156 -0.355625 -0.355953 -0.371348 -0.379977 -0.396068 -0.408251 -0.423983 -0.454626 -0.467858 0.000000 0.000000 0.000000 0.000000 0.000000 0.048042 0.053752 0.036010 0.028854 0.018104 0.006955 -0.004573 -0.015144 -0.025075 -0.035485 -0.038504 -0.046399 0.000000 0.000000 0.000000 0.000000 0.000000 0.000000 0.000000 0.000000 0.000000 0.000000 0.000000 0.000000 0.000000 0.000000 0.000000 0.000000 0.000000 0.000000 0.000000 0.000000 0.000000 0.000000
-0.004630 -0.308245 -0.313132 -0.314778 -0.329997 -0.334676 -0.348389 -0.355841 -0.367287 -0.400324 -0.374211 0.000000 0.000000 0.000000 0.000000 0.000000 0.030301 0.033612 0.027019 0.021638 0.014058 0.005575 -0.003029 -0.011225 -0.018519 -0.025883 -0.031673 -0.033199 0.000000 0.000000 0.000000 0.000000 0.000000 0.000000 0.000000 0.000000 0.000000 0.000000 0.000000 0.000000 0.000000 0.000000 0.000000 0.000000 0.000000 0.000000 0.000000 0.000000 0.000000 0.000000
-0.060216 -0.268454 -0.269494 -0.270813 -0.285695 -0.285858 -0.298998 -0.303992 -0.312804 -0.338428 -0.369843 0.000000 0.000000 0.000000 0.000000 0.000000 0.021550 0.024252 0.019779 0.015990 0.010444 0.004300 -0.002226 -0.008334 -0.013880 -0.019234 -0.023710 -0.024791 0.000000 0.000000 0.000000 0.000000 0.000000 0.000000 0.000000 0.000000 0.000000 0.000000 0.000000 0.000000 0.000000 0.000000 0.000000 0.000000 0.000000 0.000000 0.000000 0.000000 0.000000 0.000000
-0.049540 -0.222147 -0.223952 -0.227198 -0.240809 -0.239617 -0.251131 -0.251245 -0.258430 -0.282335 -0.248358 0.000000 0.000000 0.000000 0.000000 0.000000 0.015992 0.017840 0.014395 0.011693 0.007730 0.003240 -0.001481 -0.006008 -0.010062 -0.013488 -0.017535 -0.018361 0.000000 0.000000 0.000000 0.000000 0.000000 0.000000 0.000000 0.000000 0.000000 0.000000 0.000000 0.000000 0.000000 0.000000 0.000000 0.000000 0.000000 0.000000 0.000000 0.000000 0.000000 0.000000
-0.066549 -0.226441 -0.177876 -0.177784 -0.193422 -0.186632 -0.200709 -0.201934 -0.208158 -0.251963 -0.250172 0.000000 0.000000 0.000000 0.000000 0.000000 0.011820 0.012251 0.010398 0.008473 0.005630 0.002377 -0.001062 -0.004319 -0.007258 -0.009713 -0.012617 -0.013459 0.000000 0.000000 0.000000 0.000000 0.000000 0.000000 0.000000 0.000000 0.000000 0.000000 0.000000 0.000000 0.000000 0.000000 0.000000 0.000000 0.000000 0.000000 0.000000 0.000000 0.000000 0.000000
-0.042578 -0.131002 -0.172897 -0.127147 -0.147111 -0.138058 -0.147567 -0.145353 -0.152410 -0.175591 -0.142483 0.000000 0.000000 0.000000 0.000000 0.000000 0.009509 0.010412 0.006947 0.005679 0.003809 0.001624 -0.000682 -0.002874 -0.004900 -0.006229 -0.010047 -0.010018 0.000000 0.000000 0.000000 0.000000 0.000000 0.000000 0.000000 0.000000 0.000000 0.000000 0.000000 0.000000 0.000000 0.000000 0.000000 0.000000 0.000000 0.000000 0.000000 0.000000 0.000000 0.000000
-0.025978 -0.081647 -0.135649 -0.147890 -0.154601 -0.140055 -0.147020 -0.143132 -0.149504 -0.117400 -0.105316 0.000000 0.000000 0.000000 0.000000 0.000000 0.004715 0.005207 0.007115 0.005564 0.003673 0.001562 -0.000664 -0.002863 -0.004859 -0.006481 -0.005789 -0.005960 0.000000 0.000000 0.000000 0.000000 0.000000 0.000000 0.000000 0.000000 0.000000 0.000000 0.000000 0.000000 0.000000 0.000000 0.000000 0.000000 0.000000 0.000000 0.000000 0.000000 0.000000 0.000000
-0.003407 -0.056818 -0.043306 -0.063099 -0.056551 -0.041591 -0.069972 -0.072529 -0.054834 -0.071565 -0.060340 0.000000 0.000000 0.000000 0.000000 0.000000 0.004749 0.004156 0.003133 0.002862 0.001981 0.001595 0.000556 -0.000431 -0.002650 -0.002398 -0.004094 -0.004570 0.000000 0.000000 0.000000 0.000000 0.000000 0.000000 0.000000 0.000000 0.000000 0.000000 0.000000 0.000000 0.000000 0.000000 0.000000 0.000000 0.000000 0.000000 0.000000 0.000000 0.000000 0.000000
-0.007007 -0.023342 -0.005359 0.010499 -0.024633 -0.027154 -0.021644 -0.021739 0.004257 -0.010795 -0.007932 0.000000 0.000000 0.000000 0.000000 0.000000 0.000435 -0.000119 -0.000262 -0.000075 -0.000378 -0.000392 -0.000458 -0.000991 -0.000527 -0.000695 -0.000410 -0.000098 0.000000 0.000000 0.000000 0.000000 0.000000 0.000000 0.000000 0.000000 0.000000 0.000000 0.000000 0.000000 0.000000 0.000000 0.000000 0.000000 0.000000 0.000000 0.000000 0.000000 0.000000 0.000000
