0.278479 0.216145 0.100779 0.064993 0.054044 0.056530 0.017695 0.031439 0.026781 0.024860 0.013969 0.020013 0.012340 0.011631 -0.000680 0.022842 0.004918 0.004742 -0.001957 0.002985 -0.004079 0.002363 -0.000008 0.005676 -0.011323 0.004667 0.006086 0.003133 0.014530 0.005094 0.006286 0.013524 -0.003247 -0.013905 0.000000 0.000000 0.000000 0.000000 0.000000 0.000000 0.000000 0.000000 0.000000 0.000000 0.000000 0.000000 0.000000 0.000000 0.000000 0.000000
0.510697 0.331997 0.254112 0.133555 0.089347 0.075100 0.119257 0.042854 0.074199 0.025989 0.078163 0.016263 0.067248 0.062652 0.058345 0.055199 0.051048 0.049110 0.046302 0.045539 0.040133 0.038614 0.037173 0.035820 -0.009708 -0.013897 0.028549 0.012296 0.026190 -0.002130 -0.002034 0.009111 -0.005232 0.016852 0.000000 0.000000 0.000000 0.000000 0.000000 0.000000 0.000000 0.000000 0.000000 0.000000 0.000000 0.000000 0.000000 0.000000 0.000000 0.000000
0.517989 0.383740 0.277212 0.247622 0.254214 0.188441 0.180214 0.143952 0.131473 0.113339 0.102927 0.090858 0.082625 0.074301 0.067779 0.061360 0.055905 0.050598 0.045470 0.041055 0.037058 0.032844 0.029000 0.025055 0.022099 0.018686 0.015674 0.013174 0.009088 0.008247 0.003756 0.002540 -0.008166 0.014588 0.000000 0.000000 0.000000 0.000000 0.000000 0.000000 0.000000 0.000000 0.000000 0.000000 0.000000 0.000000 0.000000 0.000000 0.000000 0.000000
0.508766 0.392319 0.296474 0.266329 0.249934 0.189368 0.177044 0.143337 0.133758 0.112764 0.105305 0.091284 0.083990 0.075269 0.067625 0.063874 0.055902 0.052618 0.046108 0.041734 0.036829 0.032884 0.028901 0.025827 0.021555 0.019019 0.015309 0.011897 0.011492 0.006808 -0.002731 -0.004502 -0.005948 0.020856 0.000000 0.000000 0.000000 0.000000 0.000000 0.000000 0.000000 0.000000 0.000000 0.000000 0.000000 0.000000 0.000000 0.000000 0.000000 0.000000
0.503576 0.419332 0.317769 0.303393 0.295364 0.229198 0.217784 0.177749 0.164388 0.141871 0.132298 0.116035 0.107901 0.095739 0.089616 0.079380 0.072694 0.066464 0.059262 0.053935 0.048076 0.043433 0.037595 0.033552 0.028098 0.025102 0.019732 0.018950 0.011496 0.009504 0.009090 0.010219 -0.012831 -0.005027 0.000000 0.000000 0.000000 0.000000 0.000000 0.000000 0.000000 0.000000 0.000000 0.000000 0.000000 0.000000 0.000000 0.000000 0.000000 0.000000
0.508422 0.443885 0.346324 0.321295 0.309565 0.253240 0.236167 0.204973 0.188428 0.168439 0.154493 0.140312 0.128030 0.116203 0.107561 0.096712 0.090140 0.080752 0.072711 0.066176 0.060321 0.052909 0.047143 0.040638 0.035379 0.029502 0.024707 0.020094 0.013845 0.011121 0.007997 0.002633 -0.000125 0.013152 0.000000 0.000000 0.000000 0.000000 0.000000 0.000000 0.000000 0.000000 0.000000 0.000000 0.000000 0.000000 0.000000 0.000000 0.000000 0.000000
0.505722 0.463956 0.368626 0.347499 0.351325 0.285239 0.274671 0.234061 0.219483 0.193214 0.180144 0.161454 0.149474 0.136399 0.125370 0.114607 0.104803 0.095347 0.086698 0.078308 0.070401 0.062477 0.054860 0.047641 0.040750 0.034154 0.027975 0.021682 0.017065 0.013352 0.008732 0.007734 -0.006590 -0.007495 0.000000 0.000000 0.000000 0.000000 0.000000 0.000000 0.000000 0.000000 0.000000 0.000000 0.000000 0.000000 0.000000 0.000000 0.000000 0.000000
0.502606 0.468357 0.384931 0.361396 0.355653 0.299109 0.284395 0.253648 0.235472 0.215241 0.199016 0.182244 0.168874 0.154962 0.142943 0.130993 0.120040 0.109532 0.099563 0.089997 0.080825 0.071821 0.063074 0.054685 0.046524 0.038800 0.031390 0.024362 0.018411 0.013000 0.008373 0.003662 -0.003244 0.003473 0.000000 0.000000 0.000000 0.000000 0.000000 0.000000 0.000000 0.000000 0.000000 0.000000 0.000000 0.000000 0.000000 0.000000 0.000000 0.000000
0.502833 0.452043 0.397651 0.374458 0.384791 0.321158 0.315504 0.275904 0.262214 0.236539 0.220727 0.202438 0.187333 0.172538 0.159112 0.146275 0.134255 0.122730 0.111688 0.101028 0.090710 0.080609 0.070718 0.061100 0.051729 0.042723 0.034113 0.026033 0.018888 0.012690 0.007376 0.003659 -0.005763 -0.007671 0.000000 0.000000 0.000000 0.000000 0.000000 0.000000 0.000000 0.000000 0.000000 0.000000 0.000000 0.000000 0.000000 0.000000 0.000000 0.000000
0.513047 0.478237 0.408378 0.385096 0.391121 0.334473 0.325286 0.291748 0.276809 0.253422 0.237499 0.218788 0.203614 0.188166 0.174201 0.160625 0.147774 0.135347 0.123354 0.111689 0.100303 0.089095 0.078059 0.067196 0.056550 0.046163 0.036207 0.026706 0.018306 0.010600 0.005227 0.000642 -0.008865 -0.011326 0.000000 0.000000 0.000000 0.000000 0.000000 0.000000 0.000000 0.000000 0.000000 0.000000 0.000000 0.000000 0.000000 0.000000 0.000000 0.000000
0.510091 0.489485 0.416272 0.395073 0.408022 0.348139 0.345553 0.307854 0.295288 0.270236 0.254113 0.235108 0.219330 0.203394 0.188745 0.174493 0.160873 0.147629 0.134747 0.122124 0.109709 0.097408 0.085207 0.073082 0.061072 0.049244 0.037679 0.026769 0.016582 0.008067 0.001932 -0.002754 -0.001967 -0.003933 0.000000 0.000000 0.000000 0.000000 0.000000 0.000000 0.000000 0.000000 0.000000 0.000000 0.000000 0.000000 0.000000 0.000000 0.000000 0.000000
0.501829 0.487809 0.423555 0.402720 0.414341 0.359082 0.355850 0.321279 0.308939 0.284469 0.268714 0.249755 0.233879 0.217647 0.202574 0.187784 0.173524 0.159557 0.145867 0.132355 0.118969 0.105610 0.092268 0.078850 0.065457 0.051942 0.038741 0.025435 0.013731 0.001815 -0.003954 -0.011614 -0.017522 -0.008395 0.000000 0.000000 0.000000 0.000000 0.000000 0.000000 0.000000 0.000000 0.000000 0.000000 0.000000 0.000000 0.000000 0.000000 0.000000 0.000000
0.433593 0.491196 0.429117 0.410593 0.425690 0.369820 0.369091 0.334124 0.322362 0.298254 0.282710 0.263822 0.247819 0.231361 0.215923 0.200675 0.185853 0.171237 0.156810 0.142474 0.128171 0.113796 0.099317 0.084614 0.069697 0.054494 0.038973 0.023591 0.008021 -0.005513 -0.017083 -0.023198 -0.012164 -0.015810 0.000000 0.000000 0.000000 0.000000 0.000000 0.000000 0.000000 0.000000 0.000000 0.000000 0.000000 0.000000 0.000000 0.000000 0.000000 0.000000
0.510616 0.499505 0.435089 0.416065 0.430687 0.378324 0.378656 0.345173 0.334197 0.310839 0.295675 0.277039 0.261071 0.244514 0.228828 0.213219 0.197926 0.182745 0.167661 0.152577 0.137439 0.122125 0.106606 0.090664 0.074398 0.057277 0.039925 0.020793 0.002847 -0.019078 -0.033262 -0.053987 0.049089 0.141493 0.000000 0.000000 0.000000 0.000000 0.000000 0.000000 0.000000 0.000000 0.000000 0.000000 0.000000 0.000000 0.000000 0.000000 0.000000 0.000000
0.505939 0.501456 0.439873 0.420741 0.438240 0.386262 0.388241 0.355760 0.345613 0.322887 0.308140 0.289781 0.273904 0.257310 0.241446 0.225546 0.209852 0.194174 0.178503 0.162745 0.146844 0.130672 0.114166 0.097101 0.079372 0.060624 0.040374 0.018516 -0.007200 -0.035319 -0.073491 -0.117384 -0.312310 -0.736731 -0.310346 -0.183070 -0.142815 -0.106406 -0.082804 -0.071752 -0.058547 -0.059377 -0.046914 -0.031108 -0.030208 -0.024283 -0.014958 -0.014637 -0.005738 -0.001041
0.514064 0.504281 0.444553 0.426454 0.444382 0.394524 0.397226 0.365820 0.356401 0.334403 0.320123 0.302120 0.286411 0.269854 0.253881 0.237756 0.221727 0.205620 0.189435 0.173088 0.156532 0.139639 0.122352 0.104404 0.085754 0.065764 0.044461 0.020165 -0.006872 -0.041303 -0.083688 -0.146009 -0.268107 -0.266533 -0.211098 -0.165338 -0.147263 -0.126871 -0.104672 -0.086418 -0.071414 -0.060978 -0.048317 -0.039269 -0.031447 -0.025324 -0.018508 -0.013577 -0.007743 0.001273
0.508302 0.506765 0.448609 0.430935 0.450124 0.401596 0.405569 0.375345 0.366809 0.345582 0.331842 0.314249 0.298760 0.282292 0.266262 0.249962 0.233647 0.217162 0.200522 0.183656 0.166528 0.149023 0.131082 0.112460 0.093083 0.072405 0.050329 0.025560 -0.001834 -0.035071 -0.073032 -0.126499 -0.178757 -0.197632 -0.173800 -0.148274 -0.124178 -0.103105 -0.085581 -0.070797 -0.058566 -0.048268 -0.039472 -0.032048 -0.025303 -0.019775 -0.013929 -0.014294 -0.006595 -0.002212
0.507343 0.500600 0.452519 0.436063 0.455819 0.409086 0.413951 0.384792 0.377068 0.356630 0.343453 0.326315 0.311092 0.294756 0.278708 0.262270 0.245706 0.228885 0.211839 0.194521 0.176914 0.158932 0.140534 0.121519 0.101845 0.081065 0.059210 0.035341 0.009632 -0.018978 -0.050251 -0.083398 -0.120058 -0.143591 -0.137215 -0.122800 -0.105206 -0.089819 -0.075647 -0.063769 -0.053243 -0.044343 -0.036458 -0.029711 -0.023529 -0.018335 -0.013102 -0.012833 -0.007225 0.001098
0.508979 0.509606 0.456816 0.439689 0.460115 0.415540 0.421742 0.393934 0.387182 0.367635 0.355091 0.338467 0.323553 0.307385 0.291344 0.274787 0.257989 0.240850 0.223423 0.205690 0.187658 0.169273 0.150517 0.131240 0.111415 0.090719 0.069187 0.046337 0.022028 -0.004142 -0.030769 -0.058533 -0.084050 -0.095755 -0.095334 -0.090190 -0.082220 -0.072398 -0.062947 -0.053873 -0.045698 -0.038432 -0.031752 -0.026181 -0.020620 -0.016344 -0.011555 -0.011341 -0.006335 -0.002924
0.508465 0.510990 0.460636 0.443231 0.465079 0.422263 0.429863 0.403238 0.397442 0.378818 0.366940 0.350877 0.336302 0.320325 0.304298 0.287622 0.270585 0.253122 0.235315 0.217183 0.198765 0.180048 0.161043 0.141662 0.121911 0.101568 0.080795 0.059241 0.037114 0.014190 -0.008700 -0.030049 -0.050223 -0.063345 -0.067153 -0.066110 -0.061752 -0.056048 -0.049634 -0.043405 -0.037350 -0.031831 -0.026636 -0.022002 -0.017616 -0.013749 -0.009947 -0.009631 -0.006308 0.003755
0.508452 0.506212 0.464409 0.447202 0.470690 0.429342 0.438281 0.412750 0.407985 0.390329 0.379177 0.363718 0.349511 0.333736 0.317712 0.300889 0.283577 0.265751 0.247530 0.228976 0.210163 0.191123 0.171896 0.152446 0.132802 0.112854 0.092696 0.072184 0.051622 0.030945 0.010736 -0.007778 -0.023885 -0.034922 -0.040652 -0.042855 -0.042383 -0.039998 -0.036658 -0.032779 -0.028748 -0.024851 -0.020982 -0.017590 -0.013996 -0.011237 -0.008023 -0.007800 -0.005502 -0.000537
0.507065 0.508715 0.468218 0.451765 0.476555 0.436516 0.446616 0.422520 0.418836 0.402306 0.391967 0.377173 0.363366 0.347782 0.331735 0.314709 0.297052 0.278787 0.260080 0.241044 0.221798 0.202419 0.182981 0.163496 0.144013 0.124521 0.105017 0.085574 0.066358 0.047603 0.029595 0.013030 -0.001425 -0.012437 -0.019522 -0.023598 -0.025209 -0.025195 -0.024018 -0.022219 -0.019997 -0.017659 -0.015193 -0.012870 -0.010452 -0.008216 -0.006027 -0.005828 -0.004865 0.001551
0.503265 0.523735 0.471333 0.456262 0.482217 0.444109 0.455643 0.432818 0.430352 0.414996 0.405562 0.391497 0.378099 0.362688 0.346543 0.329226 0.311105 0.292278 0.272963 0.253337 0.233571 0.213789 0.194098 0.174545 0.155192 0.136093 0.117135 0.098520 0.080352 0.062835 0.046272 0.031267 0.017899 0.007250 -0.000630 -0.006157 -0.009648 -0.011544 -0.012281 -0.012200 -0.011554 -0.010591 -0.009375 -0.008121 -0.006727 -0.005442 -0.003929 -0.003806 -0.003873 0.001250
0.506431 0.526327 0.473682 0.459590 0.487066 0.451218 0.464123 0.443411 0.442372 0.428517 0.420138 0.406930 0.393958 0.378684 0.362335 0.344581 0.325831 0.306261 0.286160 0.265789 0.245374 0.225094 0.205089 0.185429 0.166184 0.147445 0.128990 0.111105 0.093808 0.077252 0.061668 0.047439 0.034816 0.024146 0.015590 0.009026 0.004250 0.000886 -0.001336 -0.002712 -0.003438 -0.003727 -0.003666 -0.003423 -0.002974 -0.002516 -0.001865 -0.001816 -0.003383 0.000982
0.500529 0.531555 0.477620 0.464540 0.494736 0.459258 0.473977 0.454862 0.455430 0.443179 0.436050 0.423812 0.411287 0.396089 0.379392 0.360990 0.341366 0.320795 0.299653 0.278310 0.257066 0.236151 0.215742 0.195916 0.176742 0.158318 0.140310 0.123042 0.106446 0.090609 0.075706 0.061987 0.049679 0.039010 0.030042 0.022691 0.016800 0.012214 0.008708 0.006086 0.004162 0.002767 0.001783 0.001099 0.000639 0.000356 0.000191 0.000166 -0.002652 0.000740
0.397885 0.535411 0.481592 0.469813 0.500983 0.467799 0.483532 0.467035 0.469481 0.459225 0.453640 0.442564 0.430464 0.415240 0.397934 0.378591 0.357783 0.335871 0.313357 0.290758 0.268456 0.246743 0.225831 0.205789 0.186672 0.168556 0.150994 0.134300 0.118306 0.103039 0.088626 0.075231 0.063011 0.052162 0.042734 0.034705 0.027982 0.022434 0.017902 0.014228 0.011261 0.008877 0.006947 0.005404 0.004101 0.003099 0.002117 0.002043 -0.001936 0.001321
0.476438 0.537905 0.485887 0.474408 0.507128 0.475833 0.493527 0.479706 0.484499 0.476874 0.473375 0.463619 0.452105 0.436691 0.418520 0.397844 0.375345 0.351604 0.327230 0.302964 0.279312 0.256595 0.235072 0.214776 0.195741 0.177993 0.160940 0.144852 0.129446 0.114617 0.100512 0.087275 0.075040 0.063967 0.054101 0.045463 0.037987 0.031597 0.026167 0.021588 0.017724 0.014481 0.011710 0.009404 0.007329 0.005677 0.003969 0.003837 -0.000894 -0.001821
0.395814 0.537718 0.489472 0.477399 0.511446 0.483440 0.503011 0.493105 0.500220 0.496469 0.495576 0.488143 0.476686 0.460873 0.441273 0.418742 0.393996 0.367836 0.341004 0.314624 0.289257 0.265337 0.243116 0.222573 0.203702 0.186395 0.170028 0.154644 0.139807 0.125399 0.111572 0.098371 0.086028 0.074667 0.064341 0.055123 0.046957 0.039822 0.033608 0.028233 0.023588 0.019578 0.016077 0.013065 0.010304 0.008038 0.005663 0.005478 -0.000026 -0.001068
0.472055 0.522475 0.492852 0.480163 0.517255 0.490789 0.513591 0.506731 0.518645 0.517128 0.522187 0.516849 0.505781 0.489088 0.467328 0.442142 0.414315 0.384866 0.354625 0.325336 0.297896 0.272498 0.249511 0.228769 0.210230 0.193702 0.178308 0.163921 0.149934 0.135743 0.121860 0.108549 0.095890 0.084197 0.073426 0.063685 0.054918 0.047138 0.040236 0.034173 0.028831 0.024152 0.019945 0.016343 0.012966 0.010152 0.007202 0.007012 0.001071 -0.001051
0.510672 0.533815 0.495052 0.480834 0.519459 0.496309 0.521695 0.520603 0.535223 0.543282 0.553978 0.552114 0.539370 0.521265 0.496126 0.467328 0.435769 0.402052 0.367347 0.334586 0.304377 0.277399 0.253668 0.232925 0.215016 0.199431 0.185655 0.172600 0.159243 0.145352 0.131873 0.118174 0.105216 0.093052 0.081710 0.071378 0.061962 0.053568 0.046039 0.039341 0.033420 0.028141 0.023402 0.019279 0.015358 0.012079 0.008617 0.008398 0.001766 -0.000668
0.539138 0.531573 0.496007 0.482251 0.525795 0.501145 0.532004 0.531633 0.556293 0.570245 0.593218 0.596767 0.582338 0.560694 0.530552 0.497190 0.460125 0.420713 0.379104 0.341476 0.308239 0.279280 0.254856 0.234291 0.217353 0.203836 0.192234 0.181510 0.169705 0.155648 0.141233 0.127060 0.113455 0.100676 0.088775 0.077929 0.068011 0.059104 0.051007 0.043854 0.037350 0.031551 0.026406 0.021708 0.017402 0.013639 0.009800 0.009506 0.002625 0.001366
0.501056 0.530182 0.495418 0.480288 0.523463 0.502225 0.531835 0.542685 0.575097 0.600811 0.645276 0.655233 0.630904 0.603732 0.565677 0.526438 0.485254 0.438298 0.387266 0.344083 0.307219 0.276728 0.252068 0.232398 0.217097 0.205546 0.198241 0.190865 0.179053 0.164918 0.151144 0.136198 0.122000 0.108054 0.095343 0.083726 0.073220 0.063685 0.055131 0.047517 0.040533 0.034453 0.028772 0.023862 0.019074 0.015076 0.010777 0.010585 0.003278 -0.002159
0.501425 0.526919 0.491847 0.475931 0.523067 0.497751 0.536933 0.540104 0.584982 0.626516 0.698186 0.736838 0.698183 0.658952 0.611223 0.566072 0.515738 0.458790 0.395051 0.342258 0.301754 0.268880 0.244222 0.225724 0.211914 0.204754 0.203609 0.202423 0.195557 0.178867 0.160077 0.143593 0.127502 0.113449 0.100094 0.088251 0.077268 0.067416 0.058535 0.050474 0.043277 0.036769 0.030823 0.025545 0.020463 0.016173 0.011605 0.011351 0.003855 -0.002207
0.515483 0.523761 0.486428 0.469668 0.514175 0.489352 0.518059 0.537721 0.588331 0.646789 0.761923 0.871732 0.766888 0.701006 0.642211 0.591579 0.547817 0.473621 0.389323 0.327159 0.285286 0.253213 0.229750 0.214241 0.202419 0.198841 0.209380 0.219187 0.207610 0.186202 0.169581 0.150979 0.133874 0.118042 0.103767 0.091080 0.079686 0.069500 0.060300 0.052090 0.044650 0.037974 0.031856 0.026433 0.021192 0.016808 0.011979 0.012270 0.004964 -0.000089
0.515431 0.512581 0.476117 0.459055 0.503074 0.468374 0.503237 0.501014 0.556988 0.714464 1.099118 0.986518 0.798181 0.765288 0.709423 0.649238 0.611029 0.456589 0.367096 0.295917 0.259714 0.228904 0.208195 0.195681 0.181525 0.185567 0.166062 0.255514 0.216139 0.202301 0.177984 0.155677 0.138133 0.122299 0.107999 0.094601 0.084820 0.073942 0.064342 0.059243 0.047756 0.043645 0.034358 0.031032 0.025811 0.020432 0.015580 0.010617 0.007972 0.000443
0.506624 0.514956 0.464318 0.446791 0.483453 0.444817 0.457238 0.465165 0.497272 0.446649 0.283085 0.645440 0.817745 0.823444 0.750407 0.700747 0.153775 0.193623 0.279032 0.238796 0.215246 0.196107 0.178466 0.167309 0.151495 0.154784 0.128331 0.075396 0.264020 0.213168 0.176516 0.158471 0.136525 0.121087 0.105529 0.093004 0.081233 0.070926 0.061585 0.053217 0.045662 0.038857 0.032636 0.027087 0.021695 0.017272 0.012277 0.011096 0.004860 0.001276
0.518770 0.501754 0.447851 0.430034 0.461995 0.406184 0.413413 0.381388 0.349033 0.315696 0.106582 0.000000 0.000000 0.000000 0.000000 0.000000 -0.002276 0.017253 0.160533 0.164266 0.163140 0.154827 0.144811 0.135241 0.118210 0.106899 0.104697 0.018668 0.000000 0.000000 0.000000 0.000000 0.000000 0.000000 0.000000 0.000000 0.000000 0.000000 0.000000 0.000000 0.000000 0.000000 0.000000 0.000000 0.000000 0.000000 0.000000 0.000000 0.000000 0.000000
0.507710 0.496578 0.433073 0.415602 0.441042 0.377937 0.375221 0.324721 0.283834 0.118119 0.005652 0.000000 0.000000 0.000000 0.000000 0.000000 0.016828 0.009468 0.090303 0.111341 0.121641 0.121081 0.115347 0.106626 0.090972 0.060318 0.066128 0.004850 0.000000 0.000000 0.000000 0.000000 0.000000 0.000000 0.000000 0.000000 0.000000 0.000000 0.000000 0.000000 0.000000 0.000000 0.000000 0.000000 0.000000 0.000000 0.000000 0.000000 0.000000 0.000000
0.508524 0.491508 0.418859 0.401123 0.420662 0.349898 0.337558 0.280524 0.230782 0.133884 0.004405 0.000000 0.000000 0.000000 0.000000 0.000000 0.003438 0.008631 0.062493 0.078302 0.090473 0.091905 0.089514 0.082515 0.068951 0.044950 0.028955 -0.000988 0.000000 0.000000 0.000000 0.000000 0.000000 0.000000 0.000000 0.000000 0.000000 0.000000 0.000000 0.000000 0.000000 0.000000 0.000000 0.000000 0.000000 0.000000 0.000000 0.000000 0.000000 0.000000
0.505730 0.488660 0.406328 0.389726 0.404226 0.327884 0.311674 0.247495 0.199444 0.107508 -0.004360 0.000000 0.000000 0.000000 0.000000 0.000000 0.000529 0.003817 0.040111 0.056110 0.066734 0.069959 0.068794 0.063289 0.052492 0.030564 0.020964 0.000007 0.000000 0.000000 0.000000 0.000000 0.000000 0.000000 0.000000 0.000000 0.000000 0.000000 0.000000 0.000000 0.000000 0.000000 0.000000 0.000000 0.000000 0.000000 0.000000 0.000000 0.000000 0.000000
0.501755 0.490081 0.396553 0.379781 0.389442 0.310196 0.290074 0.224681 0.176969 0.109819 0.011130 0.000000 0.000000 0.000000 0.000000 0.000000 0.007501 0.006695 0.029139 0.040078 0.049733 0.052639 0.052453 0.048574 0.040121 0.024622 0.016038 0.001157 0.000000 0.000000 0.000000 0.000000 0.000000 0.000000 0.000000 0.000000 0.000000 0.000000 0.000000 0.000000 0.000000 0.000000 0.000000 0.000000 0.000000 0.000000 0.000000 0.000000 0.000000 0.000000
0.507867 0.485427 0.386855 0.370755 0.377863 0.296435 0.274549 0.208419 0.161626 0.061536 0.002298 0.000000 0.000000 0.000000 0.000000 0.000000 0.006175 0.003512 0.020439 0.029637 0.036732 0.039872 0.039627 0.036912 0.030047 0.017726 0.006119 0.001709 0.000000 0.000000 0.000000 0.000000 0.000000 0.000000 0.000000 0.000000 0.000000 0.000000 0.000000 0.000000 0.000000 0.000000 0.000000 0.000000 0.000000 0.000000 0.000000 0.000000 0.000000 0.000000
0.512760 0.479711 0.380264 0.367100 0.369115 0.287236 0.262270 0.196764 0.151140 0.080395 0.018977 0.000000 0.000000 0.000000 0.000000 0.000000 0.004522 0.003909 0.015041 0.021953 0.027468 0.030089 0.030173 0.028173 0.023255 0.013903 0.009767 -0.000058 0.000000 0.000000 0.000000 0.000000 0.000000 0.000000 0.000000 0.000000 0.000000 0.000000 0.000000 0.000000 0.000000 0.000000 0.000000 0.000000 0.000000 0.000000 0.000000 0.000000 0.000000 0.000000
0.501223 0.481147 0.373333 0.364342 0.361549 0.281079 0.254121 0.189527 0.144547 0.076276 -0.009271 0.000000 0.000000 0.000000 0.000000 0.000000 0.003452 0.002882 0.011082 0.016435 0.020672 0.022914 0.022903 0.021550 0.017495 0.010434 0.007487 -0.000105 0.000000 0.000000 0.000000 0.000000 0.000000 0.000000 0.000000 0.000000 0.000000 0.000000 0.000000 0.000000 0.000000 0.000000 0.000000 0.000000 0.000000 0.000000 0.000000 0.000000 0.000000 0.000000
0.500702 0.470954 0.370253 0.361802 0.353947 0.275625 0.245592 0.183114 0.138258 0.072460 0.021637 0.000000 0.000000 0.000000 0.000000 0.000000 0.002630 0.002247 0.008438 0.012445 0.015725 0.017459 0.017701 0.016547 0.013510 0.009630 0.005710 -0.000040 0.000000 0.000000 0.000000 0.000000 0.000000 0.000000 0.000000 0.000000 0.000000 0.000000 0.000000 0.000000 0.000000 0.000000 0.000000 0.000000 0.000000 0.000000 0.000000 0.000000 0.000000 0.000000
0.507479 0.471460 0.370190 0.368574 0.350237 0.282754 0.244200 0.182533 0.135725 0.019411 -0.006253 0.000000 0.000000 0.000000 0.000000 0.000000 -0.000010 0.000243 0.006386 0.009650 0.012218 0.013657 0.013795 0.013020 0.010680 0.007542 0.004341 -0.000042 0.000000 0.000000 0.000000 0.000000 0.000000 0.000000 0.000000 0.000000 0.000000 0.000000 0.000000 0.000000 0.000000 0.000000 0.000000 0.000000 0.000000 0.000000 0.000000 0.000000 0.000000 0.000000
0.513935 0.444784 0.364267 0.344831 0.332389 0.267677 0.232693 0.180155 0.130147 0.065799 0.007703 0.000000 0.000000 0.000000 0.000000 0.000000 0.001046 0.000563 0.005209 0.007588 0.009671 0.010740 0.010882 0.010267 0.008362 0.006793 0.002053 0.000390 0.000000 0.000000 0.000000 0.000000 0.000000 0.000000 0.000000 0.000000 0.000000 0.000000 0.000000 0.000000 0.000000 0.000000 0.000000 0.000000 0.000000 0.000000 0.000000 0.000000 0.000000 0.000000
0.506552 0.407970 0.379762 0.345255 0.330451 0.272185 0.232413 0.177747 0.130054 0.055382 0.004786 0.000000 0.000000 0.000000 0.000000 0.000000 -0.000198 0.000073 0.004692 0.007569 0.009486 0.010657 0.010837 0.010169 0.008167 0.006223 0.001190 0.000385 0.000000 0.000000 0.000000 0.000000 0.000000 0.000000 0.000000 0.000000 0.000000 0.000000 0.000000 0.000000 0.000000 0.000000 0.000000 0.000000 0.000000 0.000000 0.000000 0.000000 0.000000 0.000000
0.493527 0.426978 0.389739 0.352671 0.314247 0.276361 0.205305 0.156287 0.117933 0.054290 0.003072 0.000000 0.000000 0.000000 0.000000 0.000000 0.001152 0.000373 0.005103 0.007196 0.008675 0.009563 0.009444 0.008294 0.008046 0.004831 0.001750 -0.000467 0.000000 0.000000 0.000000 0.000000 0.000000 0.000000 0.000000 0.000000 0.000000 0.000000 0.000000 0.000000 0.000000 0.000000 0.000000 0.000000 0.000000 0.000000 0.000000 0.000000 0.000000 0.000000
0.521012 0.389079 0.353033 0.393023 0.318156 0.258892 0.220282 0.150032 0.096411 0.064135 0.009116 0.000000 0.000000 0.000000 0.000000 0.000000 0.000582 0.003201 0.003741 0.006306 0.007253 0.007729 0.007550 0.006488 0.005529 0.003791 0.001894 0.000367 0.000000 0.000000 0.000000 0.000000 0.000000 0.000000 0.000000 0.000000 0.000000 0.000000 0.000000 0.000000 0.000000 0.000000 0.000000 0.000000 0.000000 0.000000 0.000000 0.000000 0.000000 0.000000
