-1.416434 -1.116620 -1.099399 -0.979871 -0.885125 -0.826058 -0.714657 -0.686028 -0.671767 -0.576722 -0.567612 -0.556822 -0.526958 -0.471559 -0.438503 -0.409221 -0.381790 -0.367567 -0.357977 -0.353356 -0.302240 -0.304864 -0.266593 -0.256823 -0.245097 -0.231601 -0.239016 -0.235703 -0.200389 -0.211517 -0.203783 -0.165833 -0.155101 -0.146386 -0.138426 -0.125412 -0.128180 -0.105670 -0.099063 -0.097879 -0.084808 -0.079894 -0.080966 -0.077563 -0.071059 -0.067683 -0.065092 -0.072211 -0.061742 -0.078995
-0.387638 -1.010186 -0.926737 -0.842695 -0.807627 -0.750540 -0.726647 -0.651319 -0.611121 -0.573541 -0.541881 -0.541504 -0.477567 -0.476498 -0.446314 -0.421676 -0.395981 -0.374629 -0.353033 -0.333933 -0.346110 -0.303807 -0.288140 -0.270659 -0.263118 -0.251868 -0.241366 -0.231248 -0.220088 -0.209857 -0.197710 -0.185718 -0.174018 -0.164441 -0.152486 -0.141529 -0.129406 -0.119253 -0.110579 -0.102735 -0.096045 -0.089920 -0.090668 -0.079805 -0.080656 -0.072575 -0.069779 -0.066172 -0.076602 -0.069410
-0.299198 -0.939584 -0.864492 -0.802542 -0.807416 -0.769596 -0.720705 -0.682886 -0.643386 -0.608582 -0.574777 -0.542687 -0.512414 -0.482486 -0.454473 -0.426869 -0.401743 -0.378182 -0.357256 -0.338328 -0.321875 -0.306797 -0.293699 -0.281247 -0.270178 -0.259288 -0.249145 -0.238744 -0.228658 -0.217865 -0.207222 -0.195703 -0.184203 -0.171529 -0.159755 -0.147040 -0.136009 -0.119365 -0.108545 -0.106655 -0.099357 -0.092792 -0.087127 -0.082849 -0.078564 -0.076154 -0.074769 -0.073261 -0.074527 -0.064618
-0.201297 -0.880733 -0.825040 -0.840780 -0.781336 -0.743255 -0.692027 -0.658677 -0.616870 -0.587938 -0.551577 -0.525297 -0.488676 -0.466233 -0.430523 -0.411301 -0.379199 -0.363627 -0.336640 -0.324999 -0.303113 -0.294701 -0.276703 -0.270254 -0.254962 -0.249158 -0.235286 -0.229401 -0.215863 -0.209283 -0.195787 -0.187523 -0.173466 -0.164587 -0.150023 -0.140823 -0.127631 -0.122758 -0.113061 -0.101657 -0.093721 -0.088018 -0.083433 -0.078023 -0.075517 -0.072021 -0.070529 -0.069632 -0.073814 -0.068725
-0.006646 -0.809489 -0.817787 -0.796973 -0.764253 -0.720453 -0.696644 -0.647879 -0.629995 -0.586443 -0.568481 -0.529880 -0.502691 -0.477802 -0.442516 -0.421758 -0.388872 -0.372084 -0.344790 -0.332645 -0.311198 -0.302930 -0.285377 -0.279394 -0.264324 -0.259159 -0.245368 -0.239987 -0.226478 -0.220224 -0.206258 -0.198260 -0.183413 -0.173431 -0.157397 -0.147119 -0.132306 -0.123525 -0.111285 -0.104717 -0.095383 -0.090817 -0.083837 -0.081282 -0.075422 -0.075244 -0.070121 -0.071676 -0.071398 -0.062418
-0.010380 -0.754741 -0.754629 -0.742573 -0.711017 -0.684672 -0.651488 -0.626451 -0.593574 -0.570887 -0.539849 -0.514821 -0.487949 -0.458695 -0.430618 -0.401333 -0.375232 -0.350819 -0.330926 -0.313128 -0.299457 -0.286786 -0.276767 -0.266670 -0.258655 -0.249228 -0.242063 -0.232481 -0.224801 -0.214726 -0.205205 -0.193236 -0.181731 -0.167181 -0.154070 -0.138846 -0.126647 -0.113964 -0.104737 -0.095398 -0.088997 -0.082359 -0.078254 -0.073513 -0.071088 -0.067897 -0.066700 -0.067129 -0.068702 -0.062082
-0.171488 -0.745163 -0.712598 -0.707534 -0.687581 -0.658046 -0.640942 -0.605572 -0.591817 -0.558225 -0.542484 -0.513286 -0.489048 -0.460189 -0.427242 -0.398426 -0.365176 -0.345015 -0.319617 -0.308084 -0.292526 -0.284473 -0.273606 -0.267221 -0.258406 -0.251980 -0.244670 -0.237069 -0.229462 -0.221111 -0.211029 -0.200193 -0.187014 -0.171928 -0.155139 -0.138618 -0.122727 -0.111330 -0.100086 -0.092280 -0.084924 -0.079659 -0.074689 -0.071234 -0.067918 -0.065745 -0.064005 -0.064201 -0.065470 -0.056944
-0.005987 -0.669629 -0.669469 -0.664635 -0.643906 -0.626851 -0.605456 -0.589095 -0.565355 -0.548691 -0.526409 -0.504197 -0.480049 -0.448999 -0.420840 -0.381376 -0.352072 -0.323002 -0.304065 -0.288909 -0.279290 -0.270871 -0.265391 -0.259145 -0.254621 -0.248958 -0.243760 -0.237306 -0.231005 -0.222447 -0.214122 -0.201519 -0.189530 -0.170372 -0.153824 -0.131769 -0.116872 -0.102299 -0.092179 -0.083365 -0.077190 -0.071862 -0.068114 -0.064954 -0.062634 -0.060914 -0.059430 -0.059481 -0.061005 -0.072736
-0.149820 -0.628630 -0.634192 -0.630574 -0.617202 -0.602406 -0.590384 -0.570345 -0.557896 -0.538643 -0.522616 -0.502041 -0.479981 -0.450299 -0.415701 -0.368540 -0.331485 -0.302885 -0.279755 -0.271919 -0.264370 -0.261188 -0.258243 -0.255444 -0.252557 -0.249004 -0.245263 -0.240542 -0.235430 -0.228702 -0.221028 -0.209874 -0.197030 -0.175943 -0.154419 -0.124816 -0.107387 -0.091606 -0.081405 -0.074256 -0.068705 -0.064869 -0.061757 -0.059486 -0.057576 -0.056286 -0.055202 -0.055242 -0.056720 -0.048226
-0.006973 -0.590720 -0.600002 -0.597969 -0.583939 -0.575767 -0.562408 -0.552747 -0.538398 -0.527796 -0.513976 -0.498423 -0.479324 -0.451432 -0.418702 -0.349389 -0.306339 -0.270421 -0.252659 -0.247481 -0.246376 -0.247114 -0.249152 -0.248981 -0.249092 -0.247525 -0.245856 -0.242893 -0.239651 -0.234666 -0.228949 -0.219012 -0.206239 -0.183093 -0.153228 -0.115305 -0.093634 -0.077801 -0.069360 -0.062802 -0.058984 -0.056042 -0.054105 -0.052612 -0.051511 -0.050757 -0.050174 -0.050150 -0.045670 -0.042048
-0.004988 -0.554552 -0.569298 -0.566813 -0.558416 -0.551497 -0.544474 -0.536328 -0.528124 -0.520365 -0.511373 -0.502265 -0.489141 -0.468371 -0.428039 -0.321119 -0.264263 -0.224913 -0.206944 -0.215032 -0.221282 -0.233133 -0.241235 -0.244419 -0.247423 -0.247771 -0.248074 -0.246932 -0.245901 -0.243187 -0.240726 -0.233051 -0.223772 -0.196193 -0.156836 -0.092271 -0.070129 -0.056688 -0.051618 -0.048428 -0.047017 -0.046378 -0.045872 -0.045663 -0.045400 -0.045273 -0.045080 -0.045157 -0.040992 -0.056195
-0.012768 -0.528213 -0.539677 -0.537620 -0.529594 -0.527062 -0.520967 -0.517322 -0.512400 -0.509661 -0.506574 -0.506665 -0.502255 -0.536193 -0.601224 -0.109767 -0.117901 -0.071740 -0.068844 -0.144246 -0.186364 -0.221299 -0.236111 -0.240747 -0.246354 -0.248382 -0.250421 -0.251224 -0.252353 -0.253139 -0.254350 -0.252490 -0.253790 -0.248042 -0.066688 -0.029820 0.020437 -0.030848 -0.031838 -0.033542 -0.035154 -0.036543 -0.037664 -0.038498 -0.039083 -0.039583 -0.039800 -0.039928 -0.036368 -0.049029
-0.189954 -0.531635 -0.511109 -0.508841 -0.504277 -0.503266 -0.500725 -0.499605 -0.498340 -0.500755 -0.505759 -0.519840 -0.538498 -0.730693 -1.156512 0.181445 -0.020966 -0.006865 -0.029883 -0.189459 -0.209162 -0.219332 -0.236364 -0.241324 -0.247941 -0.250567 -0.253828 -0.256078 -0.259535 -0.263642 -0.270828 -0.280685 -0.294984 -0.393049 -0.585890 0.260072 0.102023 0.006495 -0.007052 -0.016373 -0.022276 -0.026593 -0.029395 -0.031554 -0.033006 -0.034019 -0.034812 -0.034917 -0.033779 -0.040543
-0.108488 -0.500151 -0.483494 -0.481152 -0.477643 -0.478589 -0.477727 -0.478303 -0.479970 -0.486195 -0.496367 -0.519255 -0.550690 -0.679834 -0.923342 0.000000 0.000000 0.000000 0.000000 -0.211201 -0.219561 -0.227397 -0.238374 -0.245213 -0.250399 -0.253681 -0.257003 -0.260225 -0.264847 -0.271140 -0.281587 -0.296891 -0.322476 -0.375750 -0.498753 0.152916 0.104737 0.031326 0.010510 -0.003022 -0.012153 -0.018038 -0.022290 -0.025236 -0.027250 -0.028890 -0.030007 -0.030110 -0.029473 -0.029817
-0.098191 -0.473629 -0.455910 -0.453592 -0.451543 -0.453402 -0.453782 -0.454907 -0.457957 -0.463869 -0.475465 -0.492766 -0.522842 -0.569943 -0.555191 0.000000 0.000000 0.000000 0.000000 -0.222030 -0.237477 -0.234284 -0.246037 -0.250097 -0.254445 -0.257068 -0.259922 -0.263141 -0.267678 -0.274197 -0.284032 -0.298270 -0.317971 -0.345696 -0.355863 0.090573 0.086062 0.032442 0.014068 0.002626 -0.006009 -0.012062 -0.016621 -0.019963 -0.022464 -0.024220 -0.025598 -0.025716 -0.025449 -0.032228
-0.005699 -0.444607 -0.428907 -0.427102 -0.425022 -0.427070 -0.428204 -0.429222 -0.432262 -0.437339 -0.447106 -0.459616 -0.481483 -0.507346 -0.509524 0.000000 0.000000 0.000000 0.000000 -0.254538 -0.249107 -0.251187 -0.252543 -0.258457 -0.258800 -0.260997 -0.262215 -0.264797 -0.268435 -0.273728 -0.282104 -0.292006 -0.305316 -0.320849 -0.281454 0.053997 0.049723 0.030137 0.016411 0.006963 -0.001510 -0.007213 -0.012044 -0.015442 -0.018100 -0.020095 -0.021579 -0.021718 -0.022574 -0.027844
-0.097486 -0.414198 -0.401946 -0.400115 -0.398652 -0.400515 -0.401537 -0.401507 -0.403508 -0.406613 -0.412707 -0.421007 -0.432221 -0.443028 -0.441754 0.000000 0.000000 0.000000 0.000000 -0.272020 -0.267089 -0.267265 -0.260657 -0.266893 -0.263618 -0.264442 -0.263730 -0.265219 -0.267140 -0.271435 -0.276507 -0.285138 -0.289865 -0.299979 -0.321907 0.040193 0.036799 0.024685 0.014808 0.007494 0.000712 -0.004424 -0.008720 -0.011986 -0.014653 -0.016572 -0.018097 -0.018237 -0.019189 -0.013755
-0.068624 -0.387576 -0.374969 -0.373102 -0.371754 -0.372582 -0.373799 -0.372588 -0.373333 -0.374004 -0.377156 -0.380114 -0.386200 -0.385662 -0.398586 0.000000 0.000000 0.000000 0.000000 -0.266228 -0.283648 -0.280088 -0.271347 -0.273988 -0.268561 -0.266949 -0.264482 -0.264214 -0.264567 -0.266979 -0.270044 -0.275529 -0.276952 -0.286169 -0.298625 0.027178 0.027433 0.020330 0.013576 0.007760 0.002138 -0.002262 -0.006168 -0.009195 -0.011687 -0.013557 -0.015049 -0.015175 -0.015557 -0.016268
-0.077074 -0.361341 -0.348194 -0.346363 -0.344931 -0.344793 -0.345177 -0.342721 -0.341705 -0.339629 -0.338696 -0.337633 -0.337674 -0.320908 -0.334389 0.000000 0.000000 0.000000 0.000000 -0.307223 -0.303078 -0.292430 -0.286854 -0.280194 -0.273472 -0.268405 -0.264225 -0.261905 -0.260571 -0.261269 -0.262272 -0.265684 -0.264705 -0.272620 -0.295838 0.020388 0.020910 0.016120 0.011288 0.006948 0.002571 -0.001125 -0.004412 -0.007096 -0.009351 -0.011063 -0.012456 -0.012554 -0.013023 -0.013984
-0.090941 -0.335517 -0.322964 -0.320027 -0.318235 -0.317132 -0.316608 -0.312442 -0.310102 -0.305453 -0.301462 -0.295741 -0.291392 -0.266738 -0.269376 0.000000 0.000000 0.000000 0.000000 -0.346500 -0.334638 -0.305290 -0.301041 -0.285339 -0.277484 -0.268341 -0.262591 -0.258111 -0.255311 -0.254321 -0.253864 -0.255445 -0.253138 -0.261123 -0.238102 0.015585 0.016155 0.012971 0.009597 0.006186 0.002744 -0.000312 -0.003105 -0.005442 -0.007443 -0.008987 -0.010262 -0.010352 -0.010840 -0.011671
-0.218739 -0.310275 -0.296249 -0.294919 -0.292687 -0.291539 -0.288232 -0.283641 -0.279071 -0.271210 -0.262973 -0.252777 -0.240962 -0.204144 -0.182013 0.000000 0.000000 0.000000 0.000000 -0.374072 -0.356361 -0.322433 -0.311011 -0.290797 -0.278818 -0.266943 -0.259012 -0.252782 -0.248566 -0.246143 -0.244518 -0.244582 -0.241550 -0.247600 -0.247588 0.012133 0.012618 0.010315 0.007856 0.005258 0.002578 0.000090 -0.002211 -0.004204 -0.005930 -0.007287 -0.008418 -0.008498 -0.008978 -0.009410
-0.199777 -0.286676 -0.272995 -0.269827 -0.266994 -0.264384 -0.261271 -0.253928 -0.248226 -0.238847 -0.227461 -0.212842 -0.193266 -0.134061 -0.123330 0.000000 0.000000 0.000000 0.000000 -0.379202 -0.385620 -0.335583 -0.319611 -0.292272 -0.277252 -0.262616 -0.253109 -0.245479 -0.240228 -0.236748 -0.234288 -0.233335 -0.229944 -0.235695 -0.233110 0.009441 0.009919 0.008273 0.006462 0.004453 0.002351 0.000332 -0.001569 -0.003245 -0.004724 -0.005897 -0.006889 -0.006957 -0.007662 -0.007395
-0.181530 -0.242766 -0.247509 -0.246986 -0.243384 -0.241311 -0.235369 -0.229044 -0.219623 -0.208049 -0.193672 -0.173371 -0.146928 -0.101163 -0.054157 0.000000 0.000000 0.000000 0.000000 -0.409215 -0.410199 -0.363771 -0.325845 -0.292015 -0.271954 -0.255660 -0.244537 -0.236143 -0.230142 -0.225981 -0.222991 -0.221289 -0.217778 -0.221996 -0.220009 0.007455 0.007832 0.006601 0.005257 0.003703 0.002054 0.000428 -0.001123 -0.002520 -0.003766 -0.004769 -0.005623 -0.005682 -0.006277 -0.006115
-0.065644 -0.218107 -0.224008 -0.223379 -0.221092 -0.216827 -0.212520 -0.204166 -0.195223 -0.182289 -0.164451 -0.143406 -0.111488 0.033286 0.101108 -0.006348 -0.007094 -0.052290 -0.002784 -0.078163 -0.460501 -0.358449 -0.307422 -0.280794 -0.258903 -0.243893 -0.232528 -0.224359 -0.218192 -0.213848 -0.210637 -0.208584 -0.205025 -0.206890 -0.203904 0.006728 0.006215 0.005302 0.004277 0.003070 0.001767 0.000459 -0.000807 -0.001963 -0.003005 -0.003854 -0.004583 -0.004633 -0.004990 -0.005340
-0.034111 -0.198709 -0.214495 -0.202001 -0.197467 -0.191810 -0.183497 -0.182697 -0.172992 -0.160232 -0.144225 -0.125229 -0.099417 -0.017158 0.012773 -0.016116 -0.026616 -0.050257 -0.153689 -0.334494 -0.314220 -0.300730 -0.271664 -0.255114 -0.238399 -0.227040 -0.217374 -0.210290 -0.204623 -0.200499 -0.197367 -0.195126 -0.191655 -0.201457 -0.223965 0.005141 0.005730 0.004247 0.003467 0.002524 0.001494 0.000444 -0.000585 -0.001536 -0.002402 -0.003114 -0.003731 -0.003772 -0.004573 -0.004417
-0.086313 -0.200610 -0.180739 -0.182850 -0.178842 -0.175259 -0.169891 -0.162708 -0.153823 -0.142091 -0.128887 -0.111953 -0.095292 -0.071956 -0.058025 -0.054525 -0.068228 -0.088989 -0.131942 -0.194983 -0.236943 -0.247833 -0.231550 -0.226062 -0.215116 -0.207480 -0.199883 -0.194192 -0.189330 -0.185717 -0.182835 -0.180914 -0.177565 -0.179520 -0.169285 0.003742 0.003953 0.003416 0.002808 0.002068 0.001251 0.000407 -0.000427 -0.001206 -0.001922 -0.002515 -0.003031 -0.003066 -0.003329 -0.003609
-0.050043 -0.181398 -0.165442 -0.163072 -0.158482 -0.155300 -0.149808 -0.144086 -0.135870 -0.126438 -0.115717 -0.103733 -0.089891 -0.077611 -0.063692 -0.068701 -0.075758 -0.093417 -0.118869 -0.156437 -0.182561 -0.201145 -0.198722 -0.197574 -0.191466 -0.186766 -0.181360 -0.177079 -0.173179 -0.170179 -0.167665 -0.166002 -0.162732 -0.164498 -0.156311 0.002990 0.003162 0.002747 0.002271 0.001688 0.001039 0.000362 -0.000314 -0.000951 -0.001540 -0.002031 -0.002463 -0.002492 -0.002828 -0.002769
-0.044009 -0.163944 -0.140840 -0.147178 -0.141547 -0.138537 -0.133496 -0.128227 -0.121570 -0.112973 -0.104495 -0.094744 -0.086278 -0.077191 -0.073717 -0.074602 -0.083261 -0.096072 -0.116786 -0.141147 -0.159414 -0.169721 -0.171106 -0.171758 -0.168772 -0.166016 -0.162409 -0.159322 -0.156341 -0.153970 -0.151873 -0.150523 -0.147509 -0.148643 -0.140066 0.002391 0.002536 0.002209 0.001837 0.001375 0.000857 0.000313 -0.000233 -0.000752 -0.001235 -0.001639 -0.001996 -0.002021 -0.002204 -0.002204
-0.017373 -0.152304 -0.123472 -0.125906 -0.123686 -0.121054 -0.116826 -0.112545 -0.106380 -0.100398 -0.093550 -0.086656 -0.080155 -0.075411 -0.071926 -0.074595 -0.079981 -0.090189 -0.103172 -0.119172 -0.132249 -0.141986 -0.145647 -0.147716 -0.146876 -0.145610 -0.143420 -0.141343 -0.139171 -0.137374 -0.135697 -0.134608 -0.132023 -0.131432 -0.140886 0.002076 0.002032 0.001778 0.001485 0.001119 0.000705 0.000268 -0.000175 -0.000596 -0.000992 -0.001324 -0.001618 -0.001638 -0.001881 -0.002937
-0.021215 -0.132517 -0.107377 -0.108564 -0.106499 -0.103343 -0.100968 -0.097038 -0.092824 -0.087147 -0.082580 -0.077404 -0.073384 -0.070011 -0.069382 -0.071000 -0.076100 -0.083422 -0.093544 -0.104348 -0.113684 -0.120338 -0.123962 -0.126039 -0.126210 -0.125748 -0.124502 -0.123169 -0.121646 -0.120360 -0.119079 -0.118249 -0.116258 -0.115383 -0.107703 0.001527 0.001635 0.001433 0.001200 0.000908 0.000577 0.000226 -0.000132 -0.000474 -0.000796 -0.001069 -0.001311 -0.001327 -0.001538 -0.001426
-0.021312 -0.116526 -0.089313 -0.089169 -0.089982 -0.087577 -0.085340 -0.082796 -0.079398 -0.075193 -0.071716 -0.068093 -0.065098 -0.063197 -0.062579 -0.064322 -0.067831 -0.073380 -0.080178 -0.087816 -0.094678 -0.100165 -0.103654 -0.105878 -0.106666 -0.106785 -0.106201 -0.105422 -0.104385 -0.103490 -0.102477 -0.101839 -0.100071 -0.097085 -0.092083 0.001241 0.001514 0.001157 0.000970 0.000737 0.000472 0.000189 -0.000100 -0.000378 -0.000640 -0.000863 -0.001061 -0.001075 -0.001258 -0.000823
-0.026673 -0.088839 -0.074003 -0.067581 -0.074658 -0.070173 -0.070578 -0.066807 -0.065553 -0.062370 -0.059882 -0.057223 -0.055345 -0.054112 -0.054177 -0.055536 -0.058401 -0.062444 -0.067507 -0.072844 -0.077790 -0.081762 -0.084602 -0.086471 -0.087386 -0.087746 -0.087546 -0.087154 -0.086489 -0.085938 -0.085162 -0.084899 -0.083367 -0.080159 -0.076194 0.000844 0.001027 0.000931 0.000784 0.000597 0.000384 0.000156 -0.000077 -0.000302 -0.000515 -0.000697 -0.000859 -0.000870 -0.001031 -0.000739
-0.039207 -0.075311 -0.055615 -0.040210 -0.064155 -0.055292 -0.057315 -0.054504 -0.053382 -0.051817 -0.049656 -0.047601 -0.046194 -0.045404 -0.045388 -0.046431 -0.048443 -0.051407 -0.054931 -0.058715 -0.062298 -0.065276 -0.067558 -0.069171 -0.070072 -0.070548 -0.070560 -0.070369 -0.069938 -0.069587 -0.068975 -0.068564 -0.067469 -0.064727 -0.058387 0.000908 0.000828 0.000753 0.000633 0.000484 0.000313 0.000129 -0.000059 -0.000242 -0.000415 -0.000563 -0.000695 -0.000704 -0.000842 -0.000779
-0.030838 -0.035461 -0.030033 -0.020839 -0.053100 -0.037064 -0.042875 -0.039028 -0.038735 -0.037122 -0.035430 -0.033904 -0.033065 -0.032758 -0.032757 -0.033804 -0.035100 -0.037300 -0.039579 -0.042230 -0.044670 -0.046863 -0.048672 -0.049834 -0.050597 -0.051124 -0.051276 -0.051313 -0.051065 -0.050903 -0.050462 -0.050396 -0.049256 -0.044959 -0.050016 0.000676 0.000669 0.000609 0.000512 0.000391 0.000254 0.000106 -0.000046 -0.000194 -0.000334 -0.000454 -0.000562 -0.000570 -0.000684 -0.000618
-0.002561 -0.022048 -0.009443 -0.003355 -0.046460 -0.022383 -0.034460 -0.028849 -0.030408 -0.028340 -0.028277 -0.026460 -0.026062 -0.025782 -0.025580 -0.025780 -0.026830 -0.028476 -0.030212 -0.031881 -0.033514 -0.034515 -0.035485 -0.036517 -0.037061 -0.037552 -0.037736 -0.037557 -0.037535 -0.037537 -0.037009 -0.035878 -0.035693 -0.028456 -0.028322 0.000564 0.000535 0.000489 0.000412 0.000317 0.000206 0.000087 -0.000036 -0.000156 -0.000270 -0.000367 -0.000455 -0.000461 -0.000553 -0.000542
0.037471 -0.037846 -0.017595 -0.031096 -0.025293 -0.033590 -0.030458 -0.031221 -0.029795 -0.028398 -0.027453 -0.027146 -0.027841 -0.006163 0.005485 0.002848 0.001622 -0.008321 -0.009410 -0.010844 -0.012888 -0.013172 -0.014044 -0.030708 -0.018474 -0.006949 -0.016966 -0.017899 -0.018077 -0.018454 -0.018314 -0.016111 -0.018366 -0.022495 -0.011774 0.000413 0.000435 0.000397 0.000333 0.000257 0.000167 0.000071 -0.000028 -0.000125 -0.000217 -0.000296 -0.000368 -0.000372 -0.000412 -0.000430
0.028667 -0.040280 -0.007880 -0.005214 -0.005510 -0.026120 -0.027036 -0.026833 -0.027571 -0.025548 -0.025308 -0.002411 -0.005664 0.014416 0.014047 0.023111 -0.009756 -0.004280 -0.001983 -0.007790 0.010167 -0.002599 -0.008060 -0.011508 0.008891 0.009007 0.005699 0.003029 -0.005648 -0.008059 0.003916 -0.002861 -0.003856 -0.001675 -0.000888 0.000361 0.000354 0.000316 0.000269 0.000207 0.000135 0.000058 -0.000022 -0.000101 -0.000175 -0.000239 -0.000297 -0.000301 -0.000376 -0.000408
0.000000 0.000000 0.000000 0.000000 0.000000 0.000000 0.000000 0.000000 0.000000 0.000000 0.000000 0.000000 0.000000 0.000000 0.000000 0.000000 0.000000 0.000000 0.000000 0.000000 0.000000 0.000000 0.000000 0.000000 0.000000 0.000000 0.000000 0.000000 0.000000 0.000000 0.000000 0.000000 0.000000 0.000000 0.000000 0.000270 0.000281 0.000258 0.000217 0.000168 0.000109 0.000047 -0.000018 -0.000081 -0.000141 -0.000193 -0.000240 -0.000243 -0.000304 -0.000341
0.000000 0.000000 0.000000 0.000000 0.000000 0.000000 0.000000 0.000000 0.000000 0.000000 0.000000 0.000000 0.000000 0.000000 0.000000 0.000000 0.000000 0.000000 0.000000 0.000000 0.000000 0.000000 0.000000 0.000000 0.000000 0.000000 0.000000 0.000000 0.000000 0.000000 0.000000 0.000000 0.000000 0.000000 0.000000 0.000264 0.000227 0.000206 0.000175 0.000135 0.000088 0.000038 -0.000014 -0.000065 -0.000114 -0.000155 -0.000193 -0.000196 -0.000270 -0.000315
0.000000 0.000000 0.000000 0.000000 0.000000 0.000000 0.000000 0.000000 0.000000 0.000000 0.000000 0.000000 0.000000 0.000000 0.000000 0.000000 0.000000 0.000000 0.000000 0.000000 0.000000 0.000000 0.000000 0.000000 0.000000 0.000000 0.000000 0.000000 0.000000 0.000000 0.000000 0.000000 0.000000 0.000000 0.000000 0.000192 0.000181 0.000165 0.000141 0.000109 0.000071 0.000031 -0.000011 -0.000052 -0.000091 -0.000125 -0.000156 -0.000157 -0.000198 -0.000213
0.000000 0.000000 0.000000 0.000000 0.000000 0.000000 0.000000 0.000000 0.000000 0.000000 0.000000 0.000000 0.000000 0.000000 0.000000 0.000000 0.000000 0.000000 0.000000 0.000000 0.000000 0.000000 0.000000 0.000000 0.000000 0.000000 0.000000 0.000000 0.000000 0.000000 0.000000 0.000000 0.000000 0.000000 0.000000 0.000162 0.000145 0.000134 0.000113 0.000087 0.000057 0.000025 -0.000009 -0.000042 -0.000073 -0.000100 -0.000125 -0.000126 -0.000175 -0.000152
0.000000 0.000000 0.000000 0.000000 0.000000 0.000000 0.000000 0.000000 0.000000 0.000000 0.000000 0.000000 0.000000 0.000000 0.000000 0.000000 0.000000 0.000000 0.000000 0.000000 0.000000 0.000000 0.000000 0.000000 0.000000 0.000000 0.000000 0.000000 0.000000 0.000000 0.000000 0.000000 0.000000 0.000000 0.000000 0.000114 0.000116 0.000106 0.000090 0.000070 0.000046 0.000020 -0.000007 -0.000033 -0.000058 -0.000080 -0.000100 -0.000101 -0.000148 -0.000185
0.000000 0.000000 0.000000 0.000000 0.000000 0.000000 0.000000 0.000000 0.000000 0.000000 0.000000 0.000000 0.000000 0.000000 0.000000 0.000000 0.000000 0.000000 0.000000 0.000000 0.000000 0.000000 0.000000 0.000000 0.000000 0.000000 0.000000 0.000000 0.000000 0.000000 0.000000 0.000000 0.000000 0.000000 0.000000 0.000093 0.000092 0.000085 0.000071 0.000055 0.000036 0.000016 -0.000005 -0.000026 -0.000046 -0.000063 -0.000079 -0.000080 -0.000112 -0.000092
0.000000 0.000000 0.000000 0.000000 0.000000 0.000000 0.000000 0.000000 0.000000 0.000000 0.000000 0.000000 0.000000 0.000000 0.000000 0.000000 0.000000 0.000000 0.000000 0.000000 0.000000 0.000000 0.000000 0.000000 0.000000 0.000000 0.000000 0.000000 0.000000 0.000000 0.000000 0.000000 0.000000 0.000000 0.000000 0.000070 0.000073 0.000066 0.000056 0.000044 0.000029 0.000013 -0.000004 -0.000021 -0.000036 -0.000050 -0.000062 -0.000063 -0.000089 -0.000071
0.000000 0.000000 0.000000 0.000000 0.000000 0.000000 0.000000 0.000000 0.000000 0.000000 0.000000 0.000000 0.000000 0.000000 0.000000 0.000000 0.000000 0.000000 0.000000 0.000000 0.000000 0.000000 0.000000 0.000000 0.000000 0.000000 0.000000 0.000000 0.000000 0.000000 0.000000 0.000000 0.000000 0.000000 0.000000 0.000055 0.000056 0.000051 0.000043 0.000033 0.000022 0.000010 -0.000003 -0.000016 -0.000028 -0.000038 -0.000048 -0.000048 -0.000069 -0.000059
0.000000 0.000000 0.000000 0.000000 0.000000 0.000000 0.000000 0.000000 0.000000 0.000000 0.000000 0.000000 0.000000 0.000000 0.000000 0.000000 0.000000 0.000000 0.000000 0.000000 0.000000 0.000000 0.000000 0.000000 0.000000 0.000000 0.000000 0.000000 0.000000 0.000000 0.000000 0.000000 0.000000 0.000000 0.000000 0.000049 0.000050 0.000039 0.000033 0.000025 0.000017 0.000007 -0.000002 -0.000012 -0.000021 -0.000029 -0.000036 -0.000036 -0.000052 -0.000039
0.000000 0.000000 0.000000 0.000000 0.000000 0.000000 0.000000 0.000000 0.000000 0.000000 0.000000 0.000000 0.000000 0.000000 0.000000 0.000000 0.000000 0.000000 0.000000 0.000000 0.000000 0.000000 0.000000 0.000000 0.000000 0.000000 0.000000 0.000000 0.000000 0.000000 0.000000 0.000000 0.000000 0.000000 0.000000 0.000034 0.000037 0.000027 0.000023 0.000018 0.000012 0.000005 -0.000002 -0.000008 -0.000015 -0.000020 -0.000025 -0.000036 -0.000038 -0.000041
0.000000 0.000000 0.000000 0.000000 0.000000 0.000000 0.000000 0.000000 0.000000 0.000000 0.000000 0.000000 0.000000 0.000000 0.000000 0.000000 0.000000 0.000000 0.000000 0.000000 0.000000 0.000000 0.000000 0.000000 0.000000 0.000000 0.000000 0.000000 0.000000 0.000000 0.000000 0.000000 0.000000 0.000000 0.000000 0.000025 0.000024 0.000027 0.000023 0.000017 0.000011 0.000005 -0.000002 -0.000008 -0.000015 -0.000020 -0.000019 -0.000025 -0.000023 -0.000024
0.000000 0.000000 0.000000 0.000000 0.000000 0.000000 0.000000 0.000000 0.000000 0.000000 0.000000 0.000000 0.000000 0.000000 0.000000 0.000000 0.000000 0.000000 0.000000 0.000000 0.000000 0.000000 0.000000 0.000000 0.000000 0.000000 0.000000 0.000000 0.000000 0.000000 0.000000 0.000000 0.000000 0.000000 0.000000 0.000016 0.000011 0.000010 0.000007 0.000004 0.000001 -0.000002 -0.000005 -0.000006 -0.000002 -0.000010 -0.000013 -0.000012 -0.000015 -0.000018
0.000000 0.000000 0.000000 0.000000 0.000000 0.000000 0.000000 0.000000 0.000000 0.000000 0.000000 0.000000 0.000000 0.000000 0.000000 0.000000 0.000000 0.000000 0.000000 0.000000 0.000000 0.000000 0.000000 0.000000 0.000000 0.000000 0.000000 0.000000 0.000000 0.000000 0.000000 0.000000 0.000000 0.000000 0.000000 0.000000 -0.000000 0.000001 0.000001 0.000002 0.000002 -0.000003 -0.000007 -0.000002 -0.000007 0.000004 -0.000003 0.000002 -0.000001 -0.000006
