0.310119 0.159794 0.128553 0.045137 0.042006 0.010366 0.031052 0.035079 0.001274 0.015946 0.006987 -0.008063 0.030573 0.010565 0.009220 0.002017 0.008126 0.005861 0.003029 0.004801 -0.011018 0.000486 0.009525 0.010489 -0.004983 0.003607 0.007216 -0.016757 -0.004001 0.002808 -0.018474 0.009212 0.009062 0.007932 -0.000553 0.007260 -0.004050 0.007265 0.008585 0.000246 0.005406 -0.001897 0.000107 0.001389 0.005686 -0.001703 0.004955 0.002180 -0.003307 -0.001028
0.517968 0.265951 0.241486 0.126693 0.087394 0.073848 0.118478 0.043000 0.036313 0.030651 0.026375 0.073774 0.021358 0.067705 0.062113 0.058411 0.053708 0.050008 0.046914 0.043930 0.018056 0.037023 0.036340 0.002575 0.031906 0.029968 0.029561 0.028599 0.028549 0.027412 0.027243 0.026653 0.026676 0.025419 0.024422 0.023236 0.005497 0.005144 0.004601 0.003952 0.003186 0.002384 0.013779 0.000767 0.011348 -0.000612 -0.001443 -0.001172 0.005220 -0.000653
0.466397 0.419859 0.274994 0.245378 0.251913 0.189850 0.181263 0.147066 0.137234 0.120726 0.112431 0.103552 0.097196 0.091609 0.086274 0.080480 0.074385 0.067916 0.061536 0.055251 0.049912 0.044915 0.040933 0.037613 0.035327 0.033572 0.032665 0.032199 0.032297 0.032650 0.033227 0.033829 0.034463 0.034519 0.034151 0.032911 0.031116 0.029284 0.026148 0.023230 0.020449 0.017618 0.014976 0.012492 0.010355 0.007517 0.007610 0.006568 -0.003714 -0.006004
0.510524 0.428245 0.298135 0.263578 0.246073 0.189376 0.175313 0.146945 0.136465 0.121456 0.113258 0.106584 0.097628 0.094218 0.086374 0.082992 0.074397 0.069805 0.061512 0.056644 0.049669 0.046223 0.040784 0.038568 0.035184 0.034442 0.032585 0.032838 0.032289 0.033290 0.033481 0.034404 0.034545 0.035491 0.034198 0.033840 0.031153 0.040030 0.036111 0.023447 0.020655 0.017762 0.015664 0.012651 0.010740 0.007840 0.005274 0.007836 0.007301 -0.005896
0.476781 0.450464 0.318154 0.303351 0.296363 0.230992 0.222375 0.182898 0.176324 0.153433 0.148185 0.134745 0.128947 0.122991 0.115135 0.110262 0.099710 0.093203 0.081908 0.075155 0.065486 0.060384 0.053317 0.050449 0.045908 0.045063 0.042700 0.043519 0.042752 0.044771 0.044885 0.047172 0.047383 0.048984 0.047397 0.047208 0.043056 0.041006 0.035736 0.032859 0.027781 0.024705 0.020360 0.017389 0.013731 0.011259 0.007873 0.008515 0.007130 -0.001602
0.499882 0.462231 0.346466 0.321125 0.307627 0.255862 0.238299 0.212768 0.197568 0.183619 0.172768 0.163645 0.159168 0.150958 0.145269 0.136320 0.125865 0.113952 0.102292 0.090112 0.080858 0.071516 0.065451 0.059386 0.056397 0.053086 0.052699 0.051797 0.053200 0.054207 0.056708 0.058356 0.061094 0.061348 0.062031 0.059143 0.055836 0.050252 0.045620 0.039567 0.034924 0.029380 0.025411 0.020416 0.017059 0.012826 0.009047 0.009271 0.009258 0.000319
0.526140 0.474915 0.368918 0.347635 0.354502 0.288381 0.280509 0.241323 0.232552 0.209206 0.204070 0.192018 0.187769 0.180220 0.173345 0.165551 0.150127 0.137946 0.119625 0.107050 0.092803 0.083221 0.074184 0.068482 0.063797 0.061396 0.060469 0.060470 0.062353 0.064431 0.067832 0.071066 0.074533 0.076715 0.076574 0.074607 0.067987 0.063016 0.055016 0.048744 0.041606 0.035570 0.029678 0.024408 0.019697 0.015289 0.011358 0.010851 -0.000606 -0.000080
0.479606 0.463141 0.384930 0.364243 0.354413 0.302527 0.286715 0.262231 0.246929 0.234303 0.225995 0.217367 0.215150 0.207810 0.206900 0.195285 0.179271 0.159774 0.139057 0.119763 0.104206 0.091113 0.082018 0.074940 0.070705 0.068268 0.067555 0.068218 0.070745 0.073441 0.078801 0.082448 0.089629 0.090839 0.095415 0.089426 0.083207 0.074082 0.064700 0.055932 0.047525 0.040062 0.033338 0.027366 0.021895 0.017177 0.012358 0.011847 0.009010 0.003372
0.515221 0.477109 0.397306 0.373104 0.382351 0.319622 0.318514 0.282072 0.274119 0.254904 0.249062 0.241178 0.241035 0.239103 0.241052 0.233942 0.208701 0.185803 0.154981 0.132294 0.112274 0.097506 0.086999 0.079808 0.075297 0.073059 0.072705 0.074084 0.077272 0.081754 0.088407 0.095749 0.104944 0.112255 0.116709 0.111519 0.099351 0.087690 0.074007 0.063754 0.052903 0.044669 0.036655 0.030069 0.023871 0.018646 0.013283 0.012846 0.001186 0.002039
0.500684 0.480807 0.406174 0.382507 0.384647 0.332224 0.324177 0.295727 0.284491 0.270197 0.265472 0.260043 0.266039 0.267712 0.286946 0.278821 0.245277 0.209661 0.170204 0.138738 0.114562 0.097883 0.087815 0.081057 0.077143 0.075677 0.076007 0.078156 0.082569 0.088152 0.097613 0.106992 0.122032 0.131697 0.146025 0.135467 0.115271 0.097398 0.082042 0.068485 0.056906 0.047247 0.038711 0.031573 0.024997 0.019530 0.013972 0.013414 0.009791 0.002393
0.502040 0.487773 0.411834 0.389886 0.401051 0.341605 0.341337 0.307042 0.299466 0.282395 0.278381 0.275493 0.285426 0.298735 0.331135 0.344479 0.291241 0.238536 0.181006 0.138877 0.112666 0.095664 0.085287 0.079784 0.076729 0.076292 0.077332 0.080290 0.085504 0.092482 0.103925 0.117436 0.137622 0.164844 0.188160 0.170809 0.136177 0.112244 0.089140 0.074094 0.059603 0.049536 0.039968 0.032632 0.025703 0.020026 0.014335 0.013723 0.009476 -0.000104
0.499638 0.497463 0.415232 0.395783 0.403810 0.348890 0.346170 0.313494 0.304635 0.287120 0.283305 0.282275 0.300434 0.364481 0.607665 0.514467 0.432207 0.249069 0.147892 0.042774 0.049531 0.079185 0.076217 0.074610 0.073760 0.075030 0.076846 0.080328 0.086321 0.093331 0.107583 0.122320 0.155966 0.239682 0.413417 0.318639 0.215192 0.116148 0.090041 0.072326 0.058918 0.048355 0.039417 0.032097 0.025373 0.019854 0.014086 0.013616 0.009006 0.002471
0.506436 0.504424 0.415903 0.399712 0.410800 0.353229 0.351998 0.317424 0.307275 0.288301 0.281283 0.280374 0.292643 0.411021 0.205441 0.596742 0.406785 0.265800 0.109547 0.010275 0.028661 0.074801 0.064074 0.069346 0.069069 0.072225 0.074485 0.078354 0.083589 0.090500 0.101731 0.117274 0.145803 0.244244 0.105595 0.034078 0.192742 0.114097 0.087071 0.070872 0.056505 0.047018 0.037934 0.031194 0.024621 0.019267 0.013772 0.013296 0.003661 -0.006744
0.510306 0.507394 0.417936 0.402682 0.413452 0.356277 0.353768 0.316952 0.303635 0.279577 0.264261 0.249143 0.235231 0.133939 0.083139 0.000000 0.000000 0.000000 0.000000 0.010713 0.059673 0.053811 0.056108 0.063160 0.064541 0.069136 0.071329 0.074616 0.078764 0.082008 0.089959 0.093617 0.108780 0.067772 0.091989 -0.026275 0.063799 0.075501 0.067824 0.056136 0.048813 0.040855 0.034315 0.028441 0.022755 0.018058 0.012936 0.012513 0.003661 0.001171
0.503322 0.505548 0.419145 0.404333 0.415326 0.357661 0.353787 0.315852 0.299514 0.271876 0.248232 0.224491 0.186290 0.048312 0.056586 0.000000 0.000000 0.000000 0.000000 -0.007250 0.042072 0.044672 0.047870 0.057650 0.060625 0.065616 0.067939 0.070511 0.072682 0.073690 0.075650 0.073212 0.073530 0.023807 0.013631 0.011199 0.050325 0.053138 0.052248 0.047178 0.041970 0.036291 0.030924 0.025872 0.020977 0.016654 0.012059 0.011621 0.003534 0.002006
0.500155 0.505991 0.420155 0.404580 0.415708 0.358486 0.353287 0.313383 0.294772 0.262083 0.235261 0.201004 0.161919 0.024436 -0.014994 0.000000 0.000000 0.000000 0.000000 -0.004147 0.038464 0.038223 0.041768 0.055006 0.057589 0.063663 0.065252 0.066856 0.067693 0.065598 0.065601 0.056935 0.054501 0.012786 0.006624 0.004373 0.011501 0.036224 0.038986 0.036492 0.034172 0.030265 0.026504 0.022600 0.018526 0.014920 0.010862 0.010490 0.003732 0.001481
0.500043 0.507671 0.420184 0.405777 0.416840 0.359318 0.352876 0.312257 0.291490 0.257145 0.225949 0.189548 0.144492 0.021615 0.006603 0.000000 0.000000 0.000000 0.000000 0.025161 0.033119 0.034737 0.042301 0.052447 0.058136 0.062202 0.064138 0.064292 0.063757 0.060017 0.057391 0.047063 0.042556 0.005987 0.036238 0.006361 0.005602 0.026081 0.028900 0.029108 0.027821 0.025396 0.022710 0.019507 0.016335 0.013192 0.009686 0.009359 0.003171 0.000337
0.486168 0.510876 0.420665 0.408891 0.418406 0.361826 0.353240 0.311815 0.289741 0.252920 0.220918 0.180170 0.137052 0.016305 -0.017519 0.000000 0.000000 0.000000 0.000000 0.027728 0.030817 0.032779 0.045172 0.054822 0.059997 0.063506 0.064458 0.063447 0.061490 0.056262 0.051923 0.040752 0.034464 -0.002776 -0.009459 0.001630 0.003400 0.018477 0.021866 0.022470 0.022304 0.020853 0.018963 0.016675 0.014026 0.011470 0.008473 0.008195 0.002719 0.000042
0.469081 0.512496 0.421283 0.410343 0.418483 0.364022 0.354250 0.313134 0.290141 0.253404 0.219904 0.179286 0.135089 0.019721 -0.010985 0.000000 0.000000 0.000000 0.000000 0.048398 0.033923 0.036093 0.050880 0.057855 0.065101 0.066237 0.066846 0.064197 0.060996 0.054551 0.048855 0.037252 0.030523 0.001873 -0.011181 0.001080 0.002022 0.013630 0.016393 0.017715 0.017832 0.017103 0.015798 0.014039 0.011983 0.009871 0.007343 0.007113 0.002401 0.000658
0.509045 0.512633 0.422336 0.412777 0.418409 0.367643 0.356339 0.316241 0.292952 0.255952 0.222960 0.181269 0.137602 0.019675 -0.000950 0.000000 0.000000 0.000000 0.000000 -0.003666 0.046726 0.046904 0.058953 0.068201 0.071783 0.072739 0.070940 0.067086 0.062115 0.054557 0.047486 0.035583 0.028161 -0.000150 -0.008602 0.001953 0.001260 0.010159 0.012546 0.013797 0.014243 0.013885 0.013016 0.011740 0.010094 0.008386 0.006280 0.006087 0.002100 0.000522
0.573524 0.511725 0.424049 0.413348 0.419324 0.369201 0.359081 0.320276 0.297624 0.262115 0.229660 0.189515 0.146115 0.027212 0.002081 0.000000 0.000000 0.000000 0.000000 -0.000002 0.073546 0.064984 0.073033 0.081623 0.082162 0.081144 0.077073 0.071468 0.064782 0.055998 0.047721 0.035354 0.027223 0.001720 -0.013496 0.000346 0.000824 0.007675 0.009665 0.010861 0.011357 0.011266 0.010680 0.009739 0.008452 0.007071 0.005320 0.005164 0.001819 0.000054
0.573910 0.513633 0.426587 0.418623 0.423498 0.377418 0.364700 0.330700 0.305828 0.272221 0.241428 0.203406 0.161990 0.050490 0.026209 0.000000 0.000000 0.000000 0.000000 0.039329 0.084353 0.090423 0.092553 0.100662 0.095688 0.092564 0.085098 0.077531 0.068763 0.058609 0.049047 0.035995 0.027381 -0.002156 -0.012049 0.000354 0.000556 0.005877 0.007501 0.008549 0.009067 0.009106 0.008732 0.008039 0.007025 0.005918 0.004474 0.004344 0.001541 0.000630
0.573504 0.509934 0.428259 0.413898 0.419579 0.375704 0.366134 0.333992 0.313411 0.285684 0.255923 0.223492 0.184898 0.104256 0.012521 0.000000 0.000000 0.000000 0.000000 -0.016841 0.091808 0.141176 0.120603 0.124567 0.111914 0.105300 0.094188 0.084359 0.073524 0.061940 0.051135 0.037321 0.028062 -0.001832 -0.009545 0.000192 0.000384 0.004549 0.005876 0.006764 0.007252 0.007358 0.007112 0.006606 0.005809 0.004919 0.003733 0.003629 0.001164 0.000249
0.507462 0.510653 0.429563 0.424165 0.431886 0.388252 0.377836 0.347117 0.326331 0.300020 0.276574 0.250314 0.227466 0.216907 0.110909 0.372755 0.367193 0.425080 0.523624 -0.173396 0.167813 0.213770 0.167647 0.155165 0.132837 0.119969 0.104688 0.091954 0.078935 0.065763 0.053742 0.038961 0.029378 0.004599 -0.009981 -0.000416 0.000271 0.003549 0.004617 0.005366 0.005804 0.005938 0.005788 0.005410 0.004785 0.004072 0.003098 0.003017 0.001134 0.000418
0.508494 0.515453 0.430655 0.446345 0.397005 0.385883 0.354721 0.354832 0.338119 0.314265 0.294401 0.279264 0.259762 0.251108 0.307983 0.323317 0.372906 0.423341 0.455997 0.466208 0.258003 0.255016 0.200796 0.175546 0.151156 0.131743 0.114306 0.098870 0.084140 0.069636 0.056346 0.040779 0.030684 0.019407 0.024899 -0.000221 0.001770 0.002781 0.003646 0.004268 0.004650 0.004791 0.004700 0.004417 0.003926 0.003355 0.002562 0.002494 0.001636 0.000186
0.503592 0.509366 0.433502 0.431381 0.436032 0.396360 0.389175 0.363141 0.347788 0.327090 0.313113 0.298289 0.292256 0.286884 0.306713 0.329998 0.345149 0.363760 0.378834 0.365358 0.314949 0.265395 0.218428 0.189015 0.161463 0.140972 0.121540 0.104668 0.088701 0.072995 0.058960 0.042486 0.031854 0.001629 -0.008137 0.000055 0.000144 0.002194 0.002893 0.003404 0.003731 0.003866 0.003813 0.003602 0.003215 0.002759 0.002110 0.002057 0.000790 0.000163
0.508871 0.514327 0.433554 0.433064 0.440797 0.400435 0.396829 0.369550 0.356600 0.338456 0.325759 0.314868 0.307997 0.307246 0.315423 0.326049 0.336374 0.344077 0.347308 0.330596 0.295542 0.254276 0.220734 0.193399 0.167978 0.146844 0.127070 0.109238 0.092499 0.075991 0.061203 0.044205 0.032769 0.002641 -0.005832 0.000027 0.000107 0.001741 0.002301 0.002721 0.002996 0.003119 0.003089 0.002929 0.002624 0.002257 0.001731 0.001687 0.000554 0.000058
0.509290 0.509802 0.431154 0.427608 0.435821 0.398759 0.396786 0.373525 0.362145 0.346881 0.336035 0.325165 0.319001 0.314874 0.317091 0.321198 0.323089 0.323419 0.319280 0.305419 0.280936 0.251162 0.222005 0.196388 0.172323 0.151114 0.131234 0.112850 0.095594 0.078502 0.063132 0.045714 0.033575 0.004386 -0.007775 0.000021 0.000081 0.001387 0.001839 0.002179 0.002409 0.002517 0.002502 0.002382 0.002140 0.001847 0.001419 0.001383 0.000549 0.000062
0.505496 0.505632 0.434124 0.442909 0.452334 0.410964 0.408364 0.382602 0.371371 0.354416 0.343525 0.333322 0.325870 0.320915 0.318579 0.317080 0.314947 0.310679 0.302915 0.288002 0.267118 0.242761 0.218840 0.195748 0.173725 0.153221 0.133767 0.115307 0.097847 0.080451 0.064646 0.047016 0.034147 0.007004 -0.005492 0.000316 0.000061 0.001105 0.001470 0.001748 0.001937 0.002031 0.002024 0.001932 0.001740 0.001504 0.001158 0.001129 0.000354 -0.000015
0.506777 0.519552 0.432833 0.436453 0.447815 0.408964 0.409317 0.384342 0.374335 0.359627 0.349016 0.338301 0.330201 0.323063 0.317886 0.313113 0.307466 0.300248 0.290295 0.276409 0.258468 0.237817 0.216434 0.195181 0.174444 0.154585 0.135508 0.117101 0.099561 0.081973 0.065899 0.047985 0.034714 0.006169 -0.001066 0.000023 0.000048 0.000883 0.001178 0.001404 0.001560 0.001640 0.001639 0.001569 0.001416 0.001226 0.000944 0.000922 0.000295 0.000379
0.510840 0.521015 0.438159 0.440675 0.451138 0.414273 0.413228 0.389970 0.379427 0.364392 0.353395 0.342396 0.333259 0.324935 0.317593 0.310327 0.302488 0.293269 0.282008 0.267857 0.251125 0.232485 0.213143 0.193493 0.174017 0.154931 0.136348 0.118161 0.100652 0.083013 0.066753 0.048586 0.035457 0.011069 0.000175 0.000014 0.000462 0.000708 0.000944 0.001128 0.001257 0.001324 0.001325 0.001271 0.001149 0.000997 0.000768 0.000751 0.000242 0.000082
0.517206 0.533848 0.430220 0.434777 0.452160 0.413269 0.413453 0.391147 0.380465 0.366747 0.356316 0.344853 0.335088 0.325578 0.316762 0.307857 0.298396 0.287880 0.275858 0.261942 0.246138 0.228850 0.210723 0.192167 0.173539 0.155050 0.136870 0.118914 0.101487 0.083872 0.067528 0.049358 0.035788 0.011467 0.000664 0.000009 0.000357 0.000569 0.000760 0.000908 0.001013 0.001069 0.001073 0.001031 0.000933 0.000812 0.000626 0.000611 0.000206 0.000074
0.516088 0.517776 0.453171 0.429417 0.450854 0.415110 0.411671 0.393357 0.381744 0.369704 0.358431 0.346895 0.336354 0.326103 0.316174 0.306111 0.295588 0.284176 0.271625 0.257586 0.242219 0.225676 0.208424 0.190696 0.172737 0.154765 0.136935 0.119210 0.101860 0.084272 0.067781 0.049524 0.035770 0.007084 0.000165 -0.000056 0.000286 0.000458 0.000611 0.000732 0.000818 0.000864 0.000867 0.000834 0.000757 0.000659 0.000509 0.000496 0.000165 0.000013
0.510346 0.493292 0.469211 0.429896 0.455143 0.417076 0.415937 0.395267 0.386952 0.371157 0.360562 0.348242 0.337201 0.326311 0.315673 0.304749 0.293374 0.281346 0.268503 0.254522 0.239520 0.223527 0.206766 0.189589 0.172101 0.154501 0.136996 0.119489 0.102195 0.084780 0.068381 0.050076 0.036117 0.011525 0.002889 -0.000011 0.000232 0.000367 0.000492 0.000590 0.000660 0.000698 0.000702 0.000676 0.000614 0.000535 0.000414 0.000402 0.000138 0.000034
0.519050 0.486656 0.471621 0.444144 0.445291 0.418996 0.413335 0.394833 0.384361 0.369496 0.357784 0.345653 0.334063 0.323090 0.311824 0.300634 0.289064 0.276933 0.264006 0.249998 0.235197 0.219333 0.203297 0.186807 0.169663 0.152492 0.135366 0.118199 0.101226 0.084005 0.067499 0.049418 0.034895 0.011308 0.002922 -0.000019 0.000184 0.000297 0.000400 0.000476 0.000534 0.000564 0.000568 0.000547 0.000497 0.000434 0.000336 0.000326 0.000125 -0.000009
0.406965 0.483368 0.447409 0.450189 0.426155 0.420750 0.403840 0.393478 0.379630 0.367885 0.355840 0.344526 0.332253 0.325411 0.327682 0.312969 0.298932 0.277528 0.263306 0.249593 0.233242 0.217120 0.200680 0.195053 0.180484 0.153945 0.132201 0.114145 0.096570 0.079360 0.061326 0.046390 0.029217 0.011471 0.003013 0.000028 0.000149 0.000242 0.000320 0.000385 0.000430 0.000456 0.000459 0.000443 0.000403 0.000352 0.000272 0.000265 0.000104 0.000024
0.511884 0.448182 0.494544 0.434636 0.492931 0.461886 0.444893 0.431647 0.416554 0.402138 0.389307 0.341788 0.336867 0.357257 0.344883 0.328615 0.297924 0.261859 0.250464 0.251699 0.256813 0.196776 0.203868 0.193840 0.141735 0.129679 0.120591 0.125291 0.097558 0.075821 0.090304 0.045136 0.028599 0.009089 0.003457 0.000046 0.000122 0.000192 0.000259 0.000310 0.000348 0.000369 0.000372 0.000359 0.000327 0.000286 0.000221 0.000215 0.000140 -0.000009
0.000000 0.000000 0.000000 0.000000 0.000000 0.000000 0.000000 0.000000 0.000000 0.000000 0.000000 0.000000 0.000000 0.000000 0.000000 0.000000 0.000000 0.000000 0.000000 0.000000 0.000000 0.000000 0.000000 0.000000 0.000000 0.000000 0.000000 0.000000 0.000000 0.000000 0.000000 0.000000 0.000000 0.000000 0.000000 -0.000004 0.000098 0.000156 0.000210 0.000251 0.000282 0.000299 0.000301 0.000291 0.000265 0.000231 0.000179 0.000174 0.000114 0.000022
0.000000 0.000000 0.000000 0.000000 0.000000 0.000000 0.000000 0.000000 0.000000 0.000000 0.000000 0.000000 0.000000 0.000000 0.000000 0.000000 0.000000 0.000000 0.000000 0.000000 0.000000 0.000000 0.000000 0.000000 0.000000 0.000000 0.000000 0.000000 0.000000 0.000000 0.000000 0.000000 0.000000 0.000000 0.000000 0.000008 0.000080 0.000126 0.000168 0.000203 0.000228 0.000242 0.000244 0.000236 0.000215 0.000188 0.000145 0.000141 0.000066 -0.000053
0.000000 0.000000 0.000000 0.000000 0.000000 0.000000 0.000000 0.000000 0.000000 0.000000 0.000000 0.000000 0.000000 0.000000 0.000000 0.000000 0.000000 0.000000 0.000000 0.000000 0.000000 0.000000 0.000000 0.000000 0.000000 0.000000 0.000000 0.000000 0.000000 0.000000 0.000000 0.000000 0.000000 0.000000 0.000000 0.000024 0.000065 0.000102 0.000138 0.000165 0.000185 0.000196 0.000198 0.000192 0.000175 0.000153 0.000118 0.000115 0.000073 -0.000006
0.000000 0.000000 0.000000 0.000000 0.000000 0.000000 0.000000 0.000000 0.000000 0.000000 0.000000 0.000000 0.000000 0.000000 0.000000 0.000000 0.000000 0.000000 0.000000 0.000000 0.000000 0.000000 0.000000 0.000000 0.000000 0.000000 0.000000 0.000000 0.000000 0.000000 0.000000 0.000000 0.000000 0.000000 0.000000 0.000016 0.000054 0.000083 0.000111 0.000134 0.000150 0.000160 0.000161 0.000156 0.000142 0.000124 0.000096 0.000094 0.000055 0.000003
0.000000 0.000000 0.000000 0.000000 0.000000 0.000000 0.000000 0.000000 0.000000 0.000000 0.000000 0.000000 0.000000 0.000000 0.000000 0.000000 0.000000 0.000000 0.000000 0.000000 0.000000 0.000000 0.000000 0.000000 0.000000 0.000000 0.000000 0.000000 0.000000 0.000000 0.000000 0.000000 0.000000 0.000000 0.000000 0.000001 0.000044 0.000068 0.000091 0.000110 0.000123 0.000131 0.000132 0.000128 0.000116 0.000102 0.000079 0.000077 0.000042 0.000002
0.000000 0.000000 0.000000 0.000000 0.000000 0.000000 0.000000 0.000000 0.000000 0.000000 0.000000 0.000000 0.000000 0.000000 0.000000 0.000000 0.000000 0.000000 0.000000 0.000000 0.000000 0.000000 0.000000 0.000000 0.000000 0.000000 0.000000 0.000000 0.000000 0.000000 0.000000 0.000000 0.000000 0.000000 0.000000 0.000016 0.000036 0.000056 0.000075 0.000090 0.000101 0.000107 0.000108 0.000105 0.000095 0.000084 0.000065 0.000063 0.000038 0.000009
0.000000 0.000000 0.000000 0.000000 0.000000 0.000000 0.000000 0.000000 0.000000 0.000000 0.000000 0.000000 0.000000 0.000000 0.000000 0.000000 0.000000 0.000000 0.000000 0.000000 0.000000 0.000000 0.000000 0.000000 0.000000 0.000000 0.000000 0.000000 0.000000 0.000000 0.000000 0.000000 0.000000 0.000000 0.000000 0.000010 0.000029 0.000046 0.000062 0.000074 0.000084 0.000089 0.000090 0.000087 0.000079 0.000070 0.000054 0.000052 0.000031 0.000007
0.000000 0.000000 0.000000 0.000000 0.000000 0.000000 0.000000 0.000000 0.000000 0.000000 0.000000 0.000000 0.000000 0.000000 0.000000 0.000000 0.000000 0.000000 0.000000 0.000000 0.000000 0.000000 0.000000 0.000000 0.000000 0.000000 0.000000 0.000000 0.000000 0.000000 0.000000 0.000000 0.000000 0.000000 0.000000 0.000012 0.000025 0.000039 0.000052 0.000062 0.000070 0.000074 0.000075 0.000073 0.000066 0.000058 0.000045 0.000044 0.000024 0.000013
0.000000 0.000000 0.000000 0.000000 0.000000 0.000000 0.000000 0.000000 0.000000 0.000000 0.000000 0.000000 0.000000 0.000000 0.000000 0.000000 0.000000 0.000000 0.000000 0.000000 0.000000 0.000000 0.000000 0.000000 0.000000 0.000000 0.000000 0.000000 0.000000 0.000000 0.000000 0.000000 0.000000 0.000000 0.000000 0.000001 0.000018 0.000033 0.000044 0.000053 0.000060 0.000064 0.000064 0.000062 0.000057 0.000050 0.000039 0.000038 0.000021 0.000003
0.000000 0.000000 0.000000 0.000000 0.000000 0.000000 0.000000 0.000000 0.000000 0.000000 0.000000 0.000000 0.000000 0.000000 0.000000 0.000000 0.000000 0.000000 0.000000 0.000000 0.000000 0.000000 0.000000 0.000000 0.000000 0.000000 0.000000 0.000000 0.000000 0.000000 0.000000 0.000000 0.000000 0.000000 0.000000 0.000003 0.000015 0.000029 0.000039 0.000046 0.000052 0.000055 0.000056 0.000054 0.000049 0.000043 0.000033 0.000037 0.000017 0.000003
0.000000 0.000000 0.000000 0.000000 0.000000 0.000000 0.000000 0.000000 0.000000 0.000000 0.000000 0.000000 0.000000 0.000000 0.000000 0.000000 0.000000 0.000000 0.000000 0.000000 0.000000 0.000000 0.000000 0.000000 0.000000 0.000000 0.000000 0.000000 0.000000 0.000000 0.000000 0.000000 0.000000 0.000000 0.000000 0.000002 0.000012 0.000029 0.000038 0.000046 0.000052 0.000055 0.000055 0.000054 0.000049 0.000043 0.000042 0.000033 0.000016 0.000001
0.000000 0.000000 0.000000 0.000000 0.000000 0.000000 0.000000 0.000000 0.000000 0.000000 0.000000 0.000000 0.000000 0.000000 0.000000 0.000000 0.000000 0.000000 0.000000 0.000000 0.000000 0.000000 0.000000 0.000000 0.000000 0.000000 0.000000 0.000000 0.000000 0.000000 0.000000 0.000000 0.000000 0.000000 0.000000 0.000002 0.000013 0.000022 0.000031 0.000038 0.000043 0.000047 0.000048 0.000051 0.000047 0.000042 0.000035 0.000025 0.000016 -0.000002
0.000000 0.000000 0.000000 0.000000 0.000000 0.000000 0.000000 0.000000 0.000000 0.000000 0.000000 0.000000 0.000000 0.000000 0.000000 0.000000 0.000000 0.000000 0.000000 0.000000 0.000000 0.000000 0.000000 0.000000 0.000000 0.000000 0.000000 0.000000 0.000000 0.000000 0.000000 0.000000 0.000000 0.000000 0.000000 0.000002 0.000015 0.000021 0.000028 0.000036 0.000041 0.000045 0.000039 0.000038 0.000042 0.000037 0.000022 0.000017 0.000011 0.000002
