-0.271145 -0.266502 -0.271039 -0.274670 -0.288919 -0.270070 -0.291616 -0.281553 -0.291130 -0.315303 -0.307712 -0.321389 -0.338282 -0.361110 -0.365705 -0.371801 -0.394112 -0.378420 -0.389619 -0.411866 -0.405107 -0.408443 -0.409967 -0.411325 -0.388041 -0.394152 -0.422394 -0.377744 -0.367543 -0.354808 -0.339885 -0.349131 -0.354524 -0.286793 -0.267119 -0.279471 -0.227523 -0.235059 -0.231255 -0.194672 -0.166162 -0.163442 -0.148527 -0.135962 -0.127430 -0.110886 -0.110850 -0.103334 -0.126442 -0.116348
-0.238692 -0.254692 -0.260421 -0.264527 -0.267819 -0.281091 -0.282746 -0.298580 -0.338015 -0.315933 -0.315181 -0.338276 -0.348179 -0.349840 -0.357280 -0.367284 -0.379130 -0.384203 -0.427612 -0.433510 -0.437971 -0.408323 -0.410163 -0.411838 -0.414085 -0.408158 -0.433472 -0.392359 -0.418962 -0.407927 -0.394436 -0.347657 -0.327536 -0.308631 -0.288595 -0.269145 -0.249133 -0.248766 -0.210829 -0.210701 -0.194598 -0.163281 -0.150411 -0.139535 -0.130116 -0.121971 -0.114668 -0.106943 -0.109251 -0.126816
-0.274877 -0.275062 -0.268992 -0.275724 -0.274869 -0.279743 -0.286764 -0.294542 -0.303215 -0.313000 -0.322863 -0.333785 -0.344448 -0.355616 -0.366259 -0.376953 -0.386866 -0.395724 -0.403960 -0.410839 -0.416049 -0.420103 -0.422636 -0.423726 -0.422368 -0.418682 -0.415460 -0.408714 -0.400625 -0.389575 -0.376755 -0.361221 -0.343439 -0.323867 -0.302676 -0.280704 -0.258692 -0.237233 -0.217005 -0.198215 -0.181166 -0.165995 -0.152697 -0.141350 -0.131529 -0.124284 -0.122652 -0.117195 -0.108020 -0.116449
-0.268528 -0.274947 -0.267655 -0.260064 -0.269929 -0.270403 -0.281297 -0.286576 -0.295903 -0.306539 -0.315005 -0.326775 -0.336837 -0.348934 -0.358216 -0.370024 -0.379013 -0.386863 -0.396722 -0.402676 -0.406859 -0.412594 -0.413529 -0.415838 -0.414001 -0.431069 -0.406174 -0.399766 -0.390615 -0.379087 -0.367290 -0.350855 -0.333561 -0.314387 -0.292671 -0.271520 -0.249887 -0.227926 -0.208735 -0.189913 -0.173018 -0.158993 -0.146052 -0.134564 -0.125738 -0.118654 -0.112634 -0.110082 -0.110226 -0.107141
-0.247534 -0.274866 -0.267172 -0.268006 -0.275959 -0.280730 -0.289103 -0.296604 -0.305857 -0.316103 -0.327177 -0.338185 -0.350672 -0.362324 -0.374638 -0.385871 -0.396765 -0.406446 -0.415419 -0.423042 -0.428490 -0.433330 -0.435593 -0.437136 -0.436073 -0.436875 -0.428761 -0.422708 -0.414394 -0.402003 -0.389464 -0.372296 -0.353000 -0.331473 -0.307715 -0.283421 -0.260036 -0.235362 -0.214859 -0.194054 -0.176555 -0.161059 -0.146589 -0.136850 -0.125091 -0.120418 -0.110674 -0.112194 -0.108030 -0.080343
-0.224705 -0.267404 -0.259158 -0.256209 -0.265534 -0.266832 -0.278886 -0.283949 -0.296344 -0.307055 -0.319124 -0.331566 -0.344229 -0.356134 -0.368996 -0.380394 -0.392298 -0.401834 -0.411909 -0.419582 -0.425475 -0.430888 -0.434105 -0.435589 -0.435869 -0.448694 -0.429573 -0.423803 -0.415563 -0.403835 -0.391446 -0.373831 -0.354324 -0.331012 -0.304872 -0.278199 -0.250985 -0.225493 -0.202490 -0.181809 -0.163329 -0.147970 -0.134668 -0.123547 -0.114438 -0.107253 -0.101633 -0.102231 -0.090122 -0.070396
-0.243172 -0.257401 -0.252785 -0.254108 -0.260370 -0.266670 -0.274358 -0.283902 -0.293560 -0.305116 -0.317789 -0.331278 -0.345329 -0.359608 -0.373827 -0.387670 -0.400719 -0.412583 -0.423160 -0.432205 -0.439429 -0.445121 -0.448927 -0.450831 -0.451168 -0.449456 -0.445929 -0.440522 -0.432862 -0.421469 -0.408667 -0.390848 -0.369853 -0.343772 -0.313595 -0.281054 -0.250212 -0.221564 -0.196444 -0.173905 -0.155029 -0.139314 -0.125474 -0.114974 -0.105552 -0.098772 -0.093856 -0.093999 -0.084448 -0.080506
-0.285553 -0.250171 -0.243938 -0.244002 -0.250606 -0.256694 -0.265825 -0.275490 -0.286549 -0.298953 -0.312611 -0.327315 -0.342728 -0.358733 -0.374558 -0.389696 -0.404018 -0.416812 -0.428601 -0.438607 -0.446653 -0.452991 -0.457443 -0.460038 -0.461010 -0.460475 -0.457427 -0.452630 -0.446014 -0.435954 -0.423420 -0.406771 -0.383243 -0.355459 -0.318086 -0.278986 -0.241938 -0.210828 -0.182432 -0.160379 -0.140507 -0.125067 -0.112156 -0.102075 -0.093508 -0.087510 -0.082212 -0.081749 -0.068212 -0.061854
-0.234260 -0.238973 -0.234849 -0.234945 -0.241797 -0.248203 -0.257519 -0.267783 -0.279825 -0.293407 -0.308484 -0.324839 -0.342126 -0.360140 -0.377895 -0.395624 -0.412051 -0.427152 -0.440280 -0.451426 -0.460360 -0.467309 -0.472269 -0.475383 -0.476852 -0.476082 -0.474794 -0.471045 -0.465574 -0.456779 -0.446016 -0.428057 -0.406821 -0.371789 -0.328949 -0.275185 -0.233534 -0.195358 -0.167181 -0.143120 -0.124317 -0.109501 -0.097307 -0.087520 -0.080120 -0.074695 -0.069973 -0.070012 -0.055674 -0.038928
-0.171321 -0.225049 -0.223147 -0.223328 -0.229783 -0.236936 -0.246630 -0.257603 -0.270635 -0.285386 -0.301908 -0.320100 -0.339470 -0.359997 -0.380471 -0.400957 -0.419741 -0.436871 -0.451471 -0.463781 -0.473465 -0.480976 -0.486351 -0.489912 -0.491925 -0.492586 -0.491704 -0.489450 -0.486010 -0.480589 -0.471485 -0.457299 -0.436452 -0.400333 -0.341530 -0.269992 -0.215789 -0.174699 -0.144018 -0.121298 -0.103559 -0.090051 -0.079356 -0.071092 -0.064721 -0.060064 -0.056003 -0.055543 -0.043009 -0.044001
-0.220051 -0.211708 -0.210351 -0.210617 -0.217094 -0.224671 -0.234704 -0.246394 -0.260366 -0.276431 -0.294637 -0.315012 -0.336972 -0.360672 -0.384398 -0.408585 -0.430391 -0.450157 -0.466442 -0.479952 -0.490237 -0.498103 -0.503634 -0.507414 -0.509768 -0.510948 -0.511265 -0.510765 -0.509924 -0.506258 -0.503703 -0.492039 -0.480538 -0.442158 -0.361898 -0.249996 -0.186003 -0.140841 -0.114247 -0.093700 -0.078522 -0.067445 -0.058795 -0.052509 -0.047257 -0.043928 -0.040797 -0.040806 -0.028100 -0.028869
-0.180132 -0.198245 -0.195356 -0.195630 -0.202155 -0.210010 -0.220406 -0.232712 -0.247588 -0.264968 -0.284940 -0.307776 -0.332688 -0.360346 -0.388041 -0.417176 -0.442609 -0.465513 -0.483527 -0.498144 -0.508718 -0.516614 -0.521928 -0.525599 -0.528006 -0.529974 -0.531013 -0.532161 -0.534281 -0.536803 -0.539399 -0.542434 -0.543919 -0.587323 -0.271650 -0.216166 -0.107220 -0.082113 -0.032523 -0.019760 -0.047546 -0.040411 -0.035465 -0.031669 -0.027278 -0.023564 -0.006319 -0.016576 -0.018600 -0.011987
-0.211810 -0.168532 -0.178686 -0.178973 -0.185535 -0.193554 -0.204171 -0.216946 -0.232560 -0.251168 -0.272956 -0.298441 -0.326909 -0.359373 -0.392423 -0.428211 -0.458643 -0.485270 -0.505012 -0.520375 -0.530614 -0.537935 -0.542401 -0.545422 -0.547399 -0.549542 -0.551214 -0.553906 -0.558875 -0.566554 -0.579538 -0.598613 -0.627280 -0.793595 -0.860197 0.017714 -0.036289 -0.014344 0.003363 0.006770 -0.006830 -0.008475 -0.006093 -0.008582 -0.004692 -0.004258 0.000726 -0.000491 -0.000423 -0.002510
-0.160329 -0.158974 -0.159974 -0.160301 -0.166671 -0.174631 -0.185244 -0.198262 -0.214353 -0.233981 -0.257396 -0.285735 -0.317888 -0.356575 -0.395829 -0.441817 -0.478320 -0.509757 -0.530842 -0.546464 -0.555489 -0.561455 -0.564273 -0.565978 -0.566834 -0.568681 -0.569992 -0.573787 -0.580192 -0.591052 -0.608263 -0.636923 -0.678065 -0.786029 -1.003822 0.000000 0.000000 0.000000 0.000000 0.000000 0.000000 0.000000 0.000000 0.000000 0.000000 0.000000 0.000000 0.000000 0.000000 0.000000
-0.122346 -0.134840 -0.139608 -0.140064 -0.145972 -0.153648 -0.163934 -0.176760 -0.192894 -0.212902 -0.237577 -0.268213 -0.304784 -0.350270 -0.399208 -0.459334 -0.505977 -0.542326 -0.563937 -0.578317 -0.584519 -0.587848 -0.587852 -0.587312 -0.586209 -0.586786 -0.586993 -0.590293 -0.596309 -0.607336 -0.623535 -0.649790 -0.680965 -0.737350 -0.782931 0.000000 0.000000 0.000000 0.000000 0.000000 0.000000 0.000000 0.000000 0.000000 0.000000 0.000000 0.000000 0.000000 0.000000 0.000000
-0.103287 -0.105757 -0.117195 -0.117287 -0.122855 -0.129858 -0.139446 -0.151591 -0.167136 -0.186993 -0.211850 -0.244550 -0.284263 -0.338707 -0.397509 -0.482464 -0.542207 -0.585123 -0.604866 -0.616184 -0.617442 -0.616657 -0.612533 -0.608788 -0.604893 -0.603434 -0.601849 -0.603568 -0.608252 -0.616639 -0.629997 -0.648301 -0.668152 -0.701667 -0.788215 0.000000 0.000000 0.000000 0.000000 0.000000 0.000000 0.000000 0.000000 0.000000 0.000000 0.000000 0.000000 0.000000 0.000000 0.000000
-0.095072 -0.082726 -0.093268 -0.093885 -0.098201 -0.104454 -0.112739 -0.123538 -0.137425 -0.155625 -0.179364 -0.210857 -0.253233 -0.314245 -0.391590 -0.513340 -0.598729 -0.644608 -0.658268 -0.661843 -0.654975 -0.647908 -0.638049 -0.630062 -0.622541 -0.618440 -0.614245 -0.613951 -0.616054 -0.622378 -0.630665 -0.645281 -0.652107 -0.683089 -0.738806 0.000000 0.000000 0.000000 0.000000 0.000000 0.000000 0.000000 0.000000 0.000000 0.000000 0.000000 0.000000 0.000000 0.000000 0.000000
-0.063061 -0.058544 -0.068114 -0.067900 -0.071604 -0.075972 -0.082184 -0.090860 -0.102039 -0.117433 -0.137848 -0.166101 -0.205325 -0.271036 -0.362978 -0.558630 -0.684898 -0.725911 -0.725839 -0.715591 -0.696411 -0.680384 -0.663205 -0.650048 -0.638403 -0.631148 -0.624124 -0.621273 -0.620931 -0.623957 -0.629094 -0.637692 -0.639686 -0.670464 -0.670806 0.000000 0.000000 0.000000 0.000000 0.000000 0.000000 0.000000 0.000000 0.000000 0.000000 0.000000 0.000000 0.000000 0.000000 0.000000
-0.036885 -0.030696 -0.039923 -0.044688 -0.044297 -0.048859 -0.053154 -0.059445 -0.066079 -0.076272 -0.090834 -0.110001 -0.140421 -0.186157 -0.301599 -0.643744 -0.845087 -0.846031 -0.811922 -0.774524 -0.738466 -0.711567 -0.686199 -0.667588 -0.651679 -0.641167 -0.631251 -0.625891 -0.622940 -0.623340 -0.625101 -0.630321 -0.627814 -0.654518 -0.699908 0.000000 0.000000 0.000000 0.000000 0.000000 0.000000 0.000000 0.000000 0.000000 0.000000 0.000000 0.000000 0.000000 0.000000 0.000000
-0.006702 -0.006654 -0.002069 -0.005196 -0.011647 -0.009835 -0.009094 -0.010259 0.006161 -0.016548 -0.025677 -0.044190 0.003370 0.001591 0.053763 -0.463871 -1.228470 -1.006263 -0.908523 -0.837514 -0.778990 -0.739528 -0.705629 -0.681751 -0.661581 -0.647896 -0.635288 -0.627543 -0.622363 -0.620252 -0.619571 -0.621677 -0.616434 -0.642379 -0.697106 0.000000 0.000000 0.000000 0.000000 0.000000 0.000000 0.000000 0.000000 0.000000 0.000000 0.000000 0.000000 0.000000 0.000000 0.000000
0.000000 0.000000 0.000000 0.000000 0.000000 0.000000 0.000000 0.000000 0.000000 0.000000 0.000000 0.000000 0.000000 0.000000 0.000000 -1.557056 -1.300491 -1.095302 -0.963126 -0.872611 -0.802707 -0.756738 -0.717330 -0.689654 -0.666451 -0.650540 -0.635869 -0.626219 -0.619201 -0.615091 -0.612504 -0.612256 -0.605712 -0.628688 -0.682428 0.000000 0.000000 0.000000 0.000000 0.000000 0.000000 0.000000 0.000000 0.000000 0.000000 0.000000 0.000000 0.000000 0.000000 0.000000
0.000000 0.000000 0.000000 0.000000 0.000000 0.000000 0.000000 0.000000 0.000000 0.000000 0.000000 0.000000 0.000000 0.000000 0.000000 -0.387207 -1.169734 -1.051066 -0.949263 -0.869844 -0.803380 -0.758346 -0.718723 -0.690055 -0.665947 -0.648781 -0.632918 -0.621910 -0.613549 -0.607875 -0.603945 -0.601876 -0.594685 -0.617514 -0.638136 0.000000 0.000000 0.000000 0.000000 0.000000 0.000000 0.000000 0.000000 0.000000 0.000000 0.000000 0.000000 0.000000 0.000000 0.000000
0.000000 0.000000 0.000000 0.000000 0.000000 0.000000 0.000000 0.000000 0.000000 0.000000 0.000000 0.000000 0.000000 0.000000 0.000000 -0.693481 -1.046247 -0.981027 -0.907974 -0.848332 -0.790182 -0.749211 -0.712106 -0.684330 -0.660456 -0.642856 -0.626517 -0.614668 -0.605423 -0.598654 -0.593798 -0.590476 -0.583175 -0.602975 -0.649030 0.000000 0.000000 0.000000 0.000000 0.000000 0.000000 0.000000 0.000000 0.000000 0.000000 0.000000 0.000000 0.000000 0.000000 0.000000
0.000000 0.000000 0.000000 0.000000 0.000000 0.000000 0.000000 0.000000 0.000000 0.000000 0.000000 0.000000 0.000000 0.000000 0.000000 -0.657347 -0.994291 -0.911130 -0.861261 -0.817097 -0.768503 -0.732705 -0.699465 -0.673294 -0.651389 -0.633141 -0.616870 -0.604667 -0.594934 -0.587475 -0.581898 -0.577892 -0.569850 -0.598017 -0.576149 0.000000 0.000000 0.000000 0.000000 0.000000 0.000000 0.000000 0.000000 0.000000 0.000000 0.000000 0.000000 0.000000 0.000000 0.000000
0.000000 0.000000 0.000000 0.000000 0.000000 0.000000 0.000000 0.000000 0.000000 0.000000 0.000000 0.000000 0.000000 0.000000 0.000000 -0.292164 -0.871287 -0.839999 -0.809963 -0.776444 -0.740537 -0.710024 -0.681468 -0.657610 -0.637352 -0.619943 -0.604277 -0.592114 -0.582199 -0.574362 -0.568335 -0.563918 -0.555308 -0.583793 -0.575517 0.000000 0.000000 0.000000 0.000000 0.000000 0.000000 0.000000 0.000000 0.000000 0.000000 0.000000 0.000000 0.000000 0.000000 0.000000
0.000000 0.000000 0.000000 0.000000 0.000000 0.000000 0.000000 0.000000 0.000000 0.000000 0.000000 0.000000 0.000000 0.000000 0.000000 -0.501284 -0.786249 -0.781146 -0.762756 -0.737551 -0.709959 -0.684334 -0.660043 -0.638688 -0.620215 -0.603960 -0.589149 -0.577261 -0.567402 -0.559431 -0.553201 -0.548532 -0.540045 -0.566540 -0.537709 0.000000 0.000000 0.000000 0.000000 0.000000 0.000000 0.000000 0.000000 0.000000 0.000000 0.000000 0.000000 0.000000 0.000000 0.000000
0.000000 0.000000 0.000000 0.000000 0.000000 0.000000 0.000000 0.000000 0.000000 0.000000 0.000000 0.000000 0.000000 0.000000 0.000000 -0.202733 -0.750439 -0.730789 -0.720302 -0.699878 -0.678248 -0.656524 -0.636113 -0.617221 -0.600637 -0.585570 -0.571777 -0.560346 -0.550705 -0.542738 -0.536396 -0.531543 -0.522817 -0.536035 -0.578483 0.000000 0.000000 0.000000 0.000000 0.000000 0.000000 0.000000 0.000000 0.000000 0.000000 0.000000 0.000000 0.000000 0.000000 0.000000
0.000000 0.000000 0.000000 0.000000 0.000000 0.000000 0.000000 0.000000 0.000000 0.000000 0.000000 0.000000 0.000000 0.000000 0.000000 -0.117851 -0.706312 -0.685791 -0.676819 -0.662117 -0.645460 -0.627610 -0.610516 -0.593985 -0.579151 -0.565394 -0.552572 -0.541669 -0.532321 -0.524458 -0.518105 -0.513187 -0.504517 -0.513677 -0.557618 0.000000 0.000000 0.000000 0.000000 0.000000 0.000000 0.000000 0.000000 0.000000 0.000000 0.000000 0.000000 0.000000 0.000000 0.000000
0.000000 0.000000 0.000000 0.000000 0.000000 0.000000 0.000000 0.000000 0.000000 0.000000 0.000000 0.000000 0.000000 0.000000 0.000000 -0.125521 -0.661840 -0.641155 -0.636732 -0.626116 -0.613341 -0.598495 -0.584155 -0.569647 -0.556461 -0.543407 -0.531873 -0.521479 -0.512431 -0.504682 -0.498372 -0.493361 -0.484942 -0.496976 -0.533633 0.000000 0.000000 0.000000 0.000000 0.000000 0.000000 0.000000 0.000000 0.000000 0.000000 0.000000 0.000000 0.000000 0.000000 0.000000
0.000000 0.000000 0.000000 0.000000 0.000000 0.000000 0.000000 0.000000 0.000000 0.000000 0.000000 0.000000 0.000000 0.000000 0.000000 -0.186622 -0.621404 -0.605044 -0.604500 -0.593957 -0.582845 -0.569845 -0.557513 -0.544656 -0.532769 -0.520789 -0.509966 -0.500003 -0.491203 -0.483534 -0.477255 -0.472149 -0.464035 -0.474232 -0.507869 0.000000 0.000000 0.000000 0.000000 0.000000 0.000000 0.000000 0.000000 0.000000 0.000000 0.000000 0.000000 0.000000 0.000000 0.000000
0.000000 0.000000 0.000000 0.000000 0.000000 0.000000 0.000000 0.000000 0.000000 0.000000 0.000000 0.000000 0.000000 0.000000 0.000000 -0.359558 -0.589743 -0.570215 -0.567187 -0.560384 -0.551940 -0.541257 -0.530731 -0.519333 -0.508581 -0.497401 -0.487120 -0.477441 -0.468772 -0.461108 -0.454733 -0.449663 -0.441342 -0.446068 -0.497755 0.000000 0.000000 0.000000 0.000000 0.000000 0.000000 0.000000 0.000000 0.000000 0.000000 0.000000 0.000000 0.000000 0.000000 0.000000
0.000000 0.000000 0.000000 0.000000 0.000000 0.000000 0.000000 0.000000 0.000000 0.000000 0.000000 0.000000 0.000000 0.000000 0.000000 -0.014581 -0.553987 -0.533499 -0.534392 -0.529310 -0.522570 -0.513393 -0.504238 -0.493972 -0.484017 -0.473497 -0.463558 -0.453971 -0.445280 -0.437467 -0.430958 -0.425660 -0.417504 -0.424789 -0.455011 0.000000 0.000000 0.000000 0.000000 0.000000 0.000000 0.000000 0.000000 0.000000 0.000000 0.000000 0.000000 0.000000 0.000000 0.000000
0.000000 0.000000 0.000000 0.000000 0.000000 0.000000 0.000000 0.000000 0.000000 0.000000 0.000000 0.000000 0.000000 0.000000 0.000000 -0.317242 -0.520663 -0.505838 -0.506963 -0.501029 -0.494978 -0.486623 -0.478408 -0.468927 -0.459519 -0.449347 -0.439506 -0.429725 -0.420803 -0.412631 -0.405837 -0.400099 -0.392226 -0.396394 -0.479834 0.000000 0.000000 0.000000 0.000000 0.000000 0.000000 0.000000 0.000000 0.000000 0.000000 0.000000 0.000000 0.000000 0.000000 0.000000
0.000000 0.000000 0.000000 0.000000 0.000000 0.000000 0.000000 0.000000 0.000000 0.000000 0.000000 0.000000 0.000000 0.000000 0.000000 -0.109362 -0.495594 -0.470780 -0.474128 -0.471481 -0.466993 -0.460124 -0.452930 -0.444207 -0.435284 -0.425169 -0.415152 -0.404870 -0.395426 -0.386689 -0.379420 -0.373274 -0.365535 -0.365986 -0.373992 0.000000 0.000000 0.000000 0.000000 0.000000 0.000000 0.000000 0.000000 0.000000 0.000000 0.000000 0.000000 0.000000 0.000000 0.000000
0.000000 0.000000 0.000000 0.000000 0.000000 0.000000 0.000000 0.000000 0.000000 0.000000 0.000000 0.000000 0.000000 0.000000 0.000000 -0.116763 -0.462411 -0.445668 -0.451360 -0.447282 -0.442183 -0.435441 -0.428731 -0.420369 -0.411586 -0.401247 -0.390767 -0.379404 -0.369163 -0.359517 -0.351537 -0.344981 -0.336975 -0.336785 -0.349053 0.000000 0.000000 0.000000 0.000000 0.000000 0.000000 0.000000 0.000000 0.000000 0.000000 0.000000 0.000000 0.000000 0.000000 0.000000
0.000000 0.000000 0.000000 0.000000 0.000000 0.000000 0.000000 0.000000 0.000000 0.000000 0.000000 0.000000 0.000000 0.000000 0.000000 -0.098287 -0.433283 -0.421840 -0.421509 -0.419644 -0.416221 -0.410915 -0.405200 -0.397400 -0.388823 -0.377998 -0.366523 -0.353574 -0.341900 -0.331055 -0.322030 -0.314894 -0.306386 -0.306706 -0.311044 0.000000 0.000000 0.000000 0.000000 0.000000 0.000000 0.000000 0.000000 0.000000 0.000000 0.000000 0.000000 0.000000 0.000000 0.000000
0.000000 0.000000 0.000000 0.000000 0.000000 0.000000 0.000000 0.000000 0.000000 0.000000 0.000000 0.000000 0.000000 0.000000 0.000000 -0.119245 -0.408068 -0.389784 -0.395106 -0.394639 -0.392405 -0.388011 -0.383264 -0.375866 -0.367604 -0.355672 -0.343052 -0.326876 -0.313666 -0.300899 -0.290734 -0.282740 -0.274022 -0.287836 -0.271850 0.000000 0.000000 0.000000 0.000000 0.000000 0.000000 0.000000 0.000000 0.000000 0.000000 0.000000 0.000000 0.000000 0.000000 0.000000
0.000000 0.000000 0.000000 0.000000 0.000000 0.000000 0.000000 0.000000 0.000000 0.000000 0.000000 0.000000 0.000000 0.000000 0.000000 -0.128874 -0.378618 -0.370577 -0.371926 -0.370734 -0.369598 -0.366340 -0.362950 -0.356347 -0.348374 -0.335709 -0.320375 -0.300196 -0.283583 -0.268961 -0.257094 -0.248387 -0.239641 -0.251859 -0.226230 0.000000 0.000000 0.000000 0.000000 0.000000 0.000000 0.000000 0.000000 0.000000 0.000000 0.000000 0.000000 0.000000 0.000000 0.000000
0.000000 0.000000 0.000000 0.000000 0.000000 0.000000 0.000000 0.000000 0.000000 0.000000 0.000000 0.000000 0.000000 0.000000 0.000000 -0.075122 -0.344156 -0.340274 -0.346670 -0.347416 -0.347631 -0.345964 -0.344673 -0.339140 -0.333212 -0.318029 -0.300697 -0.270685 -0.251994 -0.234047 -0.220732 -0.211105 -0.202276 -0.212841 -0.185901 0.000000 0.000000 0.000000 0.000000 0.000000 0.000000 0.000000 0.000000 0.000000 0.000000 0.000000 0.000000 0.000000 0.000000 0.000000
0.000000 0.000000 0.000000 0.000000 0.000000 0.000000 0.000000 0.000000 0.000000 0.000000 0.000000 0.000000 0.000000 0.000000 0.000000 -0.065908 -0.308471 -0.323267 -0.325309 -0.325568 -0.327011 -0.327196 -0.328744 -0.325711 -0.322027 -0.307916 -0.283331 -0.242176 -0.215107 -0.195870 -0.180637 -0.171200 -0.162727 -0.171887 -0.160696 0.000000 0.000000 0.000000 0.000000 0.000000 0.000000 0.000000 0.000000 0.000000 0.000000 0.000000 0.000000 0.000000 0.000000 0.000000
0.000000 0.000000 0.000000 0.000000 0.000000 0.000000 0.000000 0.000000 0.000000 0.000000 0.000000 0.000000 0.000000 0.000000 0.000000 -0.070555 -0.298372 -0.286923 -0.293388 -0.299283 -0.304852 -0.308711 -0.315000 -0.315856 -0.320436 -0.303959 -0.275032 -0.205528 -0.173999 -0.149769 -0.135260 -0.125743 -0.117765 -0.128379 -0.107266 0.000000 0.000000 0.000000 0.000000 0.000000 0.000000 0.000000 0.000000 0.000000 0.000000 0.000000 0.000000 0.000000 0.000000 0.000000
0.000000 0.000000 0.000000 0.000000 0.000000 0.000000 0.000000 0.000000 0.000000 0.000000 0.000000 0.000000 0.000000 0.000000 0.000000 -0.075686 -0.302601 -0.264130 -0.273865 -0.277975 -0.284482 -0.291105 -0.302817 -0.310125 -0.327221 -0.326820 -0.281993 -0.166645 -0.122979 -0.100336 -0.087411 -0.082933 -0.075382 -0.100574 -0.097259 0.000000 0.000000 0.000000 0.000000 0.000000 0.000000 0.000000 0.000000 0.000000 0.000000 0.000000 0.000000 0.000000 0.000000 0.000000
0.000000 0.000000 0.000000 0.000000 0.000000 0.000000 0.000000 0.000000 0.000000 0.000000 0.000000 0.000000 0.000000 0.000000 0.000000 -0.054521 -0.239612 -0.236642 -0.244431 -0.251896 -0.261027 -0.272203 -0.290186 -0.310248 -0.347946 -0.333841 -0.540656 -0.057888 -0.037358 -0.032109 -0.029222 -0.028700 -0.031249 -0.051443 -0.056053 0.000000 0.000000 0.000000 0.000000 0.000000 0.000000 0.000000 0.000000 0.000000 0.000000 0.000000 0.000000 0.000000 0.000000 0.000000
0.000000 0.000000 0.000000 0.000000 0.000000 0.000000 0.000000 0.000000 0.000000 0.000000 0.000000 0.000000 0.000000 0.000000 0.000000 -0.070052 -0.243069 -0.204985 -0.216119 -0.225191 -0.234279 -0.248739 -0.268529 -0.298936 -0.341976 -0.491641 -0.487337 -0.014760 -0.020098 -0.018089 -0.021308 -0.016683 -0.002982 -0.019376 -0.010227 0.000000 0.000000 0.000000 0.000000 0.000000 0.000000 0.000000 0.000000 0.000000 0.000000 0.000000 0.000000 0.000000 0.000000 0.000000
0.000000 0.000000 0.000000 0.000000 0.000000 0.000000 0.000000 0.000000 0.000000 0.000000 0.000000 0.000000 0.000000 0.000000 0.000000 -0.064504 -0.177467 -0.180597 -0.185657 -0.193864 -0.202427 -0.215930 -0.231066 -0.260035 -0.284341 -0.418371 -0.467944 0.000000 0.000000 0.000000 0.000000 0.000000 0.000000 0.000000 0.000000 0.000000 0.000000 0.000000 0.000000 0.000000 0.000000 0.000000 0.000000 0.000000 0.000000 0.000000 0.000000 0.000000 0.000000 0.000000
0.000000 0.000000 0.000000 0.000000 0.000000 0.000000 0.000000 0.000000 0.000000 0.000000 0.000000 0.000000 0.000000 0.000000 0.000000 -0.086045 -0.138267 -0.143518 -0.149431 -0.158711 -0.166771 -0.178944 -0.193352 -0.213527 -0.233315 -0.274608 -0.294838 0.000000 0.000000 0.000000 0.000000 0.000000 0.000000 0.000000 0.000000 0.000000 0.000000 0.000000 0.000000 0.000000 0.000000 0.000000 0.000000 0.000000 0.000000 0.000000 0.000000 0.000000 0.000000 0.000000
0.000000 0.000000 0.000000 0.000000 0.000000 0.000000 0.000000 0.000000 0.000000 0.000000 0.000000 0.000000 0.000000 0.000000 0.000000 -0.032482 -0.094421 -0.131242 -0.123084 -0.125055 -0.128436 -0.135133 -0.141885 -0.158040 -0.231878 -0.200625 -0.228435 0.000000 0.000000 0.000000 0.000000 0.000000 0.000000 0.000000 0.000000 0.000000 0.000000 0.000000 0.000000 0.000000 0.000000 0.000000 0.000000 0.000000 0.000000 0.000000 0.000000 0.000000 0.000000 0.000000
0.000000 0.000000 0.000000 0.000000 0.000000 0.000000 0.000000 0.000000 0.000000 0.000000 0.000000 0.000000 0.000000 0.000000 0.000000 -0.015432 -0.051902 -0.103604 -0.115687 -0.120165 -0.122723 -0.130731 -0.140346 -0.153136 -0.161723 -0.134979 -0.142194 0.000000 0.000000 0.000000 0.000000 0.000000 0.000000 0.000000 0.000000 0.000000 0.000000 0.000000 0.000000 0.000000 0.000000 0.000000 0.000000 0.000000 0.000000 0.000000 0.000000 0.000000 0.000000 0.000000
0.000000 0.000000 0.000000 0.000000 0.000000 0.000000 0.000000 0.000000 0.000000 0.000000 0.000000 0.000000 0.000000 0.000000 0.000000 -0.002186 -0.032861 -0.008337 -0.027143 -0.035925 -0.043429 -0.048759 -0.058943 -0.071147 -0.067491 -0.076680 -0.108172 0.000000 0.000000 0.000000 0.000000 0.000000 0.000000 0.000000 0.000000 0.000000 0.000000 0.000000 0.000000 0.000000 0.000000 0.000000 0.000000 0.000000 0.000000 0.000000 0.000000 0.000000 0.000000 0.000000
0.000000 0.000000 0.000000 0.000000 0.000000 0.000000 0.000000 0.000000 0.000000 0.000000 0.000000 0.000000 0.000000 0.000000 0.000000 -0.007344 0.012594 -0.012156 0.000505 0.016997 -0.010779 -0.001543 -0.009474 -0.004970 -0.004063 -0.001207 -0.002229 0.000000 0.000000 0.000000 0.000000 0.000000 0.000000 0.000000 0.000000 0.000000 0.000000 0.000000 0.000000 0.000000 0.000000 0.000000 0.000000 0.000000 0.000000 0.000000 0.000000 0.000000 0.000000 0.000000
