0.538920 0.479414 0.423038 0.522957 0.501332 0.507548 0.501935 0.516053 0.506239 0.509135 0.495826 0.501279 0.509653 0.490017 0.506625 0.508246 0.508799 0.530245 0.512373 0.506734 0.512129 0.506282 0.494070 0.487350 0.404594 0.403496 0.406629 0.510327 0.512373 0.498590 0.510216 0.510304 0.506565 0.502911 0.407048 0.490623 0.510415 0.500122 0.510345 0.508741 0.509292 0.507942 0.508735 0.509693 0.506624 0.504756 0.512820 0.518329 0.542349 0.519716
0.469214 0.480004 0.439793 0.494319 0.517635 0.529832 0.525936 0.528857 0.515531 0.507760 0.512773 0.515829 0.516681 0.514132 0.499706 0.505356 0.504493 0.490450 0.489213 0.516516 0.514594 0.514541 0.517296 0.517233 0.519202 0.490657 0.492878 0.493924 0.494392 0.495210 0.497302 0.526586 0.530867 0.501706 0.503238 0.506590 0.539966 0.542719 0.544646 0.546733 0.551019 0.540633 0.543315 0.541432 0.541532 0.514420 0.513727 0.454194 0.489876 0.558799
0.495887 0.465270 0.460230 0.427315 0.445587 0.444295 0.440085 0.439044 0.440857 0.442825 0.444446 0.447641 0.449143 0.450738 0.453730 0.455614 0.457226 0.458832 0.460477 0.462702 0.464425 0.466964 0.469594 0.472301 0.475340 0.478499 0.481841 0.485164 0.488956 0.493165 0.497816 0.502301 0.507096 0.511602 0.515712 0.520325 0.524464 0.529295 0.533931 0.536712 0.542875 0.544580 0.551896 0.551930 0.559120 0.563512 0.537555 0.585127 0.573888 0.557308
0.453769 0.480788 0.456084 0.424576 0.444039 0.439721 0.450251 0.445543 0.447599 0.437967 0.447400 0.439331 0.447956 0.442477 0.445052 0.443169 0.445769 0.447598 0.448559 0.450590 0.453146 0.455101 0.457059 0.460310 0.463708 0.466958 0.471703 0.476822 0.480353 0.484402 0.487735 0.491994 0.496104 0.501940 0.507445 0.512788 0.518038 0.522220 0.527100 0.531744 0.531983 0.537770 0.534456 0.541246 0.538942 0.548494 0.537038 0.605984 0.614767 0.655685
0.473866 0.418508 0.448496 0.447210 0.465892 0.456174 0.463076 0.460040 0.464452 0.453482 0.463610 0.453407 0.464277 0.460246 0.463529 0.464589 0.467374 0.471827 0.474058 0.477390 0.481660 0.485186 0.488262 0.492695 0.497034 0.502644 0.506399 0.513736 0.517963 0.524523 0.528423 0.534480 0.538545 0.545106 0.551037 0.556881 0.562217 0.566634 0.570959 0.578039 0.577068 0.587608 0.581781 0.587608 0.583792 0.609403 0.581758 0.598732 0.651886 0.617639
0.441797 0.450775 0.416735 0.407576 0.425561 0.416167 0.423902 0.418080 0.421959 0.412959 0.423689 0.415671 0.426294 0.420030 0.425966 0.423958 0.428117 0.429707 0.432833 0.435965 0.440057 0.444209 0.448728 0.454075 0.459726 0.466053 0.472455 0.479930 0.486825 0.494495 0.501810 0.509935 0.517671 0.526491 0.534851 0.542944 0.551896 0.558403 0.567596 0.572630 0.578576 0.585209 0.588604 0.594971 0.596943 0.608900 0.603528 0.616979 0.673274 0.656445
0.411848 0.435542 0.414159 0.406502 0.420642 0.418685 0.421630 0.420036 0.421455 0.415821 0.422554 0.417997 0.425136 0.424224 0.428171 0.429961 0.433261 0.436682 0.440494 0.444798 0.449777 0.455070 0.460756 0.467130 0.473922 0.482805 0.489116 0.497936 0.506443 0.515891 0.524948 0.534824 0.544328 0.554568 0.564687 0.574289 0.584693 0.592107 0.601824 0.609900 0.612715 0.624682 0.619619 0.638047 0.629029 0.650637 0.637075 0.643605 0.652075 0.658023
0.385425 0.379383 0.389970 0.386576 0.394680 0.390044 0.394757 0.391023 0.394078 0.390883 0.396145 0.393409 0.399250 0.397703 0.401549 0.403169 0.406828 0.410439 0.414806 0.419623 0.425121 0.431178 0.437858 0.445240 0.453244 0.463170 0.471240 0.481288 0.491698 0.502790 0.514148 0.526100 0.538172 0.550597 0.563049 0.575161 0.587565 0.598552 0.610012 0.619879 0.628886 0.637421 0.644251 0.650021 0.657138 0.660504 0.666361 0.669449 0.681194 0.772850
0.408026 0.364148 0.378757 0.376661 0.381421 0.380352 0.382251 0.381814 0.382973 0.382530 0.384952 0.385278 0.388402 0.389972 0.393308 0.396330 0.400280 0.404585 0.409531 0.415091 0.421355 0.428299 0.435960 0.444403 0.453585 0.464463 0.474287 0.485857 0.497974 0.510835 0.524065 0.537897 0.551931 0.566288 0.580696 0.594764 0.608865 0.621733 0.634546 0.646245 0.655756 0.667151 0.672101 0.684152 0.686967 0.696979 0.696780 0.698407 0.695293 0.722400
0.364071 0.349156 0.360914 0.359334 0.362186 0.360400 0.362415 0.361630 0.362853 0.363182 0.365007 0.366029 0.368580 0.370493 0.373623 0.376876 0.380971 0.385605 0.390982 0.397086 0.403996 0.411726 0.420312 0.429797 0.440175 0.452067 0.463690 0.476829 0.490758 0.505518 0.520909 0.536948 0.553381 0.570132 0.586969 0.603589 0.619971 0.635530 0.650472 0.664388 0.676871 0.688716 0.698258 0.705311 0.714442 0.720446 0.725737 0.726851 0.740005 0.837406
0.375974 0.333380 0.345695 0.345009 0.346689 0.346346 0.347350 0.347461 0.348389 0.349145 0.350622 0.352095 0.354380 0.356805 0.360005 0.363643 0.368022 0.373080 0.378933 0.385620 0.393206 0.401727 0.411227 0.421744 0.433295 0.446410 0.459584 0.474333 0.490064 0.506769 0.524288 0.542569 0.561379 0.580573 0.599889 0.619011 0.637777 0.655703 0.672730 0.688592 0.702775 0.716167 0.727033 0.737551 0.744815 0.752973 0.757061 0.758088 0.771979 0.830565
0.320344 0.317700 0.329069 0.328199 0.329211 0.329104 0.329684 0.329916 0.330705 0.331552 0.332879 0.334427 0.336561 0.339057 0.342234 0.346006 0.350547 0.355883 0.362108 0.369281 0.377472 0.386729 0.397103 0.408633 0.421355 0.435834 0.450513 0.466962 0.484608 0.503412 0.523251 0.544014 0.565488 0.587456 0.609621 0.631639 0.653201 0.673893 0.693435 0.711589 0.727953 0.742800 0.755428 0.766430 0.775535 0.783405 0.788888 0.789869 0.804077 0.833358
0.304034 0.324356 0.312873 0.312439 0.313180 0.313051 0.313464 0.313779 0.314426 0.315234 0.316415 0.317932 0.319958 0.322478 0.325656 0.329525 0.334213 0.339790 0.346350 0.353969 0.362724 0.372674 0.383881 0.396390 0.410252 0.425885 0.442225 0.460381 0.479966 0.500939 0.523193 0.546594 0.570922 0.595905 0.621193 0.646380 0.671032 0.694705 0.716952 0.737523 0.756013 0.772555 0.786679 0.798929 0.808774 0.817025 0.823078 0.823943 0.905385 0.929156
0.299229 0.312238 0.296388 0.296054 0.296332 0.296125 0.296417 0.296632 0.297120 0.297788 0.298786 0.300150 0.301998 0.304395 0.307470 0.311311 0.316040 0.321757 0.328566 0.336555 0.345812 0.356398 0.368389 0.381832 0.396800 0.413704 0.431584 0.451485 0.473079 0.496336 0.521175 0.547445 0.574923 0.603283 0.632113 0.660921 0.689129 0.716205 0.741535 0.764807 0.785606 0.803930 0.819555 0.832762 0.843514 0.852063 0.858683 0.859541 0.923713 0.856966
0.303561 0.285432 0.280095 0.279752 0.279878 0.279534 0.279638 0.279686 0.279951 0.280392 0.281137 0.282253 0.283848 0.286025 0.288908 0.292620 0.297293 0.303051 0.310016 0.318285 0.327965 0.339109 0.351819 0.366140 0.382161 0.400242 0.419674 0.441315 0.464950 0.490578 0.518153 0.547527 0.578476 0.610626 0.643477 0.676439 0.708719 0.739689 0.768472 0.794707 0.817994 0.838748 0.855775 0.870333 0.881342 0.882534 0.892167 0.898625 0.872607 0.908264
0.265363 0.259283 0.263641 0.263318 0.263151 0.262725 0.262610 0.262423 0.262405 0.262540 0.262948 0.263711 0.264948 0.266780 0.269350 0.272808 0.277311 0.283007 0.290047 0.298529 0.308577 0.320222 0.333578 0.348688 0.365666 0.384757 0.405736 0.429065 0.454734 0.482782 0.513227 0.545930 0.580698 0.617100 0.654570 0.692365 0.729448 0.765013 0.797777 0.827352 0.853157 0.875190 0.893488 0.908332 0.920158 0.929045 0.935960 0.936772 0.930057 1.078085
0.249599 0.243197 0.247252 0.246939 0.246586 0.246006 0.245593 0.245110 0.244735 0.244477 0.244451 0.244748 0.245498 0.246842 0.248945 0.251980 0.256144 0.261606 0.268560 0.277099 0.287400 0.299412 0.313341 0.329152 0.347026 0.366913 0.389498 0.414462 0.442155 0.472681 0.506156 0.542489 0.581536 0.622843 0.665704 0.709280 0.752035 0.793073 0.830395 0.863680 0.892153 0.915963 0.935274 0.950533 0.962396 0.971050 0.977667 0.978407 0.967111 1.052310
0.233163 0.243171 0.230921 0.230575 0.230048 0.229258 0.228522 0.227690 0.226891 0.226155 0.225593 0.225304 0.225434 0.226139 0.227621 0.230082 0.233780 0.238912 0.245737 0.254343 0.264907 0.277311 0.291705 0.308064 0.326626 0.346934 0.371009 0.397382 0.426914 0.459796 0.496293 0.536369 0.580048 0.626797 0.675982 0.726429 0.776231 0.824108 0.866871 0.904429 0.935681 0.961095 0.981020 0.996226 1.007613 1.015669 1.021557 1.022311 1.007295 1.063374
0.264091 0.225869 0.214633 0.214320 0.213550 0.212583 0.211491 0.210257 0.208962 0.207657 0.206443 0.205424 0.204758 0.204611 0.205229 0.206830 0.209763 0.214230 0.220643 0.228985 0.239672 0.252149 0.266996 0.283787 0.303009 0.323538 0.349102 0.376735 0.407998 0.443198 0.482821 0.526992 0.575889 0.629151 0.685847 0.744997 0.803323 0.859770 0.908871 0.951125 0.985002 1.011539 1.031379 1.045790 1.055974 1.062800 1.067443 1.068126 1.135178 1.114287
0.241458 0.209423 0.198620 0.198386 0.197293 0.196079 0.194577 0.192886 0.191026 0.189063 0.187088 0.185201 0.183581 0.182392 0.181959 0.182503 0.184543 0.188293 0.194360 0.202785 0.213793 0.226826 0.241908 0.258936 0.278300 0.297936 0.325033 0.353358 0.385793 0.422782 0.465131 0.513058 0.567360 0.627420 0.693198 0.762718 0.832583 0.900748 0.957639 1.005386 1.041632 1.068512 1.087197 1.099694 1.107635 1.112336 1.115010 1.115557 1.092641 1.154349
0.176916 0.192324 0.182930 0.182674 0.181324 0.179791 0.177865 0.175663 0.173177 0.170462 0.167598 0.164665 0.161860 0.159310 0.157438 0.156401 0.157004 0.159303 0.164519 0.172180 0.183616 0.196119 0.211784 0.228803 0.248554 0.267236 0.295724 0.324432 0.357702 0.396199 0.441095 0.493096 0.553210 0.621867 0.698213 0.781964 0.866049 0.949880 1.016310 1.069702 1.107419 1.133096 1.148991 1.158033 1.162459 1.163979 1.164243 1.164445 1.228444 1.181979
0.208334 0.176788 0.167520 0.167273 0.165669 0.163818 0.161452 0.158711 0.155551 0.152015 0.148168 0.144052 0.139895 0.135746 0.132203 0.129273 0.128262 0.129029 0.133566 0.141924 0.154119 0.168521 0.184070 0.201049 0.219906 0.234899 0.265496 0.293570 0.326551 0.365291 0.411561 0.466100 0.531691 0.607817 0.697501 0.797593 0.903322 1.011848 1.089107 1.148638 1.185921 1.207776 1.218205 1.221441 1.220448 1.217434 1.214145 1.214117 1.180329 1.267579
0.161354 0.160584 0.152576 0.152308 0.150449 0.148267 0.145453 0.142152 0.138282 0.133859 0.128922 0.123443 0.117665 0.111482 0.105696 0.099920 0.096356 0.093929 0.096857 0.103824 0.118895 0.131203 0.147988 0.164162 0.183200 0.196158 0.226733 0.253526 0.285384 0.323426 0.369891 0.426739 0.496610 0.582554 0.686004 0.810353 0.943321 1.086561 1.181019 1.244758 1.278347 1.292217 1.293778 1.288505 1.280116 1.271353 1.263226 1.263193 1.223328 1.351866
0.135236 0.135646 0.138117 0.137844 0.135737 0.133243 0.129996 0.126143 0.121567 0.116243 0.110181 0.103252 0.095730 0.087233 0.078914 0.069581 0.063134 0.056053 0.057845 0.067649 0.084733 0.103829 0.120142 0.135958 0.152114 0.157033 0.190848 0.214995 0.244200 0.279716 0.324126 0.379684 0.452205 0.543244 0.663846 0.813455 0.994522 1.204597 1.309455 1.372153 1.393973 1.391881 1.378502 1.360253 1.341507 1.325117 1.311128 1.311308 1.264118 1.378999
0.119056 0.142429 0.124223 0.123992 0.121620 0.118853 0.115202 0.110835 0.105583 0.099378 0.092178 0.083728 0.074279 0.063091 0.051530 0.037280 0.026427 0.011935 0.008263 0.018872 0.049506 0.062127 0.078970 0.093311 0.109314 0.109519 0.141506 0.161230 0.185390 0.215532 0.255053 0.306659 0.375239 0.468367 0.600412 0.785347 1.025383 1.333314 1.476834 1.529474 1.526942 1.498964 1.464940 1.430558 1.399919 1.375156 1.354650 1.355086 1.388387 1.361151
0.106640 0.116775 0.110996 0.110761 0.108215 0.105192 0.101204 0.096392 0.090550 0.083559 0.075320 0.065442 0.054123 0.040078 0.024949 0.003977 -0.010710 -0.044904 -0.043213 -0.026642 0.008098 0.035122 0.055549 0.067949 0.078230 0.067611 0.102961 0.118016 0.136490 0.160844 0.190870 0.234245 0.293364 0.386270 0.519873 0.738500 1.112004 1.621958 1.753420 1.752356 1.695884 1.623269 1.558789 1.501783 1.455871 1.420948 1.393421 1.394224 1.437945 1.399090
0.141115 0.103456 0.098455 0.098207 0.095548 0.092353 0.088115 0.082969 0.076674 0.069080 0.060006 0.048991 0.036046 0.019369 0.000593 -0.026105 -0.049905 -0.094603 -0.083871 -0.071806 -0.011504 0.023367 -0.001084 0.039771 0.043724 0.047047 0.054967 0.059672 0.067493 0.078156 0.090018 0.103974 0.122970 0.300283 0.239899 0.452930 0.747154 1.736820 1.852906 2.010809 1.862101 1.730507 1.633002 1.556160 1.498293 1.455634 1.423157 1.424392 1.466979 1.483739
0.080523 0.090850 0.086697 0.086442 0.083717 0.080399 0.076018 0.070675 0.064107 0.056148 0.046532 0.034828 0.020524 0.002567 -0.019991 -0.049093 -0.090050 -0.137412 -0.452838 -0.505562 -0.002679 -0.001414 -0.000412 -0.006636 -0.004255 -0.003357 -0.002034 -0.000445 -0.001256 -0.013342 0.019767 0.009254 0.011950 0.012408 0.027988 0.053362 0.071750 3.684215 4.166073 2.379385 2.058613 1.841009 1.707298 1.603796 1.531903 1.481384 1.444134 1.445094 1.376163 1.468591
0.070886 0.088254 0.075736 0.075484 0.072755 0.069423 0.065009 0.059638 0.053019 0.045017 0.035326 0.023642 0.009155 -0.008415 -0.030952 -0.058376 -0.097856 -0.143363 -0.254653 0.008502 0.042631 0.030460 0.001919 0.035384 0.036964 0.004231 0.007973 0.028948 0.041246 0.014117 0.056635 0.045914 0.013347 0.024536 -0.007991 -0.383682 -0.699148 1.607318 4.353666 2.373729 2.076055 1.854215 1.713168 1.609923 1.538511 1.488794 1.451077 1.452806 1.383261 1.524826
0.094235 0.068232 0.065449 0.065206 0.062592 0.059310 0.055030 0.049788 0.043352 0.035593 0.026224 0.015012 0.001245 -0.015048 -0.035542 -0.059150 -0.092069 -0.122554 -0.191382 0.087064 0.090767 0.082045 0.084666 0.086366 0.090207 0.084901 0.101943 0.110766 0.120932 0.133363 0.149774 0.166973 0.184608 0.193729 0.200206 0.200965 0.721894 2.511765 2.158720 2.023078 1.859455 1.742680 1.648814 1.575406 1.518579 1.477272 1.444216 1.446365 1.485999 1.529989
0.053988 0.058282 0.056159 0.055839 0.053344 0.050319 0.046153 0.041224 0.035117 0.027853 0.019147 0.008809 -0.003651 -0.017893 -0.035655 -0.054567 -0.079332 -0.100108 -0.128999 0.139884 0.152471 0.128140 0.131570 0.135952 0.141652 0.146330 0.159012 0.170975 0.186901 0.206719 0.231800 0.264719 0.304728 0.354278 0.425273 0.534392 0.818774 1.863264 1.787882 1.791695 1.719548 1.653837 1.588680 1.534972 1.490234 1.456989 1.429442 1.431565 1.475258 1.462108
0.048264 0.048961 0.047176 0.046992 0.044779 0.041826 0.038148 0.033576 0.028065 0.021503 0.013708 0.004587 -0.006249 -0.018306 -0.032785 -0.047628 -0.066210 -0.079235 -0.096950 0.172493 0.204594 0.178246 0.182744 0.188938 0.196354 0.205112 0.219783 0.236412 0.257219 0.283280 0.316219 0.357544 0.409998 0.479760 0.578070 0.732259 0.935582 1.490665 1.520352 1.602764 1.569879 1.548774 1.511532 1.479497 1.449005 1.425859 1.405147 1.407441 1.456542 1.476707
0.037697 0.040350 0.039395 0.039115 0.037073 0.034729 0.031150 0.027268 0.022214 0.016444 0.009647 0.001798 -0.007329 -0.017356 -0.029057 -0.040344 -0.054054 -0.062727 -0.076417 0.241730 0.257188 0.224095 0.231310 0.237584 0.247024 0.258831 0.274850 0.294417 0.318897 0.349404 0.387086 0.434278 0.492920 0.569941 0.665418 0.802830 0.957613 1.290604 1.350426 1.452879 1.454656 1.456255 1.440070 1.424039 1.405533 1.390656 1.376284 1.378417 1.346714 1.475111
0.029817 0.030970 0.031469 0.031393 0.029900 0.027429 0.024824 0.021179 0.017125 0.012260 0.006630 0.000247 -0.007142 -0.014905 -0.024070 -0.032669 -0.042380 -0.048310 -0.055412 0.280626 0.303547 0.269641 0.276774 0.285065 0.295332 0.309406 0.326815 0.348658 0.375484 0.408348 0.448272 0.497513 0.557681 0.633683 0.724146 0.844839 0.965525 1.172900 1.238346 1.334546 1.355832 1.372895 1.372007 1.368520 1.360196 1.352748 1.344245 1.346168 1.320765 1.427652
0.027385 0.024282 0.024823 0.024930 0.023417 0.021688 0.019241 0.016561 0.013038 0.009102 0.004485 -0.000673 -0.006534 -0.012643 -0.019456 -0.025853 -0.032823 -0.036959 -0.043326 0.336570 0.349689 0.310421 0.321315 0.328446 0.340315 0.354956 0.373781 0.396816 0.424938 0.458836 0.499530 0.548844 0.607141 0.678140 0.758444 0.859752 0.956680 1.098639 1.163194 1.245358 1.276931 1.302485 1.311655 1.316874 1.316187 1.314599 1.310934 1.312508 1.288568 1.344068
0.018749 0.017589 0.017454 0.017835 0.016797 0.015362 0.013673 0.011476 0.009083 0.006144 0.002837 -0.000809 -0.004971 -0.009286 -0.014104 -0.018605 -0.023102 -0.026336 -0.027681 0.378120 0.365217 0.351833 0.360522 0.369445 0.381522 0.397152 0.416561 0.440214 0.468636 0.502486 0.542606 0.590038 0.644905 0.709610 0.780809 0.865893 0.945975 1.049107 1.109105 1.177259 1.212885 1.242550 1.258228 1.269375 1.274360 1.277360 1.277374 1.279110 1.339420 1.268297
0.012790 0.016117 0.011926 0.013264 0.011707 0.011103 0.009616 0.008311 0.006416 0.004273 0.001832 -0.000850 -0.003939 -0.006846 -0.010379 -0.013319 -0.016841 -0.018184 -0.018134 0.413987 0.376846 0.384706 0.398425 0.406099 0.419398 0.434904 0.454720 0.478295 0.506475 0.539630 0.578283 0.623065 0.673837 0.732058 0.794670 0.866409 0.934030 1.013479 1.068255 1.125467 1.161720 1.192587 1.211978 1.226740 1.235581 1.241710 1.244493 1.246165 1.247284 1.279387
0.004808 0.007643 0.008845 0.005224 0.009296 0.003872 0.002698 0.007752 -0.001148 -0.002793 0.004785 -0.005406 -0.007460 -0.000380 -0.004594 -0.005540 -0.007409 -0.010500 -0.008797 0.432089 0.441881 0.423391 0.435076 0.441184 0.454607 0.469445 0.489168 0.512176 0.539635 0.571521 0.608171 0.649927 0.696502 0.748668 0.803971 0.865086 0.923243 0.987039 1.036431 1.085368 1.120521 1.150934 1.172195 1.189086 1.200436 1.208957 1.213860 1.215508 1.211267 1.321649
0.004138 0.000925 0.003280 0.004344 0.004215 0.003294 -0.007295 -0.002366 0.001217 0.001086 0.008533 -0.006873 0.000981 -0.006513 -0.006443 -0.003234 -0.003610 -0.003847 0.000008 0.494209 0.423130 0.458187 0.461809 0.472349 0.484307 0.499874 0.518972 0.541510 0.567945 0.598312 0.632760 0.671437 0.713987 0.760720 0.809750 0.862456 0.913141 0.966274 1.010660 1.053393 1.086740 1.115929 1.137779 1.155728 1.168521 1.178543 1.185018 1.186421 1.194023 1.291445
0.000000 0.000000 0.000000 0.000000 0.000000 0.000000 0.000000 0.000000 0.000000 0.000000 0.000000 0.000000 0.000000 0.000000 0.000000 0.000000 0.000000 0.000000 0.000000 0.500514 0.472349 0.483635 0.493118 0.500509 0.512830 0.527740 0.546659 0.568438 0.594207 0.623199 0.655873 0.691521 0.730375 0.772105 0.815660 0.861340 0.905801 0.951141 0.990404 1.028317 1.059512 1.087198 1.108849 1.127258 1.140511 1.151807 1.158454 1.160123 1.157800 1.192362
0.000000 0.000000 0.000000 0.000000 0.000000 0.000000 0.000000 0.000000 0.000000 0.000000 0.000000 0.000000 0.000000 0.000000 0.000000 0.000000 0.000000 0.000000 0.000000 0.539578 0.480451 0.506136 0.515693 0.524248 0.536480 0.550681 0.568727 0.589485 0.613499 0.640485 0.670563 0.703520 0.739083 0.776973 0.816264 0.856963 0.896779 0.936572 0.972651 1.006768 1.035816 1.062037 1.082946 1.101457 1.114768 1.126006 1.134000 1.135480 1.144491 1.188058
0.000000 0.000000 0.000000 0.000000 0.000000 0.000000 0.000000 0.000000 0.000000 0.000000 0.000000 0.000000 0.000000 0.000000 0.000000 0.000000 0.000000 0.000000 0.000000 0.531235 0.537796 0.525956 0.539084 0.546640 0.557863 0.573131 0.589422 0.609842 0.632416 0.658023 0.686166 0.716743 0.749436 0.783963 0.819435 0.855944 0.891869 0.927375 0.960197 0.991205 1.018159 1.042941 1.062901 1.081522 1.092922 1.107014 1.112246 1.114814 1.122005 1.145163
0.000000 0.000000 0.000000 0.000000 0.000000 0.000000 0.000000 0.000000 0.000000 0.000000 0.000000 0.000000 0.000000 0.000000 0.000000 0.000000 0.000000 0.000000 0.000000 0.563580 0.588113 0.544241 0.556396 0.563337 0.577491 0.588857 0.606173 0.625099 0.646691 0.670528 0.696858 0.725020 0.755305 0.786452 0.818858 0.851448 0.883930 0.915872 0.945915 0.974629 0.999516 1.023426 1.041745 1.059494 1.072120 1.083275 1.092201 1.094255 1.102918 1.109352
0.000000 0.000000 0.000000 0.000000 0.000000 0.000000 0.000000 0.000000 0.000000 0.000000 0.000000 0.000000 0.000000 0.000000 0.000000 0.000000 0.000000 0.000000 0.000000 0.627997 0.591288 0.563810 0.575634 0.584058 0.594702 0.607032 0.622936 0.641277 0.662042 0.684729 0.709719 0.736628 0.764595 0.793753 0.823772 0.853936 0.884060 0.913386 0.941192 0.967547 0.990539 1.013360 1.027271 1.049702 1.055877 1.074836 1.076340 1.080788 1.084723 1.213725
0.000000 0.000000 0.000000 0.000000 0.000000 0.000000 0.000000 0.000000 0.000000 0.000000 0.000000 0.000000 0.000000 0.000000 0.000000 0.000000 0.000000 0.000000 0.000000 0.629177 0.578511 0.571870 0.587474 0.589230 0.605363 0.616091 0.631696 0.649398 0.670174 0.690270 0.714840 0.737351 0.764910 0.789317 0.818239 0.844655 0.872394 0.899310 0.924912 0.949399 0.971327 0.993281 1.008304 1.027836 1.037032 1.051803 1.057685 1.062564 1.072812 1.168194
0.000000 0.000000 0.000000 0.000000 0.000000 0.000000 0.000000 0.000000 0.000000 0.000000 0.000000 0.000000 0.000000 0.000000 0.000000 0.000000 0.000000 0.000000 0.000000 0.621935 0.589932 0.592838 0.606930 0.611493 0.626462 0.636753 0.652434 0.668410 0.688442 0.707436 0.731515 0.753856 0.780749 0.804764 0.831771 0.857514 0.883953 0.909188 0.933718 0.956443 0.975492 0.996736 1.008758 1.032274 1.034936 1.056695 1.051245 1.055917 1.057034 1.079451
0.000000 0.000000 0.000000 0.000000 0.000000 0.000000 0.000000 0.000000 0.000000 0.000000 0.000000 0.000000 0.000000 0.000000 0.000000 0.000000 0.000000 0.000000 0.000000 0.624996 0.620937 0.587677 0.598373 0.603547 0.615039 0.625744 0.640114 0.656148 0.673964 0.693283 0.714740 0.737424 0.761673 0.784446 0.809817 0.834521 0.858786 0.883072 0.905952 0.927460 0.947218 0.966134 0.978872 1.000297 1.008235 1.024527 1.025996 1.054826 1.063715 1.116475
0.000000 0.000000 0.000000 0.000000 0.000000 0.000000 0.000000 0.000000 0.000000 0.000000 0.000000 0.000000 0.000000 0.000000 0.000000 0.000000 0.000000 0.000000 0.000000 0.616094 0.607814 0.608119 0.607949 0.617721 0.625128 0.637555 0.651750 0.668303 0.686298 0.706600 0.727669 0.751067 0.774331 0.798863 0.824046 0.848788 0.873747 0.897344 0.921052 0.942017 0.963012 0.981948 0.999392 1.013592 1.026718 1.039241 1.037130 1.044317 1.046619 1.138679
0.000000 0.000000 0.000000 0.000000 0.000000 0.000000 0.000000 0.000000 0.000000 0.000000 0.000000 0.000000 0.000000 0.000000 0.000000 0.000000 0.000000 0.000000 0.000000 0.672832 0.630210 0.641323 0.647198 0.662018 0.628961 0.639117 0.656097 0.722719 0.741534 0.762510 0.728514 0.752855 0.777416 0.800437 0.824271 0.907488 0.924089 0.947979 0.970276 0.991017 1.009671 0.977656 0.982484 1.055142 1.017521 1.024936 1.077526 1.074410 1.080695 1.153288
0.000000 0.000000 0.000000 0.000000 0.000000 0.000000 0.000000 0.000000 0.000000 0.000000 0.000000 0.000000 0.000000 0.000000 0.000000 0.000000 0.000000 0.000000 0.000000 0.605796 0.626329 0.605156 0.612734 0.624118 0.649787 0.673549 0.662910 0.705532 0.723274 0.744072 0.765758 0.789239 0.825733 0.816552 0.821846 0.863624 0.902078 0.925410 0.935712 0.976915 0.956375 1.013024 0.992355 1.020342 1.052809 1.046377 1.065889 1.042340 1.081862 1.130465
