0.332047 0.494400 0.503543 0.519741 0.463147 0.521811 0.493177 0.496130 0.470058 0.508826 0.505280 0.542818 0.502977 0.505557 0.422603 0.507653 0.478653 0.497985 0.506798 0.507817 0.507897 0.508055 0.507222 0.508801 0.507049 0.497101 0.508345 0.507559 0.507448 0.507385 0.504252 0.507628 0.466088 0.573259 0.503121 0.509978 0.508406 0.506945 0.508228 0.509133 0.509501 0.507830 0.511569 0.503810 0.508855 0.500943 0.420787 0.520702 0.503427 0.499634
0.184272 0.350272 0.392943 0.435793 0.449703 0.464854 0.471100 0.475396 0.483649 0.477623 0.483623 0.459426 0.461362 0.482644 0.484377 0.485620 0.486866 0.465870 0.488854 0.489701 0.490645 0.491668 0.492434 0.469195 0.495405 0.513407 0.512362 0.500066 0.500992 0.501698 0.501954 0.502656 0.511434 0.510371 0.507105 0.503913 0.501111 0.502320 0.476840 0.483517 0.490552 0.503190 0.503799 0.509157 0.503034 0.500442 0.472127 0.441927 0.445891 0.497938
0.144686 0.159041 0.281699 0.299655 0.320877 0.348907 0.369455 0.385232 0.397306 0.407346 0.413922 0.419414 0.423471 0.427105 0.429427 0.431772 0.433131 0.434418 0.435186 0.436000 0.436437 0.436832 0.436967 0.437522 0.436956 0.434922 0.435102 0.435075 0.434939 0.434737 0.434749 0.434539 0.433997 0.433864 0.434217 0.433694 0.433557 0.433047 0.432192 0.431100 0.428481 0.425053 0.422874 0.421393 0.425734 0.427417 0.420926 0.445935 0.430514 0.461444
0.072536 0.137426 0.253960 0.271552 0.306122 0.326260 0.350780 0.364072 0.375787 0.384159 0.391535 0.399299 0.404225 0.407345 0.409034 0.411237 0.412170 0.414652 0.415387 0.417083 0.416913 0.418632 0.418915 0.418732 0.417511 0.419285 0.420408 0.418842 0.418372 0.420505 0.420039 0.418723 0.420106 0.421246 0.419791 0.417431 0.418108 0.417032 0.418285 0.415370 0.417477 0.418157 0.421319 0.428291 0.420630 0.421935 0.409599 0.428630 0.416415 0.433160
0.044703 0.093024 0.261088 0.255883 0.299022 0.316571 0.355477 0.363308 0.388388 0.395423 0.408201 0.415860 0.421910 0.425456 0.429209 0.431731 0.433886 0.436297 0.436904 0.438727 0.437810 0.440231 0.439076 0.439940 0.439024 0.441529 0.441550 0.440109 0.440521 0.442128 0.440652 0.439772 0.440623 0.440089 0.437232 0.435435 0.435261 0.433930 0.433183 0.430406 0.431357 0.429070 0.431667 0.431373 0.427949 0.433905 0.419711 0.421876 0.386270 0.415605
0.037599 0.080741 0.194581 0.195869 0.234928 0.259937 0.289810 0.304873 0.323419 0.335244 0.345570 0.354870 0.361646 0.366446 0.370256 0.373128 0.375186 0.377151 0.378228 0.379697 0.379949 0.381421 0.381486 0.382279 0.382007 0.383170 0.383869 0.383305 0.383375 0.384190 0.384151 0.383318 0.383712 0.384207 0.383457 0.381999 0.382325 0.381626 0.382554 0.380751 0.382155 0.380766 0.382650 0.387105 0.381721 0.390998 0.376548 0.385457 0.378169 0.399814
0.053370 0.104744 0.188830 0.185717 0.225578 0.246052 0.283017 0.293695 0.322797 0.332383 0.348334 0.357245 0.364052 0.369096 0.372975 0.375787 0.377826 0.379543 0.380530 0.381783 0.382201 0.383430 0.383733 0.384689 0.385024 0.385990 0.386393 0.386467 0.386562 0.386727 0.386282 0.385699 0.385220 0.384459 0.383341 0.382137 0.381404 0.380378 0.379582 0.378351 0.378134 0.376831 0.376567 0.377727 0.373828 0.378180 0.364517 0.373501 0.346929 0.368936
0.038502 0.085135 0.153456 0.152892 0.187551 0.216150 0.244057 0.264170 0.283765 0.298009 0.310588 0.319607 0.326779 0.331884 0.335666 0.338266 0.340084 0.341460 0.342432 0.343444 0.344165 0.345222 0.345983 0.347010 0.347741 0.348655 0.349335 0.349691 0.349910 0.350001 0.349791 0.349285 0.348800 0.348178 0.347375 0.346353 0.345663 0.344720 0.344088 0.343159 0.342789 0.342932 0.342065 0.345932 0.341392 0.345840 0.339245 0.342759 0.325553 0.365190
0.033988 0.041083 0.143721 0.146222 0.178320 0.203327 0.234787 0.250131 0.275845 0.288776 0.302383 0.311201 0.318111 0.322787 0.326072 0.328099 0.329399 0.330263 0.330889 0.331620 0.332302 0.333324 0.334261 0.335449 0.336469 0.337532 0.338303 0.338815 0.339016 0.338943 0.338492 0.337782 0.336890 0.335807 0.334620 0.333350 0.332193 0.330971 0.329886 0.328756 0.327800 0.327139 0.326129 0.326856 0.324265 0.326432 0.321485 0.323730 0.329523 0.317766
0.012470 0.093104 0.127448 0.126858 0.158098 0.187349 0.212126 0.235001 0.254467 0.268268 0.280449 0.288796 0.295162 0.299123 0.301586 0.302722 0.303214 0.303335 0.303504 0.303893 0.304566 0.305626 0.306872 0.308347 0.309767 0.311139 0.312219 0.312959 0.313264 0.313186 0.312665 0.311826 0.310742 0.309493 0.308145 0.306733 0.305413 0.304094 0.302931 0.301845 0.300901 0.300347 0.299420 0.299897 0.298364 0.299615 0.297434 0.298275 0.306819 0.298822
0.008906 0.029860 0.120241 0.121630 0.153875 0.178154 0.206021 0.224489 0.245260 0.258999 0.270540 0.278337 0.283757 0.286508 0.287666 0.287410 0.286681 0.285704 0.285158 0.285067 0.285630 0.286768 0.288326 0.290185 0.292061 0.293839 0.295236 0.296203 0.296544 0.296374 0.295594 0.294441 0.292952 0.291291 0.289543 0.287785 0.286115 0.284517 0.283075 0.281757 0.280587 0.279705 0.278679 0.278485 0.277320 0.277581 0.275791 0.276431 0.256892 0.277582
0.016672 0.026216 0.112076 0.112151 0.141432 0.170011 0.193812 0.216195 0.234678 0.247827 0.258600 0.265371 0.269447 0.270420 0.269724 0.267499 0.265066 0.262618 0.261177 0.260553 0.261087 0.262466 0.264544 0.267026 0.269578 0.271982 0.273871 0.275187 0.275607 0.275372 0.274270 0.272777 0.270833 0.268770 0.266622 0.264531 0.262567 0.260745 0.259124 0.257687 0.256433 0.255460 0.254473 0.254061 0.253139 0.252964 0.252155 0.252598 0.233730 0.228602
0.011264 0.082070 0.108166 0.110123 0.140744 0.165652 0.191455 0.211649 0.229531 0.242790 0.252686 0.258254 0.260636 0.259190 0.255989 0.251037 0.246320 0.241776 0.239178 0.237877 0.238432 0.240212 0.243022 0.246386 0.249855 0.253124 0.255657 0.257445 0.257920 0.257553 0.255956 0.253891 0.251309 0.248629 0.245940 0.243382 0.241033 0.238901 0.237028 0.235391 0.233978 0.232838 0.231781 0.231141 0.230254 0.229785 0.229104 0.229507 0.231029 0.234439
0.025479 0.080255 0.105047 0.106483 0.134775 0.163259 0.187642 0.209244 0.227094 0.240109 0.249297 0.253296 0.253400 0.248454 0.241692 0.232955 0.224982 0.217763 0.213876 0.212011 0.212939 0.215539 0.219545 0.224248 0.229041 0.233549 0.236983 0.239432 0.239916 0.239362 0.236876 0.234153 0.230646 0.227299 0.223952 0.220906 0.218159 0.215733 0.213644 0.211850 0.210332 0.209106 0.208020 0.207327 0.206492 0.206037 0.205349 0.205443 0.212694 0.200597
0.006951 0.079069 0.104583 0.105319 0.138394 0.164931 0.189467 0.211078 0.229114 0.242368 0.251016 0.253453 0.250996 0.241558 0.230291 0.216452 0.204465 0.193086 0.187684 0.185117 0.186673 0.190509 0.196154 0.202704 0.209276 0.215496 0.220147 0.223569 0.224038 0.223168 0.219541 0.215544 0.210944 0.206496 0.202410 0.198715 0.195547 0.192792 0.190489 0.188538 0.186917 0.185598 0.184470 0.183631 0.182822 0.182233 0.181745 0.181888 0.173923 0.170830
0.023997 0.022882 0.092227 0.126107 0.158603 0.189125 0.213973 0.214778 0.235237 0.250340 0.259274 0.258841 0.252889 0.236495 0.218087 0.197219 0.178482 0.162259 0.155691 0.153368 0.156734 0.162908 0.171230 0.180525 0.189652 0.198282 0.204659 0.209443 0.209676 0.208315 0.202082 0.196901 0.190406 0.185058 0.179971 0.175734 0.172126 0.169106 0.166639 0.164581 0.162912 0.161566 0.160441 0.159626 0.158849 0.158266 0.157692 0.157870 0.163559 0.166954
0.029896 0.079214 0.106879 0.108143 0.139984 0.171867 0.200220 0.224970 0.246490 0.262332 0.272036 0.271513 0.262823 0.237387 0.210666 0.180473 0.155082 0.129041 0.121451 0.119341 0.124994 0.134427 0.145982 0.158796 0.171120 0.182951 0.191645 0.198623 0.198583 0.196454 0.187375 0.178987 0.170773 0.163316 0.157444 0.152349 0.148435 0.145153 0.142609 0.140509 0.138850 0.137515 0.136410 0.135603 0.134868 0.134376 0.133938 0.133788 0.125769 0.143897
0.020730 0.080453 0.110067 0.112939 0.147031 0.178531 0.210043 0.238825 0.263886 0.283774 0.296447 0.295955 0.281521 0.240241 0.197879 0.154857 0.112917 0.077805 0.072429 0.074902 0.086443 0.101681 0.118706 0.136595 0.153480 0.169777 0.182065 0.192056 0.191490 0.187680 0.170644 0.159952 0.148312 0.140132 0.133014 0.127694 0.123507 0.120191 0.117714 0.115634 0.114071 0.112814 0.111847 0.111061 0.110579 0.110099 0.109117 0.109219 0.101190 0.102099
0.008188 0.079749 0.112932 0.115913 0.150702 0.186724 0.221450 0.252883 0.284994 0.310652 0.328823 0.332472 0.319744 0.255229 0.196666 0.139676 0.086867 0.022751 0.020694 0.029186 0.046316 0.069659 0.091846 0.115559 0.137576 0.159302 0.175719 0.191306 0.191893 0.187349 0.160695 0.141760 0.127753 0.115896 0.108506 0.102385 0.098326 0.095050 0.092762 0.090928 0.089571 0.088455 0.087532 0.086850 0.086093 0.086103 0.085904 0.085095 0.077183 0.077349
0.030405 0.080832 0.116946 0.118385 0.158923 0.198129 0.235648 0.276105 0.314390 0.351795 0.383263 0.402265 0.377812 0.268656 0.172167 0.095195 -0.001856 -0.084224 -0.066819 -0.036279 -0.005236 0.030811 0.063218 0.094535 0.123446 0.152119 0.174704 0.200325 0.203949 0.191020 0.140032 0.116453 0.098139 0.087197 0.079526 0.074335 0.070783 0.067962 0.066460 0.064615 0.063534 0.062649 0.062196 0.061799 0.061213 0.060963 0.060836 0.060392 0.053403 0.054962
0.018597 0.055661 0.120412 0.123869 0.164374 0.204158 0.248554 0.291695 0.343412 0.393535 0.440309 0.485601 0.492003 0.307504 0.162737 0.074478 0.000569 -0.173272 -0.164339 -0.090975 -0.052315 -0.002369 0.036314 0.075926 0.110434 0.147138 0.181362 0.224032 0.232618 0.220550 0.137613 0.091877 0.072641 0.059395 0.052404 0.047957 0.044960 0.042962 0.041563 0.040973 0.040438 0.039770 0.038999 0.038161 0.038539 0.037735 0.039354 0.035322 0.029849 0.031659
0.016919 0.056527 0.122239 0.124030 0.166752 0.212772 0.259914 0.314463 0.373232 0.452461 0.542798 0.935889 1.402294 0.105421 0.011749 0.096591 -1.383796 -0.520836 -0.297373 -0.174703 -0.104446 -0.035353 0.011763 0.058133 0.101216 0.145581 0.192347 0.264776 0.417281 0.648428 0.004525 0.002473 -0.002981 0.002037 -0.003752 -0.018502 -0.016985 0.040607 -0.008931 0.016323 0.016642 -0.014043 0.009384 -0.005486 -0.006327 -0.000109 -0.000641 0.002586 0.004979 0.005974
0.024034 0.077132 0.122414 0.125784 0.170320 0.213249 0.266036 0.323261 0.394365 0.484157 0.607570 1.192088 0.056641 0.000000 0.000000 0.000000 -0.666771 -0.475787 -0.346244 -0.215983 -0.121881 -0.057441 -0.004105 0.041962 0.086843 0.134142 0.188585 0.268011 0.373121 0.550548 0.000000 0.000000 0.000000 0.000000 0.000000 0.000000 0.000000 0.000000 0.000000 0.000000 0.000000 0.000000 0.000000 0.000000 0.000000 0.000000 0.000000 0.000000 0.000000 0.000000
0.020531 0.032459 0.105405 0.150945 0.199177 0.252080 0.254755 0.312183 0.378669 0.461392 0.563259 0.738990 0.664339 0.000000 0.000000 0.000000 -0.401195 -0.376470 -0.273411 -0.184508 -0.113756 -0.055951 -0.010378 0.030733 0.072630 0.111693 0.159680 0.205964 0.306484 0.340956 0.000000 0.000000 0.000000 0.000000 0.000000 0.000000 0.000000 0.000000 0.000000 0.000000 0.000000 0.000000 0.000000 0.000000 0.000000 0.000000 0.000000 0.000000 0.000000 0.000000
0.017419 0.031851 0.116314 0.119109 0.162332 0.202166 0.250434 0.300184 0.355675 0.415992 0.483052 0.549966 0.544022 0.000000 0.000000 0.000000 -0.241626 -0.242838 -0.182082 -0.143132 -0.086627 -0.048290 -0.011398 0.019383 0.052078 0.083450 0.116341 0.145885 0.159690 0.226167 0.000000 0.000000 0.000000 0.000000 0.000000 0.000000 0.000000 0.000000 0.000000 0.000000 0.000000 0.000000 0.000000 0.000000 0.000000 0.000000 0.000000 0.000000 0.000000 0.000000
0.012071 0.058297 0.110712 0.111661 0.151267 0.191977 0.233136 0.278052 0.323984 0.371796 0.417913 0.511238 0.543222 0.000000 0.000000 0.000000 -0.152085 -0.158333 -0.129836 -0.096778 -0.065729 -0.035794 -0.009479 0.013510 0.037810 0.057795 0.086217 0.097145 0.135403 0.133147 0.000000 0.000000 0.000000 0.000000 0.000000 0.000000 0.000000 0.000000 0.000000 0.000000 0.000000 0.000000 0.000000 0.000000 0.000000 0.000000 0.000000 0.000000 0.000000 0.000000
0.007913 0.063089 0.103791 0.105767 0.144645 0.178571 0.217618 0.255647 0.294693 0.332480 0.370174 0.410100 0.416421 0.000000 0.000000 0.000000 -0.080768 -0.086541 -0.050105 -0.049010 -0.039586 -0.030878 -0.020838 0.009464 0.024875 0.043929 0.019281 0.017239 0.034944 0.044214 0.000000 0.000000 0.000000 0.000000 0.000000 0.000000 0.000000 0.000000 0.000000 0.000000 0.000000 0.000000 0.000000 0.000000 0.000000 0.000000 0.000000 0.000000 0.000000 0.000000
0.008014 0.058565 0.096175 0.097107 0.131140 0.164710 0.198233 0.231231 0.263182 0.295413 0.320268 0.344256 0.334264 0.000000 0.000000 0.000000 -0.010913 -0.015858 -0.015052 -0.000862 -0.004574 0.035119 -0.013677 -0.002408 0.006689 0.004441 0.003408 -0.009235 -0.000527 0.002269 0.000000 0.000000 0.000000 0.000000 0.000000 0.000000 0.000000 0.000000 0.000000 0.000000 0.000000 0.000000 0.000000 0.000000 0.000000 0.000000 0.000000 0.000000 0.000000 0.000000
0.009381 0.053341 0.088087 0.089052 0.122814 0.150760 0.180320 0.208348 0.236208 0.261111 0.282910 0.313736 0.321620 0.000000 0.000000 0.000000 0.000000 0.000000 0.000000 0.000000 0.000000 0.000000 0.000000 0.000000 0.000000 0.000000 0.000000 0.000000 0.000000 0.000000 0.000000 0.000000 0.000000 0.000000 0.000000 0.000000 0.000000 0.000000 0.000000 0.000000 0.000000 0.000000 0.000000 0.000000 0.000000 0.000000 0.000000 0.000000 0.000000 0.000000
0.005012 0.048502 0.080124 0.082084 0.110344 0.135760 0.161988 0.186155 0.209652 0.230146 0.247681 0.260150 0.250432 0.000000 0.000000 0.000000 0.000000 0.000000 0.000000 0.000000 0.000000 0.000000 0.000000 0.000000 0.000000 0.000000 0.000000 0.000000 0.000000 0.000000 0.000000 0.000000 0.000000 0.000000 0.000000 0.000000 0.000000 0.000000 0.000000 0.000000 0.000000 0.000000 0.000000 0.000000 0.000000 0.000000 0.000000 0.000000 0.000000 0.000000
0.012919 0.028102 0.072325 0.073402 0.099919 0.122100 0.145112 0.165882 0.185729 0.202642 0.215547 0.231695 0.204316 0.000000 0.000000 0.000000 0.000000 0.000000 0.000000 0.000000 0.000000 0.000000 0.000000 0.000000 0.000000 0.000000 0.000000 0.000000 0.000000 0.000000 0.000000 0.000000 0.000000 0.000000 0.000000 0.000000 0.000000 0.000000 0.000000 0.000000 0.000000 0.000000 0.000000 0.000000 0.000000 0.000000 0.000000 0.000000 0.000000 0.000000
0.011799 0.039375 0.064923 0.066798 0.089545 0.109056 0.129344 0.147267 0.164359 0.178365 0.190288 0.201151 0.206502 0.000000 0.000000 0.000000 0.000000 0.000000 0.000000 0.000000 0.000000 0.000000 0.000000 0.000000 0.000000 0.000000 0.000000 0.000000 0.000000 0.000000 0.000000 0.000000 0.000000 0.000000 0.000000 0.000000 0.000000 0.000000 0.000000 0.000000 0.000000 0.000000 0.000000 0.000000 0.000000 0.000000 0.000000 0.000000 0.000000 0.000000
0.008489 0.035440 0.058000 0.058645 0.079568 0.097144 0.114816 0.130326 0.144663 0.156700 0.165993 0.176007 0.186052 0.000000 0.000000 0.000000 0.000000 0.000000 0.000000 0.000000 0.000000 0.000000 0.000000 0.000000 0.000000 0.000000 0.000000 0.000000 0.000000 0.000000 0.000000 0.000000 0.000000 0.000000 0.000000 0.000000 0.000000 0.000000 0.000000 0.000000 0.000000 0.000000 0.000000 0.000000 0.000000 0.000000 0.000000 0.000000 0.000000 0.000000
0.005522 0.015019 0.051540 0.052945 0.071185 0.086195 0.101716 0.115139 0.127562 0.137732 0.145997 0.166689 0.138054 0.000000 0.000000 0.000000 0.000000 0.000000 0.000000 0.000000 0.000000 0.000000 0.000000 0.000000 0.000000 0.000000 0.000000 0.000000 0.000000 0.000000 0.000000 0.000000 0.000000 0.000000 0.000000 0.000000 0.000000 0.000000 0.000000 0.000000 0.000000 0.000000 0.000000 0.000000 0.000000 0.000000 0.000000 0.000000 0.000000 0.000000
0.003110 0.028043 0.045633 0.046131 0.062521 0.076201 0.089756 0.101397 0.112032 0.120780 0.127685 0.135686 0.154727 0.000000 0.000000 0.000000 0.000000 0.000000 0.000000 0.000000 0.000000 0.000000 0.000000 0.000000 0.000000 0.000000 0.000000 0.000000 0.000000 0.000000 0.000000 0.000000 0.000000 0.000000 0.000000 0.000000 0.000000 0.000000 0.000000 0.000000 0.000000 0.000000 0.000000 0.000000 0.000000 0.000000 0.000000 0.000000 0.000000 0.000000
-0.000347 0.024801 0.040265 0.040994 0.055704 0.067214 0.079066 0.089152 0.098370 0.105844 0.111784 0.117533 0.115262 0.000000 0.000000 0.000000 0.000000 0.000000 0.000000 0.000000 0.000000 0.000000 0.000000 0.000000 0.000000 0.000000 0.000000 0.000000 0.000000 0.000000 0.000000 0.000000 0.000000 0.000000 0.000000 0.000000 0.000000 0.000000 0.000000 0.000000 0.000000 0.000000 0.000000 0.000000 0.000000 0.000000 0.000000 0.000000 0.000000 0.000000
0.007214 0.010063 0.035474 0.036018 0.048588 0.058953 0.069351 0.078119 0.086087 0.092546 0.097590 0.113103 0.099801 0.000000 0.000000 0.000000 0.000000 0.000000 0.000000 0.000000 0.000000 0.000000 0.000000 0.000000 0.000000 0.000000 0.000000 0.000000 0.000000 0.000000 0.000000 0.000000 0.000000 0.000000 0.000000 0.000000 0.000000 0.000000 0.000000 0.000000 0.000000 0.000000 0.000000 0.000000 0.000000 0.000000 0.000000 0.000000 0.000000 0.000000
-0.003947 0.008676 0.031066 0.031253 0.042828 0.051645 0.060691 0.068286 0.075194 0.080756 0.085114 0.098223 0.091635 0.000000 0.000000 0.000000 0.000000 0.000000 0.000000 0.000000 0.000000 0.000000 0.000000 0.000000 0.000000 0.000000 0.000000 0.000000 0.000000 0.000000 0.000000 0.000000 0.000000 0.000000 0.000000 0.000000 0.000000 0.000000 0.000000 0.000000 0.000000 0.000000 0.000000 0.000000 0.000000 0.000000 0.000000 0.000000 0.000000 0.000000
0.002161 0.010710 0.027106 0.028023 0.037213 0.044721 0.052856 0.059418 0.065402 0.070187 0.073937 0.088415 0.060570 0.000000 0.000000 0.000000 0.000000 0.000000 0.000000 0.000000 0.000000 0.000000 0.000000 0.000000 0.000000 0.000000 0.000000 0.000000 0.000000 0.000000 0.000000 0.000000 0.000000 0.000000 0.000000 0.000000 0.000000 0.000000 0.000000 0.000000 0.000000 0.000000 0.000000 0.000000 0.000000 0.000000 0.000000 0.000000 0.000000 0.000000
-0.004258 0.006220 0.023507 0.023533 0.031883 0.039026 0.045851 0.051506 0.056656 0.060757 0.063992 0.072938 0.059155 0.000000 0.000000 0.000000 0.000000 0.000000 0.000000 0.000000 0.000000 0.000000 0.000000 0.000000 0.000000 0.000000 0.000000 0.000000 0.000000 0.000000 0.000000 0.000000 0.000000 0.000000 0.000000 0.000000 0.000000 0.000000 0.000000 0.000000 0.000000 0.000000 0.000000 0.000000 0.000000 0.000000 0.000000 0.000000 0.000000 0.000000
0.005334 0.015251 0.020291 0.020879 0.027925 0.033370 0.039492 0.044319 0.048740 0.052219 0.055020 0.062406 0.057975 0.000000 0.000000 0.000000 0.000000 0.000000 0.000000 0.000000 0.000000 0.000000 0.000000 0.000000 0.000000 0.000000 0.000000 0.000000 0.000000 0.000000 0.000000 0.000000 0.000000 0.000000 0.000000 0.000000 0.000000 0.000000 0.000000 0.000000 0.000000 0.000000 0.000000 0.000000 0.000000 0.000000 0.000000 0.000000 0.000000 0.000000
0.001037 0.004295 0.017337 0.017294 0.023332 0.028708 0.033779 0.037869 0.041630 0.044593 0.046965 0.053371 0.049319 0.000000 0.000000 0.000000 0.000000 0.000000 0.000000 0.000000 0.000000 0.000000 0.000000 0.000000 0.000000 0.000000 0.000000 0.000000 0.000000 0.000000 0.000000 0.000000 0.000000 0.000000 0.000000 0.000000 0.000000 0.000000 0.000000 0.000000 0.000000 0.000000 0.000000 0.000000 0.000000 0.000000 0.000000 0.000000 0.000000 0.000000
0.000645 0.003377 0.014652 0.015030 0.020397 0.024427 0.028433 0.031834 0.035075 0.037544 0.039562 0.045215 0.042880 0.000000 0.000000 0.000000 0.000000 0.000000 0.000000 0.000000 0.000000 0.000000 0.000000 0.000000 0.000000 0.000000 0.000000 0.000000 0.000000 0.000000 0.000000 0.000000 0.000000 0.000000 0.000000 0.000000 0.000000 0.000000 0.000000 0.000000 0.000000 0.000000 0.000000 0.000000 0.000000 0.000000 0.000000 0.000000 0.000000 0.000000
0.003946 0.009973 0.012155 0.012156 0.016462 0.019959 0.023528 0.026578 0.029192 0.031291 0.032947 0.040613 0.029805 0.000000 0.000000 0.000000 0.000000 0.000000 0.000000 0.000000 0.000000 0.000000 0.000000 0.000000 0.000000 0.000000 0.000000 0.000000 0.000000 0.000000 0.000000 0.000000 0.000000 0.000000 0.000000 0.000000 0.000000 0.000000 0.000000 0.000000 0.000000 0.000000 0.000000 0.000000 0.000000 0.000000 0.000000 0.000000 0.000000 0.000000
-0.002343 0.001733 0.009973 0.010047 0.014002 0.016807 0.019143 0.021210 0.023572 0.025177 0.026579 0.030665 0.028757 0.000000 0.000000 0.000000 0.000000 0.000000 0.000000 0.000000 0.000000 0.000000 0.000000 0.000000 0.000000 0.000000 0.000000 0.000000 0.000000 0.000000 0.000000 0.000000 0.000000 0.000000 0.000000 0.000000 0.000000 0.000000 0.000000 0.000000 0.000000 0.000000 0.000000 0.000000 0.000000 0.000000 0.000000 0.000000 0.000000 0.000000
0.003890 0.007287 0.007402 0.007648 0.010788 0.012489 0.014760 0.016942 0.018740 0.020018 0.021081 0.024358 0.025589 0.000000 0.000000 0.000000 0.000000 0.000000 0.000000 0.000000 0.000000 0.000000 0.000000 0.000000 0.000000 0.000000 0.000000 0.000000 0.000000 0.000000 0.000000 0.000000 0.000000 0.000000 0.000000 0.000000 0.000000 0.000000 0.000000 0.000000 0.000000 0.000000 0.000000 0.000000 0.000000 0.000000 0.000000 0.000000 0.000000 0.000000
-0.001869 0.000367 0.007520 0.005340 0.007820 0.009038 0.011299 0.012414 0.013492 0.014385 0.015150 0.018415 0.017174 0.000000 0.000000 0.000000 0.000000 0.000000 0.000000 0.000000 0.000000 0.000000 0.000000 0.000000 0.000000 0.000000 0.000000 0.000000 0.000000 0.000000 0.000000 0.000000 0.000000 0.000000 0.000000 0.000000 0.000000 0.000000 0.000000 0.000000 0.000000 0.000000 0.000000 0.000000 0.000000 0.000000 0.000000 0.000000 0.000000 0.000000
0.000595 0.000196 0.006337 0.007391 0.007943 0.009109 0.010728 0.011892 0.013076 0.014009 0.014867 0.012443 0.009248 0.000000 0.000000 0.000000 0.000000 0.000000 0.000000 0.000000 0.000000 0.000000 0.000000 0.000000 0.000000 0.000000 0.000000 0.000000 0.000000 0.000000 0.000000 0.000000 0.000000 0.000000 0.000000 0.000000 0.000000 0.000000 0.000000 0.000000 0.000000 0.000000 0.000000 0.000000 0.000000 0.000000 0.000000 0.000000 0.000000 0.000000
0.000351 -0.001297 -0.001073 0.005869 0.005624 0.001141 0.007215 0.007617 0.004094 0.007809 0.007379 0.006058 0.008646 0.000000 0.000000 0.000000 0.000000 0.000000 0.000000 0.000000 0.000000 0.000000 0.000000 0.000000 0.000000 0.000000 0.000000 0.000000 0.000000 0.000000 0.000000 0.000000 0.000000 0.000000 0.000000 0.000000 0.000000 0.000000 0.000000 0.000000 0.000000 0.000000 0.000000 0.000000 0.000000 0.000000 0.000000 0.000000 0.000000 0.000000
-0.004616 0.002824 -0.001114 0.002455 0.000955 0.009004 0.003734 0.001832 -0.000072 0.001150 0.000343 0.000474 0.003618 0.000000 0.000000 0.000000 0.000000 0.000000 0.000000 0.000000 0.000000 0.000000 0.000000 0.000000 0.000000 0.000000 0.000000 0.000000 0.000000 0.000000 0.000000 0.000000 0.000000 0.000000 0.000000 0.000000 0.000000 0.000000 0.000000 0.000000 0.000000 0.000000 0.000000 0.000000 0.000000 0.000000 0.000000 0.000000 0.000000 0.000000
