-1.598445 -0.581280 -0.491845 -0.296588 -0.256118 -0.267628 -0.016556 -0.015272 -0.216392 -0.229052 -0.274225 -0.229855 -0.257113 -0.324513 -0.401638 -0.271292 -0.195517 -0.229668 -0.276911 -0.227101 -0.221880 -0.216205 -0.205955 -0.202828 -0.189088 -0.129130 -0.202334 -0.160938 -0.152734 -0.144605 -0.132776 -0.128920 -0.095697 -0.267470 -0.099106 -0.104471 -0.091254 -0.094142 -0.076073 -0.071468 -0.060625 -0.055731 -0.069212 -0.027995 -0.017210 -0.000788 -0.048880 0.012595 0.004398 0.000662
-1.452792 -1.464812 -1.282160 -1.187515 -1.154598 -1.075594 -1.023923 -0.987251 -0.975521 -0.915030 -0.880408 -0.828121 -0.801293 -0.788429 -0.763307 -0.739223 -0.715596 -0.704252 -0.669966 -0.647571 -0.625554 -0.603469 -0.582092 -0.572084 -0.538820 -0.547202 -0.527104 -0.473748 -0.452202 -0.430372 -0.408837 -0.387087 -0.394441 -0.374979 -0.355325 -0.332323 -0.288092 -0.309389 -0.253317 -0.233991 -0.212500 -0.187756 -0.142875 -0.121907 -0.104297 -0.075900 -0.048757 -0.035721 -0.017343 -0.014634
-1.397644 -1.257428 -1.168553 -1.124868 -1.120938 -1.059679 -1.019962 -0.977494 -0.943676 -0.910392 -0.880899 -0.852611 -0.826191 -0.800980 -0.776435 -0.752973 -0.729603 -0.706786 -0.684036 -0.661562 -0.639371 -0.617306 -0.595633 -0.574055 -0.552575 -0.530375 -0.509086 -0.487769 -0.466287 -0.444646 -0.423076 -0.401404 -0.379387 -0.357557 -0.336465 -0.314557 -0.292502 -0.269721 -0.247508 -0.224278 -0.201449 -0.178229 -0.154796 -0.131748 -0.111717 -0.087211 -0.085981 -0.068006 -0.026919 -0.013489
-1.236917 -1.152908 -1.113023 -1.140645 -1.102533 -1.048015 -1.011564 -0.970499 -0.937540 -0.906089 -0.877239 -0.848940 -0.822343 -0.797279 -0.772961 -0.749464 -0.726401 -0.703452 -0.680630 -0.658152 -0.636054 -0.613913 -0.592337 -0.570782 -0.549746 -0.527881 -0.506165 -0.485084 -0.463921 -0.442106 -0.420606 -0.399135 -0.377270 -0.355208 -0.333639 -0.312054 -0.289926 -0.268046 -0.245391 -0.224014 -0.202556 -0.180296 -0.158235 -0.134258 -0.108621 -0.085418 -0.056877 -0.073395 -0.032435 -0.035586
-1.218222 -1.120982 -1.114935 -1.086867 -1.072115 -1.017801 -0.995686 -0.952704 -0.927700 -0.895264 -0.869997 -0.842823 -0.818217 -0.793459 -0.770129 -0.747029 -0.724392 -0.702156 -0.679399 -0.657500 -0.634839 -0.613458 -0.590911 -0.569369 -0.547632 -0.526920 -0.505179 -0.483875 -0.463062 -0.442154 -0.420455 -0.399549 -0.378251 -0.356505 -0.334324 -0.312642 -0.290737 -0.268806 -0.246664 -0.224339 -0.203167 -0.180729 -0.159165 -0.136085 -0.113894 -0.093254 -0.072506 -0.081911 -0.042678 -0.016866
-1.110340 -1.056987 -1.076983 -1.048113 -1.030365 -0.993091 -0.967696 -0.936758 -0.911331 -0.884852 -0.860768 -0.837014 -0.813845 -0.791109 -0.768961 -0.746701 -0.724872 -0.702624 -0.680582 -0.658271 -0.636365 -0.614441 -0.592444 -0.570948 -0.549655 -0.528617 -0.506695 -0.485852 -0.465175 -0.443932 -0.422385 -0.401692 -0.380265 -0.358243 -0.336349 -0.315215 -0.293075 -0.271280 -0.248445 -0.227000 -0.204385 -0.182432 -0.160399 -0.135781 -0.114520 -0.089658 -0.062370 -0.067182 -0.009484 -0.019012
-1.134402 -1.080407 -1.030699 -1.001574 -1.005951 -0.960101 -0.950005 -0.913565 -0.898988 -0.870400 -0.852504 -0.829430 -0.808759 -0.787099 -0.766071 -0.744632 -0.723316 -0.701634 -0.679940 -0.657968 -0.636133 -0.614290 -0.592485 -0.570943 -0.549568 -0.528617 -0.507296 -0.486339 -0.465686 -0.444876 -0.423742 -0.402821 -0.381869 -0.360366 -0.338496 -0.316962 -0.295127 -0.273124 -0.250845 -0.228502 -0.206247 -0.183721 -0.162046 -0.138495 -0.115517 -0.092755 -0.066783 -0.070020 -0.046339 -0.015266
-1.020333 -1.057840 -0.994133 -0.966315 -0.957328 -0.935307 -0.916272 -0.898869 -0.880370 -0.860435 -0.842585 -0.821768 -0.802730 -0.782654 -0.762802 -0.742309 -0.721607 -0.700344 -0.678866 -0.657053 -0.635240 -0.613404 -0.591644 -0.570166 -0.548839 -0.527829 -0.506801 -0.486066 -0.465447 -0.444757 -0.423942 -0.403115 -0.382072 -0.360757 -0.339235 -0.317652 -0.295793 -0.273711 -0.251432 -0.229006 -0.206824 -0.183270 -0.162361 -0.136687 -0.115909 -0.090675 -0.066590 -0.066609 -0.045881 -0.021472
-0.977995 -0.927837 -0.954556 -0.927815 -0.940822 -0.903954 -0.902294 -0.873767 -0.866650 -0.845718 -0.831886 -0.813625 -0.796750 -0.778425 -0.759847 -0.740341 -0.720235 -0.699390 -0.678063 -0.656328 -0.634450 -0.612557 -0.590781 -0.569275 -0.548020 -0.527123 -0.506381 -0.485887 -0.465517 -0.445141 -0.424637 -0.404010 -0.383174 -0.362043 -0.340619 -0.319021 -0.297157 -0.275086 -0.252851 -0.230428 -0.208184 -0.185227 -0.163121 -0.139544 -0.115712 -0.093807 -0.067655 -0.067591 -0.038253 -0.014495
-0.967302 -0.919092 -0.920717 -0.886923 -0.895097 -0.879522 -0.870799 -0.859672 -0.849145 -0.834182 -0.821448 -0.806042 -0.791136 -0.774693 -0.757487 -0.738986 -0.719449 -0.698866 -0.677523 -0.655652 -0.633544 -0.611446 -0.589526 -0.567962 -0.546761 -0.525996 -0.505532 -0.485369 -0.465335 -0.445303 -0.425133 -0.404751 -0.384080 -0.363074 -0.341747 -0.320137 -0.298229 -0.276082 -0.253720 -0.231184 -0.208609 -0.185697 -0.163010 -0.139603 -0.116288 -0.093629 -0.068154 -0.066658 -0.040172 0.002163
-0.892746 -0.855631 -0.886918 -0.862848 -0.880815 -0.852665 -0.856232 -0.838020 -0.834037 -0.820998 -0.811444 -0.798922 -0.786429 -0.772011 -0.756256 -0.738725 -0.719635 -0.699117 -0.677520 -0.655278 -0.632723 -0.610251 -0.588059 -0.566375 -0.545223 -0.524664 -0.504555 -0.484838 -0.465288 -0.445739 -0.425998 -0.405936 -0.385509 -0.364642 -0.343382 -0.321755 -0.299796 -0.277568 -0.255098 -0.232453 -0.209673 -0.186728 -0.163676 -0.140672 -0.116841 -0.094762 -0.068922 -0.067399 -0.044865 -0.017608
-0.880036 -0.824390 -0.855823 -0.826467 -0.839854 -0.828825 -0.828246 -0.821308 -0.817284 -0.808843 -0.802064 -0.792812 -0.782953 -0.770779 -0.756582 -0.739975 -0.721161 -0.700400 -0.678167 -0.655185 -0.631844 -0.608747 -0.586102 -0.564217 -0.543097 -0.522811 -0.503160 -0.484055 -0.465161 -0.446252 -0.427069 -0.407395 -0.387233 -0.366486 -0.345257 -0.323568 -0.301498 -0.279123 -0.256478 -0.233668 -0.210653 -0.187592 -0.164213 -0.141174 -0.116887 -0.094726 -0.068520 -0.066768 -0.043854 -0.000686
-0.859744 -0.817910 -0.824676 -0.803527 -0.823291 -0.803971 -0.811087 -0.802394 -0.802383 -0.796994 -0.793879 -0.788080 -0.781384 -0.771742 -0.759182 -0.743391 -0.724524 -0.703019 -0.679594 -0.655376 -0.630813 -0.606793 -0.583492 -0.561331 -0.540254 -0.520360 -0.501340 -0.483094 -0.465099 -0.447075 -0.428596 -0.409375 -0.389519 -0.368855 -0.347623 -0.325812 -0.303581 -0.281010 -0.258153 -0.235140 -0.211893 -0.188677 -0.165060 -0.141943 -0.117568 -0.095299 -0.069622 -0.067760 -0.040584 -0.020619
-0.831684 -0.784651 -0.794903 -0.768999 -0.787145 -0.779620 -0.786328 -0.783632 -0.786516 -0.785565 -0.786530 -0.784869 -0.782021 -0.775428 -0.764734 -0.749643 -0.730420 -0.707554 -0.682076 -0.655943 -0.629514 -0.604156 -0.579919 -0.557372 -0.536343 -0.516993 -0.498827 -0.481782 -0.465050 -0.448215 -0.430736 -0.412047 -0.392501 -0.371859 -0.350508 -0.328478 -0.305980 -0.283128 -0.259988 -0.236716 -0.213202 -0.189784 -0.165901 -0.142636 -0.117903 -0.095565 -0.069397 -0.067897 -0.020342 0.008368
-0.747576 -0.752944 -0.764766 -0.741667 -0.767500 -0.754698 -0.765597 -0.764518 -0.771435 -0.774684 -0.780643 -0.784006 -0.786260 -0.783455 -0.774637 -0.760073 -0.739689 -0.714132 -0.685355 -0.656338 -0.627296 -0.600190 -0.574772 -0.551817 -0.530931 -0.512397 -0.495440 -0.480150 -0.465168 -0.450115 -0.433815 -0.415608 -0.396380 -0.375552 -0.354020 -0.331607 -0.308756 -0.285526 -0.262036 -0.238452 -0.214637 -0.190988 -0.166836 -0.143435 -0.118395 -0.096019 -0.069547 -0.067560 -0.024187 -0.011759
-0.764934 -0.726073 -0.734325 -0.734281 -0.737754 -0.741949 -0.747091 -0.747925 -0.756464 -0.764553 -0.776570 -0.784961 -0.793997 -0.796159 -0.789790 -0.775335 -0.753700 -0.724340 -0.690065 -0.657014 -0.624152 -0.594686 -0.567710 -0.544223 -0.523519 -0.506092 -0.490731 -0.477874 -0.465448 -0.452711 -0.438375 -0.420651 -0.401558 -0.380399 -0.358294 -0.335346 -0.311905 -0.288189 -0.264244 -0.240291 -0.216147 -0.192236 -0.167873 -0.144268 -0.119337 -0.096656 -0.070883 -0.068745 -0.042987 0.003484
-0.726179 -0.687498 -0.702972 -0.677756 -0.702167 -0.700157 -0.715661 -0.722273 -0.737793 -0.751854 -0.771476 -0.789687 -0.808740 -0.818262 -0.813910 -0.799445 -0.774344 -0.736893 -0.694310 -0.655429 -0.617824 -0.585710 -0.557124 -0.533347 -0.513119 -0.497343 -0.484248 -0.475115 -0.466299 -0.457689 -0.445256 -0.427281 -0.408235 -0.385985 -0.363349 -0.339454 -0.315387 -0.291016 -0.266564 -0.242185 -0.217661 -0.193471 -0.168792 -0.145049 -0.119566 -0.096994 -0.070307 -0.068770 -0.026613 -0.009400
-0.659404 -0.655673 -0.670322 -0.653734 -0.678268 -0.671366 -0.689214 -0.697874 -0.717654 -0.738090 -0.766306 -0.794554 -0.828391 -0.848361 -0.846450 -0.830738 -0.804552 -0.757865 -0.700055 -0.653884 -0.609274 -0.573728 -0.543282 -0.518996 -0.499266 -0.485484 -0.474910 -0.470013 -0.466124 -0.463916 -0.455828 -0.437261 -0.417239 -0.393740 -0.369264 -0.344364 -0.319107 -0.294024 -0.268896 -0.244059 -0.219154 -0.194694 -0.169811 -0.145867 -0.120489 -0.097402 -0.071731 -0.069722 -0.027978 -0.011203
-0.635557 -0.618619 -0.635859 -0.613832 -0.637617 -0.637747 -0.656510 -0.667850 -0.692646 -0.719392 -0.759363 -0.805491 -0.864455 -0.901851 -0.899063 -0.882559 -0.848584 -0.777469 -0.698870 -0.642797 -0.591608 -0.553294 -0.521942 -0.498353 -0.479773 -0.468638 -0.461432 -0.461418 -0.467377 -0.477659 -0.470804 -0.449549 -0.428045 -0.401261 -0.375796 -0.348964 -0.322899 -0.296821 -0.271129 -0.245841 -0.220499 -0.195721 -0.170581 -0.146396 -0.121158 -0.097011 -0.070755 -0.070064 -0.028457 -0.009435
-0.609739 -0.579828 -0.600148 -0.577175 -0.605142 -0.602296 -0.620818 -0.634166 -0.660794 -0.694198 -0.745135 -0.806862 -0.905271 -0.970209 -0.960021 -0.930043 -0.892216 -0.827477 -0.695328 -0.629406 -0.570486 -0.528709 -0.496480 -0.472934 -0.455231 -0.446196 -0.441921 -0.453295 -0.472053 -0.495305 -0.500744 -0.470787 -0.443001 -0.412970 -0.382761 -0.354551 -0.326443 -0.299603 -0.273027 -0.247261 -0.221647 -0.196767 -0.171457 -0.147356 -0.121499 -0.099207 -0.072290 -0.071120 -0.030336 -0.007196
-0.541206 -0.590233 -0.561372 -0.545839 -0.568612 -0.560750 -0.578956 -0.590182 -0.614737 -0.649718 -0.710232 -0.810661 -0.978357 -1.086716 -1.061527 -1.026375 -1.011548 -0.803923 -0.656492 -0.579324 -0.523814 -0.485976 -0.458321 -0.437109 -0.421590 -0.415809 -0.413324 -0.436455 -0.475557 -0.534461 -0.534219 -0.487654 -0.452874 -0.416076 -0.385167 -0.354500 -0.326313 -0.298391 -0.271966 -0.246466 -0.220422 -0.195280 -0.169890 -0.146193 -0.121082 -0.098058 -0.071311 -0.071101 -0.030249 -0.007922
-0.496539 -0.549756 -0.522242 -0.499390 -0.520440 -0.517661 -0.529604 -0.539862 -0.561395 -0.593429 -0.656160 -0.968992 -1.323653 -1.339756 -1.157588 -1.252098 -0.164097 -0.657732 -0.626297 -0.503148 -0.479631 -0.436369 -0.418777 -0.398776 -0.382818 -0.376610 -0.368152 -0.387691 -0.496031 -0.339928 -0.619866 -0.542641 -0.510693 -0.467789 -0.418839 -0.379567 -0.343861 -0.348435 -0.251372 -0.246626 -0.220496 -0.220638 -0.172899 -0.162739 -0.134308 -0.104134 -0.077288 -0.067260 -0.031956 -0.016548
-0.450257 -0.468144 -0.480389 -0.465163 -0.482944 -0.468908 -0.476095 -0.469672 -0.471771 -0.463368 -0.454005 -0.206041 0.109692 0.000000 0.000000 0.000000 -0.100733 -0.248491 -0.377917 -0.370366 -0.374845 -0.367652 -0.359503 -0.348241 -0.332090 -0.320806 -0.294031 -0.296605 -0.149155 -0.311206 0.000000 0.000000 0.000000 0.000000 0.000000 0.000000 0.000000 0.000000 0.000000 0.000000 0.000000 0.000000 0.000000 0.000000 0.000000 0.000000 0.000000 0.000000 0.000000 0.000000
-0.436121 -0.423671 -0.440075 -0.435612 -0.430833 -0.424564 -0.420522 -0.415471 -0.399407 -0.376343 -0.328292 -0.121993 0.143034 0.000000 0.000000 0.000000 -0.053805 -0.177109 -0.233211 -0.275505 -0.306526 -0.312964 -0.315212 -0.307273 -0.291157 -0.274521 -0.239861 -0.210894 -0.075611 -0.030872 0.000000 0.000000 0.000000 0.000000 0.000000 0.000000 0.000000 0.000000 0.000000 0.000000 0.000000 0.000000 0.000000 0.000000 0.000000 0.000000 0.000000 0.000000 0.000000 0.000000
-0.413221 -0.385695 -0.398982 -0.384775 -0.395938 -0.376346 -0.372633 -0.353344 -0.332728 -0.296812 -0.245255 -0.053713 -0.014730 0.000000 0.000000 0.000000 -0.010654 -0.024650 -0.165110 -0.211083 -0.247678 -0.264031 -0.268707 -0.266578 -0.251245 -0.232347 -0.194842 -0.165588 -0.048403 -0.036004 0.000000 0.000000 0.000000 0.000000 0.000000 0.000000 0.000000 0.000000 0.000000 0.000000 0.000000 0.000000 0.000000 0.000000 0.000000 0.000000 0.000000 0.000000 0.000000 0.000000
-0.353471 -0.392698 -0.360946 -0.341466 -0.350826 -0.334427 -0.325723 -0.304861 -0.280385 -0.243255 -0.192887 -0.097861 0.002764 0.000000 0.000000 0.000000 -0.012709 -0.010032 -0.120265 -0.174991 -0.213976 -0.234590 -0.242710 -0.241743 -0.228577 -0.208050 -0.168813 -0.133177 -0.056015 -0.016755 0.000000 0.000000 0.000000 0.000000 0.000000 0.000000 0.000000 0.000000 0.000000 0.000000 0.000000 0.000000 0.000000 0.000000 0.000000 0.000000 0.000000 0.000000 0.000000 0.000000
-0.324590 -0.319513 -0.324236 -0.311581 -0.317919 -0.296371 -0.286966 -0.263227 -0.238293 -0.201686 -0.160840 -0.029353 -0.038883 0.000000 0.000000 0.000000 -0.007038 -0.010915 -0.120576 -0.171423 -0.209737 -0.230734 -0.239159 -0.233569 -0.222618 -0.201929 -0.150983 -0.100240 -0.037154 -0.012417 0.000000 0.000000 0.000000 0.000000 0.000000 0.000000 0.000000 0.000000 0.000000 0.000000 0.000000 0.000000 0.000000 0.000000 0.000000 0.000000 0.000000 0.000000 0.000000 0.000000
-0.282962 -0.286697 -0.290915 -0.274870 -0.280544 -0.261882 -0.251129 -0.227700 -0.202979 -0.169900 -0.130043 -0.011711 0.004168 0.000000 0.000000 0.000000 -0.013356 -0.082831 -0.105202 -0.171116 -0.188072 -0.255806 -0.197336 -0.231196 -0.204822 -0.189028 -0.159513 -0.107982 -0.118438 -0.008317 0.000000 0.000000 0.000000 0.000000 0.000000 0.000000 0.000000 0.000000 0.000000 0.000000 0.000000 0.000000 0.000000 0.000000 0.000000 0.000000 0.000000 0.000000 0.000000 0.000000
-0.260573 -0.257430 -0.259861 -0.247778 -0.252717 -0.232049 -0.220663 -0.197872 -0.174200 -0.144384 -0.107410 -0.063872 0.000163 0.000000 0.000000 0.000000 0.000000 0.000000 0.000000 0.000000 0.000000 0.000000 0.000000 0.000000 0.000000 0.000000 0.000000 0.000000 0.000000 0.000000 0.000000 0.000000 0.000000 0.000000 0.000000 0.000000 0.000000 0.000000 0.000000 0.000000 0.000000 0.000000 0.000000 0.000000 0.000000 0.000000 0.000000 0.000000 0.000000 0.000000
-0.223587 -0.230392 -0.231789 -0.221573 -0.224539 -0.204669 -0.193632 -0.171797 -0.150162 -0.122414 -0.089911 -0.004812 0.001404 0.000000 0.000000 0.000000 0.000000 0.000000 0.000000 0.000000 0.000000 0.000000 0.000000 0.000000 0.000000 0.000000 0.000000 0.000000 0.000000 0.000000 0.000000 0.000000 0.000000 0.000000 0.000000 0.000000 0.000000 0.000000 0.000000 0.000000 0.000000 0.000000 0.000000 0.000000 0.000000 0.000000 0.000000 0.000000 0.000000 0.000000
-0.183945 -0.227337 -0.206543 -0.195601 -0.199716 -0.180721 -0.170336 -0.150298 -0.130344 -0.106033 -0.077171 -0.004697 -0.005264 0.000000 0.000000 0.000000 0.000000 0.000000 0.000000 0.000000 0.000000 0.000000 0.000000 0.000000 0.000000 0.000000 0.000000 0.000000 0.000000 0.000000 0.000000 0.000000 0.000000 0.000000 0.000000 0.000000 0.000000 0.000000 0.000000 0.000000 0.000000 0.000000 0.000000 0.000000 0.000000 0.000000 0.000000 0.000000 0.000000 0.000000
-0.162845 -0.183382 -0.183673 -0.175554 -0.177158 -0.159716 -0.149907 -0.131259 -0.113449 -0.091006 -0.066584 -0.004520 -0.007505 0.000000 0.000000 0.000000 0.000000 0.000000 0.000000 0.000000 0.000000 0.000000 0.000000 0.000000 0.000000 0.000000 0.000000 0.000000 0.000000 0.000000 0.000000 0.000000 0.000000 0.000000 0.000000 0.000000 0.000000 0.000000 0.000000 0.000000 0.000000 0.000000 0.000000 0.000000 0.000000 0.000000 0.000000 0.000000 0.000000 0.000000
-0.182586 -0.163099 -0.163472 -0.153957 -0.156984 -0.141077 -0.132205 -0.115382 -0.099283 -0.079550 -0.057881 -0.000439 -0.020429 0.000000 0.000000 0.000000 0.000000 0.000000 0.000000 0.000000 0.000000 0.000000 0.000000 0.000000 0.000000 0.000000 0.000000 0.000000 0.000000 0.000000 0.000000 0.000000 0.000000 0.000000 0.000000 0.000000 0.000000 0.000000 0.000000 0.000000 0.000000 0.000000 0.000000 0.000000 0.000000 0.000000 0.000000 0.000000 0.000000 0.000000
-0.155797 -0.142662 -0.145275 -0.138683 -0.139794 -0.125068 -0.116805 -0.101493 -0.087105 -0.069491 -0.050637 -0.033124 -0.012816 0.000000 0.000000 0.000000 0.000000 0.000000 0.000000 0.000000 0.000000 0.000000 0.000000 0.000000 0.000000 0.000000 0.000000 0.000000 0.000000 0.000000 0.000000 0.000000 0.000000 0.000000 0.000000 0.000000 0.000000 0.000000 0.000000 0.000000 0.000000 0.000000 0.000000 0.000000 0.000000 0.000000 0.000000 0.000000 0.000000 0.000000
-0.137591 -0.129294 -0.129311 -0.121608 -0.123817 -0.110683 -0.103338 -0.089603 -0.076725 -0.061095 -0.044401 0.001713 -0.014162 0.000000 0.000000 0.000000 0.000000 0.000000 0.000000 0.000000 0.000000 0.000000 0.000000 0.000000 0.000000 0.000000 0.000000 0.000000 0.000000 0.000000 0.000000 0.000000 0.000000 0.000000 0.000000 0.000000 0.000000 0.000000 0.000000 0.000000 0.000000 0.000000 0.000000 0.000000 0.000000 0.000000 0.000000 0.000000 0.000000 0.000000
-0.120669 -0.114240 -0.115138 -0.109554 -0.110635 -0.098435 -0.091679 -0.079277 -0.067765 -0.053844 -0.039168 0.003371 -0.003037 0.000000 0.000000 0.000000 0.000000 0.000000 0.000000 0.000000 0.000000 0.000000 0.000000 0.000000 0.000000 0.000000 0.000000 0.000000 0.000000 0.000000 0.000000 0.000000 0.000000 0.000000 0.000000 0.000000 0.000000 0.000000 0.000000 0.000000 0.000000 0.000000 0.000000 0.000000 0.000000 0.000000 0.000000 0.000000 0.000000 0.000000
-0.088560 -0.100537 -0.102701 -0.097139 -0.098435 -0.087477 -0.081463 -0.070347 -0.060069 -0.047685 -0.034746 -0.024227 -0.002198 0.000000 0.000000 0.000000 0.000000 0.000000 0.000000 0.000000 0.000000 0.000000 0.000000 0.000000 0.000000 0.000000 0.000000 0.000000 0.000000 0.000000 0.000000 0.000000 0.000000 0.000000 0.000000 0.000000 0.000000 0.000000 0.000000 0.000000 0.000000 0.000000 0.000000 0.000000 0.000000 0.000000 0.000000 0.000000 0.000000 0.000000
-0.084876 -0.090074 -0.091789 -0.086031 -0.088052 -0.077950 -0.072570 -0.062583 -0.053372 -0.042352 -0.030751 -0.021965 -0.001974 0.000000 0.000000 0.000000 0.000000 0.000000 0.000000 0.000000 0.000000 0.000000 0.000000 0.000000 0.000000 0.000000 0.000000 0.000000 0.000000 0.000000 0.000000 0.000000 0.000000 0.000000 0.000000 0.000000 0.000000 0.000000 0.000000 0.000000 0.000000 0.000000 0.000000 0.000000 0.000000 0.000000 0.000000 0.000000 0.000000 0.000000
-0.097762 -0.101891 -0.082161 -0.078359 -0.078776 -0.069571 -0.064872 -0.055879 -0.047629 -0.037773 -0.027422 0.000908 -0.004396 0.000000 0.000000 0.000000 0.000000 0.000000 0.000000 0.000000 0.000000 0.000000 0.000000 0.000000 0.000000 0.000000 0.000000 0.000000 0.000000 0.000000 0.000000 0.000000 0.000000 0.000000 0.000000 0.000000 0.000000 0.000000 0.000000 0.000000 0.000000 0.000000 0.000000 0.000000 0.000000 0.000000 0.000000 0.000000 0.000000 0.000000
-0.072367 -0.072494 -0.073919 -0.068747 -0.069847 -0.062458 -0.058051 -0.050068 -0.042627 -0.033822 -0.024417 -0.016866 -0.003287 0.000000 0.000000 0.000000 0.000000 0.000000 0.000000 0.000000 0.000000 0.000000 0.000000 0.000000 0.000000 0.000000 0.000000 0.000000 0.000000 0.000000 0.000000 0.000000 0.000000 0.000000 0.000000 0.000000 0.000000 0.000000 0.000000 0.000000 0.000000 0.000000 0.000000 0.000000 0.000000 0.000000 0.000000 0.000000 0.000000 0.000000
-0.062926 -0.073456 -0.066617 -0.063449 -0.063815 -0.056167 -0.052430 -0.045099 -0.038399 -0.030440 -0.022041 -0.015069 -0.005463 0.000000 0.000000 0.000000 0.000000 0.000000 0.000000 0.000000 0.000000 0.000000 0.000000 0.000000 0.000000 0.000000 0.000000 0.000000 0.000000 0.000000 0.000000 0.000000 0.000000 0.000000 0.000000 0.000000 0.000000 0.000000 0.000000 0.000000 0.000000 0.000000 0.000000 0.000000 0.000000 0.000000 0.000000 0.000000 0.000000 0.000000
-0.057402 -0.059254 -0.060569 -0.055976 -0.056653 -0.051032 -0.047397 -0.040839 -0.034743 -0.027544 -0.019932 -0.013417 -0.005003 0.000000 0.000000 0.000000 0.000000 0.000000 0.000000 0.000000 0.000000 0.000000 0.000000 0.000000 0.000000 0.000000 0.000000 0.000000 0.000000 0.000000 0.000000 0.000000 0.000000 0.000000 0.000000 0.000000 0.000000 0.000000 0.000000 0.000000 0.000000 0.000000 0.000000 0.000000 0.000000 0.000000 0.000000 0.000000 0.000000 0.000000
-0.057805 -0.053979 -0.055112 -0.052539 -0.052776 -0.046773 -0.043291 -0.037248 -0.031689 -0.025107 -0.018235 -0.011967 -0.005694 0.000000 0.000000 0.000000 0.000000 0.000000 0.000000 0.000000 0.000000 0.000000 0.000000 0.000000 0.000000 0.000000 0.000000 0.000000 0.000000 0.000000 0.000000 0.000000 0.000000 0.000000 0.000000 0.000000 0.000000 0.000000 0.000000 0.000000 0.000000 0.000000 0.000000 0.000000 0.000000 0.000000 0.000000 0.000000 0.000000 0.000000
-0.046692 -0.055491 -0.050902 -0.046963 -0.047684 -0.042618 -0.039518 -0.034206 -0.029056 -0.023062 -0.016701 -0.000385 0.000294 0.000000 0.000000 0.000000 0.000000 0.000000 0.000000 0.000000 0.000000 0.000000 0.000000 0.000000 0.000000 0.000000 0.000000 0.000000 0.000000 0.000000 0.000000 0.000000 0.000000 0.000000 0.000000 0.000000 0.000000 0.000000 0.000000 0.000000 0.000000 0.000000 0.000000 0.000000 0.000000 0.000000 0.000000 0.000000 0.000000 0.000000
-0.046309 -0.045858 -0.046941 -0.044859 -0.044783 -0.040010 -0.036901 -0.031534 -0.026985 -0.021348 -0.015545 -0.009174 -0.000438 0.000000 0.000000 0.000000 0.000000 0.000000 0.000000 0.000000 0.000000 0.000000 0.000000 0.000000 0.000000 0.000000 0.000000 0.000000 0.000000 0.000000 0.000000 0.000000 0.000000 0.000000 0.000000 0.000000 0.000000 0.000000 0.000000 0.000000 0.000000 0.000000 0.000000 0.000000 0.000000 0.000000 0.000000 0.000000 0.000000 0.000000
-0.045501 -0.047411 -0.044442 -0.041069 -0.042565 -0.036575 -0.033761 -0.029777 -0.025303 -0.020065 -0.014593 -0.008068 -0.000178 0.000000 0.000000 0.000000 0.000000 0.000000 0.000000 0.000000 0.000000 0.000000 0.000000 0.000000 0.000000 0.000000 0.000000 0.000000 0.000000 0.000000 0.000000 0.000000 0.000000 0.000000 0.000000 0.000000 0.000000 0.000000 0.000000 0.000000 0.000000 0.000000 0.000000 0.000000 0.000000 0.000000 0.000000 0.000000 0.000000 0.000000
-0.036746 -0.040345 -0.043238 -0.040098 -0.038842 -0.035557 -0.032609 -0.028361 -0.023918 -0.019027 -0.013771 -0.007162 0.000194 0.000000 0.000000 0.000000 0.000000 0.000000 0.000000 0.000000 0.000000 0.000000 0.000000 0.000000 0.000000 0.000000 0.000000 0.000000 0.000000 0.000000 0.000000 0.000000 0.000000 0.000000 0.000000 0.000000 0.000000 0.000000 0.000000 0.000000 0.000000 0.000000 0.000000 0.000000 0.000000 0.000000 0.000000 0.000000 0.000000 0.000000
-0.039707 -0.037351 -0.041803 -0.038176 -0.039722 -0.035966 -0.032684 -0.028356 -0.023945 -0.018942 -0.013816 -0.005767 -0.000449 0.000000 0.000000 0.000000 0.000000 0.000000 0.000000 0.000000 0.000000 0.000000 0.000000 0.000000 0.000000 0.000000 0.000000 0.000000 0.000000 0.000000 0.000000 0.000000 0.000000 0.000000 0.000000 0.000000 0.000000 0.000000 0.000000 0.000000 0.000000 0.000000 0.000000 0.000000 0.000000 0.000000 0.000000 0.000000 0.000000 0.000000
-0.038742 -0.044705 -0.041597 -0.040901 -0.038108 -0.036187 -0.030765 -0.026225 -0.021867 -0.016236 -0.010828 -0.006133 -0.000538 0.000000 0.000000 0.000000 0.000000 0.000000 0.000000 0.000000 0.000000 0.000000 0.000000 0.000000 0.000000 0.000000 0.000000 0.000000 0.000000 0.000000 0.000000 0.000000 0.000000 0.000000 0.000000 0.000000 0.000000 0.000000 0.000000 0.000000 0.000000 0.000000 0.000000 0.000000 0.000000 0.000000 0.000000 0.000000 0.000000 0.000000
-0.042579 -0.030407 -0.039712 -0.027378 -0.033322 -0.042466 -0.024155 -0.017783 -0.015351 -0.016272 -0.012526 -0.006275 -0.001147 0.000000 0.000000 0.000000 0.000000 0.000000 0.000000 0.000000 0.000000 0.000000 0.000000 0.000000 0.000000 0.000000 0.000000 0.000000 0.000000 0.000000 0.000000 0.000000 0.000000 0.000000 0.000000 0.000000 0.000000 0.000000 0.000000 0.000000 0.000000 0.000000 0.000000 0.000000 0.000000 0.000000 0.000000 0.000000 0.000000 0.000000
