0.000000 0.000000 0.000000 0.000000 0.000000 0.000000 0.000000 0.000000 0.000000 0.000000 0.000000 0.000000 0.000000 0.000000 0.000000 0.000000 0.000000 0.000000 0.000000 0.000000 0.000000 0.000000 0.000000 0.000000 0.000000 0.000000 0.000000 0.000000 0.000000 0.000000 0.000000 0.000000 0.000000 0.000000 0.000000 0.000000 -0.008103 0.013980 0.013096 -0.014707 0.003988 0.016045 -0.008133 0.041450 0.017493 -0.001117 -0.000608 0.003337 -0.003707 -0.008206
0.000000 0.000000 0.000000 0.000000 0.000000 0.000000 0.000000 0.000000 0.000000 0.000000 0.000000 0.000000 0.000000 0.000000 0.000000 0.000000 0.000000 0.000000 0.000000 0.000000 0.000000 0.000000 0.000000 0.000000 0.000000 0.000000 0.000000 0.000000 0.000000 0.000000 0.000000 0.000000 0.000000 0.000000 0.000000 0.000000 0.005719 0.005679 -0.011270 0.011657 0.007616 0.018913 -0.025367 0.006636 -0.031082 -0.008723 -0.054788 -0.018618 -0.056974 -0.020227
0.000000 0.000000 0.000000 0.000000 0.000000 0.000000 0.000000 0.000000 0.000000 0.000000 0.000000 0.000000 0.000000 0.000000 0.000000 0.000000 0.000000 0.000000 0.000000 0.000000 0.000000 0.000000 0.000000 0.000000 0.000000 0.000000 0.000000 0.000000 0.000000 0.000000 0.000000 0.000000 0.000000 0.000000 0.000000 0.000000 0.008002 -0.025743 -0.010723 -0.009601 -0.007596 -0.008219 -0.009871 -0.005674 -0.013514 0.003361 0.005262 -0.013284 0.017521 -0.026278
0.000000 0.000000 0.000000 0.000000 0.000000 0.000000 0.000000 0.000000 0.000000 0.000000 0.000000 0.000000 0.000000 0.000000 0.000000 0.000000 0.000000 0.000000 0.000000 0.000000 0.000000 0.000000 0.000000 0.000000 0.000000 0.000000 0.000000 0.000000 0.000000 0.000000 0.000000 0.000000 0.000000 0.000000 0.000000 0.000000 -0.004270 0.011195 -0.003297 -0.007809 -0.007020 -0.008049 -0.010448 -0.008386 -0.016510 -0.005625 -0.025765 -0.042669 0.005683 -0.001631
0.000000 0.000000 0.000000 0.000000 0.000000 0.000000 0.000000 0.000000 0.000000 0.000000 0.000000 0.000000 0.000000 0.000000 0.000000 0.000000 0.000000 0.000000 0.000000 0.000000 0.000000 0.000000 0.000000 0.000000 0.000000 0.000000 0.000000 0.000000 0.000000 0.000000 0.000000 0.000000 0.000000 0.000000 0.000000 0.000000 -0.002245 -0.017772 -0.004546 -0.007380 -0.009767 -0.010997 -0.012703 -0.013294 -0.019986 -0.012772 -0.031062 -0.027745 0.012710 0.003136
0.000000 0.000000 0.000000 0.000000 0.000000 0.000000 0.000000 0.000000 0.000000 0.000000 0.000000 0.000000 0.000000 0.000000 0.000000 0.000000 0.000000 0.000000 0.000000 0.000000 0.000000 0.000000 0.000000 0.000000 0.000000 0.000000 0.000000 0.000000 0.000000 0.000000 0.000000 0.000000 0.000000 0.000000 0.000000 0.000000 0.005211 -0.023772 -0.009368 -0.013194 -0.015482 -0.015631 -0.017443 -0.014863 -0.022742 -0.014590 -0.023185 -0.027086 -0.059963 -0.031197
0.000000 0.000000 0.000000 0.000000 0.000000 0.000000 0.000000 0.000000 0.000000 0.000000 0.000000 0.000000 0.000000 0.000000 0.000000 0.000000 0.000000 0.000000 0.000000 0.000000 0.000000 0.000000 0.000000 0.000000 0.000000 0.000000 0.000000 0.000000 0.000000 0.000000 0.000000 0.000000 0.000000 0.000000 0.000000 0.000000 0.025313 0.018920 -0.008039 -0.012357 -0.017108 -0.019530 -0.022638 -0.024424 -0.033213 -0.025665 -0.030141 -0.032934 -0.072769 -0.012466
0.000000 0.000000 0.000000 0.000000 0.000000 0.000000 0.000000 0.000000 0.000000 0.000000 0.000000 0.000000 0.000000 0.000000 0.000000 0.000000 0.000000 0.000000 0.000000 0.000000 0.000000 0.000000 0.000000 0.000000 0.000000 0.000000 0.000000 0.000000 0.000000 0.000000 0.000000 0.000000 0.000000 0.000000 0.000000 0.000000 0.002536 0.013853 -0.016195 -0.016023 -0.021093 -0.023173 -0.026733 -0.025040 -0.031701 -0.031976 -0.035197 -0.038755 -0.017491 -0.017299
0.000000 0.000000 0.000000 0.000000 0.000000 0.000000 0.000000 0.000000 0.000000 0.000000 0.000000 0.000000 0.000000 0.000000 0.000000 0.000000 0.000000 0.000000 0.000000 0.000000 0.000000 0.000000 0.000000 0.000000 0.000000 0.000000 0.000000 0.000000 0.000000 0.000000 0.000000 0.000000 0.000000 0.000000 0.000000 0.000000 0.000495 -0.026136 -0.012588 -0.018918 -0.024713 -0.028071 -0.033230 -0.031741 -0.037645 -0.033290 -0.039315 -0.043952 -0.020554 -0.000858
0.000000 0.000000 0.000000 0.000000 0.000000 0.000000 0.000000 0.000000 0.000000 0.000000 0.000000 0.000000 0.000000 0.000000 0.000000 0.000000 0.000000 0.000000 0.000000 0.000000 0.000000 0.000000 0.000000 0.000000 0.000000 0.000000 0.000000 0.000000 0.000000 0.000000 0.000000 0.000000 0.000000 0.000000 0.000000 0.000000 -0.001446 -0.026577 -0.017795 -0.021699 -0.028453 -0.031756 -0.037502 -0.036664 -0.044797 -0.043208 -0.046484 -0.047156 -0.030301 -0.003734
0.000000 0.000000 0.000000 0.000000 0.000000 0.000000 0.000000 0.000000 0.000000 0.000000 0.000000 0.000000 0.000000 0.000000 0.000000 0.000000 0.000000 0.000000 0.000000 0.000000 0.000000 0.000000 0.000000 0.000000 0.000000 0.000000 0.000000 0.000000 0.000000 0.000000 0.000000 0.000000 0.000000 0.000000 0.000000 0.000000 -0.001770 0.010529 -0.018200 -0.026102 -0.032990 -0.037668 -0.043711 -0.043531 -0.049829 -0.049806 -0.052171 -0.052330 -0.033937 0.015710
0.000000 0.000000 0.000000 0.000000 0.000000 0.000000 0.000000 0.000000 0.000000 0.000000 0.000000 0.000000 0.000000 0.000000 0.000000 0.000000 0.000000 0.000000 0.000000 0.000000 0.000000 0.000000 0.000000 0.000000 0.000000 0.000000 0.000000 0.000000 0.000000 0.000000 0.000000 0.000000 0.000000 0.000000 0.000000 0.000000 -0.014406 -0.027632 -0.022245 -0.029175 -0.037362 -0.042295 -0.049126 -0.049551 -0.055163 -0.055375 -0.058588 -0.062530 -0.051244 -0.013233
0.000000 0.000000 0.000000 0.000000 0.000000 0.000000 0.000000 0.000000 0.000000 0.000000 0.000000 0.000000 0.000000 0.000000 0.000000 0.000000 0.000000 0.000000 0.000000 0.000000 0.000000 0.000000 0.000000 0.000000 0.000000 0.000000 0.000000 0.000000 0.000000 0.000000 0.000000 0.000000 0.000000 0.000000 0.000000 0.000000 0.002403 -0.016299 -0.026814 -0.034168 -0.042742 -0.049238 -0.056456 -0.058505 -0.064003 -0.064656 -0.066959 -0.075632 -0.070013 -0.012025
0.000000 0.000000 0.000000 0.000000 0.000000 0.000000 0.000000 0.000000 0.000000 0.000000 0.000000 0.000000 0.000000 0.000000 0.000000 0.000000 0.000000 0.000000 0.000000 0.000000 0.000000 0.000000 0.000000 0.000000 0.000000 0.000000 0.000000 0.000000 0.000000 0.000000 0.000000 0.000000 0.000000 0.000000 0.000000 0.000000 0.001122 0.011367 -0.028805 -0.039020 -0.048349 -0.055631 -0.063530 -0.067246 -0.073276 -0.075572 -0.078826 -0.085093 -0.125461 -0.028850
0.000000 0.000000 0.000000 0.000000 0.000000 0.000000 0.000000 0.000000 0.000000 0.000000 0.000000 0.000000 0.000000 0.000000 0.000000 0.000000 0.000000 0.000000 0.000000 0.000000 0.000000 0.000000 0.000000 0.000000 0.000000 0.000000 0.000000 0.000000 0.000000 0.000000 0.000000 0.000000 0.000000 0.000000 0.000000 0.000000 -0.027572 0.014520 -0.032361 -0.044285 -0.054908 -0.063863 -0.071986 -0.077155 -0.082629 -0.085873 -0.090222 -0.098323 -0.134138 -0.009015
0.000000 0.000000 0.000000 0.000000 0.000000 0.000000 0.000000 0.000000 0.000000 0.000000 0.000000 0.000000 0.000000 0.000000 0.000000 0.000000 0.000000 0.000000 0.000000 0.000000 0.000000 0.000000 0.000000 0.000000 0.000000 0.000000 0.000000 0.000000 0.000000 0.000000 0.000000 0.000000 0.000000 0.000000 0.000000 0.000000 -0.005927 0.011161 -0.036465 -0.050196 -0.062195 -0.072516 -0.081707 -0.088417 -0.094373 -0.098576 -0.101498 -0.109882 -0.141235 -0.009290
0.000000 0.000000 0.000000 0.000000 0.000000 0.000000 0.000000 0.000000 0.000000 0.000000 0.000000 0.000000 0.000000 0.000000 0.000000 0.000000 0.000000 0.000000 0.000000 0.000000 0.000000 0.000000 0.000000 0.000000 0.000000 0.000000 0.000000 0.000000 0.000000 0.000000 0.000000 0.000000 0.000000 0.000000 0.000000 0.000000 -0.008380 0.003430 -0.042812 -0.057849 -0.070883 -0.082581 -0.092458 -0.100643 -0.106579 -0.111758 -0.114045 -0.121833 -0.152326 -0.037229
0.000000 0.000000 0.000000 0.000000 0.000000 0.000000 0.000000 0.000000 0.000000 0.000000 0.000000 0.000000 0.000000 0.000000 0.000000 0.000000 0.000000 0.000000 0.000000 0.000000 0.000000 0.000000 0.000000 0.000000 0.000000 0.000000 0.000000 0.000000 0.000000 0.000000 0.000000 0.000000 0.000000 0.000000 0.000000 0.000000 -0.014507 0.004005 -0.049223 -0.066523 -0.081030 -0.094061 -0.104653 -0.114074 -0.120214 -0.126762 -0.127531 -0.134198 -0.168410 -0.076214
-0.000004 -0.000006 0.000002 -0.000011 -0.000009 -0.000006 -0.000003 -0.000000 0.000004 0.000007 0.000010 0.000009 0.000001 0.000004 0.000000 0.000000 0.000000 0.000000 0.000000 0.000000 0.000000 0.000000 0.000000 0.000000 0.000000 0.000000 0.000000 0.000000 0.000000 0.000000 0.000000 0.000000 0.000000 0.000000 0.000000 0.000000 -0.016096 0.004220 -0.058692 -0.076985 -0.092994 -0.107342 -0.118665 -0.129021 -0.135304 -0.143202 -0.143082 -0.147678 -0.184880 -0.049684
-0.000025 -0.000025 -0.000023 -0.000016 -0.000010 -0.000002 -0.000014 0.000014 0.000019 0.000011 0.000031 0.000034 0.000033 0.000033 0.000000 0.000000 0.000000 0.000000 0.000000 0.000000 0.000000 0.000000 0.000000 0.000000 0.000000 0.000000 0.000000 0.000000 0.000000 0.000000 0.000000 0.000000 0.000000 0.000000 0.000000 0.000000 -0.013962 -0.003248 -0.067754 -0.089657 -0.107066 -0.122823 -0.134751 -0.145773 -0.152050 -0.161044 -0.160079 -0.163439 -0.199596 -0.081360
-0.000084 -0.000058 -0.000039 -0.000045 -0.000033 -0.000025 -0.000013 -0.000001 0.000012 0.000025 0.000037 0.000048 0.000065 0.000059 0.000000 0.000000 0.000000 0.000000 0.000000 0.000000 0.000000 0.000000 0.000000 0.000000 0.000000 0.000000 0.000000 0.000000 0.000000 0.000000 0.000000 0.000000 0.000000 0.000000 0.000000 0.000000 -0.009934 -0.009231 -0.079690 -0.104578 -0.123965 -0.140883 -0.153308 -0.164559 -0.170629 -0.179655 -0.178463 -0.180758 -0.216353 -0.053493
-0.000078 -0.000087 -0.000057 -0.000058 -0.000047 -0.000035 -0.000020 -0.000003 0.000015 0.000034 0.000051 0.000067 0.000102 0.000091 0.000000 0.000000 0.000000 0.000000 0.000000 0.000000 0.000000 0.000000 0.000000 0.000000 0.000000 0.000000 0.000000 0.000000 0.000000 0.000000 0.000000 0.000000 0.000000 0.000000 0.000000 0.000000 -0.020187 -0.016815 -0.095603 -0.123310 -0.144464 -0.162217 -0.174764 -0.185720 -0.191375 -0.199528 -0.198243 -0.199281 -0.235707 -0.062639
-0.000104 -0.000117 -0.000084 -0.000084 -0.000069 -0.000051 -0.000030 -0.000006 0.000021 0.000048 0.000074 0.000097 0.000140 0.000120 0.000000 0.000000 0.000000 0.000000 0.000000 0.000000 0.000000 0.000000 0.000000 0.000000 0.000000 0.000000 0.000000 0.000000 0.000000 0.000000 0.000000 0.000000 0.000000 0.000000 0.000000 0.000000 -0.014523 -0.023069 -0.115773 -0.146629 -0.169253 -0.187291 -0.199400 -0.209452 -0.214292 -0.221233 -0.219967 -0.219659 -0.253800 -0.010060
-0.000137 -0.000153 -0.000110 -0.000110 -0.000091 -0.000069 -0.000041 -0.000010 0.000024 0.000061 0.000096 0.000130 0.000194 0.000158 0.000000 0.000000 0.000000 0.000000 0.000000 0.000000 0.000000 0.000000 0.000000 0.000000 0.000000 0.000000 0.000000 0.000000 0.000000 0.000000 0.000000 0.000000 0.000000 0.000000 0.000000 0.000000 -0.034846 -0.031584 -0.142789 -0.176701 -0.200055 -0.217274 -0.227960 -0.236134 -0.239500 -0.244438 -0.243201 -0.242150 -0.273848 -0.011250
-0.000157 -0.000155 -0.000144 -0.000143 -0.000120 -0.000093 -0.000058 -0.000018 0.000027 0.000076 0.000124 0.000170 0.000203 0.000241 0.000000 0.000000 0.000000 0.000000 0.000000 0.000000 0.000000 0.000000 0.000000 0.000000 0.000000 0.000000 0.000000 0.000000 0.000000 0.000000 0.000000 0.000000 0.000000 0.000000 0.000000 0.000000 -0.054008 -0.054491 -0.178717 -0.214845 -0.237357 -0.252304 -0.260311 -0.265473 -0.266542 -0.268926 -0.267342 -0.265690 -0.294684 -0.108688
-0.000197 -0.000245 -0.000183 -0.000181 -0.000154 -0.000122 -0.000080 -0.000030 0.000027 0.000092 0.000157 0.000222 0.000343 0.000285 0.000000 0.000000 0.000000 0.000000 0.000000 0.000000 0.000000 0.000000 0.000000 0.000000 0.000000 0.000000 0.000000 0.000000 0.000000 0.000000 0.000000 0.000000 0.000000 0.000000 0.000000 0.000000 -0.057503 -0.090462 -0.228593 -0.265160 -0.284075 -0.294172 -0.297429 -0.297829 -0.295381 -0.294445 -0.291754 -0.289755 -0.315522 -0.014651
-0.000244 -0.000305 -0.000229 -0.000228 -0.000197 -0.000160 -0.000110 -0.000050 0.000021 0.000102 0.000191 0.000280 0.000448 0.000467 0.000000 0.000000 0.000000 0.000000 0.000000 0.000000 0.000000 0.000000 0.000000 0.000000 0.000000 0.000000 0.000000 0.000000 0.000000 0.000000 0.000000 0.000000 0.000000 0.000000 0.000000 0.000000 -0.101276 -0.156042 -0.298971 -0.329398 -0.340274 -0.341573 -0.337787 -0.331743 -0.324784 -0.319921 -0.315321 -0.313238 -0.335331 -0.015252
-0.000326 -0.000367 -0.000284 -0.000282 -0.000249 -0.000207 -0.000150 -0.000079 0.000008 0.000114 0.000231 0.000361 0.000616 0.000454 0.000000 0.000000 0.000000 0.000000 0.000000 0.000000 0.000000 0.000000 0.000000 0.000000 0.000000 0.000000 0.000000 0.000000 0.000000 0.000000 0.000000 0.000000 0.000000 0.000000 0.000000 0.000000 -0.192450 -0.245354 -0.396460 -0.412225 -0.408110 -0.396142 -0.381826 -0.367416 -0.354533 -0.344822 -0.337807 -0.335425 -0.353582 -0.129659
-0.000395 -0.000438 -0.000350 -0.000347 -0.000313 -0.000268 -0.000207 -0.000127 -0.000025 0.000103 0.000260 0.000437 0.000815 0.000822 0.000000 0.000000 0.000000 0.000000 0.000000 0.000000 0.000000 0.000000 0.000000 0.000000 0.000000 0.000000 0.000000 0.000000 0.000000 0.000000 0.000000 0.000000 0.000000 0.000000 0.000000 0.000000 -0.261600 -0.481886 -0.540356 -0.513411 -0.485152 -0.451865 -0.424901 -0.400696 -0.381597 -0.366860 -0.357135 -0.354953 -0.369124 -0.164589
-0.000432 -0.000519 -0.000425 -0.000423 -0.000389 -0.000344 -0.000280 -0.000193 -0.000075 0.000082 0.000288 0.000543 0.001122 0.001253 0.000000 0.000000 0.000000 0.000000 0.000000 0.000000 0.000000 0.000000 0.000000 0.000000 0.000000 0.000000 0.000000 0.000000 0.000000 0.000000 0.000000 0.000000 0.000000 0.000000 0.000000 0.000000 -0.576457 -0.817426 -0.723075 -0.632275 -0.565772 -0.509572 -0.466064 -0.431743 -0.405631 -0.385876 -0.373196 -0.371142 -0.379796 -0.204480
-0.000565 -0.000625 -0.000512 -0.000510 -0.000481 -0.000441 -0.000380 -0.000296 -0.000173 -0.000004 0.000250 0.000573 0.001697 0.001621 0.000000 0.000000 0.000000 0.000000 0.000000 0.000000 0.000000 0.000000 0.000000 0.000000 0.000000 0.000000 0.000000 0.000000 0.000000 0.000000 0.000000 0.000000 0.000000 0.000000 0.000000 0.000000 -1.901715 -1.378064 -0.917013 -0.733977 -0.630413 -0.548917 -0.494485 -0.452152 -0.421777 -0.398630 -0.384262 -0.381909 -0.390877 -0.201487
-0.000857 -0.000713 -0.000609 -0.000607 -0.000586 -0.000554 -0.000504 -0.000429 -0.000312 -0.000137 0.000149 0.000590 0.002473 0.004404 0.000000 0.000000 0.000000 0.000000 0.000000 0.000000 0.000000 0.000000 0.000000 0.000000 0.000000 0.000000 0.000000 0.000000 0.000000 0.000000 0.000000 0.000000 0.000000 0.000000 0.000000 0.000000 -2.338459 -1.657010 -1.013435 -0.811607 -0.668330 -0.577667 -0.511144 -0.464821 -0.430607 -0.405730 -0.389478 -0.387605 -0.393899 -0.138905
-0.000751 -0.000840 -0.000715 -0.000713 -0.000705 -0.000689 -0.000661 -0.000614 -0.000535 -0.000410 -0.000209 0.000118 0.001709 0.002045 -0.001489 0.001020 -0.001140 -0.001358 0.000164 0.000909 0.001269 -0.001176 -0.003604 0.002494 0.001887 -0.001988 0.004149 -0.000014 0.001232 -0.008172 -0.010491 -0.015874 -0.017116 0.001925 -0.025914 -0.301575 -0.427637 -0.837524 -0.877609 -0.735104 -0.633000 -0.559556 -0.502213 -0.460231 -0.428106 -0.404429 -0.388083 -0.387050 -0.389327 -0.015713
-0.000831 -0.000923 -0.000825 -0.000825 -0.000832 -0.000838 -0.000839 -0.000833 -0.000813 -0.000771 -0.000705 -0.000598 -0.000501 -0.000706 -0.001198 -0.001773 -0.002278 -0.002780 -0.003375 -0.004248 -0.005103 -0.006228 -0.007604 -0.009351 -0.011516 -0.014262 -0.017699 -0.022561 -0.028612 -0.038181 -0.049670 -0.070221 -0.093020 -0.151004 -0.226698 -0.437689 -0.722894 -0.685532 -0.695104 -0.625859 -0.574924 -0.521246 -0.479721 -0.444468 -0.417197 -0.396131 -0.381098 -0.380557 -0.383396 -0.012801
-0.000935 -0.001030 -0.000934 -0.000935 -0.000960 -0.000989 -0.001023 -0.001060 -0.001101 -0.001140 -0.001191 -0.001241 -0.001351 -0.001482 -0.002147 -0.002880 -0.003575 -0.004413 -0.005381 -0.006534 -0.008020 -0.009705 -0.011822 -0.014514 -0.017773 -0.021924 -0.027269 -0.034134 -0.043193 -0.054969 -0.071789 -0.094761 -0.129066 -0.175553 -0.253401 -0.344400 -0.514347 -0.618692 -0.595031 -0.566492 -0.523359 -0.486603 -0.452450 -0.424060 -0.400921 -0.382855 -0.369670 -0.369144 -0.373891 -0.188369
-0.001087 -0.001127 -0.001038 -0.001040 -0.001084 -0.001137 -0.001207 -0.001292 -0.001396 -0.001524 -0.001688 -0.001903 -0.002201 -0.002643 -0.003291 -0.004026 -0.004974 -0.005993 -0.007310 -0.008848 -0.010735 -0.013016 -0.015826 -0.019291 -0.023596 -0.028962 -0.035773 -0.044404 -0.055677 -0.070121 -0.089718 -0.114768 -0.150706 -0.195098 -0.261013 -0.340790 -0.443498 -0.462369 -0.489760 -0.473714 -0.460649 -0.436957 -0.416344 -0.395514 -0.378377 -0.363976 -0.353265 -0.352860 -0.358013 -0.182454
-0.001004 -0.001096 -0.001128 -0.001131 -0.001193 -0.001269 -0.001370 -0.001495 -0.001652 -0.001846 -0.002095 -0.002405 -0.002824 -0.003346 -0.004093 -0.005002 -0.006064 -0.007352 -0.008893 -0.010746 -0.013003 -0.015723 -0.019049 -0.023129 -0.028147 -0.034344 -0.042103 -0.051726 -0.064018 -0.079239 -0.099223 -0.123698 -0.156864 -0.194729 -0.246851 -0.298654 -0.368727 -0.410314 -0.423690 -0.423060 -0.413210 -0.398599 -0.383152 -0.367722 -0.354287 -0.342723 -0.333971 -0.333833 -0.329317 -0.161597
-0.001115 -0.001147 -0.001189 -0.001259 -0.001353 -0.001480 -0.001646 -0.001662 -0.001855 -0.002119 -0.002443 -0.002854 -0.003368 -0.004019 -0.004844 -0.005823 -0.007043 -0.008465 -0.010216 -0.012295 -0.014825 -0.017870 -0.021572 -0.026069 -0.031563 -0.038264 -0.046535 -0.056620 -0.069250 -0.084452 -0.103915 -0.126506 -0.156536 -0.188097 -0.230779 -0.269523 -0.317517 -0.338781 -0.359934 -0.362128 -0.362350 -0.354693 -0.346179 -0.336106 -0.326818 -0.318376 -0.311807 -0.311598 -0.304546 -0.106592
-0.001189 -0.001269 -0.001250 -0.001255 -0.001348 -0.001460 -0.001612 -0.001801 -0.002041 -0.002337 -0.002709 -0.003168 -0.003746 -0.004454 -0.005341 -0.006415 -0.007708 -0.009262 -0.011131 -0.013371 -0.016069 -0.019311 -0.023223 -0.027941 -0.033650 -0.040543 -0.048925 -0.059004 -0.071342 -0.085971 -0.104022 -0.124668 -0.150760 -0.177596 -0.211380 -0.241565 -0.276746 -0.298529 -0.314980 -0.320542 -0.322209 -0.318685 -0.312971 -0.306234 -0.299461 -0.293222 -0.288299 -0.288188 -0.318586 -0.160796
-0.001196 -0.001297 -0.001275 -0.001279 -0.001383 -0.001507 -0.001676 -0.001885 -0.002150 -0.002477 -0.002884 -0.003385 -0.004005 -0.004760 -0.005689 -0.006802 -0.008154 -0.009762 -0.011701 -0.014013 -0.016790 -0.020110 -0.024091 -0.028857 -0.034570 -0.041398 -0.049587 -0.059299 -0.070964 -0.084517 -0.100870 -0.118996 -0.141134 -0.163325 -0.190237 -0.213563 -0.239843 -0.256330 -0.271470 -0.277995 -0.282107 -0.281799 -0.278608 -0.275313 -0.270585 -0.266748 -0.262822 -0.262829 -0.257704 -0.007097
-0.001247 -0.001315 -0.001269 -0.001273 -0.001382 -0.001513 -0.001690 -0.001910 -0.002187 -0.002529 -0.002952 -0.003469 -0.004104 -0.004874 -0.005811 -0.006938 -0.008292 -0.009911 -0.011848 -0.014158 -0.016915 -0.020199 -0.024110 -0.028762 -0.034291 -0.040838 -0.048595 -0.057689 -0.068418 -0.080726 -0.095201 -0.111109 -0.129797 -0.148572 -0.170158 -0.189285 -0.209730 -0.224049 -0.236641 -0.243602 -0.248026 -0.250200 -0.247740 -0.245939 -0.242839 -0.239768 -0.237386 -0.237201 -0.231607 -0.115781
-0.001043 -0.001295 -0.001235 -0.001240 -0.001349 -0.001482 -0.001662 -0.001885 -0.002165 -0.002510 -0.002934 -0.003451 -0.004081 -0.004844 -0.005765 -0.006870 -0.008195 -0.009773 -0.011658 -0.013896 -0.016557 -0.019712 -0.023449 -0.027863 -0.033066 -0.039174 -0.046330 -0.054628 -0.064266 -0.075194 -0.087765 -0.101435 -0.116945 -0.132559 -0.149776 -0.165153 -0.181084 -0.192956 -0.203649 -0.210395 -0.215096 -0.217842 -0.214766 -0.216452 -0.212874 -0.213164 -0.210531 -0.209876 -0.204501 -0.058434
-0.001038 -0.001099 -0.001163 -0.001169 -0.001274 -0.001404 -0.001578 -0.001794 -0.002064 -0.002397 -0.002804 -0.003300 -0.003901 -0.004626 -0.005499 -0.006544 -0.007793 -0.009279 -0.011046 -0.013140 -0.015619 -0.018546 -0.021994 -0.026045 -0.030786 -0.036311 -0.042723 -0.050096 -0.058558 -0.068062 -0.078802 -0.090389 -0.103187 -0.116130 -0.129962 -0.142568 -0.155230 -0.165234 -0.174121 -0.180446 -0.184888 -0.188607 -0.187244 -0.191318 -0.187422 -0.186588 -0.185147 -0.182651 -0.178852 -0.043628
-0.001090 -0.001111 -0.001071 -0.001076 -0.001176 -0.001298 -0.001462 -0.001664 -0.001918 -0.002230 -0.002610 -0.003072 -0.003630 -0.004302 -0.005109 -0.006072 -0.007219 -0.008582 -0.010197 -0.012107 -0.014359 -0.017008 -0.020113 -0.023742 -0.027962 -0.032845 -0.038467 -0.044875 -0.052147 -0.060237 -0.069245 -0.078892 -0.089360 -0.099915 -0.110940 -0.121118 -0.131129 -0.139392 -0.146703 -0.152302 -0.156313 -0.159863 -0.157060 -0.160763 -0.152928 -0.161120 -0.155091 -0.153422 -0.147032 -0.087102
-0.000932 -0.000990 -0.000933 -0.000938 -0.001027 -0.001135 -0.001280 -0.001460 -0.001684 -0.001958 -0.002293 -0.002699 -0.003189 -0.003777 -0.004480 -0.005320 -0.006317 -0.007501 -0.008899 -0.010549 -0.012489 -0.014764 -0.017418 -0.020511 -0.024085 -0.028202 -0.032908 -0.038236 -0.044238 -0.050866 -0.058190 -0.065962 -0.074293 -0.082687 -0.091309 -0.099371 -0.107145 -0.113768 -0.119560 -0.124322 -0.127745 -0.131233 -0.129785 -0.135306 -0.132775 -0.138922 -0.130926 -0.122754 -0.170535 -0.032248
-0.000596 -0.000844 -0.000796 -0.000805 -0.000879 -0.000973 -0.001097 -0.001253 -0.001447 -0.001684 -0.001972 -0.002319 -0.002739 -0.003243 -0.003845 -0.004563 -0.005411 -0.006415 -0.007602 -0.008997 -0.010630 -0.012545 -0.014769 -0.017354 -0.020319 -0.023723 -0.027590 -0.031939 -0.036799 -0.042097 -0.047924 -0.054074 -0.060602 -0.067180 -0.073814 -0.080100 -0.086097 -0.091366 -0.095861 -0.099747 -0.102129 -0.104993 -0.102164 -0.108965 -0.095719 -0.107838 -0.096689 -0.097584 -0.093816 -0.003555
-0.000558 -0.000666 -0.000772 -0.000606 -0.000665 -0.000736 -0.000830 -0.000948 -0.001094 -0.001273 -0.001492 -0.001756 -0.002073 -0.002453 -0.002905 -0.003444 -0.004083 -0.004842 -0.005726 -0.006768 -0.007996 -0.009416 -0.011059 -0.012982 -0.015168 -0.017671 -0.020500 -0.023671 -0.027205 -0.031054 -0.035364 -0.039720 -0.044402 -0.049047 -0.053742 -0.058199 -0.062260 -0.065751 -0.068575 -0.071111 -0.072553 -0.073443 -0.072756 -0.074168 -0.070719 -0.084862 -0.066843 -0.092785 -0.063653 -0.000770
-0.000416 -0.000448 -0.000590 -0.000630 -0.000644 -0.000713 -0.000803 -0.000918 -0.001059 -0.001232 -0.001443 -0.001696 -0.002002 -0.002369 -0.002807 -0.003329 -0.003946 -0.004672 -0.005533 -0.006541 -0.007717 -0.009099 -0.010693 -0.012552 -0.014666 -0.017092 -0.019835 -0.022911 -0.026346 -0.030068 -0.034167 -0.038440 -0.042958 -0.047488 -0.051997 -0.056343 -0.060375 -0.063992 -0.067004 -0.069729 -0.071350 -0.073313 -0.072924 -0.079975 -0.076970 -0.093713 -0.087169 -0.079931 -0.041941 -0.070894
-0.000242 -0.000257 -0.000256 -0.000338 -0.000252 -0.000431 -0.000378 -0.000334 -0.000645 -0.000772 -0.000552 -0.001039 -0.001291 -0.001533 -0.001809 -0.002155 -0.002584 -0.002962 -0.003527 -0.004212 -0.004834 -0.005722 -0.006742 -0.007812 -0.009255 -0.004897 -0.012393 -0.014253 -0.016043 -0.018289 -0.020576 -0.023452 -0.025968 -0.028727 -0.030397 -0.033517 -0.018778 -0.035789 -0.016669 -0.016498 -0.017082 -0.017590 -0.012621 -0.036271 -0.003708 -0.018979 0.009769 -0.034319 0.015920 -0.012477
-0.000174 -0.000077 -0.000063 -0.000030 -0.000017 0.000061 -0.000225 -0.000039 0.000253 0.000212 -0.000240 0.000167 -0.000496 0.000222 0.000273 0.000317 0.000370 0.000589 0.001445 0.000736 0.000755 -0.004168 0.001234 -0.004157 0.000865 0.001543 -0.003764 0.002063 0.002344 0.002719 -0.006387 -0.008714 0.003707 -0.003868 -0.012303 0.004980 -0.005304 -0.005288 -0.005065 -0.005188 -0.004710 0.008575 -0.016844 -0.007976 -0.004602 -0.004676 -0.007926 -0.005701 -0.002331 -0.010319
