0.000000 0.000000 0.000000 0.000000 0.000000 0.000000 0.000000 0.000000 0.000000 0.000000 0.000000 0.000000 0.000000 0.000000 0.000000 0.000000 0.000000 0.000000 0.000000 0.000000 0.000000 0.000000 0.000000 0.000000 0.000000 0.000000 0.000000 0.000000 0.000000 0.000000 0.000000 0.000000 0.000000 0.000000 0.000000 0.000000 -0.547016 -0.529541 -0.541409 -0.598086 -0.544938 -0.536470 -0.528868 -0.540509 -0.507090 -0.536817 -0.561825 -0.518039 -0.511767 -0.523283
0.000000 0.000000 0.000000 0.000000 0.000000 0.000000 0.000000 0.000000 0.000000 0.000000 0.000000 0.000000 0.000000 0.000000 0.000000 0.000000 0.000000 0.000000 0.000000 0.000000 0.000000 0.000000 0.000000 0.000000 0.000000 0.000000 0.000000 0.000000 0.000000 0.000000 0.000000 0.000000 0.000000 0.000000 0.000000 0.000000 -0.526800 -0.534995 -0.547071 -0.573859 -0.576321 -0.518704 -0.569106 -0.568493 -0.563745 -0.546662 -0.550050 -0.516274 -0.530556 -0.516544
0.000000 0.000000 0.000000 0.000000 0.000000 0.000000 0.000000 0.000000 0.000000 0.000000 0.000000 0.000000 0.000000 0.000000 0.000000 0.000000 0.000000 0.000000 0.000000 0.000000 0.000000 0.000000 0.000000 0.000000 0.000000 0.000000 0.000000 0.000000 0.000000 0.000000 0.000000 0.000000 0.000000 0.000000 0.000000 0.000000 -0.512245 -0.572048 -0.542560 -0.536370 -0.531617 -0.532324 -0.525128 -0.532969 -0.515145 -0.523067 -0.525785 -0.523664 -0.506487 -0.510941
0.000000 0.000000 0.000000 0.000000 0.000000 0.000000 0.000000 0.000000 0.000000 0.000000 0.000000 0.000000 0.000000 0.000000 0.000000 0.000000 0.000000 0.000000 0.000000 0.000000 0.000000 0.000000 0.000000 0.000000 0.000000 0.000000 0.000000 0.000000 0.000000 0.000000 0.000000 0.000000 0.000000 0.000000 0.000000 0.000000 -0.511006 -0.572576 -0.526737 -0.534121 -0.527907 -0.528369 -0.520203 -0.511510 -0.503186 -0.512518 -0.485270 -0.455693 -0.513524 -0.506132
0.000000 0.000000 0.000000 0.000000 0.000000 0.000000 0.000000 0.000000 0.000000 0.000000 0.000000 0.000000 0.000000 0.000000 0.000000 0.000000 0.000000 0.000000 0.000000 0.000000 0.000000 0.000000 0.000000 0.000000 0.000000 0.000000 0.000000 0.000000 0.000000 0.000000 0.000000 0.000000 0.000000 0.000000 0.000000 0.000000 -0.508306 -0.578294 -0.529982 -0.545948 -0.532202 -0.537264 -0.524309 -0.535620 -0.511197 -0.535305 -0.498239 -0.504772 -0.535130 -0.496439
0.000000 0.000000 0.000000 0.000000 0.000000 0.000000 0.000000 0.000000 0.000000 0.000000 0.000000 0.000000 0.000000 0.000000 0.000000 0.000000 0.000000 0.000000 0.000000 0.000000 0.000000 0.000000 0.000000 0.000000 0.000000 0.000000 0.000000 0.000000 0.000000 0.000000 0.000000 0.000000 0.000000 0.000000 0.000000 0.000000 -0.540126 -0.573879 -0.532068 -0.539904 -0.531997 -0.533167 -0.522448 -0.518392 -0.502968 -0.515982 -0.485477 -0.508004 -0.547362 -0.454494
0.000000 0.000000 0.000000 0.000000 0.000000 0.000000 0.000000 0.000000 0.000000 0.000000 0.000000 0.000000 0.000000 0.000000 0.000000 0.000000 0.000000 0.000000 0.000000 0.000000 0.000000 0.000000 0.000000 0.000000 0.000000 0.000000 0.000000 0.000000 0.000000 0.000000 0.000000 0.000000 0.000000 0.000000 0.000000 0.000000 -0.557319 -0.573324 -0.530333 -0.544063 -0.534654 -0.539497 -0.525953 -0.536458 -0.506500 -0.530154 -0.478861 -0.510336 -0.559835 -0.515640
0.000000 0.000000 0.000000 0.000000 0.000000 0.000000 0.000000 0.000000 0.000000 0.000000 0.000000 0.000000 0.000000 0.000000 0.000000 0.000000 0.000000 0.000000 0.000000 0.000000 0.000000 0.000000 0.000000 0.000000 0.000000 0.000000 0.000000 0.000000 0.000000 0.000000 0.000000 0.000000 0.000000 0.000000 0.000000 0.000000 -0.531386 -0.581938 -0.539007 -0.547846 -0.538888 -0.541112 -0.529334 -0.534277 -0.512024 -0.545232 -0.495103 -0.520346 -0.550716 -0.511243
0.000000 0.000000 0.000000 0.000000 0.000000 0.000000 0.000000 0.000000 0.000000 0.000000 0.000000 0.000000 0.000000 0.000000 0.000000 0.000000 0.000000 0.000000 0.000000 0.000000 0.000000 0.000000 0.000000 0.000000 0.000000 0.000000 0.000000 0.000000 0.000000 0.000000 0.000000 0.000000 0.000000 0.000000 0.000000 0.000000 -0.530040 -0.598678 -0.540912 -0.553015 -0.542555 -0.546977 -0.532998 -0.541994 -0.512196 -0.539059 -0.491439 -0.520269 -0.550020 -0.455597
0.000000 0.000000 0.000000 0.000000 0.000000 0.000000 0.000000 0.000000 0.000000 0.000000 0.000000 0.000000 0.000000 0.000000 0.000000 0.000000 0.000000 0.000000 0.000000 0.000000 0.000000 0.000000 0.000000 0.000000 0.000000 0.000000 0.000000 0.000000 0.000000 0.000000 0.000000 0.000000 0.000000 0.000000 0.000000 0.000000 -0.565426 -0.605565 -0.547849 -0.557209 -0.547594 -0.549897 -0.536824 -0.545686 -0.515278 -0.546300 -0.490920 -0.524244 -0.553736 -0.505406
0.000000 0.000000 0.000000 0.000000 0.000000 0.000000 0.000000 0.000000 0.000000 0.000000 0.000000 0.000000 0.000000 0.000000 0.000000 0.000000 0.000000 0.000000 0.000000 0.000000 0.000000 0.000000 0.000000 0.000000 0.000000 0.000000 0.000000 0.000000 0.000000 0.000000 0.000000 0.000000 0.000000 0.000000 0.000000 0.000000 -0.571561 -0.600389 -0.553595 -0.564358 -0.553202 -0.557263 -0.541498 -0.552554 -0.520090 -0.556034 -0.498735 -0.520468 -0.551607 -0.505601
0.000000 0.000000 0.000000 0.000000 0.000000 0.000000 0.000000 0.000000 0.000000 0.000000 0.000000 0.000000 0.000000 0.000000 0.000000 0.000000 0.000000 0.000000 0.000000 0.000000 0.000000 0.000000 0.000000 0.000000 0.000000 0.000000 0.000000 0.000000 0.000000 0.000000 0.000000 0.000000 0.000000 0.000000 0.000000 0.000000 -0.602302 -0.621745 -0.559259 -0.570380 -0.559006 -0.561856 -0.546002 -0.556581 -0.521937 -0.555652 -0.498519 -0.510920 -0.556712 -0.414853
0.000000 0.000000 0.000000 0.000000 0.000000 0.000000 0.000000 0.000000 0.000000 0.000000 0.000000 0.000000 0.000000 0.000000 0.000000 0.000000 0.000000 0.000000 0.000000 0.000000 0.000000 0.000000 0.000000 0.000000 0.000000 0.000000 0.000000 0.000000 0.000000 0.000000 0.000000 0.000000 0.000000 0.000000 0.000000 0.000000 -0.560804 -0.599807 -0.568604 -0.578901 -0.566468 -0.570020 -0.551400 -0.563076 -0.524419 -0.557434 -0.494460 -0.516098 -0.568724 -0.482162
0.000000 0.000000 0.000000 0.000000 0.000000 0.000000 0.000000 0.000000 0.000000 0.000000 0.000000 0.000000 0.000000 0.000000 0.000000 0.000000 0.000000 0.000000 0.000000 0.000000 0.000000 0.000000 0.000000 0.000000 0.000000 0.000000 0.000000 0.000000 0.000000 0.000000 0.000000 0.000000 0.000000 0.000000 0.000000 0.000000 -0.587404 -0.617811 -0.575762 -0.587730 -0.574026 -0.577095 -0.557487 -0.569479 -0.529331 -0.564501 -0.499107 -0.513244 -0.560555 -0.372586
0.000000 0.000000 0.000000 0.000000 0.000000 0.000000 0.000000 0.000000 0.000000 0.000000 0.000000 0.000000 0.000000 0.000000 0.000000 0.000000 0.000000 0.000000 0.000000 0.000000 0.000000 0.000000 0.000000 0.000000 0.000000 0.000000 0.000000 0.000000 0.000000 0.000000 0.000000 0.000000 0.000000 0.000000 0.000000 0.000000 -0.624783 -0.629324 -0.586060 -0.597776 -0.583150 -0.586231 -0.564242 -0.575331 -0.533031 -0.566142 -0.501222 -0.513382 -0.556422 -0.504206
0.000000 0.000000 0.000000 0.000000 0.000000 0.000000 0.000000 0.000000 0.000000 0.000000 0.000000 0.000000 0.000000 0.000000 0.000000 0.000000 0.000000 0.000000 0.000000 0.000000 0.000000 0.000000 0.000000 0.000000 0.000000 0.000000 0.000000 0.000000 0.000000 0.000000 0.000000 0.000000 0.000000 0.000000 0.000000 0.000000 -0.635273 -0.647754 -0.598271 -0.609849 -0.593251 -0.595627 -0.572278 -0.582696 -0.538820 -0.571305 -0.506399 -0.514164 -0.559420 -0.504552
0.000000 0.000000 0.000000 0.000000 0.000000 0.000000 0.000000 0.000000 0.000000 0.000000 0.000000 0.000000 0.000000 0.000000 0.000000 0.000000 0.000000 0.000000 0.000000 0.000000 0.000000 0.000000 0.000000 0.000000 0.000000 0.000000 0.000000 0.000000 0.000000 0.000000 0.000000 0.000000 0.000000 0.000000 0.000000 0.000000 -0.617293 -0.668156 -0.612853 -0.623059 -0.604972 -0.605938 -0.581058 -0.590160 -0.545155 -0.576429 -0.510892 -0.517613 -0.557400 -0.509944
0.000000 0.000000 0.000000 0.000000 0.000000 0.000000 0.000000 0.000000 0.000000 0.000000 0.000000 0.000000 0.000000 0.000000 0.000000 0.000000 0.000000 0.000000 0.000000 0.000000 0.000000 0.000000 0.000000 0.000000 0.000000 0.000000 0.000000 0.000000 0.000000 0.000000 0.000000 0.000000 0.000000 0.000000 0.000000 0.000000 -0.664722 -0.686193 -0.627933 -0.638075 -0.617711 -0.617291 -0.590658 -0.597833 -0.552124 -0.581517 -0.515051 -0.521276 -0.552708 -0.503272
0.000016 0.000038 0.000043 0.000062 0.000081 0.000092 0.000102 0.000104 0.000103 0.000094 0.000081 0.000062 0.000044 0.000001 0.000000 0.000000 0.000000 0.000000 0.000000 0.000000 0.000000 0.000000 0.000000 0.000000 0.000000 0.000000 0.000000 0.000000 0.000000 0.000000 0.000000 0.000000 0.000000 0.000000 0.000000 0.000000 -0.675446 -0.699695 -0.646121 -0.654286 -0.632117 -0.629560 -0.601150 -0.605906 -0.559562 -0.586261 -0.519069 -0.525517 -0.549865 -0.513319
0.000010 0.000042 0.000061 0.000079 0.000096 0.000111 0.000118 0.000122 0.000112 0.000104 0.000081 0.000057 0.000033 0.000003 0.000000 0.000000 0.000000 0.000000 0.000000 0.000000 0.000000 0.000000 0.000000 0.000000 0.000000 0.000000 0.000000 0.000000 0.000000 0.000000 0.000000 0.000000 0.000000 0.000000 0.000000 0.000000 -0.681656 -0.722648 -0.665917 -0.672955 -0.647941 -0.642940 -0.612385 -0.614410 -0.567156 -0.590727 -0.523424 -0.529416 -0.546644 -0.499590
-0.000010 0.000032 0.000067 0.000068 0.000089 0.000101 0.000112 0.000115 0.000113 0.000105 0.000091 0.000069 0.000031 0.000004 0.000000 0.000000 0.000000 0.000000 0.000000 0.000000 0.000000 0.000000 0.000000 0.000000 0.000000 0.000000 0.000000 0.000000 0.000000 0.000000 0.000000 0.000000 0.000000 0.000000 0.000000 0.000000 -0.716951 -0.749021 -0.688284 -0.693838 -0.665253 -0.657202 -0.624139 -0.622988 -0.574817 -0.594466 -0.528467 -0.533930 -0.545674 -0.513050
-0.000003 0.000042 0.000073 0.000075 0.000098 0.000112 0.000124 0.000128 0.000128 0.000118 0.000103 0.000079 0.000045 0.000002 0.000000 0.000000 0.000000 0.000000 0.000000 0.000000 0.000000 0.000000 0.000000 0.000000 0.000000 0.000000 0.000000 0.000000 0.000000 0.000000 0.000000 0.000000 0.000000 0.000000 0.000000 0.000000 -0.796026 -0.782476 -0.715779 -0.717358 -0.684190 -0.672250 -0.636096 -0.631500 -0.581975 -0.597662 -0.532090 -0.537833 -0.541352 -0.499576
0.000002 0.000047 0.000083 0.000085 0.000112 0.000129 0.000145 0.000151 0.000151 0.000142 0.000124 0.000097 0.000056 -0.000006 0.000000 0.000000 0.000000 0.000000 0.000000 0.000000 0.000000 0.000000 0.000000 0.000000 0.000000 0.000000 0.000000 0.000000 0.000000 0.000000 0.000000 0.000000 0.000000 0.000000 0.000000 0.000000 -0.800656 -0.824643 -0.746563 -0.743184 -0.704130 -0.687514 -0.647673 -0.639422 -0.588437 -0.600508 -0.535350 -0.540747 -0.540015 -0.498616
0.000002 0.000056 0.000095 0.000098 0.000130 0.000150 0.000170 0.000179 0.000181 0.000172 0.000153 0.000120 0.000074 0.000010 0.000000 0.000000 0.000000 0.000000 0.000000 0.000000 0.000000 0.000000 0.000000 0.000000 0.000000 0.000000 0.000000 0.000000 0.000000 0.000000 0.000000 0.000000 0.000000 0.000000 0.000000 0.000000 -0.864911 -0.863033 -0.782547 -0.771363 -0.724870 -0.702420 -0.658300 -0.646219 -0.593609 -0.602685 -0.537674 -0.542882 -0.538110 -0.498370
0.000013 0.000086 0.000111 0.000115 0.000153 0.000178 0.000203 0.000217 0.000223 0.000214 0.000193 0.000153 0.000105 -0.000008 0.000000 0.000000 0.000000 0.000000 0.000000 0.000000 0.000000 0.000000 0.000000 0.000000 0.000000 0.000000 0.000000 0.000000 0.000000 0.000000 0.000000 0.000000 0.000000 0.000000 0.000000 0.000000 -0.939018 -0.927879 -0.822364 -0.800755 -0.744717 -0.715423 -0.666572 -0.650795 -0.596585 -0.603552 -0.538723 -0.543639 -0.537216 -0.510564
0.000024 0.000076 0.000130 0.000134 0.000180 0.000212 0.000244 0.000264 0.000275 0.000269 0.000247 0.000200 0.000128 0.000022 0.000000 0.000000 0.000000 0.000000 0.000000 0.000000 0.000000 0.000000 0.000000 0.000000 0.000000 0.000000 0.000000 0.000000 0.000000 0.000000 0.000000 0.000000 0.000000 0.000000 0.000000 0.000000 -1.020476 -1.006310 -0.866729 -0.830829 -0.762436 -0.725408 -0.671486 -0.652330 -0.596805 -0.602508 -0.538081 -0.542682 -0.536393 -0.500333
0.000040 0.000083 0.000152 0.000157 0.000212 0.000253 0.000295 0.000324 0.000344 0.000343 0.000323 0.000267 0.000176 -0.000001 0.000000 0.000000 0.000000 0.000000 0.000000 0.000000 0.000000 0.000000 0.000000 0.000000 0.000000 0.000000 0.000000 0.000000 0.000000 0.000000 0.000000 0.000000 0.000000 0.000000 0.000000 0.000000 -1.135797 -1.115817 -0.910838 -0.857402 -0.773755 -0.728785 -0.670196 -0.648686 -0.592781 -0.598419 -0.534979 -0.539416 -0.535147 -0.500200
-0.000003 0.000096 0.000176 0.000181 0.000248 0.000298 0.000353 0.000395 0.000427 0.000439 0.000425 0.000365 0.000261 -0.000004 0.000000 0.000000 0.000000 0.000000 0.000000 0.000000 0.000000 0.000000 0.000000 0.000000 0.000000 0.000000 0.000000 0.000000 0.000000 0.000000 0.000000 0.000000 0.000000 0.000000 0.000000 0.000000 -1.351293 -1.257125 -0.948796 -0.873566 -0.774467 -0.722911 -0.661610 -0.639386 -0.584535 -0.591438 -0.529787 -0.534028 -0.533716 -0.510502
-0.000009 0.000112 0.000202 0.000208 0.000287 0.000351 0.000422 0.000482 0.000537 0.000565 0.000571 0.000507 0.000339 0.000037 0.000000 0.000000 0.000000 0.000000 0.000000 0.000000 0.000000 0.000000 0.000000 0.000000 0.000000 0.000000 0.000000 0.000000 0.000000 0.000000 0.000000 0.000000 0.000000 0.000000 0.000000 0.000000 -1.515677 -1.451690 -0.967327 -0.870038 -0.756951 -0.702392 -0.641315 -0.621598 -0.569747 -0.580080 -0.521272 -0.525931 -0.530358 -0.517369
0.000068 0.000167 0.000227 0.000235 0.000326 0.000404 0.000494 0.000577 0.000657 0.000723 0.000758 0.000730 0.000547 -0.000048 0.000000 0.000000 0.000000 0.000000 0.000000 0.000000 0.000000 0.000000 0.000000 0.000000 0.000000 0.000000 0.000000 0.000000 0.000000 0.000000 0.000000 0.000000 0.000000 0.000000 0.000000 0.000000 -1.864876 -1.613076 -0.928935 -0.819580 -0.712682 -0.663024 -0.610494 -0.596528 -0.550344 -0.565520 -0.510527 -0.516304 -0.527210 -0.440466
-0.000010 0.000150 0.000252 0.000260 0.000365 0.000460 0.000573 0.000687 0.000811 0.000927 0.001030 0.001072 0.001126 0.000229 0.000000 0.000000 0.000000 0.000000 0.000000 0.000000 0.000000 0.000000 0.000000 0.000000 0.000000 0.000000 0.000000 0.000000 0.000000 0.000000 0.000000 0.000000 0.000000 0.000000 0.000000 0.000000 -1.958819 -1.229800 -0.803457 -0.717861 -0.633336 -0.603132 -0.563509 -0.561527 -0.523614 -0.546651 -0.496912 -0.504074 -0.523560 -0.437273
0.000117 0.000207 0.000270 0.000278 0.000395 0.000504 0.000638 0.000784 0.000949 0.001145 0.001341 0.001621 0.002668 0.000323 0.000000 0.000000 0.000000 0.000000 0.000000 0.000000 0.000000 0.000000 0.000000 0.000000 0.000000 0.000000 0.000000 0.000000 0.000000 0.000000 0.000000 0.000000 0.000000 0.000000 0.000000 0.000000 0.006763 -0.201827 -0.518382 -0.536160 -0.530868 -0.527951 -0.514139 -0.524292 -0.496729 -0.527495 -0.483286 -0.491317 -0.518489 -0.511143
-0.000067 0.000176 0.000282 0.000293 0.000417 0.000541 0.000698 0.000879 0.001103 0.001387 0.001738 0.002258 0.003942 0.003860 0.008367 0.007278 0.010143 0.009303 0.012203 0.014968 0.023885 0.020710 0.027352 0.037190 0.039911 0.044537 0.053340 0.064888 0.092327 0.117965 0.146184 0.174962 0.251771 0.286478 0.364879 1.001883 1.139210 0.326201 -0.192191 -0.349903 -0.391432 -0.443872 -0.449662 -0.481229 -0.464275 -0.505373 -0.467437 -0.476591 -0.511594 -0.499516
0.000025 0.000223 0.000281 0.000291 0.000419 0.000547 0.000713 0.000909 0.001152 0.001471 0.001861 0.002440 0.003164 0.004492 0.006036 0.007038 0.008253 0.009895 0.011782 0.014199 0.016965 0.020320 0.024542 0.029593 0.035667 0.043374 0.052626 0.064451 0.078340 0.097675 0.120251 0.151391 0.198374 0.246859 0.288031 0.382912 0.227260 -0.003921 -0.191175 -0.285536 -0.350226 -0.396429 -0.414162 -0.450532 -0.440589 -0.487443 -0.454059 -0.464416 -0.506256 -0.484539
-0.000069 0.000227 0.000269 0.000278 0.000405 0.000534 0.000703 0.000905 0.001164 0.001494 0.001922 0.002493 0.003250 0.004259 0.005279 0.006440 0.007689 0.009191 0.011065 0.013209 0.015840 0.018985 0.022812 0.027433 0.032987 0.039845 0.048020 0.058421 0.070353 0.086434 0.103354 0.128280 0.151013 0.185445 0.205279 0.224706 0.116023 -0.036276 -0.127114 -0.233318 -0.288395 -0.349519 -0.372715 -0.419268 -0.415503 -0.469379 -0.440822 -0.451715 -0.501857 -0.433644
0.000056 0.000225 0.000241 0.000249 0.000366 0.000484 0.000642 0.000832 0.001072 0.001380 0.001765 0.002277 0.002901 0.003733 0.004709 0.005676 0.006813 0.008177 0.009770 0.011696 0.013977 0.016699 0.019990 0.023925 0.028601 0.034300 0.040929 0.049155 0.058244 0.069997 0.081729 0.097215 0.111369 0.124724 0.122633 0.114387 0.064610 -0.040030 -0.136382 -0.214844 -0.271441 -0.326030 -0.351791 -0.399626 -0.398924 -0.456424 -0.430936 -0.441870 -0.496449 -0.432284
0.000018 0.000135 0.000201 0.000207 0.000308 0.000411 0.000549 0.000717 0.000931 0.001202 0.001543 0.001978 0.002508 0.003169 0.003900 0.004754 0.005719 0.006851 0.008206 0.009780 0.011668 0.013891 0.016534 0.019661 0.023316 0.027673 0.032593 0.038548 0.044687 0.052438 0.058687 0.067307 0.070227 0.074465 0.063291 0.046422 -0.005302 -0.074620 -0.136477 -0.203998 -0.251158 -0.305272 -0.331253 -0.381675 -0.383661 -0.444511 -0.421670 -0.432958 -0.517424 -0.407391
-0.000120 0.000077 0.000134 0.000201 0.000283 0.000389 0.000524 0.000540 0.000698 0.000919 0.001196 0.001541 0.001958 0.002463 0.003051 0.003703 0.004460 0.005344 0.006372 0.007581 0.008996 0.010650 0.012581 0.014825 0.017383 0.020338 0.023534 0.027207 0.030659 0.034672 0.037037 0.039774 0.037627 0.034068 0.018716 -0.001944 -0.040671 -0.096027 -0.148944 -0.204443 -0.247035 -0.296130 -0.321055 -0.370960 -0.373829 -0.436309 -0.414870 -0.426437 -0.484179 -0.510601
-0.000192 0.000182 0.000084 0.000086 0.000133 0.000186 0.000259 0.000351 0.000471 0.000625 0.000818 0.001059 0.001348 0.001697 0.002094 0.002553 0.003075 0.003674 0.004371 0.005166 0.006087 0.007134 0.008323 0.009654 0.011098 0.012668 0.014189 0.015758 0.016733 0.017603 0.016442 0.014827 0.008243 -0.000075 -0.017586 -0.040156 -0.074651 -0.116953 -0.159134 -0.206262 -0.243383 -0.289063 -0.312682 -0.362436 -0.365835 -0.429665 -0.409337 -0.420945 -0.488281 -0.431491
0.000080 -0.000101 0.000010 0.000009 0.000024 0.000045 0.000077 0.000123 0.000185 0.000269 0.000375 0.000510 0.000673 0.000866 0.001088 0.001334 0.001610 0.001918 0.002259 0.002636 0.003047 0.003484 0.003935 0.004376 0.004753 0.005028 0.005029 0.004740 0.003646 0.001946 -0.001725 -0.006640 -0.015533 -0.026965 -0.045109 -0.067538 -0.097486 -0.133894 -0.170619 -0.211639 -0.245060 -0.286933 -0.308785 -0.357595 -0.360827 -0.425642 -0.406042 -0.416748 -0.482724 -0.502236
-0.000109 -0.000158 -0.000068 -0.000068 -0.000093 -0.000106 -0.000119 -0.000122 -0.000120 -0.000109 -0.000091 -0.000062 -0.000028 0.000012 0.000051 0.000087 0.000113 0.000124 0.000115 0.000073 -0.000015 -0.000173 -0.000432 -0.000835 -0.001456 -0.002365 -0.003733 -0.005646 -0.008521 -0.012355 -0.018115 -0.025432 -0.036139 -0.049323 -0.067612 -0.089651 -0.116752 -0.148403 -0.180540 -0.216820 -0.247036 -0.285640 -0.306447 -0.354481 -0.357673 -0.423225 -0.404445 -0.413759 -0.483628 -0.407613
-0.000012 -0.000156 -0.000150 -0.000154 -0.000214 -0.000262 -0.000320 -0.000374 -0.000434 -0.000496 -0.000565 -0.000642 -0.000733 -0.000842 -0.000977 -0.001149 -0.001366 -0.001642 -0.001992 -0.002436 -0.003000 -0.003720 -0.004641 -0.005821 -0.007345 -0.009306 -0.011863 -0.015140 -0.019460 -0.024904 -0.032150 -0.041094 -0.052932 -0.067211 -0.085436 -0.106849 -0.131980 -0.160722 -0.190034 -0.222983 -0.251557 -0.287119 -0.310252 -0.353048 -0.357143 -0.421929 -0.403039 -0.410948 -0.486393 -0.500195
-0.000202 -0.000178 -0.000231 -0.000238 -0.000334 -0.000418 -0.000520 -0.000625 -0.000746 -0.000879 -0.001033 -0.001211 -0.001422 -0.001674 -0.001977 -0.002346 -0.002795 -0.003344 -0.004014 -0.004835 -0.005841 -0.007076 -0.008597 -0.010471 -0.012788 -0.015653 -0.019214 -0.023610 -0.029101 -0.035826 -0.044257 -0.054429 -0.067108 -0.082057 -0.100122 -0.120909 -0.144464 -0.170933 -0.197896 -0.228222 -0.254561 -0.288202 -0.308378 -0.351323 -0.355949 -0.421700 -0.403576 -0.409760 -0.489800 -0.504252
-0.000015 -0.000264 -0.000308 -0.000319 -0.000448 -0.000565 -0.000710 -0.000861 -0.001038 -0.001237 -0.001470 -0.001741 -0.002061 -0.002443 -0.002899 -0.003447 -0.004106 -0.004900 -0.005859 -0.007016 -0.008415 -0.010104 -0.012148 -0.014622 -0.017616 -0.021243 -0.025637 -0.030946 -0.037377 -0.045092 -0.054418 -0.065450 -0.078668 -0.093985 -0.111868 -0.132123 -0.154622 -0.179607 -0.205208 -0.233731 -0.259766 -0.291151 -0.315109 -0.353654 -0.368041 -0.422199 -0.407664 -0.408713 -0.490422 -0.411795
0.000050 -0.000295 -0.000382 -0.000394 -0.000555 -0.000704 -0.000887 -0.001083 -0.001312 -0.001572 -0.001877 -0.002234 -0.002656 -0.003156 -0.003751 -0.004462 -0.005311 -0.006329 -0.007547 -0.009005 -0.010752 -0.012842 -0.015344 -0.018334 -0.021907 -0.026174 -0.031257 -0.037304 -0.044477 -0.052946 -0.062946 -0.074581 -0.088171 -0.103683 -0.121370 -0.141143 -0.162760 -0.186527 -0.210797 -0.237813 -0.262301 -0.292564 -0.314866 -0.353334 -0.358234 -0.422253 -0.407439 -0.411313 -0.488263 -0.508628
-0.000009 -0.000310 -0.000446 -0.000458 -0.000645 -0.000820 -0.001036 -0.001267 -0.001539 -0.001849 -0.002213 -0.002640 -0.003144 -0.003740 -0.004448 -0.005292 -0.006297 -0.007493 -0.008920 -0.010621 -0.012646 -0.015052 -0.017918 -0.021314 -0.025336 -0.030098 -0.035709 -0.042318 -0.050051 -0.059090 -0.069562 -0.081604 -0.095450 -0.111064 -0.128612 -0.148015 -0.169057 -0.192050 -0.215772 -0.241919 -0.266888 -0.296097 -0.323156 -0.356855 -0.386178 -0.424401 -0.429125 -0.414843 -0.490171 -0.499745
0.000023 -0.000288 -0.000438 -0.000514 -0.000729 -0.000924 -0.001170 -0.001434 -0.001745 -0.002100 -0.002516 -0.003005 -0.003584 -0.004267 -0.005077 -0.006036 -0.007173 -0.008531 -0.010143 -0.012047 -0.014318 -0.017001 -0.020173 -0.023908 -0.028302 -0.033474 -0.039505 -0.046546 -0.054668 -0.064101 -0.074953 -0.087286 -0.101305 -0.116921 -0.134305 -0.153425 -0.173998 -0.196239 -0.219101 -0.243968 -0.267562 -0.295088 -0.318577 -0.350322 -0.364854 -0.408058 -0.398068 -0.418312 -0.461597 -0.501108
0.000020 -0.000266 -0.000503 -0.000711 -0.000725 -0.000929 -0.001178 -0.001445 -0.001760 -0.002119 -0.002540 -0.003034 -0.003618 -0.004307 -0.005124 -0.006094 -0.007245 -0.008614 -0.010237 -0.012161 -0.014450 -0.017149 -0.020342 -0.024108 -0.028532 -0.033729 -0.039796 -0.046875 -0.055060 -0.064542 -0.075415 -0.087765 -0.101797 -0.117452 -0.134864 -0.153964 -0.174460 -0.196717 -0.219418 -0.244334 -0.267452 -0.294343 -0.315846 -0.346603 -0.361204 -0.403390 -0.422023 -0.435793 -0.429450 -0.356057
0.000001 -0.000388 -0.000593 -0.000740 -0.001064 -0.001232 -0.001641 -0.002076 -0.002275 -0.002749 -0.003601 -0.003905 -0.004693 -0.005595 -0.006653 -0.007925 -0.009424 -0.011149 -0.013210 -0.015707 -0.018557 -0.021902 -0.025981 -0.030624 -0.036172 -0.039239 -0.049985 -0.058561 -0.068332 -0.079216 -0.092028 -0.106363 -0.122566 -0.140247 -0.159335 -0.180448 -0.188685 -0.203938 -0.239120 -0.264828 -0.289932 -0.316191 -0.345425 -0.353768 -0.396456 -0.410822 -0.444168 -0.443996 -0.495586 -0.363016
-0.000050 -0.000408 -0.000467 -0.000772 -0.000966 -0.001094 -0.001266 -0.001777 -0.002135 -0.002700 -0.003468 -0.003647 -0.003155 -0.005176 -0.006551 -0.007799 -0.008738 -0.009519 -0.018202 -0.013261 -0.018373 -0.029409 -0.023344 -0.028138 -0.034175 -0.041962 -0.053599 -0.057481 -0.066982 -0.077952 -0.085873 -0.118981 -0.118833 -0.138058 -0.146090 -0.172938 -0.184416 -0.206030 -0.228855 -0.252521 -0.276529 -0.275222 -0.362895 -0.345441 -0.378797 -0.410110 -0.424418 -0.459654 -0.482856 -0.499070
