-0.005927 -0.004547 -0.010676 0.014156 -0.002791 0.004949 0.010844 -0.007767 0.013708 0.020554 0.021324 0.007216 0.007014 0.005397 0.020065 0.013643 -0.002350 0.001227 0.007991 0.010581 0.003805 0.009285 0.009548 -0.002385 -0.018685 0.011594 0.006535 -0.001943 0.005072 -0.012678 0.001761 0.005905 0.002455 -0.000346 0.003835 0.004891 0.002471 -0.004728 -0.002448 -0.000646 0.000275 0.000061 -0.001401 0.001415 0.000126 0.000251 0.000486 0.000117 0.000370 0.000162
0.013726 0.009565 0.026185 0.031887 0.018245 0.032540 0.004048 0.033404 0.004968 0.033016 0.005646 0.032234 0.032131 0.006131 0.007249 0.006233 0.006347 0.006527 0.007595 0.025020 0.006339 0.005734 0.023216 0.023369 0.021793 0.004556 0.007990 0.006863 0.004159 0.005653 0.004020 0.005003 0.003529 0.004075 0.002972 0.003527 0.007137 0.002610 0.005517 0.004920 0.002354 0.004029 0.001887 0.003302 0.003020 0.001663 0.002517 0.002090 0.001656 0.002367
-0.003913 0.014718 0.051554 0.063416 0.067586 0.051522 0.057390 0.053927 0.054215 0.053039 0.052407 0.051512 0.050533 0.049481 0.048258 0.046866 0.045480 0.043792 0.042067 0.040140 0.038197 0.036158 0.034139 0.032012 0.029977 0.027959 0.025967 0.024066 0.022185 0.020445 0.018725 0.017174 0.015626 0.014249 0.012922 0.011724 0.010600 0.009594 0.008668 0.007845 0.007100 0.006443 0.005884 0.005412 0.005010 0.004735 0.004601 0.004443 0.003748 0.003008
0.017941 0.077267 0.068230 0.043595 0.060386 0.050077 0.056099 0.054325 0.055477 0.054755 0.053731 0.052756 0.051768 0.050813 0.049376 0.048095 0.046650 0.044898 0.043226 0.041094 0.039160 0.037086 0.035163 0.032869 0.030902 0.028792 0.026919 0.024808 0.022845 0.021157 0.019322 0.017786 0.016156 0.014773 0.013346 0.012167 0.010954 0.009938 0.008959 0.008078 0.007337 0.006643 0.006068 0.005576 0.005149 0.004872 0.004543 0.005909 0.005229 0.004864
0.012281 0.115131 0.065114 0.066329 0.078483 0.075498 0.077281 0.075536 0.075312 0.074807 0.074030 0.072957 0.071743 0.070273 0.068592 0.066632 0.064542 0.062164 0.059671 0.056961 0.054175 0.051276 0.048309 0.045373 0.042407 0.039533 0.036630 0.033959 0.031329 0.028784 0.026403 0.024115 0.021992 0.019994 0.018150 0.016419 0.014856 0.013412 0.012106 0.010940 0.009884 0.008967 0.008166 0.007489 0.006920 0.006469 0.006093 0.006040 0.006607 0.005847
0.018291 0.125313 0.088592 0.086548 0.095984 0.094105 0.095324 0.094957 0.093183 0.092462 0.091358 0.090089 0.088567 0.086814 0.084710 0.082357 0.079722 0.076786 0.073663 0.070272 0.066788 0.063164 0.059530 0.055814 0.052180 0.048571 0.045082 0.041670 0.038389 0.035294 0.032306 0.029531 0.026877 0.024435 0.022127 0.020026 0.018068 0.016300 0.014688 0.013242 0.011959 0.010828 0.009847 0.009018 0.008310 0.007764 0.007303 0.007267 0.008097 0.006160
0.032974 0.145357 0.105059 0.106958 0.113032 0.112987 0.113824 0.113515 0.112222 0.111398 0.110546 0.109278 0.107640 0.105584 0.103115 0.100239 0.096998 0.093394 0.089508 0.085356 0.081029 0.076565 0.072035 0.067494 0.062988 0.058570 0.054257 0.050111 0.046125 0.042324 0.038723 0.035323 0.032133 0.029153 0.026384 0.023824 0.021476 0.019335 0.017396 0.015661 0.014115 0.012763 0.011587 0.010595 0.009752 0.009097 0.008552 0.008519 0.009002 0.006241
0.028933 0.166312 0.126509 0.131177 0.133742 0.132871 0.134253 0.132484 0.130943 0.130256 0.129313 0.127915 0.126046 0.123673 0.120784 0.117400 0.113549 0.109264 0.104623 0.099669 0.094504 0.089182 0.083796 0.078395 0.073060 0.067830 0.062756 0.057866 0.053185 0.048739 0.044524 0.040563 0.036841 0.033375 0.030150 0.027178 0.024449 0.021967 0.019723 0.017716 0.015935 0.014377 0.013025 0.011885 0.010920 0.010168 0.009555 0.009514 0.010024 0.008836
0.025561 0.134397 0.146314 0.148813 0.151708 0.150417 0.151933 0.149934 0.150154 0.149494 0.148832 0.147451 0.145492 0.142844 0.139552 0.135621 0.131108 0.126063 0.120576 0.114727 0.108620 0.102342 0.095993 0.089652 0.083397 0.077290 0.071379 0.065707 0.060294 0.055161 0.050314 0.045759 0.041494 0.037518 0.033829 0.030425 0.027309 0.024475 0.021920 0.019639 0.017621 0.015860 0.014336 0.013054 0.011970 0.011132 0.010433 0.010397 0.010516 0.013739
0.027691 0.201729 0.164911 0.169893 0.171861 0.170592 0.172361 0.169849 0.169939 0.169420 0.168866 0.167422 0.165312 0.162353 0.158612 0.154090 0.148856 0.142984 0.136579 0.129751 0.122624 0.115314 0.107937 0.100594 0.093376 0.086355 0.079589 0.073118 0.066967 0.061153 0.055677 0.050541 0.045739 0.041266 0.037122 0.033300 0.029806 0.026633 0.023781 0.021240 0.019000 0.017050 0.015368 0.013957 0.012768 0.011847 0.011086 0.011043 0.011123 0.010548
0.037540 0.219711 0.182554 0.188918 0.191476 0.188401 0.191021 0.187982 0.190037 0.189821 0.189593 0.188226 0.186044 0.182800 0.178594 0.173428 0.167394 0.160592 0.153155 0.145224 0.136954 0.128491 0.119978 0.111537 0.103275 0.095278 0.087606 0.080301 0.073389 0.066878 0.060771 0.055053 0.049717 0.044747 0.040143 0.035896 0.032023 0.028511 0.025366 0.022572 0.020120 0.017994 0.016167 0.014640 0.013357 0.012371 0.011554 0.011504 0.011629 0.009782
0.051906 0.238505 0.201847 0.207245 0.210384 0.206437 0.210625 0.208388 0.210936 0.211094 0.211205 0.209945 0.207695 0.204147 0.199427 0.193538 0.186603 0.178746 0.170138 0.160960 0.151404 0.141654 0.131886 0.122246 0.112862 0.103823 0.095203 0.087044 0.079366 0.072165 0.065435 0.059143 0.053283 0.047818 0.042765 0.038095 0.033851 0.030004 0.026579 0.023546 0.020899 0.018615 0.016662 0.015036 0.013677 0.012636 0.011773 0.011719 0.011501 0.009907
0.041004 0.212578 0.219745 0.225200 0.228607 0.224886 0.229922 0.228495 0.232425 0.233178 0.233822 0.232814 0.230561 0.226715 0.221432 0.214725 0.206755 0.197682 0.187726 0.177112 0.166089 0.154884 0.143710 0.132742 0.122131 0.111987 0.102380 0.093344 0.084892 0.077004 0.069671 0.062832 0.056473 0.050530 0.045016 0.039918 0.035288 0.031111 0.027409 0.024152 0.021329 0.018908 0.016850 0.015148 0.013731 0.012648 0.011750 0.011696 0.010160 0.009985
0.078523 0.232111 0.236945 0.241949 0.246277 0.243305 0.249783 0.249689 0.254805 0.256389 0.257731 0.257087 0.254880 0.250719 0.244800 0.237147 0.227971 0.217478 0.205947 0.193666 0.180945 0.168072 0.155313 0.142877 0.130941 0.119610 0.108969 0.099045 0.089840 0.081302 0.073401 0.066033 0.059202 0.052765 0.046809 0.041242 0.036249 0.031730 0.027779 0.024317 0.021349 0.018820 0.016690 0.014938 0.013490 0.012388 0.011486 0.011429 0.010856 0.009417
0.103353 0.242401 0.254059 0.258076 0.262835 0.261801 0.269762 0.271391 0.278157 0.280893 0.283209 0.283095 0.281008 0.276506 0.269854 0.261085 0.250484 0.238309 0.224916 0.210666 0.195977 0.181187 0.166611 0.152524 0.139145 0.126579 0.114895 0.104083 0.094150 0.085000 0.076595 0.068767 0.061501 0.054640 0.048165 0.042145 0.036704 0.031868 0.027654 0.024024 0.020937 0.018341 0.016172 0.014405 0.012954 0.011855 0.010965 0.010911 0.010310 0.008889
0.002067 0.258457 0.268916 0.271642 0.277931 0.280091 0.290027 0.294094 0.302753 0.307063 0.310682 0.311264 0.309368 0.304472 0.296952 0.286850 0.274547 0.260354 0.244732 0.228152 0.211085 0.194004 0.177646 0.161539 0.146606 0.132723 0.119960 0.108275 0.097655 0.087948 0.079138 0.070885 0.063307 0.055900 0.049028 0.042340 0.036564 0.031330 0.026941 0.023162 0.020024 0.017407 0.015252 0.013511 0.012095 0.011026 0.010171 0.010120 0.009501 0.006910
0.047906 0.272970 0.282367 0.283562 0.292006 0.298143 0.310395 0.317505 0.328809 0.335236 0.340605 0.342106 0.340485 0.335101 0.326528 0.314795 0.300416 0.283791 0.265463 0.245984 0.226152 0.206551 0.187850 0.169730 0.153077 0.137777 0.123921 0.111413 0.100220 0.090105 0.081046 0.072607 0.064791 0.057173 0.049425 0.042208 0.035699 0.030219 0.025560 0.021743 0.018589 0.016031 0.013943 0.012282 0.010941 0.009935 0.009136 0.009087 0.008514 0.007135
0.094687 0.302250 0.293408 0.294341 0.304581 0.315354 0.330581 0.342494 0.356919 0.366241 0.373830 0.376435 0.375094 0.369051 0.359155 0.345432 0.328556 0.308907 0.287270 0.264383 0.241242 0.218507 0.196820 0.176602 0.158142 0.141438 0.126559 0.113326 0.101713 0.091308 0.082236 0.073579 0.065920 0.057455 0.049468 0.040752 0.034036 0.028007 0.023392 0.019555 0.016547 0.014121 0.012188 0.010669 0.009453 0.008558 0.007831 0.007810 0.006892 0.007023
0.086175 0.285364 0.301605 0.302451 0.315081 0.331190 0.350533 0.367602 0.387087 0.400255 0.410869 0.414848 0.413859 0.406907 0.395340 0.379100 0.359029 0.335795 0.310169 0.283082 0.255782 0.229419 0.204657 0.181936 0.161523 0.143393 0.127537 0.113683 0.101809 0.091389 0.082621 0.074359 0.067202 0.059369 0.048936 0.039409 0.031069 0.025127 0.020285 0.016719 0.013906 0.011766 0.010062 0.008761 0.007735 0.006964 0.006375 0.006323 0.005256 0.005603
0.001349 0.287659 0.306354 0.307488 0.323271 0.345033 0.369800 0.396382 0.421279 0.439925 0.453965 0.459349 0.458296 0.449928 0.436088 0.416769 0.393129 0.365665 0.335040 0.302302 0.269906 0.238879 0.210564 0.185033 0.162672 0.143173 0.126534 0.112290 0.100454 0.090274 0.082260 0.074451 0.068808 0.059133 0.048904 0.034917 0.026659 0.020212 0.016013 0.012848 0.010570 0.008816 0.007471 0.006467 0.005682 0.005098 0.004653 0.004669 0.003629 0.004251
0.095937 0.277686 0.305932 0.307637 0.325322 0.355442 0.388172 0.422203 0.457800 0.483527 0.502710 0.509599 0.508541 0.498172 0.481470 0.458551 0.430360 0.397317 0.360015 0.320559 0.281925 0.246085 0.213643 0.185247 0.160820 0.140076 0.122791 0.108394 0.096840 0.087252 0.080539 0.073846 0.072767 0.066734 0.048188 0.031520 0.019895 0.014571 0.010835 0.008406 0.006766 0.005656 0.004729 0.004094 0.003663 0.003203 0.003100 0.002785 0.001941 0.002229
0.146816 0.265858 0.301466 0.302640 0.324702 0.363394 0.405416 0.456682 0.504470 0.541195 0.564160 0.571873 0.568505 0.554634 0.534064 0.506835 0.473409 0.434363 0.390100 0.340956 0.293709 0.250337 0.213319 0.181595 0.155532 0.133937 0.116525 0.102406 0.091502 0.083075 0.077934 0.074484 0.076007 0.088495 0.038063 0.009339 0.001831 -0.000148 -0.000415 0.003091 0.001172 -0.000326 0.001097 -0.000014 -0.000136 -0.000062 0.000052 0.000136 0.000056 0.000411
0.064732 0.241985 0.283895 0.286626 0.308681 0.360709 0.414533 0.479305 0.554014 0.600454 0.633493 0.640046 0.634906 0.616614 0.591659 0.559130 0.519245 0.473452 0.417423 0.355420 0.297851 0.248248 0.206226 0.172168 0.144826 0.122975 0.105804 0.092326 0.082199 0.074995 0.070621 0.069907 0.071692 0.084941 0.135588 0.000000 0.000000 0.000000 0.000000 0.000000 0.000000 0.000000 0.000000 0.000000 0.000000 0.000000 0.000000 0.000000 0.000000 0.000000
0.111334 0.213153 0.268919 0.268618 0.292071 0.355142 0.425160 0.526925 0.628024 0.701037 0.730995 0.734366 0.718215 0.691773 0.658883 0.620961 0.576486 0.525282 0.460741 0.378555 0.303212 0.241199 0.194467 0.158074 0.130144 0.109011 0.092849 0.080553 0.071373 0.065253 0.061298 0.061051 0.061440 0.061249 0.068607 0.000000 0.000000 0.000000 0.000000 0.000000 0.000000 0.000000 0.000000 0.000000 0.000000 0.000000 0.000000 0.000000 0.000000 0.000000
0.058116 0.237120 0.211481 0.218874 0.242061 0.319792 0.402789 0.528683 0.711505 0.788713 0.841815 0.827911 0.805169 0.767063 0.728117 0.686072 0.638214 0.581493 0.489703 0.375012 0.283595 0.215572 0.165933 0.130043 0.105463 0.086508 0.072836 0.062472 0.055191 0.050163 0.047268 0.046223 0.043551 0.043348 0.037995 0.000000 0.000000 0.000000 0.000000 0.000000 0.000000 0.000000 0.000000 0.000000 0.000000 0.000000 0.000000 0.000000 0.000000 0.000000
0.002896 0.140437 0.186871 0.201092 0.198237 0.287124 0.389417 0.596746 0.849743 1.006162 1.015910 0.975673 0.913982 0.858268 0.805593 0.762406 0.714161 0.667879 0.577361 0.410511 0.272939 0.188925 0.137519 0.105674 0.078674 0.065044 0.054092 0.046456 0.040285 0.037087 0.033897 0.033571 0.033253 0.026142 0.024905 0.000000 0.000000 0.000000 0.000000 0.000000 0.000000 0.000000 0.000000 0.000000 0.000000 0.000000 0.000000 0.000000 0.000000 0.000000
-0.004602 0.016828 0.052184 0.090555 0.106604 0.273494 0.365615 0.930604 1.044388 1.171855 1.200971 1.097332 1.011720 0.932625 0.877646 0.836393 0.812744 0.783101 0.573541 0.251861 0.108167 0.057341 0.064236 0.050966 0.032937 0.028232 0.009861 0.007256 0.007308 0.007412 0.015092 0.009488 0.007352 0.009688 0.011833 0.000000 0.000000 0.000000 0.000000 0.000000 0.000000 0.000000 0.000000 0.000000 0.000000 0.000000 0.000000 0.000000 0.000000 0.000000
0.007510 0.001473 0.000684 0.003993 0.006836 0.013063 0.022251 0.081119 2.212360 1.775149 1.537898 1.294755 1.119538 1.013264 0.939065 0.904694 0.901548 0.954372 0.159555 0.030402 0.014275 0.017467 0.002803 -0.004444 0.006974 -0.007804 0.006128 0.000609 0.005032 0.002769 0.002598 -0.003521 -0.000584 0.001284 0.000680 0.000000 0.000000 0.000000 0.000000 0.000000 0.000000 0.000000 0.000000 0.000000 0.000000 0.000000 0.000000 0.000000 0.000000 0.000000
0.000000 0.000000 0.000000 0.000000 0.000000 0.000000 0.000000 3.212260 3.153864 2.253179 1.665421 1.372737 1.158378 1.037778 0.960258 0.925187 0.928038 0.977842 0.797850 0.000000 0.000000 0.000000 0.000000 0.000000 0.000000 0.000000 0.000000 0.000000 0.000000 0.000000 0.000000 0.000000 0.000000 0.000000 0.000000 0.000000 0.000000 0.000000 0.000000 0.000000 0.000000 0.000000 0.000000 0.000000 0.000000 0.000000 0.000000 0.000000 0.000000 0.000000
0.000000 0.000000 0.000000 0.000000 0.000000 0.000000 0.000000 1.829955 1.810832 1.837386 1.484829 1.244749 1.093082 0.989355 0.928298 0.894008 0.891967 0.893020 0.902146 0.000000 0.000000 0.000000 0.000000 0.000000 0.000000 0.000000 0.000000 0.000000 0.000000 0.000000 0.000000 0.000000 0.000000 0.000000 0.000000 0.000000 0.000000 0.000000 0.000000 0.000000 0.000000 0.000000 0.000000 0.000000 0.000000 0.000000 0.000000 0.000000 0.000000 0.000000
0.000000 0.000000 0.000000 0.000000 0.000000 0.000000 0.000000 1.145886 1.214626 1.275043 1.184088 1.066164 0.981428 0.915185 0.871769 0.847745 0.839082 0.837139 0.838459 0.000000 0.000000 0.000000 0.000000 0.000000 0.000000 0.000000 0.000000 0.000000 0.000000 0.000000 0.000000 0.000000 0.000000 0.000000 0.000000 0.000000 0.000000 0.000000 0.000000 0.000000 0.000000 0.000000 0.000000 0.000000 0.000000 0.000000 0.000000 0.000000 0.000000 0.000000
0.000000 0.000000 0.000000 0.000000 0.000000 0.000000 0.000000 0.387543 0.497286 0.804097 0.877982 0.864498 0.842722 0.813147 0.793582 0.779870 0.775887 0.769077 0.729121 0.000000 0.000000 0.000000 0.000000 0.000000 0.000000 0.000000 0.000000 0.000000 0.000000 0.000000 0.000000 0.000000 0.000000 0.000000 0.000000 0.000000 0.000000 0.000000 0.000000 0.000000 0.000000 0.000000 0.000000 0.000000 0.000000 0.000000 0.000000 0.000000 0.000000 0.000000
0.000000 0.000000 0.000000 0.000000 0.000000 0.000000 0.000000 0.217257 0.348272 0.551180 0.662452 0.699926 0.714916 0.713165 0.710248 0.707670 0.706834 0.703290 0.682825 0.000000 0.000000 0.000000 0.000000 0.000000 0.000000 0.000000 0.000000 0.000000 0.000000 0.000000 0.000000 0.000000 0.000000 0.000000 0.000000 0.000000 0.000000 0.000000 0.000000 0.000000 0.000000 0.000000 0.000000 0.000000 0.000000 0.000000 0.000000 0.000000 0.000000 0.000000
0.000000 0.000000 0.000000 0.000000 0.000000 0.000000 0.000000 0.108542 0.125987 0.376393 0.498335 0.560214 0.597087 0.615004 0.625789 0.632179 0.636620 0.634922 0.576147 0.000000 0.000000 0.000000 0.000000 0.000000 0.000000 0.000000 0.000000 0.000000 0.000000 0.000000 0.000000 0.000000 0.000000 0.000000 0.000000 0.000000 0.000000 0.000000 0.000000 0.000000 0.000000 0.000000 0.000000 0.000000 0.000000 0.000000 0.000000 0.000000 0.000000 0.000000
0.000000 0.000000 0.000000 0.000000 0.000000 0.000000 0.000000 0.075855 0.078936 0.280135 0.385323 0.454211 0.499172 0.528181 0.546878 0.559554 0.567465 0.567968 0.551342 0.000000 0.000000 0.000000 0.000000 0.000000 0.000000 0.000000 0.000000 0.000000 0.000000 0.000000 0.000000 0.000000 0.000000 0.000000 0.000000 0.000000 0.000000 0.000000 0.000000 0.000000 0.000000 0.000000 0.000000 0.000000 0.000000 0.000000 0.000000 0.000000 0.000000 0.000000
0.000000 0.000000 0.000000 0.000000 0.000000 0.000000 0.000000 0.048869 0.068069 0.209679 0.300889 0.368758 0.416305 0.450803 0.474409 0.491161 0.501959 0.504460 0.487292 0.000000 0.000000 0.000000 0.000000 0.000000 0.000000 0.000000 0.000000 0.000000 0.000000 0.000000 0.000000 0.000000 0.000000 0.000000 0.000000 0.000000 0.000000 0.000000 0.000000 0.000000 0.000000 0.000000 0.000000 0.000000 0.000000 0.000000 0.000000 0.000000 0.000000 0.000000
0.000000 0.000000 0.000000 0.000000 0.000000 0.000000 0.000000 0.036541 0.087661 0.163377 0.240119 0.302859 0.348636 0.384458 0.409903 0.428620 0.441073 0.444961 0.457460 0.000000 0.000000 0.000000 0.000000 0.000000 0.000000 0.000000 0.000000 0.000000 0.000000 0.000000 0.000000 0.000000 0.000000 0.000000 0.000000 0.000000 0.000000 0.000000 0.000000 0.000000 0.000000 0.000000 0.000000 0.000000 0.000000 0.000000 0.000000 0.000000 0.000000 0.000000
0.000000 0.000000 0.000000 0.000000 0.000000 0.000000 0.000000 0.027073 0.035479 0.129180 0.193692 0.249740 0.292218 0.327041 0.352666 0.372006 0.385266 0.390263 0.356773 0.000000 0.000000 0.000000 0.000000 0.000000 0.000000 0.000000 0.000000 0.000000 0.000000 0.000000 0.000000 0.000000 0.000000 0.000000 0.000000 0.000000 0.000000 0.000000 0.000000 0.000000 0.000000 0.000000 0.000000 0.000000 0.000000 0.000000 0.000000 0.000000 0.000000 0.000000
0.000000 0.000000 0.000000 0.000000 0.000000 0.000000 0.000000 0.027081 0.053847 0.104290 0.158181 0.207333 0.245514 0.277902 0.302401 0.321285 0.334683 0.340354 0.311981 0.000000 0.000000 0.000000 0.000000 0.000000 0.000000 0.000000 0.000000 0.000000 0.000000 0.000000 0.000000 0.000000 0.000000 0.000000 0.000000 0.000000 0.000000 0.000000 0.000000 0.000000 0.000000 0.000000 0.000000 0.000000 0.000000 0.000000 0.000000 0.000000 0.000000 0.000000
0.000000 0.000000 0.000000 0.000000 0.000000 0.000000 0.000000 0.025278 0.021195 0.078410 0.127070 0.169127 0.205430 0.235178 0.258495 0.276244 0.288934 0.294210 0.284517 0.000000 0.000000 0.000000 0.000000 0.000000 0.000000 0.000000 0.000000 0.000000 0.000000 0.000000 0.000000 0.000000 0.000000 0.000000 0.000000 0.000000 0.000000 0.000000 0.000000 0.000000 0.000000 0.000000 0.000000 0.000000 0.000000 0.000000 0.000000 0.000000 0.000000 0.000000
0.000000 0.000000 0.000000 0.000000 0.000000 0.000000 0.000000 0.000244 0.006363 0.069670 0.107135 0.143551 0.172817 0.198712 0.219095 0.235153 0.246955 0.251958 0.259642 0.000000 0.000000 0.000000 0.000000 0.000000 0.000000 0.000000 0.000000 0.000000 0.000000 0.000000 0.000000 0.000000 0.000000 0.000000 0.000000 0.000000 0.000000 0.000000 0.000000 0.000000 0.000000 0.000000 0.000000 0.000000 0.000000 0.000000 0.000000 0.000000 0.000000 0.000000
0.000000 0.000000 0.000000 0.000000 0.000000 0.000000 0.000000 0.006235 0.026314 0.056764 0.088247 0.119019 0.144179 0.166677 0.184654 0.198909 0.209516 0.213988 0.230738 0.000000 0.000000 0.000000 0.000000 0.000000 0.000000 0.000000 0.000000 0.000000 0.000000 0.000000 0.000000 0.000000 0.000000 0.000000 0.000000 0.000000 0.000000 0.000000 0.000000 0.000000 0.000000 0.000000 0.000000 0.000000 0.000000 0.000000 0.000000 0.000000 0.000000 0.000000
0.000000 0.000000 0.000000 0.000000 0.000000 0.000000 0.000000 0.005595 0.031034 0.047137 0.072344 0.098298 0.119309 0.138465 0.153866 0.166196 0.175491 0.179548 0.186142 0.000000 0.000000 0.000000 0.000000 0.000000 0.000000 0.000000 0.000000 0.000000 0.000000 0.000000 0.000000 0.000000 0.000000 0.000000 0.000000 0.000000 0.000000 0.000000 0.000000 0.000000 0.000000 0.000000 0.000000 0.000000 0.000000 0.000000 0.000000 0.000000 0.000000 0.000000
0.000000 0.000000 0.000000 0.000000 0.000000 0.000000 0.000000 0.012068 0.001471 0.038383 0.058537 0.080070 0.097426 0.113532 0.126551 0.137087 0.145011 0.148637 0.159531 0.000000 0.000000 0.000000 0.000000 0.000000 0.000000 0.000000 0.000000 0.000000 0.000000 0.000000 0.000000 0.000000 0.000000 0.000000 0.000000 0.000000 0.000000 0.000000 0.000000 0.000000 0.000000 0.000000 0.000000 0.000000 0.000000 0.000000 0.000000 0.000000 0.000000 0.000000
0.000000 0.000000 0.000000 0.000000 0.000000 0.000000 0.000000 0.010738 0.007723 0.031531 0.046732 0.064216 0.077822 0.090737 0.101198 0.109706 0.116337 0.119455 0.103712 0.000000 0.000000 0.000000 0.000000 0.000000 0.000000 0.000000 0.000000 0.000000 0.000000 0.000000 0.000000 0.000000 0.000000 0.000000 0.000000 0.000000 0.000000 0.000000 0.000000 0.000000 0.000000 0.000000 0.000000 0.000000 0.000000 0.000000 0.000000 0.000000 0.000000 0.000000
0.000000 0.000000 0.000000 0.000000 0.000000 0.000000 0.000000 0.004302 0.014315 0.024179 0.035977 0.050251 0.059962 0.070665 0.078992 0.086005 0.091233 0.093884 0.090462 0.000000 0.000000 0.000000 0.000000 0.000000 0.000000 0.000000 0.000000 0.000000 0.000000 0.000000 0.000000 0.000000 0.000000 0.000000 0.000000 0.000000 0.000000 0.000000 0.000000 0.000000 0.000000 0.000000 0.000000 0.000000 0.000000 0.000000 0.000000 0.000000 0.000000 0.000000
0.000000 0.000000 0.000000 0.000000 0.000000 0.000000 0.000000 0.003270 0.012260 0.021368 0.026229 0.035998 0.043671 0.050414 0.056368 0.060886 0.065088 0.067149 0.060110 0.000000 0.000000 0.000000 0.000000 0.000000 0.000000 0.000000 0.000000 0.000000 0.000000 0.000000 0.000000 0.000000 0.000000 0.000000 0.000000 0.000000 0.000000 0.000000 0.000000 0.000000 0.000000 0.000000 0.000000 0.000000 0.000000 0.000000 0.000000 0.000000 0.000000 0.000000
0.000000 0.000000 0.000000 0.000000 0.000000 0.000000 0.000000 0.002976 0.010825 0.018250 0.027611 0.035930 0.042354 0.049182 0.054907 0.059755 0.064054 0.067826 0.043845 0.000000 0.000000 0.000000 0.000000 0.000000 0.000000 0.000000 0.000000 0.000000 0.000000 0.000000 0.000000 0.000000 0.000000 0.000000 0.000000 0.000000 0.000000 0.000000 0.000000 0.000000 0.000000 0.000000 0.000000 0.000000 0.000000 0.000000 0.000000 0.000000 0.000000 0.000000
0.000000 0.000000 0.000000 0.000000 0.000000 0.000000 0.000000 0.002582 0.010602 0.018712 -0.001560 0.001736 0.028445 0.015019 0.013704 0.015916 0.019262 0.025111 0.024873 0.000000 0.000000 0.000000 0.000000 0.000000 0.000000 0.000000 0.000000 0.000000 0.000000 0.000000 0.000000 0.000000 0.000000 0.000000 0.000000 0.000000 0.000000 0.000000 0.000000 0.000000 0.000000 0.000000 0.000000 0.000000 0.000000 0.000000 0.000000 0.000000 0.000000 0.000000
0.000000 0.000000 0.000000 0.000000 0.000000 0.000000 0.000000 0.004005 0.001907 -0.002564 -0.002615 0.003899 0.001981 -0.001802 0.003791 0.003518 0.003126 -0.001129 0.014110 0.000000 0.000000 0.000000 0.000000 0.000000 0.000000 0.000000 0.000000 0.000000 0.000000 0.000000 0.000000 0.000000 0.000000 0.000000 0.000000 0.000000 0.000000 0.000000 0.000000 0.000000 0.000000 0.000000 0.000000 0.000000 0.000000 0.000000 0.000000 0.000000 0.000000 0.000000
