0.512528 0.453005 0.447408 0.416724 0.458087 0.426021 0.392997 0.370006 0.347145 0.356928 0.364204 0.285208 0.316383 0.261474 0.277779 0.225769 0.260090 0.237944 0.220432 0.185957 0.156604 0.177841 0.130361 0.094123 0.126149 0.136765 0.088788 0.095929 0.072300 0.089772 0.052709 0.048316 0.041459 0.039431 0.033151 0.029462 0.027636 0.025669 0.019369 0.017429 0.015255 0.012012 0.010612 0.008772 0.006395 0.006185 0.004668 0.002402 0.002544 0.000913
0.514092 0.449955 0.458531 0.459589 0.439637 0.435345 0.412867 0.391497 0.372772 0.348041 0.331435 0.309246 0.289198 0.273633 0.255738 0.238102 0.220244 0.203863 0.188861 0.188983 0.159938 0.146199 0.145001 0.118134 0.107346 0.099030 0.091662 0.082862 0.073239 0.066883 0.058646 0.053221 0.046292 0.041868 0.036303 0.032285 0.031396 0.028203 0.023942 0.020834 0.018703 0.015412 0.013343 0.010894 0.008958 0.007101 0.005354 0.003749 0.002569 0.000150
0.516365 0.441714 0.458698 0.441671 0.442400 0.407797 0.402816 0.371524 0.357430 0.335778 0.318862 0.300057 0.282461 0.264708 0.247601 0.230651 0.214404 0.198646 0.183532 0.169072 0.155224 0.142165 0.129850 0.118248 0.107351 0.097261 0.087855 0.079121 0.071071 0.063673 0.056885 0.050677 0.045015 0.039865 0.035195 0.030966 0.027144 0.023703 0.020601 0.017799 0.015270 0.012995 0.010897 0.009040 0.007238 0.005708 0.005610 0.004011 0.001311 -0.000072
0.487076 0.504725 0.412860 0.423665 0.433354 0.398140 0.384100 0.369212 0.354204 0.335573 0.318082 0.299629 0.282045 0.264337 0.247230 0.230338 0.214051 0.198316 0.183183 0.168723 0.154913 0.141909 0.129557 0.117970 0.107113 0.097050 0.087597 0.078794 0.070865 0.063467 0.056686 0.050498 0.044827 0.039687 0.035038 0.030818 0.026996 0.023582 0.020478 0.017706 0.015194 0.012922 0.010844 0.008993 0.007220 0.005723 0.004088 0.003666 0.001255 0.000284
0.505365 0.510256 0.444679 0.429678 0.451660 0.404395 0.401600 0.369572 0.355333 0.335583 0.318012 0.299039 0.281110 0.263071 0.245666 0.228520 0.212059 0.196109 0.180846 0.166250 0.152337 0.139195 0.126856 0.115276 0.104422 0.094358 0.085028 0.076452 0.068473 0.061203 0.054542 0.048465 0.042947 0.037931 0.033403 0.029306 0.025634 0.022317 0.019357 0.016685 0.014285 0.012138 0.010165 0.008426 0.006756 0.005327 0.003881 0.003767 0.001029 0.000176
0.505616 0.516078 0.439169 0.425306 0.434372 0.397679 0.387401 0.368520 0.352804 0.333841 0.316262 0.297409 0.279423 0.261232 0.243622 0.226313 0.209601 0.193458 0.177988 0.163236 0.149238 0.136047 0.123647 0.112058 0.101261 0.091260 0.082003 0.073475 0.065671 0.058519 0.051998 0.046068 0.040689 0.035827 0.031448 0.027509 0.023977 0.020820 0.017993 0.015472 0.013210 0.011195 0.009356 0.007737 0.006189 0.004882 0.003499 0.003393 0.000834 0.000972
0.508046 0.504965 0.432448 0.431668 0.443012 0.400212 0.396520 0.368693 0.353317 0.333647 0.315621 0.296243 0.277827 0.259200 0.241188 0.223509 0.206462 0.190022 0.174307 0.159354 0.145211 0.131918 0.119483 0.107901 0.097153 0.087232 0.078099 0.069731 0.062070 0.055095 0.048755 0.043013 0.037829 0.033160 0.028975 0.025229 0.021892 0.018922 0.016285 0.013944 0.011860 0.010017 0.008347 0.006882 0.005496 0.004313 0.003100 0.003003 0.000339 0.000306
0.501771 0.503955 0.434618 0.428603 0.435047 0.398170 0.386337 0.368067 0.352231 0.332382 0.314155 0.294501 0.275723 0.256697 0.238261 0.220175 0.202732 0.185944 0.169929 0.154740 0.140431 0.127035 0.114557 0.102990 0.092315 0.082506 0.073521 0.065321 0.057863 0.051097 0.044977 0.039460 0.034502 0.030063 0.026104 0.022587 0.019475 0.016728 0.014309 0.012182 0.010305 0.008659 0.007183 0.005899 0.004690 0.003682 0.002609 0.002539 0.000062 0.001333
0.508716 0.508656 0.434613 0.428942 0.441476 0.399160 0.395582 0.369186 0.352829 0.332227 0.313293 0.292977 0.273583 0.253933 0.234906 0.216262 0.198312 0.181082 0.164699 0.149224 0.134715 0.121201 0.108684 0.097152 0.086574 0.076913 0.068120 0.060145 0.052929 0.046421 0.040566 0.035317 0.030628 0.026459 0.022768 0.019519 0.016672 0.014188 0.012026 0.010150 0.008517 0.007103 0.005853 0.004778 0.003782 0.002951 0.002096 0.002033 -0.000326 0.002634
0.509219 0.501017 0.438479 0.430846 0.440906 0.400448 0.390809 0.369397 0.352662 0.331502 0.312149 0.291168 0.271119 0.250754 0.231033 0.211722 0.193164 0.175404 0.158585 0.142777 0.128041 0.114402 0.101858 0.090386 0.079943 0.070478 0.061928 0.054226 0.047308 0.041108 0.035566 0.030631 0.026253 0.022391 0.019007 0.016063 0.013520 0.011337 0.009471 0.007881 0.006525 0.005373 0.004378 0.003537 0.002774 0.002152 0.001510 0.001467 -0.000642 -0.000953
0.512409 0.500268 0.439322 0.429981 0.441520 0.400435 0.395312 0.370547 0.353429 0.331430 0.311329 0.289433 0.268519 0.247236 0.226642 0.206503 0.187201 0.168801 0.151464 0.135267 0.120277 0.106512 0.093962 0.082588 0.072331 0.063121 0.054878 0.047518 0.040960 0.035129 0.029954 0.025380 0.021356 0.017843 0.014803 0.012205 0.010008 0.008165 0.006636 0.005371 0.004330 0.003474 0.002764 0.002183 0.001680 0.001278 0.000883 0.000859 0.001141 0.000126
0.517053 0.501497 0.442203 0.429072 0.443802 0.402039 0.396570 0.371698 0.354275 0.331375 0.310592 0.287631 0.265700 0.243309 0.221662 0.200522 0.180327 0.161164 0.143217 0.126578 0.111311 0.097428 0.084906 0.073684 0.063684 0.054808 0.046954 0.040017 0.033894 0.028500 0.023750 0.019588 0.015958 0.012828 0.010168 0.007952 0.006140 0.004682 0.003532 0.002634 0.001945 0.001421 0.001026 0.000733 0.000512 0.000357 0.000231 0.000222 -0.001228 0.000343
0.508629 0.505083 0.444591 0.430648 0.448439 0.404648 0.400616 0.373780 0.356011 0.331988 0.310228 0.285938 0.262731 0.238976 0.216039 0.193682 0.172412 0.152341 0.133683 0.116540 0.100980 0.087002 0.074562 0.063572 0.053922 0.045486 0.038123 0.031705 0.026106 0.021223 0.016958 0.013257 0.010050 0.007333 0.005078 0.003284 0.001911 0.000887 0.000173 -0.000312 -0.000604 -0.000763 -0.000812 -0.000796 -0.000713 -0.000617 -0.000458 -0.000450 -0.001389 -0.000765
0.507970 0.507095 0.448375 0.432592 0.453389 0.408329 0.404616 0.376657 0.358530 0.333201 0.310288 0.284388 0.259613 0.234192 0.209681 0.185853 0.163293 0.142146 0.122661 0.104957 0.089100 0.075068 0.062788 0.052151 0.042982 0.035111 0.028366 0.022583 0.017613 0.013313 0.009590 0.006379 0.003641 0.001358 -0.000459 -0.001789 -0.002676 -0.003203 -0.003428 -0.003446 -0.003298 -0.003055 -0.002729 -0.002380 -0.001978 -0.001614 -0.001172 -0.001136 0.000470 -0.000401
0.515549 0.504425 0.451250 0.435314 0.460238 0.413201 0.410733 0.380943 0.362335 0.335429 0.310999 0.283107 0.256376 0.228911 0.202481 0.176870 0.152763 0.130340 0.109900 0.091573 0.075425 0.061426 0.049463 0.039311 0.030775 0.023633 0.017624 0.012596 0.008342 0.004758 0.001661 -0.000975 -0.003242 -0.005071 -0.006448 -0.007278 -0.007604 -0.007585 -0.007240 -0.006742 -0.006100 -0.005420 -0.004690 -0.003990 -0.003254 -0.002611 -0.001872 -0.001819 0.000165 -0.000166
0.494670 0.502715 0.457384 0.439573 0.468801 0.419714 0.418377 0.386957 0.367736 0.338922 0.312570 0.282210 0.253041 0.223059 0.194285 0.166513 0.140556 0.116627 0.095080 0.076095 0.059731 0.045898 0.034182 0.024841 0.017086 0.010829 0.005825 0.001784 -0.001534 -0.004285 -0.006662 -0.008716 -0.010490 -0.011982 -0.012957 -0.013255 -0.012962 -0.012262 -0.011280 -0.010169 -0.008984 -0.007819 -0.006662 -0.005592 -0.004519 -0.003593 -0.002567 -0.002493 -0.000270 -0.000932
0.506097 0.508397 0.462344 0.445656 0.478370 0.428280 0.428410 0.395388 0.375318 0.344093 0.315281 0.281821 0.249607 0.216525 0.184897 0.154519 0.126342 0.100631 0.077843 0.058140 0.041665 0.027988 0.016897 0.008447 0.001865 -0.003129 -0.006898 -0.009741 -0.011988 -0.013770 -0.015410 -0.016817 -0.018249 -0.019373 -0.020031 -0.019764 -0.018627 -0.017218 -0.015415 -0.013663 -0.011856 -0.010191 -0.008583 -0.007141 -0.005731 -0.004526 -0.003244 -0.003137 -0.000881 0.001322
0.507591 0.501931 0.471134 0.454936 0.489914 0.439863 0.442070 0.406689 0.385803 0.351537 0.319524 0.282124 0.246065 0.209145 0.174043 0.140506 0.109712 0.081925 0.057694 0.037186 0.020380 0.007286 -0.002631 -0.009844 -0.014913 -0.018330 -0.020559 -0.021934 -0.022866 -0.023506 -0.024215 -0.025022 -0.025955 -0.027374 -0.027943 -0.026997 -0.024962 -0.022404 -0.019759 -0.017140 -0.014696 -0.012465 -0.010409 -0.008589 -0.006860 -0.005393 -0.003854 -0.003736 -0.001075 -0.000547
0.511120 0.511987 0.479886 0.464466 0.503107 0.454775 0.458693 0.422835 0.400156 0.361872 0.325550 0.283126 0.242262 0.200656 0.161396 0.124131 0.090203 0.059887 0.033524 0.012085 -0.004449 -0.016538 -0.024879 -0.030254 -0.033327 -0.034746 -0.035095 -0.034692 -0.034103 -0.033314 -0.033184 -0.033158 -0.034379 -0.035819 -0.036723 -0.035194 -0.031376 -0.027869 -0.023874 -0.020515 -0.017295 -0.014555 -0.012039 -0.009878 -0.007843 -0.006150 -0.004378 -0.004260 -0.001379 -0.000213
0.494842 0.514882 0.493636 0.479048 0.519683 0.475257 0.482334 0.442739 0.419637 0.376022 0.334176 0.285156 0.238179 0.190748 0.146471 0.104696 0.066823 0.033021 0.004805 -0.017282 -0.033180 -0.043847 -0.050146 -0.053095 -0.053650 -0.052516 -0.050400 -0.047748 -0.045206 -0.042706 -0.041267 -0.040399 -0.040890 -0.045566 -0.047739 -0.044819 -0.039185 -0.033182 -0.028165 -0.023521 -0.019652 -0.016315 -0.013421 -0.010922 -0.008663 -0.006761 -0.004819 -0.004724 -0.001627 -0.000814
0.505540 0.521876 0.507844 0.494391 0.540771 0.501737 0.509761 0.474211 0.446855 0.395337 0.345025 0.287513 0.232931 0.178685 0.128745 0.081477 0.038879 0.001614 -0.029568 -0.052860 -0.067877 -0.076061 -0.079065 -0.078448 -0.075387 -0.071012 -0.066009 -0.060754 -0.056081 -0.051494 -0.049045 -0.046728 -0.049517 -0.052731 -0.060446 -0.056724 -0.045668 -0.038176 -0.030948 -0.025726 -0.021128 -0.017498 -0.014254 -0.011568 -0.009140 -0.007128 -0.005041 -0.005106 -0.001866 -0.000309
0.412526 0.524428 0.530059 0.515721 0.566678 0.536696 0.548793 0.512570 0.482179 0.420959 0.360221 0.291050 0.226919 0.164180 0.107178 0.053162 0.005552 -0.036753 -0.071616 -0.095307 -0.107965 -0.112593 -0.111347 -0.106096 -0.098851 -0.090511 -0.082065 -0.073694 -0.066345 -0.059003 -0.054692 -0.048483 -0.052003 -0.063320 -0.163338 -0.075629 -0.053005 -0.035425 -0.028812 -0.025057 -0.023579 -0.019230 -0.014323 -0.013346 -0.009418 -0.007275 -0.006211 -0.005285 -0.002183 -0.000285
0.512180 0.539660 0.551396 0.539101 0.600070 0.582283 0.601844 0.573046 0.533001 0.455496 0.375702 0.291990 0.216096 0.144602 0.080506 0.020830 -0.032816 -0.081136 -0.122903 -0.149926 -0.159316 -0.156870 -0.147863 -0.136241 -0.123074 -0.110063 -0.097589 -0.085827 -0.075440 -0.065072 -0.057583 -0.047471 -0.044830 -0.019626 -0.012795 0.000000 0.000000 0.000000 0.000000 0.000000 0.000000 0.000000 0.000000 0.000000 0.000000 0.000000 0.000000 0.000000 0.000000 0.000000
0.421424 0.531254 0.589160 0.572717 0.639915 0.641192 0.665914 0.650245 0.601666 0.497801 0.399396 0.292698 0.203971 0.120291 0.049646 -0.018319 -0.079757 -0.139840 -0.190531 -0.214956 -0.214907 -0.204154 -0.187520 -0.167613 -0.148176 -0.129666 -0.112814 -0.097380 -0.083744 -0.070627 -0.059735 -0.046944 -0.038197 -0.011367 -0.005966 0.000000 0.000000 0.000000 0.000000 0.000000 0.000000 0.000000 0.000000 0.000000 0.000000 0.000000 0.000000 0.000000 0.000000 0.000000
0.508530 0.543893 0.614755 0.608557 0.687267 0.715813 0.771104 0.771335 0.708607 0.560960 0.408435 0.278726 0.173809 0.085071 0.010823 -0.061033 -0.128767 -0.196828 -0.269942 -0.306880 -0.296539 -0.265727 -0.231101 -0.200773 -0.172304 -0.147502 -0.126198 -0.107432 -0.090849 -0.075250 -0.061831 -0.046867 -0.034773 -0.008534 -0.004752 0.000000 0.000000 0.000000 0.000000 0.000000 0.000000 0.000000 0.000000 0.000000 0.000000 0.000000 0.000000 0.000000 0.000000 0.000000
0.506400 0.500169 0.678623 0.655134 0.740105 0.796726 0.869947 0.942955 0.838009 0.594130 0.431824 0.253619 0.144276 0.044525 -0.030225 -0.108970 -0.184592 -0.284450 -0.380681 -0.415067 -0.371519 -0.319089 -0.271144 -0.226638 -0.190532 -0.161234 -0.135990 -0.114283 -0.095443 -0.078084 -0.063205 -0.045723 -0.033896 -0.009059 -0.001594 0.000000 0.000000 0.000000 0.000000 0.000000 0.000000 0.000000 0.000000 0.000000 0.000000 0.000000 0.000000 0.000000 0.000000 0.000000
0.525624 0.604395 0.697287 0.730466 0.907278 1.043032 1.053851 1.087482 0.932781 0.688270 0.370373 0.181326 0.061607 -0.020153 -0.085986 -0.155218 -0.225523 -0.342300 -0.546368 -0.627208 -0.455603 -0.339975 -0.293076 -0.247554 -0.200450 -0.166489 -0.141280 -0.117604 -0.097039 -0.076988 -0.059461 -0.042787 -0.027128 -0.009753 -0.002948 0.000000 0.000000 0.000000 0.000000 0.000000 0.000000 0.000000 0.000000 0.000000 0.000000 0.000000 0.000000 0.000000 0.000000 0.000000
0.571094 0.674262 0.754203 0.768283 1.010601 1.212601 1.317251 2.073168 1.798410 0.545664 0.268554 0.077764 -0.019669 -0.087082 -0.130945 -0.175827 -0.221917 -0.300582 -1.542816 -0.801716 -0.615456 -0.375981 -0.310575 -0.259527 -0.165299 -0.149614 -0.107284 -0.107055 -0.097534 -0.074297 -0.056492 -0.035730 -0.031866 -0.019193 -0.001712 0.000000 0.000000 0.000000 0.000000 0.000000 0.000000 0.000000 0.000000 0.000000 0.000000 0.000000 0.000000 0.000000 0.000000 0.000000
0.000000 0.000000 0.000000 0.000000 0.000000 0.000000 0.000000 -1.042036 -0.543573 -0.357197 -0.252907 -0.238933 -0.221579 -0.204526 -0.194303 -0.190876 -0.173526 -0.182640 0.119156 0.000000 0.000000 0.000000 0.000000 0.000000 0.000000 0.000000 0.000000 0.000000 0.000000 0.000000 0.000000 0.000000 0.000000 0.000000 0.000000 0.000000 0.000000 0.000000 0.000000 0.000000 0.000000 0.000000 0.000000 0.000000 0.000000 0.000000 0.000000 0.000000 0.000000 0.000000
0.000000 0.000000 0.000000 0.000000 0.000000 0.000000 0.000000 -2.529265 -2.324248 -1.133273 -0.637696 -0.494510 -0.363231 -0.294480 -0.241314 -0.203947 -0.165195 -0.123104 -0.012837 0.000000 0.000000 0.000000 0.000000 0.000000 0.000000 0.000000 0.000000 0.000000 0.000000 0.000000 0.000000 0.000000 0.000000 0.000000 0.000000 0.000000 0.000000 0.000000 0.000000 0.000000 0.000000 0.000000 0.000000 0.000000 0.000000 0.000000 0.000000 0.000000 0.000000 0.000000
0.000000 0.000000 0.000000 0.000000 0.000000 0.000000 0.000000 -2.354761 -2.198768 -1.386954 -0.831300 -0.642715 -0.469145 -0.364452 -0.285664 -0.225132 -0.164852 -0.112895 -0.009567 0.000000 0.000000 0.000000 0.000000 0.000000 0.000000 0.000000 0.000000 0.000000 0.000000 0.000000 0.000000 0.000000 0.000000 0.000000 0.000000 0.000000 0.000000 0.000000 0.000000 0.000000 0.000000 0.000000 0.000000 0.000000 0.000000 0.000000 0.000000 0.000000 0.000000 0.000000
0.000000 0.000000 0.000000 0.000000 0.000000 0.000000 0.000000 -1.681053 -1.603686 -1.301593 -0.853210 -0.679816 -0.510523 -0.399814 -0.308704 -0.236419 -0.166723 -0.107578 -0.000547 0.000000 0.000000 0.000000 0.000000 0.000000 0.000000 0.000000 0.000000 0.000000 0.000000 0.000000 0.000000 0.000000 0.000000 0.000000 0.000000 0.000000 0.000000 0.000000 0.000000 0.000000 0.000000 0.000000 0.000000 0.000000 0.000000 0.000000 0.000000 0.000000 0.000000 0.000000
0.000000 0.000000 0.000000 0.000000 0.000000 0.000000 0.000000 -1.355063 -1.351278 -1.120363 -0.810041 -0.671400 -0.518861 -0.413116 -0.318770 -0.242489 -0.167521 -0.105169 -0.009831 0.000000 0.000000 0.000000 0.000000 0.000000 0.000000 0.000000 0.000000 0.000000 0.000000 0.000000 0.000000 0.000000 0.000000 0.000000 0.000000 0.000000 0.000000 0.000000 0.000000 0.000000 0.000000 0.000000 0.000000 0.000000 0.000000 0.000000 0.000000 0.000000 0.000000 0.000000
0.000000 0.000000 0.000000 0.000000 0.000000 0.000000 0.000000 -1.027211 -0.994315 -0.950571 -0.729411 -0.627522 -0.497809 -0.404375 -0.314034 -0.239383 -0.164127 -0.102115 0.001162 0.000000 0.000000 0.000000 0.000000 0.000000 0.000000 0.000000 0.000000 0.000000 0.000000 0.000000 0.000000 0.000000 0.000000 0.000000 0.000000 0.000000 0.000000 0.000000 0.000000 0.000000 0.000000 0.000000 0.000000 0.000000 0.000000 0.000000 0.000000 0.000000 0.000000 0.000000
0.000000 0.000000 0.000000 0.000000 0.000000 0.000000 0.000000 -0.853485 -0.842296 -0.805551 -0.646107 -0.572146 -0.464978 -0.384517 -0.301565 -0.231240 -0.158654 -0.098297 -0.008897 0.000000 0.000000 0.000000 0.000000 0.000000 0.000000 0.000000 0.000000 0.000000 0.000000 0.000000 0.000000 0.000000 0.000000 0.000000 0.000000 0.000000 0.000000 0.000000 0.000000 0.000000 0.000000 0.000000 0.000000 0.000000 0.000000 0.000000 0.000000 0.000000 0.000000 0.000000
0.000000 0.000000 0.000000 0.000000 0.000000 0.000000 0.000000 -0.679296 -0.673429 -0.686626 -0.565316 -0.512671 -0.424652 -0.356846 -0.282765 -0.218472 -0.150675 -0.094297 -0.008572 0.000000 0.000000 0.000000 0.000000 0.000000 0.000000 0.000000 0.000000 0.000000 0.000000 0.000000 0.000000 0.000000 0.000000 0.000000 0.000000 0.000000 0.000000 0.000000 0.000000 0.000000 0.000000 0.000000 0.000000 0.000000 0.000000 0.000000 0.000000 0.000000 0.000000 0.000000
0.000000 0.000000 0.000000 0.000000 0.000000 0.000000 0.000000 -0.568369 -0.677550 -0.587530 -0.493037 -0.455445 -0.383447 -0.326552 -0.261350 -0.203452 -0.141097 -0.089062 -0.008822 0.000000 0.000000 0.000000 0.000000 0.000000 0.000000 0.000000 0.000000 0.000000 0.000000 0.000000 0.000000 0.000000 0.000000 0.000000 0.000000 0.000000 0.000000 0.000000 0.000000 0.000000 0.000000 0.000000 0.000000 0.000000 0.000000 0.000000 0.000000 0.000000 0.000000 0.000000
0.000000 0.000000 0.000000 0.000000 0.000000 0.000000 0.000000 -0.477258 -0.481013 -0.506236 -0.429813 -0.402809 -0.343374 -0.295675 -0.238736 -0.187128 -0.130640 -0.083121 -0.007619 0.000000 0.000000 0.000000 0.000000 0.000000 0.000000 0.000000 0.000000 0.000000 0.000000 0.000000 0.000000 0.000000 0.000000 0.000000 0.000000 0.000000 0.000000 0.000000 0.000000 0.000000 0.000000 0.000000 0.000000 0.000000 0.000000 0.000000 0.000000 0.000000 0.000000 0.000000
0.000000 0.000000 0.000000 0.000000 0.000000 0.000000 0.000000 -0.406575 -0.483843 -0.438628 -0.375399 -0.355857 -0.306325 -0.266163 -0.216492 -0.170726 -0.119592 -0.076621 -0.006421 0.000000 0.000000 0.000000 0.000000 0.000000 0.000000 0.000000 0.000000 0.000000 0.000000 0.000000 0.000000 0.000000 0.000000 0.000000 0.000000 0.000000 0.000000 0.000000 0.000000 0.000000 0.000000 0.000000 0.000000 0.000000 0.000000 0.000000 0.000000 0.000000 0.000000 0.000000
0.000000 0.000000 0.000000 0.000000 0.000000 0.000000 0.000000 -0.389398 -0.392960 -0.364491 -0.342556 -0.312394 -0.276945 -0.237385 -0.195722 -0.152797 -0.109684 -0.068991 -0.004732 0.000000 0.000000 0.000000 0.000000 0.000000 0.000000 0.000000 0.000000 0.000000 0.000000 0.000000 0.000000 0.000000 0.000000 0.000000 0.000000 0.000000 0.000000 0.000000 0.000000 0.000000 0.000000 0.000000 0.000000 0.000000 0.000000 0.000000 0.000000 0.000000 0.000000 0.000000
0.000000 0.000000 0.000000 0.000000 0.000000 0.000000 0.000000 -0.307568 -0.334962 -0.335820 -0.289676 -0.279031 -0.243324 -0.214210 -0.176160 -0.140079 -0.098663 -0.062723 -0.004448 0.000000 0.000000 0.000000 0.000000 0.000000 0.000000 0.000000 0.000000 0.000000 0.000000 0.000000 0.000000 0.000000 0.000000 0.000000 0.000000 0.000000 0.000000 0.000000 0.000000 0.000000 0.000000 0.000000 0.000000 0.000000 0.000000 0.000000 0.000000 0.000000 0.000000 0.000000
0.000000 0.000000 0.000000 0.000000 0.000000 0.000000 0.000000 -0.283160 -0.307976 -0.296961 -0.256620 -0.248578 -0.217742 -0.192572 -0.159045 -0.126851 -0.089783 -0.057071 -0.007211 0.000000 0.000000 0.000000 0.000000 0.000000 0.000000 0.000000 0.000000 0.000000 0.000000 0.000000 0.000000 0.000000 0.000000 0.000000 0.000000 0.000000 0.000000 0.000000 0.000000 0.000000 0.000000 0.000000 0.000000 0.000000 0.000000 0.000000 0.000000 0.000000 0.000000 0.000000
0.000000 0.000000 0.000000 0.000000 0.000000 0.000000 0.000000 -0.288336 -0.298628 -0.265087 -0.228607 -0.222793 -0.195659 -0.173740 -0.143956 -0.115169 -0.081855 -0.052256 -0.003873 0.000000 0.000000 0.000000 0.000000 0.000000 0.000000 0.000000 0.000000 0.000000 0.000000 0.000000 0.000000 0.000000 0.000000 0.000000 0.000000 0.000000 0.000000 0.000000 0.000000 0.000000 0.000000 0.000000 0.000000 0.000000 0.000000 0.000000 0.000000 0.000000 0.000000 0.000000
0.000000 0.000000 0.000000 0.000000 0.000000 0.000000 0.000000 -0.235643 -0.264223 -0.238010 -0.206344 -0.201355 -0.177566 -0.158008 -0.131338 -0.105193 -0.074989 -0.047581 -0.003780 0.000000 0.000000 0.000000 0.000000 0.000000 0.000000 0.000000 0.000000 0.000000 0.000000 0.000000 0.000000 0.000000 0.000000 0.000000 0.000000 0.000000 0.000000 0.000000 0.000000 0.000000 0.000000 0.000000 0.000000 0.000000 0.000000 0.000000 0.000000 0.000000 0.000000 0.000000
0.000000 0.000000 0.000000 0.000000 0.000000 0.000000 0.000000 -0.210692 -0.217543 -0.216630 -0.187608 -0.183670 -0.162157 -0.144575 -0.120409 -0.096702 -0.069157 -0.044389 0.003895 0.000000 0.000000 0.000000 0.000000 0.000000 0.000000 0.000000 0.000000 0.000000 0.000000 0.000000 0.000000 0.000000 0.000000 0.000000 0.000000 0.000000 0.000000 0.000000 0.000000 0.000000 0.000000 0.000000 0.000000 0.000000 0.000000 0.000000 0.000000 0.000000 0.000000 0.000000
0.000000 0.000000 0.000000 0.000000 0.000000 0.000000 0.000000 -0.187475 -0.199800 -0.198944 -0.174186 -0.170042 -0.150982 -0.134578 -0.112387 -0.090087 -0.064385 -0.040493 -0.005867 0.000000 0.000000 0.000000 0.000000 0.000000 0.000000 0.000000 0.000000 0.000000 0.000000 0.000000 0.000000 0.000000 0.000000 0.000000 0.000000 0.000000 0.000000 0.000000 0.000000 0.000000 0.000000 0.000000 0.000000 0.000000 0.000000 0.000000 0.000000 0.000000 0.000000 0.000000
0.000000 0.000000 0.000000 0.000000 0.000000 0.000000 0.000000 -0.174566 -0.187316 -0.186403 -0.161905 -0.159426 -0.141647 -0.125452 -0.105075 -0.084501 -0.060688 -0.039900 0.000608 0.000000 0.000000 0.000000 0.000000 0.000000 0.000000 0.000000 0.000000 0.000000 0.000000 0.000000 0.000000 0.000000 0.000000 0.000000 0.000000 0.000000 0.000000 0.000000 0.000000 0.000000 0.000000 0.000000 0.000000 0.000000 0.000000 0.000000 0.000000 0.000000 0.000000 0.000000
0.000000 0.000000 0.000000 0.000000 0.000000 0.000000 0.000000 -0.163955 -0.176709 -0.173648 -0.167967 -0.156741 -0.141681 -0.125129 -0.105120 -0.083875 -0.060720 -0.035427 -0.003917 0.000000 0.000000 0.000000 0.000000 0.000000 0.000000 0.000000 0.000000 0.000000 0.000000 0.000000 0.000000 0.000000 0.000000 0.000000 0.000000 0.000000 0.000000 0.000000 0.000000 0.000000 0.000000 0.000000 0.000000 0.000000 0.000000 0.000000 0.000000 0.000000 0.000000 0.000000
0.000000 0.000000 0.000000 0.000000 0.000000 0.000000 0.000000 -0.164650 -0.179123 -0.150508 -0.149582 -0.121575 -0.113678 -0.109605 -0.084338 -0.061741 -0.041263 -0.022876 -0.001847 0.000000 0.000000 0.000000 0.000000 0.000000 0.000000 0.000000 0.000000 0.000000 0.000000 0.000000 0.000000 0.000000 0.000000 0.000000 0.000000 0.000000 0.000000 0.000000 0.000000 0.000000 0.000000 0.000000 0.000000 0.000000 0.000000 0.000000 0.000000 0.000000 0.000000 0.000000
0.000000 0.000000 0.000000 0.000000 0.000000 0.000000 0.000000 -0.157951 -0.137266 -0.129537 -0.109429 -0.118788 -0.097228 -0.097571 -0.085168 -0.049644 -0.049843 -0.022808 -0.001474 0.000000 0.000000 0.000000 0.000000 0.000000 0.000000 0.000000 0.000000 0.000000 0.000000 0.000000 0.000000 0.000000 0.000000 0.000000 0.000000 0.000000 0.000000 0.000000 0.000000 0.000000 0.000000 0.000000 0.000000 0.000000 0.000000 0.000000 0.000000 0.000000 0.000000 0.000000
