0.000000 0.000000 0.000000 0.000000 0.000000 0.000000 0.000000 0.005254 0.000739 0.002298 -0.003535 -0.001682 -0.002954 0.001756 -0.002144 0.000552 0.001284 0.001637 -0.002958 0.002487 -0.008409 0.001542 -0.001580 -0.001574 -0.000148 -0.001944 0.001368 -0.001344 -0.004690 0.000000 0.000000 0.000000 0.000000 0.000000 0.000000 0.000000 0.000000 0.000000 0.000000 0.000000 0.000000 0.000000 0.000000 0.000000 0.000000 0.000000 0.000000 0.000000 0.000000 0.000000
0.000000 0.000000 0.000000 0.000000 0.000000 0.000000 0.000000 0.011604 0.008176 0.009222 0.005068 0.003843 0.008542 0.007041 0.006579 0.005347 0.004605 0.003323 0.002574 0.001621 0.000197 -0.001176 -0.002869 -0.003884 -0.005013 -0.007069 -0.011339 -0.010804 -0.010444 0.000000 0.000000 0.000000 0.000000 0.000000 0.000000 0.000000 0.000000 0.000000 0.000000 0.000000 0.000000 0.000000 0.000000 0.000000 0.000000 0.000000 0.000000 0.000000 0.000000 0.000000
0.000000 0.000000 0.000000 0.000000 0.000000 0.000000 0.000000 0.018930 0.019229 0.019949 0.018021 0.016333 0.013512 0.011035 0.008257 0.005502 0.002767 0.000043 -0.002566 -0.005081 -0.007449 -0.009664 -0.011842 -0.013448 -0.015603 -0.016066 -0.017767 -0.017053 -0.010811 0.000000 0.000000 0.000000 0.000000 0.000000 0.000000 0.000000 0.000000 0.000000 0.000000 0.000000 0.000000 0.000000 0.000000 0.000000 0.000000 0.000000 0.000000 0.000000 0.000000 0.000000
0.000000 0.000000 0.000000 0.000000 0.000000 0.000000 0.000000 0.025740 0.026812 0.019600 0.018403 0.016542 0.013946 0.011340 0.008538 0.005676 0.002841 0.000034 -0.002659 -0.005237 -0.007640 -0.009949 -0.012104 -0.013833 -0.015717 -0.022929 -0.024987 -0.024955 -0.020535 0.000000 0.000000 0.000000 0.000000 0.000000 0.000000 0.000000 0.000000 0.000000 0.000000 0.000000 0.000000 0.000000 0.000000 0.000000 0.000000 0.000000 0.000000 0.000000 0.000000 0.000000
0.000000 0.000000 0.000000 0.000000 0.000000 0.000000 0.000000 0.034071 0.035199 0.027841 0.026081 0.022903 0.019537 0.015787 0.011875 0.007868 0.003872 -0.000068 -0.003875 -0.007524 -0.010924 -0.014038 -0.016914 -0.019521 -0.021571 -0.023770 -0.024832 -0.029945 -0.026754 0.000000 0.000000 0.000000 0.000000 0.000000 0.000000 0.000000 0.000000 0.000000 0.000000 0.000000 0.000000 0.000000 0.000000 0.000000 0.000000 0.000000 0.000000 0.000000 0.000000 0.000000
0.000000 0.000000 0.000000 0.000000 0.000000 0.000000 0.000000 0.041783 0.040825 0.035618 0.032968 0.029425 0.024582 0.019830 0.014769 0.009685 0.004632 -0.000299 -0.005069 -0.009619 -0.013872 -0.017835 -0.021438 -0.024620 -0.027366 -0.029675 -0.031551 -0.031697 -0.037852 0.000000 0.000000 0.000000 0.000000 0.000000 0.000000 0.000000 0.000000 0.000000 0.000000 0.000000 0.000000 0.000000 0.000000 0.000000 0.000000 0.000000 0.000000 0.000000 0.000000 0.000000
0.000000 0.000000 0.000000 0.000000 0.000000 0.000000 0.000000 0.054209 0.057879 0.045116 0.042011 0.036561 0.030630 0.024554 0.018114 0.011760 0.005433 -0.000689 -0.006611 -0.012240 -0.017512 -0.022400 -0.026858 -0.030910 -0.034168 -0.037190 -0.039208 -0.039595 -0.042551 0.000000 0.000000 0.000000 0.000000 0.000000 0.000000 0.000000 0.000000 0.000000 0.000000 0.000000 0.000000 0.000000 0.000000 0.000000 0.000000 0.000000 0.000000 0.000000 0.000000 0.000000
0.000000 0.000000 0.000000 0.000000 0.000000 0.000000 0.000000 0.057718 0.071404 0.055777 0.050802 0.044216 0.036786 0.029179 0.021316 0.013591 0.005995 -0.001317 -0.008369 -0.015060 -0.021331 -0.027179 -0.032482 -0.037297 -0.041300 -0.044747 -0.046664 -0.048002 -0.051676 0.000000 0.000000 0.000000 0.000000 0.000000 0.000000 0.000000 0.000000 0.000000 0.000000 0.000000 0.000000 0.000000 0.000000 0.000000 0.000000 0.000000 0.000000 0.000000 0.000000 0.000000
0.000000 0.000000 0.000000 0.000000 0.000000 0.000000 0.000000 0.085274 0.087292 0.067781 0.061732 0.053142 0.043593 0.034191 0.024621 0.015379 0.006377 -0.002231 -0.010515 -0.018357 -0.025731 -0.032625 -0.038922 -0.044655 -0.049424 -0.053614 -0.055830 -0.066887 -0.068891 0.000000 0.000000 0.000000 0.000000 0.000000 0.000000 0.000000 0.000000 0.000000 0.000000 0.000000 0.000000 0.000000 0.000000 0.000000 0.000000 0.000000 0.000000 0.000000 0.000000 0.000000
0.000000 0.000000 0.000000 0.000000 0.000000 0.000000 0.000000 0.084120 0.086539 0.082813 0.073517 0.062302 0.050388 0.039033 0.027640 0.016819 0.006391 -0.003527 -0.013053 -0.022064 -0.030572 -0.038564 -0.045917 -0.052639 -0.058323 -0.063313 -0.067634 -0.069207 -0.062994 0.000000 0.000000 0.000000 0.000000 0.000000 0.000000 0.000000 0.000000 0.000000 0.000000 0.000000 0.000000 0.000000 0.000000 0.000000 0.000000 0.000000 0.000000 0.000000 0.000000 0.000000
0.000000 0.000000 0.000000 0.000000 0.000000 0.000000 0.000000 0.114617 0.113662 0.098826 0.087523 0.072491 0.057917 0.044300 0.031051 0.018484 0.006451 -0.004991 -0.015970 -0.026434 -0.036450 -0.045805 -0.054524 -0.062151 -0.068716 -0.074218 -0.079472 -0.081311 -0.087480 0.000000 0.000000 0.000000 0.000000 0.000000 0.000000 0.000000 0.000000 0.000000 0.000000 0.000000 0.000000 0.000000 0.000000 0.000000 0.000000 0.000000 0.000000 0.000000 0.000000 0.000000
0.000000 0.000000 0.000000 0.000000 0.000000 0.000000 0.000000 0.153084 0.138328 0.120680 0.101693 0.081770 0.064122 0.047584 0.032354 0.018194 0.004958 -0.007583 -0.019615 -0.031032 -0.041987 -0.052429 -0.062281 -0.071412 -0.079442 -0.086477 -0.093002 -0.114502 -0.080228 0.000000 0.000000 0.000000 0.000000 0.000000 0.000000 0.000000 0.000000 0.000000 0.000000 0.000000 0.000000 0.000000 0.000000 0.000000 0.000000 0.000000 0.000000 0.000000 0.000000 0.000000
0.000000 0.000000 0.000000 0.000000 0.000000 0.000000 0.000000 0.180110 0.212538 0.123904 0.095636 0.093685 0.070430 0.050412 0.033320 0.017658 0.003225 -0.010490 -0.023685 -0.036282 -0.048522 -0.060318 -0.071661 -0.082265 -0.091884 -0.100286 -0.108353 -0.121041 -0.158719 0.000000 0.000000 0.000000 0.000000 0.000000 0.000000 0.000000 0.000000 0.000000 0.000000 0.000000 0.000000 0.000000 0.000000 0.000000 0.000000 0.000000 0.000000 0.000000 0.000000 0.000000
0.000000 0.000000 0.000000 0.000000 0.000000 0.000000 0.000000 0.454824 0.242850 0.162683 0.129170 0.095642 0.072122 0.050753 0.032741 0.015968 0.000653 -0.014018 -0.028244 -0.041957 -0.055504 -0.068754 -0.081783 -0.094131 -0.105690 -0.115898 -0.126324 -0.141585 -0.113043 0.000000 0.000000 0.000000 0.000000 0.000000 0.000000 0.000000 0.000000 0.000000 0.000000 0.000000 0.000000 0.000000 0.000000 0.000000 0.000000 0.000000 0.000000 0.000000 0.000000 0.000000
0.006895 0.026025 0.011080 0.003059 0.009804 0.021539 0.000331 0.382402 0.245860 0.168282 0.129485 0.094767 0.070497 0.048687 0.030107 0.013104 -0.002777 -0.018115 -0.033161 -0.047926 -0.062799 -0.077609 -0.092576 -0.106956 -0.121066 -0.133378 -0.147071 -0.164555 -0.155076 0.000000 0.000000 0.000000 0.000000 0.000000 0.000000 0.000000 0.000000 0.000000 0.000000 0.000000 0.000000 0.000000 0.000000 0.000000 0.000000 0.000000 0.000000 0.000000 0.000000 0.000000
0.012218 0.015020 0.008426 0.000185 0.000467 0.028321 0.070350 0.120042 0.166321 0.143696 0.108644 0.086164 0.062286 0.043517 0.025526 0.009010 -0.006909 -0.022588 -0.038217 -0.053907 -0.070067 -0.086539 -0.103636 -0.120573 -0.137657 -0.153176 -0.165145 -0.173618 -0.188270 0.000000 0.000000 0.000000 0.000000 0.000000 0.000000 0.000000 0.000000 0.000000 0.000000 0.000000 0.000000 0.000000 0.000000 0.000000 0.000000 0.000000 0.000000 0.000000 0.000000 0.000000
0.000659 0.003402 0.019119 0.024463 0.016977 0.035734 0.059503 0.096182 0.112181 0.110838 0.083906 0.070874 0.052087 0.035965 0.019724 0.004144 -0.011393 -0.027134 -0.043123 -0.059619 -0.077031 -0.095272 -0.114823 -0.134785 -0.156007 -0.175265 -0.192931 -0.205523 -0.250491 0.000000 0.000000 0.000000 0.000000 0.000000 0.000000 0.000000 0.000000 0.000000 0.000000 0.000000 0.000000 0.000000 0.000000 0.000000 0.000000 0.000000 0.000000 0.000000 0.000000 0.000000
0.003844 0.003885 0.013787 0.017226 0.022658 0.037372 0.046069 0.068985 0.080475 0.079991 0.068156 0.056996 0.042624 0.028435 0.013761 -0.000756 -0.015724 -0.031275 -0.047388 -0.064472 -0.082921 -0.102914 -0.124826 -0.148629 -0.174036 -0.200281 -0.220751 -0.242499 -0.313090 0.000000 0.000000 0.000000 0.000000 0.000000 0.000000 0.000000 0.000000 0.000000 0.000000 0.000000 0.000000 0.000000 0.000000 0.000000 0.000000 0.000000 0.000000 0.000000 0.000000 0.000000
0.004206 0.002768 0.016120 0.016562 0.020474 0.030142 0.043130 0.054525 0.061194 0.060963 0.052867 0.044488 0.032952 0.020894 0.007977 -0.005401 -0.019582 -0.034695 -0.050694 -0.068125 -0.087413 -0.109037 -0.133544 -0.161565 -0.193267 -0.228748 -0.260321 -0.319926 -0.346497 0.000000 0.000000 0.000000 0.000000 0.000000 0.000000 0.000000 0.000000 0.000000 0.000000 0.000000 0.000000 0.000000 0.000000 0.000000 0.000000 0.000000 0.000000 0.000000 0.000000 0.000000
0.004056 0.001140 0.014268 0.015285 0.021241 0.029301 0.034325 0.043473 0.045939 0.045623 0.040677 0.033920 0.024781 0.014383 0.002985 -0.009256 -0.022544 -0.036916 -0.052483 -0.069817 -0.089349 -0.112017 -0.138294 -0.170748 -0.208261 -0.257273 -0.297749 -0.383520 -0.336967 0.000000 0.000000 0.000000 0.000000 0.000000 0.000000 0.000000 0.000000 0.000000 0.000000 0.000000 0.000000 0.000000 0.000000 0.000000 0.000000 0.000000 0.000000 0.000000 0.000000 0.000000
0.004143 0.000839 0.012930 0.013592 0.018294 0.022810 0.028626 0.033232 0.035508 0.034843 0.031067 0.025477 0.017871 0.008950 -0.001076 -0.012132 -0.024371 -0.037755 -0.052516 -0.069224 -0.088371 -0.111168 -0.138506 -0.173929 -0.218518 -0.283736 -0.370331 -0.584108 -0.161157 0.000000 0.000000 0.000000 0.000000 0.000000 0.000000 0.000000 0.000000 0.000000 0.000000 0.000000 0.000000 0.000000 0.000000 0.000000 0.000000 0.000000 0.000000 0.000000 0.000000 0.000000
0.008613 -0.009651 0.011443 0.012337 0.016003 0.020518 0.023426 0.026647 0.027413 0.026511 0.023460 0.018769 0.012378 0.004730 -0.004032 -0.013893 -0.024810 -0.036973 -0.050568 -0.066067 -0.083972 -0.105497 -0.131984 -0.166065 -0.212778 -0.274589 -0.388137 -0.598579 0.452217 0.497584 0.400488 0.440345 0.423473 0.425235 0.425920 0.418399 0.399800 0.400359 0.399954 0.395928 0.397480 0.398969 0.400858 0.404470 0.419761 0.410475 0.423957 0.359416 0.358200 0.578527
0.008463 0.009076 0.009049 0.012751 0.015712 0.018751 0.021009 0.020845 0.021567 0.020458 0.017866 0.013663 0.008296 0.001710 -0.005864 -0.014479 -0.024160 -0.034776 -0.046603 -0.059906 -0.075031 -0.092481 -0.113149 -0.137540 -0.167969 -0.203495 -0.248640 -0.305010 0.081528 0.243967 0.355442 0.459790 0.468455 0.463366 0.478093 0.507649 0.476633 0.478700 0.482140 0.522294 0.491476 0.497142 0.493012 0.506100 0.499523 0.499842 0.468902 0.472733 0.523974 0.557753
0.007608 -0.001209 0.008186 0.009208 0.011575 0.013841 0.015474 0.016367 0.016532 0.015494 0.013282 0.009873 0.005303 -0.000247 -0.006700 -0.014082 -0.022307 -0.031306 -0.041237 -0.052198 -0.064317 -0.077618 -0.092479 -0.108018 -0.125040 -0.140393 -0.149037 -0.095475 -0.006094 0.186610 0.301641 0.365661 0.415838 0.433364 0.459458 0.462381 0.474085 0.476497 0.485858 0.485113 0.495171 0.494233 0.496519 0.498134 0.503125 0.508277 0.495260 0.457840 0.453456 0.445337
0.007682 0.007720 0.006962 0.007524 0.009683 0.010894 0.012401 0.013067 0.013003 0.012010 0.010095 0.007216 0.003383 -0.001253 -0.006637 -0.012791 -0.019545 -0.026862 -0.034756 -0.043159 -0.052054 -0.061188 -0.070363 -0.078472 -0.084701 -0.084371 -0.072631 -0.026067 0.039164 0.134060 0.207745 0.255987 0.298367 0.321933 0.348075 0.361142 0.373547 0.380817 0.389514 0.392939 0.396630 0.407580 0.407639 0.420452 0.420622 0.415190 0.405735 0.445490 0.446670 0.468289
0.007676 -0.002159 0.005646 0.006559 0.008191 0.009117 0.010185 0.010417 0.010312 0.009396 0.007803 0.005401 0.002264 -0.001518 -0.005891 -0.010856 -0.016203 -0.021864 -0.027801 -0.033870 -0.039842 -0.045336 -0.049884 -0.052243 -0.051391 -0.043814 -0.028141 0.014055 0.071290 0.150443 0.211589 0.256643 0.299885 0.323223 0.354230 0.365956 0.382808 0.390151 0.400461 0.403510 0.410102 0.416585 0.417198 0.424254 0.421242 0.421530 0.416150 0.418984 0.422541 0.413844
-0.005894 -0.002028 0.004837 0.005508 0.006690 0.007477 0.008332 0.008511 0.008353 0.007575 0.006271 0.004329 0.001816 -0.001186 -0.004621 -0.008468 -0.012474 -0.016633 -0.020792 -0.024740 -0.028194 -0.030742 -0.031768 -0.030348 -0.025167 -0.013686 0.003883 0.034997 0.076816 0.124938 0.170131 0.204534 0.241650 0.263012 0.290612 0.305423 0.322377 0.332508 0.344035 0.350282 0.356563 0.366575 0.367058 0.378335 0.374098 0.382498 0.373751 0.382632 0.375928 0.438341
0.008404 -0.001921 0.004028 0.004659 0.005778 0.006230 0.006885 0.006980 0.006892 0.006278 0.005274 0.003779 0.001843 -0.000441 -0.003011 -0.005801 -0.008657 -0.011464 -0.014051 -0.016185 -0.017544 -0.017709 -0.016093 -0.011863 -0.004058 0.008560 0.028957 0.056907 0.092977 0.133518 0.172226 0.205059 0.237224 0.259820 0.284165 0.299677 0.315956 0.326520 0.337512 0.343732 0.350284 0.357812 0.359923 0.367380 0.365051 0.371372 0.360701 0.371135 0.355319 0.369543
0.006762 -0.002841 0.003412 0.004045 0.004823 0.005220 0.005833 0.005929 0.005895 0.005458 0.004724 0.003638 0.002235 0.000589 -0.001216 -0.003099 -0.004925 -0.006565 -0.007833 -0.008501 -0.008261 -0.006750 -0.003435 0.002249 0.010999 0.023676 0.041132 0.064142 0.091578 0.120985 0.151123 0.177786 0.204674 0.225591 0.246903 0.262655 0.277818 0.289421 0.300065 0.308868 0.315687 0.324877 0.327159 0.334773 0.334809 0.340705 0.337560 0.340938 0.365222 0.326398
-0.000374 -0.002821 0.002926 0.003476 0.004303 0.004523 0.005040 0.005128 0.005213 0.004954 0.004487 0.003762 0.002853 0.001778 0.000644 -0.000455 -0.001400 -0.002051 -0.002226 -0.001709 -0.000214 0.002597 0.007131 0.013840 0.023382 0.035987 0.052962 0.073405 0.097179 0.122814 0.148910 0.172914 0.196410 0.215975 0.234884 0.250012 0.264105 0.275438 0.285520 0.293884 0.300734 0.307729 0.311157 0.317642 0.318254 0.323051 0.320722 0.323833 0.340533 0.399208
0.007674 -0.002732 0.002559 0.003136 0.003738 0.003977 0.004568 0.004647 0.004808 0.004719 0.004490 0.004092 0.003586 0.003017 0.002460 0.002019 0.001805 0.001952 0.002628 0.004029 0.006396 0.009996 0.015170 0.022217 0.031546 0.043254 0.058003 0.075193 0.094804 0.115433 0.136897 0.157119 0.177150 0.194728 0.211602 0.225910 0.239065 0.250231 0.260127 0.268690 0.275815 0.282669 0.287288 0.292491 0.295070 0.298931 0.299623 0.300330 0.320135 0.300870
0.003344 0.016606 0.002295 0.002827 0.003475 0.003630 0.004106 0.004266 0.004569 0.004637 0.004634 0.004521 0.004371 0.004223 0.004157 0.004259 0.004642 0.005428 0.006776 0.008849 0.011832 0.015982 0.021546 0.028750 0.037885 0.048977 0.062458 0.077805 0.094927 0.112966 0.131597 0.149499 0.167097 0.182977 0.198047 0.211263 0.223371 0.233868 0.243190 0.251282 0.258157 0.264446 0.269103 0.274101 0.276851 0.280194 0.281320 0.282107 0.297783 0.284575
-0.002484 -0.003289 0.002108 0.002635 0.003240 0.003460 0.004064 0.004143 0.004474 0.004687 0.004863 0.004995 0.005140 0.005343 0.005674 0.006217 0.007067 0.008339 0.010153 0.012669 0.016049 0.020467 0.026113 0.033142 0.041737 0.051886 0.063826 0.077155 0.091834 0.107179 0.123064 0.138554 0.153833 0.168013 0.181507 0.193650 0.204811 0.214709 0.223559 0.231349 0.238089 0.244100 0.248938 0.253443 0.256488 0.259758 0.261472 0.261593 0.255867 0.288600
0.013006 0.016174 0.002160 0.002211 0.002968 0.003377 0.003731 0.004016 0.004436 0.004775 0.005115 0.005452 0.005842 0.006328 0.006975 0.007855 0.009058 0.010681 0.012840 0.015654 0.019257 0.023788 0.029391 0.036174 0.044257 0.053628 0.064381 0.076255 0.089157 0.102629 0.116508 0.130171 0.143636 0.156311 0.168377 0.179421 0.189607 0.198759 0.206989 0.214285 0.220672 0.226315 0.231011 0.235207 0.238403 0.241251 0.243141 0.243533 0.237388 0.245835
-0.000196 0.016918 0.001997 0.002153 0.002703 0.003185 0.003753 0.003923 0.004436 0.004880 0.005354 0.005856 0.006439 0.007144 0.008030 0.009163 0.010620 0.012486 0.014855 0.017830 0.021517 0.026019 0.031440 0.037855 0.045336 0.053863 0.063466 0.073954 0.085240 0.096990 0.109070 0.121054 0.132880 0.144179 0.154966 0.164975 0.174257 0.182695 0.190335 0.197161 0.203190 0.208510 0.213031 0.216984 0.220071 0.222805 0.224731 0.224987 0.219355 0.227247
0.007241 0.016762 0.001779 0.002089 0.002739 0.002941 0.003542 0.003833 0.004436 0.004959 0.005544 0.006174 0.006905 0.007773 0.008834 0.010144 0.011771 0.013786 0.016270 0.019305 0.022973 0.027356 0.032529 0.038543 0.045441 0.053216 0.061820 0.071155 0.081119 0.091473 0.102087 0.112663 0.123106 0.133168 0.142801 0.151823 0.160229 0.167936 0.174952 0.181263 0.186874 0.191829 0.196097 0.199770 0.202813 0.205284 0.207151 0.207513 0.201764 0.228010
0.008102 -0.015467 0.001515 0.002167 0.002684 0.003226 0.003821 0.003854 0.004398 0.005011 0.005671 0.006393 0.007227 0.008209 0.009384 0.010804 0.012527 0.014614 0.017130 0.020141 0.023712 0.027904 0.032772 0.038348 0.044657 0.051681 0.059379 0.067666 0.076453 0.085564 0.094885 0.104202 0.113423 0.122363 0.131070 0.139165 0.146793 0.153831 0.160341 0.166228 0.171555 0.176222 0.180010 0.180243 0.183678 0.186431 0.188634 0.190333 0.194892 0.199272
0.002192 0.016442 0.001518 0.002227 0.002603 0.003126 0.003699 0.003726 0.004309 0.004969 0.005684 0.006482 0.007393 0.008445 0.009687 0.011163 0.012921 0.015016 0.017498 0.020422 0.023838 0.027793 0.032322 0.037451 0.043189 0.049499 0.056396 0.063755 0.071516 0.079548 0.087749 0.095962 0.104105 0.112029 0.119661 0.126906 0.133717 0.140040 0.145854 0.151138 0.155888 0.160105 0.163793 0.166949 0.169634 0.171688 0.173437 0.173702 0.184717 0.192017
-0.001110 0.016016 0.001660 0.001894 0.002440 0.003054 0.003703 0.003932 0.004348 0.004969 0.005672 0.006493 0.007416 0.008494 0.009752 0.011234 0.012976 0.015025 0.017420 0.020208 0.023423 0.027103 0.031272 0.035947 0.041128 0.046749 0.052917 0.059431 0.066269 0.073334 0.080531 0.087762 0.094930 0.101928 0.108689 0.115134 0.121216 0.126887 0.132123 0.136903 0.141214 0.145056 0.148426 0.151319 0.153772 0.155639 0.157309 0.157559 0.181307 0.157769
0.003232 0.001060 0.001642 0.001775 0.002215 0.002749 0.003098 0.003929 0.004220 0.004832 0.005534 0.006358 0.007284 0.008358 0.009599 0.011049 0.012733 0.014696 0.016964 0.019578 0.022561 0.025944 0.029742 0.033965 0.038610 0.043533 0.049079 0.054822 0.060828 0.067019 0.073332 0.079668 0.085955 0.092109 0.098068 0.103767 0.109163 0.114213 0.118892 0.123178 0.127059 0.130527 0.133588 0.136210 0.138497 0.140186 0.141516 0.141766 0.160738 0.148871
0.003253 -0.013480 0.001795 0.001775 0.002335 0.003312 0.003487 0.003920 0.004193 0.004704 0.005308 0.006135 0.007014 0.008050 0.009233 0.010613 0.012200 0.014039 0.016142 0.018552 0.021274 0.024342 0.027755 0.031529 0.035653 0.039897 0.044874 0.049899 0.055142 0.060544 0.066039 0.071559 0.077039 0.082414 0.087627 0.092628 0.097373 0.101829 0.105968 0.109774 0.113225 0.116331 0.119052 0.121475 0.123390 0.124661 0.126275 0.126416 0.147846 0.131594
0.007350 0.015713 0.001438 0.001434 0.001801 0.002742 0.002688 0.003749 0.003827 0.004526 0.004991 0.005754 0.006602 0.007585 0.008697 0.009988 0.011456 0.013154 0.015071 0.017260 0.019709 0.022458 0.025491 0.028829 0.032453 0.035912 0.040498 0.044866 0.049410 0.054082 0.058833 0.063603 0.068343 0.072998 0.077520 0.081868 0.086002 0.089895 0.093520 0.096860 0.099898 0.102633 0.105053 0.107140 0.108741 0.110317 0.111403 0.111578 0.115663 0.118759
0.002559 0.004706 0.001774 0.001937 0.002176 0.002750 0.003062 0.003404 0.003673 0.004111 0.004627 0.005315 0.006056 0.006949 0.007943 0.009115 0.010425 0.011949 0.013642 0.015590 0.017734 0.020150 0.022783 0.025679 0.028809 0.031952 0.035728 0.039466 0.043345 0.047335 0.051387 0.055454 0.059502 0.063479 0.067345 0.071072 0.074621 0.077971 0.081095 0.083983 0.086611 0.089004 0.091087 0.092999 0.094370 0.095383 0.096625 0.096716 0.100840 0.103884
0.004612 0.004683 0.001008 0.000379 0.001503 0.002276 0.002227 0.003086 0.003129 0.003685 0.004099 0.004731 0.005424 0.006252 0.007138 0.008190 0.009345 0.010708 0.012183 0.013891 0.015749 0.017851 0.020111 0.022596 0.025262 0.031582 0.031119 0.034270 0.037543 0.040900 0.044312 0.047726 0.051132 0.054482 0.057737 0.060885 0.063883 0.066720 0.069370 0.071823 0.074057 0.076087 0.077871 0.079401 0.080348 0.081871 0.082590 0.082470 0.086473 0.089565
-0.005378 -0.016080 0.002072 0.002333 0.001881 0.002176 0.002517 0.002648 0.002793 0.003057 0.003577 0.004048 0.004586 0.005283 0.005994 0.006916 0.007845 0.009001 0.010175 0.011642 0.013128 0.014892 0.016708 0.018757 0.020953 0.027138 0.025759 0.028338 0.030988 0.033739 0.036518 0.039299 0.042093 0.044829 0.047477 0.050067 0.052524 0.054858 0.057040 0.059060 0.060912 0.062602 0.064048 0.065384 0.066390 0.067208 0.067988 0.067956 0.072523 0.075411
-0.006673 0.016904 -0.000446 -0.000920 0.001843 0.001376 0.001813 0.002049 0.002292 0.002567 0.002987 0.003446 0.003904 0.004592 0.005134 0.005880 0.006650 0.007701 0.008625 0.009836 0.011087 0.012596 0.014062 0.015755 0.017507 0.022262 0.021311 0.023330 0.025474 0.027661 0.029904 0.032069 0.034294 0.036481 0.038585 0.040640 0.042591 0.044455 0.046201 0.047823 0.049280 0.050634 0.051772 0.052785 0.053280 0.054459 0.054901 0.054053 0.058646 0.062008
-0.000674 0.003952 0.001418 -0.000650 0.001722 0.000385 0.001568 0.000930 0.001774 0.001819 0.002158 0.002483 0.002629 0.003138 0.003483 0.004258 0.004662 0.005426 0.005922 0.007031 0.007685 0.008846 0.009713 0.010907 0.012296 0.017418 0.015155 0.016692 0.018079 0.027338 0.029528 0.022937 0.024668 0.026267 0.027691 0.029313 0.030770 0.032164 0.033475 0.034623 0.035817 0.036700 0.037711 0.038339 0.039160 0.039775 0.040161 0.053701 0.046855 0.046321
0.005621 0.003053 0.003242 0.003480 0.003535 0.001524 0.001612 0.001152 0.001533 0.001602 0.001960 0.002282 0.002535 0.003105 0.003403 0.004008 0.004489 0.005321 0.005869 0.006824 0.007602 0.008768 0.009675 0.010878 0.012173 0.012206 0.014863 0.016250 0.017703 0.019756 0.021337 0.022362 0.023982 0.025511 0.026990 0.028465 0.029840 0.031165 0.032395 0.033553 0.034594 0.035572 0.036401 0.037120 0.037910 0.038654 0.037751 0.039176 0.031369 0.037375
0.001887 0.017881 0.010209 0.014574 0.013449 -0.009423 -0.010537 0.015496 0.015557 0.016175 0.016924 0.014871 0.016011 -0.011504 -0.010833 -0.011076 -0.011123 -0.009629 -0.009139 -0.008585 -0.010320 -0.009853 -0.009021 -0.005265 0.016783 -0.003556 0.021015 -0.007499 -0.006169 -0.004624 -0.003897 -0.002531 -0.001818 -0.001410 -0.000218 0.001161 0.022774 0.023285 0.003542 0.023242 0.005967 0.021851 0.009617 0.022511 0.011796 0.021700 0.021942 0.013898 0.016598 0.015898
0.008133 -0.007295 -0.014283 0.000511 0.004822 -0.003910 -0.014082 -0.038228 -0.029407 -0.005480 -0.019714 -0.002248 0.041746 -0.019679 -0.020900 -0.002753 0.007841 0.013477 -0.004936 0.006703 0.007643 0.016386 0.002026 0.007255 0.016314 -0.029463 -0.002858 0.016930 0.007388 0.015261 -0.007941 0.009636 0.003689 -0.002929 -0.002123 -0.018146 -0.000342 -0.002658 -0.005000 0.012971 -0.011641 -0.001985 0.012940 0.009611 0.010778 0.001627 0.002325 0.001893 0.005837 -0.000139
