0.000000 0.000000 0.000000 0.000000 0.000000 0.000000 0.000000 -0.001456 -0.011269 -0.012215 -0.020705 -0.017741 -0.031415 -0.024104 -0.037939 -0.041158 -0.042462 -0.042082 -0.031658 -0.036060 -0.050026 -0.028732 -0.031937 -0.027570 -0.023371 -0.014959 -0.003457 -0.004120 -0.000510 0.000000 0.000000 0.000000 0.000000 0.000000 0.000000 0.000000 0.000000 0.000000 0.000000 0.000000 0.000000 0.000000 0.000000 0.000000 0.000000 0.000000 0.000000 0.000000 0.000000 0.000000
0.000000 0.000000 0.000000 0.000000 0.000000 0.000000 0.000000 0.001354 -0.013837 -0.017636 -0.025269 -0.031741 -0.036297 -0.040313 -0.043482 -0.045594 -0.047007 -0.044234 -0.045906 -0.044443 -0.042329 -0.038332 -0.033705 -0.028272 -0.022309 -0.016072 -0.011736 -0.004022 -0.001802 0.000000 0.000000 0.000000 0.000000 0.000000 0.000000 0.000000 0.000000 0.000000 0.000000 0.000000 0.000000 0.000000 0.000000 0.000000 0.000000 0.000000 0.000000 0.000000 0.000000 0.000000
0.000000 0.000000 0.000000 0.000000 0.000000 0.000000 0.000000 0.001267 -0.008771 -0.015661 -0.021429 -0.029189 -0.033683 -0.038827 -0.041842 -0.044477 -0.045798 -0.046264 -0.045735 -0.044233 -0.041980 -0.038596 -0.035125 -0.029809 -0.025339 -0.018018 -0.011103 -0.002915 -0.001858 0.000000 0.000000 0.000000 0.000000 0.000000 0.000000 0.000000 0.000000 0.000000 0.000000 0.000000 0.000000 0.000000 0.000000 0.000000 0.000000 0.000000 0.000000 0.000000 0.000000 0.000000
0.000000 0.000000 0.000000 0.000000 0.000000 0.000000 0.000000 -0.002690 -0.008891 -0.017124 -0.021984 -0.029366 -0.033932 -0.038855 -0.042045 -0.044666 -0.046008 -0.046461 -0.045911 -0.044382 -0.042117 -0.038754 -0.035150 -0.029962 -0.025564 -0.019112 -0.011451 -0.010892 -0.000792 0.000000 0.000000 0.000000 0.000000 0.000000 0.000000 0.000000 0.000000 0.000000 0.000000 0.000000 0.000000 0.000000 0.000000 0.000000 0.000000 0.000000 0.000000 0.000000 0.000000 0.000000
0.000000 0.000000 0.000000 0.000000 0.000000 0.000000 0.000000 -0.003057 -0.011161 -0.017971 -0.024635 -0.031834 -0.037319 -0.042191 -0.045682 -0.048283 -0.049654 -0.050025 -0.049346 -0.047642 -0.045086 -0.041512 -0.037404 -0.032270 -0.026957 -0.020240 -0.011406 -0.007341 -0.001218 0.000000 0.000000 0.000000 0.000000 0.000000 0.000000 0.000000 0.000000 0.000000 0.000000 0.000000 0.000000 0.000000 0.000000 0.000000 0.000000 0.000000 0.000000 0.000000 0.000000 0.000000
0.000000 0.000000 0.000000 0.000000 0.000000 0.000000 0.000000 -0.000247 -0.017244 -0.020351 -0.027059 -0.035753 -0.040992 -0.046555 -0.049985 -0.052693 -0.053981 -0.054240 -0.053389 -0.051468 -0.048673 -0.044760 -0.040328 -0.034589 -0.029008 -0.021076 -0.014620 -0.011103 -0.001994 0.000000 0.000000 0.000000 0.000000 0.000000 0.000000 0.000000 0.000000 0.000000 0.000000 0.000000 0.000000 0.000000 0.000000 0.000000 0.000000 0.000000 0.000000 0.000000 0.000000 0.000000
0.000000 0.000000 0.000000 0.000000 0.000000 0.000000 0.000000 -0.004348 -0.011955 -0.023238 -0.031454 -0.040160 -0.046426 -0.052016 -0.055777 -0.058429 -0.059672 -0.059755 -0.058683 -0.056479 -0.053342 -0.049060 -0.044179 -0.038008 -0.031847 -0.023912 -0.015915 -0.012854 -0.001486 0.000000 0.000000 0.000000 0.000000 0.000000 0.000000 0.000000 0.000000 0.000000 0.000000 0.000000 0.000000 0.000000 0.000000 0.000000 0.000000 0.000000 0.000000 0.000000 0.000000 0.000000
0.000000 0.000000 0.000000 0.000000 0.000000 0.000000 0.000000 -0.003018 -0.014326 -0.027379 -0.035963 -0.046283 -0.052959 -0.058955 -0.062772 -0.065366 -0.066452 -0.066298 -0.064943 -0.062392 -0.058870 -0.054113 -0.048724 -0.041866 -0.035176 -0.026310 -0.019605 -0.014062 -0.001717 0.000000 0.000000 0.000000 0.000000 0.000000 0.000000 0.000000 0.000000 0.000000 0.000000 0.000000 0.000000 0.000000 0.000000 0.000000 0.000000 0.000000 0.000000 0.000000 0.000000 0.000000
0.000000 0.000000 0.000000 0.000000 0.000000 0.000000 0.000000 -0.003530 -0.017615 -0.032838 -0.042747 -0.054204 -0.061353 -0.067480 -0.071334 -0.073723 -0.074589 -0.074115 -0.072413 -0.069458 -0.065492 -0.060215 -0.054264 -0.046676 -0.039262 -0.029427 -0.021692 -0.012182 -0.004523 0.000000 0.000000 0.000000 0.000000 0.000000 0.000000 0.000000 0.000000 0.000000 0.000000 0.000000 0.000000 0.000000 0.000000 0.000000 0.000000 0.000000 0.000000 0.000000 0.000000 0.000000
0.000000 0.000000 0.000000 0.000000 0.000000 0.000000 0.000000 -0.013104 -0.037225 -0.040330 -0.051954 -0.064255 -0.071827 -0.077903 -0.081538 -0.083569 -0.084062 -0.083170 -0.081044 -0.077625 -0.073166 -0.067308 -0.060722 -0.052329 -0.044102 -0.033114 -0.018204 -0.005910 -0.009401 0.000000 0.000000 0.000000 0.000000 0.000000 0.000000 0.000000 0.000000 0.000000 0.000000 0.000000 0.000000 0.000000 0.000000 0.000000 0.000000 0.000000 0.000000 0.000000 0.000000 0.000000
0.000000 0.000000 0.000000 0.000000 0.000000 0.000000 0.000000 -0.013603 -0.043544 -0.051277 -0.063876 -0.076844 -0.084846 -0.089802 -0.093432 -0.094629 -0.094687 -0.093169 -0.090535 -0.086580 -0.081420 -0.074960 -0.067365 -0.058404 -0.049203 -0.037577 -0.020719 -0.006918 -0.008168 0.000000 0.000000 0.000000 0.000000 0.000000 0.000000 0.000000 0.000000 0.000000 0.000000 0.000000 0.000000 0.000000 0.000000 0.000000 0.000000 0.000000 0.000000 0.000000 0.000000 0.000000
0.000000 0.000000 0.000000 0.000000 0.000000 0.000000 0.000000 0.001914 -0.055574 -0.067559 -0.082105 -0.094028 -0.100546 -0.105168 -0.107322 -0.107932 -0.107184 -0.105170 -0.102014 -0.097587 -0.092083 -0.085025 -0.077069 -0.066864 -0.056728 -0.042837 -0.023792 -0.005724 -0.013351 0.000000 0.000000 0.000000 0.000000 0.000000 0.000000 0.000000 0.000000 0.000000 0.000000 0.000000 0.000000 0.000000 0.000000 0.000000 0.000000 0.000000 0.000000 0.000000 0.000000 0.000000
0.000000 0.000000 0.000000 0.000000 0.000000 0.000000 0.000000 -0.000741 -0.082380 -0.105560 -0.110647 -0.111644 -0.119690 -0.121888 -0.122741 -0.122276 -0.120690 -0.118015 -0.114316 -0.109425 -0.103447 -0.095865 -0.087248 -0.076135 -0.064951 -0.049392 -0.027626 -0.023693 -0.012003 0.000000 0.000000 0.000000 0.000000 0.000000 0.000000 0.000000 0.000000 0.000000 0.000000 0.000000 0.000000 0.000000 0.000000 0.000000 0.000000 0.000000 0.000000 0.000000 0.000000 0.000000
0.000000 0.000000 0.000000 0.000000 0.000000 0.000000 0.000000 -0.095141 -0.135527 -0.135125 -0.134041 -0.142020 -0.141451 -0.141518 -0.139832 -0.138014 -0.135322 -0.131970 -0.127748 -0.122501 -0.116149 -0.108174 -0.098975 -0.087013 -0.074727 -0.057273 -0.032412 -0.027845 -0.011873 0.000000 0.000000 0.000000 0.000000 0.000000 0.000000 0.000000 0.000000 0.000000 0.000000 0.000000 0.000000 0.000000 0.000000 0.000000 0.000000 0.000000 0.000000 0.000000 0.000000 0.000000
-0.347002 -0.336525 -0.320977 -0.330219 -0.345807 -0.374853 -0.437804 -0.457391 -0.225664 -0.196882 -0.171144 -0.172163 -0.163813 -0.161919 -0.157418 -0.154360 -0.150685 -0.146771 -0.142195 -0.136789 -0.130275 -0.122152 -0.112592 -0.099961 -0.086647 -0.067138 -0.038681 -0.002499 0.001779 0.000000 0.000000 0.000000 0.000000 0.000000 0.000000 0.000000 0.000000 0.000000 0.000000 0.000000 0.000000 0.000000 0.000000 0.000000 0.000000 0.000000 0.000000 0.000000 0.000000 0.000000
-0.321437 -0.364505 -0.336478 -0.351618 -0.373676 -0.387945 -0.400480 -0.300094 -0.265116 -0.252008 -0.207886 -0.201760 -0.188203 -0.181708 -0.175461 -0.170904 -0.166516 -0.162216 -0.157535 -0.152235 -0.145861 -0.137951 -0.128301 -0.115419 -0.100990 -0.079616 -0.061976 -0.045930 -0.012041 0.000000 0.000000 0.000000 0.000000 0.000000 0.000000 0.000000 0.000000 0.000000 0.000000 0.000000 0.000000 0.000000 0.000000 0.000000 0.000000 0.000000 0.000000 0.000000 0.000000 0.000000
-0.327113 -0.345622 -0.352808 -0.332111 -0.348263 -0.340639 -0.351663 -0.340401 -0.298240 -0.262128 -0.234325 -0.219063 -0.206439 -0.198875 -0.191835 -0.186808 -0.182195 -0.177946 -0.173534 -0.168724 -0.162932 -0.155715 -0.146589 -0.133913 -0.119066 -0.095636 -0.075296 -0.056010 0.007826 0.000000 0.000000 0.000000 0.000000 0.000000 0.000000 0.000000 0.000000 0.000000 0.000000 0.000000 0.000000 0.000000 0.000000 0.000000 0.000000 0.000000 0.000000 0.000000 0.000000 0.000000
-0.321642 -0.347011 -0.329748 -0.326000 -0.337093 -0.335435 -0.337378 -0.320512 -0.296233 -0.266750 -0.247387 -0.233861 -0.222096 -0.213988 -0.207181 -0.202045 -0.197653 -0.193819 -0.190083 -0.186215 -0.181531 -0.175732 -0.167753 -0.156572 -0.141390 -0.117752 -0.092295 -0.069950 0.019723 0.000000 0.000000 0.000000 0.000000 0.000000 0.000000 0.000000 0.000000 0.000000 0.000000 0.000000 0.000000 0.000000 0.000000 0.000000 0.000000 0.000000 0.000000 0.000000 0.000000 0.000000
-0.317778 -0.342753 -0.328175 -0.318410 -0.331819 -0.319344 -0.319041 -0.308094 -0.291804 -0.273018 -0.257654 -0.245083 -0.234940 -0.227148 -0.221022 -0.216323 -0.212536 -0.209492 -0.206830 -0.204311 -0.201379 -0.197601 -0.192240 -0.183118 -0.170834 -0.145184 -0.119459 -0.059112 0.011078 0.000000 0.000000 0.000000 0.000000 0.000000 0.000000 0.000000 0.000000 0.000000 0.000000 0.000000 0.000000 0.000000 0.000000 0.000000 0.000000 0.000000 0.000000 0.000000 0.000000 0.000000
-0.314215 -0.339145 -0.318713 -0.310707 -0.322171 -0.314299 -0.312462 -0.300716 -0.289999 -0.275674 -0.264192 -0.253799 -0.245385 -0.238680 -0.233489 -0.229609 -0.226753 -0.224840 -0.223631 -0.222978 -0.222445 -0.221838 -0.220199 -0.216224 -0.208693 -0.188863 -0.163770 -0.066300 -0.017061 0.000000 0.000000 0.000000 0.000000 0.000000 0.000000 0.000000 0.000000 0.000000 0.000000 0.000000 0.000000 0.000000 0.000000 0.000000 0.000000 0.000000 0.000000 0.000000 0.000000 0.000000
-0.310519 -0.335134 -0.315503 -0.305283 -0.318311 -0.305542 -0.305897 -0.296330 -0.288554 -0.278214 -0.269407 -0.261087 -0.254313 -0.248779 -0.244678 -0.241782 -0.240037 -0.239406 -0.239828 -0.241215 -0.243607 -0.246507 -0.250901 -0.252844 -0.259230 -0.249769 -0.251566 -0.097799 0.296538 0.000000 0.000000 0.000000 0.000000 0.000000 0.000000 0.000000 0.000000 0.000000 0.000000 0.000000 0.000000 0.000000 0.000000 0.000000 0.000000 0.000000 0.000000 0.000000 0.000000 0.000000
-0.288662 -0.305052 -0.309757 -0.300804 -0.312278 -0.301968 -0.301662 -0.293882 -0.288282 -0.280230 -0.273559 -0.267051 -0.261800 -0.257547 -0.254565 -0.252953 -0.252416 -0.253261 -0.255418 -0.259431 -0.264995 -0.273718 -0.284726 -0.300098 -0.321086 -0.354329 -0.399287 -0.760093 0.282856 -0.397362 -0.420642 -0.349484 -0.300831 -0.254447 -0.223843 -0.189265 -0.186621 -0.170827 -0.148210 -0.133357 -0.118262 -0.104025 -0.090037 -0.078578 -0.059990 -0.052513 -0.044458 -0.068657 -0.012925 -0.008652
-0.285859 -0.325892 -0.307191 -0.306022 -0.302261 -0.299009 -0.294260 -0.294006 -0.288824 -0.283025 -0.277522 -0.272518 -0.268477 -0.265384 -0.263288 -0.262532 -0.263103 -0.265141 -0.268825 -0.274448 -0.282609 -0.293746 -0.310076 -0.331653 -0.366908 -0.413682 -0.498239 -0.733377 -0.955756 -0.868644 -0.721530 -0.579127 -0.510731 -0.499462 -0.448454 -0.364164 -0.352439 -0.315967 -0.282057 -0.269623 -0.263408 -0.184932 -0.206704 -0.130028 -0.153106 -0.097836 -0.051592 -0.084940 0.009954 -0.006021
-0.281861 -0.324348 -0.303387 -0.294648 -0.306036 -0.296062 -0.297040 -0.291351 -0.288630 -0.283799 -0.280189 -0.276459 -0.273703 -0.271676 -0.270755 -0.270941 -0.272476 -0.275551 -0.280384 -0.287376 -0.297091 -0.310212 -0.328316 -0.352459 -0.387060 -0.433973 -0.506452 -0.614037 -0.700471 -0.700974 -0.634696 -0.572608 -0.519340 -0.463465 -0.422641 -0.378534 -0.344680 -0.306641 -0.277435 -0.245807 -0.219435 -0.190778 -0.165933 -0.141465 -0.130945 -0.114268 -0.106779 -0.095189 -0.026347 0.007603
-0.279490 -0.319377 -0.301231 -0.291771 -0.303574 -0.294169 -0.295861 -0.290881 -0.289180 -0.285370 -0.282841 -0.280129 -0.278325 -0.277176 -0.277059 -0.278019 -0.280306 -0.284129 -0.289746 -0.297561 -0.308105 -0.322043 -0.340638 -0.364675 -0.397381 -0.437498 -0.494523 -0.562986 -0.623952 -0.639525 -0.599262 -0.551966 -0.504080 -0.457699 -0.414463 -0.375084 -0.339505 -0.306459 -0.275463 -0.246089 -0.219419 -0.190624 -0.166493 -0.140332 -0.115707 -0.083830 -0.057711 -0.068752 -0.037602 -0.004660
-0.277228 -0.318954 -0.298910 -0.290256 -0.301564 -0.292831 -0.294907 -0.290665 -0.289671 -0.286733 -0.285036 -0.283160 -0.282127 -0.281690 -0.282210 -0.283748 -0.286550 -0.290809 -0.296755 -0.304740 -0.315138 -0.328520 -0.345503 -0.366804 -0.393339 -0.426146 -0.463537 -0.500727 -0.527173 -0.534934 -0.515004 -0.485651 -0.457502 -0.420007 -0.391951 -0.355990 -0.327710 -0.296402 -0.268872 -0.240259 -0.215182 -0.189380 -0.164489 -0.140447 -0.115316 -0.089653 -0.074080 -0.081880 -0.014721 -0.005167
-0.276841 -0.314811 -0.297333 -0.288787 -0.300430 -0.291998 -0.294383 -0.290607 -0.290208 -0.287916 -0.286875 -0.285645 -0.285215 -0.285322 -0.286306 -0.288248 -0.291363 -0.295801 -0.301780 -0.309596 -0.319535 -0.331998 -0.347377 -0.365968 -0.388373 -0.413885 -0.442279 -0.469937 -0.489133 -0.493273 -0.477682 -0.458235 -0.430363 -0.403499 -0.373104 -0.344102 -0.315100 -0.287714 -0.260206 -0.234386 -0.209707 -0.183538 -0.160656 -0.135240 -0.111530 -0.088111 -0.062675 -0.065735 -0.009474 -0.026714
-0.278920 -0.313271 -0.295900 -0.287192 -0.298807 -0.291126 -0.293814 -0.290557 -0.290608 -0.288856 -0.288322 -0.287590 -0.287613 -0.288116 -0.289411 -0.291573 -0.294776 -0.299139 -0.304845 -0.312099 -0.321057 -0.331976 -0.344921 -0.360042 -0.377149 -0.396416 -0.413410 -0.430658 -0.440946 -0.442869 -0.433630 -0.418654 -0.400310 -0.376301 -0.354830 -0.327597 -0.304117 -0.277421 -0.253254 -0.227597 -0.204364 -0.180562 -0.157466 -0.134307 -0.110801 -0.089011 -0.064442 -0.067046 -0.022102 -0.003340
-0.273636 -0.312586 -0.294725 -0.286380 -0.298100 -0.290401 -0.293384 -0.290485 -0.290908 -0.289564 -0.289420 -0.289057 -0.289399 -0.290167 -0.291643 -0.293874 -0.297015 -0.301167 -0.306460 -0.313036 -0.320984 -0.330442 -0.341385 -0.353800 -0.367326 -0.381945 -0.395063 -0.406376 -0.412842 -0.413098 -0.405286 -0.393245 -0.376594 -0.357044 -0.336296 -0.313172 -0.290620 -0.266787 -0.243814 -0.219684 -0.198360 -0.173485 -0.153464 -0.129052 -0.108128 -0.085196 -0.061845 -0.062174 -0.005509 0.006611
-0.300447 -0.313602 -0.293746 -0.285141 -0.296765 -0.289736 -0.292949 -0.290382 -0.291075 -0.290042 -0.290178 -0.290082 -0.290630 -0.291540 -0.293081 -0.295264 -0.298218 -0.302016 -0.306742 -0.312474 -0.319234 -0.327064 -0.335837 -0.345453 -0.355445 -0.365951 -0.374360 -0.381300 -0.384331 -0.383192 -0.376788 -0.366706 -0.352954 -0.336446 -0.318328 -0.298226 -0.277828 -0.256374 -0.235137 -0.213174 -0.192122 -0.170012 -0.148257 -0.127131 -0.105037 -0.084762 -0.061194 -0.061112 -0.009127 -0.007703
-0.270746 -0.314563 -0.292853 -0.284710 -0.296275 -0.289224 -0.292449 -0.290191 -0.291076 -0.290294 -0.290624 -0.290711 -0.291379 -0.292340 -0.293850 -0.295898 -0.298587 -0.301963 -0.306079 -0.310976 -0.316634 -0.323035 -0.330037 -0.337504 -0.345028 -0.352589 -0.358163 -0.362285 -0.363420 -0.361248 -0.355022 -0.345678 -0.333294 -0.318497 -0.302070 -0.283947 -0.265157 -0.245411 -0.225478 -0.204989 -0.184821 -0.163658 -0.143691 -0.122289 -0.101848 -0.081878 -0.059573 -0.058348 -0.008330 -0.001664
-0.289392 -0.289815 -0.292079 -0.283644 -0.295034 -0.288593 -0.292053 -0.289966 -0.290997 -0.290360 -0.290810 -0.290993 -0.291704 -0.292646 -0.294052 -0.295897 -0.298262 -0.301168 -0.304640 -0.308677 -0.313245 -0.318281 -0.323626 -0.329117 -0.334384 -0.339521 -0.342652 -0.344587 -0.344128 -0.341093 -0.335062 -0.326420 -0.315308 -0.302047 -0.287199 -0.270799 -0.253524 -0.235328 -0.216690 -0.197526 -0.178251 -0.158618 -0.138894 -0.119331 -0.098865 -0.080150 -0.058040 -0.056952 -0.008858 -0.003457
-0.290606 -0.312331 -0.291382 -0.283498 -0.294277 -0.288120 -0.291271 -0.289612 -0.290698 -0.290228 -0.290739 -0.290972 -0.291671 -0.292542 -0.293796 -0.295397 -0.297405 -0.299826 -0.302663 -0.305894 -0.309471 -0.313319 -0.317279 -0.321189 -0.324745 -0.328049 -0.329480 -0.329850 -0.328266 -0.324559 -0.318448 -0.310140 -0.299739 -0.287472 -0.273732 -0.258606 -0.242534 -0.225581 -0.208056 -0.190017 -0.171659 -0.153044 -0.134069 -0.115431 -0.095417 -0.077757 -0.056155 -0.054684 -0.015410 -0.000162
-0.266921 -0.286995 -0.290718 -0.282935 -0.294124 -0.287776 -0.291206 -0.289284 -0.290447 -0.289969 -0.290500 -0.290713 -0.291351 -0.292105 -0.293172 -0.294499 -0.296135 -0.298068 -0.300290 -0.302769 -0.305440 -0.308218 -0.310961 -0.313511 -0.315620 -0.317404 -0.317468 -0.316605 -0.314115 -0.309864 -0.303676 -0.295635 -0.285820 -0.274380 -0.261572 -0.247500 -0.232468 -0.216584 -0.200054 -0.183002 -0.165506 -0.147782 -0.129559 -0.111671 -0.092553 -0.075363 -0.054606 -0.053327 -0.014801 -0.003271
-0.296996 -0.285928 -0.290232 -0.281680 -0.293625 -0.287036 -0.290312 -0.288786 -0.289933 -0.289548 -0.290060 -0.290243 -0.290792 -0.291405 -0.292262 -0.293305 -0.294569 -0.296035 -0.297682 -0.299470 -0.301334 -0.303188 -0.304903 -0.306336 -0.307287 -0.307882 -0.306894 -0.305088 -0.301897 -0.297206 -0.290894 -0.282997 -0.273566 -0.262714 -0.250615 -0.237370 -0.223192 -0.208197 -0.192530 -0.176338 -0.159635 -0.142713 -0.125187 -0.108048 -0.089507 -0.072988 -0.052935 -0.051569 -0.014288 -0.003363
-0.266315 -0.286142 -0.289562 -0.280845 -0.292301 -0.286360 -0.289960 -0.288288 -0.289485 -0.289050 -0.289523 -0.289626 -0.290060 -0.290510 -0.291147 -0.291902 -0.292805 -0.293826 -0.294942 -0.296105 -0.297252 -0.298298 -0.299131 -0.299625 -0.299615 -0.299220 -0.297400 -0.294840 -0.291083 -0.286033 -0.279607 -0.271810 -0.262681 -0.252300 -0.240774 -0.228208 -0.214748 -0.200508 -0.185591 -0.170151 -0.154165 -0.137954 -0.121099 -0.104590 -0.086767 -0.070741 -0.051374 -0.050047 -0.014025 -0.013701
-0.267214 -0.286119 -0.289350 -0.289008 -0.289224 -0.289313 -0.289378 -0.289337 -0.289292 -0.289163 -0.289144 -0.289204 -0.289189 -0.289471 -0.289887 -0.290364 -0.290923 -0.291532 -0.292162 -0.292767 -0.293283 -0.293634 -0.293720 -0.293431 -0.292632 -0.291436 -0.288953 -0.285793 -0.281581 -0.276236 -0.269698 -0.261959 -0.253051 -0.243026 -0.232127 -0.220050 -0.207107 -0.193337 -0.178835 -0.163640 -0.147885 -0.131595 -0.116191 -0.115092 -0.098412 -0.081751 -0.065263 -0.048599 -0.034732 0.004273
-0.307567 -0.286087 -0.289363 -0.288506 -0.288964 -0.288768 -0.288697 -0.288622 -0.288697 -0.288599 -0.288529 -0.288496 -0.288524 -0.288639 -0.288548 -0.288756 -0.288993 -0.289222 -0.289415 -0.289523 -0.289488 -0.289240 -0.288690 -0.287744 -0.286291 -0.284410 -0.281415 -0.277769 -0.273185 -0.267598 -0.260959 -0.253260 -0.244523 -0.234776 -0.224083 -0.212517 -0.200157 -0.187095 -0.173386 -0.159172 -0.144396 -0.129388 -0.113704 -0.098331 -0.081647 -0.066595 -0.048408 -0.047166 -0.013894 -0.003649
-0.261534 -0.284759 -0.288308 -0.279432 -0.289773 -0.284783 -0.286772 -0.286505 -0.287418 -0.287100 -0.287339 -0.287192 -0.287235 -0.287178 -0.287169 -0.287127 -0.287068 -0.286954 -0.286755 -0.286426 -0.285913 -0.285150 -0.284062 -0.282566 -0.280572 -0.278116 -0.274715 -0.270674 -0.265787 -0.259998 -0.253271 -0.245600 -0.236989 -0.227465 -0.217077 -0.205882 -0.193942 -0.181338 -0.168110 -0.154393 -0.140119 -0.125611 -0.110436 -0.095541 -0.079400 -0.064799 -0.047298 -0.045929 -0.009911 -0.001887
-0.283030 -0.302008 -0.288003 -0.279058 -0.290555 -0.284198 -0.287905 -0.285716 -0.287074 -0.286405 -0.286623 -0.286324 -0.286240 -0.286013 -0.285806 -0.285530 -0.285201 -0.284777 -0.284231 -0.283519 -0.282592 -0.281389 -0.279846 -0.277889 -0.275444 -0.272469 -0.268780 -0.264416 -0.259278 -0.253323 -0.246524 -0.238867 -0.230355 -0.221012 -0.210874 -0.199988 -0.188401 -0.176186 -0.163371 -0.150085 -0.136249 -0.122187 -0.107457 -0.093009 -0.077340 -0.063078 -0.045900 -0.044677 -0.028048 -0.008163
-0.282363 -0.282518 -0.287575 -0.278132 -0.288687 -0.283412 -0.285324 -0.285305 -0.285924 -0.285711 -0.285794 -0.285440 -0.285233 -0.284861 -0.284477 -0.283991 -0.283419 -0.282722 -0.281872 -0.280828 -0.279545 -0.277967 -0.276040 -0.273696 -0.270877 -0.267447 -0.263548 -0.258918 -0.253577 -0.247487 -0.240624 -0.232973 -0.224542 -0.215346 -0.205413 -0.194782 -0.183492 -0.171606 -0.159144 -0.146227 -0.132774 -0.119090 -0.104766 -0.090644 -0.075436 -0.061135 -0.045025 -0.043718 -0.010821 -0.000853
-0.263499 -0.282261 -0.287336 -0.278120 -0.291720 -0.283481 -0.287827 -0.284356 -0.286038 -0.284763 -0.285189 -0.284617 -0.284324 -0.283792 -0.283241 -0.282561 -0.281772 -0.280833 -0.279717 -0.278386 -0.276799 -0.274904 -0.272655 -0.269987 -0.266858 -0.263034 -0.258981 -0.254136 -0.248627 -0.242422 -0.235504 -0.227859 -0.219492 -0.210417 -0.200652 -0.190234 -0.179193 -0.167586 -0.155424 -0.142827 -0.129694 -0.116367 -0.102324 -0.088676 -0.073496 -0.060170 -0.044011 -0.042693 -0.028550 0.002778
-0.281786 -0.301087 -0.286947 -0.276365 -0.287759 -0.282131 -0.284330 -0.284209 -0.284789 -0.284423 -0.284347 -0.283828 -0.283401 -0.282764 -0.282072 -0.281229 -0.280250 -0.279104 -0.277762 -0.276186 -0.274342 -0.272180 -0.269664 -0.266728 -0.263347 -0.259460 -0.255022 -0.250000 -0.244352 -0.238055 -0.231092 -0.223452 -0.215135 -0.206158 -0.196532 -0.186290 -0.175456 -0.164082 -0.152174 -0.139846 -0.127000 -0.113940 -0.100265 -0.086736 -0.072252 -0.058383 -0.043247 -0.041918 -0.027524 0.002516
-0.278284 -0.300561 -0.286849 -0.277316 -0.291340 -0.282680 -0.287593 -0.283410 -0.285239 -0.283643 -0.283985 -0.283187 -0.282689 -0.281903 -0.281071 -0.280074 -0.278933 -0.277611 -0.276072 -0.274289 -0.272234 -0.269848 -0.267114 -0.263948 -0.260363 -0.259163 -0.251668 -0.246506 -0.240745 -0.234368 -0.227371 -0.219731 -0.211454 -0.202560 -0.193046 -0.182946 -0.172283 -0.161102 -0.149403 -0.137306 -0.124672 -0.111896 -0.098320 -0.085228 -0.070330 -0.057926 -0.042294 -0.040994 -0.026177 0.002002
-0.280813 -0.276026 -0.286096 -0.275096 -0.286066 -0.281423 -0.283490 -0.283372 -0.283902 -0.283363 -0.283133 -0.282499 -0.281878 -0.281047 -0.280128 -0.279017 -0.277726 -0.276259 -0.274571 -0.272611 -0.270373 -0.267807 -0.264906 -0.261562 -0.257822 -0.255933 -0.248839 -0.243559 -0.237704 -0.231267 -0.224247 -0.216612 -0.208360 -0.199535 -0.190111 -0.180127 -0.169605 -0.158580 -0.147059 -0.135150 -0.122733 -0.110124 -0.096905 -0.083798 -0.069856 -0.056412 -0.041824 -0.040650 -0.025028 0.001643
-0.279928 -0.275461 -0.286511 -0.278219 -0.291160 -0.282274 -0.287265 -0.282820 -0.284055 -0.283108 -0.282995 -0.282176 -0.281451 -0.280492 -0.279434 -0.278218 -0.276842 -0.275274 -0.273423 -0.271328 -0.268975 -0.266255 -0.263235 -0.259687 -0.255830 -0.253171 -0.246581 -0.241257 -0.235324 -0.228817 -0.221790 -0.214134 -0.205903 -0.197156 -0.187788 -0.177879 -0.167474 -0.156570 -0.145188 -0.133425 -0.121126 -0.108764 -0.095435 -0.082902 -0.068146 -0.056422 -0.040990 -0.039798 -0.023522 0.001368
-0.293018 -0.296913 -0.284575 -0.275368 -0.283991 -0.281494 -0.282950 -0.282893 -0.283217 -0.282646 -0.282225 -0.281575 -0.280725 -0.279805 -0.278829 -0.277492 -0.275894 -0.274269 -0.272421 -0.270135 -0.267598 -0.264813 -0.261726 -0.258091 -0.254201 -0.251087 -0.244828 -0.239366 -0.233347 -0.228905 -0.221872 -0.212194 -0.203919 -0.195219 -0.185927 -0.176097 -0.165768 -0.154951 -0.143674 -0.132056 -0.119913 -0.107606 -0.094735 -0.081842 -0.068295 -0.055389 -0.040963 -0.039316 -0.023354 -0.003511
-0.271373 -0.290952 -0.285180 -0.284473 -0.287178 -0.283909 -0.285374 -0.283741 -0.283846 -0.282999 -0.282562 -0.281856 -0.281068 -0.280062 -0.278990 -0.277693 -0.276159 -0.274488 -0.272574 -0.270348 -0.267875 -0.265028 -0.261943 -0.258225 -0.254288 -0.249455 -0.244819 -0.239422 -0.233460 -0.226812 -0.219813 -0.212226 -0.203958 -0.195293 -0.185968 -0.176104 -0.165793 -0.154975 -0.143701 -0.132049 -0.119901 -0.107574 -0.094623 -0.081756 -0.068139 -0.054711 -0.054365 -0.040099 -0.020129 -0.003877
-0.276444 -0.290529 -0.292553 -0.298631 -0.299866 -0.306240 -0.303557 -0.302692 -0.302006 -0.301358 -0.299517 -0.298587 -0.297534 -0.297793 -0.276922 -0.294555 -0.292635 -0.272117 -0.270045 -0.267693 -0.283617 -0.280086 -0.276212 -0.254595 -0.272072 -0.245386 -0.242535 -0.250283 -0.245217 -0.236998 -0.229750 -0.221168 -0.212252 -0.202240 -0.193156 -0.182666 -0.180373 -0.169258 -0.159966 -0.145279 -0.135576 -0.118905 -0.109728 -0.091285 -0.080634 -0.063597 -0.050231 -0.037138 -0.026198 -0.002210
-0.315183 -0.288695 -0.308093 -0.283047 -0.288802 -0.289960 -0.273996 -0.287211 -0.270883 -0.295437 -0.303659 -0.286163 -0.313002 -0.266806 -0.251572 -0.244275 -0.277141 -0.306274 -0.263493 -0.271051 -0.268218 -0.294533 -0.273269 -0.257551 -0.240159 -0.287928 -0.247939 -0.223583 -0.232038 -0.216308 -0.225738 -0.204034 -0.259545 -0.200208 -0.181526 -0.200261 -0.149328 -0.158512 -0.142829 -0.133022 -0.129078 -0.111609 -0.085731 -0.078258 -0.060181 -0.061079 -0.048715 -0.026995 -0.017785 -0.006813
