-0.003391 -0.003595 -0.010733 -0.013548 -0.014600 -0.017291 -0.019053 -0.020482 -0.025900 -0.026597 -0.034245 -0.035259 -0.039510 -0.040602 -0.036024 -0.042680 -0.062329 -0.064338 -0.049166 -0.049903 -0.067582 -0.068372 -0.050262 -0.046719 -0.050437 -0.044833 -0.062145 -0.044434 -0.036071 -0.029954 -0.027194 -0.039657 -0.019512 -0.010811 -0.010890 -0.004713 0.000000 0.000000 0.000000 0.000000 0.000000 0.000000 0.000000 0.000000 0.000000 0.000000 0.000000 0.000000 0.000000 0.000000
-0.000014 -0.006409 -0.008476 -0.012272 -0.015873 -0.019541 -0.023025 -0.025945 -0.029298 -0.032993 -0.035671 -0.038961 -0.041423 -0.043995 -0.042395 -0.044521 -0.050631 -0.052453 -0.053987 -0.050527 -0.051271 -0.055824 -0.051505 -0.050819 -0.050223 -0.047839 -0.049264 -0.046282 -0.042163 -0.037304 -0.031254 -0.024909 -0.024733 -0.013278 -0.003207 0.001448 0.000000 0.000000 0.000000 0.000000 0.000000 0.000000 0.000000 0.000000 0.000000 0.000000 0.000000 0.000000 0.000000 0.000000
0.001773 -0.004785 -0.009707 -0.013196 -0.013285 -0.016549 -0.019870 -0.023033 -0.026177 -0.029221 -0.032189 -0.035031 -0.037767 -0.040367 -0.042816 -0.045087 -0.047151 -0.048980 -0.050547 -0.051812 -0.052734 -0.053297 -0.053437 -0.053130 -0.052298 -0.050894 -0.048836 -0.046154 -0.041808 -0.038623 -0.033403 -0.027727 -0.021002 -0.014600 -0.003660 0.003658 0.000000 0.000000 0.000000 0.000000 0.000000 0.000000 0.000000 0.000000 0.000000 0.000000 0.000000 0.000000 0.000000 0.000000
-0.002383 -0.003245 -0.009521 -0.009921 -0.013476 -0.016568 -0.020134 -0.023172 -0.026492 -0.029540 -0.032585 -0.035491 -0.038303 -0.040976 -0.043506 -0.045864 -0.048027 -0.049970 -0.051661 -0.053068 -0.054150 -0.054864 -0.055166 -0.055008 -0.054318 -0.053072 -0.051124 -0.048581 -0.044117 -0.041113 -0.033563 -0.028312 -0.021475 -0.020429 -0.008117 -0.003001 0.000000 0.000000 0.000000 0.000000 0.000000 0.000000 0.000000 0.000000 0.000000 0.000000 0.000000 0.000000 0.000000 0.000000
-0.000535 -0.005605 -0.009707 -0.009978 -0.013671 -0.016570 -0.020170 -0.023175 -0.026496 -0.029535 -0.032580 -0.035487 -0.038300 -0.040977 -0.043509 -0.045871 -0.048040 -0.049991 -0.051690 -0.053108 -0.054206 -0.054928 -0.055238 -0.055084 -0.054391 -0.053152 -0.051194 -0.048684 -0.047208 -0.041246 -0.035553 -0.030672 -0.023088 -0.022684 -0.009339 -0.001384 0.000000 0.000000 0.000000 0.000000 0.000000 0.000000 0.000000 0.000000 0.000000 0.000000 0.000000 0.000000 0.000000 0.000000
-0.001181 -0.002887 -0.009812 -0.010114 -0.013574 -0.016917 -0.020333 -0.023564 -0.026840 -0.029956 -0.033051 -0.036029 -0.038919 -0.041684 -0.044316 -0.046789 -0.049080 -0.051164 -0.053011 -0.054585 -0.055850 -0.056766 -0.057279 -0.057344 -0.056884 -0.055813 -0.054116 -0.051707 -0.051334 -0.044269 -0.038945 -0.032971 -0.025470 -0.019107 -0.004112 -0.001922 0.000000 0.000000 0.000000 0.000000 0.000000 0.000000 0.000000 0.000000 0.000000 0.000000 0.000000 0.000000 0.000000 0.000000
0.004289 -0.002896 -0.009891 -0.010210 -0.016440 -0.020310 -0.023886 -0.023975 -0.027459 -0.030821 -0.034116 -0.037311 -0.040420 -0.043422 -0.046311 -0.049067 -0.051674 -0.054109 -0.056345 -0.058352 -0.060096 -0.061534 -0.062620 -0.063289 -0.063365 -0.059287 -0.061824 -0.055696 -0.056573 -0.048589 -0.042875 -0.037249 -0.028582 -0.026138 -0.004765 -0.002226 0.000000 0.000000 0.000000 0.000000 0.000000 0.000000 0.000000 0.000000 0.000000 0.000000 0.000000 0.000000 0.000000 0.000000
-0.003782 -0.006636 -0.010041 -0.010396 -0.014164 -0.017418 -0.020992 -0.024306 -0.027715 -0.030992 -0.034258 -0.037429 -0.040533 -0.043537 -0.046435 -0.049206 -0.051831 -0.054287 -0.056547 -0.058578 -0.060347 -0.061813 -0.062918 -0.063605 -0.063803 -0.063383 -0.062342 -0.060488 -0.057600 -0.053788 -0.048278 -0.041999 -0.032879 -0.029979 -0.005742 -0.002476 0.000000 0.000000 0.000000 0.000000 0.000000 0.000000 0.000000 0.000000 0.000000 0.000000 0.000000 0.000000 0.000000 0.000000
-0.000888 -0.002544 -0.010180 -0.010547 -0.014408 -0.017721 -0.021357 -0.024747 -0.028235 -0.031605 -0.034972 -0.038257 -0.041488 -0.044635 -0.047694 -0.050645 -0.053473 -0.056157 -0.058672 -0.060989 -0.063076 -0.064893 -0.066386 -0.067493 -0.068146 -0.068210 -0.067661 -0.066268 -0.062897 -0.060309 -0.055007 -0.048595 -0.038504 -0.030053 -0.007169 -0.003157 0.000000 0.000000 0.000000 0.000000 0.000000 0.000000 0.000000 0.000000 0.000000 0.000000 0.000000 0.000000 0.000000 0.000000
-0.004316 -0.005194 -0.009117 -0.013190 -0.017287 -0.021341 -0.024764 -0.025097 -0.028781 -0.032261 -0.035738 -0.039147 -0.042517 -0.045820 -0.049054 -0.052202 -0.055253 -0.058187 -0.060986 -0.063622 -0.066065 -0.068283 -0.070199 -0.071844 -0.073001 -0.073667 -0.073610 -0.072568 -0.070689 -0.068359 -0.063460 -0.057135 -0.046448 -0.032953 -0.028408 -0.000349 0.000000 0.000000 0.000000 0.000000 0.000000 0.000000 0.000000 0.000000 0.000000 0.000000 0.000000 0.000000 0.000000 0.000000
-0.003940 -0.001854 -0.010532 -0.010899 -0.014914 -0.018343 -0.022152 -0.025705 -0.029382 -0.032955 -0.036565 -0.040085 -0.043585 -0.047035 -0.050459 -0.053795 -0.057061 -0.060250 -0.063354 -0.066355 -0.069228 -0.071937 -0.074438 -0.076661 -0.078463 -0.079833 -0.080791 -0.080901 -0.079797 -0.077998 -0.074119 -0.067911 -0.057009 -0.046543 -0.019868 -0.003314 0.000000 0.000000 0.000000 0.000000 0.000000 0.000000 0.000000 0.000000 0.000000 0.000000 0.000000 0.000000 0.000000 0.000000
-0.009754 -0.005834 -0.009679 -0.013714 -0.017688 -0.021715 -0.025715 -0.025889 -0.029674 -0.033532 -0.037339 -0.041071 -0.044774 -0.048388 -0.052007 -0.055593 -0.059138 -0.062634 -0.066071 -0.069434 -0.072704 -0.075860 -0.078884 -0.081722 -0.084332 -0.086590 -0.088531 -0.089813 -0.090297 -0.089707 -0.087244 -0.082747 -0.072622 -0.060365 -0.032670 -0.029141 0.000000 0.000000 0.000000 0.000000 0.000000 0.000000 0.000000 0.000000 0.000000 0.000000 0.000000 0.000000 0.000000 0.000000
-0.000081 -0.001301 -0.010136 -0.014119 -0.018151 -0.022180 -0.026214 -0.026413 -0.030244 -0.034222 -0.038156 -0.042050 -0.045914 -0.049761 -0.053548 -0.057364 -0.061173 -0.064969 -0.068749 -0.072506 -0.076232 -0.079906 -0.083535 -0.087083 -0.090524 -0.093780 -0.096863 -0.099517 -0.101833 -0.103038 -0.103173 -0.100958 -0.092885 -0.085621 -0.079210 -0.042553 0.000000 0.000000 0.000000 0.000000 0.000000 0.000000 0.000000 0.000000 0.000000 0.000000 0.000000 0.000000 0.000000 0.000000
0.002164 -0.008681 -0.011085 -0.011428 -0.015737 -0.019352 -0.023434 -0.027248 -0.031232 -0.035139 -0.039108 -0.043069 -0.047060 -0.051065 -0.055094 -0.059144 -0.063219 -0.067321 -0.071450 -0.075609 -0.079801 -0.084021 -0.088273 -0.092563 -0.096895 -0.101251 -0.105574 -0.109916 -0.114619 -0.118285 -0.121067 -0.124592 -0.123103 -0.126273 -0.101362 -0.033819 0.000000 0.000000 0.000000 0.000000 0.000000 0.000000 0.000000 0.000000 0.000000 0.000000 0.000000 0.000000 0.000000 0.000000
-0.006292 -0.008966 -0.011257 -0.011600 -0.015999 -0.019679 -0.023851 -0.027752 -0.031837 -0.035855 -0.039949 -0.044050 -0.048199 -0.052384 -0.056617 -0.060899 -0.065240 -0.069645 -0.074122 -0.078683 -0.083337 -0.088101 -0.092983 -0.098015 -0.103242 -0.108699 -0.114353 -0.120411 -0.127236 -0.134163 -0.141374 -0.151895 -0.159995 -0.184258 -0.268836 -0.012177 -0.492568 -0.401076 -0.440753 -0.399517 -0.448520 -0.412999 -0.467867 -0.434286 -0.518184 -0.466040 -0.459370 -0.516524 -0.512851 -0.536225
-0.000076 -0.009295 -0.011419 -0.011769 -0.016247 -0.019992 -0.024249 -0.028234 -0.032417 -0.036542 -0.040757 -0.044994 -0.049298 -0.053657 -0.058088 -0.062597 -0.067195 -0.071895 -0.076711 -0.081660 -0.086764 -0.092048 -0.097546 -0.103291 -0.109367 -0.115882 -0.122793 -0.130457 -0.139348 -0.149086 -0.160169 -0.176928 -0.193847 -0.231597 -0.312999 -0.394962 -0.403333 -0.410607 -0.402591 -0.409682 -0.422266 -0.433870 -0.447386 -0.455719 -0.472033 -0.469858 -0.490411 -0.475284 -0.493959 -0.506883
0.001834 -0.009544 -0.011571 -0.011925 -0.016478 -0.020284 -0.024620 -0.028685 -0.032961 -0.037186 -0.041517 -0.045883 -0.050334 -0.054859 -0.059480 -0.064204 -0.069048 -0.074028 -0.079164 -0.084480 -0.090006 -0.095777 -0.101839 -0.108242 -0.115072 -0.122501 -0.130478 -0.139377 -0.149508 -0.161087 -0.174691 -0.192222 -0.213173 -0.245265 -0.283880 -0.331724 -0.357733 -0.367364 -0.367711 -0.380849 -0.387714 -0.402431 -0.406507 -0.430692 -0.431825 -0.415167 -0.473793 -0.475323 -0.451621 -0.343382
0.001946 -0.009792 -0.011709 -0.012065 -0.016689 -0.020550 -0.024958 -0.029095 -0.033457 -0.037776 -0.042214 -0.046701 -0.051288 -0.055969 -0.060766 -0.065690 -0.070763 -0.076002 -0.081434 -0.087088 -0.092998 -0.099209 -0.105773 -0.112759 -0.120248 -0.128436 -0.137279 -0.147178 -0.158465 -0.171186 -0.186022 -0.204314 -0.224588 -0.252733 -0.289220 -0.320472 -0.347473 -0.356399 -0.366900 -0.379096 -0.388034 -0.400770 -0.407070 -0.420415 -0.421084 -0.455820 -0.428401 -0.467766 -0.496671 -0.507886
0.002044 -0.010043 -0.011832 -0.012188 -0.016872 -0.020782 -0.025255 -0.029457 -0.033895 -0.038300 -0.042833 -0.047430 -0.052141 -0.056964 -0.061921 -0.067028 -0.072308 -0.077782 -0.083480 -0.089434 -0.095684 -0.102278 -0.109273 -0.116740 -0.124772 -0.133546 -0.142995 -0.153535 -0.165438 -0.178650 -0.193831 -0.211531 -0.231502 -0.255020 -0.281745 -0.307954 -0.328238 -0.347247 -0.362057 -0.374006 -0.387198 -0.398839 -0.409355 -0.431206 -0.427398 -0.464825 -0.437722 -0.463271 -0.501327 -0.514405
0.006041 -0.010292 -0.011936 -0.012293 -0.017024 -0.020977 -0.025504 -0.029762 -0.034267 -0.038744 -0.043363 -0.048056 -0.052878 -0.057825 -0.062925 -0.068193 -0.073655 -0.079336 -0.085266 -0.091481 -0.098022 -0.104939 -0.112292 -0.120150 -0.128603 -0.137846 -0.147733 -0.158698 -0.170999 -0.184445 -0.199683 -0.216835 -0.236089 -0.257263 -0.280328 -0.302777 -0.322753 -0.338803 -0.352863 -0.367874 -0.379357 -0.395332 -0.403432 -0.426037 -0.424528 -0.465320 -0.450609 -0.435879 -0.531869 -0.514827
-0.000026 -0.011670 -0.012018 -0.012373 -0.017141 -0.021128 -0.025699 -0.030003 -0.034562 -0.039101 -0.043791 -0.048565 -0.053481 -0.058535 -0.063757 -0.069164 -0.074782 -0.080638 -0.086765 -0.093197 -0.099979 -0.107159 -0.114795 -0.122953 -0.131716 -0.141265 -0.151438 -0.162620 -0.174888 -0.188355 -0.203206 -0.219483 -0.237224 -0.256256 -0.276309 -0.296255 -0.314694 -0.332186 -0.347922 -0.363094 -0.376960 -0.393227 -0.403753 -0.427371 -0.425541 -0.462757 -0.445723 -0.444162 -0.533989 -0.501034
0.000133 -0.000840 -0.012074 -0.012424 -0.017217 -0.021230 -0.025833 -0.030171 -0.034771 -0.039358 -0.044105 -0.048946 -0.053937 -0.059079 -0.064401 -0.069922 -0.075668 -0.081668 -0.087953 -0.094636 -0.101612 -0.109001 -0.116856 -0.125240 -0.134229 -0.143894 -0.154350 -0.165645 -0.177827 -0.191267 -0.205782 -0.221434 -0.238155 -0.255901 -0.274345 -0.292669 -0.310124 -0.326789 -0.341668 -0.358286 -0.371036 -0.388875 -0.398164 -0.423246 -0.420072 -0.461062 -0.441908 -0.437469 -0.532584 -0.516627
0.002408 0.001143 -0.012101 -0.012444 -0.017253 -0.021278 -0.025901 -0.030260 -0.034889 -0.039510 -0.044298 -0.049187 -0.054236 -0.059445 -0.064845 -0.070453 -0.076299 -0.082410 -0.088818 -0.095560 -0.102675 -0.110208 -0.118211 -0.126738 -0.135852 -0.145726 -0.156118 -0.167408 -0.179608 -0.192662 -0.206726 -0.221718 -0.237620 -0.254232 -0.271326 -0.288555 -0.305353 -0.321970 -0.337732 -0.353588 -0.368179 -0.386360 -0.397521 -0.425493 -0.424269 -0.466737 -0.450886 -0.439058 -0.518093 -0.415646
0.002485 -0.011178 -0.012093 -0.012429 -0.017242 -0.021268 -0.025898 -0.030265 -0.034909 -0.039548 -0.044361 -0.049281 -0.054368 -0.059623 -0.065076 -0.070747 -0.076663 -0.082853 -0.089347 -0.096181 -0.103394 -0.111026 -0.119124 -0.127738 -0.136922 -0.146844 -0.157226 -0.168456 -0.180626 -0.193320 -0.207008 -0.221497 -0.236746 -0.252588 -0.268848 -0.285267 -0.301488 -0.317611 -0.333091 -0.348851 -0.363307 -0.380581 -0.391685 -0.414057 -0.413078 -0.451031 -0.438735 -0.438199 -0.515252 -0.513413
0.000679 -0.011362 -0.012045 -0.012379 -0.017181 -0.021195 -0.025820 -0.030181 -0.034824 -0.039466 -0.044287 -0.049220 -0.054325 -0.059604 -0.065087 -0.070794 -0.076752 -0.082989 -0.089535 -0.096424 -0.103691 -0.111376 -0.119520 -0.128167 -0.137364 -0.147271 -0.157594 -0.168712 -0.180551 -0.193120 -0.206433 -0.220443 -0.235107 -0.250306 -0.265898 -0.281758 -0.297611 -0.313602 -0.329263 -0.345367 -0.360649 -0.378230 -0.391069 -0.417654 -0.417294 -0.455199 -0.441537 -0.439104 -0.514784 -0.406705
0.000402 -0.011516 -0.011959 -0.012288 -0.017069 -0.021058 -0.025663 -0.030005 -0.034632 -0.039261 -0.044072 -0.048998 -0.054102 -0.059383 -0.064872 -0.070589 -0.076561 -0.082814 -0.089379 -0.096286 -0.103569 -0.111265 -0.119411 -0.128047 -0.137212 -0.147062 -0.157285 -0.168262 -0.180051 -0.192215 -0.205200 -0.218821 -0.233036 -0.247759 -0.262876 -0.278305 -0.293834 -0.309591 -0.325152 -0.341216 -0.356557 -0.373198 -0.386990 -0.409297 -0.413363 -0.451094 -0.440753 -0.440245 -0.509685 -0.509377
0.001001 -0.011660 -0.011833 -0.012159 -0.016906 -0.020855 -0.025425 -0.029733 -0.034328 -0.038927 -0.043711 -0.048613 -0.053694 -0.058956 -0.064428 -0.070129 -0.076088 -0.082328 -0.088879 -0.095770 -0.103034 -0.110704 -0.118813 -0.127397 -0.136491 -0.146247 -0.156342 -0.167154 -0.178734 -0.190642 -0.203320 -0.216593 -0.230423 -0.244751 -0.259492 -0.274604 -0.289914 -0.305568 -0.321157 -0.337364 -0.352989 -0.370288 -0.384632 -0.408087 -0.412805 -0.450891 -0.444310 -0.440541 -0.510112 -0.500900
-0.009633 -0.011785 -0.011672 -0.011991 -0.016689 -0.020585 -0.025106 -0.029364 -0.033912 -0.038464 -0.043202 -0.048060 -0.053099 -0.058319 -0.063751 -0.069413 -0.075331 -0.081530 -0.088038 -0.094882 -0.102093 -0.109702 -0.117740 -0.126239 -0.135229 -0.144863 -0.154803 -0.165434 -0.176800 -0.188461 -0.200859 -0.213828 -0.227338 -0.241351 -0.255797 -0.270661 -0.285793 -0.301344 -0.316919 -0.333166 -0.348964 -0.365806 -0.380780 -0.401960 -0.407226 -0.440227 -0.435162 -0.441675 -0.510614 -0.404076
-0.001277 -0.011883 -0.011476 -0.011785 -0.016420 -0.020249 -0.024704 -0.028897 -0.033380 -0.037869 -0.042544 -0.047339 -0.052316 -0.057473 -0.062842 -0.068440 -0.074292 -0.080423 -0.086859 -0.093627 -0.100755 -0.108271 -0.116206 -0.124589 -0.133447 -0.142930 -0.152696 -0.163131 -0.174283 -0.185694 -0.197829 -0.210521 -0.223750 -0.237493 -0.251698 -0.266369 -0.281374 -0.296876 -0.312495 -0.328857 -0.344914 -0.362226 -0.377671 -0.400056 -0.406998 -0.443293 -0.438207 -0.440714 -0.512148 -0.402995
0.001884 -0.011955 -0.011242 -0.011540 -0.016096 -0.019844 -0.024219 -0.028331 -0.032734 -0.037142 -0.041736 -0.046450 -0.051344 -0.056418 -0.061701 -0.067212 -0.072974 -0.079011 -0.085348 -0.092011 -0.099027 -0.106422 -0.114226 -0.122464 -0.131163 -0.140473 -0.150045 -0.160270 -0.171194 -0.182364 -0.194246 -0.206681 -0.219658 -0.233166 -0.247166 -0.261679 -0.276584 -0.292056 -0.307718 -0.324192 -0.340468 -0.357880 -0.373771 -0.393907 -0.402468 -0.436226 -0.433762 -0.441368 -0.512243 -0.401322
0.002933 -0.013722 -0.010972 -0.011254 -0.015717 -0.019372 -0.023651 -0.027668 -0.031974 -0.036285 -0.040780 -0.045394 -0.050186 -0.055156 -0.060332 -0.065733 -0.071381 -0.077299 -0.083511 -0.090043 -0.096919 -0.104166 -0.111810 -0.119877 -0.128393 -0.137505 -0.146866 -0.156867 -0.167556 -0.178480 -0.190111 -0.202299 -0.215039 -0.228333 -0.242151 -0.256529 -0.271354 -0.286820 -0.302542 -0.319177 -0.335604 -0.353586 -0.369448 -0.390265 -0.399566 -0.434769 -0.432458 -0.440171 -0.510829 -0.500012
0.001503 -0.012043 -0.010664 -0.010929 -0.015284 -0.018832 -0.023000 -0.026907 -0.031100 -0.035298 -0.039676 -0.044172 -0.048843 -0.053689 -0.058737 -0.064006 -0.069517 -0.075292 -0.081355 -0.087729 -0.094440 -0.101513 -0.108972 -0.116843 -0.125151 -0.134042 -0.143174 -0.152934 -0.163371 -0.174044 -0.185423 -0.197365 -0.209874 -0.222962 -0.236609 -0.250862 -0.265619 -0.281087 -0.296875 -0.313669 -0.330316 -0.348496 -0.364828 -0.385008 -0.395460 -0.429323 -0.427350 -0.439960 -0.509738 -0.507363
0.001622 -0.012068 -0.010319 -0.010564 -0.014797 -0.018225 -0.022268 -0.026051 -0.030115 -0.034183 -0.038428 -0.042788 -0.047319 -0.052021 -0.056922 -0.062036 -0.067388 -0.072997 -0.078886 -0.085080 -0.091600 -0.098473 -0.105722 -0.113372 -0.121447 -0.130095 -0.138976 -0.148477 -0.158646 -0.169057 -0.180174 -0.191864 -0.204138 -0.217018 -0.230493 -0.244623 -0.259314 -0.274791 -0.290652 -0.307661 -0.324513 -0.343473 -0.359909 -0.382754 -0.392717 -0.431818 -0.429021 -0.437658 -0.507077 -0.401935
-0.024229 -0.012105 -0.009936 -0.010167 -0.014256 -0.017555 -0.021455 -0.025100 -0.029020 -0.032943 -0.037038 -0.041245 -0.045618 -0.050158 -0.054890 -0.059830 -0.065001 -0.070422 -0.076115 -0.082102 -0.088408 -0.095056 -0.102070 -0.109474 -0.117294 -0.125672 -0.134282 -0.143502 -0.153375 -0.163514 -0.174352 -0.185776 -0.197802 -0.210463 -0.223756 -0.237755 -0.252369 -0.267846 -0.283766 -0.300954 -0.317966 -0.337304 -0.353861 -0.375852 -0.386717 -0.423596 -0.421900 -0.435451 -0.505070 -0.503495
-0.012736 -0.012080 -0.009519 -0.009728 -0.013665 -0.016821 -0.020565 -0.024059 -0.027818 -0.031581 -0.035510 -0.039548 -0.043745 -0.048104 -0.052649 -0.057395 -0.062363 -0.067574 -0.073048 -0.078807 -0.084874 -0.091273 -0.098027 -0.105160 -0.112698 -0.120668 -0.129096 -0.138011 -0.147557 -0.157409 -0.167946 -0.179081 -0.190839 -0.203260 -0.216351 -0.230197 -0.244714 -0.260175 -0.276140 -0.293496 -0.310733 -0.330299 -0.347558 -0.370708 -0.382145 -0.421380 -0.419776 -0.432686 -0.503391 -0.496849
0.005396 -0.012103 -0.009068 -0.009262 -0.013023 -0.016029 -0.019599 -0.022931 -0.026514 -0.030103 -0.033850 -0.037701 -0.041706 -0.045866 -0.050205 -0.054737 -0.059484 -0.064463 -0.069696 -0.075204 -0.081009 -0.087135 -0.093604 -0.100441 -0.107672 -0.115323 -0.123425 -0.132008 -0.141190 -0.150735 -0.160943 -0.171761 -0.183221 -0.195372 -0.208230 -0.221897 -0.236291 -0.251724 -0.267711 -0.285336 -0.302632 -0.323393 -0.340180 -0.364438 -0.376426 -0.417853 -0.415961 -0.429190 -0.503136 -0.398166
-0.001271 0.005834 -0.008584 -0.008760 -0.012335 -0.015181 -0.018562 -0.021720 -0.025112 -0.028513 -0.032061 -0.035711 -0.039507 -0.043451 -0.047566 -0.051866 -0.056371 -0.061098 -0.066069 -0.071303 -0.076823 -0.082652 -0.088811 -0.095326 -0.102222 -0.109527 -0.117274 -0.125494 -0.134263 -0.143486 -0.153330 -0.163792 -0.174915 -0.186755 -0.199335 -0.212776 -0.226994 -0.242339 -0.258297 -0.275982 -0.293598 -0.313577 -0.331956 -0.357019 -0.369605 -0.412570 -0.411272 -0.424871 -0.506646 -0.417751
0.001215 0.006225 -0.008076 -0.008235 -0.011606 -0.014283 -0.017457 -0.020432 -0.023616 -0.026817 -0.030152 -0.033586 -0.037156 -0.040868 -0.044741 -0.048791 -0.053035 -0.057491 -0.062179 -0.067118 -0.072331 -0.077838 -0.083664 -0.089830 -0.096364 -0.103293 -0.110652 -0.118477 -0.126772 -0.135661 -0.145100 -0.155166 -0.165904 -0.177386 -0.189639 -0.202807 -0.216797 -0.232045 -0.247883 -0.265945 -0.283062 -0.305601 -0.322311 -0.349876 -0.361707 -0.408095 -0.406190 -0.420254 -0.505678 -0.499162
0.002955 -0.005591 -0.007529 -0.007666 -0.010831 -0.013338 -0.016287 -0.019073 -0.022032 -0.025021 -0.028127 -0.031330 -0.034660 -0.038124 -0.041739 -0.045521 -0.049486 -0.053651 -0.058035 -0.062659 -0.067541 -0.072704 -0.078169 -0.083961 -0.090102 -0.096624 -0.103563 -0.110954 -0.118716 -0.127247 -0.136233 -0.145848 -0.156142 -0.167199 -0.179049 -0.191865 -0.205539 -0.220561 -0.236253 -0.254065 -0.271917 -0.291493 -0.311444 -0.338516 -0.353173 -0.400277 -0.399410 -0.414932 -0.466469 -0.514898
0.009479 0.006790 -0.006986 -0.007122 -0.010029 -0.012363 -0.015061 -0.017650 -0.020367 -0.023130 -0.025997 -0.028956 -0.032031 -0.035232 -0.038574 -0.042072 -0.045741 -0.049597 -0.053660 -0.057947 -0.062478 -0.067275 -0.072358 -0.077750 -0.083473 -0.089557 -0.096041 -0.102964 -0.110052 -0.118280 -0.126763 -0.135874 -0.145452 -0.156233 -0.167610 -0.180008 -0.193277 -0.208089 -0.223407 -0.241787 -0.257877 -0.283009 -0.299376 -0.332839 -0.340983 -0.393964 -0.391591 -0.408315 -0.500731 -0.414667
-0.000051 -0.004698 -0.006376 -0.006564 -0.009154 -0.011365 -0.013771 -0.016174 -0.018626 -0.021154 -0.023765 -0.026467 -0.029272 -0.032196 -0.035249 -0.038447 -0.041803 -0.045332 -0.049054 -0.052984 -0.057142 -0.061548 -0.066223 -0.071185 -0.076456 -0.082067 -0.088056 -0.094466 -0.100846 -0.108701 -0.116614 -0.125152 -0.134346 -0.144338 -0.155118 -0.166984 -0.179705 -0.194103 -0.209001 -0.225944 -0.244030 -0.263345 -0.284000 -0.310988 -0.330234 -0.379257 -0.384422 -0.400086 -0.472233 -0.505193
-0.004447 0.007261 -0.005872 -0.006095 -0.008331 -0.010349 -0.012460 -0.014643 -0.016824 -0.019081 -0.021453 -0.023881 -0.026410 -0.029046 -0.031798 -0.034682 -0.037709 -0.040892 -0.044259 -0.047814 -0.051579 -0.055577 -0.059821 -0.064334 -0.069131 -0.074241 -0.079707 -0.085574 -0.090963 -0.098647 -0.105951 -0.113860 -0.122417 -0.131759 -0.141887 -0.153117 -0.165132 -0.179123 -0.192695 -0.211557 -0.225954 -0.253336 -0.268491 -0.308139 -0.313572 -0.374453 -0.371289 -0.392625 -0.489678 -0.506139
0.001918 0.008024 -0.005200 -0.005607 -0.007364 -0.009389 -0.011059 -0.013069 -0.014940 -0.016914 -0.019041 -0.021175 -0.023409 -0.025739 -0.028170 -0.030720 -0.033402 -0.036217 -0.039218 -0.042375 -0.045735 -0.049304 -0.053096 -0.057127 -0.061412 -0.065976 -0.070865 -0.076123 -0.081087 -0.087869 -0.094418 -0.101547 -0.109348 -0.117795 -0.127158 -0.137418 -0.148823 -0.161373 -0.175401 -0.190405 -0.208207 -0.227038 -0.247772 -0.275245 -0.294422 -0.344919 -0.361430 -0.380627 -0.475327 -0.509360
0.004224 0.007961 -0.004933 -0.005435 -0.006378 -0.008235 -0.009502 -0.011297 -0.012816 -0.014502 -0.016390 -0.018232 -0.020139 -0.022150 -0.024229 -0.026423 -0.028724 -0.031138 -0.033724 -0.036449 -0.039337 -0.042428 -0.045688 -0.049183 -0.052881 -0.056859 -0.061099 -0.065735 -0.080729 -0.076162 -0.081842 -0.088587 -0.095388 -0.103454 -0.111664 -0.121596 -0.131330 -0.144331 -0.155097 -0.173704 -0.185671 -0.213810 -0.227011 -0.270416 -0.281625 -0.349126 -0.343579 -0.365425 -0.468432 -0.420573
0.005660 -0.012245 -0.004092 -0.003061 -0.005159 -0.007215 -0.007931 -0.010340 -0.010736 -0.013140 -0.013915 -0.015694 -0.017025 -0.018793 -0.020476 -0.022335 -0.024299 -0.026194 -0.028483 -0.030769 -0.033243 -0.035931 -0.038677 -0.041626 -0.044766 -0.048167 -0.051805 -0.055779 -0.069676 -0.064882 -0.069557 -0.075785 -0.081271 -0.087992 -0.095467 -0.103195 -0.112686 -0.122208 -0.134473 -0.146969 -0.163011 -0.180436 -0.199570 -0.227232 -0.247699 -0.300658 -0.315949 -0.342334 -0.459541 -0.419350
0.006945 0.008042 -0.004858 -0.003387 -0.004919 -0.005658 -0.007064 -0.007693 -0.009222 -0.009942 -0.011239 -0.012241 -0.013604 -0.014885 -0.016342 -0.017790 -0.019384 -0.020976 -0.022897 -0.024583 -0.026796 -0.028671 -0.031146 -0.033305 -0.036169 -0.038654 -0.042024 -0.044836 -0.058486 -0.052114 -0.056620 -0.061556 -0.065768 -0.072565 -0.077308 -0.086113 -0.091776 -0.103516 -0.110588 -0.126382 -0.136021 -0.161651 -0.171510 -0.213797 -0.224268 -0.292305 -0.300131 -0.314094 -0.441016 -0.419106
-0.009371 0.012743 -0.004400 -0.001276 -0.002653 -0.004945 -0.004943 -0.006232 -0.006605 -0.007412 -0.008230 -0.009205 -0.010259 -0.011200 -0.012285 -0.013386 -0.014569 -0.015822 -0.017244 -0.018524 -0.020174 -0.021588 -0.023414 -0.025117 -0.027273 -0.029173 -0.031598 -0.033867 -0.046302 -0.039371 -0.043248 -0.046018 -0.050135 -0.054333 -0.058949 -0.064993 -0.070331 -0.079347 -0.085277 -0.098210 -0.106897 -0.123726 -0.136914 -0.165197 -0.181902 -0.236889 -0.259005 -0.293069 -0.430968 -0.511492
0.008352 0.009544 -0.003942 -0.003466 -0.002249 -0.004598 -0.004705 -0.005903 -0.006533 -0.007434 -0.008254 -0.009163 -0.010093 -0.011108 -0.012141 -0.013250 -0.014407 -0.015670 -0.016979 -0.018371 -0.019845 -0.021419 -0.023113 -0.024949 -0.026888 -0.028972 -0.031180 -0.033614 -0.033950 -0.039087 -0.042261 -0.045627 -0.049562 -0.053780 -0.058617 -0.064058 -0.070090 -0.077639 -0.085461 -0.096374 -0.107478 -0.125537 -0.137561 -0.173159 -0.183642 -0.246621 -0.239737 -0.269963 -0.386346 -0.514606
0.004282 0.007817 -0.010248 -0.010830 -0.011315 -0.011973 0.007350 -0.012908 -0.013305 0.006486 0.006128 -0.015124 -0.015731 0.005322 0.005002 0.004661 0.004306 0.004064 0.003708 0.003413 0.003031 0.002617 0.002132 0.001686 0.001135 0.000544 -0.000149 -0.000794 -0.001616 -0.002470 -0.003394 -0.004630 -0.041124 -0.007382 -0.009158 -0.011105 -0.053891 -0.013712 -0.062605 -0.069155 -0.074742 -0.083086 -0.095475 -0.107297 -0.131504 -0.150262 -0.123566 -0.237879 -0.350534 -0.497897
0.011867 0.000205 0.001941 0.003498 -0.001138 -0.001171 0.003272 -0.001402 0.002399 0.002001 -0.002275 0.003688 -0.005608 0.000480 -0.001574 -0.001764 0.002271 -0.002886 0.002358 0.009206 0.001783 -0.008750 -0.002895 -0.003115 -0.009182 -0.003612 -0.002256 -0.004208 -0.004565 -0.004954 -0.000681 -0.001179 -0.006256 -0.007790 -0.018773 -0.004573 -0.006778 -0.007721 -0.008950 -0.010230 -0.012287 -0.023964 -0.024902 -0.021848 -0.046107 -0.047995 -0.071194 -0.080191 -0.255919 -0.285699
