-0.031776 0.008434 0.008432 0.003185 -0.002928 0.007664 0.028005 0.010612 0.016175 0.027671 0.007862 0.008825 -0.006752 -0.000267 0.021377 0.019476 -0.012337 0.004889 -0.000926 0.007954 -0.003259 0.012146 -0.004554 0.004412 0.004080 0.001049 -0.021696 0.005121 -0.001558 0.007708 -0.014143 0.004963 -0.004207 0.001688 0.005112 0.004180 0.004473 -0.003778 0.002679 0.002648 0.002163 0.000524 0.001132 -0.000208 0.000952 0.000221 0.000188 0.000245 -0.000001 0.000217
-0.006295 -0.002553 0.034136 0.022878 0.009228 0.025026 0.018131 -0.005869 0.036379 0.036548 0.025074 0.025646 0.001791 0.001542 0.002503 0.003250 0.003509 0.004456 0.006354 0.005970 0.012258 0.012310 0.032929 0.008945 0.028151 0.027242 0.009625 0.011230 0.012730 0.010209 0.009573 0.008403 0.006981 0.006520 0.006234 0.005069 0.008763 0.004284 0.006354 0.005281 0.004407 0.003649 0.001877 0.002509 0.002134 0.001793 0.001146 0.001264 0.001092 0.001159
0.007084 0.006843 0.037054 0.051944 0.051801 0.037362 0.041503 0.039137 0.040510 0.040663 0.041723 0.042341 0.043276 0.043964 0.044688 0.045333 0.045702 0.046161 0.046329 0.046404 0.046309 0.046007 0.045368 0.044619 0.043500 0.042148 0.040462 0.038519 0.036250 0.033660 0.030915 0.027956 0.024943 0.021993 0.019150 0.016505 0.014128 0.011991 0.010125 0.008527 0.007113 0.006004 0.004963 0.004237 0.003529 0.003095 0.002983 0.002685 0.002273 0.001779
0.001051 0.065639 0.040752 0.024961 0.045580 0.034112 0.038773 0.037567 0.039685 0.041186 0.042217 0.043182 0.044231 0.045037 0.045753 0.046418 0.046776 0.047301 0.047394 0.047577 0.047511 0.047250 0.046557 0.045858 0.044781 0.043449 0.041718 0.039773 0.037529 0.034816 0.031931 0.028881 0.025726 0.022662 0.019720 0.016995 0.014514 0.012308 0.010369 0.008698 0.007273 0.006095 0.005080 0.004310 0.003629 0.003170 0.002749 0.003443 0.003050 0.002714
-0.016018 0.016886 0.043228 0.034306 0.051486 0.047310 0.053087 0.053159 0.055903 0.056357 0.058622 0.059519 0.060624 0.061793 0.062838 0.064002 0.064627 0.065422 0.065684 0.065934 0.065814 0.065424 0.064656 0.063604 0.062099 0.060200 0.057857 0.055051 0.051736 0.048059 0.043968 0.039676 0.035201 0.030888 0.026723 0.022912 0.019460 0.016419 0.013773 0.011508 0.009593 0.007995 0.006678 0.005614 0.004748 0.004112 0.003592 0.003545 0.003743 0.002603
0.038247 0.068072 0.065649 0.056969 0.064482 0.060604 0.064309 0.066414 0.068960 0.070504 0.072046 0.073650 0.075228 0.076607 0.077954 0.079126 0.080043 0.080830 0.081279 0.081535 0.081426 0.080999 0.080132 0.078890 0.077131 0.074879 0.072018 0.068595 0.064494 0.059830 0.054560 0.049036 0.043251 0.037706 0.032394 0.027581 0.023263 0.019501 0.016263 0.013526 0.011216 0.009360 0.007742 0.006542 0.005470 0.004754 0.004107 0.004074 0.004151 0.002953
0.000276 0.118754 0.069275 0.073176 0.076086 0.076392 0.078615 0.079392 0.082858 0.083981 0.087117 0.089100 0.091076 0.092902 0.094546 0.096068 0.097266 0.098291 0.098925 0.099292 0.099240 0.098795 0.097859 0.096429 0.094390 0.091730 0.088306 0.084168 0.079079 0.073356 0.066549 0.059570 0.051974 0.044973 0.038240 0.032285 0.026993 0.022463 0.018594 0.015363 0.012671 0.010476 0.008697 0.007251 0.006126 0.005250 0.004560 0.004550 0.004085 0.003643
-0.000166 0.130786 0.083399 0.086644 0.086893 0.089335 0.091320 0.095201 0.096591 0.099504 0.101497 0.104064 0.106360 0.108525 0.110531 0.112318 0.113818 0.115034 0.115882 0.116370 0.116419 0.116013 0.115067 0.113549 0.111336 0.108389 0.104513 0.099732 0.093724 0.086710 0.078386 0.069618 0.060228 0.051467 0.043257 0.036063 0.029838 0.024549 0.020164 0.016510 0.013547 0.011118 0.009187 0.007625 0.006410 0.005491 0.004748 0.004724 0.004133 0.003769
0.036187 0.080434 0.095430 0.096859 0.097278 0.100121 0.104438 0.105847 0.110048 0.112307 0.116145 0.119152 0.121987 0.124679 0.127127 0.129315 0.131160 0.132669 0.133763 0.134445 0.134642 0.134333 0.131881 0.131898 0.129576 0.126430 0.122143 0.116851 0.109852 0.101868 0.091046 0.080291 0.067992 0.057505 0.047308 0.038989 0.031748 0.025874 0.020995 0.017067 0.013875 0.011334 0.009291 0.007700 0.006426 0.005496 0.004749 0.004714 0.004394 0.003460
0.028038 0.145565 0.105199 0.108169 0.109248 0.115609 0.115981 0.121907 0.123269 0.127576 0.130907 0.134341 0.137687 0.140869 0.143777 0.146369 0.148584 0.150400 0.151771 0.152679 0.153075 0.152928 0.151274 0.150718 0.148438 0.145241 0.140783 0.135025 0.127236 0.117285 0.104905 0.091174 0.075936 0.062452 0.050503 0.040655 0.032634 0.026114 0.020947 0.016827 0.013564 0.010993 0.008962 0.007380 0.006142 0.005234 0.004509 0.004475 0.004045 0.003502
0.001903 0.151306 0.117941 0.118546 0.119876 0.124525 0.127458 0.131309 0.136392 0.140544 0.145184 0.149503 0.153572 0.157390 0.160847 0.163915 0.166543 0.168714 0.170395 0.171575 0.172218 0.172298 0.171171 0.170509 0.168395 0.165378 0.160860 0.155159 0.146387 0.136339 0.119731 0.103007 0.081603 0.066049 0.051076 0.040491 0.031618 0.025035 0.019743 0.015711 0.012542 0.010089 0.008173 0.006697 0.005549 0.004718 0.004047 0.004028 0.003465 0.004200
0.028196 0.160295 0.126505 0.129063 0.128720 0.136061 0.138071 0.145000 0.149585 0.154820 0.159901 0.164966 0.169750 0.174221 0.178257 0.181827 0.184890 0.187436 0.189450 0.190930 0.191860 0.192228 0.191650 0.191083 0.189385 0.186749 0.182839 0.177251 0.168898 0.156565 0.138634 0.114508 0.087496 0.066561 0.050324 0.038048 0.029247 0.022447 0.017486 0.013692 0.010828 0.008648 0.006959 0.005676 0.004684 0.003972 0.003417 0.003365 0.002802 0.002021
0.075536 0.115522 0.137087 0.135953 0.137600 0.144133 0.148598 0.155333 0.161935 0.168362 0.174549 0.180615 0.186266 0.191485 0.196160 0.200269 0.203789 0.206723 0.209079 0.210873 0.212115 0.212814 0.212791 0.212512 0.211362 0.209513 0.206300 0.202102 0.193818 0.183897 0.159198 0.130686 0.087020 0.062496 0.043593 0.032274 0.023692 0.017967 0.013729 0.010668 0.008355 0.006615 0.005308 0.004297 0.003553 0.002995 0.002556 0.002544 0.001639 0.001456
0.036065 0.123792 0.144084 0.144707 0.146063 0.153603 0.159224 0.167403 0.174674 0.182167 0.189488 0.196615 0.203215 0.209248 0.214603 0.219272 0.223251 0.226567 0.229253 0.231353 0.232907 0.233950 0.234455 0.234609 0.234263 0.233342 0.231980 0.229285 0.224240 0.217430 0.208230 0.119544 0.047380 0.017724 0.010096 0.005777 0.015613 0.011546 0.008799 0.006749 0.005270 0.004144 0.003307 0.002588 0.002111 0.001673 0.001404 0.001002 0.001122 0.001012
0.037221 0.130700 0.151146 0.150106 0.153159 0.161500 0.168430 0.178220 0.187007 0.196050 0.204762 0.213128 0.220785 0.227693 0.233750 0.238973 0.243385 0.247048 0.250025 0.252392 0.254221 0.255585 0.256595 0.257234 0.257748 0.258108 0.258929 0.259874 0.263050 0.263031 0.301079 0.108760 0.036224 0.010748 0.002085 0.001584 0.000138 0.000885 0.000610 0.001002 0.002231 0.001768 -0.000083 -0.000236 0.000872 0.000178 0.000142 0.000109 0.000188 0.000158
0.039467 0.133038 0.156085 0.155997 0.159225 0.168466 0.177584 0.188367 0.199050 0.209874 0.220282 0.230134 0.239012 0.246892 0.253679 0.259446 0.264249 0.268200 0.271400 0.273962 0.275994 0.277603 0.278912 0.280045 0.281201 0.282636 0.284725 0.288599 0.293966 0.304519 0.361029 0.347523 0.000000 0.000000 0.000000 0.000000 0.000000 0.000000 0.000000 0.000000 0.000000 0.000000 0.000000 0.000000 0.000000 0.000000 0.000000 0.000000 0.000000 0.000000
0.069275 0.136835 0.158825 0.159854 0.163846 0.175288 0.185888 0.198890 0.211449 0.224447 0.236730 0.248241 0.258391 0.267237 0.274688 0.280905 0.285987 0.290112 0.293419 0.296062 0.298180 0.299898 0.301383 0.302715 0.304243 0.305846 0.308673 0.311493 0.318633 0.321226 0.351359 0.357100 0.000000 0.000000 0.000000 0.000000 0.000000 0.000000 0.000000 0.000000 0.000000 0.000000 0.000000 0.000000 0.000000 0.000000 0.000000 0.000000 0.000000 0.000000
0.039751 0.135288 0.161352 0.160854 0.166205 0.179290 0.191574 0.207215 0.222588 0.238642 0.253441 0.267119 0.278784 0.288717 0.296812 0.303407 0.308648 0.312816 0.316094 0.318686 0.320755 0.322453 0.323954 0.325359 0.326972 0.328735 0.331475 0.334274 0.340017 0.339763 0.370320 0.380999 0.000000 0.000000 0.000000 0.000000 0.000000 0.000000 0.000000 0.000000 0.000000 0.000000 0.000000 0.000000 0.000000 0.000000 0.000000 0.000000 0.000000 0.000000
0.063581 0.131877 0.159745 0.161033 0.167142 0.182364 0.197965 0.216330 0.235032 0.254741 0.272359 0.288334 0.301390 0.312206 0.320645 0.327340 0.332464 0.336444 0.339484 0.341843 0.343696 0.345210 0.346548 0.347822 0.349256 0.350849 0.353069 0.355421 0.359227 0.358091 0.386479 0.388138 0.000000 0.000000 0.000000 0.000000 0.000000 0.000000 0.000000 0.000000 0.000000 0.000000 0.000000 0.000000 0.000000 0.000000 0.000000 0.000000 0.000000 0.000000
0.047754 0.128130 0.157761 0.157270 0.164044 0.182393 0.197784 0.221953 0.244305 0.269813 0.291618 0.310922 0.325624 0.337404 0.346025 0.352620 0.357384 0.360955 0.363550 0.365497 0.366970 0.368147 0.369411 0.370165 0.371297 0.372522 0.374264 0.375888 0.378667 0.376143 0.403390 0.410032 0.000000 0.000000 0.000000 0.000000 0.000000 0.000000 0.000000 0.000000 0.000000 0.000000 0.000000 0.000000 0.000000 0.000000 0.000000 0.000000 0.000000 0.000000
0.035703 0.142262 0.150495 0.154550 0.159966 0.180496 0.201291 0.226298 0.257303 0.289709 0.316072 0.338661 0.354225 0.366186 0.374078 0.379926 0.383761 0.386524 0.388359 0.389662 0.390569 0.391259 0.392115 0.392446 0.393197 0.394025 0.395331 0.396474 0.398617 0.395452 0.421191 0.423862 0.000000 0.000000 0.000000 0.000000 0.000000 0.000000 0.000000 0.000000 0.000000 0.000000 0.000000 0.000000 0.000000 0.000000 0.000000 0.000000 0.000000 0.000000
0.062181 0.139290 0.141427 0.145237 0.148563 0.171522 0.190215 0.227953 0.263440 0.307505 0.341346 0.369330 0.385540 0.397358 0.404059 0.408697 0.411213 0.412870 0.413709 0.414189 0.414407 0.414454 0.414766 0.414571 0.414800 0.415110 0.415772 0.416318 0.417551 0.413636 0.439908 0.472295 0.000000 0.000000 0.000000 0.000000 0.000000 0.000000 0.000000 0.000000 0.000000 0.000000 0.000000 0.000000 0.000000 0.000000 0.000000 0.000000 0.000000 0.000000
0.038073 0.085949 0.129242 0.136464 0.132655 0.160197 0.185803 0.222013 0.276409 0.339521 0.380745 0.411506 0.425249 0.434689 0.437789 0.439987 0.440183 0.440180 0.439638 0.439059 0.438399 0.437718 0.437418 0.436638 0.436346 0.436167 0.436340 0.436451 0.437134 0.432771 0.459125 0.462456 0.000000 0.000000 0.000000 0.000000 0.000000 0.000000 0.000000 0.000000 0.000000 0.000000 0.000000 0.000000 0.000000 0.000000 0.000000 0.000000 0.000000 0.000000
-0.000044 0.075963 0.117448 0.114224 0.108921 0.134187 0.157397 0.210322 0.270256 0.361719 0.420685 0.461767 0.469896 0.474117 0.473070 0.471910 0.469497 0.467609 0.465606 0.463913 0.462623 0.460884 0.459609 0.458505 0.457621 0.456900 0.456486 0.456123 0.456180 0.451358 0.478557 0.506407 0.000000 0.000000 0.000000 0.000000 0.000000 0.000000 0.000000 0.000000 0.000000 0.000000 0.000000 0.000000 0.000000 0.000000 0.000000 0.000000 0.000000 0.000000
0.008870 0.065724 0.092102 0.101245 0.076856 0.111097 0.138036 0.189066 0.282047 0.433429 0.514343 0.539517 0.526900 0.522427 0.511920 0.505967 0.499590 0.495392 0.491665 0.488749 0.486513 0.483931 0.481947 0.480213 0.478747 0.477506 0.476598 0.475826 0.475464 0.470212 0.498001 0.518782 0.000000 0.000000 0.000000 0.000000 0.000000 0.000000 0.000000 0.000000 0.000000 0.000000 0.000000 0.000000 0.000000 0.000000 0.000000 0.000000 0.000000 0.000000
0.012817 0.045921 0.020190 0.015432 0.025663 0.039902 0.069306 0.185514 0.317987 0.555546 0.586074 0.630881 0.595645 0.568200 0.549288 0.536845 0.527786 0.521660 0.516778 0.512942 0.509955 0.506641 0.503989 0.501634 0.499576 0.497801 0.496373 0.495192 0.494384 0.488823 0.516598 0.528795 0.000000 0.000000 0.000000 0.000000 0.000000 0.000000 0.000000 0.000000 0.000000 0.000000 0.000000 0.000000 0.000000 0.000000 0.000000 0.000000 0.000000 0.000000
-0.002382 -0.023134 0.000553 0.007824 0.000925 0.039282 0.000972 0.081675 0.173740 1.252131 0.930188 0.766716 0.658645 0.616078 0.583686 0.566824 0.554555 0.547133 0.541362 0.536768 0.533143 0.529092 0.525774 0.522787 0.520133 0.517824 0.515902 0.514326 0.513135 0.507158 0.535237 0.511570 0.000000 0.000000 0.000000 0.000000 0.000000 0.000000 0.000000 0.000000 0.000000 0.000000 0.000000 0.000000 0.000000 0.000000 0.000000 0.000000 0.000000 0.000000
0.000000 0.000000 0.000000 0.000000 0.000000 0.000000 0.000000 0.000000 0.000000 0.776742 0.817899 0.758106 0.669452 0.623961 0.598453 0.582602 0.575039 0.568931 0.564031 0.559510 0.555637 0.551077 0.547169 0.543570 0.540316 0.537462 0.535043 0.533056 0.531534 0.525135 0.555301 0.586815 0.000000 0.000000 0.000000 0.000000 0.000000 0.000000 0.000000 0.000000 0.000000 0.000000 0.000000 0.000000 0.000000 0.000000 0.000000 0.000000 0.000000 0.000000
0.000000 0.000000 0.000000 0.000000 0.000000 0.000000 0.000000 0.000000 0.000000 0.729054 0.704909 0.650420 0.630879 0.606855 0.599813 0.596016 0.592938 0.590019 0.586813 0.582318 0.578140 0.572944 0.568340 0.564045 0.560131 0.556699 0.553763 0.551378 0.549500 0.542781 0.574074 0.586296 0.000000 0.000000 0.000000 0.000000 0.000000 0.000000 0.000000 0.000000 0.000000 0.000000 0.000000 0.000000 0.000000 0.000000 0.000000 0.000000 0.000000 0.000000
0.000000 0.000000 0.000000 0.000000 0.000000 0.000000 0.000000 0.000000 0.000000 0.674109 0.615870 0.580898 0.579066 0.590261 0.596123 0.603267 0.609925 0.611020 0.608943 0.604925 0.600406 0.594528 0.589146 0.584091 0.579465 0.575419 0.571945 0.569145 0.566899 0.559816 0.592095 0.623224 0.000000 0.000000 0.000000 0.000000 0.000000 0.000000 0.000000 0.000000 0.000000 0.000000 0.000000 0.000000 0.000000 0.000000 0.000000 0.000000 0.000000 0.000000
0.000000 0.000000 0.000000 0.000000 0.000000 0.000000 0.000000 0.000000 0.000000 0.544132 0.528584 0.503634 0.533181 0.558514 0.599614 0.621546 0.630779 0.634716 0.634144 0.629230 0.623429 0.616357 0.609824 0.603774 0.598303 0.593572 0.589520 0.586319 0.583665 0.576362 0.609455 0.643046 0.000000 0.000000 0.000000 0.000000 0.000000 0.000000 0.000000 0.000000 0.000000 0.000000 0.000000 0.000000 0.000000 0.000000 0.000000 0.000000 0.000000 0.000000
0.000000 0.000000 0.000000 0.000000 0.000000 0.000000 0.000000 0.000000 0.000000 0.414572 0.417026 0.417130 0.452713 0.511261 0.595541 0.640172 0.659268 0.664472 0.661513 0.654462 0.646722 0.637935 0.629995 0.622812 0.616428 0.610980 0.606349 0.602729 0.599724 0.592095 0.625787 0.632812 0.000000 0.000000 0.000000 0.000000 0.000000 0.000000 0.000000 0.000000 0.000000 0.000000 0.000000 0.000000 0.000000 0.000000 0.000000 0.000000 0.000000 0.000000
0.000000 0.000000 0.000000 0.000000 0.000000 0.000000 0.000000 0.000000 0.000000 0.259236 0.282468 0.321751 0.394142 0.498687 0.639669 0.692555 0.703032 0.702006 0.693456 0.682348 0.670843 0.659547 0.649693 0.641144 0.633732 0.627533 0.622309 0.618340 0.614911 0.607402 0.640750 0.675143 0.000000 0.000000 0.000000 0.000000 0.000000 0.000000 0.000000 0.000000 0.000000 0.000000 0.000000 0.000000 0.000000 0.000000 0.000000 0.000000 0.000000 0.000000
0.000000 0.000000 0.000000 0.000000 0.000000 0.000000 0.000000 0.000000 0.000000 0.098046 0.098475 0.145686 0.285106 0.312444 0.785724 0.780132 0.778261 0.751178 0.729388 0.709974 0.694512 0.679842 0.668106 0.658209 0.649860 0.642977 0.637237 0.632927 0.629181 0.621369 0.655242 0.689156 0.000000 0.000000 0.000000 0.000000 0.000000 0.000000 0.000000 0.000000 0.000000 0.000000 0.000000 0.000000 0.000000 0.000000 0.000000 0.000000 0.000000 0.000000
0.000000 0.000000 0.000000 0.000000 0.000000 0.000000 0.000000 0.000000 0.000000 0.007262 0.023541 0.031393 0.102579 0.352948 1.115832 0.947656 0.860209 0.803002 0.764291 0.736709 0.716112 0.698419 0.684823 0.673758 0.664596 0.657138 0.650998 0.646327 0.642483 0.633909 0.670233 0.618410 0.000000 0.000000 0.000000 0.000000 0.000000 0.000000 0.000000 0.000000 0.000000 0.000000 0.000000 0.000000 0.000000 0.000000 0.000000 0.000000 0.000000 0.000000
0.000000 0.000000 0.000000 0.000000 0.000000 0.000000 0.000000 0.000000 0.000000 0.000000 0.000000 0.000000 0.000000 0.912707 1.192604 0.982110 0.882855 0.825098 0.784266 0.753945 0.733019 0.713192 0.698869 0.687199 0.677640 0.669867 0.663471 0.658733 0.654549 0.646577 0.682666 0.691696 0.000000 0.000000 0.000000 0.000000 0.000000 0.000000 0.000000 0.000000 0.000000 0.000000 0.000000 0.000000 0.000000 0.000000 0.000000 0.000000 0.000000 0.000000
0.000000 0.000000 0.000000 0.000000 0.000000 0.000000 0.000000 0.000000 0.000000 0.000000 0.000000 0.000000 0.000000 0.989290 1.030417 0.894272 0.856845 0.817221 0.787566 0.761312 0.742708 0.723783 0.709892 0.698294 0.688773 0.680966 0.674535 0.669748 0.665527 0.657432 0.688607 0.729450 0.000000 0.000000 0.000000 0.000000 0.000000 0.000000 0.000000 0.000000 0.000000 0.000000 0.000000 0.000000 0.000000 0.000000 0.000000 0.000000 0.000000 0.000000
0.000000 0.000000 0.000000 0.000000 0.000000 0.000000 0.000000 0.000000 0.000000 0.000000 0.000000 0.000000 0.000000 0.894738 0.923932 0.862117 0.839306 0.813760 0.788335 0.766465 0.749890 0.731997 0.718777 0.707612 0.698344 0.690662 0.684367 0.679561 0.675427 0.666941 0.699335 0.739968 0.000000 0.000000 0.000000 0.000000 0.000000 0.000000 0.000000 0.000000 0.000000 0.000000 0.000000 0.000000 0.000000 0.000000 0.000000 0.000000 0.000000 0.000000
0.000000 0.000000 0.000000 0.000000 0.000000 0.000000 0.000000 0.000000 0.000000 0.000000 0.000000 0.000000 0.000000 0.911391 0.901315 0.832690 0.821883 0.802698 0.784191 0.766371 0.752861 0.736863 0.724961 0.714638 0.705962 0.698629 0.692618 0.688006 0.684061 0.675665 0.711202 0.747849 0.000000 0.000000 0.000000 0.000000 0.000000 0.000000 0.000000 0.000000 0.000000 0.000000 0.000000 0.000000 0.000000 0.000000 0.000000 0.000000 0.000000 0.000000
0.000000 0.000000 0.000000 0.000000 0.000000 0.000000 0.000000 0.000000 0.000000 0.000000 0.000000 0.000000 0.000000 0.908561 0.883154 0.814700 0.808586 0.795517 0.780459 0.766286 0.754692 0.740800 0.730122 0.720648 0.712709 0.705691 0.700170 0.695507 0.692002 0.683157 0.687542 0.690924 0.000000 0.000000 0.000000 0.000000 0.000000 0.000000 0.000000 0.000000 0.000000 0.000000 0.000000 0.000000 0.000000 0.000000 0.000000 0.000000 0.000000 0.000000
0.000000 0.000000 0.000000 0.000000 0.000000 0.000000 0.000000 0.000000 0.000000 0.000000 0.000000 0.000000 0.000000 0.838294 0.864292 0.798532 0.797147 0.786646 0.775265 0.763622 0.754766 0.742120 0.732798 0.724298 0.717129 0.710664 0.705470 0.701272 0.698075 0.689258 0.725769 0.738569 0.000000 0.000000 0.000000 0.000000 0.000000 0.000000 0.000000 0.000000 0.000000 0.000000 0.000000 0.000000 0.000000 0.000000 0.000000 0.000000 0.000000 0.000000
0.000000 0.000000 0.000000 0.000000 0.000000 0.000000 0.000000 0.000000 0.000000 0.000000 0.000000 0.000000 0.000000 0.875925 0.822050 0.788488 0.788917 0.781285 0.772198 0.762812 0.754557 0.744507 0.736393 0.728521 0.722482 0.715893 0.711848 0.706697 0.704492 0.695467 0.738221 0.679733 0.000000 0.000000 0.000000 0.000000 0.000000 0.000000 0.000000 0.000000 0.000000 0.000000 0.000000 0.000000 0.000000 0.000000 0.000000 0.000000 0.000000 0.000000
0.000000 0.000000 0.000000 0.000000 0.000000 0.000000 0.000000 0.000000 0.000000 0.000000 0.000000 0.000000 0.000000 0.805519 0.868257 0.777133 0.780749 0.773243 0.766388 0.758164 0.753205 0.742648 0.735723 0.728692 0.723272 0.717390 0.712669 0.709635 0.707006 0.698658 0.744465 0.779294 0.000000 0.000000 0.000000 0.000000 0.000000 0.000000 0.000000 0.000000 0.000000 0.000000 0.000000 0.000000 0.000000 0.000000 0.000000 0.000000 0.000000 0.000000
0.000000 0.000000 0.000000 0.000000 0.000000 0.000000 0.000000 0.000000 0.000000 0.000000 0.000000 0.000000 0.000000 0.847826 0.833600 0.773606 0.777998 0.772371 0.766823 0.759962 0.753797 0.746540 0.740471 0.732263 0.729831 0.720520 0.721528 0.713095 0.714811 0.706185 0.748860 0.784606 0.000000 0.000000 0.000000 0.000000 0.000000 0.000000 0.000000 0.000000 0.000000 0.000000 0.000000 0.000000 0.000000 0.000000 0.000000 0.000000 0.000000 0.000000
0.000000 0.000000 0.000000 0.000000 0.000000 0.000000 0.000000 0.000000 0.000000 0.000000 0.000000 0.000000 0.000000 0.858767 0.854765 0.761567 0.769569 0.761510 0.759530 0.750968 0.753437 0.739228 0.733409 0.727902 0.724321 0.717814 0.717423 0.712039 0.712828 0.704192 0.751223 0.789066 0.000000 0.000000 0.000000 0.000000 0.000000 0.000000 0.000000 0.000000 0.000000 0.000000 0.000000 0.000000 0.000000 0.000000 0.000000 0.000000 0.000000 0.000000
0.000000 0.000000 0.000000 0.000000 0.000000 0.000000 0.000000 0.000000 0.000000 0.000000 0.000000 0.000000 0.000000 0.857884 0.845351 0.765741 0.776467 0.768550 0.768710 0.761626 0.752363 0.751231 0.746937 0.739191 0.738604 0.730301 0.733247 0.722652 0.725304 0.718833 0.751843 0.792871 0.000000 0.000000 0.000000 0.000000 0.000000 0.000000 0.000000 0.000000 0.000000 0.000000 0.000000 0.000000 0.000000 0.000000 0.000000 0.000000 0.000000 0.000000
0.000000 0.000000 0.000000 0.000000 0.000000 0.000000 0.000000 0.000000 0.000000 0.000000 0.000000 0.000000 0.000000 0.865762 0.808626 0.747627 0.754576 0.746670 0.745852 0.740427 0.754939 0.730294 0.726071 0.720658 0.718856 0.710827 0.713971 0.705773 0.707372 0.704217 0.750620 0.695296 0.000000 0.000000 0.000000 0.000000 0.000000 0.000000 0.000000 0.000000 0.000000 0.000000 0.000000 0.000000 0.000000 0.000000 0.000000 0.000000 0.000000 0.000000
0.000000 0.000000 0.000000 0.000000 0.000000 0.000000 0.000000 0.000000 0.000000 0.000000 0.000000 0.000000 0.000000 0.784872 0.800820 0.771348 0.763671 0.764016 0.756479 0.754556 0.745535 0.745490 0.740705 0.736116 0.733293 0.729227 0.726219 0.725098 0.721729 0.719070 0.737786 0.805432 0.000000 0.000000 0.000000 0.000000 0.000000 0.000000 0.000000 0.000000 0.000000 0.000000 0.000000 0.000000 0.000000 0.000000 0.000000 0.000000 0.000000 0.000000
0.000000 0.000000 0.000000 0.000000 0.000000 0.000000 0.000000 0.000000 0.000000 0.000000 0.000000 0.000000 0.000000 0.797888 0.807248 0.736803 0.751826 0.747918 0.750332 0.749681 0.745426 0.743189 0.746001 0.737467 0.732576 0.731577 0.728206 0.721031 0.712630 0.709003 0.742790 0.772270 0.000000 0.000000 0.000000 0.000000 0.000000 0.000000 0.000000 0.000000 0.000000 0.000000 0.000000 0.000000 0.000000 0.000000 0.000000 0.000000 0.000000 0.000000
0.000000 0.000000 0.000000 0.000000 0.000000 0.000000 0.000000 0.000000 0.000000 0.000000 0.000000 0.000000 0.000000 0.786769 0.783012 0.762276 0.759738 0.791520 0.754390 0.780095 0.758885 0.758801 0.767429 0.762915 0.732232 0.730702 0.727448 0.756631 0.729681 0.724099 0.750213 0.786814 0.000000 0.000000 0.000000 0.000000 0.000000 0.000000 0.000000 0.000000 0.000000 0.000000 0.000000 0.000000 0.000000 0.000000 0.000000 0.000000 0.000000 0.000000
