0.524599 0.463156 0.489310 0.469406 0.495367 0.509547 0.439082 0.407383 0.467442 0.396241 0.424958 0.353739 0.335060 0.304602 0.359494 0.329079 0.327838 0.260489 0.284260 0.218227 0.258755 0.216668 0.191268 0.167258 0.149904 0.132448 0.146199 0.090336 0.118368 0.086364 0.102944 0.056235 0.038487 0.047244 0.039465 0.025110 0.024437 0.023040 0.017111 0.013543 0.011028 0.010271 0.008551 0.006772 0.004122 0.003477 0.002181 0.002370 0.000877 0.000851
0.318049 0.458983 0.458807 0.481819 0.466070 0.469840 0.446755 0.441384 0.387958 0.374691 0.386635 0.371490 0.360434 0.344703 0.327864 0.311086 0.293971 0.277196 0.259876 0.243040 0.211645 0.195363 0.188849 0.174723 0.170699 0.154270 0.126495 0.112257 0.097625 0.084744 0.073312 0.062243 0.053039 0.044812 0.037543 0.031204 0.030258 0.025882 0.020681 0.016970 0.013822 0.011183 0.009375 0.007182 0.005669 0.004309 0.003298 0.002146 0.001588 0.000169
0.516918 0.451148 0.467311 0.474279 0.459688 0.429974 0.432323 0.409974 0.401664 0.385461 0.372591 0.357660 0.343055 0.327768 0.312312 0.296641 0.280629 0.264470 0.248176 0.231763 0.215373 0.199067 0.182842 0.166806 0.151122 0.135812 0.121052 0.106891 0.093538 0.081000 0.069507 0.059099 0.049836 0.041737 0.034724 0.028730 0.023661 0.019401 0.015838 0.012881 0.010411 0.008380 0.006670 0.005266 0.004045 0.003052 0.003029 0.002101 0.000735 -0.000017
0.519888 0.516648 0.428602 0.432144 0.460545 0.422632 0.424102 0.406822 0.399492 0.384483 0.372104 0.357047 0.342716 0.327449 0.311987 0.296312 0.280309 0.264140 0.247873 0.231503 0.215111 0.198815 0.182596 0.166597 0.150935 0.135573 0.120784 0.106656 0.093254 0.080662 0.069168 0.058765 0.049491 0.041415 0.034423 0.028460 0.023404 0.019176 0.015639 0.012713 0.010273 0.008268 0.006581 0.005208 0.004001 0.003051 0.002132 0.001675 0.000481 0.000498
0.516003 0.508996 0.460957 0.441123 0.470798 0.435873 0.437695 0.415661 0.405333 0.388135 0.374848 0.359084 0.344297 0.328706 0.313164 0.297151 0.281036 0.264599 0.248159 0.231468 0.214855 0.198251 0.181728 0.165355 0.149309 0.133605 0.118415 0.103809 0.090058 0.077186 0.065410 0.054852 0.045567 0.037593 0.030800 0.025137 0.020414 0.016544 0.013360 0.010766 0.008641 0.006908 0.005473 0.004309 0.003315 0.002506 0.001740 0.001735 0.000210 -0.000405
0.432380 0.522879 0.439489 0.452358 0.474544 0.429439 0.434623 0.410731 0.404737 0.387021 0.375377 0.359741 0.345279 0.329614 0.313937 0.297864 0.281561 0.265008 0.248323 0.231447 0.214555 0.197619 0.180751 0.164010 0.147523 0.131338 0.115646 0.100527 0.086241 0.072869 0.060749 0.049957 0.040675 0.032894 0.026404 0.021149 0.016864 0.013447 0.010691 0.008511 0.006737 0.005355 0.004185 0.003285 0.002490 0.001888 0.001305 0.001267 0.000868 0.000008
0.501895 0.548769 0.445413 0.461876 0.481003 0.443505 0.445151 0.419306 0.409841 0.391533 0.378273 0.362051 0.347213 0.331321 0.315457 0.299147 0.282595 0.265776 0.248762 0.231574 0.214288 0.196939 0.179609 0.162356 0.145296 0.128483 0.112116 0.096265 0.081267 0.067219 0.054575 0.043501 0.034194 0.026694 0.020638 0.015976 0.012306 0.009517 0.007346 0.005696 0.004407 0.003426 0.002664 0.002035 0.001551 0.001142 0.000796 0.000781 -0.000168 0.000123
0.501147 0.536103 0.445596 0.451988 0.474059 0.435120 0.441765 0.415292 0.409416 0.391296 0.379486 0.363612 0.349010 0.333084 0.317105 0.300584 0.283783 0.266665 0.249319 0.231759 0.214058 0.196242 0.178391 0.160547 0.142826 0.125251 0.108074 0.091287 0.075419 0.060394 0.047198 0.035438 0.026418 0.019148 0.013856 0.009896 0.007066 0.005028 0.003590 0.002563 0.001843 0.001319 0.000961 0.000687 0.000497 0.000357 0.000234 0.000228 0.000411 0.000424
0.513063 0.530420 0.447877 0.462383 0.485202 0.445264 0.449424 0.423261 0.413997 0.395886 0.382786 0.366578 0.351675 0.335500 0.319256 0.302439 0.285313 0.267839 0.250097 0.232111 0.213933 0.195593 0.177353 0.158633 0.140142 0.121663 0.103459 0.085484 0.068275 0.051930 0.037507 0.025328 0.016055 0.009727 0.005209 0.002563 0.000767 -0.000173 -0.000718 -0.000932 -0.001000 -0.000951 -0.000860 -0.000737 -0.000609 -0.000482 -0.000350 -0.000339 -0.000779 0.000183
0.516355 0.530864 0.448108 0.457262 0.479675 0.436804 0.445099 0.420485 0.414453 0.397240 0.385292 0.369422 0.354546 0.338231 0.321747 0.304622 0.287139 0.269269 0.251095 0.232640 0.213951 0.195041 0.176117 0.156698 0.137366 0.117828 0.098504 0.079012 0.060448 0.042480 0.026957 0.012481 0.003752 -0.001524 -0.004499 -0.005700 -0.006027 -0.005748 -0.005240 -0.004572 -0.003914 -0.003273 -0.002689 -0.002175 -0.001700 -0.001316 -0.000925 -0.000892 -0.000836 -0.000069
0.497199 0.528108 0.453113 0.458324 0.481074 0.443416 0.450234 0.427390 0.419326 0.401918 0.389480 0.373365 0.358208 0.341596 0.324761 0.307249 0.289346 0.271026 0.252376 0.233416 0.214187 0.194687 0.175065 0.154918 0.134675 0.114020 0.093259 0.071967 0.050973 0.030030 0.011014 -0.004103 -0.012696 -0.015640 -0.016627 -0.015271 -0.013801 -0.011768 -0.010023 -0.008303 -0.006843 -0.005565 -0.004474 -0.003561 -0.002750 -0.002110 -0.001468 -0.001425 -0.001046 -0.000292
0.501006 0.525841 0.457188 0.454954 0.476998 0.442417 0.451684 0.428523 0.423108 0.405981 0.393969 0.377813 0.362437 0.345511 0.328276 0.310320 0.291940 0.273122 0.253957 0.234464 0.214677 0.194573 0.174276 0.153357 0.132245 0.110310 0.088302 0.064596 0.041837 0.016733 -0.004374 -0.025730 -0.033585 -0.031797 -0.029557 -0.025209 -0.021485 -0.017659 -0.014554 -0.011789 -0.009545 -0.007651 -0.006084 -0.004800 -0.003682 -0.002814 -0.001956 -0.001895 -0.000575 0.000201
0.425502 0.523980 0.462870 0.463193 0.482284 0.450049 0.457194 0.435258 0.428865 0.411860 0.399616 0.383220 0.367465 0.350106 0.332370 0.313885 0.294956 0.275586 0.255869 0.235827 0.215487 0.194816 0.173898 0.152323 0.130349 0.107480 0.083762 0.058344 0.031417 0.003209 -0.030247 -0.054329 -0.060586 -0.053502 -0.044985 -0.036478 -0.029425 -0.023472 -0.018787 -0.014949 -0.011903 -0.009435 -0.007450 -0.005835 -0.004494 -0.003391 -0.002354 -0.002308 -0.001299 -0.000336
0.513043 0.521203 0.466943 0.466178 0.486809 0.454452 0.463287 0.440732 0.435513 0.418572 0.406217 0.389532 0.373307 0.355407 0.337063 0.317951 0.298395 0.278413 0.258107 0.237500 0.216619 0.195410 0.173959 0.151776 0.129248 0.105253 0.080849 0.052000 0.023499 -0.017354 -0.097603 -0.169999 -0.122665 -0.086530 -0.063893 -0.048163 -0.043740 -0.033723 -0.026697 -0.020761 -0.016261 -0.012802 -0.010038 -0.007778 -0.006050 -0.004556 -0.003372 -0.002161 -0.001068 -0.000205
0.510152 0.527971 0.472497 0.468828 0.489881 0.460323 0.468836 0.448214 0.443408 0.426657 0.414054 0.396948 0.380097 0.361497 0.342396 0.322534 0.302251 0.281589 0.260655 0.239480 0.218083 0.196426 0.174530 0.152069 0.129077 0.105170 0.079645 0.052415 0.019173 -0.015082 -0.106109 -0.240673 -0.168913 -0.101836 -0.063684 -0.047359 -0.041759 -0.027734 -0.021584 -0.019638 -0.014373 -0.011277 -0.009244 -0.008394 -0.005219 -0.004808 -0.003065 -0.001959 -0.001178 -0.000022
0.512116 0.528142 0.478269 0.474610 0.497557 0.468949 0.477997 0.457693 0.453110 0.436301 0.423281 0.405555 0.387871 0.368373 0.348343 0.327588 0.306469 0.285052 0.263450 0.241694 0.219811 0.197757 0.175530 0.152948 0.130104 0.106394 0.082515 0.056375 0.031703 0.000975 -0.001412 0.003796 0.000000 0.000000 0.000000 0.000000 0.000000 0.000000 0.000000 0.000000 0.000000 0.000000 0.000000 0.000000 0.000000 0.000000 0.000000 0.000000 0.000000 0.000000
0.515103 0.529403 0.483871 0.478217 0.504045 0.475735 0.487682 0.468443 0.464706 0.447857 0.434291 0.415673 0.396849 0.376164 0.354950 0.333104 0.311005 0.288739 0.266415 0.244071 0.221721 0.199341 0.176910 0.154351 0.131656 0.108674 0.085622 0.062111 0.039958 0.017334 0.009225 0.001271 0.000000 0.000000 0.000000 0.000000 0.000000 0.000000 0.000000 0.000000 0.000000 0.000000 0.000000 0.000000 0.000000 0.000000 0.000000 0.000000 0.000000 0.000000
0.509981 0.532053 0.492531 0.485337 0.510962 0.486856 0.499208 0.481962 0.478427 0.461565 0.447057 0.427208 0.406861 0.384669 0.362009 0.338886 0.315674 0.292482 0.269397 0.246453 0.223644 0.200957 0.178345 0.155805 0.133237 0.110824 0.088238 0.066664 0.044513 0.028105 0.015170 0.029399 0.000000 0.000000 0.000000 0.000000 0.000000 0.000000 0.000000 0.000000 0.000000 0.000000 0.000000 0.000000 0.000000 0.000000 0.000000 0.000000 0.000000 0.000000
0.514106 0.528958 0.498820 0.493047 0.523747 0.498769 0.515293 0.498361 0.495839 0.478694 0.462752 0.440994 0.418431 0.394184 0.369633 0.344933 0.320409 0.296181 0.272282 0.248730 0.225486 0.202538 0.179815 0.157368 0.135035 0.113182 0.091188 0.070744 0.048872 0.033647 0.018468 -0.011390 0.000000 0.000000 0.000000 0.000000 0.000000 0.000000 0.000000 0.000000 0.000000 0.000000 0.000000 0.000000 0.000000 0.000000 0.000000 0.000000 0.000000 0.000000
0.511470 0.536291 0.507834 0.501774 0.529861 0.513270 0.528555 0.518005 0.515984 0.498774 0.480653 0.456234 0.430717 0.403916 0.377134 0.350698 0.324772 0.299496 0.274792 0.250663 0.227010 0.203809 0.181069 0.158518 0.136275 0.114655 0.092847 0.072882 0.050842 0.036805 0.021084 -0.003973 0.000000 0.000000 0.000000 0.000000 0.000000 0.000000 0.000000 0.000000 0.000000 0.000000 0.000000 0.000000 0.000000 0.000000 0.000000 0.000000 0.000000 0.000000
0.508652 0.519383 0.516225 0.512266 0.550125 0.531217 0.555067 0.544261 0.543519 0.525433 0.503628 0.474931 0.444864 0.414556 0.384823 0.356273 0.328729 0.302336 0.276818 0.252147 0.228135 0.204748 0.181964 0.159490 0.137402 0.116163 0.094581 0.075173 0.052988 0.038510 0.022288 -0.010621 0.000000 0.000000 0.000000 0.000000 0.000000 0.000000 0.000000 0.000000 0.000000 0.000000 0.000000 0.000000 0.000000 0.000000 0.000000 0.000000 0.000000 0.000000
0.416595 0.528251 0.528309 0.514466 0.550646 0.549475 0.569139 0.573534 0.576047 0.557397 0.528902 0.494015 0.458112 0.423732 0.390843 0.360355 0.331354 0.304082 0.277925 0.252870 0.228595 0.205101 0.182300 0.159863 0.137867 0.116806 0.095323 0.076207 0.053882 0.040122 0.022874 0.026149 0.000000 0.000000 0.000000 0.000000 0.000000 0.000000 0.000000 0.000000 0.000000 0.000000 0.000000 0.000000 0.000000 0.000000 0.000000 0.000000 0.000000 0.000000
0.503732 0.517142 0.545788 0.531492 0.579235 0.577395 0.611600 0.612820 0.622318 0.602520 0.564526 0.518820 0.472777 0.432983 0.396095 0.363374 0.332871 0.304814 0.278128 0.252814 0.228383 0.204869 0.182126 0.159802 0.137953 0.117148 0.095809 0.076978 0.054570 0.040703 0.022891 -0.010246 0.000000 0.000000 0.000000 0.000000 0.000000 0.000000 0.000000 0.000000 0.000000 0.000000 0.000000 0.000000 0.000000 0.000000 0.000000 0.000000 0.000000 0.000000
0.497960 0.515606 0.563579 0.539081 0.587458 0.606485 0.639371 0.664493 0.686349 0.662774 0.601310 0.536022 0.480155 0.436202 0.396141 0.362702 0.331528 0.303526 0.276803 0.251604 0.227417 0.203863 0.181080 0.159091 0.137406 0.116811 0.095620 0.077015 0.054640 0.041078 0.022759 0.030387 0.000000 0.000000 0.000000 0.000000 0.000000 0.000000 0.000000 0.000000 0.000000 0.000000 0.000000 0.000000 0.000000 0.000000 0.000000 0.000000 0.000000 0.000000
0.539155 0.480249 0.574103 0.553043 0.606472 0.630706 0.683521 0.721241 0.763002 0.742953 0.648243 0.562380 0.487292 0.436646 0.393605 0.359672 0.328535 0.300910 0.274434 0.249517 0.225529 0.202179 0.179588 0.157823 0.136357 0.116022 0.095040 0.076682 0.054425 0.040943 0.022311 0.002578 0.000000 0.000000 0.000000 0.000000 0.000000 0.000000 0.000000 0.000000 0.000000 0.000000 0.000000 0.000000 0.000000 0.000000 0.000000 0.000000 0.000000 0.000000
0.516456 0.527694 0.582541 0.631803 0.672187 0.723214 0.796319 0.864713 0.921259 0.742716 0.679618 0.548241 0.467115 0.422104 0.379130 0.350387 0.320985 0.295620 0.270181 0.246113 0.222661 0.199657 0.177370 0.155899 0.134707 0.114667 0.093944 0.075886 0.053815 0.040669 0.022023 -0.004369 0.000000 0.000000 0.000000 0.000000 0.000000 0.000000 0.000000 0.000000 0.000000 0.000000 0.000000 0.000000 0.000000 0.000000 0.000000 0.000000 0.000000 0.000000
0.521640 0.512739 0.613425 0.671928 0.718682 0.746253 0.794366 0.880278 1.125175 1.001531 0.491908 0.464527 0.411942 0.388562 0.359492 0.337980 0.313199 0.289939 0.265740 0.242332 0.219282 0.196596 0.174588 0.153416 0.132529 0.112822 0.092432 0.074697 0.052999 0.039981 0.022070 0.017705 0.000000 0.000000 0.000000 0.000000 0.000000 0.000000 0.000000 0.000000 0.000000 0.000000 0.000000 0.000000 0.000000 0.000000 0.000000 0.000000 0.000000 0.000000
0.000000 0.000000 0.000000 0.000000 0.000000 0.000000 0.000000 0.000000 0.000000 -0.081988 0.190310 0.322909 0.313157 0.338083 0.327494 0.320911 0.301362 0.282553 0.259866 0.237491 0.215051 0.192723 0.171072 0.150262 0.129747 0.110438 0.090444 0.073120 0.051783 0.039164 0.020584 0.029089 0.000000 0.000000 0.000000 0.000000 0.000000 0.000000 0.000000 0.000000 0.000000 0.000000 0.000000 0.000000 0.000000 0.000000 0.000000 0.000000 0.000000 0.000000
0.000000 0.000000 0.000000 0.000000 0.000000 0.000000 0.000000 0.000000 0.000000 0.003903 0.114040 0.235959 0.282218 0.315154 0.320160 0.314726 0.298705 0.278931 0.256263 0.233495 0.210897 0.188576 0.167084 0.146565 0.126423 0.107550 0.088023 0.071189 0.050357 0.038208 0.020024 -0.003847 0.000000 0.000000 0.000000 0.000000 0.000000 0.000000 0.000000 0.000000 0.000000 0.000000 0.000000 0.000000 0.000000 0.000000 0.000000 0.000000 0.000000 0.000000
0.000000 0.000000 0.000000 0.000000 0.000000 0.000000 0.000000 0.000000 0.000000 0.019822 0.113212 0.218679 0.260852 0.310076 0.316931 0.312572 0.295084 0.274925 0.251824 0.228360 0.205671 0.183387 0.162176 0.142056 0.122403 0.104070 0.085118 0.068855 0.048624 0.037011 0.019178 0.002871 0.000000 0.000000 0.000000 0.000000 0.000000 0.000000 0.000000 0.000000 0.000000 0.000000 0.000000 0.000000 0.000000 0.000000 0.000000 0.000000 0.000000 0.000000
0.000000 0.000000 0.000000 0.000000 0.000000 0.000000 0.000000 0.000000 0.000000 0.023889 0.103659 0.213921 0.268497 0.330651 0.342585 0.328615 0.304243 0.277641 0.250130 0.224430 0.200476 0.177811 0.156647 0.136887 0.117752 0.100030 0.081742 0.066137 0.046616 0.035578 0.018124 0.027935 0.000000 0.000000 0.000000 0.000000 0.000000 0.000000 0.000000 0.000000 0.000000 0.000000 0.000000 0.000000 0.000000 0.000000 0.000000 0.000000 0.000000 0.000000
0.000000 0.000000 0.000000 0.000000 0.000000 0.000000 0.000000 0.000000 0.000000 0.024284 0.122488 0.240021 0.309295 0.380885 0.377454 0.345073 0.309806 0.275364 0.244902 0.217149 0.192886 0.170218 0.149598 0.130540 0.112203 0.095286 0.077855 0.062992 0.044401 0.033872 0.016798 -0.010046 0.000000 0.000000 0.000000 0.000000 0.000000 0.000000 0.000000 0.000000 0.000000 0.000000 0.000000 0.000000 0.000000 0.000000 0.000000 0.000000 0.000000 0.000000
0.000000 0.000000 0.000000 0.000000 0.000000 0.000000 0.000000 0.000000 0.000000 0.029432 0.148899 0.265240 0.358525 0.463342 0.460292 0.393042 0.326517 0.277014 0.239608 0.209116 0.184121 0.161537 0.141530 0.123325 0.105921 0.089950 0.073480 0.059504 0.041844 0.032148 0.015493 0.027750 0.000000 0.000000 0.000000 0.000000 0.000000 0.000000 0.000000 0.000000 0.000000 0.000000 0.000000 0.000000 0.000000 0.000000 0.000000 0.000000 0.000000 0.000000
0.000000 0.000000 0.000000 0.000000 0.000000 0.000000 0.000000 0.000000 0.000000 0.094606 0.257983 0.428319 0.651620 0.645879 0.497666 0.421048 0.319005 0.263798 0.222971 0.193713 0.170343 0.149523 0.131205 0.114583 0.098592 0.083863 0.068650 0.055587 0.039461 0.029910 0.015636 0.033073 0.000000 0.000000 0.000000 0.000000 0.000000 0.000000 0.000000 0.000000 0.000000 0.000000 0.000000 0.000000 0.000000 0.000000 0.000000 0.000000 0.000000 0.000000
0.000000 0.000000 0.000000 0.000000 0.000000 0.000000 0.000000 0.000000 0.000000 0.015494 0.270946 0.496309 0.787040 1.471339 1.049354 0.333246 0.269540 0.226981 0.197753 0.173349 0.154464 0.135932 0.119887 0.105070 0.090679 0.077321 0.063418 0.051439 0.036487 0.027745 0.014074 -0.010727 0.000000 0.000000 0.000000 0.000000 0.000000 0.000000 0.000000 0.000000 0.000000 0.000000 0.000000 0.000000 0.000000 0.000000 0.000000 0.000000 0.000000 0.000000
0.000000 0.000000 0.000000 0.000000 0.000000 0.000000 0.000000 0.000000 0.000000 0.000000 0.000000 0.000000 0.000000 -0.024985 -0.115434 0.158695 0.164979 0.166947 0.155203 0.144817 0.131934 0.119287 0.106485 0.094326 0.081950 0.070252 0.057821 0.047063 0.033299 0.025709 0.012828 -0.010799 0.000000 0.000000 0.000000 0.000000 0.000000 0.000000 0.000000 0.000000 0.000000 0.000000 0.000000 0.000000 0.000000 0.000000 0.000000 0.000000 0.000000 0.000000
0.000000 0.000000 0.000000 0.000000 0.000000 0.000000 0.000000 0.000000 0.000000 0.000000 0.000000 0.000000 0.000000 0.001763 0.026000 0.085369 0.113802 0.123135 0.125116 0.120085 0.114014 0.103685 0.093863 0.083780 0.073305 0.063128 0.052254 0.042504 0.030658 0.022981 -0.002924 -0.003192 0.000000 0.000000 0.000000 0.000000 0.000000 0.000000 0.000000 0.000000 0.000000 0.000000 0.000000 0.000000 0.000000 0.000000 0.000000 0.000000 0.000000 0.000000
0.000000 0.000000 0.000000 0.000000 0.000000 0.000000 0.000000 0.000000 0.000000 0.000000 0.000000 0.000000 0.000000 0.018379 0.006834 0.058276 0.078352 0.092874 0.097903 0.097831 0.094440 0.088312 0.081079 0.073240 0.064574 0.055986 0.046574 0.038030 0.027531 0.020545 -0.004094 -0.013121 0.000000 0.000000 0.000000 0.000000 0.000000 0.000000 0.000000 0.000000 0.000000 0.000000 0.000000 0.000000 0.000000 0.000000 0.000000 0.000000 0.000000 0.000000
0.000000 0.000000 0.000000 0.000000 0.000000 0.000000 0.000000 0.000000 0.000000 0.000000 0.000000 0.000000 0.000000 0.014137 0.037368 0.043392 0.057988 0.071173 0.077727 0.079387 0.078680 0.074598 0.069459 0.063381 0.056360 0.049117 0.041121 0.033536 0.024666 0.017788 -0.002051 -0.015191 0.000000 0.000000 0.000000 0.000000 0.000000 0.000000 0.000000 0.000000 0.000000 0.000000 0.000000 0.000000 0.000000 0.000000 0.000000 0.000000 0.000000 0.000000
0.000000 0.000000 0.000000 0.000000 0.000000 0.000000 0.000000 0.000000 0.000000 0.000000 0.000000 0.000000 0.000000 0.009427 0.032074 0.033325 0.043353 0.055332 0.061339 0.064258 0.064539 0.062393 0.058790 0.054211 0.048598 0.042631 0.035920 0.029444 0.021891 0.015940 0.008348 -0.010719 0.000000 0.000000 0.000000 0.000000 0.000000 0.000000 0.000000 0.000000 0.000000 0.000000 0.000000 0.000000 0.000000 0.000000 0.000000 0.000000 0.000000 0.000000
0.000000 0.000000 0.000000 0.000000 0.000000 0.000000 0.000000 0.000000 0.000000 0.000000 0.000000 0.000000 0.000000 0.012934 0.031085 0.026109 0.033173 0.043252 0.048647 0.051813 0.052549 0.051778 0.049265 0.045932 0.041392 0.036590 0.030909 0.025336 0.019122 0.013590 0.010898 -0.002706 0.000000 0.000000 0.000000 0.000000 0.000000 0.000000 0.000000 0.000000 0.000000 0.000000 0.000000 0.000000 0.000000 0.000000 0.000000 0.000000 0.000000 0.000000
0.000000 0.000000 0.000000 0.000000 0.000000 0.000000 0.000000 0.000000 0.000000 0.000000 0.000000 0.000000 0.000000 0.010349 -0.012077 0.019862 0.025442 0.033724 0.038438 0.041574 0.042573 0.042635 0.040934 0.038509 0.034930 0.031035 0.026604 0.022024 0.016805 0.012488 -0.004559 -0.011981 0.000000 0.000000 0.000000 0.000000 0.000000 0.000000 0.000000 0.000000 0.000000 0.000000 0.000000 0.000000 0.000000 0.000000 0.000000 0.000000 0.000000 0.000000
0.000000 0.000000 0.000000 0.000000 0.000000 0.000000 0.000000 0.000000 0.000000 0.000000 0.000000 0.000000 0.000000 0.009238 0.019984 0.017624 0.019925 0.026738 0.030321 0.033157 0.033802 0.034698 0.033262 0.031975 0.029421 0.026175 0.023899 0.018182 0.014735 0.009216 -0.006009 -0.015974 0.000000 0.000000 0.000000 0.000000 0.000000 0.000000 0.000000 0.000000 0.000000 0.000000 0.000000 0.000000 0.000000 0.000000 0.000000 0.000000 0.000000 0.000000
0.000000 0.000000 0.000000 0.000000 0.000000 0.000000 0.000000 0.000000 0.000000 0.000000 0.000000 0.000000 0.000000 -0.007601 0.035672 0.010346 0.015323 0.020635 0.023803 0.025779 0.027347 0.028077 0.027131 0.027414 0.023870 0.023412 0.019213 0.016632 0.012667 0.010318 -0.007623 -0.017023 0.000000 0.000000 0.000000 0.000000 0.000000 0.000000 0.000000 0.000000 0.000000 0.000000 0.000000 0.000000 0.000000 0.000000 0.000000 0.000000 0.000000 0.000000
0.000000 0.000000 0.000000 0.000000 0.000000 0.000000 0.000000 0.000000 0.000000 0.000000 0.000000 0.000000 0.000000 0.011023 0.019410 0.014172 0.013209 0.016681 0.020311 0.019875 0.026932 0.022114 0.022209 0.021487 0.019747 0.018307 0.015336 0.011596 0.009391 0.003252 -0.009819 -0.021339 0.000000 0.000000 0.000000 0.000000 0.000000 0.000000 0.000000 0.000000 0.000000 0.000000 0.000000 0.000000 0.000000 0.000000 0.000000 0.000000 0.000000 0.000000
0.000000 0.000000 0.000000 0.000000 0.000000 0.000000 0.000000 0.000000 0.000000 0.000000 0.000000 0.000000 0.000000 -0.009155 0.009943 -0.000337 0.007694 0.011094 0.014458 0.015937 0.020688 0.017941 0.017270 0.017805 0.015763 0.015460 0.013302 0.010620 0.010726 0.012020 -0.009052 -0.023985 0.000000 0.000000 0.000000 0.000000 0.000000 0.000000 0.000000 0.000000 0.000000 0.000000 0.000000 0.000000 0.000000 0.000000 0.000000 0.000000 0.000000 0.000000
0.000000 0.000000 0.000000 0.000000 0.000000 0.000000 0.000000 0.000000 0.000000 0.000000 0.000000 0.000000 0.000000 0.004259 0.024445 0.014390 0.009668 0.009093 0.010880 0.011667 0.016076 0.013904 0.014318 0.013702 0.011357 0.011952 0.008369 0.006491 0.002079 -0.010566 -0.012273 -0.009762 0.000000 0.000000 0.000000 0.000000 0.000000 0.000000 0.000000 0.000000 0.000000 0.000000 0.000000 0.000000 0.000000 0.000000 0.000000 0.000000 0.000000 0.000000
0.000000 0.000000 0.000000 0.000000 0.000000 0.000000 0.000000 0.000000 0.000000 0.000000 0.000000 0.000000 0.000000 0.010161 0.029158 -0.000898 0.007049 0.006610 0.009016 0.010832 0.011676 0.012414 0.011486 0.012408 0.010866 0.010415 0.009157 0.007451 0.005166 0.000738 -0.012994 -0.002254 0.000000 0.000000 0.000000 0.000000 0.000000 0.000000 0.000000 0.000000 0.000000 0.000000 0.000000 0.000000 0.000000 0.000000 0.000000 0.000000 0.000000 0.000000
0.000000 0.000000 0.000000 0.000000 0.000000 0.000000 0.000000 0.000000 0.000000 0.000000 0.000000 0.000000 0.000000 0.005429 0.072893 0.013309 0.023719 0.027710 0.029492 0.031871 0.030109 0.029465 -0.018562 0.032002 0.031615 -0.017246 0.026429 0.028883 0.033791 0.021541 -0.003093 0.010471 0.000000 0.000000 0.000000 0.000000 0.000000 0.000000 0.000000 0.000000 0.000000 0.000000 0.000000 0.000000 0.000000 0.000000 0.000000 0.000000 0.000000 0.000000
0.000000 0.000000 0.000000 0.000000 0.000000 0.000000 0.000000 0.000000 0.000000 0.000000 0.000000 0.000000 0.000000 0.014056 -0.007711 -0.017184 0.000659 -0.005733 -0.000063 0.002074 -0.003594 0.022160 0.003069 0.000897 0.001844 0.017097 0.001731 -0.005090 -0.001595 -0.004562 -0.003414 0.008129 0.000000 0.000000 0.000000 0.000000 0.000000 0.000000 0.000000 0.000000 0.000000 0.000000 0.000000 0.000000 0.000000 0.000000 0.000000 0.000000 0.000000 0.000000
