0.000000 0.000000 0.000000 0.000000 0.000000 0.000000 0.000000 0.000000 0.000000 0.000000 0.000000 -0.000024 0.000004 0.000017 0.000031 0.000020 -0.000035 -0.000027 0.000135 0.000168 0.000136 0.000087 0.000105 0.000039 0.000017 -0.000162 -0.000223 0.000190 -0.000318 0.000152 0.000226 -0.000020 0.000244 0.000238 -0.000101 0.000621 -0.000236 0.000086 -0.000654 0.000331 0.000383 0.000317 0.000181 0.000118 0.000402 0.000000 0.000000 0.000000 0.000000 0.000000
0.000000 0.000000 0.000000 0.000000 0.000000 0.000000 0.000000 0.000000 0.000000 0.000000 0.000000 -0.000261 -0.000210 -0.000199 -0.000212 -0.000230 -0.000249 -0.000266 -0.000294 -0.000323 -0.000326 -0.000374 -0.000398 -0.000439 -0.000192 -0.000512 -0.000508 -0.000493 -0.000504 -0.000490 -0.000459 -0.000409 -0.000347 -0.000375 -0.000238 -0.000156 0.000479 -0.000010 0.000714 0.000775 0.000384 0.000853 0.000835 0.000880 0.000706 0.000000 0.000000 0.000000 0.000000 0.000000
0.000000 0.000000 0.000000 0.000000 0.000000 0.000000 0.000000 0.000000 0.000000 0.000000 0.000000 -0.000370 -0.000387 -0.000405 -0.000408 -0.000421 -0.000439 -0.000462 -0.000489 -0.000519 -0.000551 -0.000583 -0.000613 -0.000641 -0.000664 -0.000676 -0.000624 -0.000658 -0.000622 -0.000558 -0.000472 -0.000355 -0.000209 -0.000037 0.000163 0.000378 0.000609 0.000842 0.001069 0.001282 0.001467 0.001627 0.001774 0.001751 0.001893 0.000000 0.000000 0.000000 0.000000 0.000000
0.000000 0.000000 0.000000 0.000000 0.000000 0.000000 0.000000 0.000000 0.000000 0.000000 0.000000 -0.000467 -0.000386 -0.000401 -0.000415 -0.000432 -0.000453 -0.000480 -0.000509 -0.000541 -0.000574 -0.000609 -0.000643 -0.000672 -0.000693 -0.000704 -0.000917 -0.000680 -0.000643 -0.000579 -0.000489 -0.000367 -0.000214 -0.000040 0.000161 0.000389 0.000628 0.000873 0.001109 0.001328 0.001511 0.001662 0.001746 0.002242 0.001987 0.000000 0.000000 0.000000 0.000000 0.000000
0.000000 0.000000 0.000000 0.000000 0.000000 0.000000 0.000000 0.000000 0.000000 0.000000 0.000000 -0.000590 -0.000600 -0.000545 -0.000561 -0.000584 -0.000611 -0.000645 -0.000686 -0.000731 -0.000779 -0.000828 -0.000876 -0.000921 -0.000958 -0.000982 -0.001235 -0.000970 -0.000924 -0.000840 -0.000719 -0.000553 -0.000343 -0.000089 0.000207 0.000527 0.000868 0.001213 0.001548 0.001858 0.002129 0.002343 0.002481 0.003323 0.003079 0.000000 0.000000 0.000000 0.000000 0.000000
0.000000 0.000000 0.000000 0.000000 0.000000 0.000000 0.000000 0.000000 0.000000 0.000000 0.000000 -0.000727 -0.000675 -0.000649 -0.000675 -0.000702 -0.000739 -0.000784 -0.000836 -0.000894 -0.000957 -0.001023 -0.001088 -0.001149 -0.001201 -0.001238 -0.001547 -0.001242 -0.001195 -0.001101 -0.000958 -0.000756 -0.000496 -0.000178 0.000194 0.000609 0.001051 0.001504 0.001943 0.002352 0.002703 0.002993 0.003150 0.004283 0.003942 0.000000 0.000000 0.000000 0.000000 0.000000
0.000000 0.000000 0.000000 0.000000 0.000000 0.000000 0.000000 0.000000 0.000000 0.000000 0.000000 -0.000759 -0.000763 -0.000765 -0.000797 -0.000831 -0.000876 -0.000932 -0.000997 -0.001072 -0.001153 -0.001238 -0.001325 -0.001409 -0.001484 -0.001544 -0.001560 -0.001580 -0.001538 -0.001438 -0.001275 -0.001034 -0.000716 -0.000315 0.000158 0.000691 0.001262 0.001849 0.002421 0.002954 0.003417 0.003789 0.004017 0.005349 0.006219 0.000000 0.000000 0.000000 0.000000 0.000000
0.000000 0.000000 0.000000 0.000000 0.000000 0.000000 0.000000 0.000000 0.000000 0.000000 0.000000 -0.000907 -0.001025 -0.000859 -0.000896 -0.000937 -0.000992 -0.001060 -0.001140 -0.001231 -0.001332 -0.001440 -0.001553 -0.001664 -0.001769 -0.001857 -0.001920 -0.001945 -0.001921 -0.001825 -0.001653 -0.001379 -0.001007 -0.000524 0.000056 0.000720 0.001440 0.002183 0.002910 0.003590 0.004177 0.004655 0.004927 0.006540 0.005937 0.000000 0.000000 0.000000 0.000000 0.000000
0.000000 0.000000 0.000000 0.000000 0.000000 0.000000 0.000000 0.000000 0.000000 0.000000 0.000000 -0.000983 -0.001105 -0.000946 -0.000988 -0.001037 -0.001101 -0.001182 -0.001277 -0.001388 -0.001512 -0.001647 -0.001790 -0.001936 -0.002079 -0.002207 -0.002311 -0.002372 -0.002380 -0.002301 -0.002132 -0.001830 -0.001404 -0.000827 -0.000117 0.000706 0.001610 0.002548 0.003470 0.004332 0.005075 0.005687 0.006011 0.007957 0.006896 0.000000 0.000000 0.000000 0.000000 0.000000
0.000000 0.000000 0.000000 0.000000 0.000000 0.000000 0.000000 0.000000 0.000000 0.000000 0.000000 -0.001009 -0.001160 -0.001012 -0.001061 -0.001117 -0.001191 -0.001284 -0.001397 -0.001528 -0.001677 -0.001842 -0.002021 -0.002208 -0.002398 -0.002577 -0.002738 -0.002852 -0.002914 -0.002870 -0.002725 -0.002408 -0.001936 -0.001259 -0.000402 0.000612 0.001740 0.002917 0.004081 0.005169 0.006110 0.006883 0.007314 0.009665 0.008004 0.000000 0.000000 0.000000 0.000000 0.000000
0.000000 0.000000 0.000000 0.000000 0.000000 0.000000 0.000000 0.000000 0.000000 0.000000 0.000000 -0.001401 -0.001213 -0.001064 -0.001118 -0.001180 -0.001264 -0.001371 -0.001500 -0.001652 -0.001828 -0.002027 -0.002246 -0.002482 -0.002730 -0.002974 -0.003211 -0.003399 -0.003542 -0.003560 -0.003469 -0.003156 -0.002649 -0.001864 -0.000831 0.000417 0.001830 0.003307 0.004776 0.006148 0.007335 0.008305 0.008860 0.011698 0.011681 0.000000 0.000000 0.000000 0.000000 0.000000
0.000000 0.000000 0.000000 0.000000 0.000000 0.000000 0.000000 0.000000 0.000000 0.000000 0.000000 -0.001084 -0.001102 -0.001096 -0.001152 -0.001221 -0.001314 -0.001433 -0.001578 -0.001752 -0.001956 -0.002190 -0.002454 -0.002745 -0.003062 -0.003385 -0.003720 -0.004007 -0.004272 -0.004384 -0.004400 -0.004119 -0.003614 -0.002717 -0.001471 0.000066 0.001844 0.003701 0.005562 0.007290 0.008787 0.010004 0.010706 0.011142 0.010698 0.000000 0.000000 0.000000 0.000000 0.000000
0.000000 0.000000 0.000000 0.000000 0.000000 0.000000 0.000000 0.000000 0.000000 0.000000 0.000000 -0.001065 -0.001068 -0.001115 -0.001162 -0.001238 -0.001338 -0.001468 -0.001629 -0.001823 -0.002055 -0.002325 -0.002637 -0.002989 -0.003385 -0.003804 -0.004262 -0.004682 -0.005113 -0.005375 -0.005553 -0.005364 -0.004886 -0.003884 -0.002375 -0.000476 0.001775 0.004116 0.006478 0.008653 0.010540 0.012062 0.012955 0.015444 0.012948 0.000000 0.000000 0.000000 0.000000 0.000000
0.000000 0.000000 0.000000 0.000000 0.000000 0.000000 0.000000 0.000000 0.000000 0.000000 0.000000 -0.001102 -0.001235 -0.001089 -0.001147 -0.001227 -0.001333 -0.001472 -0.001645 -0.001857 -0.002113 -0.002417 -0.002777 -0.003192 -0.003676 -0.004201 -0.004811 -0.005393 -0.006063 -0.006522 -0.007002 -0.006959 -0.006653 -0.005563 -0.003716 -0.001348 0.001544 0.004520 0.007536 0.010282 0.012658 0.014562 0.015671 0.017385 0.017217 0.000000 0.000000 0.000000 0.000000 0.000000
0.000000 0.000000 0.000000 0.000000 0.000000 0.000000 0.000000 0.000000 0.000000 0.000000 0.000000 -0.001137 -0.001159 -0.001044 -0.001106 -0.001187 -0.001296 -0.001441 -0.001622 -0.001848 -0.002124 -0.002458 -0.002863 -0.003340 -0.003915 -0.004562 -0.005345 -0.006142 -0.007097 -0.007886 -0.008727 -0.009036 -0.008930 -0.007820 -0.005515 -0.002546 0.001201 0.004982 0.008835 0.012284 0.015275 0.017614 0.019095 0.022732 0.020621 0.000000 0.000000 0.000000 0.000000 0.000000
0.000000 0.000000 0.000000 0.000000 0.000000 0.000000 0.000000 0.000000 0.000000 0.000000 0.000000 -0.001097 -0.001013 -0.000973 -0.001035 -0.001116 -0.001224 -0.001369 -0.001553 -0.001785 -0.002073 -0.002427 -0.002866 -0.003395 -0.004055 -0.004817 -0.005795 -0.006811 -0.008186 -0.009318 -0.010915 -0.011614 -0.012287 -0.011263 -0.008281 -0.004460 0.000518 0.005415 0.010377 0.014734 0.018482 0.021375 0.023155 0.028432 0.024406 0.000000 0.000000 0.000000 0.000000 0.000000
0.000000 0.000000 0.000000 0.000000 0.000000 0.000000 0.000000 0.000000 0.000000 0.000000 0.000000 -0.000857 -0.000911 -0.000883 -0.000938 -0.001015 -0.001119 -0.001259 -0.001439 -0.001668 -0.001957 -0.002319 -0.002777 -0.003345 -0.004073 -0.004955 -0.006109 -0.007436 -0.009190 -0.011012 -0.013264 -0.015095 -0.016468 -0.015788 -0.011820 -0.006869 -0.000206 0.006068 0.012427 0.017860 0.022483 0.026054 0.028114 0.033870 0.041508 0.000000 0.000000 0.000000 0.000000 0.000000
0.000000 0.000000 0.000000 0.000000 0.000000 0.000000 0.000000 0.000000 0.000000 0.000000 0.000000 -0.000781 -0.000748 -0.000762 -0.000811 -0.000881 -0.000976 -0.001104 -0.001270 -0.001484 -0.001757 -0.002106 -0.002556 -0.003128 -0.003885 -0.004825 -0.006135 -0.007657 -0.009964 -0.012270 -0.016160 -0.018922 -0.023223 -0.023509 -0.017580 -0.010711 -0.001523 0.006809 0.014983 0.021812 0.027509 0.031877 0.034380 0.041466 0.038531 0.000000 0.000000 0.000000 0.000000 0.000000
0.000000 0.000000 0.000000 0.000000 0.000000 0.000000 0.000000 0.000000 0.000000 0.000000 0.000000 -0.000433 -0.000599 -0.000623 -0.000664 -0.000723 -0.000803 -0.000913 -0.001057 -0.001245 -0.001488 -0.001803 -0.002218 -0.002764 -0.003492 -0.004478 -0.005827 -0.007676 -0.010249 -0.013770 -0.018543 -0.024579 -0.031605 -0.033190 -0.024661 -0.015228 -0.002424 0.008279 0.018673 0.026986 0.033836 0.039029 0.041922 0.050153 0.044995 0.000000 0.000000 0.000000 0.000000 0.000000
0.000000 0.000000 0.000000 0.000000 0.000000 0.000000 0.000000 0.000000 0.000000 0.000000 0.000000 -0.000456 -0.000459 -0.000458 -0.000489 -0.000535 -0.000598 -0.000682 -0.000792 -0.000941 -0.001126 -0.001377 -0.001709 -0.002161 -0.002777 -0.003637 -0.004858 -0.006606 -0.009377 -0.013133 -0.020078 -0.028533 -0.046402 -0.053117 -0.037043 -0.021644 -0.003554 0.010718 0.023625 0.033776 0.041833 0.047981 0.051262 0.060910 0.051693 0.000000 0.000000 0.000000 0.000000 0.000000
0.000000 0.000000 0.000000 0.000000 0.000000 0.000000 0.000000 0.000000 0.000000 0.000000 0.000000 -0.000300 -0.000250 -0.000295 -0.000317 -0.000341 -0.000382 -0.000437 -0.000511 -0.000608 -0.000741 -0.000910 -0.001147 -0.001481 -0.001882 -0.002617 -0.003499 -0.005239 -0.007517 -0.012404 -0.019933 -0.036407 -0.066836 -0.076324 -0.051575 -0.029291 -0.003083 0.015388 0.030965 0.042644 0.051814 0.058694 0.062427 0.073787 0.058529 0.000000 0.000000 0.000000 0.000000 0.000000
0.000000 0.000000 0.000000 0.000000 0.000000 0.000000 0.000000 0.000000 0.000000 0.000000 0.000000 -0.000102 -0.000026 -0.000007 0.000014 -0.000031 0.000092 0.000111 0.000117 -0.000016 0.000137 0.000157 -0.000230 0.000141 -0.000267 0.000111 0.000371 -0.000273 -0.000160 -0.003431 0.000945 -0.016955 -0.038020 -0.214508 -0.079538 -0.031413 0.001166 0.024146 0.041571 0.054589 0.064357 0.072199 0.075890 0.090526 0.074209 0.000000 0.000000 0.000000 0.000000 0.000000
0.521718 0.307884 0.402679 0.480340 0.477488 0.487500 0.485650 0.487992 0.567154 0.345105 0.516654 0.459833 0.361981 0.533290 0.475550 0.493866 0.484951 0.485206 0.484848 0.481918 0.483846 0.483371 0.483427 0.483751 0.485579 0.419694 0.486173 0.504684 0.403675 0.387120 0.375318 0.484802 -0.640766 -0.415460 -0.072647 -0.018865 0.015956 0.039436 0.056392 0.069382 0.079361 0.087329 0.091846 0.094110 0.119411 0.000000 0.000000 0.000000 0.000000 0.000000
0.540666 0.527103 0.550688 0.504737 0.491283 0.577940 0.574175 0.573250 0.564334 0.544696 0.502635 0.499666 0.441840 0.538836 0.535799 0.518947 0.514174 0.522541 0.532532 0.469531 0.470457 0.470798 0.472907 0.473077 0.473417 0.470257 0.471644 0.480777 0.465974 0.459427 0.364324 0.246173 -0.028059 -0.055060 0.001974 0.030300 0.047568 0.064479 0.077090 0.088362 0.097239 0.105966 0.109869 0.117616 0.109895 0.000000 0.000000 0.000000 0.000000 0.000000
0.455848 0.493301 0.487977 0.524358 0.525840 0.530056 0.536018 0.538445 0.520115 0.499587 0.499601 0.479769 0.501100 0.506320 0.527017 0.542442 0.541151 0.530748 0.529333 0.524446 0.521208 0.516470 0.518151 0.513752 0.509392 0.495149 0.494075 0.474243 0.459596 0.424967 0.386358 0.302167 0.177751 0.115717 0.067756 0.076264 0.081818 0.091182 0.099225 0.107988 0.116429 0.125170 0.131138 0.152128 0.130601 0.000000 0.000000 0.000000 0.000000 0.000000
0.504548 0.513849 0.507575 0.451547 0.468822 0.472949 0.469623 0.460697 0.451213 0.471613 0.460818 0.480030 0.467057 0.462074 0.450440 0.454457 0.456778 0.461690 0.459435 0.459722 0.445630 0.448210 0.444179 0.433820 0.426859 0.411532 0.407474 0.385758 0.368218 0.338875 0.314696 0.258565 0.197931 0.148196 0.123793 0.117046 0.114386 0.117316 0.121718 0.128560 0.136037 0.147412 0.153852 0.176393 0.174184 0.000000 0.000000 0.000000 0.000000 0.000000
0.495036 0.498703 0.488938 0.481355 0.496062 0.491940 0.493303 0.488313 0.474604 0.481891 0.470752 0.473749 0.474116 0.480772 0.477938 0.477822 0.480066 0.477883 0.478243 0.475720 0.462680 0.462707 0.459503 0.447823 0.443918 0.425015 0.418515 0.396484 0.383865 0.354668 0.326019 0.278200 0.227339 0.192526 0.160783 0.148766 0.141547 0.140474 0.141937 0.147208 0.154352 0.167412 0.180981 0.209293 0.205134 0.000000 0.000000 0.000000 0.000000 0.000000
0.496517 0.508361 0.472160 0.458746 0.469261 0.466832 0.465661 0.462136 0.455379 0.467640 0.457608 0.466092 0.456652 0.459204 0.454673 0.450961 0.450469 0.449400 0.446484 0.442030 0.431248 0.432339 0.424372 0.414699 0.407975 0.391651 0.385501 0.365273 0.352209 0.322569 0.301957 0.266193 0.236140 0.205701 0.186054 0.171807 0.163248 0.159547 0.159301 0.162243 0.169975 0.181392 0.205101 0.251861 0.283439 0.000000 0.000000 0.000000 0.000000 0.000000
0.537908 0.498787 0.475404 0.466598 0.478123 0.471722 0.474058 0.469080 0.463392 0.470441 0.460361 0.465416 0.458411 0.460951 0.459171 0.456217 0.457790 0.454343 0.451883 0.446844 0.438348 0.434058 0.428093 0.416882 0.410156 0.394217 0.385664 0.365421 0.352021 0.327178 0.306899 0.277799 0.250800 0.227004 0.205635 0.190815 0.181033 0.175160 0.172535 0.172756 0.176717 0.183838 0.195726 0.174784 0.000208 0.002301 0.001996 0.001593 0.010906 0.006171
0.506551 0.496834 0.461776 0.458856 0.465186 0.459780 0.462362 0.457776 0.455469 0.459039 0.452933 0.455708 0.449649 0.449689 0.446894 0.442390 0.442530 0.437541 0.434096 0.429413 0.420799 0.418466 0.409492 0.399479 0.392326 0.377552 0.370034 0.350742 0.339419 0.315840 0.301236 0.274586 0.256691 0.233650 0.218177 0.203966 0.194048 0.186827 0.182184 0.179006 0.178132 0.176192 0.176656 0.161972 0.113174 0.076338 0.061802 0.052221 0.054351 0.037742
0.483109 0.490295 0.461970 0.459524 0.463792 0.459719 0.461004 0.456636 0.454774 0.456356 0.451101 0.452027 0.447174 0.446421 0.444203 0.439575 0.438844 0.434562 0.430233 0.425383 0.417924 0.412875 0.405216 0.395846 0.387149 0.375020 0.364142 0.349049 0.335011 0.317217 0.300059 0.280802 0.261607 0.244332 0.228346 0.215241 0.205011 0.196767 0.190503 0.185219 0.181076 0.175282 0.168708 0.154588 0.123609 0.099414 0.083890 0.085234 0.087428 0.065876
0.466103 0.453314 0.454648 0.453793 0.455469 0.452985 0.453213 0.450772 0.449457 0.448820 0.445509 0.444784 0.441146 0.439131 0.436345 0.432279 0.429702 0.424831 0.420496 0.414959 0.408437 0.402792 0.394746 0.386063 0.377343 0.365893 0.355585 0.341362 0.329030 0.312349 0.298225 0.280374 0.265021 0.249168 0.235680 0.223486 0.213298 0.204530 0.197162 0.190477 0.184232 0.177162 0.168410 0.156282 0.135154 0.119285 0.105904 0.104029 0.099036 0.100935
0.461719 0.480626 0.451983 0.451196 0.452163 0.450175 0.449824 0.447426 0.445808 0.444907 0.441669 0.440459 0.436888 0.434789 0.431693 0.427681 0.424579 0.419927 0.415232 0.409777 0.403406 0.397016 0.389450 0.381025 0.372046 0.361658 0.350921 0.338583 0.325941 0.311987 0.297855 0.283049 0.268661 0.254786 0.242094 0.230548 0.220448 0.211433 0.203431 0.195947 0.188640 0.180798 0.171499 0.160919 0.146097 0.133769 0.122984 0.123608 0.117163 0.110843
0.457309 0.475784 0.447309 0.446755 0.446717 0.445298 0.444427 0.442797 0.441809 0.439490 0.437030 0.434953 0.431960 0.429139 0.425847 0.422052 0.418170 0.413537 0.408589 0.403047 0.396856 0.390280 0.382820 0.374672 0.365887 0.356052 0.345802 0.334307 0.322673 0.309820 0.297192 0.283834 0.271079 0.258506 0.246899 0.236048 0.226232 0.217228 0.208945 0.201132 0.193354 0.185533 0.176585 0.167520 0.155884 0.146872 0.137896 0.137238 0.146234 0.133545
0.453972 0.471723 0.443838 0.443351 0.443099 0.441702 0.440611 0.438952 0.437164 0.435466 0.432862 0.430702 0.427568 0.424720 0.421237 0.417430 0.413352 0.408711 0.403665 0.398099 0.391956 0.385334 0.378036 0.370101 0.361545 0.352221 0.342366 0.331724 0.320716 0.309056 0.297304 0.285250 0.273492 0.261968 0.251105 0.240843 0.231348 0.222494 0.214199 0.206319 0.198525 0.190845 0.182537 0.174510 0.165316 0.157860 0.150760 0.150854 0.160874 0.127871
0.514353 0.473161 0.440007 0.439874 0.438457 0.437356 0.435634 0.435577 0.433698 0.431597 0.428797 0.426247 0.423312 0.420135 0.416622 0.412736 0.408497 0.403811 0.398707 0.393137 0.387053 0.380486 0.373340 0.365632 0.357363 0.348480 0.339084 0.329144 0.318846 0.308078 0.297224 0.286175 0.275344 0.264705 0.254551 0.244862 0.235748 0.227153 0.219005 0.211260 0.203641 0.196316 0.188663 0.181564 0.173843 0.167739 0.161741 0.161504 0.165969 0.146070
0.419614 0.468030 0.436580 0.435899 0.435329 0.434170 0.432873 0.431298 0.429425 0.427411 0.424928 0.422375 0.419332 0.416130 0.412515 0.408582 0.404282 0.399578 0.394464 0.388913 0.382895 0.376417 0.369434 0.361951 0.353971 0.345481 0.336541 0.327172 0.317482 0.307463 0.297338 0.287108 0.277021 0.267109 0.257559 0.248389 0.239673 0.231393 0.223503 0.215996 0.208684 0.201732 0.194719 0.188320 0.181743 0.176505 0.171470 0.171409 0.164034 0.153352
0.510266 0.463450 0.433446 0.432939 0.431620 0.430472 0.428700 0.428503 0.426801 0.424562 0.421987 0.419242 0.416089 0.412758 0.408727 0.404734 0.400408 0.395689 0.390587 0.385077 0.379138 0.372772 0.365957 0.358696 0.351000 0.342868 0.334679 0.325486 0.316348 0.306960 0.297477 0.287930 0.278487 0.269200 0.260194 0.251504 0.243186 0.235248 0.227663 0.220455 0.213492 0.206945 0.200489 0.194708 0.188927 0.184397 0.180035 0.179916 0.169093 0.171641
0.437206 0.462031 0.430149 0.429573 0.428744 0.427582 0.426211 0.424561 0.422615 0.420477 0.417970 0.415261 0.412179 0.408846 0.405168 0.401166 0.396834 0.392118 0.387041 0.381586 0.375732 0.369490 0.362841 0.355793 0.348369 0.340557 0.332768 0.323996 0.315343 0.306489 0.297555 0.288587 0.279695 0.270950 0.262429 0.254188 0.246264 0.238685 0.231426 0.224543 0.217931 0.211773 0.205801 0.200505 0.195344 0.191278 0.187503 0.187408 0.192418 0.168075
0.425596 0.424635 0.427391 0.426703 0.426467 0.424647 0.423827 0.421571 0.420056 0.417406 0.415224 0.412152 0.409291 0.405723 0.402200 0.398056 0.393814 0.389093 0.384065 0.378687 0.372915 0.366806 0.360318 0.353471 0.346301 0.338771 0.331322 0.322941 0.314720 0.306317 0.297863 0.289379 0.280957 0.272675 0.264576 0.256725 0.249155 0.241906 0.234980 0.228417 0.222171 0.216393 0.210797 0.206075 0.201232 0.197846 0.194073 0.194100 0.202423 0.183305
0.423154 0.455191 0.424431 0.423857 0.423278 0.421662 0.420539 0.418553 0.416796 0.414412 0.412015 0.409137 0.406103 0.402646 0.399026 0.394954 0.390689 0.386010 0.380999 0.375705 0.370011 0.364035 0.357696 0.351028 0.344117 0.336819 0.329790 0.321632 0.313804 0.305770 0.297725 0.289683 0.281663 0.273823 0.266106 0.258657 0.251464 0.244598 0.237961 0.231716 0.225745 0.220333 0.215096 0.210615 0.206284 0.202935 0.199613 0.199757 0.206705 0.196929
0.445886 0.452186 0.422562 0.421576 0.422342 0.419545 0.419476 0.416320 0.415411 0.412033 0.410326 0.406736 0.404235 0.400307 0.397135 0.392624 0.388695 0.383902 0.378953 0.373879 0.368150 0.362378 0.356164 0.349659 0.342997 0.335843 0.329144 0.321278 0.313804 0.306078 0.298431 0.290724 0.283034 0.275547 0.268146 0.260968 0.254040 0.247387 0.241069 0.235049 0.229541 0.224261 0.219490 0.215273 0.211306 0.208345 0.204911 0.204957 0.200990 0.202758
0.418094 0.450576 0.419352 0.418202 0.418794 0.415894 0.415845 0.412766 0.411944 0.408777 0.407023 0.403650 0.400942 0.397098 0.393943 0.389532 0.385453 0.380943 0.375763 0.370886 0.365181 0.359533 0.353482 0.347045 0.340824 0.333646 0.327915 0.319557 0.312509 0.304893 0.297520 0.290284 0.282795 0.275793 0.268687 0.261900 0.255323 0.249224 0.242881 0.237585 0.231264 0.227229 0.221416 0.218635 0.213631 0.212149 0.208100 0.208864 0.206276 0.207667
0.414489 0.447580 0.419160 0.417294 0.420378 0.415508 0.417283 0.412300 0.412685 0.408038 0.407140 0.402667 0.400629 0.396291 0.393777 0.388757 0.384957 0.380420 0.375147 0.370644 0.364898 0.359393 0.353281 0.347102 0.341133 0.333764 0.328240 0.320500 0.313628 0.306112 0.299444 0.292337 0.284981 0.278322 0.271343 0.264638 0.258241 0.251949 0.246019 0.240530 0.235165 0.230994 0.225833 0.223237 0.218551 0.217333 0.213107 0.213264 0.209775 0.211075
0.397276 0.448719 0.415313 0.411964 0.413985 0.409082 0.410970 0.405983 0.406951 0.402765 0.401654 0.398258 0.395503 0.391413 0.388673 0.384522 0.380128 0.376214 0.370662 0.365916 0.360803 0.355171 0.349369 0.343047 0.337329 0.330194 0.327588 0.317179 0.310479 0.303231 0.296042 0.290008 0.282596 0.276273 0.269771 0.263337 0.257171 0.251297 0.245595 0.240455 0.234941 0.231074 0.225047 0.223344 0.217682 0.217633 0.213041 0.214995 0.213248 0.216211
0.386663 0.438473 0.417381 0.415419 0.421754 0.415399 0.418943 0.413132 0.413366 0.409805 0.407874 0.404814 0.400963 0.398110 0.394500 0.389645 0.385734 0.381274 0.376304 0.371614 0.366357 0.360779 0.354728 0.349076 0.342912 0.336069 0.326323 0.323548 0.316189 0.309206 0.302839 0.296497 0.288961 0.282956 0.276097 0.269812 0.263662 0.257733 0.252270 0.246892 0.242372 0.237978 0.233485 0.231270 0.225837 0.225695 0.219546 0.219610 0.215051 0.217781
0.434548 0.445196 0.416370 0.402492 0.405154 0.399281 0.400765 0.397648 0.396003 0.393676 0.391209 0.388992 0.386009 0.382705 0.379522 0.375431 0.371296 0.367183 0.361713 0.357106 0.352384 0.347070 0.341201 0.335258 0.329796 0.323033 0.325786 0.310457 0.304323 0.297144 0.290104 0.284739 0.277940 0.271820 0.265733 0.259750 0.254001 0.248430 0.243167 0.238138 0.233242 0.228948 0.225032 0.221233 0.217076 0.217352 0.212334 0.219454 0.221349 0.226446
0.429157 0.429589 0.413659 0.412658 0.414538 0.412179 0.410677 0.408942 0.406722 0.404443 0.401911 0.398621 0.395469 0.392119 0.388405 0.384607 0.380245 0.375861 0.371303 0.366261 0.360753 0.355481 0.349775 0.343790 0.337689 0.331569 0.325170 0.318639 0.311999 0.305384 0.298991 0.292398 0.285834 0.279299 0.273124 0.266809 0.261040 0.255239 0.249921 0.244809 0.240059 0.235776 0.231695 0.228646 0.225014 0.223221 0.222220 0.220009 0.218018 0.222825
0.421534 0.394312 0.383791 0.398800 0.402516 0.401170 0.400368 0.400694 0.400236 0.398253 0.393706 0.392931 0.392205 0.416655 0.383794 0.409155 0.404094 0.369473 0.366423 0.361571 0.352735 0.347998 0.343972 0.338203 0.333881 0.326452 0.319419 0.313542 0.306107 0.299216 0.293572 0.287717 0.280937 0.274518 0.268575 0.262155 0.256223 0.250307 0.245043 0.239775 0.234858 0.230401 0.230503 0.222946 0.218859 0.213668 0.211624 0.211514 0.224963 0.206402
0.472143 0.406207 0.411618 0.409412 0.381060 0.410981 0.407184 0.400368 0.384288 0.405327 0.379800 0.406386 0.366293 0.370789 0.393629 0.393622 0.358503 0.376263 0.372297 0.374741 0.370534 0.353937 0.350646 0.345739 0.339405 0.311768 0.307507 0.319076 0.311935 0.285045 0.275903 0.266869 0.261345 0.254991 0.272366 0.243047 0.246346 0.240625 0.255688 0.250424 0.245491 0.227569 0.231833 0.210008 0.224947 0.215469 0.220771 0.196345 0.220664 0.227514
