0.000000 0.000000 0.000000 0.000000 0.000000 0.000000 0.000000 0.000000 0.000000 0.000000 0.000000 0.000032 0.000174 0.000319 0.000449 0.000484 0.000607 0.001237 0.001539 0.001822 0.001263 0.001698 0.001928 0.001710 0.002075 0.002497 0.002423 0.002664 0.002295 0.003192 0.003655 0.003400 0.003853 0.003874 0.003879 0.003062 0.003593 0.002919 0.002833 0.001884 0.001878 0.001482 0.000810 0.000315 0.000179 0.000000 0.000000 0.000000 0.000000 0.000000
0.000000 0.000000 0.000000 0.000000 0.000000 0.000000 0.000000 0.000000 0.000000 0.000000 0.000000 0.000041 0.000151 0.000290 0.000441 0.000587 0.000743 0.000912 0.001095 0.001295 0.001478 0.001704 0.001931 0.002177 0.002226 0.002375 0.002985 0.003225 0.003433 0.003667 0.003833 0.004012 0.004123 0.004178 0.004109 0.004016 0.003857 0.003807 0.003333 0.002898 0.002521 0.001880 0.001266 0.000635 0.000082 0.000000 0.000000 0.000000 0.000000 0.000000
0.000000 0.000000 0.000000 0.000000 0.000000 0.000000 0.000000 0.000000 0.000000 0.000000 0.000000 0.000009 0.000004 0.000189 0.000327 0.000465 0.000610 0.000763 0.000925 0.001099 0.001284 0.001483 0.001695 0.001920 0.002156 0.002402 0.002651 0.002906 0.003152 0.003384 0.003593 0.003766 0.003896 0.003965 0.003966 0.003888 0.003725 0.003468 0.003125 0.002693 0.002183 0.001614 0.000964 0.000315 0.000364 0.000000 0.000000 0.000000 0.000000 0.000000
0.000000 0.000000 0.000000 0.000000 0.000000 0.000000 0.000000 0.000000 0.000000 0.000000 0.000000 -0.000023 0.000072 0.000212 0.000328 0.000465 0.000606 0.000759 0.000921 0.001095 0.001279 0.001478 0.001691 0.001917 0.002154 0.002402 0.002661 0.002904 0.003151 0.003386 0.003600 0.003775 0.003906 0.003974 0.003981 0.003906 0.003742 0.003484 0.003141 0.002702 0.002203 0.001620 0.001075 0.000911 0.000039 0.000000 0.000000 0.000000 0.000000 0.000000
0.000000 0.000000 0.000000 0.000000 0.000000 0.000000 0.000000 0.000000 0.000000 0.000000 0.000000 0.000020 0.000075 0.000185 0.000312 0.000442 0.000580 0.000727 0.000883 0.001053 0.001237 0.001436 0.001650 0.001881 0.002127 0.002388 0.002666 0.002938 0.003216 0.003484 0.003734 0.003950 0.004122 0.004231 0.004262 0.004203 0.004049 0.003787 0.003426 0.002961 0.002412 0.001780 0.001113 0.000173 0.000200 0.000000 0.000000 0.000000 0.000000 0.000000
0.000000 0.000000 0.000000 0.000000 0.000000 0.000000 0.000000 0.000000 0.000000 0.000000 0.000000 -0.000065 -0.000009 0.000180 0.000292 0.000414 0.000543 0.000684 0.000835 0.001001 0.001182 0.001380 0.001598 0.001836 0.002093 0.002370 0.002659 0.002970 0.003282 0.003592 0.003888 0.004153 0.004373 0.004527 0.004599 0.004571 0.004431 0.004167 0.003787 0.003282 0.002687 0.001987 0.001275 0.000123 0.000191 0.000000 0.000000 0.000000 0.000000 0.000000
0.000000 0.000000 0.000000 0.000000 0.000000 0.000000 0.000000 0.000000 0.000000 0.000000 0.000000 -0.000035 -0.000069 0.000160 0.000265 0.000377 0.000498 0.000629 0.000772 0.000931 0.001108 0.001305 0.001524 0.001768 0.002038 0.002334 0.002659 0.002998 0.003357 0.003722 0.004080 0.004414 0.004703 0.004924 0.005052 0.005064 0.004947 0.004681 0.004276 0.003721 0.003051 0.002256 0.001432 0.000105 0.000446 0.000000 0.000000 0.000000 0.000000 0.000000
0.000000 0.000000 0.000000 0.000000 0.000000 0.000000 0.000000 0.000000 0.000000 0.000000 0.000000 -0.000001 -0.000090 0.000146 0.000233 0.000334 0.000442 0.000562 0.000695 0.000845 0.001014 0.001207 0.001427 0.001676 0.001958 0.002275 0.002630 0.003011 0.003425 0.003856 0.004293 0.004714 0.005094 0.005403 0.005607 0.005677 0.005592 0.005328 0.004894 0.004278 0.003519 0.002624 0.001659 0.000079 0.000339 0.000000 0.000000 0.000000 0.000000 0.000000
0.000000 0.000000 0.000000 0.000000 0.000000 0.000000 0.000000 0.000000 0.000000 0.000000 0.000000 -0.000093 -0.000128 0.000120 0.000196 0.000282 0.000375 0.000481 0.000600 0.000738 0.000898 0.001083 0.001300 0.001552 0.001845 0.002181 0.002570 0.002998 0.003477 0.003990 0.004527 0.005061 0.005560 0.005990 0.006299 0.006450 0.006411 0.006153 0.005683 0.004985 0.004114 0.003054 0.001944 0.000049 0.000379 0.000000 0.000000 0.000000 0.000000 0.000000
0.000000 0.000000 0.000000 0.000000 0.000000 0.000000 0.000000 0.000000 0.000000 0.000000 0.000000 0.000018 -0.000142 0.000094 0.000152 0.000221 0.000297 0.000386 0.000488 0.000610 0.000755 0.000929 0.001138 0.001388 0.001688 0.002041 0.002461 0.002942 0.003496 0.004105 0.004764 0.005443 0.006099 0.006690 0.007141 0.007406 0.007434 0.007188 0.006678 0.005881 0.004873 0.003614 0.002333 0.000055 0.001112 0.000000 0.000000 0.000000 0.000000 0.000000
0.000000 0.000000 0.000000 0.000000 0.000000 0.000000 0.000000 0.000000 0.000000 0.000000 0.000000 0.000187 -0.000179 0.000064 0.000102 0.000152 0.000207 0.000275 0.000357 0.000458 0.000583 0.000739 0.000934 0.001175 0.001476 0.001841 0.002292 0.002822 0.003460 0.004179 0.004988 0.005850 0.006710 0.007525 0.008171 0.008594 0.008717 0.008493 0.007935 0.007012 0.005827 0.004325 0.002803 0.000075 -0.000362 0.000000 0.000000 0.000000 0.000000 0.000000
0.000000 0.000000 0.000000 0.000000 0.000000 0.000000 0.000000 0.000000 0.000000 0.000000 0.000000 0.000027 0.000083 0.000032 0.000046 0.000075 0.000107 0.000150 0.000207 0.000281 0.000380 0.000511 0.000683 0.000904 0.001196 0.001561 0.002036 0.002610 0.003335 0.004178 0.005168 0.006263 0.007392 0.008510 0.009424 0.010067 0.010323 0.010134 0.009519 0.008437 0.007028 0.005221 0.003388 0.001007 0.000381 0.000000 0.000000 0.000000 0.000000 0.000000
0.000000 0.000000 0.000000 0.000000 0.000000 0.000000 0.000000 0.000000 0.000000 0.000000 0.000000 -0.000094 -0.000039 -0.000006 -0.000012 -0.000010 -0.000004 0.000011 0.000038 0.000080 0.000146 0.000241 0.000379 0.000567 0.000835 0.001183 0.001670 0.002270 0.003083 0.004050 0.005253 0.006638 0.008113 0.009669 0.010954 0.011908 0.012351 0.012209 0.011522 0.010234 0.008540 0.006344 0.004125 0.004421 0.000441 0.000000 0.000000 0.000000 0.000000 0.000000
0.000000 0.000000 0.000000 0.000000 0.000000 0.000000 0.000000 0.000000 0.000000 0.000000 0.000000 0.000069 -0.000142 -0.000049 -0.000074 -0.000101 -0.000123 -0.000140 -0.000148 -0.000144 -0.000121 -0.000072 0.000019 0.000156 0.000380 0.000684 0.001158 0.001760 0.002643 0.003739 0.005179 0.006931 0.008872 0.011024 0.012832 0.014216 0.014913 0.014832 0.014052 0.012497 0.010437 0.007757 0.005052 0.003586 -0.000497 0.000000 0.000000 0.000000 0.000000 0.000000
0.000000 0.000000 0.000000 0.000000 0.000000 0.000000 0.000000 0.000000 0.000000 0.000000 0.000000 -0.000188 -0.000179 -0.000089 -0.000138 -0.000195 -0.000248 -0.000300 -0.000348 -0.000388 -0.000415 -0.000424 -0.000396 -0.000332 -0.000174 0.000047 0.000477 0.001018 0.001954 0.003111 0.004817 0.006987 0.009509 0.012610 0.015170 0.017167 0.018216 0.018194 0.017276 0.015352 0.012819 0.009503 0.006204 0.006430 -0.000831 0.000000 0.000000 0.000000 0.000000 0.000000
0.000000 0.000000 0.000000 0.000000 0.000000 0.000000 0.000000 0.000000 0.000000 0.000000 0.000000 -0.000162 -0.000135 -0.000130 -0.000206 -0.000291 -0.000376 -0.000466 -0.000556 -0.000647 -0.000732 -0.000811 -0.000863 -0.000897 -0.000842 -0.000746 -0.000422 0.000007 0.000898 0.002109 0.004027 0.006728 0.010084 0.014442 0.018107 0.020931 0.022437 0.022458 0.021342 0.018932 0.015767 0.011758 0.007489 0.008212 0.000566 0.000000 0.000000 0.000000 0.000000 0.000000
0.000000 0.000000 0.000000 0.000000 0.000000 0.000000 0.000000 0.000000 0.000000 0.000000 0.000000 -0.000086 -0.000173 -0.000168 -0.000270 -0.000384 -0.000502 -0.000629 -0.000763 -0.000908 -0.001058 -0.001218 -0.001364 -0.001521 -0.001597 -0.001694 -0.001518 -0.001373 -0.000554 0.000381 0.002516 0.005587 0.009862 0.016616 0.021988 0.025967 0.028083 0.028043 0.026580 0.023450 0.019459 0.014405 0.009155 0.009440 -0.002439 0.000000 0.000000 0.000000 0.000000 0.000000
0.000000 0.000000 0.000000 0.000000 0.000000 0.000000 0.000000 0.000000 0.000000 0.000000 0.000000 -0.000127 -0.000010 -0.000210 -0.000329 -0.000472 -0.000620 -0.000785 -0.000964 -0.001165 -0.001383 -0.001632 -0.001890 -0.002194 -0.002454 -0.002785 -0.002907 -0.003076 -0.002684 -0.001967 -0.000068 0.003526 0.009371 0.019099 0.027035 0.032550 0.035375 0.035080 0.033110 0.028980 0.023961 0.017642 0.011227 0.012029 -0.003452 0.000000 0.000000 0.000000 0.000000 0.000000
0.000000 0.000000 0.000000 0.000000 0.000000 0.000000 0.000000 0.000000 0.000000 0.000000 0.000000 -0.000043 -0.000125 -0.000238 -0.000381 -0.000549 -0.000725 -0.000924 -0.001144 -0.001396 -0.001680 -0.002018 -0.002387 -0.002852 -0.003296 -0.003948 -0.004356 -0.005208 -0.005186 -0.005765 -0.004142 -0.001693 0.005360 0.022262 0.034779 0.042307 0.045591 0.044537 0.041548 0.035969 0.029533 0.021612 0.013743 0.014146 0.007552 0.000000 0.000000 0.000000 0.000000 0.000000
0.000000 0.000000 0.000000 0.000000 0.000000 0.000000 0.000000 0.000000 0.000000 0.000000 0.000000 -0.000083 -0.000088 -0.000267 -0.000422 -0.000611 -0.000811 -0.001040 -0.001296 -0.001596 -0.001943 -0.002363 -0.002852 -0.003468 -0.004167 -0.005121 -0.006106 -0.007501 -0.008789 -0.010270 -0.010891 -0.008978 0.000737 0.025965 0.045199 0.054907 0.059062 0.056166 0.051765 0.044142 0.036022 0.026118 0.016804 0.017018 -0.001127 0.000000 0.000000 0.000000 0.000000 0.000000
0.000000 0.000000 0.000000 0.000000 0.000000 0.000000 0.000000 0.000000 0.000000 0.000000 0.000000 -0.000001 -0.000091 -0.000279 -0.000451 -0.000651 -0.000864 -0.001108 -0.001389 -0.001713 -0.002098 -0.002575 -0.003142 -0.003884 -0.004724 -0.005976 -0.007258 -0.009528 -0.011603 -0.016309 -0.019403 -0.026568 -0.019501 0.032485 0.067396 0.075788 0.077855 0.071897 0.064553 0.054184 0.043767 0.031532 0.020139 0.020571 0.001943 0.000000 0.000000 0.000000 0.000000 0.000000
0.000000 0.000000 0.000000 0.000000 0.000000 0.000000 0.000000 0.000000 0.000000 0.000000 0.000000 -0.000043 -0.000135 -0.000316 -0.000538 -0.000571 -0.001365 -0.001725 -0.001386 -0.001877 -0.002394 -0.002927 -0.003251 -0.004490 -0.004778 -0.007004 -0.009018 -0.011329 -0.012987 -0.016630 -0.030500 -0.064167 -0.182132 -0.029392 0.114205 0.108521 0.103299 0.090201 0.078985 0.065044 0.052086 0.037335 0.024109 0.024593 -0.001303 0.000000 0.000000 0.000000 0.000000 0.000000
-0.015885 -0.009929 -0.014249 -0.032681 0.002010 0.008133 0.026581 -0.001046 -0.061968 0.015601 0.009095 0.004352 -0.004037 0.030282 0.067229 0.029805 0.025683 0.024334 0.023644 0.020338 0.026112 0.027959 0.034443 0.038836 0.038682 0.111037 0.052740 0.051508 0.173412 0.211399 0.296521 0.349950 0.705717 0.441868 0.192860 0.156277 0.134444 0.112304 0.094943 0.077096 0.061379 0.043809 0.028386 0.008836 0.019856 0.000000 0.000000 0.000000 0.000000 0.000000
0.011344 -0.015655 0.019727 0.037923 0.009048 0.026596 0.033576 0.039002 0.055560 0.052179 0.004915 0.048388 0.065554 0.081975 0.087642 0.087443 0.102792 0.096477 0.099461 0.117421 0.128324 0.140725 0.156996 0.173426 0.188969 0.213549 0.236961 0.282094 0.307619 0.361741 0.471171 0.533572 0.584886 0.427009 0.259120 0.194878 0.161178 0.130782 0.108862 0.088135 0.070049 0.050663 0.033279 0.002609 -0.010898 0.000000 0.000000 0.000000 0.000000 0.000000
0.003259 -0.000439 0.040772 0.037307 0.043482 0.025780 0.022213 0.024806 0.034817 0.026794 0.054400 0.058279 0.074373 0.097939 0.102684 0.114422 0.109728 0.115079 0.119121 0.127095 0.140983 0.151789 0.162373 0.178962 0.197182 0.215632 0.236205 0.261025 0.288296 0.320362 0.352739 0.404323 0.391375 0.325790 0.253334 0.206209 0.170605 0.141713 0.118915 0.097361 0.079018 0.057705 0.038872 0.038495 0.005186 0.000000 0.000000 0.000000 0.000000 0.000000
0.006962 -0.035698 0.016061 0.007711 0.010897 0.023897 0.032450 0.048953 0.057758 0.065916 0.062252 0.054766 0.062726 0.059390 0.061281 0.078857 0.093322 0.106257 0.116405 0.127119 0.139977 0.150975 0.163829 0.180594 0.196902 0.215285 0.235266 0.261502 0.287138 0.309811 0.337661 0.357656 0.337783 0.299937 0.249638 0.207249 0.175449 0.148180 0.125768 0.105407 0.086652 0.066870 0.048239 0.031526 0.001415 0.000000 0.000000 0.000000 0.000000 0.000000
0.028818 -0.007553 0.022992 0.021166 0.017298 0.027584 0.032596 0.038251 0.042997 0.042879 0.053984 0.058157 0.068727 0.081065 0.082880 0.090085 0.094669 0.104094 0.112774 0.123436 0.133736 0.144362 0.157154 0.170029 0.184881 0.198915 0.214995 0.232326 0.246714 0.262756 0.276002 0.288569 0.277862 0.256428 0.224506 0.197048 0.171857 0.149245 0.130212 0.111774 0.096904 0.077205 0.063248 0.058569 -0.003541 0.000000 0.000000 0.000000 0.000000 0.000000
0.004722 -0.024844 0.014095 0.011620 0.017724 0.026277 0.032048 0.041093 0.045623 0.048135 0.056415 0.057311 0.062979 0.069486 0.076767 0.082908 0.092392 0.100501 0.109759 0.120029 0.129527 0.138787 0.150758 0.162256 0.174976 0.188473 0.201229 0.215542 0.228211 0.242662 0.252020 0.258073 0.248036 0.233386 0.210142 0.188402 0.167335 0.148662 0.132429 0.117839 0.106986 0.095004 0.091779 0.121727 0.003250 0.000000 0.000000 0.000000 0.000000 0.000000
0.027646 -0.013146 0.016850 0.015009 0.018228 0.025898 0.030610 0.036776 0.040249 0.045109 0.051733 0.057001 0.063490 0.070002 0.077418 0.083244 0.090308 0.097929 0.106415 0.115829 0.123898 0.132980 0.143887 0.153821 0.165360 0.175452 0.186908 0.197132 0.208389 0.215270 0.220969 0.222423 0.217036 0.205744 0.190977 0.175589 0.159748 0.145310 0.132879 0.122531 0.116615 0.114095 0.123031 0.135693 0.228530 0.155472 0.101768 0.064056 0.059390 0.004967
-0.035436 -0.015595 0.013718 0.012778 0.018908 0.025343 0.029293 0.036926 0.039023 0.044488 0.051052 0.055395 0.062172 0.066418 0.073824 0.079306 0.086394 0.094221 0.102491 0.110438 0.118965 0.126657 0.136525 0.145603 0.154916 0.164598 0.172913 0.182674 0.188899 0.196487 0.197978 0.201075 0.194527 0.188271 0.176333 0.164527 0.151774 0.140188 0.130068 0.122082 0.117756 0.117835 0.126226 0.145287 0.150897 0.120190 0.083302 0.083327 0.041301 0.010958
0.020744 -0.012675 0.013865 0.013310 0.018258 0.023931 0.027949 0.033908 0.037502 0.043496 0.048270 0.053702 0.059247 0.064714 0.071600 0.076920 0.083483 0.090641 0.097667 0.105474 0.112405 0.120051 0.129124 0.136392 0.145285 0.152369 0.160619 0.166779 0.173264 0.176538 0.179663 0.178740 0.176048 0.169836 0.161698 0.152543 0.142612 0.133427 0.125082 0.118528 0.113736 0.112423 0.112769 0.120380 0.117159 0.098416 0.072632 0.073818 0.038346 0.004239
0.000138 -0.008623 0.012829 0.012244 0.017855 0.022857 0.027135 0.032928 0.036232 0.041403 0.046723 0.051472 0.057280 0.061867 0.068142 0.073527 0.079559 0.086425 0.092760 0.099867 0.106522 0.113235 0.120921 0.127822 0.134836 0.141669 0.147655 0.153664 0.157727 0.161565 0.162607 0.162876 0.159938 0.155312 0.148754 0.141279 0.133296 0.125668 0.118540 0.112668 0.107767 0.105161 0.102209 0.102725 0.095705 0.081580 0.061126 0.058947 0.037492 0.019058
-0.000130 -0.012362 0.012492 0.012268 0.017213 0.021639 0.025884 0.030749 0.034733 0.039905 0.044358 0.049342 0.054245 0.059320 0.064996 0.070117 0.075899 0.081821 0.087761 0.094035 0.100033 0.106369 0.112900 0.118897 0.125187 0.130556 0.136161 0.140316 0.144344 0.146408 0.147842 0.147284 0.145060 0.141301 0.136092 0.130177 0.123684 0.117306 0.111039 0.105605 0.100359 0.096623 0.091833 0.088660 0.080304 0.068650 0.051981 0.052084 0.034368 -0.004867
-0.000095 -0.012937 0.011856 0.011725 0.016510 0.020540 0.024734 0.029309 0.033139 0.037718 0.042308 0.046792 0.051692 0.056230 0.061484 0.066385 0.071604 0.077107 0.082531 0.088191 0.093751 0.099349 0.105004 0.110408 0.115709 0.120542 0.124984 0.128696 0.131657 0.133561 0.134333 0.133826 0.131894 0.128785 0.124550 0.119639 0.114191 0.108668 0.103069 0.097888 0.092612 0.088086 0.082435 0.077297 0.068629 0.058680 0.044328 0.042877 0.029255 0.000814
0.000324 -0.012514 0.011257 0.011333 0.015709 0.019394 0.023437 0.027512 0.031495 0.035773 0.039927 0.044291 0.048677 0.053176 0.057875 0.062533 0.067375 0.072307 0.077275 0.082326 0.087342 0.092340 0.097293 0.102030 0.106576 0.110713 0.114435 0.117500 0.119886 0.121372 0.121891 0.121378 0.119739 0.117147 0.113638 0.109514 0.104868 0.100023 0.094948 0.090019 0.084769 0.079859 0.073842 0.068041 0.059500 0.050697 0.038107 0.037530 0.026528 0.001340
-0.037202 0.011189 0.009019 0.013013 0.017286 0.021399 0.025546 0.025636 0.029555 0.033576 0.037564 0.041561 0.045737 0.049843 0.054192 0.058496 0.062937 0.067424 0.071942 0.076481 0.080983 0.085425 0.089769 0.093913 0.097826 0.101370 0.104492 0.107057 0.108995 0.110168 0.110529 0.110022 0.108617 0.106402 0.103428 0.099883 0.095843 0.091521 0.086895 0.082216 0.077142 0.072121 0.066118 0.060131 0.052056 0.044179 0.032998 0.032036 0.005790 0.015870
0.000790 0.015352 0.010011 0.009709 0.013968 0.016968 0.020669 0.024118 0.027724 0.031370 0.035049 0.038813 0.042629 0.046489 0.050438 0.054411 0.058457 0.062522 0.066602 0.070670 0.074689 0.078625 0.082437 0.086051 0.089423 0.092456 0.095092 0.097236 0.098821 0.099751 0.099991 0.099502 0.098272 0.096356 0.093796 0.090712 0.087159 0.083281 0.079056 0.074657 0.069828 0.064896 0.059108 0.053269 0.045746 0.038641 0.028655 0.027843 0.005836 0.000394
-0.037264 -0.013091 0.008431 0.011716 0.015042 0.018479 0.021911 0.022082 0.025414 0.028914 0.032430 0.035942 0.039503 0.043054 0.046645 0.050268 0.053937 0.057606 0.061276 0.064912 0.068486 0.071963 0.075301 0.078449 0.081355 0.083953 0.086235 0.087984 0.089287 0.090026 0.090177 0.089708 0.088620 0.086943 0.084709 0.081998 0.078848 0.075352 0.071499 0.067400 0.062882 0.058168 0.052726 0.047196 0.040296 0.033912 0.025074 0.024317 0.025161 -0.003112
0.001377 0.014634 0.008583 0.008086 0.011782 0.014415 0.017607 0.020543 0.023637 0.026740 0.029872 0.033066 0.036266 0.039530 0.042796 0.046095 0.049412 0.052700 0.055988 0.059219 0.062383 0.065444 0.068359 0.071094 0.073595 0.075819 0.077747 0.079221 0.080294 0.080880 0.080963 0.080513 0.079543 0.078064 0.076100 0.073705 0.070904 0.067759 0.064264 0.060490 0.056324 0.051904 0.046890 0.041746 0.035477 0.029781 0.021751 0.021196 0.020759 0.004428
0.003940 0.006222 0.007914 0.007634 0.011006 0.013177 0.016226 0.018709 0.021680 0.024337 0.027313 0.030090 0.033084 0.035956 0.038966 0.041881 0.044889 0.047810 0.050744 0.053601 0.056388 0.059071 0.061604 0.063976 0.066120 0.068019 0.069609 0.070892 0.071778 0.072237 0.072274 0.071847 0.070982 0.069676 0.067946 0.065833 0.063345 0.060514 0.057354 0.053904 0.050116 0.046048 0.041475 0.036810 0.031107 0.026090 0.018920 0.018490 -0.004639 0.005940
0.004250 0.015622 0.007229 0.006974 0.009706 0.011778 0.014390 0.016767 0.019347 0.021898 0.024499 0.027133 0.029746 0.032436 0.035007 0.037704 0.040359 0.042949 0.045577 0.048066 0.050498 0.052842 0.055022 0.057076 0.058893 0.060520 0.061807 0.062933 0.063665 0.064018 0.064020 0.063603 0.062834 0.061677 0.060145 0.058274 0.056063 0.053542 0.050734 0.047657 0.044246 0.040562 0.036525 0.032231 0.027352 0.022634 0.016533 0.016090 0.015432 0.006670
0.011056 -0.013492 0.006344 0.006166 0.008799 0.010490 0.013099 0.014910 0.017517 0.019437 0.022022 0.024080 0.026580 0.028788 0.031260 0.033435 0.035935 0.038065 0.040376 0.042607 0.044657 0.046750 0.048592 0.050392 0.051909 0.053239 0.054156 0.055285 0.055909 0.056151 0.056181 0.055779 0.055114 0.054111 0.052761 0.051138 0.049217 0.046950 0.044437 0.041532 0.038623 0.035193 0.031861 0.027921 0.023900 0.019804 0.014125 0.013944 -0.003980 0.007122
0.004206 0.016055 0.005576 0.005803 0.007599 0.008940 0.011130 0.012718 0.015032 0.016803 0.019061 0.021006 0.023179 0.025304 0.027232 0.029240 0.031365 0.033254 0.035314 0.037097 0.038972 0.040676 0.042250 0.043887 0.044904 0.046277 0.046783 0.047928 0.048265 0.048613 0.048630 0.048124 0.047626 0.046651 0.045471 0.044033 0.042356 0.040386 0.038331 0.035881 0.033449 0.030482 0.027507 0.024126 0.020406 0.016799 0.011956 0.012025 -0.006120 0.005967
0.002768 0.012734 0.004170 0.004474 0.006488 0.007584 0.009983 0.011035 0.013505 0.014538 0.016777 0.018076 0.019966 0.021627 0.023549 0.025063 0.026864 0.028504 0.030070 0.031854 0.033238 0.034701 0.035966 0.037210 0.038308 0.039112 0.039889 0.040627 0.041068 0.041072 0.041220 0.040884 0.040258 0.039621 0.038574 0.037319 0.035901 0.034230 0.032438 0.030393 0.028249 0.025504 0.023230 0.020161 0.017424 0.014395 0.010617 0.010427 -0.008129 0.007149
0.009312 0.012310 0.003241 0.004623 0.005543 0.005951 0.007916 0.008552 0.010801 0.012024 0.013828 0.015118 0.016581 0.018178 0.019412 0.020907 0.022393 0.023682 0.025084 0.026439 0.027592 0.028765 0.029841 0.030870 0.031697 0.032425 0.039308 0.033554 0.033831 0.033954 0.034058 0.033598 0.033188 0.032590 0.031743 0.030760 0.029615 0.028280 0.026796 0.025124 0.023346 0.021309 0.019346 0.016828 0.014248 0.011567 0.007754 0.008699 -0.010570 0.005905
-0.001088 -0.013712 -0.000418 0.002284 0.003653 0.005062 0.006860 0.007379 0.008816 0.009873 0.011236 0.012437 0.013572 0.014788 0.015947 0.017004 0.018163 0.019217 0.020282 0.021387 0.022378 0.023239 0.024071 0.024930 0.025562 0.026086 0.032050 0.027178 0.027210 0.027280 0.027350 0.027172 0.026658 0.026243 0.025525 0.024751 0.023785 0.022717 0.021512 0.020193 0.018745 0.017179 0.015601 0.013209 0.011708 0.009760 0.007316 0.008838 -0.012361 0.008575
0.013612 0.018762 -0.000522 0.004223 0.004969 0.002767 0.005727 0.005246 0.006584 0.007406 0.008655 0.009393 0.010282 0.011148 0.012231 0.012902 0.013754 0.014567 0.015220 0.016118 0.016986 0.017525 0.018106 0.018816 0.019244 0.019613 0.024474 0.020438 0.020407 0.020374 0.020388 0.020258 0.019949 0.019594 0.019088 0.018480 0.017757 0.016947 0.016036 0.015011 0.013869 0.012731 0.011620 0.009579 0.009203 0.005917 0.003633 0.008535 -0.018170 0.001041
0.014658 0.019830 -0.001862 0.002414 0.005101 0.002122 0.004566 0.004975 0.006205 0.006839 0.007937 0.008637 0.009870 0.010813 0.011584 0.012455 0.013178 0.014062 0.014987 0.015405 0.016116 0.017023 0.017798 0.018151 0.018762 0.019341 0.017235 0.019634 0.019900 0.020097 0.019786 0.019574 0.019414 0.018989 0.018520 0.017933 0.017264 0.016459 0.015611 0.014599 0.013654 0.012278 0.011357 0.009704 0.008954 0.005261 0.006590 0.007241 -0.016352 0.002109
0.004116 -0.006850 0.006317 -0.017209 -0.018618 -0.017471 0.021419 0.020009 -0.015092 -0.015023 -0.015954 0.024460 0.023616 0.000057 0.023540 0.000753 0.001062 0.025974 0.024786 0.026669 0.025994 0.027735 0.026406 0.026479 -0.007535 0.026294 0.025960 0.025402 0.025275 0.026887 0.025445 0.025120 0.024691 0.024069 0.024032 0.023059 -0.006085 -0.005849 -0.006219 -0.006227 -0.006556 -0.006987 0.019508 -0.007525 -0.007437 -0.007474 -0.007888 0.015970 0.017077 0.001966
0.010982 0.000941 0.010771 -0.001092 -0.000512 0.003916 0.014699 0.006390 0.008963 -0.000443 0.009143 0.002594 0.002255 0.009985 0.007656 0.000824 0.010309 0.009427 -0.000777 0.000442 0.000549 0.001134 -0.002757 -0.006607 0.002155 -0.002529 -0.005050 0.001491 -0.019710 -0.006857 0.004968 0.008060 0.008259 0.008189 0.011016 0.007780 -0.004648 -0.004535 0.002141 0.002038 0.001893 -0.001961 0.002363 0.006041 0.008745 -0.001272 0.000172 -0.004605 -0.000481 -0.008307
