-0.000025 -0.000001 -0.000055 0.000018 -0.000055 -0.000078 -0.000078 -0.000123 -0.000050 -0.000034 0.000227 -0.000052 0.000208 -0.000405 0.000221 0.000073 0.000463 -0.000068 0.000134 -0.000285 0.001094 0.000567 0.000291 0.000048 -0.000746 -0.000323 0.000619 0.000336 -0.000353 0.000324 0.000719 -0.000124 0.000107 0.000162 0.000143 0.000228 0.000436 0.000098 -0.000041 0.000149 0.000115 0.000000 0.000000 0.000000 0.000000 0.000000 0.000000 0.000000 0.000000 0.000000
-0.000310 -0.000277 -0.000179 -0.000170 -0.000165 -0.000171 -0.000179 -0.000349 -0.000200 -0.000203 -0.000464 -0.000503 -0.000198 -0.000582 -0.000617 -0.000648 -0.000764 -0.000789 -0.000692 -0.000819 -0.000817 -0.000664 -0.000777 -0.000742 -0.000688 0.000363 0.000529 -0.000449 -0.000344 -0.000253 -0.000152 0.000103 0.000183 0.000273 0.000428 0.000485 0.000987 0.000556 0.000968 0.000820 0.000816 0.000000 0.000000 0.000000 0.000000 0.000000 0.000000 0.000000 0.000000 0.000000
-0.000288 -0.000393 -0.000434 -0.000447 -0.000463 -0.000487 -0.000522 -0.000562 -0.000606 -0.000650 -0.000695 -0.000738 -0.000778 -0.000812 -0.000839 -0.000858 -0.000866 -0.000861 -0.000842 -0.000807 -0.000755 -0.000685 -0.000596 -0.000487 -0.000359 -0.000183 -0.000051 0.000121 0.000305 0.000497 0.000690 0.000883 0.001071 0.001250 0.001412 0.001564 0.001686 0.001798 0.001898 0.001858 0.001410 0.000000 0.000000 0.000000 0.000000 0.000000 0.000000 0.000000 0.000000 0.000000
-0.000523 -0.000545 -0.000575 -0.000443 -0.000478 -0.000504 -0.000542 -0.000584 -0.000631 -0.000677 -0.000726 -0.000770 -0.000811 -0.000846 -0.000874 -0.000890 -0.000898 -0.000890 -0.000871 -0.000832 -0.000778 -0.000704 -0.000613 -0.000499 -0.000366 -0.000284 -0.000052 0.000117 0.000309 0.000510 0.000713 0.000915 0.001110 0.001298 0.001464 0.001618 0.001741 0.001851 0.001900 0.002735 0.002653 0.000000 0.000000 0.000000 0.000000 0.000000 0.000000 0.000000 0.000000 0.000000
-0.000506 -0.000650 -0.000597 -0.000604 -0.000636 -0.000678 -0.000732 -0.000791 -0.000855 -0.000922 -0.000988 -0.001053 -0.001113 -0.001166 -0.001209 -0.001239 -0.001254 -0.001251 -0.001227 -0.001180 -0.001108 -0.001010 -0.000883 -0.000727 -0.000544 -0.000409 -0.000096 0.000160 0.000430 0.000708 0.000989 0.001269 0.001540 0.001799 0.002034 0.002251 0.002425 0.002585 0.002640 0.003555 0.003262 0.000000 0.000000 0.000000 0.000000 0.000000 0.000000 0.000000 0.000000 0.000000
-0.000749 -0.000814 -0.000710 -0.000713 -0.000763 -0.000819 -0.000888 -0.000964 -0.001047 -0.001133 -0.001220 -0.001304 -0.001382 -0.001450 -0.001507 -0.001547 -0.001570 -0.001569 -0.001544 -0.001490 -0.001404 -0.001284 -0.001129 -0.000937 -0.000709 -0.000571 -0.000155 0.000162 0.000501 0.000854 0.001212 0.001568 0.001913 0.002243 0.002541 0.002815 0.003036 0.003238 0.003316 0.004427 0.004059 0.000000 0.000000 0.000000 0.000000 0.000000 0.000000 0.000000 0.000000 0.000000
-0.000817 -0.000942 -0.000834 -0.000838 -0.000899 -0.000969 -0.001056 -0.001153 -0.001259 -0.001369 -0.001480 -0.001589 -0.001689 -0.001780 -0.001855 -0.001913 -0.001947 -0.001955 -0.001931 -0.001872 -0.001773 -0.001632 -0.001444 -0.001211 -0.000930 -0.000768 -0.000240 0.000158 0.000583 0.001025 0.001474 0.001921 0.002355 0.002768 0.003144 0.003487 0.003768 0.004013 0.004114 0.005363 0.004538 0.000000 0.000000 0.000000 0.000000 0.000000 0.000000 0.000000 0.000000 0.000000
-0.000793 -0.000983 -0.000928 -0.000933 -0.001008 -0.001094 -0.001201 -0.001320 -0.001451 -0.001589 -0.001727 -0.001863 -0.001990 -0.002104 -0.002202 -0.002278 -0.002328 -0.002347 -0.002330 -0.002270 -0.002162 -0.002003 -0.001787 -0.001514 -0.001182 -0.000780 -0.000359 0.000120 0.000634 0.001170 0.001716 0.002261 0.002789 0.003292 0.003750 0.004168 0.004508 0.004809 0.004932 0.006390 0.005135 0.000000 0.000000 0.000000 0.000000 0.000000 0.000000 0.000000 0.000000 0.000000
-0.000912 -0.001086 -0.001011 -0.001017 -0.001106 -0.001210 -0.001339 -0.001486 -0.001646 -0.001817 -0.001989 -0.002157 -0.002315 -0.002459 -0.002583 -0.002684 -0.002755 -0.002791 -0.002784 -0.002729 -0.002616 -0.002441 -0.002197 -0.001882 -0.001495 -0.001020 -0.000519 0.000054 0.000670 0.001316 0.001974 0.002631 0.003269 0.003876 0.004429 0.004933 0.005345 0.005703 0.005853 0.007521 0.006072 0.000000 0.000000 0.000000 0.000000 0.000000 0.000000 0.000000 0.000000 0.000000
-0.000901 -0.001117 -0.001066 -0.001072 -0.001178 -0.001300 -0.001454 -0.001631 -0.001825 -0.002037 -0.002246 -0.002452 -0.002645 -0.002824 -0.002980 -0.003111 -0.003209 -0.003269 -0.003280 -0.003236 -0.003125 -0.002940 -0.002671 -0.002317 -0.001872 -0.001328 -0.000733 -0.000056 0.000675 0.001442 0.002227 0.003011 0.003771 0.004495 0.005156 0.005755 0.006247 0.006677 0.006854 0.008768 0.008041 0.000000 0.000000 0.000000 0.000000 0.000000 0.000000 0.000000 0.000000 0.000000
-0.000936 -0.001096 -0.001097 -0.001104 -0.001225 -0.001368 -0.001550 -0.001763 -0.002001 -0.002259 -0.002518 -0.002766 -0.003000 -0.003216 -0.003409 -0.003576 -0.003708 -0.003800 -0.003838 -0.003814 -0.003711 -0.003524 -0.003233 -0.002841 -0.002334 -0.001712 -0.001013 -0.000218 0.000646 0.001554 0.002486 0.003416 0.004318 0.005178 0.005962 0.006672 0.007257 0.007761 0.007987 0.010044 0.008761 0.000000 0.000000 0.000000 0.000000 0.000000 0.000000 0.000000 0.000000 0.000000
-0.000951 -0.001047 -0.001094 -0.001101 -0.001236 -0.001401 -0.001609 -0.001867 -0.002147 -0.002473 -0.002780 -0.003085 -0.003362 -0.003626 -0.003860 -0.004072 -0.004246 -0.004380 -0.004456 -0.004466 -0.004383 -0.004204 -0.003898 -0.003472 -0.002900 -0.002198 -0.001376 -0.000446 0.000571 0.001643 0.002744 0.003843 0.004910 0.005924 0.006849 0.007686 0.008376 0.008966 0.009233 0.011715 0.009066 0.000000 0.000000 0.000000 0.000000 0.000000 0.000000 0.000000 0.000000 0.000000
-0.000875 -0.000975 -0.001054 -0.001062 -0.001210 -0.001395 -0.001639 -0.001939 -0.002293 -0.002688 -0.003088 -0.003432 -0.003763 -0.004067 -0.004347 -0.004606 -0.004831 -0.005020 -0.005147 -0.005206 -0.005158 -0.005003 -0.004690 -0.004237 -0.003595 -0.002800 -0.001842 -0.000756 0.000441 0.001704 0.003004 0.004301 0.005558 0.006753 0.007841 0.008824 0.009634 0.010329 0.010640 0.013470 0.013551 0.000000 0.000000 0.000000 0.000000 0.000000 0.000000 0.000000 0.000000 0.000000
-0.001089 -0.000886 -0.000971 -0.000976 -0.001129 -0.001333 -0.001595 -0.001962 -0.002363 -0.002904 -0.003355 -0.003793 -0.004157 -0.004524 -0.004849 -0.005170 -0.005457 -0.005717 -0.005914 -0.006044 -0.006051 -0.005943 -0.005633 -0.005167 -0.004450 -0.003556 -0.002431 -0.001169 0.000243 0.001731 0.003265 0.004793 0.006273 0.007676 0.008952 0.010104 0.011053 0.011868 0.012236 0.014380 0.017834 0.000000 0.000000 0.000000 0.000000 0.000000 0.000000 0.000000 0.000000 0.000000
-0.000680 -0.000704 -0.000838 -0.000850 -0.001002 -0.001212 -0.001508 -0.001914 -0.002447 -0.003120 -0.003792 -0.004202 -0.004627 -0.005013 -0.005386 -0.005764 -0.006123 -0.006471 -0.006759 -0.006992 -0.007078 -0.007053 -0.006765 -0.006309 -0.005511 -0.004507 -0.003196 -0.001713 -0.000041 0.001716 0.003528 0.005329 0.007068 0.008712 0.010206 0.011552 0.012659 0.013609 0.014045 0.016517 0.013193 0.000000 0.000000 0.000000 0.000000 0.000000 0.000000 0.000000 0.000000 0.000000
-0.000376 -0.000547 -0.000660 -0.000660 -0.000791 -0.000987 -0.001266 -0.001725 -0.002340 -0.003409 -0.004098 -0.004668 -0.005045 -0.005515 -0.005915 -0.006371 -0.006815 -0.007276 -0.007684 -0.008060 -0.008261 -0.008366 -0.008121 -0.007706 -0.006813 -0.005699 -0.004148 -0.002411 -0.000421 0.001656 0.003800 0.005921 0.007962 0.009886 0.011628 0.013196 0.014487 0.015596 0.016106 0.019053 0.023631 0.000000 0.000000 0.000000 0.000000 0.000000 0.000000 0.000000 0.000000 0.000000
-0.000184 -0.000301 -0.000412 -0.000461 -0.000546 -0.000715 -0.000983 -0.001430 -0.002169 -0.003671 -0.005070 -0.005295 -0.005578 -0.006017 -0.006448 -0.006968 -0.007514 -0.008115 -0.008677 -0.009251 -0.009613 -0.009932 -0.009764 -0.009469 -0.008477 -0.007232 -0.005379 -0.003322 -0.000934 0.001535 0.004081 0.006580 0.008975 0.011220 0.013248 0.015071 0.016566 0.017856 0.018448 0.021702 0.023266 0.000000 0.000000 0.000000 0.000000 0.000000 0.000000 0.000000 0.000000 0.000000
-0.000039 -0.000010 -0.000031 -0.000037 0.000017 -0.000133 -0.000115 -0.000570 -0.002024 -0.001420 -0.006019 -0.006060 -0.006180 -0.006511 -0.006944 -0.007531 -0.008196 -0.008972 -0.009734 -0.010573 -0.011162 -0.011780 -0.011732 -0.011616 -0.010478 -0.009126 -0.006880 -0.004448 -0.001557 0.001379 0.004404 0.007342 0.010143 0.012753 0.015101 0.017211 0.018938 0.020437 0.021122 0.024724 0.030971 0.000000 0.000000 0.000000 0.000000 0.000000 0.000000 0.000000 0.000000 0.000000
0.000000 0.000000 0.000000 0.000000 0.000000 0.000000 0.000000 0.000000 0.000000 -0.009058 -0.006514 -0.006520 -0.006527 -0.006829 -0.007304 -0.007983 -0.008795 -0.009788 -0.010792 -0.012002 -0.012887 -0.014021 -0.014157 -0.014494 -0.013249 -0.011662 -0.008900 -0.005927 -0.002393 0.001142 0.004756 0.008218 0.011493 0.014520 0.017230 0.019666 0.021657 0.023409 0.024194 0.028523 0.023287 0.000000 0.000000 0.000000 0.000000 0.000000 0.000000 0.000000 0.000000 0.000000
0.000000 0.000000 0.000000 0.000000 0.000000 0.000000 0.000000 0.000000 0.000000 -0.008211 -0.007247 -0.006318 -0.006556 -0.006887 -0.007485 -0.008284 -0.009283 -0.010534 -0.011865 -0.013525 -0.014860 -0.016597 -0.017070 -0.017854 -0.016304 -0.014821 -0.011231 -0.007666 -0.003274 0.000950 0.005258 0.009305 0.013104 0.016582 0.019681 0.022468 0.024744 0.026765 0.027687 0.032671 0.040719 0.000000 0.000000 0.000000 0.000000 0.000000 0.000000 0.000000 0.000000 0.000000
0.000000 0.000000 0.000000 0.000000 0.000000 0.000000 0.000000 0.000000 0.000000 -0.007457 -0.006925 -0.006013 -0.006308 -0.006754 -0.007429 -0.008364 -0.009540 -0.011074 -0.012756 -0.015027 -0.016875 -0.019814 -0.020647 -0.023018 -0.021515 -0.019088 -0.014561 -0.009923 -0.004489 0.000693 0.005843 0.010598 0.014996 0.018977 0.022506 0.025683 0.028289 0.030646 0.031714 0.037432 0.027867 0.000000 0.000000 0.000000 0.000000 0.000000 0.000000 0.000000 0.000000 0.000000
0.000000 0.000000 0.000000 0.000000 0.000000 0.000000 0.000000 0.000000 0.000000 -0.006465 -0.006036 -0.005533 -0.005871 -0.006394 -0.007149 -0.008206 -0.009572 -0.011399 -0.013545 -0.016432 -0.019294 -0.023222 -0.025417 -0.028872 -0.026072 -0.024256 -0.018056 -0.012434 -0.005449 0.000741 0.006858 0.012333 0.017337 0.021812 0.025759 0.029332 0.032274 0.035029 0.036288 0.042783 0.052265 0.000000 0.000000 0.000000 0.000000 0.000000 0.000000 0.000000 0.000000 0.000000
0.000000 0.000000 0.000000 0.000000 0.000000 0.000000 0.000000 0.000000 0.000000 -0.004102 -0.005204 -0.004802 -0.005209 -0.005746 -0.006537 -0.007652 -0.009128 -0.011176 -0.013683 -0.017350 -0.021036 -0.027372 -0.030527 -0.038966 -0.036797 -0.031803 -0.023350 -0.015420 -0.006851 0.000887 0.008105 0.014462 0.020116 0.025104 0.029487 0.033453 0.036816 0.039984 0.041672 0.049138 0.048933 0.000000 0.000000 0.000000 0.000000 0.000000 0.000000 0.000000 0.000000 0.000000
0.000000 0.000000 0.000000 0.000000 0.000000 0.000000 0.000000 0.000000 0.000000 -0.003478 -0.004047 -0.004003 -0.004380 -0.004894 -0.005669 -0.006766 -0.008308 -0.010472 -0.013461 -0.017647 -0.023285 -0.031129 -0.039223 -0.051833 -0.045643 -0.039695 -0.027833 -0.017811 -0.006980 0.002034 0.010380 0.017447 0.023634 0.029021 0.033729 0.038065 0.041777 0.045517 0.047772 0.053257 0.051680 0.000000 0.000000 0.000000 0.000000 0.000000 0.000000 0.000000 0.000000 0.000000
0.000000 0.000000 0.000000 0.000000 0.000000 0.000000 0.000000 0.000000 0.000000 -0.003152 -0.002787 -0.002976 -0.003287 -0.003718 -0.004361 -0.005313 -0.006682 -0.008621 -0.011616 -0.016024 -0.022506 -0.033375 -0.046658 -0.073548 -0.067357 -0.053558 -0.035713 -0.020970 -0.007446 0.003820 0.013309 0.021211 0.027842 0.033525 0.038495 0.043063 0.047237 0.051490 0.054765 0.056607 0.063430 0.000000 0.000000 0.000000 0.000000 0.000000 0.000000 0.000000 0.000000 0.000000
0.000000 0.000000 0.000000 0.000000 0.000000 0.000000 0.000000 0.000000 0.000000 -0.001503 -0.001482 -0.001908 -0.002184 -0.002419 -0.002939 -0.003583 -0.004708 -0.006224 -0.009096 -0.013033 -0.021611 -0.034091 -0.063578 -0.102965 -0.087025 -0.068093 -0.041678 -0.021198 -0.004935 0.007687 0.018108 0.026319 0.033081 0.038790 0.043737 0.048423 0.052751 0.057920 0.062041 0.067799 0.081468 0.000000 0.000000 0.000000 0.000000 0.000000 0.000000 0.000000 0.000000 0.000000
0.000000 0.000000 0.000000 0.000000 0.000000 0.000000 0.000000 0.000000 0.000000 -0.000209 -0.000434 -0.000086 0.000207 0.000076 -0.000192 0.000533 0.000703 -0.001203 -0.000650 -0.000054 -0.003798 -0.005427 0.015636 -0.245129 -0.150842 -0.086354 -0.046830 -0.018454 0.000655 0.014338 0.024833 0.032961 0.039413 0.044781 0.049393 0.053848 0.058119 0.063957 0.069288 0.086899 0.108982 0.000000 0.000000 0.000000 0.000000 0.000000 0.000000 0.000000 0.000000 0.000000
0.511625 0.507984 0.514105 0.463519 0.369160 0.512604 0.526184 0.513220 0.483695 0.451929 0.516396 0.513956 0.511510 0.424641 0.508999 0.509840 0.409698 0.404848 0.512192 0.507391 0.511097 0.525683 0.408523 -0.395907 -0.162475 -0.085164 -0.038568 -0.008749 0.010404 0.024132 0.033828 0.041190 0.046854 0.051421 0.055347 0.058846 0.062656 0.066869 0.072486 0.088010 0.069052 0.021406 0.001890 0.002877 0.001529 0.000091 -0.001053 0.000642 0.001644 0.000634
0.532790 0.456616 0.496788 0.497368 0.482959 0.501637 0.477957 0.456260 0.473679 0.468931 0.456360 0.474681 0.475094 0.483148 0.499218 0.496273 0.496613 0.476360 0.464983 0.431804 0.399163 0.311717 0.173912 -0.022913 -0.038647 -0.010383 0.003480 0.019110 0.030655 0.039474 0.046339 0.051553 0.055658 0.058850 0.061540 0.063591 0.065991 0.067393 0.070467 0.067519 0.055467 0.036307 0.021876 0.013012 0.012266 0.010120 0.008620 0.006334 0.007406 0.002287
0.529645 0.484222 0.465931 0.514216 0.521844 0.518567 0.516737 0.492025 0.490726 0.469750 0.482761 0.499325 0.506981 0.515064 0.504281 0.497751 0.488369 0.479822 0.458299 0.439728 0.397084 0.338435 0.239818 0.112509 0.037317 0.037598 0.041111 0.045999 0.051180 0.055963 0.059736 0.062821 0.065166 0.066851 0.068111 0.068596 0.069146 0.067919 0.068605 0.066727 0.054131 0.038673 0.028071 0.020882 0.016956 0.013802 0.012202 0.011151 0.011494 0.009706
0.483657 0.497637 0.483972 0.439051 0.464267 0.441951 0.451534 0.459235 0.455498 0.464022 0.441400 0.447568 0.429129 0.430046 0.428310 0.425547 0.405527 0.391576 0.368651 0.346793 0.308699 0.274537 0.209275 0.141150 0.098672 0.090378 0.076323 0.074973 0.073113 0.073587 0.074322 0.075006 0.075444 0.075507 0.075258 0.074316 0.073118 0.070326 0.067581 0.061020 0.052223 0.042252 0.032601 0.026672 0.021337 0.018247 0.015077 0.014778 0.015742 0.011071
0.498172 0.480730 0.467291 0.458833 0.485848 0.461863 0.472611 0.461006 0.453044 0.452412 0.445017 0.454410 0.449203 0.439177 0.432486 0.434666 0.415775 0.401901 0.375757 0.355804 0.323781 0.288531 0.236149 0.182085 0.147499 0.121415 0.107129 0.098747 0.093500 0.090740 0.088720 0.087305 0.085970 0.084535 0.082896 0.080706 0.078144 0.074482 0.070190 0.064705 0.056271 0.047001 0.038516 0.031893 0.026412 0.022417 0.019525 0.019205 0.018616 0.010069
0.483864 0.485507 0.453626 0.438701 0.453166 0.437668 0.446716 0.443252 0.438115 0.439525 0.425787 0.428439 0.422635 0.412232 0.401416 0.400087 0.378923 0.365643 0.340842 0.324440 0.293310 0.265556 0.225431 0.191955 0.162649 0.144790 0.128441 0.120336 0.111537 0.106511 0.102538 0.099402 0.096579 0.093834 0.090983 0.087689 0.083963 0.079257 0.073788 0.066962 0.058990 0.050414 0.042372 0.035504 0.029571 0.025187 0.021538 0.021235 0.020824 0.015881
0.448072 0.473994 0.450531 0.442680 0.454851 0.440422 0.445937 0.440135 0.432222 0.433237 0.423349 0.424823 0.417171 0.410426 0.398371 0.395011 0.377478 0.364649 0.342579 0.324759 0.297712 0.273552 0.240887 0.211716 0.186746 0.165350 0.150934 0.137445 0.127920 0.121276 0.115693 0.111161 0.107105 0.103271 0.099420 0.095219 0.090572 0.085092 0.078709 0.071365 0.062822 0.053840 0.045395 0.038057 0.031816 0.027079 0.023219 0.022981 0.021902 0.013522
0.511438 0.467951 0.436268 0.431995 0.437013 0.428968 0.430889 0.426808 0.421969 0.420277 0.411870 0.409528 0.401405 0.394624 0.382430 0.375233 0.359005 0.346090 0.326508 0.310291 0.286207 0.266597 0.239122 0.217107 0.195062 0.177954 0.163020 0.151588 0.141821 0.134208 0.127729 0.122261 0.117349 0.112725 0.108153 0.103284 0.097982 0.091865 0.084725 0.076511 0.067190 0.057119 0.047813 0.039665 0.032954 0.027778 0.023669 0.023316 0.021820 0.018805
0.470837 0.458117 0.432151 0.429128 0.432423 0.425187 0.425373 0.421150 0.415307 0.413528 0.405554 0.402431 0.393224 0.387412 0.376059 0.368051 0.353819 0.341322 0.324008 0.307957 0.287494 0.268579 0.246561 0.226447 0.207310 0.190791 0.176689 0.164537 0.154450 0.146121 0.138991 0.132850 0.127338 0.122162 0.117114 0.111765 0.106014 0.099279 0.091301 0.082090 0.071001 0.059132 0.048770 0.039498 0.032415 0.027019 0.022823 0.022567 0.020536 0.018335
0.431638 0.456868 0.422160 0.421063 0.421318 0.417124 0.415522 0.411853 0.407371 0.403370 0.397042 0.391713 0.384044 0.376420 0.366445 0.356777 0.344148 0.331585 0.316222 0.301324 0.283307 0.266686 0.247554 0.230433 0.213694 0.199100 0.185955 0.174687 0.164832 0.156445 0.149116 0.142692 0.136913 0.131504 0.126309 0.120861 0.115083 0.108660 0.100266 0.090555 0.077065 0.061447 0.049424 0.038553 0.031062 0.025222 0.021342 0.020639 0.019802 0.014176
0.434087 0.449895 0.417056 0.415703 0.415542 0.411350 0.409480 0.405730 0.400848 0.396922 0.390280 0.385134 0.376934 0.369931 0.360041 0.350801 0.338895 0.327041 0.313026 0.298993 0.283174 0.267727 0.251283 0.235812 0.220817 0.207244 0.194895 0.183959 0.174307 0.165904 0.158517 0.151992 0.146156 0.140727 0.135662 0.130220 0.124950 0.118477 0.110057 0.097093 0.078274 0.060494 0.043786 0.034265 0.026834 0.021565 0.016874 0.017293 0.016906 0.014547
0.425315 0.443778 0.409874 0.409132 0.408015 0.404793 0.402236 0.398441 0.394140 0.389357 0.383582 0.377450 0.370221 0.362297 0.353418 0.343761 0.332935 0.321422 0.308715 0.295644 0.281469 0.267454 0.252894 0.239015 0.225550 0.213170 0.201729 0.191463 0.182247 0.174101 0.166885 0.160503 0.154847 0.149696 0.145082 0.140399 0.136183 0.131556 0.124899 0.117982 0.091537 0.061919 0.042084 0.029387 0.021930 0.016898 0.013988 0.012847 0.012537 0.008403
0.396292 0.403252 0.404602 0.403621 0.402825 0.399319 0.396911 0.392752 0.388643 0.383635 0.378004 0.371829 0.364726 0.357082 0.348422 0.339179 0.328919 0.318051 0.306286 0.294116 0.281246 0.268376 0.255252 0.242563 0.230259 0.219249 0.208074 0.198337 0.189525 0.181665 0.174682 0.168535 0.163160 0.158467 0.154487 0.151104 0.148529 0.146604 0.144700 0.122662 0.107336 0.060487 0.038504 0.025404 0.015317 0.011326 0.009233 0.006841 0.006184 0.004906
0.417441 0.431276 0.398868 0.398022 0.396251 0.393550 0.390531 0.386868 0.382524 0.377759 0.372101 0.366057 0.359094 0.351589 0.343304 0.334321 0.324661 0.314319 0.303383 0.292031 0.280217 0.268363 0.256748 0.244752 0.233463 0.222825 0.212852 0.203702 0.195353 0.187880 0.181218 0.175416 0.170459 0.166284 0.163101 0.160848 0.160506 0.161687 0.166711 0.172112 0.070428 0.046988 0.000328 0.007122 0.002653 0.007206 -0.001765 0.002760 0.001209 0.000837
0.449257 0.425633 0.394622 0.393126 0.393145 0.388712 0.387308 0.381929 0.379031 0.372850 0.368362 0.361428 0.355447 0.347483 0.340080 0.331069 0.322236 0.312316 0.302177 0.291515 0.280566 0.269564 0.258748 0.247697 0.237212 0.227254 0.217878 0.209208 0.201259 0.194108 0.187732 0.182201 0.177507 0.173756 0.170962 0.169839 0.169852 0.172136 0.175476 0.183463 0.262436 0.000000 0.000000 0.000000 0.000000 0.000000 0.000000 0.000000 0.000000 0.000000
0.391140 0.421316 0.389344 0.388229 0.387056 0.383473 0.381187 0.376778 0.373198 0.367947 0.362852 0.356728 0.350311 0.343009 0.335454 0.326974 0.318351 0.308904 0.299319 0.289288 0.279015 0.268749 0.259068 0.248375 0.238594 0.229278 0.220452 0.212312 0.204757 0.198046 0.191919 0.186778 0.182589 0.178963 0.177123 0.175451 0.174718 0.176982 0.177553 0.193796 0.189887 0.000000 0.000000 0.000000 0.000000 0.000000 0.000000 0.000000 0.000000 0.000000
0.379962 0.415801 0.387235 0.384906 0.387076 0.380740 0.381038 0.374006 0.372558 0.365128 0.361447 0.354273 0.349033 0.340978 0.334704 0.325626 0.318327 0.308584 0.300168 0.290542 0.280842 0.271311 0.261695 0.252066 0.242822 0.233962 0.225567 0.217751 0.210494 0.203962 0.198070 0.193114 0.188712 0.185517 0.182962 0.181745 0.181053 0.181718 0.181169 0.198570 0.185569 0.000000 0.000000 0.000000 0.000000 0.000000 0.000000 0.000000 0.000000 0.000000
0.363612 0.415285 0.382062 0.378761 0.378820 0.373464 0.372991 0.366980 0.365166 0.359045 0.354156 0.348568 0.342507 0.335438 0.328580 0.320435 0.312747 0.303806 0.295241 0.286335 0.276780 0.267830 0.260488 0.249726 0.241014 0.232683 0.224666 0.217501 0.210498 0.204681 0.198629 0.194536 0.189877 0.187372 0.184437 0.183979 0.183027 0.182099 0.179413 0.184577 0.193220 0.000000 0.000000 0.000000 0.000000 0.000000 0.000000 0.000000 0.000000 0.000000
0.380102 0.404170 0.382693 0.379905 0.385464 0.377521 0.379468 0.371584 0.370834 0.362669 0.358829 0.354003 0.346973 0.340742 0.333428 0.325886 0.318329 0.309558 0.301706 0.292655 0.283402 0.275434 0.260783 0.257604 0.249165 0.240978 0.233261 0.225971 0.219228 0.212863 0.207503 0.202578 0.198604 0.195281 0.192727 0.191429 0.189155 0.188888 0.186089 0.187790 0.178604 0.000000 0.000000 0.000000 0.000000 0.000000 0.000000 0.000000 0.000000 0.000000
0.398323 0.400382 0.381140 0.367047 0.368333 0.361572 0.361386 0.355798 0.352975 0.348969 0.343179 0.338152 0.332787 0.326095 0.319471 0.311825 0.304726 0.296293 0.288492 0.280498 0.270892 0.262737 0.263419 0.246680 0.238723 0.231263 0.223745 0.217392 0.210850 0.205486 0.199645 0.195605 0.192048 0.187965 0.186182 0.184426 0.182893 0.181248 0.179445 0.189959 0.194536 0.000000 0.000000 0.000000 0.000000 0.000000 0.000000 0.000000 0.000000 0.000000
0.393673 0.375004 0.378040 0.374962 0.377649 0.374219 0.371359 0.367566 0.363341 0.358864 0.353166 0.347820 0.341684 0.335044 0.328310 0.320810 0.313033 0.305216 0.296610 0.288330 0.279796 0.271234 0.262690 0.254169 0.245984 0.238125 0.230584 0.223616 0.217044 0.211264 0.205749 0.201164 0.197078 0.193663 0.191023 0.189104 0.187838 0.187583 0.185596 0.189189 0.197244 0.000000 0.000000 0.000000 0.000000 0.000000 0.000000 0.000000 0.000000 0.000000
0.406363 0.387008 0.392522 0.391731 0.390467 0.388319 0.385257 0.387485 0.350999 0.352744 0.366424 0.360183 0.353396 0.355742 0.349319 0.341228 0.333393 0.325043 0.316907 0.309064 0.300085 0.290252 0.280829 0.271968 0.261831 0.232905 0.246178 0.240539 0.233648 0.227829 0.221733 0.216099 0.211877 0.207755 0.204697 0.201926 0.199712 0.199348 0.195613 0.193138 0.195202 0.000000 0.000000 0.000000 0.000000 0.000000 0.000000 0.000000 0.000000 0.000000
0.440733 0.372509 0.350265 0.351625 0.349146 0.347296 0.344737 0.341407 0.360810 0.333198 0.328186 0.322537 0.316184 0.309200 0.301849 0.294072 0.286116 0.295041 0.269791 0.261455 0.284469 0.275912 0.267395 0.228911 0.221431 0.212899 0.227225 0.228802 0.193317 0.189564 0.200972 0.182402 0.195621 0.176071 0.173608 0.176896 0.169826 0.170128 0.163375 0.164861 0.171425 0.000000 0.000000 0.000000 0.000000 0.000000 0.000000 0.000000 0.000000 0.000000
