0.000107 0.000257 0.000379 0.000477 0.000668 0.000832 0.001006 0.000868 0.001319 0.001650 0.002750 0.001872 0.002518 0.002552 0.003183 0.003067 0.005234 0.003458 0.003653 0.003997 0.006785 0.003976 0.005359 0.005040 0.005317 0.005662 0.004127 0.005688 0.003271 0.004892 0.004989 0.004314 0.004068 0.003574 0.002249 0.002695 0.002510 0.001939 0.001372 0.000652 0.000066 0.000000 0.000000 0.000000 0.000000 0.000000 0.000000 0.000000 0.000000 0.000000
0.000064 0.000169 0.000397 0.000548 0.000734 0.000919 0.001108 0.001283 0.001600 0.001780 0.002011 0.002292 0.002634 0.002901 0.003223 0.003547 0.003825 0.004150 0.004500 0.004782 0.005071 0.005345 0.005571 0.005760 0.005900 0.005934 0.006071 0.006044 0.005951 0.005788 0.005536 0.005075 0.004713 0.004281 0.003715 0.003099 0.003016 0.002437 0.001558 0.001213 0.000079 0.000000 0.000000 0.000000 0.000000 0.000000 0.000000 0.000000 0.000000 0.000000
0.000018 0.000145 0.000393 0.000546 0.000560 0.000707 0.000886 0.001067 0.001271 0.001488 0.001725 0.001977 0.002247 0.002531 0.002828 0.003135 0.003448 0.003764 0.004078 0.004383 0.004675 0.004947 0.005190 0.005398 0.005564 0.005635 0.005740 0.005742 0.005676 0.005542 0.005338 0.005059 0.004712 0.004294 0.003818 0.003281 0.002701 0.002096 0.001437 0.000705 0.000019 0.000000 0.000000 0.000000 0.000000 0.000000 0.000000 0.000000 0.000000 0.000000
0.000093 0.000116 0.000354 0.000400 0.000564 0.000705 0.000882 0.001062 0.001266 0.001482 0.001719 0.001972 0.002242 0.002527 0.002825 0.003132 0.003445 0.003761 0.004075 0.004383 0.004677 0.004950 0.005194 0.005404 0.005572 0.005816 0.005745 0.005751 0.005689 0.005557 0.005351 0.005070 0.004722 0.004299 0.003828 0.003271 0.002722 0.002038 0.001567 0.000654 -0.000060 0.000000 0.000000 0.000000 0.000000 0.000000 0.000000 0.000000 0.000000 0.000000
-0.000002 0.000203 0.000365 0.000376 0.000522 0.000662 0.000832 0.001008 0.001208 0.001423 0.001660 0.001916 0.002191 0.002483 0.002790 0.003110 0.003440 0.003774 0.004109 0.004438 0.004755 0.005054 0.005325 0.005561 0.005754 0.006063 0.005981 0.005997 0.005940 0.005811 0.005605 0.005320 0.004962 0.004524 0.004031 0.003450 0.002865 0.002141 0.001586 0.000632 0.000069 0.000000 0.000000 0.000000 0.000000 0.000000 0.000000 0.000000 0.000000 0.000000
-0.000036 0.000073 0.000326 0.000337 0.000473 0.000607 0.000768 0.000938 0.001134 0.001348 0.001587 0.001847 0.002129 0.002431 0.002751 0.003086 0.003434 0.003789 0.004147 0.004502 0.004848 0.005176 0.005478 0.005745 0.005967 0.006389 0.006242 0.006279 0.006240 0.006119 0.005916 0.005624 0.005255 0.004795 0.004280 0.003662 0.003054 0.002279 0.001732 0.000621 0.000074 0.000000 0.000000 0.000000 0.000000 0.000000 0.000000 0.000000 0.000000 0.000000
-0.000028 0.000026 0.000281 0.000292 0.000415 0.000536 0.000685 0.000848 0.001037 0.001249 0.001489 0.001753 0.002044 0.002357 0.002693 0.003047 0.003418 0.003800 0.004189 0.004579 0.004962 0.005330 0.005674 0.005983 0.006246 0.006776 0.006592 0.006655 0.006635 0.006525 0.006323 0.006024 0.005639 0.005154 0.004606 0.003945 0.003289 0.002452 0.001848 0.000629 0.000639 0.000000 0.000000 0.000000 0.000000 0.000000 0.000000 0.000000 0.000000 0.000000
0.000034 0.000170 0.000229 0.000238 0.000343 0.000449 0.000583 0.000736 0.000917 0.001126 0.001367 0.001637 0.001937 0.002264 0.002618 0.002994 0.003391 0.003805 0.004230 0.004661 0.005089 0.005506 0.005901 0.006261 0.006574 0.006802 0.007007 0.007104 0.007109 0.007013 0.006815 0.006508 0.006104 0.005587 0.005001 0.004287 0.003582 0.002671 0.002024 0.000645 -0.000046 0.000000 0.000000 0.000000 0.000000 0.000000 0.000000 0.000000 0.000000 0.000000
0.000038 -0.000058 0.000166 0.000172 0.000255 0.000343 0.000459 0.000597 0.000768 0.000972 0.001214 0.001491 0.001802 0.002145 0.002519 0.002921 0.003349 0.003799 0.004267 0.004747 0.005230 0.005706 0.006164 0.006589 0.006965 0.007246 0.007510 0.007650 0.007686 0.007609 0.007416 0.007099 0.006672 0.006117 0.005483 0.004704 0.003933 0.002931 0.002216 0.000665 -0.000063 0.000000 0.000000 0.000000 0.000000 0.000000 0.000000 0.000000 0.000000 0.000000
-0.000006 -0.000113 0.000093 0.000096 0.000151 0.000217 0.000308 0.000429 0.000586 0.000783 0.001027 0.001311 0.001635 0.001996 0.002392 0.002822 0.003284 0.003776 0.004293 0.004829 0.005377 0.005926 0.006460 0.006964 0.007418 0.007780 0.008101 0.008295 0.008372 0.008318 0.008133 0.007804 0.007351 0.006750 0.006059 0.005204 0.004355 0.003246 0.002461 0.000707 0.000140 0.000000 0.000000 0.000000 0.000000 0.000000 0.000000 0.000000 0.000000 0.000000
-0.000104 -0.000136 0.000008 0.000008 0.000028 0.000068 0.000128 0.000226 0.000363 0.000552 0.000798 0.001091 0.001430 0.001810 0.002231 0.002691 0.003190 0.003727 0.004300 0.004902 0.005526 0.006161 0.006788 0.007389 0.007940 0.008400 0.008797 0.009058 0.009186 0.009162 0.008986 0.008645 0.008159 0.007503 0.006744 0.005797 0.004857 0.003618 0.002764 0.000847 0.001178 0.000000 0.000000 0.000000 0.000000 0.000000 0.000000 0.000000 0.000000 0.000000
0.000060 -0.000168 -0.000088 -0.000092 -0.000113 -0.000108 -0.000086 -0.000022 0.000090 0.000266 0.000520 0.000829 0.001184 0.001587 0.002033 0.002523 0.003061 0.003646 0.004278 0.004956 0.005667 0.006404 0.007143 0.007863 0.008535 0.009121 0.009609 0.009954 0.010145 0.010158 0.009995 0.009639 0.009114 0.008394 0.007554 0.006500 0.005448 0.004069 0.003083 0.000828 0.001126 0.000000 0.000000 0.000000 0.000000 0.000000 0.000000 0.000000 0.000000 0.000000
0.000053 -0.000209 -0.000195 -0.000201 -0.000271 -0.000304 -0.000337 -0.000310 -0.000242 -0.000081 0.000186 0.000508 0.000889 0.001312 0.001786 0.002305 0.002882 0.003517 0.004215 0.004976 0.005788 0.006646 0.007520 0.008387 0.009209 0.009941 0.010555 0.011005 0.011275 0.011334 0.011187 0.010812 0.010242 0.009445 0.008508 0.007325 0.006140 0.004587 0.003455 0.000933 -0.000570 0.000000 0.000000 0.000000 0.000000 0.000000 0.000000 0.000000 0.000000 0.000000
-0.000172 -0.000067 -0.000311 -0.000322 -0.000444 -0.000535 -0.000630 -0.000675 -0.000659 -0.000529 -0.000224 0.000153 0.000549 0.001004 0.001493 0.002038 0.002647 0.003330 0.004093 0.004945 0.005871 0.006873 0.007909 0.008958 0.009968 0.010886 0.011652 0.012237 0.012606 0.012721 0.012592 0.012194 0.011568 0.010679 0.009627 0.008294 0.006957 0.005198 0.003932 0.002937 -0.001450 0.000000 0.000000 0.000000 0.000000 0.000000 0.000000 0.000000 0.000000 0.000000
-0.000012 -0.000134 -0.000429 -0.000441 -0.000627 -0.000770 -0.000966 -0.001078 -0.001198 -0.001073 -0.000704 -0.000293 0.000158 0.000620 0.001140 0.001697 0.002335 0.003061 0.003887 0.004839 0.005890 0.007064 0.008297 0.009571 0.010820 0.011965 0.012943 0.013684 0.014175 0.014356 0.014248 0.013821 0.013127 0.012126 0.010938 0.009428 0.007909 0.005913 0.004472 0.003354 0.000503 0.000000 0.000000 0.000000 0.000000 0.000000 0.000000 0.000000 0.000000 0.000000
-0.000100 -0.000204 -0.000548 -0.000562 -0.000805 -0.001040 -0.001331 -0.001600 -0.001869 -0.001880 -0.001348 -0.000677 -0.000257 0.000244 0.000743 0.001300 0.001940 0.002695 0.003572 0.004626 0.005809 0.007186 0.008654 0.010213 0.011772 0.013207 0.014451 0.015392 0.016034 0.016289 0.016203 0.015735 0.014955 0.013819 0.012468 0.010749 0.009019 0.006748 0.005094 0.003976 -0.002627 0.000000 0.000000 0.000000 0.000000 0.000000 0.000000 0.000000 0.000000 0.000000
0.000019 -0.000279 -0.000658 -0.000645 -0.000946 -0.001233 -0.001682 -0.002115 -0.002840 -0.002831 -0.001995 -0.001416 -0.000692 -0.000254 0.000284 0.000797 0.001429 0.002191 0.003104 0.004262 0.005584 0.007204 0.008957 0.010879 0.012833 0.014636 0.016228 0.017411 0.018240 0.018577 0.018510 0.017982 0.017095 0.015795 0.014251 0.012289 0.010315 0.007723 0.005860 0.004181 0.003976 0.000000 0.000000 0.000000 0.000000 0.000000 0.000000 0.000000 0.000000 0.000000
-0.000039 -0.000298 -0.000641 -0.000956 -0.001148 -0.001783 -0.001782 -0.002974 -0.006432 -0.009901 -0.001870 -0.001560 -0.001003 -0.000629 -0.000208 0.000234 0.000793 0.001532 0.002437 0.003691 0.005128 0.007036 0.009117 0.011500 0.014018 0.016296 0.018356 0.019837 0.020889 0.021304 0.021245 0.020627 0.019599 0.018096 0.016321 0.014070 0.011812 0.008845 0.006663 0.005120 -0.003377 0.000000 0.000000 0.000000 0.000000 0.000000 0.000000 0.000000 0.000000 0.000000
0.000000 0.000000 0.000000 0.000000 0.000000 0.000000 0.000000 0.000000 0.000000 0.000488 -0.000426 -0.001410 -0.001066 -0.001016 -0.000736 -0.000455 -0.000012 0.000654 0.001503 0.002836 0.004377 0.006635 0.009121 0.012136 0.015324 0.018225 0.020911 0.022733 0.024062 0.024537 0.024469 0.023719 0.022511 0.020758 0.018712 0.016128 0.013551 0.010157 0.007708 0.005521 -0.002012 0.000000 0.000000 0.000000 0.000000 0.000000 0.000000 0.000000 0.000000 0.000000
0.000000 0.000000 0.000000 0.000000 0.000000 0.000000 0.000000 0.000000 0.000000 -0.000926 -0.000325 -0.001234 -0.001251 -0.001403 -0.001362 -0.001256 -0.001012 -0.000465 0.000223 0.001597 0.003109 0.005767 0.008645 0.012433 0.016849 0.020650 0.024097 0.026344 0.027951 0.028452 0.028316 0.027361 0.025906 0.023839 0.021472 0.018501 0.015566 0.011663 0.008888 0.006515 -0.004954 0.000000 0.000000 0.000000 0.000000 0.000000 0.000000 0.000000 0.000000 0.000000
0.000000 0.000000 0.000000 0.000000 0.000000 0.000000 0.000000 0.000000 0.000000 -0.000993 -0.000171 -0.001305 -0.001582 -0.001942 -0.002134 -0.002255 -0.002263 -0.001928 -0.001488 -0.000161 0.001306 0.004426 0.007866 0.013068 0.019003 0.023535 0.028074 0.030691 0.032668 0.033068 0.032818 0.031561 0.029794 0.027343 0.024604 0.021197 0.017861 0.013419 0.010197 0.007338 -0.003268 0.000000 0.000000 0.000000 0.000000 0.000000 0.000000 0.000000 0.000000 0.000000
0.000000 0.000000 0.000000 0.000000 0.000000 0.000000 0.000000 0.000000 0.000000 -0.001345 -0.000336 -0.001563 -0.001921 -0.002525 -0.002974 -0.003369 -0.003726 -0.003685 -0.003731 -0.002524 -0.001673 0.001997 0.005462 0.012354 0.020811 0.027596 0.033264 0.036420 0.038551 0.038782 0.038214 0.036509 0.034293 0.031360 0.028184 0.024290 0.020542 0.015469 0.011850 0.008402 -0.003457 0.000000 0.000000 0.000000 0.000000 0.000000 0.000000 0.000000 0.000000 0.000000
0.000000 0.000000 0.000000 0.000000 0.000000 0.000000 0.000000 0.000000 0.000000 -0.000421 -0.000586 -0.001802 -0.002384 -0.003220 -0.003947 -0.004681 -0.005461 -0.005908 -0.006528 -0.005922 -0.005480 -0.001882 0.002490 0.012301 0.025884 0.033134 0.040792 0.043485 0.045821 0.045373 0.044399 0.042033 0.039283 0.035779 0.032130 0.027717 0.023569 0.017849 0.013924 0.010256 -0.004454 0.000000 0.000000 0.000000 0.000000 0.000000 0.000000 0.000000 0.000000 0.000000
0.000000 0.000000 0.000000 0.000000 0.000000 0.000000 0.000000 0.000000 0.000000 -0.000180 -0.000832 -0.002073 -0.002817 -0.003858 -0.004879 -0.005964 -0.007255 -0.008250 -0.009911 -0.009900 -0.011550 -0.007544 -0.006180 0.009859 0.028015 0.040817 0.049540 0.053177 0.054881 0.053741 0.051775 0.048512 0.044950 0.040748 0.036539 0.031624 0.027084 0.020803 0.016378 0.014234 -0.001711 0.000000 0.000000 0.000000 0.000000 0.000000 0.000000 0.000000 0.000000 0.000000
0.000000 0.000000 0.000000 0.000000 0.000000 0.000000 0.000000 0.000000 0.000000 -0.000620 -0.001121 -0.002366 -0.003236 -0.004513 -0.005820 -0.007322 -0.009169 -0.011060 -0.013717 -0.015777 -0.018724 -0.018454 -0.015754 0.006050 0.035123 0.049688 0.062801 0.064317 0.065669 0.062743 0.059785 0.055280 0.050884 0.045894 0.041176 0.035770 0.031033 0.024384 0.019615 0.009448 0.000939 0.000000 0.000000 0.000000 0.000000 0.000000 0.000000 0.000000 0.000000 0.000000
0.000000 0.000000 0.000000 0.000000 0.000000 0.000000 0.000000 0.000000 0.000000 -0.000218 -0.001404 -0.002516 -0.003500 -0.004888 -0.006418 -0.008205 -0.010468 -0.012992 -0.016984 -0.020646 -0.028624 -0.032042 -0.045330 -0.008443 0.048845 0.072006 0.082062 0.082638 0.079732 0.074551 0.069135 0.063040 0.057312 0.051422 0.046073 0.040371 0.035521 0.028926 0.024313 0.011614 0.002409 0.000000 0.000000 0.000000 0.000000 0.000000 0.000000 0.000000 0.000000 0.000000
0.000000 0.000000 0.000000 0.000000 0.000000 0.000000 0.000000 0.000000 0.000000 -0.000021 -0.001324 -0.002261 -0.004700 -0.005505 -0.008041 -0.006716 -0.016746 -0.014268 -0.029636 -0.025550 -0.043560 -0.058518 -0.106374 -0.054551 0.095243 0.103343 0.108666 0.100848 0.095265 0.085809 0.078395 0.070301 0.063406 0.056562 0.050806 0.044785 0.040539 0.034231 0.032311 0.031459 0.007179 0.000000 0.000000 0.000000 0.000000 0.000000 0.000000 0.000000 0.000000 0.000000
0.019779 -0.002903 -0.000699 0.003188 -0.002939 0.003080 -0.020372 0.016494 0.121665 0.026831 0.029939 0.025282 0.041923 0.066602 0.051312 0.054999 0.123820 0.135441 0.125461 0.107478 0.176264 0.297812 0.637136 0.832666 0.226123 0.183150 0.149452 0.129066 0.112764 0.099161 0.087771 0.077689 0.069164 0.061412 0.055138 0.049099 0.045655 0.040533 0.043247 0.054280 0.154932 0.125368 0.051307 0.048026 0.026035 0.023144 0.014955 0.008942 0.005719 0.000594
-0.003013 -0.007294 0.051132 0.052545 0.024244 0.099878 0.115255 0.057777 0.085459 0.132294 0.106163 0.144787 0.110848 0.133424 0.157993 0.185236 0.208992 0.245307 0.289632 0.343167 0.409011 0.496707 0.635411 0.413090 0.313112 0.230087 0.184258 0.150131 0.127851 0.109280 0.095462 0.083400 0.073663 0.065063 0.058234 0.052094 0.048623 0.044619 0.048153 0.054206 0.054682 0.065917 0.056107 0.043351 0.029720 0.022713 0.017041 0.012397 0.006842 0.000230
0.029967 0.003169 0.033270 0.048175 0.041243 0.050114 0.041922 0.044070 0.079406 0.094046 0.100012 0.132542 0.148824 0.166708 0.171701 0.191254 0.208879 0.233455 0.264042 0.296440 0.335188 0.369716 0.413402 0.365693 0.287812 0.227460 0.188768 0.156691 0.133820 0.114857 0.099901 0.087051 0.076476 0.067298 0.059884 0.053544 0.049496 0.046359 0.048034 0.049186 0.050646 0.046547 0.038019 0.030478 0.023509 0.017862 0.012281 0.012669 0.005800 -0.000078
0.007817 -0.030801 0.031018 0.021836 0.037366 0.054060 0.062324 0.081724 0.080972 0.095869 0.091308 0.100815 0.114046 0.134466 0.160374 0.180627 0.202514 0.227232 0.254426 0.284416 0.313773 0.340254 0.354277 0.334079 0.277753 0.225286 0.191692 0.160117 0.137665 0.117850 0.102355 0.088848 0.077701 0.068013 0.059987 0.053135 0.047892 0.043817 0.041119 0.041303 0.041228 0.038329 0.031742 0.025753 0.019704 0.015335 0.010515 0.010335 0.005878 0.000427
-0.031432 -0.006581 0.036109 0.028276 0.036246 0.047887 0.045487 0.064822 0.075398 0.091493 0.096714 0.117111 0.130778 0.138484 0.154069 0.172789 0.189303 0.208178 0.226193 0.244714 0.260834 0.272453 0.280424 0.263214 0.234307 0.203784 0.179276 0.153912 0.134142 0.116170 0.101342 0.088187 0.076985 0.067119 0.058701 0.051408 0.045465 0.040597 0.036963 0.034562 0.031804 0.028423 0.023822 0.019523 0.015273 0.011710 0.008358 0.008162 0.004550 -0.001057
0.028036 -0.019411 0.028158 0.022161 0.034990 0.050414 0.053781 0.070041 0.074569 0.085458 0.092850 0.103806 0.118795 0.130669 0.143028 0.159093 0.175537 0.190553 0.206711 0.219863 0.233727 0.242871 0.246023 0.233824 0.214314 0.192174 0.169492 0.147551 0.129933 0.113126 0.098944 0.086111 0.074942 0.064947 0.056166 0.048385 0.041632 0.035864 0.030918 0.027137 0.023798 0.020370 0.016639 0.013263 0.010227 0.007661 0.005392 0.005191 0.003867 0.000818
0.006852 -0.011816 0.027530 0.025552 0.034014 0.044091 0.048456 0.062261 0.070345 0.081617 0.089520 0.099967 0.113081 0.124947 0.135490 0.149187 0.161702 0.174988 0.185256 0.196791 0.203689 0.209512 0.207731 0.199772 0.185555 0.170020 0.152955 0.137002 0.121869 0.107245 0.094253 0.082241 0.071429 0.061532 0.052566 0.044397 0.037043 0.030445 0.024624 0.019670 0.015389 0.011818 0.008908 0.006713 0.004910 0.003545 0.002418 0.002330 0.002975 0.001752
-0.001248 -0.011483 0.023553 0.023014 0.032511 0.042989 0.048887 0.060299 0.066661 0.075691 0.085017 0.093979 0.105257 0.115259 0.125822 0.136441 0.148762 0.158207 0.168291 0.175137 0.182018 0.183427 0.184206 0.176458 0.167560 0.154562 0.141348 0.127715 0.113917 0.100912 0.088845 0.077534 0.067061 0.057271 0.048126 0.039551 0.031526 0.024035 0.017233 0.011262 0.006312 0.002988 0.000853 -0.000316 -0.000741 -0.000953 -0.000780 -0.000735 0.001546 -0.001246
0.002039 -0.009496 0.022576 0.022205 0.030828 0.038848 0.045401 0.055167 0.062490 0.071454 0.079395 0.088285 0.097500 0.107424 0.116022 0.125881 0.134615 0.143515 0.149950 0.156851 0.159618 0.162263 0.160353 0.155647 0.148018 0.138120 0.127397 0.115907 0.104491 0.093164 0.082318 0.071870 0.061901 0.052345 0.043137 0.034242 0.025653 0.017260 0.009295 0.001999 -0.004102 -0.007308 -0.008216 -0.008096 -0.006921 -0.005724 -0.004156 -0.003973 0.000022 0.001317
0.014204 0.017249 0.020591 0.020642 0.028948 0.036642 0.042987 0.051662 0.058252 0.066018 0.073989 0.081666 0.090207 0.097932 0.106491 0.113885 0.122171 0.128519 0.134956 0.139138 0.142603 0.143057 0.142309 0.137971 0.132060 0.124010 0.115128 0.105447 0.095477 0.085453 0.075579 0.065887 0.056380 0.047056 0.037742 0.028469 0.019092 0.009327 -0.000385 -0.010199 -0.016493 -0.019182 -0.018468 -0.015658 -0.013114 -0.010588 -0.007583 -0.007112 -0.004563 -0.001501
0.025193 0.017741 0.019379 0.019254 0.026926 0.033415 0.039984 0.047305 0.053972 0.061151 0.068065 0.075310 0.082397 0.089795 0.096597 0.103551 0.109726 0.115598 0.120083 0.123997 0.125908 0.126623 0.125322 0.121880 0.116929 0.110389 0.102988 0.094803 0.086244 0.077439 0.068567 0.059671 0.050718 0.041746 0.032503 0.023026 0.013125 0.002021 -0.008251 -0.022157 -0.032973 -0.034927 -0.031557 -0.025846 -0.020363 -0.015594 -0.010846 -0.010310 -0.006042 0.002289
0.002200 0.017601 0.017675 0.017555 0.024816 0.030624 0.036830 0.043148 0.049471 0.055804 0.062260 0.068514 0.075048 0.081001 0.087363 0.092805 0.098424 0.102891 0.106936 0.109703 0.111420 0.111644 0.110471 0.107615 0.103495 0.098087 0.091842 0.084860 0.077423 0.069651 0.061662 0.053525 0.045116 0.036563 0.027239 0.017727 0.005486 -0.006010 -0.025045 -0.038431 -0.052277 -0.050458 -0.042563 -0.033702 -0.025288 -0.018829 -0.012862 -0.013125 -0.006166 -0.000473
0.011722 0.012269 0.016219 0.016055 0.022676 0.027768 0.033637 0.039228 0.044955 0.050631 0.056361 0.061988 0.067624 0.072999 0.078229 0.083078 0.087544 0.091391 0.094512 0.096769 0.097976 0.098049 0.096947 0.094545 0.091079 0.086224 0.081276 0.075317 0.068884 0.062077 0.054959 0.047629 0.039907 0.031975 0.023156 0.014042 0.002442 -0.009754 -0.026785 -0.056461 -0.057680 -0.086634 -0.072642 -0.055417 -0.035299 -0.026110 -0.018956 -0.012303 -0.008648 -0.001164
0.018216 0.013566 0.014501 0.014191 0.020193 0.024745 0.030054 0.035051 0.040133 0.045251 0.050244 0.055331 0.060099 0.064933 0.069322 0.073536 0.077286 0.080442 0.082998 0.084763 0.085680 0.085651 0.084647 0.082625 0.079695 0.075893 0.071401 0.066305 0.060744 0.054805 0.048521 0.041993 0.035038 0.027875 0.019837 0.011610 0.001043 -0.009476 -0.024749 -0.065299 -0.253709 -0.189319 -0.071589 -0.045321 -0.041000 -0.034105 -0.017569 -0.014771 -0.008514 -0.000047
0.027184 0.017191 0.012963 0.012846 0.018167 0.021963 0.026944 0.030954 0.035831 0.039885 0.044640 0.048637 0.053136 0.056886 0.060947 0.064235 0.067531 0.070074 0.072214 0.073596 0.074302 0.074213 0.073270 0.071614 0.069141 0.065939 0.062141 0.057807 0.053052 0.047934 0.042490 0.036857 0.030763 0.024602 0.017696 0.010648 0.002424 -0.002833 -0.013633 -0.012380 -0.006136 0.000000 0.000000 0.000000 0.000000 0.000000 0.000000 0.000000 0.000000 0.000000
0.005113 0.017772 0.011302 0.011512 0.015652 0.018921 0.023108 0.026747 0.030869 0.034544 0.038609 0.042370 0.045879 0.049525 0.052466 0.055661 0.058039 0.060358 0.062136 0.063132 0.063713 0.063573 0.062661 0.061315 0.059232 0.056540 0.053337 0.049668 0.045626 0.041261 0.036577 0.031749 0.026374 0.021320 0.015228 0.010080 0.003802 0.000072 -0.005794 -0.011707 -0.003539 0.000000 0.000000 0.000000 0.000000 0.000000 0.000000 0.000000 0.000000 0.000000
0.011688 0.015820 0.009155 0.009481 0.013405 0.016136 0.020235 0.022904 0.026927 0.029523 0.033243 0.035939 0.039192 0.041767 0.044689 0.046776 0.049251 0.050632 0.052419 0.053056 0.053575 0.053510 0.052430 0.051642 0.049936 0.047691 0.045082 0.042016 0.038690 0.034957 0.031122 0.027001 0.022579 0.018478 0.013665 0.010012 0.004915 0.001877 -0.001558 0.009452 -0.003238 0.000000 0.000000 0.000000 0.000000 0.000000 0.000000 0.000000 0.000000 0.000000
0.020938 0.013137 0.007312 0.008690 0.011211 0.013009 0.016337 0.018555 0.021857 0.024092 0.027722 0.029866 0.032245 0.034621 0.036707 0.038710 0.040321 0.041851 0.042895 0.043482 0.043993 0.043853 0.043160 0.042233 0.040849 0.038989 0.036886 0.034283 0.031630 0.028473 0.025519 0.021987 0.018678 0.014991 0.011475 0.007928 0.004260 0.002030 -0.001220 -0.009557 -0.009326 0.000000 0.000000 0.000000 0.000000 0.000000 0.000000 0.000000 0.000000 0.000000
-0.012897 -0.011067 0.003042 0.005763 0.008149 0.010755 0.013694 0.015273 0.018217 0.019774 0.022197 0.024386 0.026040 0.027947 0.029521 0.031077 0.032379 0.033405 0.034344 0.034703 0.034913 0.035251 0.042633 0.033831 0.032759 0.031289 0.029594 0.027602 0.025390 0.022929 0.020474 0.017769 0.015177 0.012304 0.010045 0.007217 0.005142 0.003965 0.003196 -0.006512 -0.009102 0.000000 0.000000 0.000000 0.000000 0.000000 0.000000 0.000000 0.000000 0.000000
0.022451 -0.013340 0.002975 0.006756 0.008088 0.007081 0.010702 0.011105 0.013606 0.014957 0.016279 0.018583 0.019562 0.020886 0.022105 0.023210 0.024135 0.024827 0.025473 0.025758 0.025645 0.025912 0.032482 0.024849 0.024015 0.022892 0.021688 0.020179 0.018671 0.016826 0.015111 0.013170 0.011126 0.009272 0.007304 0.005044 0.002915 0.000929 -0.004701 -0.013894 0.000339 0.000000 0.000000 0.000000 0.000000 0.000000 0.000000 0.000000 0.000000 0.000000
-0.009991 0.027192 0.000993 0.005556 0.008270 0.006385 0.009670 0.010613 0.012751 0.014374 0.016117 0.017096 0.018764 0.020183 0.021525 0.022507 0.023530 0.024380 0.024715 0.025311 0.025426 0.025090 0.022850 0.024321 0.023495 0.022472 0.021219 0.019791 0.018240 0.016643 0.014829 0.012848 0.011055 0.009039 0.007071 0.005270 0.003377 0.001677 -0.001123 -0.008414 0.000507 0.000000 0.000000 0.000000 0.000000 0.000000 0.000000 0.000000 0.000000 0.000000
-0.052089 0.002867 0.001305 0.007040 0.007191 0.008465 0.009283 0.000067 -0.011315 0.025890 0.012243 0.012841 0.013408 0.004453 0.005107 0.005549 0.005969 0.006247 0.006320 0.006481 0.007452 0.007095 0.006770 0.006474 0.013934 -0.003095 0.012736 0.003826 0.004403 0.003824 0.002926 0.001926 0.001257 0.000284 -0.000375 -0.001232 0.004553 -0.002124 0.000765 -0.002315 0.001054 0.000000 0.000000 0.000000 0.000000 0.000000 0.000000 0.000000 0.000000 0.000000
0.008873 -0.000392 0.007793 0.006558 0.007123 0.008602 0.008710 0.009220 -0.001064 0.009185 0.010171 0.010215 0.009862 0.009607 0.009471 0.009314 0.009173 0.003706 0.009624 0.002828 0.001795 0.001710 0.001665 0.008179 0.007906 0.008154 0.000768 0.000886 0.003105 -0.005885 0.005653 0.005627 -0.000140 0.005132 0.004972 -0.002741 0.005044 -0.004802 0.000691 -0.010568 -0.008498 0.000000 0.000000 0.000000 0.000000 0.000000 0.000000 0.000000 0.000000 0.000000
