0.000000 0.000000 0.000000 0.000000 0.000000 0.000000 0.000000 0.000000 0.000000 0.000000 0.000000 0.000000 0.000000 0.000000 0.000000 0.000000 0.000000 0.000000 0.000000 0.000000 0.000000 0.000000 0.000000 0.000526 0.025170 0.006898 0.009007 -0.001266 0.014586 0.013079 -0.003859 -0.004683 0.004129 0.015261 0.028084 -0.008925 0.019854 0.030860 -0.000207 0.034562 -0.012587 0.000000 0.000000 0.000000 0.000000 0.000000 0.000000 0.000000 0.000000 0.000000
0.000000 0.000000 0.000000 0.000000 0.000000 0.000000 0.000000 0.000000 0.000000 0.000000 0.000000 0.000000 0.000000 0.000000 0.000000 0.000000 0.000000 0.000000 0.000000 0.000000 0.000000 0.000000 0.000000 0.056542 0.043212 0.042840 0.045567 0.046779 0.046874 0.047586 0.046633 0.047313 0.045803 0.046167 0.041677 0.045978 0.010871 0.017984 -0.000840 0.023744 -0.005290 0.000000 0.000000 0.000000 0.000000 0.000000 0.000000 0.000000 0.000000 0.000000
0.000000 0.000000 0.000000 0.000000 0.000000 0.000000 0.000000 0.000000 0.000000 0.000000 0.000000 0.000000 0.000000 0.000000 0.000000 0.000000 0.000000 0.000000 0.000000 0.000000 0.000000 0.000000 0.000000 0.060972 0.085051 0.085654 0.084911 0.084285 0.083485 0.082992 0.082739 0.083706 0.083311 0.083708 0.083653 0.084222 0.085540 0.086052 0.075554 0.086454 0.012663 0.000000 0.000000 0.000000 0.000000 0.000000 0.000000 0.000000 0.000000 0.000000
0.000000 0.000000 0.000000 0.000000 0.000000 0.000000 0.000000 0.000000 0.000000 0.000000 0.000000 0.000000 0.000000 0.000000 0.000000 0.000000 0.000000 0.000000 0.000000 0.000000 0.000000 0.000000 0.000000 0.115869 0.085393 0.087123 0.084825 0.086695 0.085012 0.085624 0.085311 0.085876 0.085817 0.085823 0.086289 0.087451 0.090706 0.092033 0.102410 0.117731 0.020139 0.000000 0.000000 0.000000 0.000000 0.000000 0.000000 0.000000 0.000000 0.000000
0.000000 0.000000 0.000000 0.000000 0.000000 0.000000 0.000000 0.000000 0.000000 0.000000 0.000000 0.000000 0.000000 0.000000 0.000000 0.000000 0.000000 0.000000 0.000000 0.000000 0.000000 0.000000 0.000000 0.121198 0.117606 0.119060 0.116790 0.117769 0.117526 0.117489 0.117458 0.117393 0.117192 0.116881 0.116536 0.115595 0.116101 0.112215 0.113000 0.152385 0.023630 0.000000 0.000000 0.000000 0.000000 0.000000 0.000000 0.000000 0.000000 0.000000
0.000000 0.000000 0.000000 0.000000 0.000000 0.000000 0.000000 0.000000 0.000000 0.000000 0.000000 0.000000 0.000000 0.000000 0.000000 0.000000 0.000000 0.000000 0.000000 0.000000 0.000000 0.000000 0.000000 0.130448 0.144937 0.146058 0.145505 0.145463 0.144710 0.144896 0.144748 0.144820 0.144958 0.144955 0.145598 0.145220 0.146084 0.143300 0.144042 0.131266 0.047036 0.000000 0.000000 0.000000 0.000000 0.000000 0.000000 0.000000 0.000000 0.000000
0.000000 0.000000 0.000000 0.000000 0.000000 0.000000 0.000000 0.000000 0.000000 0.000000 0.000000 0.000000 0.000000 0.000000 0.000000 0.000000 0.000000 0.000000 0.000000 0.000000 0.000000 0.000000 0.000000 0.191495 0.174980 0.176679 0.175899 0.175753 0.175268 0.174943 0.174591 0.174251 0.173961 0.173467 0.173392 0.172069 0.172125 0.168388 0.167278 0.203485 0.010746 0.000000 0.000000 0.000000 0.000000 0.000000 0.000000 0.000000 0.000000 0.000000
0.000000 0.000000 0.000000 0.000000 0.000000 0.000000 0.000000 0.000000 0.000000 0.000000 0.000000 0.000000 0.000000 0.000000 0.000000 0.000000 0.000000 0.000000 0.000000 0.000000 0.000000 0.000000 0.000000 0.226405 0.203516 0.205312 0.204747 0.204382 0.203797 0.203430 0.203022 0.202764 0.202577 0.202466 0.202439 0.202132 0.201391 0.199536 0.198720 0.192336 0.134761 0.000000 0.000000 0.000000 0.000000 0.000000 0.000000 0.000000 0.000000 0.000000
0.000000 0.000000 0.000000 0.000000 0.000000 0.000000 0.000000 0.000000 0.000000 0.000000 0.000000 0.000000 0.000000 0.000000 0.000000 0.000000 0.000000 0.000000 0.000000 0.000000 0.000000 0.000000 0.000000 0.251921 0.235827 0.235160 0.234524 0.233962 0.233258 0.232633 0.232020 0.231527 0.231071 0.230761 0.230561 0.230433 0.231279 0.229107 0.222774 0.261520 0.151853 0.000000 0.000000 0.000000 0.000000 0.000000 0.000000 0.000000 0.000000 0.000000
0.000000 0.000000 0.000000 0.000000 0.000000 0.000000 0.000000 0.000000 0.000000 0.000000 0.000000 0.000000 0.000000 0.000000 0.000000 0.000000 0.000000 0.000000 0.000000 0.000000 0.000000 0.000000 0.000000 0.313318 0.265482 0.264589 0.263876 0.263026 0.262144 0.261346 0.260606 0.260068 0.259586 0.259411 0.259115 0.259207 0.258707 0.258107 0.254517 0.295708 0.083815 0.000000 0.000000 0.000000 0.000000 0.000000 0.000000 0.000000 0.000000 0.000000
0.000000 0.000000 0.000000 0.000000 0.000000 0.000000 0.000000 0.000000 0.000000 0.000000 0.000000 0.000000 0.000000 0.000000 0.000000 0.000000 0.000000 0.000000 0.000000 0.000000 0.000000 0.000000 0.000000 0.280593 0.295418 0.294551 0.293532 0.292362 0.291287 0.290194 0.289231 0.288529 0.287909 0.287721 0.287387 0.287739 0.287342 0.286814 0.279761 0.273784 0.066176 0.000000 0.000000 0.000000 0.000000 0.000000 0.000000 0.000000 0.000000 0.000000
0.000000 0.000000 0.000000 0.000000 0.000000 0.000000 0.000000 0.000000 0.000000 0.000000 0.000000 0.000000 0.000000 0.000000 0.000000 0.000000 0.000000 0.000000 0.000000 0.000000 0.000000 0.000000 0.000000 0.337227 0.325760 0.324461 0.323160 0.321662 0.320149 0.318774 0.317574 0.316724 0.316011 0.315814 0.315399 0.315689 0.314887 0.314522 0.311828 0.301441 0.191014 0.000000 0.000000 0.000000 0.000000 0.000000 0.000000 0.000000 0.000000 0.000000
0.000000 0.000000 0.000000 0.000000 0.000000 0.000000 0.000000 0.000000 0.000000 0.000000 0.000000 0.000000 0.000000 0.000000 0.000000 0.000000 0.000000 0.000000 0.000000 0.000000 0.000000 0.000000 0.000000 0.376035 0.356796 0.355030 0.353127 0.351066 0.349029 0.347240 0.345734 0.344711 0.343938 0.343816 0.343562 0.344092 0.343502 0.342286 0.337054 0.354422 0.006221 0.000000 0.000000 0.000000 0.000000 0.000000 0.000000 0.000000 0.000000 0.000000
0.000000 0.000000 0.000000 0.000000 0.000000 0.000000 0.000000 0.000000 0.000000 0.000000 0.000000 0.000000 0.000000 0.000000 0.000000 0.000000 0.000000 0.000000 0.000000 0.000000 0.000000 0.000000 0.000000 0.395148 0.388249 0.385707 0.383113 0.380328 0.377652 0.375338 0.373463 0.372228 0.371370 0.371247 0.371035 0.371361 0.370714 0.367799 0.366524 0.376914 0.127640 0.000000 0.000000 0.000000 0.000000 0.000000 0.000000 0.000000 0.000000 0.000000
0.000000 0.000000 0.000000 0.000000 0.000000 0.000000 0.000000 0.000000 0.000000 0.000000 0.000000 0.000000 0.000000 0.000000 0.000000 0.000000 0.000000 0.000000 0.000000 0.000000 0.000000 0.000000 0.000000 0.437729 0.420745 0.417199 0.413361 0.409618 0.405986 0.403033 0.400721 0.399327 0.398541 0.398800 0.399267 0.401142 0.402923 0.406038 0.406135 0.409503 0.257494 0.000000 0.000000 0.000000 0.000000 0.000000 0.000000 0.000000 0.000000 0.000000
0.000000 0.000000 0.000000 0.000000 0.000000 0.000000 0.000000 0.000000 0.000000 0.000000 0.000000 0.000000 0.000000 0.000000 0.000000 0.000000 0.000000 0.000000 0.000000 0.000000 0.000000 0.000000 0.000000 0.462740 0.454473 0.449235 0.443860 0.438609 0.433858 0.430019 0.427193 0.425568 0.424790 0.425221 0.425833 0.427570 0.428262 0.428650 0.423305 0.446926 0.009350 0.000000 0.000000 0.000000 0.000000 0.000000 0.000000 0.000000 0.000000 0.000000
0.000000 0.000000 0.000000 0.000000 0.000000 0.000000 0.000000 0.000000 0.000000 0.000000 0.000000 0.000000 0.000000 0.000000 0.000000 0.000000 0.000000 0.000000 0.000000 0.000000 0.000000 0.000000 0.000000 0.508699 0.489578 0.482374 0.474090 0.467250 0.460716 0.456002 0.452578 0.450876 0.450334 0.451353 0.452762 0.455622 0.457545 0.460231 0.459530 0.476334 0.296886 0.000000 0.000000 0.000000 0.000000 0.000000 0.000000 0.000000 0.000000 0.000000
0.000000 0.000000 0.000000 0.000000 0.000000 0.000000 0.000000 0.000000 0.000000 0.000000 0.000000 0.000000 0.000000 0.000000 0.000000 0.000000 0.000000 0.000000 0.000000 0.000000 0.000000 0.000000 0.000000 0.623296 0.528894 0.516415 0.505046 0.495044 0.486738 0.480597 0.476617 0.474805 0.474628 0.476349 0.478703 0.482669 0.485844 0.488110 0.481892 0.514741 0.319873 0.000000 0.000000 0.000000 0.000000 0.000000 0.000000 0.000000 0.000000 0.000000
0.000000 0.000000 0.000000 0.000000 0.000000 0.000000 0.000000 0.000000 0.000000 0.000000 0.000000 0.000000 0.000000 0.000000 0.000000 0.000000 0.000000 0.000000 0.000000 0.000000 0.000000 0.000000 0.000000 0.590824 0.568190 0.552423 0.533270 0.521153 0.509849 0.502908 0.498385 0.496883 0.497417 0.500282 0.504013 0.509518 0.514052 0.518254 0.518859 0.545012 0.341287 0.000000 0.000000 0.000000 0.000000 0.000000 0.000000 0.000000 0.000000 0.000000
0.000000 0.000000 0.000000 0.000000 0.000000 0.000000 0.000000 0.000000 0.000000 0.000000 0.000000 0.000000 0.000000 0.000000 0.000000 0.000000 0.000000 0.000000 0.000000 0.000000 0.000000 0.000000 0.000000 0.732288 0.622282 0.588723 0.562794 0.545104 0.531484 0.522630 0.517930 0.516732 0.518356 0.522718 0.528449 0.536260 0.543675 0.550018 0.546979 0.582986 0.365441 0.000000 0.000000 0.000000 0.000000 0.000000 0.000000 0.000000 0.000000 0.000000
0.000000 0.000000 0.000000 0.000000 0.000000 0.000000 0.000000 0.000000 0.000000 0.000000 0.000000 0.000000 0.000000 0.000000 0.000000 0.000000 0.000000 0.000000 0.000000 0.000000 0.000000 0.000000 0.000000 0.816120 0.647851 0.619763 0.582653 0.562117 0.546202 0.537601 0.533388 0.533436 0.536786 0.543265 0.551563 0.562092 0.572341 0.581902 0.584952 0.619877 0.010475 0.000000 0.000000 0.000000 0.000000 0.000000 0.000000 0.000000 0.000000 0.000000
0.000000 0.000000 0.000000 0.000000 0.000000 0.000000 0.000000 0.000000 0.000000 0.000000 0.000000 0.000000 0.000000 0.000000 0.000000 0.000000 0.000000 0.000000 0.000000 0.000000 0.000000 0.000000 0.000000 0.929097 0.708490 0.653937 0.599656 0.575460 0.558566 0.548312 0.545428 0.546819 0.552489 0.561550 0.573257 0.587401 0.602125 0.616197 0.621119 0.663619 0.230993 0.000000 0.000000 0.000000 0.000000 0.000000 0.000000 0.000000 0.000000 0.000000
0.003065 -0.002539 -0.006561 0.001457 0.002463 0.002655 0.003072 0.003259 0.003546 0.003713 0.003907 0.004092 0.004500 -0.003822 -0.003892 -0.003737 -0.003040 0.001181 0.003368 0.062748 0.059985 0.015693 -0.051348 0.863487 0.725457 0.639409 0.595545 0.572787 0.556762 0.551972 0.551852 0.555915 0.564657 0.576879 0.592800 0.611048 0.631726 0.651588 0.663942 0.713477 0.455881 0.000000 0.000000 0.000000 0.000000 0.000000 0.000000 0.000000 0.000000 0.000000
0.006140 0.014915 0.016365 0.021634 0.005561 0.014735 0.025617 0.003525 0.003536 0.003763 0.003840 0.003916 0.005146 0.032907 0.047504 0.052820 0.044683 0.068513 0.057020 0.074404 0.075858 0.165738 0.351890 0.668908 0.604648 0.582269 0.560431 0.554420 0.547991 0.548488 0.552335 0.560554 0.572995 0.589050 0.609806 0.633425 0.661430 0.688970 0.709178 0.745559 0.013895 0.000000 0.000000 0.000000 0.000000 0.000000 0.000000 0.000000 0.000000 0.000000
0.021485 0.031793 0.025314 0.028413 0.027879 0.029090 0.029773 0.031224 0.032730 0.034700 0.037047 0.039984 0.043601 0.048124 0.053603 0.060618 0.069917 0.081715 0.097028 0.117435 0.156234 0.217472 0.322856 0.470552 0.524844 0.528686 0.529336 0.532895 0.534423 0.540820 0.549251 0.561104 0.577258 0.596853 0.622641 0.651134 0.688738 0.726292 0.762121 0.845971 0.550345 0.000000 0.000000 0.000000 0.000000 0.000000 0.000000 0.000000 0.000000 0.000000
0.045664 0.046140 0.037027 0.037827 0.038464 0.039725 0.041025 0.042838 0.044967 0.047553 0.050668 0.054447 0.058995 0.064725 0.071761 0.080691 0.092212 0.107153 0.127062 0.152989 0.188427 0.239531 0.305692 0.409704 0.455695 0.483357 0.496814 0.509712 0.518723 0.529881 0.542421 0.557852 0.577393 0.600592 0.630878 0.666173 0.714011 0.765765 0.822005 0.941319 0.358455 0.000000 0.000000 0.000000 0.000000 0.000000 0.000000 0.000000 0.000000 0.000000
0.051717 0.058066 0.050146 0.051191 0.052603 0.053244 0.055817 0.057619 0.060840 0.064261 0.068265 0.073164 0.079029 0.086183 0.094781 0.105460 0.118473 0.135006 0.155187 0.181972 0.216582 0.264149 0.318301 0.384070 0.425373 0.452988 0.472256 0.489110 0.502909 0.517449 0.533068 0.550895 0.572807 0.598190 0.631883 0.668986 0.726571 0.797346 0.876650 1.046813 0.437288 0.000000 0.000000 0.000000 0.000000 0.000000 0.000000 0.000000 0.000000 0.000000
0.055139 0.070841 0.062384 0.062527 0.063487 0.065534 0.067424 0.070405 0.073466 0.077621 0.082316 0.087944 0.094650 0.102751 0.112465 0.124295 0.138623 0.156127 0.177547 0.203532 0.234855 0.272329 0.313706 0.364572 0.398710 0.428106 0.450234 0.469882 0.486713 0.503561 0.521181 0.540461 0.563665 0.589971 0.626267 0.666560 0.724950 0.804069 0.911345 1.080489 1.247850 0.000000 0.000000 0.000000 0.000000 0.000000 0.000000 0.000000 0.000000 0.000000
0.072509 0.083202 0.074337 0.074593 0.076316 0.077878 0.080749 0.083424 0.087472 0.091819 0.097162 0.103412 0.110778 0.119512 0.129790 0.142016 0.156402 0.173673 0.193995 0.218538 0.246587 0.279856 0.314567 0.352841 0.384046 0.410765 0.432902 0.453266 0.471401 0.489120 0.507418 0.526728 0.549394 0.573859 0.606885 0.641538 0.693742 0.752014 0.840418 0.879324 0.859297 0.308687 0.113647 0.047810 0.076393 0.064369 0.057326 0.028849 0.042906 0.035245
0.074640 0.095355 0.085395 0.085507 0.086911 0.089348 0.091819 0.095464 0.099169 0.104319 0.109942 0.116660 0.124467 0.133623 0.144296 0.156799 0.171362 0.188344 0.207915 0.230352 0.255479 0.283452 0.312666 0.344180 0.371367 0.396050 0.417834 0.437845 0.456243 0.474042 0.492063 0.510439 0.531012 0.552030 0.578075 0.602552 0.637329 0.668133 0.702916 0.697420 0.535839 0.268482 0.170732 0.129564 0.103347 0.085482 0.078360 0.069588 0.086126 0.067554
0.098911 0.106371 0.096234 0.096287 0.098249 0.100458 0.103485 0.107003 0.111336 0.116397 0.122386 0.129313 0.137360 0.146659 0.157354 0.169692 0.183795 0.199951 0.218191 0.238780 0.261358 0.286061 0.311411 0.337755 0.362177 0.384563 0.404992 0.424106 0.441910 0.459020 0.476022 0.492906 0.510927 0.528690 0.548741 0.566403 0.587243 0.595650 0.602075 0.562426 0.466989 0.316055 0.238263 0.183950 0.153204 0.131669 0.116665 0.116474 0.127794 0.099805
0.084583 0.116371 0.106300 0.106329 0.108264 0.110733 0.113806 0.117590 0.122021 0.127324 0.133444 0.140534 0.148676 0.158000 0.168629 0.180722 0.194366 0.209712 0.226760 0.245545 0.265831 0.287482 0.309711 0.332485 0.354206 0.374439 0.393466 0.411357 0.428159 0.444165 0.459751 0.474776 0.490030 0.504106 0.518659 0.529581 0.540914 0.539350 0.533595 0.497431 0.431781 0.337138 0.275899 0.227620 0.194967 0.171837 0.155439 0.153555 0.163276 0.145704
0.137159 0.126576 0.115921 0.115926 0.118016 0.120521 0.123756 0.127592 0.132185 0.137534 0.143737 0.150850 0.158957 0.168155 0.178531 0.190187 0.203174 0.217583 0.233377 0.250553 0.268884 0.288220 0.307966 0.327962 0.347523 0.365775 0.383217 0.399710 0.415234 0.429901 0.443916 0.457059 0.469748 0.480729 0.491067 0.497596 0.502123 0.495349 0.485240 0.451199 0.407037 0.342145 0.297094 0.255542 0.226248 0.203776 0.187046 0.186395 0.196360 0.185679
0.122260 0.135840 0.124911 0.124926 0.127026 0.129598 0.132881 0.136787 0.141422 0.146809 0.153009 0.160074 0.168070 0.177072 0.187133 0.198319 0.210654 0.224171 0.238818 0.254541 0.271151 0.288482 0.306133 0.323919 0.341534 0.357978 0.373886 0.388955 0.403125 0.416396 0.428829 0.440171 0.450578 0.459052 0.466176 0.469518 0.470173 0.462323 0.450117 0.423839 0.390006 0.345214 0.309011 0.275731 0.249728 0.229564 0.214006 0.213020 0.224083 0.196496
0.135846 0.144494 0.133322 0.133354 0.135474 0.138074 0.141392 0.145309 0.149954 0.155310 0.161451 0.168402 0.176223 0.184955 0.194633 0.205294 0.216943 0.229581 0.243149 0.257575 0.272698 0.288360 0.304262 0.320215 0.336137 0.350970 0.365412 0.379091 0.391914 0.403815 0.414754 0.424485 0.432995 0.439541 0.444359 0.445656 0.444103 0.435882 0.424033 0.402183 0.377083 0.343999 0.316281 0.289217 0.267481 0.249859 0.235943 0.235242 0.249300 0.231269
0.142189 0.152992 0.141138 0.141163 0.143297 0.145898 0.149218 0.153116 0.157727 0.163019 0.169055 0.175852 0.183454 0.191881 0.201157 0.211294 0.222282 0.234101 0.246686 0.259958 0.273778 0.287998 0.302392 0.316789 0.330907 0.344610 0.357701 0.370081 0.381637 0.392266 0.401868 0.410218 0.417211 0.422317 0.425569 0.425707 0.423152 0.415607 0.404752 0.387581 0.367556 0.343082 0.320790 0.299281 0.280989 0.266120 0.253923 0.253355 0.268370 0.251766
0.151371 0.145928 0.148356 0.148337 0.150510 0.153075 0.156381 0.160232 0.164784 0.169976 0.175880 0.182493 0.189846 0.197949 0.206810 0.216426 0.226778 0.237831 0.249521 0.261766 0.274443 0.287421 0.300517 0.313576 0.326386 0.338807 0.350672 0.361865 0.372262 0.381742 0.390180 0.397371 0.403176 0.407209 0.409569 0.409041 0.406027 0.399280 0.389727 0.375821 0.360066 0.341259 0.323630 0.306390 0.291298 0.278892 0.268287 0.267993 0.273464 0.271079
0.141551 0.160455 0.154624 0.156638 0.159115 0.162416 0.166331 0.170975 0.170981 0.176246 0.182106 0.188618 0.195698 0.203504 0.211739 0.220857 0.230614 0.240966 0.251852 0.263188 0.274865 0.286766 0.298736 0.310642 0.322305 0.333600 0.344373 0.354505 0.363875 0.372348 0.379803 0.386049 0.390952 0.394222 0.395760 0.395028 0.392131 0.386315 0.378233 0.367114 0.354412 0.339839 0.325639 0.311861 0.299397 0.289157 0.280193 0.279904 0.288370 0.266847
0.144527 0.166518 0.160968 0.160937 0.163111 0.165563 0.168793 0.172494 0.176875 0.181810 0.187398 0.193592 0.200420 0.207866 0.215926 0.224571 0.233778 0.243489 0.253648 0.264173 0.274967 0.285924 0.296908 0.307810 0.318465 0.328767 0.338573 0.347765 0.356235 0.363838 0.370467 0.375946 0.380161 0.382890 0.384036 0.383257 0.380608 0.375684 0.368907 0.359954 0.349733 0.338288 0.326830 0.315843 0.305558 0.297202 0.289723 0.289434 0.295366 0.282772
0.161773 0.173536 0.166552 0.166451 0.168667 0.170996 0.174195 0.177786 0.182077 0.186855 0.192275 0.198249 0.204818 0.211948 0.219638 0.227841 0.236554 0.245689 0.255224 0.265052 0.275089 0.285244 0.295378 0.305434 0.315216 0.324674 0.333647 0.342032 0.349738 0.356605 0.362564 0.367436 0.371146 0.373511 0.374461 0.373773 0.371483 0.367393 0.361770 0.354556 0.346303 0.337214 0.328042 0.319138 0.310698 0.303929 0.297464 0.297357 0.311301 0.279290
0.180012 0.179666 0.171287 0.171159 0.173220 0.175573 0.178640 0.182207 0.186411 0.191037 0.196291 0.202056 0.208380 0.215208 0.222559 0.230347 0.238610 0.247222 0.256169 0.265346 0.274691 0.284119 0.293497 0.302792 0.311801 0.320501 0.328740 0.336411 0.343459 0.349698 0.355105 0.359486 0.362818 0.364935 0.365804 0.365268 0.363380 0.360037 0.355431 0.349708 0.342926 0.335913 0.328120 0.321425 0.314144 0.308982 0.303273 0.303176 0.318123 0.304272
0.160242 0.182438 0.175902 0.175637 0.177659 0.179941 0.182978 0.186448 0.190629 0.195033 0.200134 0.205683 0.211777 0.218312 0.225356 0.232730 0.240663 0.248776 0.257391 0.266074 0.274896 0.283764 0.292481 0.301264 0.309582 0.317749 0.325395 0.332490 0.339037 0.344755 0.349750 0.353758 0.356828 0.358803 0.359674 0.359322 0.357822 0.355117 0.351324 0.346668 0.341291 0.335493 0.330158 0.323740 0.318165 0.313697 0.308718 0.308612 0.321434 0.294129
0.172708 0.177172 0.179294 0.178901 0.180162 0.183039 0.185541 0.189316 0.193494 0.197753 0.202680 0.208086 0.213972 0.220242 0.227003 0.233989 0.241541 0.249217 0.257204 0.265341 0.273614 0.281902 0.290036 0.298211 0.305942 0.313503 0.320609 0.327149 0.333257 0.338512 0.343171 0.346843 0.349730 0.351602 0.352530 0.352337 0.351279 0.349060 0.346081 0.342791 0.337710 0.334857 0.327978 0.325041 0.319324 0.317061 0.311985 0.311916 0.307436 0.329760
0.182596 0.192261 0.183640 0.182067 0.186700 0.185828 0.191306 0.191992 0.197129 0.200178 0.205143 0.210326 0.216195 0.222223 0.229193 0.235552 0.243722 0.250495 0.258612 0.266381 0.274532 0.282558 0.290015 0.298413 0.305333 0.312930 0.319742 0.325868 0.331834 0.336694 0.341193 0.344676 0.347420 0.349334 0.350363 0.350347 0.349649 0.347961 0.345599 0.342465 0.339165 0.335197 0.331401 0.327377 0.323791 0.320596 0.317526 0.316280 0.332004 0.315434
0.175758 0.197202 0.184923 0.183397 0.185139 0.187113 0.190077 0.193124 0.196973 0.201380 0.205753 0.211125 0.216432 0.222421 0.228612 0.235010 0.242091 0.249194 0.256389 0.263732 0.271262 0.278828 0.285732 0.293334 0.299979 0.306663 0.313298 0.318780 0.324515 0.329034 0.333357 0.336551 0.339196 0.341097 0.342217 0.342180 0.342221 0.340716 0.339418 0.337871 0.332929 0.332885 0.325372 0.326640 0.318294 0.321156 0.313629 0.316293 0.337399 0.319837
0.236503 0.194493 0.189432 0.187019 0.194537 0.192535 0.198921 0.199030 0.204686 0.207027 0.212710 0.216735 0.223407 0.228105 0.235129 0.240539 0.248259 0.254640 0.261880 0.269020 0.277041 0.283650 0.290763 0.298684 0.305032 0.311753 0.318502 0.324126 0.329332 0.334280 0.338104 0.341822 0.343991 0.346449 0.347594 0.347881 0.348053 0.346826 0.345599 0.342887 0.341005 0.338576 0.335011 0.333139 0.328800 0.327946 0.322543 0.321260 0.336481 0.330537
0.211333 0.201728 0.186991 0.183019 0.185807 0.186062 0.189774 0.191939 0.196342 0.200157 0.204775 0.209353 0.214786 0.219817 0.226185 0.231608 0.238520 0.245408 0.251853 0.258676 0.265930 0.272612 0.278772 0.285650 0.292053 0.297758 0.303834 0.309609 0.313938 0.319095 0.322082 0.326532 0.327788 0.330340 0.331813 0.331086 0.332433 0.330692 0.331141 0.329205 0.325254 0.325501 0.319767 0.321326 0.313837 0.317897 0.310043 0.322778 0.334188 0.307292
0.195774 0.195463 0.189844 0.190594 0.192431 0.194330 0.197335 0.200441 0.204126 0.208135 0.212664 0.217546 0.222928 0.228536 0.234540 0.240608 0.247120 0.253813 0.260663 0.267639 0.274477 0.281470 0.288153 0.294651 0.300895 0.306803 0.312391 0.317839 0.322507 0.326666 0.330311 0.333581 0.336158 0.338101 0.339311 0.339579 0.339624 0.338698 0.337838 0.335846 0.334155 0.331784 0.329366 0.327060 0.324409 0.323370 0.324302 0.320192 0.330973 0.320729
0.188519 0.197513 0.172485 0.202340 0.188547 0.191674 0.194803 0.194687 0.202984 0.202777 0.232371 0.229332 0.244143 0.240909 0.227701 0.232737 0.240497 0.247513 0.254187 0.261101 0.267901 0.275064 0.282004 0.287964 0.294328 0.323565 0.305008 0.311494 0.316503 0.318933 0.324958 0.328672 0.353733 0.356614 0.357575 0.361283 0.333984 0.332062 0.330813 0.329587 0.330195 0.325885 0.321186 0.321602 0.316252 0.311501 0.309371 0.295714 0.348701 0.344988
0.190056 0.191130 0.170462 0.185847 0.192178 0.193738 0.198851 0.199809 0.206847 0.208304 0.197847 0.199929 0.208137 0.210419 0.240024 0.246625 0.228173 0.258935 0.263395 0.269657 0.274101 0.286599 0.286985 0.293153 0.301290 0.282262 0.311039 0.316328 0.319443 0.323168 0.308005 0.326978 0.341695 0.343066 0.337013 0.336852 0.337779 0.336231 0.343994 0.330744 0.332785 0.322369 0.326209 0.327673 0.323192 0.328936 0.319173 0.308447 0.302592 0.336152
