0.000000 0.000000 0.000000 0.000000 0.000000 0.000000 0.000000 0.000000 0.000000 0.000000 0.000000 0.000000 0.000000 0.000000 0.000000 0.000000 0.000000 0.000000 0.000000 0.000000 0.000000 0.000000 0.000000 -0.004821 -0.054673 -0.108849 -0.145330 -0.133370 -0.153833 -0.180755 -0.230281 -0.260466 -0.287529 -0.335243 -0.302495 -0.324300 -0.344405 -0.437901 -0.451306 -0.333049 -0.510595 0.000000 0.000000 0.000000 0.000000 0.000000 0.000000 0.000000 0.000000 0.000000
0.000000 0.000000 0.000000 0.000000 0.000000 0.000000 0.000000 0.000000 0.000000 0.000000 0.000000 0.000000 0.000000 0.000000 0.000000 0.000000 0.000000 0.000000 0.000000 0.000000 0.000000 0.000000 0.000000 -0.012040 -0.053183 -0.090718 -0.121003 -0.151344 -0.181266 -0.213237 -0.245536 -0.277280 -0.306200 -0.339973 -0.361947 -0.399579 -0.406391 -0.419065 -0.437693 -0.415908 -0.505263 0.000000 0.000000 0.000000 0.000000 0.000000 0.000000 0.000000 0.000000 0.000000
0.000000 0.000000 0.000000 0.000000 0.000000 0.000000 0.000000 0.000000 0.000000 0.000000 0.000000 0.000000 0.000000 0.000000 0.000000 0.000000 0.000000 0.000000 0.000000 0.000000 0.000000 0.000000 0.000000 -0.001924 -0.042228 -0.072023 -0.101811 -0.131202 -0.160828 -0.190112 -0.218597 -0.248716 -0.274845 -0.308122 -0.328592 -0.372297 -0.377868 -0.451253 -0.424304 -0.403733 -0.506828 0.000000 0.000000 0.000000 0.000000 0.000000 0.000000 0.000000 0.000000 0.000000
0.000000 0.000000 0.000000 0.000000 0.000000 0.000000 0.000000 0.000000 0.000000 0.000000 0.000000 0.000000 0.000000 0.000000 0.000000 0.000000 0.000000 0.000000 0.000000 0.000000 0.000000 0.000000 0.000000 -0.015020 -0.047067 -0.072842 -0.102959 -0.130953 -0.160870 -0.189794 -0.218308 -0.248080 -0.274911 -0.306363 -0.329461 -0.364412 -0.383838 -0.412376 -0.467404 -0.415162 -0.510231 0.000000 0.000000 0.000000 0.000000 0.000000 0.000000 0.000000 0.000000 0.000000
0.000000 0.000000 0.000000 0.000000 0.000000 0.000000 0.000000 0.000000 0.000000 0.000000 0.000000 0.000000 0.000000 0.000000 0.000000 0.000000 0.000000 0.000000 0.000000 0.000000 0.000000 0.000000 0.000000 -0.002201 -0.045091 -0.072883 -0.102950 -0.131978 -0.161088 -0.190533 -0.219257 -0.249436 -0.276451 -0.308205 -0.331332 -0.362459 -0.380580 -0.397383 -0.456116 -0.409068 -0.510585 0.000000 0.000000 0.000000 0.000000 0.000000 0.000000 0.000000 0.000000 0.000000
0.000000 0.000000 0.000000 0.000000 0.000000 0.000000 0.000000 0.000000 0.000000 0.000000 0.000000 0.000000 0.000000 0.000000 0.000000 0.000000 0.000000 0.000000 0.000000 0.000000 0.000000 0.000000 0.000000 -0.006732 -0.045969 -0.072937 -0.102860 -0.132204 -0.161271 -0.190559 -0.218948 -0.248745 -0.275511 -0.307242 -0.330846 -0.364931 -0.386799 -0.408402 -0.468662 -0.394674 -0.518757 0.000000 0.000000 0.000000 0.000000 0.000000 0.000000 0.000000 0.000000 0.000000
0.000000 0.000000 0.000000 0.000000 0.000000 0.000000 0.000000 0.000000 0.000000 0.000000 0.000000 0.000000 0.000000 0.000000 0.000000 0.000000 0.000000 0.000000 0.000000 0.000000 0.000000 0.000000 0.000000 -0.002653 -0.045513 -0.073353 -0.103370 -0.132419 -0.161743 -0.191075 -0.219552 -0.249423 -0.276325 -0.307582 -0.331072 -0.361971 -0.382210 -0.397670 -0.458483 -0.418774 -0.502817 0.000000 0.000000 0.000000 0.000000 0.000000 0.000000 0.000000 0.000000 0.000000
0.000000 0.000000 0.000000 0.000000 0.000000 0.000000 0.000000 0.000000 0.000000 0.000000 0.000000 0.000000 0.000000 0.000000 0.000000 0.000000 0.000000 0.000000 0.000000 0.000000 0.000000 0.000000 0.000000 0.008923 -0.046340 -0.073553 -0.103709 -0.132764 -0.162047 -0.191236 -0.219655 -0.249389 -0.276296 -0.307808 -0.332216 -0.365977 -0.390441 -0.415416 -0.471393 -0.408620 -0.465429 0.000000 0.000000 0.000000 0.000000 0.000000 0.000000 0.000000 0.000000 0.000000
0.000000 0.000000 0.000000 0.000000 0.000000 0.000000 0.000000 0.000000 0.000000 0.000000 0.000000 0.000000 0.000000 0.000000 0.000000 0.000000 0.000000 0.000000 0.000000 0.000000 0.000000 0.000000 0.000000 -0.001591 -0.042842 -0.073876 -0.104244 -0.133321 -0.162658 -0.191820 -0.220198 -0.249856 -0.276619 -0.307723 -0.331414 -0.362838 -0.383844 -0.399983 -0.460249 -0.419833 -0.464863 0.000000 0.000000 0.000000 0.000000 0.000000 0.000000 0.000000 0.000000 0.000000
0.000000 0.000000 0.000000 0.000000 0.000000 0.000000 0.000000 0.000000 0.000000 0.000000 0.000000 0.000000 0.000000 0.000000 0.000000 0.000000 0.000000 0.000000 0.000000 0.000000 0.000000 0.000000 0.000000 -0.012591 -0.043133 -0.074303 -0.104881 -0.134003 -0.163350 -0.192453 -0.220745 -0.250328 -0.277056 -0.308319 -0.332529 -0.365076 -0.388801 -0.409444 -0.472788 -0.429520 -0.509889 0.000000 0.000000 0.000000 0.000000 0.000000 0.000000 0.000000 0.000000 0.000000
0.000000 0.000000 0.000000 0.000000 0.000000 0.000000 0.000000 0.000000 0.000000 0.000000 0.000000 0.000000 0.000000 0.000000 0.000000 0.000000 0.000000 0.000000 0.000000 0.000000 0.000000 0.000000 0.000000 0.020314 -0.042633 -0.072998 -0.103985 -0.134420 -0.164074 -0.193344 -0.221466 -0.250869 -0.277274 -0.308195 -0.331623 -0.363163 -0.384135 -0.400430 -0.459993 -0.523913 -0.502105 0.000000 0.000000 0.000000 0.000000 0.000000 0.000000 0.000000 0.000000 0.000000
0.000000 0.000000 0.000000 0.000000 0.000000 0.000000 0.000000 0.000000 0.000000 0.000000 0.000000 0.000000 0.000000 0.000000 0.000000 0.000000 0.000000 0.000000 0.000000 0.000000 0.000000 0.000000 0.000000 0.018146 -0.043237 -0.076137 -0.106971 -0.136292 -0.165567 -0.194476 -0.222403 -0.251643 -0.277860 -0.308833 -0.332492 -0.364908 -0.388116 -0.408703 -0.469709 -0.525095 -0.421902 0.000000 0.000000 0.000000 0.000000 0.000000 0.000000 0.000000 0.000000 0.000000
0.000000 0.000000 0.000000 0.000000 0.000000 0.000000 0.000000 0.000000 0.000000 0.000000 0.000000 0.000000 0.000000 0.000000 0.000000 0.000000 0.000000 0.000000 0.000000 0.000000 0.000000 0.000000 0.000000 0.004136 -0.043823 -0.077583 -0.108582 -0.138034 -0.167200 -0.195913 -0.223511 -0.252427 -0.278183 -0.308805 -0.331749 -0.363667 -0.384893 -0.402581 -0.459420 -0.420500 -0.487069 0.000000 0.000000 0.000000 0.000000 0.000000 0.000000 0.000000 0.000000 0.000000
0.000000 0.000000 0.000000 0.000000 0.000000 0.000000 0.000000 0.000000 0.000000 0.000000 0.000000 0.000000 0.000000 0.000000 0.000000 0.000000 0.000000 0.000000 0.000000 0.000000 0.000000 0.000000 0.000000 -0.003764 -0.045115 -0.079582 -0.110926 -0.140381 -0.169386 -0.197768 -0.224928 -0.253434 -0.278750 -0.309197 -0.332186 -0.364840 -0.388877 -0.412091 -0.476563 -0.409685 -0.511513 0.000000 0.000000 0.000000 0.000000 0.000000 0.000000 0.000000 0.000000 0.000000
0.000000 0.000000 0.000000 0.000000 0.000000 0.000000 0.000000 0.000000 0.000000 0.000000 0.000000 0.000000 0.000000 0.000000 0.000000 0.000000 0.000000 0.000000 0.000000 0.000000 0.000000 0.000000 0.000000 -0.007018 -0.046521 -0.082189 -0.113949 -0.143485 -0.172185 -0.200098 -0.226617 -0.254516 -0.279158 -0.309130 -0.331591 -0.363825 -0.387545 -0.408180 -0.475403 -0.406471 -0.454347 0.000000 0.000000 0.000000 0.000000 0.000000 0.000000 0.000000 0.000000 0.000000
0.000000 0.000000 0.000000 0.000000 0.000000 0.000000 0.000000 0.000000 0.000000 0.000000 0.000000 0.000000 0.000000 0.000000 0.000000 0.000000 0.000000 0.000000 0.000000 0.000000 0.000000 0.000000 0.000000 0.002969 -0.049386 -0.086116 -0.118475 -0.147740 -0.175963 -0.203031 -0.228632 -0.255612 -0.279276 -0.308480 -0.329864 -0.361154 -0.382415 -0.398347 -0.459004 -0.410569 -0.484143 0.000000 0.000000 0.000000 0.000000 0.000000 0.000000 0.000000 0.000000 0.000000
0.000000 0.000000 0.000000 0.000000 0.000000 0.000000 0.000000 0.000000 0.000000 0.000000 0.000000 0.000000 0.000000 0.000000 0.000000 0.000000 0.000000 0.000000 0.000000 0.000000 0.000000 0.000000 0.000000 0.003523 -0.052982 -0.091492 -0.124557 -0.153474 -0.180771 -0.206762 -0.231064 -0.256913 -0.279494 -0.308072 -0.329208 -0.361134 -0.384944 -0.406515 -0.472706 -0.403929 -0.455123 0.000000 0.000000 0.000000 0.000000 0.000000 0.000000 0.000000 0.000000 0.000000
0.000000 0.000000 0.000000 0.000000 0.000000 0.000000 0.000000 0.000000 0.000000 0.000000 0.000000 0.000000 0.000000 0.000000 0.000000 0.000000 0.000000 0.000000 0.000000 0.000000 0.000000 0.000000 0.000000 -0.020528 -0.060600 -0.100288 -0.133586 -0.161116 -0.187207 -0.211171 -0.233755 -0.257854 -0.278791 -0.306052 -0.325580 -0.356232 -0.377012 -0.393963 -0.456212 -0.410813 -0.456894 0.000000 0.000000 0.000000 0.000000 0.000000 0.000000 0.000000 0.000000 0.000000
0.000000 0.000000 0.000000 0.000000 0.000000 0.000000 0.000000 0.000000 0.000000 0.000000 0.000000 0.000000 0.000000 0.000000 0.000000 0.000000 0.000000 0.000000 0.000000 0.000000 0.000000 0.000000 0.000000 -0.028021 -0.068942 -0.112566 -0.145941 -0.171778 -0.195223 -0.216881 -0.236851 -0.258895 -0.277930 -0.303984 -0.322846 -0.353759 -0.377277 -0.398845 -0.467874 -0.402745 -0.456065 0.000000 0.000000 0.000000 0.000000 0.000000 0.000000 0.000000 0.000000 0.000000
0.000000 0.000000 0.000000 0.000000 0.000000 0.000000 0.000000 0.000000 0.000000 0.000000 0.000000 0.000000 0.000000 0.000000 0.000000 0.000000 0.000000 0.000000 0.000000 0.000000 0.000000 0.000000 0.000000 -0.026831 -0.096137 -0.131959 -0.164881 -0.184591 -0.205462 -0.222652 -0.239776 -0.258824 -0.275377 -0.299457 -0.316309 -0.346032 -0.367199 -0.386080 -0.453687 -0.401625 -0.457309 0.000000 0.000000 0.000000 0.000000 0.000000 0.000000 0.000000 0.000000 0.000000
0.000000 0.000000 0.000000 0.000000 0.000000 0.000000 0.000000 0.000000 0.000000 0.000000 0.000000 0.000000 0.000000 0.000000 0.000000 0.000000 0.000000 0.000000 0.000000 0.000000 0.000000 0.000000 0.000000 -0.056479 -0.107579 -0.163107 -0.189455 -0.203104 -0.217720 -0.230436 -0.242743 -0.258463 -0.271918 -0.293884 -0.309235 -0.338309 -0.361055 -0.382348 -0.456093 -0.391027 -0.500692 0.000000 0.000000 0.000000 0.000000 0.000000 0.000000 0.000000 0.000000 0.000000
0.000000 0.000000 0.000000 0.000000 0.000000 0.000000 0.000000 0.000000 0.000000 0.000000 0.000000 0.000000 0.000000 0.000000 0.000000 0.000000 0.000000 0.000000 0.000000 0.000000 0.000000 0.000000 0.000000 -0.133091 -0.193860 -0.200371 -0.218691 -0.221129 -0.229871 -0.235534 -0.243942 -0.255433 -0.265525 -0.284691 -0.297425 -0.325103 -0.345925 -0.367255 -0.440229 -0.386964 -0.513342 0.000000 0.000000 0.000000 0.000000 0.000000 0.000000 0.000000 0.000000 0.000000
-0.014226 -0.025259 -0.040982 -0.052264 -0.064149 -0.077785 -0.091996 -0.107010 -0.122854 -0.139691 -0.157795 -0.177557 -0.199478 -0.209397 -0.234746 -0.263386 -0.295888 -0.339883 -0.394577 -0.457252 -0.524994 -0.597580 -0.797028 -0.652246 -0.344832 -0.303823 -0.263979 -0.257921 -0.243549 -0.244614 -0.244247 -0.251401 -0.257144 -0.273126 -0.283286 -0.309197 -0.330225 -0.353540 -0.431659 -0.373012 -0.454722 0.000000 0.000000 0.000000 0.000000 0.000000 0.000000 0.000000 0.000000 0.000000
-0.002379 -0.022540 -0.033524 -0.043089 -0.062940 -0.073548 -0.081589 -0.108942 -0.125381 -0.142743 -0.161225 -0.181324 -0.203738 -0.214227 -0.229770 -0.257734 -0.298381 -0.326543 -0.372573 -0.432311 -0.504718 -0.582710 -0.931928 -0.449161 -0.405637 -0.327523 -0.289767 -0.266070 -0.250824 -0.244437 -0.239983 -0.242677 -0.244529 -0.256725 -0.263156 -0.286089 -0.304109 -0.327534 -0.405127 -0.389734 -0.494320 0.000000 0.000000 0.000000 0.000000 0.000000 0.000000 0.000000 0.000000 0.000000
-0.000044 -0.017762 -0.037442 -0.036537 -0.050492 -0.062644 -0.076613 -0.090263 -0.104963 -0.120163 -0.136466 -0.153840 -0.172693 -0.193074 -0.215462 -0.240403 -0.268122 -0.299671 -0.333759 -0.370990 -0.412906 -0.467011 -0.546069 -0.491489 -0.395719 -0.338870 -0.294339 -0.271303 -0.250727 -0.240547 -0.232209 -0.230836 -0.228697 -0.236547 -0.238918 -0.257671 -0.273052 -0.296528 -0.374398 -0.331317 -0.444019 0.000000 0.000000 0.000000 0.000000 0.000000 0.000000 0.000000 0.000000 0.000000
-0.000292 -0.020330 -0.035520 -0.036376 -0.050059 -0.062053 -0.075785 -0.089284 -0.103744 -0.118767 -0.134701 -0.151456 -0.169421 -0.188543 -0.209322 -0.231710 -0.256398 -0.282976 -0.312968 -0.345571 -0.383254 -0.414793 -0.437460 -0.411621 -0.362960 -0.317634 -0.286161 -0.261846 -0.242949 -0.230349 -0.219771 -0.214778 -0.208917 -0.211583 -0.209204 -0.220566 -0.228635 -0.246710 -0.317707 -0.279910 -0.497289 0.000000 0.000000 0.000000 0.000000 0.000000 0.000000 0.000000 0.000000 0.000000
-0.002084 -0.019592 -0.035018 -0.035634 -0.048824 -0.060947 -0.074008 -0.087295 -0.101041 -0.115360 -0.130567 -0.146483 -0.163476 -0.181495 -0.200797 -0.221436 -0.243426 -0.266663 -0.290508 -0.314241 -0.338088 -0.355431 -0.368812 -0.358408 -0.326314 -0.297716 -0.270213 -0.249459 -0.230785 -0.216902 -0.204289 -0.195952 -0.186054 -0.183319 -0.173890 -0.179467 -0.173759 -0.178589 -0.227838 -0.166620 -0.502888 0.000000 0.000000 0.000000 0.000000 0.000000 0.000000 0.000000 0.000000 0.000000
-0.003008 -0.020386 -0.033424 -0.034476 -0.047368 -0.058779 -0.071839 -0.084252 -0.097947 -0.111323 -0.125774 -0.140655 -0.156372 -0.172767 -0.190052 -0.208045 -0.226901 -0.246107 -0.265913 -0.284791 -0.303032 -0.314747 -0.320371 -0.310425 -0.292395 -0.270560 -0.250122 -0.231626 -0.214648 -0.200275 -0.186342 -0.175091 -0.161682 -0.152710 -0.136940 -0.128538 -0.113029 -0.093253 -0.082217 0.050184 -0.294910 0.000000 0.000000 0.000000 0.000000 0.000000 0.000000 0.000000 0.000000 0.000000
-0.001534 -0.019965 -0.032305 -0.033248 -0.045734 -0.056804 -0.069093 -0.081186 -0.093808 -0.106723 -0.120209 -0.134111 -0.148626 -0.163634 -0.179201 -0.195167 -0.211394 -0.227550 -0.243164 -0.257335 -0.269479 -0.276940 -0.280407 -0.274496 -0.261332 -0.246040 -0.229207 -0.213084 -0.197150 -0.182465 -0.167374 -0.153490 -0.136544 -0.120917 -0.097125 -0.071334 -0.031233 0.025446 0.096722 0.266365 0.390855 0.879779 0.549280 0.377904 0.272832 0.210835 0.155592 0.124569 0.063114 0.025977
0.008265 -0.019655 -0.030866 -0.031850 -0.043897 -0.054306 -0.066186 -0.077466 -0.089671 -0.101616 -0.114263 -0.127023 -0.140247 -0.153723 -0.167485 -0.181325 -0.195173 -0.208607 -0.221303 -0.232422 -0.241433 -0.246599 -0.248009 -0.243081 -0.233855 -0.221568 -0.207742 -0.193632 -0.178831 -0.164226 -0.148661 -0.133031 -0.114504 -0.094838 -0.068461 -0.036398 0.008281 0.071078 0.164994 0.309903 0.531277 0.502688 0.360144 0.293021 0.222923 0.174852 0.123019 0.124432 0.057251 -0.000179
0.002105 -0.018875 -0.029312 -0.030226 -0.041875 -0.051730 -0.062959 -0.073633 -0.084946 -0.096270 -0.107859 -0.119647 -0.131652 -0.143776 -0.155963 -0.168047 -0.179833 -0.190985 -0.201134 -0.209711 -0.216249 -0.219820 -0.220311 -0.216544 -0.209030 -0.199135 -0.187394 -0.174688 -0.160923 -0.146592 -0.130889 -0.114343 -0.094670 -0.073305 -0.045239 -0.012898 0.031071 0.085416 0.161545 0.258085 0.361145 0.364056 0.298740 0.253545 0.201039 0.158897 0.113360 0.110989 0.057431 0.022832
-0.007128 -0.019809 -0.027917 -0.028854 -0.039760 -0.049039 -0.059599 -0.069593 -0.080138 -0.090594 -0.101298 -0.112039 -0.122883 -0.133692 -0.144419 -0.154879 -0.164902 -0.174197 -0.182459 -0.189239 -0.194160 -0.196587 -0.196398 -0.193050 -0.186891 -0.178415 -0.168177 -0.156674 -0.143868 -0.130056 -0.114690 -0.098060 -0.078541 -0.057039 -0.029567 0.000841 0.040774 0.085483 0.144015 0.203238 0.258968 0.268899 0.239213 0.211821 0.171719 0.139868 0.100628 0.097665 0.052447 0.002710
-0.025567 -0.018900 -0.026273 -0.027126 -0.037485 -0.046195 -0.056103 -0.065418 -0.075201 -0.084845 -0.094645 -0.104409 -0.114168 -0.123802 -0.133237 -0.142302 -0.150835 -0.158588 -0.165299 -0.170635 -0.174304 -0.175909 -0.175335 -0.172267 -0.166945 -0.159552 -0.150458 -0.139967 -0.128075 -0.114956 -0.100250 -0.084105 -0.065385 -0.044659 -0.019469 0.007958 0.041821 0.078329 0.120284 0.162484 0.196336 0.205998 0.191692 0.173658 0.144905 0.119353 0.087188 0.084152 0.047921 0.033711
0.011197 -0.019220 -0.024698 -0.025515 -0.035185 -0.043313 -0.052539 -0.061169 -0.070200 -0.079042 -0.087981 -0.096812 -0.105561 -0.114116 -0.122386 -0.130232 -0.137501 -0.143991 -0.149485 -0.153729 -0.156492 -0.157504 -0.156655 -0.153785 -0.149025 -0.142411 -0.134226 -0.124635 -0.113645 -0.101355 -0.087547 -0.072251 -0.054799 -0.035493 -0.013059 0.011138 0.039601 0.068596 0.100485 0.129497 0.151824 0.160011 0.152544 0.141238 0.120115 0.100632 0.074094 0.071663 0.043365 -0.004132
0.000456 -0.018436 -0.023019 -0.023747 -0.032838 -0.040360 -0.048930 -0.056885 -0.065186 -0.073262 -0.081380 -0.089339 -0.097167 -0.104742 -0.111989 -0.118780 -0.124980 -0.130421 -0.134926 -0.138298 -0.140361 -0.140927 -0.139902 -0.137186 -0.132856 -0.126882 -0.119472 -0.110713 -0.100618 -0.089250 -0.076483 -0.062322 -0.046407 -0.028923 -0.009331 0.011559 0.034865 0.058148 0.082165 0.103329 0.119162 0.125854 0.122210 0.114428 0.098940 0.083719 0.062010 0.060024 0.037705 0.000415
-0.001035 -0.017542 -0.021380 -0.022020 -0.030494 -0.037416 -0.045322 -0.052617 -0.060206 -0.067549 -0.074888 -0.082038 -0.089014 -0.095707 -0.102046 -0.107920 -0.113212 -0.117783 -0.121489 -0.124176 -0.125705 -0.125941 -0.124802 -0.122224 -0.118213 -0.112823 -0.106100 -0.098123 -0.088913 -0.078516 -0.066864 -0.053979 -0.039684 -0.024144 -0.007166 0.010679 0.029808 0.048519 0.067029 0.082615 0.094190 0.099625 0.097784 0.092511 0.080862 0.069276 0.051337 0.050069 0.030375 -0.001798
0.001142 -0.014861 -0.019660 -0.020187 -0.028132 -0.034462 -0.041731 -0.048388 -0.055293 -0.061939 -0.068544 -0.074945 -0.081141 -0.087040 -0.092577 -0.097654 -0.102171 -0.106015 -0.109066 -0.111204 -0.112320 -0.112311 -0.111112 -0.108673 -0.104990 -0.100088 -0.093998 -0.086770 -0.078431 -0.069022 -0.058517 -0.046960 -0.034290 -0.020674 -0.006012 0.009056 0.024757 0.039846 0.054238 0.066217 0.074952 0.079337 0.078486 0.074710 0.065884 0.056794 0.042357 0.041129 0.003307 -0.000753
-0.009834 0.002924 -0.016762 -0.023264 -0.029910 -0.036492 -0.043128 -0.049628 -0.049661 -0.056025 -0.062142 -0.068000 -0.073562 -0.078793 -0.083569 -0.087951 -0.091805 -0.095038 -0.097552 -0.099252 -0.100049 -0.099866 -0.098647 -0.096356 -0.092983 -0.088537 -0.083041 -0.076530 -0.069035 -0.060600 -0.051225 -0.040973 -0.029851 -0.018022 -0.005559 0.007184 0.020076 0.032359 0.043736 0.053054 0.059800 0.063341 0.062985 0.060265 0.053463 0.046393 0.034637 0.033676 0.001214 -0.002664
0.001925 -0.016318 -0.016496 -0.016886 -0.023516 -0.028721 -0.034705 -0.040155 -0.045762 -0.051124 -0.056395 -0.061448 -0.066278 -0.070814 -0.075006 -0.078777 -0.082060 -0.084775 -0.086841 -0.088189 -0.088740 -0.088440 -0.087236 -0.085104 -0.082033 -0.078021 -0.073093 -0.067268 -0.060588 -0.053095 -0.044810 -0.035807 -0.026131 -0.015937 -0.005345 0.005358 0.015979 0.025989 0.035071 0.042469 0.047789 0.050669 0.050581 0.048550 0.043272 0.037706 0.028085 0.027351 0.026486 -0.014846
-0.002677 0.004185 -0.014839 -0.015248 -0.021194 -0.025912 -0.031274 -0.036159 -0.041163 -0.045942 -0.050600 -0.055057 -0.059287 -0.063237 -0.066862 -0.070097 -0.072885 -0.075164 -0.076865 -0.077931 -0.078295 -0.077923 -0.076761 -0.074800 -0.072027 -0.068430 -0.064043 -0.058869 -0.052965 -0.046368 -0.039114 -0.031279 -0.022924 -0.014196 -0.005231 0.003738 0.012510 0.020691 0.028020 0.033929 0.038204 0.040509 0.040598 0.039066 0.034904 0.030660 0.022503 0.022213 -0.003862 0.004382
0.002219 0.005586 -0.013372 -0.013803 -0.019004 -0.023218 -0.027936 -0.032283 -0.036701 -0.040935 -0.045003 -0.048905 -0.052578 -0.055992 -0.059109 -0.061857 -0.064208 -0.066099 -0.067473 -0.068319 -0.068543 -0.068147 -0.067042 -0.065266 -0.062791 -0.059588 -0.055734 -0.051176 -0.046015 -0.040267 -0.033975 -0.027225 -0.020069 -0.012655 -0.005109 0.002372 0.009609 0.016296 0.022238 0.027034 0.030491 0.032457 0.032554 0.031266 0.028130 0.024562 0.018216 0.017871 -0.008646 0.000335
-0.000258 -0.015159 -0.011950 -0.012349 -0.016788 -0.020538 -0.024671 -0.028454 -0.032356 -0.036067 -0.039588 -0.042971 -0.046145 -0.049079 -0.051765 -0.054110 -0.056100 -0.057699 -0.058778 -0.059424 -0.059522 -0.059118 -0.058089 -0.056494 -0.054315 -0.051490 -0.048132 -0.044150 -0.039680 -0.034723 -0.029324 -0.023567 -0.017484 -0.011232 -0.004915 0.001312 0.007291 0.012757 0.017697 0.021449 0.024371 0.025745 0.025679 0.025137 0.022486 0.019852 0.014032 0.014245 0.021812 0.007201
-0.001836 -0.007761 -0.010153 -0.010178 -0.014513 -0.018144 -0.021500 -0.025331 -0.028159 -0.031625 -0.034323 -0.037215 -0.039852 -0.042275 -0.044567 -0.046458 -0.048130 -0.049546 -0.050357 -0.050883 -0.050869 -0.050552 -0.049534 -0.048156 -0.046295 -0.043766 -0.040988 -0.037532 -0.033749 -0.029550 -0.024967 -0.020146 -0.015029 -0.009818 -0.004597 0.000520 0.005413 0.009802 0.013791 0.016632 0.019201 0.019821 0.020597 0.019672 0.017995 0.015528 0.011512 0.011513 0.008408 0.000835
0.003846 0.006757 -0.008978 -0.009207 -0.012714 -0.015475 -0.018410 -0.021277 -0.023973 -0.026711 -0.029253 -0.031687 -0.033964 -0.036069 -0.037953 -0.039640 -0.040904 -0.042135 -0.042787 -0.043215 -0.043163 -0.042824 -0.042096 -0.040619 -0.039281 -0.036870 -0.034567 -0.031658 -0.028374 -0.024941 -0.021048 -0.017100 -0.012801 -0.008521 -0.004246 -0.000002 0.003961 0.007500 0.010667 0.012630 0.014598 0.015332 0.015694 0.015055 0.014123 0.012438 0.009684 0.009484 -0.009261 -0.017218
0.003400 0.009334 -0.007627 -0.006726 -0.010254 -0.012834 -0.015301 -0.017825 -0.019967 -0.022192 -0.024253 -0.026155 -0.028107 -0.029866 -0.031372 -0.032746 -0.033689 -0.034637 -0.035208 -0.035401 -0.035439 -0.035185 -0.034291 -0.033322 -0.032063 -0.030137 -0.028274 -0.025841 -0.023287 -0.020322 -0.017407 -0.014087 -0.010768 -0.007225 -0.004001 -0.000494 0.002369 0.005237 0.007779 0.009292 0.011575 0.011710 0.012644 0.011733 0.011031 0.009253 0.006345 0.007643 -0.011966 0.007439
0.003007 -0.011576 -0.007813 -0.006472 -0.008962 -0.010541 -0.012412 -0.014327 -0.015985 -0.017806 -0.019459 -0.021018 -0.022570 -0.023878 -0.025113 -0.026135 -0.026955 -0.027717 -0.028188 -0.028428 -0.028381 -0.028266 -0.027686 -0.026810 -0.025767 -0.024445 -0.022631 -0.020866 -0.018900 -0.016385 -0.014132 -0.011210 -0.008968 -0.005719 -0.003502 -0.000831 0.001715 0.003665 0.005713 0.006759 0.008405 0.008655 0.009371 0.008828 0.008575 0.007749 0.006156 0.008313 -0.005349 0.002015
0.006746 0.012962 -0.007514 -0.003288 -0.005127 -0.008519 -0.008747 -0.010714 -0.011812 -0.013132 -0.014492 -0.015726 -0.016972 -0.017816 -0.018524 -0.019296 -0.019958 -0.020397 -0.021025 -0.021149 -0.021052 -0.021116 -0.020711 -0.020018 -0.019392 -0.018338 -0.017018 -0.015946 -0.014081 -0.012769 -0.010536 -0.009077 -0.006867 -0.004848 -0.003140 -0.000833 0.000647 0.002624 0.003741 0.004819 0.006241 0.006294 0.007068 0.006397 0.006347 0.004039 0.001912 0.007665 0.016678 -0.007926
0.006747 0.008629 -0.006277 -0.005981 -0.004732 -0.008075 -0.008717 -0.010379 -0.011494 -0.012950 -0.014023 -0.015032 -0.016117 -0.017174 -0.017944 -0.018650 -0.019289 -0.019939 -0.020202 -0.020343 -0.020444 -0.020023 -0.019560 -0.019199 -0.018318 -0.017340 -0.016323 -0.014785 -0.013369 -0.011574 -0.009836 -0.008004 -0.005977 -0.004251 -0.002265 -0.000483 0.001158 0.002583 0.003808 0.005225 0.005960 0.006415 0.006946 0.006032 0.007191 0.003086 0.004797 0.007226 0.009330 0.011937
0.005249 -0.009859 0.003724 0.000348 -0.015107 -0.015526 -0.016497 0.006019 -0.017788 0.005813 -0.002489 -0.009976 -0.003278 -0.011028 0.004428 0.004474 0.004729 0.004893 0.004866 0.005052 0.005200 0.005680 0.005868 0.006465 0.007287 -0.011916 0.008123 0.009063 0.009960 0.012426 0.011129 0.013927 -0.007327 -0.006282 -0.005539 -0.005395 -0.017627 -0.015893 0.018277 -0.013219 0.019699 -0.014147 -0.011311 0.020314 -0.011107 -0.010128 -0.012785 -0.003786 -0.008284 0.046142
0.010326 0.000158 -0.004344 0.004633 -0.000692 0.000459 -0.000920 0.000300 -0.001980 -0.000079 0.003708 0.001472 0.003741 0.001324 -0.002803 -0.002219 0.000862 -0.002460 -0.000494 -0.001589 -0.001863 -0.002627 -0.002487 -0.003946 -0.002012 0.011315 0.007434 -0.003180 -0.004164 -0.001857 0.003743 -0.004769 -0.001274 -0.001077 -0.002627 0.001671 0.009971 0.004613 0.001457 -0.001998 0.003583 -0.004634 -0.001088 -0.001859 0.002008 0.000860 -0.003861 0.006656 -0.001811 -0.012321
