1.990
1.993
2.051
2.087
2.169
2.177
2.178
2.198
2.258
2.281
2.337
2.349
2.373
2.432
2.439
2.443
2.462
2.478
2.482
2.513
2.515
2.522
2.529
2.563
2.572
2.611
2.611
2.616
2.625
2.640
2.640
2.654
2.658
2.661
2.661
2.667
2.684
2.692
2.694
2.696
2.699
2.703
2.711
2.713
2.716
2.724
2.734
2.738
2.743
2.751
2.758
2.761
2.764
2.768
2.773
2.781
2.792
2.800
2.814
2.816
2.821
2.822
2.825
2.826
2.843
2.859
2.860
2.865
2.867
2.869
2.869
2.870
2.874
2.880
2.883
2.887
2.896
2.899
2.899
2.905
2.907
2.910
2.913
2.929
2.929
2.935
2.937
2.943
2.944
2.946
2.951
2.963
2.969
2.971
2.981
2.982
2.982
2.984
2.990
2.990