2.513
2.734
2.826
2.859
2.869
2.905
2.969
2.990
3.016
3.041
3.071
3.079
3.146
3.150
3.150
3.153
3.158
3.162
3.165
3.201
3.228
3.253
3.268
3.280
3.296
3.298
3.299
3.299
3.301
3.301
3.303
3.316
3.318
3.324
3.334
3.339
3.345
3.358
3.369
3.381
3.391
3.404
3.421
3.424
3.441
3.475
3.477
3.481
3.496
3.561
3.563
3.567
3.576
3.586
3.594
3.604
3.620
3.651
3.653
3.677
3.682
3.691
3.697
3.715
3.723
3.736
3.739
3.744
3.745
3.759
3.759
3.764
3.764
3.770
3.771
3.776
3.797
3.804
3.810
3.814
3.816
3.820
3.827
3.831
3.837
3.838
3.847
3.849
3.853
3.854
3.858
3.868
3.874
3.875
3.882
3.884
3.899
3.900
3.902
3.914