1.014
1.115
1.155
1.177
1.188
1.191
1.192
1.213
1.227
1.232
1.235
1.239
1.240
1.247
1.258
1.259
1.261
1.276
1.297
1.302
1.305
1.312
1.316
1.319
1.324
1.326
1.335
1.337
1.338
1.340
1.343
1.348
1.353
1.355
1.356
1.359
1.366
1.368
1.370
1.373
1.374
1.376
1.381
1.386
1.391
1.398
1.401
1.404
1.408
1.410
1.410
1.412
1.414
1.414
1.414
1.427
1.429
1.431
1.431
1.432
1.436
1.437
1.439
1.440
1.447
1.448
1.451
1.459
1.461
1.469
1.470
1.472
1.473
1.477
1.478
1.479
1.479
1.483
1.484
1.490
1.491
1.493
1.495
1.498
1.502
1.504
1.504
1.504
1.508
1.509
1.509
1.510
1.511
1.511
1.516
1.517
1.518
1.524
1.528
1.535