1.239
1.404
1.436
1.437
1.439
1.461
1.477
1.504
1.504
1.504
1.509
1.511
1.546
1.568
1.579
1.580
1.584
1.593
1.607
1.607
1.623
1.633
1.643
1.657
1.661
1.671
1.677
1.686
1.691
1.691
1.696
1.697
1.699
1.701
1.714
1.715
1.720
1.740
1.742
1.758
1.758
1.760
1.760
1.760
1.760
1.761
1.762
1.762
1.763
1.771
1.775
1.783
1.786
1.787
1.788
1.792
1.794
1.797
1.801
1.806
1.806
1.807
1.808
1.809
1.815
1.816
1.818
1.823
1.828
1.830
1.842
1.844
1.848
1.849
1.851
1.854
1.857
1.860
1.861
1.865
1.866
1.867
1.868
1.874
1.876
1.882
1.882
1.883
1.885
1.889
1.889
1.894
1.897
1.899
1.899
1.899
1.901
1.904
1.906
1.915