1.771
1.801
1.849
1.860
1.868
1.899
1.957
1.990
1.993
2.006
2.051
2.069
2.075
2.087
2.090
2.092
2.094
2.143
2.153
2.169
2.173
2.177
2.178
2.183
2.184
2.198
2.204
2.225
2.228
2.238
2.258
2.261
2.269
2.273
2.279
2.281
2.281
2.288
2.289
2.292
2.299
2.300
2.316
2.317
2.328
2.330
2.335
2.337
2.343
2.349
2.356
2.357
2.360
2.360
2.363
2.364
2.368
2.370
2.373
2.392
2.395
2.399
2.406
2.407
2.407
2.413
2.416
2.417
2.424
2.425
2.432
2.432
2.433
2.434
2.436
2.437
2.439
2.443
2.443
2.452
2.459
2.462
2.462
2.467
2.472
2.473
2.473
2.477
2.478
2.482
2.482
2.490
2.492
2.493
2.494
2.498
2.502
2.506
2.507
2.513