0.923
0.943
0.967
0.984
0.995
1.007
1.014
1.016
1.022
1.030
1.031
1.048
1.058
1.066
1.098
1.099
1.113
1.115
1.115
1.125
1.132
1.134
1.135
1.137
1.138
1.138
1.143
1.151
1.155
1.157
1.162
1.165
1.170
1.177
1.179
1.185
1.186
1.186
1.187
1.188
1.188
1.191
1.192
1.192
1.198
1.198
1.200
1.203
1.205
1.205
1.208
1.210
1.210
1.213
1.213
1.213
1.214
1.215
1.221
1.227
1.230
1.231
1.232
1.234
1.234
1.235
1.237
1.239
1.240
1.242
1.243
1.246
1.246
1.247
1.251
1.252
1.253
1.257
1.258
1.259
1.259
1.261
1.261
1.263
1.264
1.267
1.269
1.270
1.270
1.271
1.271
1.276
1.281
1.282
1.284
1.285
1.288
1.290
1.291
1.296