2.513
2.734
2.826
2.859
2.869
2.887
2.899
2.905
2.969
2.990
3.000
3.016
3.041
3.071
3.079
3.146
3.150
3.150
3.153
3.158
3.162
3.164
3.165
3.172
3.188
3.201
3.228
3.253
3.256
3.268
3.280
3.296
3.298
3.299
3.299
3.301
3.301
3.303
3.316
3.318
3.324
3.334
3.337
3.339
3.345
3.348
3.358
3.364
3.365
3.369
3.381
3.388
3.389
3.391
3.402
3.404
3.410
3.421
3.424
3.426
3.429
3.430
3.431
3.439
3.441
3.450
3.453
3.461
3.475
3.477
3.477
3.479
3.479
3.481
3.496
3.509
3.513
3.523
3.530
3.539
3.561
3.563
3.565
3.567
3.571
3.576
3.586
3.588
3.594
3.598
3.599
3.601
3.601
3.602
3.604
3.620
3.621
3.623
3.624
3.640