1.115
1.188
1.213
1.232
1.239
1.240
1.247
1.258
1.276
1.305
1.319
1.326
1.335
1.340
1.343
1.353
1.355
1.359
1.366
1.368
1.370
1.373
1.374
1.386
1.391
1.398
1.401
1.404
1.408
1.410
1.410
1.414
1.414
1.414
1.429
1.431
1.432
1.436
1.437
1.439
1.440
1.448
1.451
1.461
1.469
1.470
1.473
1.477
1.478
1.479
1.479
1.490
1.491
1.498
1.502
1.504
1.504
1.504
1.508
1.509
1.509
1.510
1.511
1.511
1.517
1.524
1.528
1.535
1.539
1.546
1.547
1.551
1.551
1.552
1.554
1.555
1.559
1.559
1.560
1.566
1.567
1.568
1.571
1.578
1.579
1.580
1.584
1.584
1.585
1.587
1.588
1.589
1.592
1.593
1.594
1.594
1.595
1.598
1.599
1.600