0.000000 0.000000 0.000000 0.000000 0.000000 0.000000 0.000000 0.000000 0.000000 0.000000 0.000000 0.000000 0.000000 0.000000 0.000000 0.000000 0.532855 0.560720 0.470168 0.429506 0.389650 0.333915 0.343409 0.294348 0.227061 0.243427 0.188034 0.160451 0.134736 0.111367 0.090261 0.071562 0.042327 0.042419 0.023604 0.024961 0.001802 0.000000 0.000000 0.000000 0.000000 0.000000 0.000000 0.000000 0.000000 0.000000 0.000000 0.000000 0.000000 0.000000
0.000000 0.000000 0.000000 0.000000 0.000000 0.000000 0.000000 0.000000 0.000000 0.000000 0.000000 0.000000 0.000000 0.000000 0.000000 0.000000 0.441832 0.508371 0.452640 0.437367 0.382471 0.363480 0.353762 0.289849 0.279058 0.220105 0.188215 0.159795 0.133286 0.109012 0.087168 0.067520 0.049659 0.036041 0.022854 0.010202 0.000484 0.000000 0.000000 0.000000 0.000000 0.000000 0.000000 0.000000 0.000000 0.000000 0.000000 0.000000 0.000000 0.000000
0.000000 0.000000 0.000000 0.000000 0.000000 0.000000 0.000000 0.000000 0.000000 0.000000 0.000000 0.000000 0.000000 0.000000 0.000000 0.000000 0.523796 0.541334 0.477457 0.387544 0.395477 0.338867 0.316537 0.277792 0.246012 0.212775 0.181923 0.152663 0.126610 0.102664 0.081983 0.063772 0.048183 0.034642 0.022644 0.004554 0.001061 0.000000 0.000000 0.000000 0.000000 0.000000 0.000000 0.000000 0.000000 0.000000 0.000000 0.000000 0.000000 0.000000
0.000000 0.000000 0.000000 0.000000 0.000000 0.000000 0.000000 0.000000 0.000000 0.000000 0.000000 0.000000 0.000000 0.000000 0.000000 0.000000 0.516998 0.541966 0.474501 0.404881 0.388761 0.331641 0.313737 0.273311 0.244632 0.209979 0.181002 0.151640 0.125833 0.101901 0.081334 0.062922 0.048095 0.033425 0.024566 0.004143 0.006686 0.000000 0.000000 0.000000 0.000000 0.000000 0.000000 0.000000 0.000000 0.000000 0.000000 0.000000 0.000000 0.000000
0.000000 0.000000 0.000000 0.000000 0.000000 0.000000 0.000000 0.000000 0.000000 0.000000 0.000000 0.000000 0.000000 0.000000 0.000000 0.000000 0.507573 0.531897 0.476870 0.403044 0.392087 0.334863 0.313581 0.270600 0.241180 0.204460 0.174827 0.143939 0.117486 0.093048 0.072632 0.055191 0.040997 0.028235 0.019441 0.003298 -0.002649 0.000000 0.000000 0.000000 0.000000 0.000000 0.000000 0.000000 0.000000 0.000000 0.000000 0.000000 0.000000 0.000000
0.000000 0.000000 0.000000 0.000000 0.000000 0.000000 0.000000 0.000000 0.000000 0.000000 0.000000 0.000000 0.000000 0.000000 0.000000 0.000000 0.523100 0.527509 0.475502 0.402834 0.391947 0.332485 0.310884 0.264136 0.235066 0.196793 0.166041 0.133643 0.106301 0.081264 0.061525 0.045027 0.033126 0.021886 0.015633 0.007302 0.000898 0.000000 0.000000 0.000000 0.000000 0.000000 0.000000 0.000000 0.000000 0.000000 0.000000 0.000000 0.000000 0.000000
0.000000 0.000000 0.000000 0.000000 0.000000 0.000000 0.000000 0.000000 0.000000 0.000000 0.000000 0.000000 0.000000 0.000000 0.000000 0.000000 0.521867 0.524504 0.475671 0.400311 0.390747 0.327208 0.306995 0.258232 0.228689 0.188032 0.155355 0.120629 0.091463 0.065469 0.045779 0.031388 0.020959 0.013423 0.008609 0.006172 0.006002 0.000000 0.000000 0.000000 0.000000 0.000000 0.000000 0.000000 0.000000 0.000000 0.000000 0.000000 0.000000 0.000000
0.000000 0.000000 0.000000 0.000000 0.000000 0.000000 0.000000 0.000000 0.000000 0.000000 0.000000 0.000000 0.000000 0.000000 0.000000 0.000000 0.521077 0.530127 0.475349 0.400901 0.389890 0.323793 0.302680 0.251819 0.220923 0.177467 0.142658 0.103984 0.072936 0.044935 0.026643 0.014205 0.007259 0.003199 0.001559 -0.006926 0.001357 0.000000 0.000000 0.000000 0.000000 0.000000 0.000000 0.000000 0.000000 0.000000 0.000000 0.000000 0.000000 0.000000
0.000000 0.000000 0.000000 0.000000 0.000000 0.000000 0.000000 0.000000 0.000000 0.000000 0.000000 0.000000 0.000000 0.000000 0.000000 0.000000 0.514663 0.516568 0.475578 0.402772 0.387277 0.321063 0.298678 0.246847 0.213341 0.167066 0.127583 0.084598 0.047933 0.016717 -0.001602 -0.008660 -0.011517 -0.009958 -0.008015 -0.008192 -0.001649 0.000000 0.000000 0.000000 0.000000 0.000000 0.000000 0.000000 0.000000 0.000000 0.000000 0.000000 0.000000 0.000000
0.000000 0.000000 0.000000 0.000000 0.000000 0.000000 0.000000 0.000000 0.000000 0.000000 0.000000 0.000000 0.000000 0.000000 0.000000 0.000000 0.509208 0.499533 0.474163 0.401548 0.386485 0.318691 0.294718 0.241008 0.205595 0.155171 0.112698 0.059495 0.023679 -0.020886 -0.035910 -0.035764 -0.031564 -0.023661 -0.017439 -0.019794 -0.011855 0.000000 0.000000 0.000000 0.000000 0.000000 0.000000 0.000000 0.000000 0.000000 0.000000 0.000000 0.000000 0.000000
0.000000 0.000000 0.000000 0.000000 0.000000 0.000000 0.000000 0.000000 0.000000 0.000000 0.000000 0.000000 0.000000 0.000000 0.000000 0.000000 0.517495 0.526742 0.466644 0.404853 0.380926 0.319767 0.292287 0.239213 0.199727 0.147055 0.094995 0.037694 -0.022132 -0.075797 -0.087168 -0.073255 -0.057961 -0.040965 -0.029175 -0.020680 -0.009503 0.000000 0.000000 0.000000 0.000000 0.000000 0.000000 0.000000 0.000000 0.000000 0.000000 0.000000 0.000000 0.000000
0.000000 0.000000 0.000000 0.000000 0.000000 0.000000 0.000000 0.000000 0.000000 0.000000 0.000000 0.000000 0.000000 0.000000 0.000000 0.000000 0.517041 0.533192 0.470901 0.401919 0.381567 0.318775 0.290845 0.237083 0.196796 0.139159 0.082493 0.004040 -0.166990 -0.300850 -0.242738 -0.128839 -0.087494 -0.056173 -0.032688 -0.019719 -0.003048 0.000000 0.000000 0.000000 0.000000 0.000000 0.000000 0.000000 0.000000 0.000000 0.000000 0.000000 0.000000 0.000000
0.000000 0.000000 0.000000 0.000000 0.000000 0.000000 0.000000 0.000000 0.000000 0.000000 0.000000 0.000000 0.000000 0.000000 0.000000 0.000000 0.483860 0.539744 0.463805 0.409049 0.375835 0.324947 0.291883 0.241866 0.198226 0.143841 0.071738 0.012296 -0.132363 -0.354212 -0.274229 -0.152101 -0.111516 -0.056501 -0.031010 -0.014206 -0.000371 0.000000 0.000000 0.000000 0.000000 0.000000 0.000000 0.000000 0.000000 0.000000 0.000000 0.000000 0.000000 0.000000
-0.000127 -0.000976 -0.001450 -0.001999 -0.002452 -0.002605 -0.002889 -0.004167 -0.003050 -0.003363 -0.002643 -0.001421 -0.000330 0.000000 0.000000 0.000000 0.519303 0.522361 0.467160 0.402454 0.376676 0.323511 0.295527 0.247823 0.210986 0.159236 0.117030 0.043047 -0.007277 0.001209 0.000000 0.000000 0.000000 0.000000 0.000000 0.000000 0.000000 0.000000 0.000000 0.000000 0.000000 0.000000 0.000000 0.000000 0.000000 0.000000 0.000000 0.000000 0.000000 0.000000
-0.000015 -0.001155 -0.001653 -0.002208 -0.002783 -0.003320 -0.003745 -0.003951 -0.003866 -0.003517 -0.002647 -0.001691 0.000003 0.000000 0.000000 0.000000 0.513743 0.475216 0.450451 0.405959 0.371354 0.327737 0.300256 0.258844 0.225021 0.180162 0.139963 0.080873 0.031680 0.009877 0.000000 0.000000 0.000000 0.000000 0.000000 0.000000 0.000000 0.000000 0.000000 0.000000 0.000000 0.000000 0.000000 0.000000 0.000000 0.000000 0.000000 0.000000 0.000000 0.000000
-0.000027 -0.000868 -0.001784 -0.001785 -0.002453 -0.002965 -0.003469 -0.003846 -0.003990 -0.003967 -0.003376 -0.001743 -0.000159 0.000000 0.000000 0.000000 0.523223 0.500548 0.446050 0.394987 0.369483 0.325633 0.305808 0.269703 0.240892 0.204222 0.160102 0.119177 0.041435 0.036102 0.000000 0.000000 0.000000 0.000000 0.000000 0.000000 0.000000 0.000000 0.000000 0.000000 0.000000 0.000000 0.000000 0.000000 0.000000 0.000000 0.000000 0.000000 0.000000 0.000000
0.000207 -0.001039 -0.001845 -0.001889 -0.002601 -0.003204 -0.003838 -0.004372 -0.004693 -0.004832 -0.004328 -0.002676 0.000699 0.000000 0.000000 0.000000 0.513887 0.509252 0.444642 0.382440 0.365664 0.324797 0.313175 0.284817 0.263162 0.234763 0.193614 0.151686 0.073349 0.011490 0.000000 0.000000 0.000000 0.000000 0.000000 0.000000 0.000000 0.000000 0.000000 0.000000 0.000000 0.000000 0.000000 0.000000 0.000000 0.000000 0.000000 0.000000 0.000000 0.000000
0.000300 -0.001053 -0.001907 -0.001948 -0.002726 -0.003445 -0.004239 -0.005047 -0.005635 -0.006170 -0.005903 -0.004500 -0.000363 0.000000 0.000000 0.000000 0.512745 0.503415 0.423922 0.367947 0.351504 0.322509 0.318038 0.301623 0.287243 0.271930 0.231619 0.201835 0.128409 0.023133 0.000000 0.000000 0.000000 0.000000 0.000000 0.000000 0.000000 0.000000 0.000000 0.000000 0.000000 0.000000 0.000000 0.000000 0.000000 0.000000 0.000000 0.000000 0.000000 0.000000
-0.000069 -0.001144 -0.001948 -0.002011 -0.002865 -0.003756 -0.004828 -0.005986 -0.007230 -0.008364 -0.008910 -0.006883 0.000487 0.000000 0.000000 0.000000 0.527394 0.457284 0.387615 0.327522 0.331551 0.310952 0.323482 0.320863 0.320508 0.321840 0.296414 0.263228 0.136403 0.076633 0.000000 0.000000 0.000000 0.000000 0.000000 0.000000 0.000000 0.000000 0.000000 0.000000 0.000000 0.000000 0.000000 0.000000 0.000000 0.000000 0.000000 0.000000 0.000000 0.000000
0.000324 -0.001197 -0.001890 -0.001958 -0.002833 -0.003861 -0.005049 -0.006690 -0.008295 -0.010578 -0.012272 -0.015550 -0.003100 0.000000 0.000000 0.000000 0.499835 0.478600 0.287783 0.280438 0.294271 0.304373 0.325445 0.344985 0.357416 0.392570 0.372654 0.415433 0.341042 0.089840 0.000000 0.000000 0.000000 0.000000 0.000000 0.000000 0.000000 0.000000 0.000000 0.000000 0.000000 0.000000 0.000000 0.000000 0.000000 0.000000 0.000000 0.000000 0.000000 0.000000
-0.000228 -0.001162 -0.001749 -0.001817 -0.002743 -0.003849 -0.005409 -0.007506 -0.010402 -0.014650 -0.020311 -0.050025 -0.018895 -0.127575 -0.161578 -0.206937 0.388319 0.221740 0.117297 0.173062 0.249074 0.278484 0.326291 0.367027 0.399832 0.479053 0.490529 0.660742 1.083339 0.513671 2.499281 1.354009 0.447968 0.277862 0.176236 0.076799 0.057232 0.007499 0.014271 0.006793 0.005676 0.004123 0.001108 0.002273 0.002833 0.002464 0.009454 0.007141 0.001171 -0.010215
0.000933 -0.001024 -0.001393 -0.001451 -0.002257 -0.003301 -0.004827 -0.007053 -0.010164 -0.015301 -0.021936 -0.047779 -0.070506 -0.114165 -0.154120 -0.209068 -0.339853 -0.128409 0.032499 0.132123 0.217667 0.269786 0.329895 0.385562 0.444286 0.531971 0.616692 0.800500 1.128903 2.022210 2.075140 1.471546 0.901551 0.522513 0.345252 0.239289 0.117823 0.163634 0.133741 0.101410 0.087001 0.039702 0.030549 0.023194 0.017459 0.031313 0.003791 0.010059 0.005740 0.020805
-0.000147 -0.000762 -0.000877 -0.000916 -0.001508 -0.002336 -0.003625 -0.005514 -0.008459 -0.012676 -0.019807 -0.028954 -0.047750 -0.067927 -0.091017 -0.114012 -0.144930 -0.095956 0.046239 0.125204 0.206934 0.264424 0.330376 0.392947 0.460800 0.551640 0.651748 0.798124 0.990406 1.274705 1.570208 1.256038 0.909774 0.628800 0.448772 0.320342 0.243848 0.191471 0.147198 0.118458 0.094405 0.076445 0.061084 0.048644 0.038526 0.029180 0.022388 0.020554 0.004198 -0.003724
-0.000101 -0.000388 -0.000155 -0.000163 -0.000406 -0.000857 -0.001655 -0.002908 -0.005026 -0.008145 -0.013419 -0.020200 -0.033587 -0.039920 -0.056337 -0.053605 -0.060348 -0.000393 0.067691 0.136116 0.207138 0.266596 0.332025 0.397939 0.472746 0.563504 0.676650 0.810312 0.986430 1.175992 1.196125 1.044107 0.841635 0.646752 0.498475 0.387606 0.305817 0.239631 0.193283 0.156039 0.127241 0.103490 0.083771 0.067032 0.052893 0.039815 0.029488 0.029564 0.004892 -0.003008
-0.000180 0.000808 0.000767 0.000971 0.001131 0.001066 0.001097 0.000972 0.000189 -0.000473 -0.002657 -0.004457 -0.008570 -0.009642 -0.010904 -0.003020 0.011904 0.043094 0.093320 0.149801 0.209786 0.265011 0.325756 0.387376 0.457858 0.537932 0.626945 0.730896 0.835802 0.956968 1.012261 0.912362 0.794096 0.656609 0.535548 0.430322 0.354053 0.291212 0.239388 0.197860 0.163973 0.134358 0.109122 0.086737 0.067279 0.067567 0.049180 0.035012 0.021129 -0.000036
0.000214 0.000542 0.001581 0.001639 0.002311 0.002943 0.003601 0.004460 0.005131 0.006342 0.007138 0.009346 0.011000 0.016466 0.022592 0.037285 0.054293 0.084554 0.122112 0.166225 0.214488 0.263943 0.318608 0.377605 0.442750 0.517308 0.599438 0.690129 0.780992 0.857128 0.869057 0.811966 0.729210 0.632163 0.539667 0.454832 0.381917 0.318139 0.265769 0.221151 0.183777 0.151880 0.124411 0.100667 0.079562 0.061160 0.043560 0.042600 0.010191 -0.000588
0.000374 0.000965 0.002477 0.002550 0.003654 0.004839 0.006337 0.008116 0.010434 0.013481 0.017531 0.022981 0.030623 0.040767 0.055129 0.072317 0.094918 0.117647 0.141936 0.175713 0.213512 0.256429 0.303728 0.356509 0.413473 0.479094 0.548230 0.626695 0.700307 0.776684 0.799149 0.757082 0.701008 0.623653 0.546809 0.470815 0.403046 0.342340 0.289287 0.243529 0.203739 0.169449 0.139385 0.113262 0.089578 0.069382 0.048737 0.047951 0.013102 0.002874
0.000598 0.001085 0.003192 0.003297 0.004858 0.006525 0.008572 0.011428 0.014750 0.019594 0.025647 0.034185 0.045702 0.060151 0.080556 0.103939 0.130411 0.145371 0.158126 0.182179 0.210227 0.246230 0.285781 0.332295 0.381278 0.440930 0.502651 0.576371 0.663181 0.737399 0.760866 0.726957 0.675448 0.612509 0.544119 0.476946 0.413420 0.355210 0.303335 0.257419 0.216965 0.181448 0.150033 0.122285 0.097014 0.075245 0.053211 0.052438 0.015710 0.001642
0.000075 0.001491 0.003948 0.003811 0.005627 0.007647 0.010308 0.013416 0.017826 0.023557 0.031779 0.042068 0.057345 0.076583 0.102440 0.133616 0.171779 0.177341 0.167564 0.180065 0.198939 0.228383 0.260964 0.300486 0.341359 0.392829 0.445357 0.519286 0.610128 0.743964 0.771961 0.710906 0.665098 0.604687 0.541826 0.478172 0.417414 0.360704 0.309881 0.264330 0.223731 0.187786 0.155740 0.127155 0.101009 0.078614 0.055673 0.056346 0.019685 -0.000803
0.000980 0.002165 0.003626 0.005332 0.006016 0.008780 0.012816 0.018831 0.022926 0.030377 0.034624 0.046590 0.057974 0.099977 0.125677 0.133787 0.266893 0.312769 0.156301 0.171183 0.182002 0.207508 0.232530 0.265513 0.294581 0.338230 0.364633 0.439598 0.544902 0.901403 0.768488 0.668493 0.678876 0.535037 0.471799 0.537894 0.384990 0.340132 0.288228 0.264029 0.221162 0.186473 0.168428 0.128696 0.102914 0.068371 0.064936 0.031153 0.023639 0.008850
0.000988 0.002255 0.003753 0.005349 0.006163 0.007620 0.011080 0.012350 0.023364 0.031751 0.034820 0.048196 0.058409 0.078726 0.094959 0.135723 -0.003456 0.016397 0.105557 0.132018 0.152461 0.176720 0.198563 0.224522 0.243511 0.271393 0.274511 0.310595 0.194913 0.006554 0.752266 0.668133 0.679715 0.533853 0.463433 0.523200 0.380987 0.336630 0.286627 0.269572 0.233614 0.187498 0.165147 0.130978 0.104522 0.067515 0.062564 0.028924 0.023903 0.011684
0.000000 0.000000 0.000000 0.000000 0.000000 0.000000 0.000000 0.000000 0.000000 0.000000 0.000000 0.000000 0.000000 0.000000 0.000000 0.000000 0.010583 0.025175 0.074209 0.102772 0.126486 0.148422 0.166720 0.185844 0.196628 0.210839 0.201624 0.203497 0.079770 0.005587 0.000000 0.000000 0.000000 0.000000 0.000000 0.000000 0.000000 0.000000 0.000000 0.000000 0.000000 0.000000 0.000000 0.000000 0.000000 0.000000 0.000000 0.000000 0.000000 0.000000
0.000000 0.000000 0.000000 0.000000 0.000000 0.000000 0.000000 0.000000 0.000000 0.000000 0.000000 0.000000 0.000000 0.000000 0.000000 0.000000 0.010310 0.019920 0.045418 0.080127 0.101762 0.121417 0.136342 0.150434 0.156140 0.161571 0.147601 0.135415 0.040515 0.008174 0.000000 0.000000 0.000000 0.000000 0.000000 0.000000 0.000000 0.000000 0.000000 0.000000 0.000000 0.000000 0.000000 0.000000 0.000000 0.000000 0.000000 0.000000 0.000000 0.000000
0.000000 0.000000 0.000000 0.000000 0.000000 0.000000 0.000000 0.000000 0.000000 0.000000 0.000000 0.000000 0.000000 0.000000 0.000000 0.000000 0.001471 0.005526 0.037161 0.062998 0.082233 0.098378 0.110451 0.120229 0.122415 0.122854 0.107413 0.093679 0.028955 0.001454 0.000000 0.000000 0.000000 0.000000 0.000000 0.000000 0.000000 0.000000 0.000000 0.000000 0.000000 0.000000 0.000000 0.000000 0.000000 0.000000 0.000000 0.000000 0.000000 0.000000
0.000000 0.000000 0.000000 0.000000 0.000000 0.000000 0.000000 0.000000 0.000000 0.000000 0.000000 0.000000 0.000000 0.000000 0.000000 0.000000 0.013361 0.005168 0.031847 0.049021 0.065535 0.078578 0.088295 0.095197 0.095706 0.093786 0.079586 0.066035 0.017305 0.001514 0.000000 0.000000 0.000000 0.000000 0.000000 0.000000 0.000000 0.000000 0.000000 0.000000 0.000000 0.000000 0.000000 0.000000 0.000000 0.000000 0.000000 0.000000 0.000000 0.000000
0.000000 0.000000 0.000000 0.000000 0.000000 0.000000 0.000000 0.000000 0.000000 0.000000 0.000000 0.000000 0.000000 0.000000 0.000000 0.000000 0.010085 0.004535 0.021388 0.038372 0.051493 0.062360 0.069958 0.074802 0.074327 0.071377 0.059315 0.048058 0.011981 0.000504 0.000000 0.000000 0.000000 0.000000 0.000000 0.000000 0.000000 0.000000 0.000000 0.000000 0.000000 0.000000 0.000000 0.000000 0.000000 0.000000 0.000000 0.000000 0.000000 0.000000
0.000000 0.000000 0.000000 0.000000 0.000000 0.000000 0.000000 0.000000 0.000000 0.000000 0.000000 0.000000 0.000000 0.000000 0.000000 0.000000 -0.008382 0.012114 0.015851 0.028121 0.040147 0.048746 0.055188 0.058267 0.057878 0.055056 0.047535 0.037345 0.012418 0.000558 0.000000 0.000000 0.000000 0.000000 0.000000 0.000000 0.000000 0.000000 0.000000 0.000000 0.000000 0.000000 0.000000 0.000000 0.000000 0.000000 0.000000 0.000000 0.000000 0.000000
-0.000012 -0.000122 -0.000154 -0.000297 -0.000242 -0.000467 -0.000732 -0.000786 -0.001167 -0.001367 -0.001913 -0.001998 -0.003316 -0.005425 -0.006682 -0.014765 -0.029356 -0.007095 0.010507 0.019236 0.031175 0.037892 0.043273 0.045669 0.044868 0.041969 0.034110 0.026764 0.009892 -0.000773 0.000000 0.000000 0.000000 0.000000 0.000000 0.000000 0.000000 0.000000 0.000000 0.000000 0.000000 0.000000 0.000000 0.000000 0.000000 0.000000 0.000000 0.000000 0.000000 0.000000
-0.000045 -0.000126 -0.000205 -0.000299 -0.000343 -0.000549 -0.000690 -0.000916 -0.001256 -0.001645 -0.002047 -0.003058 -0.004776 -0.005386 -0.008115 -0.012081 -0.019164 -0.011644 0.007652 0.016273 0.024521 0.030119 0.034087 0.035836 0.034986 0.032439 0.026189 0.020221 0.005365 -0.001063 0.000000 0.000000 0.000000 0.000000 0.000000 0.000000 0.000000 0.000000 0.000000 0.000000 0.000000 0.000000 0.000000 0.000000 0.000000 0.000000 0.000000 0.000000 0.000000 0.000000
-0.000011 -0.000064 -0.000181 -0.000187 -0.000278 -0.000376 -0.000497 -0.000658 -0.000840 -0.001096 -0.001413 -0.001817 -0.002352 -0.002820 -0.003491 -0.003589 -0.003315 0.000688 0.007191 0.013712 0.019753 0.023950 0.026965 0.028152 0.027345 0.025164 0.020173 0.015598 0.003522 0.006257 0.000000 0.000000 0.000000 0.000000 0.000000 0.000000 0.000000 0.000000 0.000000 0.000000 0.000000 0.000000 0.000000 0.000000 0.000000 0.000000 0.000000 0.000000 0.000000 0.000000
0.000001 -0.000045 -0.000140 -0.000145 -0.000209 -0.000281 -0.000372 -0.000476 -0.000608 -0.000765 -0.000960 -0.001154 -0.001400 -0.001512 -0.001641 -0.001054 -0.000220 0.002962 0.007622 0.012052 0.016341 0.019454 0.021570 0.022355 0.021552 0.019715 0.015697 0.012090 0.003915 0.000647 0.000000 0.000000 0.000000 0.000000 0.000000 0.000000 0.000000 0.000000 0.000000 0.000000 0.000000 0.000000 0.000000 0.000000 0.000000 0.000000 0.000000 0.000000 0.000000 0.000000
0.000010 -0.000016 -0.000087 -0.000091 -0.000131 -0.000174 -0.000223 -0.000282 -0.000342 -0.000410 -0.000477 -0.000510 -0.000526 -0.000351 -0.000082 0.000726 0.001870 0.004274 0.007362 0.010617 0.013680 0.015931 0.017421 0.017885 0.017131 0.015556 0.012385 0.009404 0.003046 0.000340 0.000000 0.000000 0.000000 0.000000 0.000000 0.000000 0.000000 0.000000 0.000000 0.000000 0.000000 0.000000 0.000000 0.000000 0.000000 0.000000 0.000000 0.000000 0.000000 0.000000
-0.000013 0.000015 -0.000032 -0.000033 -0.000047 -0.000059 -0.000070 -0.000077 -0.000079 -0.000064 -0.000030 0.000065 0.000212 0.000532 0.000983 0.001850 0.003006 0.004877 0.007144 0.009497 0.011668 0.013281 0.014274 0.014506 0.013778 0.012441 0.009836 0.007518 0.002421 0.002557 0.000000 0.000000 0.000000 0.000000 0.000000 0.000000 0.000000 0.000000 0.000000 0.000000 0.000000 0.000000 0.000000 0.000000 0.000000 0.000000 0.000000 0.000000 0.000000 0.000000
-0.000013 0.000040 0.000023 0.000023 0.000036 0.000053 0.000079 0.000115 0.000170 0.000251 0.000368 0.000554 0.000809 0.001224 0.001770 0.002617 0.003678 0.005149 0.007146 0.008542 0.010096 0.011235 0.011882 0.011942 0.011253 0.010089 0.007941 0.006056 0.001967 0.002004 0.000000 0.000000 0.000000 0.000000 0.000000 0.000000 0.000000 0.000000 0.000000 0.000000 0.000000 0.000000 0.000000 0.000000 0.000000 0.000000 0.000000 0.000000 0.000000 0.000000
-0.000011 0.000052 0.000076 0.000078 0.000116 0.000158 0.000217 0.000291 0.000391 0.000526 0.000704 0.000952 0.001275 0.001730 0.002302 0.003087 0.004028 0.005206 0.006772 0.007760 0.008875 0.009669 0.010060 0.010001 0.009343 0.008329 0.006531 0.004995 0.002177 -0.001114 0.000000 0.000000 0.000000 0.000000 0.000000 0.000000 0.000000 0.000000 0.000000 0.000000 0.000000 0.000000 0.000000 0.000000 0.000000 0.000000 0.000000 0.000000 0.000000 0.000000
-0.000031 0.000059 0.000123 0.000127 0.000182 0.000247 0.000332 0.000437 0.000572 0.000746 0.000968 0.001256 0.001618 0.002089 0.002664 0.003387 0.004217 0.005179 0.006422 0.007151 0.007967 0.008522 0.008744 0.008598 0.007972 0.007044 0.005514 0.004130 0.002094 0.000128 0.000000 0.000000 0.000000 0.000000 0.000000 0.000000 0.000000 0.000000 0.000000 0.000000 0.000000 0.000000 0.000000 0.000000 0.000000 0.000000 0.000000 0.000000 0.000000 0.000000
-0.000024 0.000089 0.000121 0.000166 0.000243 0.000325 0.000431 0.000561 0.000724 0.000927 0.001179 0.001492 0.001877 0.002350 0.002905 0.003561 0.004290 0.005100 0.006091 0.006658 0.007274 0.007634 0.007733 0.007533 0.006936 0.006080 0.004742 0.003611 0.001103 0.000317 0.000000 0.000000 0.000000 0.000000 0.000000 0.000000 0.000000 0.000000 0.000000 0.000000 0.000000 0.000000 0.000000 0.000000 0.000000 0.000000 0.000000 0.000000 0.000000 0.000000
0.000030 0.000084 0.000164 0.000243 0.000244 0.000329 0.000439 0.000570 0.000736 0.000941 0.001195 0.001511 0.001897 0.002369 0.002926 0.003581 0.004303 0.005099 0.005833 0.006625 0.007216 0.007576 0.007672 0.007463 0.006905 0.006026 0.004871 0.003424 0.001015 0.000728 0.000000 0.000000 0.000000 0.000000 0.000000 0.000000 0.000000 0.000000 0.000000 0.000000 0.000000 0.000000 0.000000 0.000000 0.000000 0.000000 0.000000 0.000000 0.000000 0.000000
0.000006 0.000115 0.000170 0.000258 0.000359 0.000469 0.000605 0.000776 0.001028 0.001230 0.001590 0.001953 0.002302 0.002482 0.002986 0.004048 0.004727 0.005317 0.005299 0.006217 0.006125 0.006309 0.007128 0.006337 0.006071 0.004583 0.003572 0.002388 0.000860 0.000049 0.000000 0.000000 0.000000 0.000000 0.000000 0.000000 0.000000 0.000000 0.000000 0.000000 0.000000 0.000000 0.000000 0.000000 0.000000 0.000000 0.000000 0.000000 0.000000 0.000000
0.000005 0.000121 0.000205 0.000268 0.000254 0.000415 0.000472 0.000537 0.000820 0.000677 0.002030 0.001078 0.001945 0.002268 0.003426 0.004965 0.005976 0.007090 0.004809 0.004583 0.006441 0.006587 0.006779 0.008417 0.004882 0.004922 0.003483 0.001836 0.001138 0.000358 0.000000 0.000000 0.000000 0.000000 0.000000 0.000000 0.000000 0.000000 0.000000 0.000000 0.000000 0.000000 0.000000 0.000000 0.000000 0.000000 0.000000 0.000000 0.000000 0.000000
