-0.034688 -0.035461 -0.034951 -0.035019 -0.047627 -0.049194 -0.050458 -0.045910 -0.051736 -0.059712 -0.066475 -0.078199 -0.085729 -0.088015 -0.095415 -0.103876 -0.115749 -0.113361 -0.120572 -0.164076 -0.157962 -0.208590 -0.199734 -0.239370 -0.286248 -0.294038 -0.325868 -0.357109 -0.385678 -0.406203 -0.452423 -0.482384 -0.513437 -0.537952 -0.577886 -0.593195 -0.580179 -0.585704 -0.578315 -0.585602 -0.563760 -0.581116 -0.562699 -0.544068 -0.550118 -0.509929 -0.502284 -0.483205 -0.519530 -0.565515
-0.043086 -0.038209 -0.037216 -0.042229 -0.044905 -0.047490 -0.050148 -0.053478 -0.053628 -0.062238 -0.062257 -0.073499 -0.080385 -0.080228 -0.087616 -0.096305 -0.106309 -0.132697 -0.131041 -0.146173 -0.163701 -0.183252 -0.205763 -0.229732 -0.287270 -0.285156 -0.316476 -0.349010 -0.382579 -0.416347 -0.449403 -0.480476 -0.509314 -0.533530 -0.552949 -0.569699 -0.583084 -0.584526 -0.588752 -0.586894 -0.578941 -0.571765 -0.548753 -0.559630 -0.521405 -0.523394 -0.493876 -0.467392 -0.517380 -0.554670
-0.035805 -0.040750 -0.041356 -0.043004 -0.043543 -0.045638 -0.048506 -0.051712 -0.055245 -0.059436 -0.063889 -0.069151 -0.074846 -0.081546 -0.088938 -0.097627 -0.107413 -0.118904 -0.131982 -0.147241 -0.164685 -0.184808 -0.207518 -0.233311 -0.261682 -0.292778 -0.326245 -0.361198 -0.397505 -0.433547 -0.468736 -0.501082 -0.529899 -0.554661 -0.575180 -0.590521 -0.601915 -0.607501 -0.608809 -0.604206 -0.596914 -0.582328 -0.567998 -0.546673 -0.529456 -0.512155 -0.518852 -0.494783 -0.508546 -0.544313
-0.033331 -0.041098 -0.039086 -0.039774 -0.041367 -0.043680 -0.045932 -0.049154 -0.052662 -0.056187 -0.060976 -0.065334 -0.071397 -0.076985 -0.084732 -0.092257 -0.102351 -0.112484 -0.125931 -0.139447 -0.157567 -0.175579 -0.197597 -0.223856 -0.250105 -0.282274 -0.313740 -0.348954 -0.385520 -0.420472 -0.456470 -0.488555 -0.517761 -0.542888 -0.563524 -0.579530 -0.591736 -0.599929 -0.598655 -0.598754 -0.585923 -0.578995 -0.556484 -0.542932 -0.517488 -0.507326 -0.482445 -0.489717 -0.492547 -0.494624
-0.038173 -0.039911 -0.039992 -0.039312 -0.042903 -0.043862 -0.047924 -0.050153 -0.054458 -0.057751 -0.062726 -0.066963 -0.073081 -0.078581 -0.086259 -0.093571 -0.103599 -0.113376 -0.126841 -0.140389 -0.158354 -0.177865 -0.199909 -0.226531 -0.255268 -0.288313 -0.324179 -0.360499 -0.401151 -0.441418 -0.481704 -0.517577 -0.549686 -0.576899 -0.599100 -0.615430 -0.627474 -0.634287 -0.635438 -0.630926 -0.621598 -0.603908 -0.585253 -0.558551 -0.537051 -0.512390 -0.492659 -0.487737 -0.479278 -0.520344
-0.033197 -0.036842 -0.036959 -0.036790 -0.038483 -0.041061 -0.043488 -0.046968 -0.049971 -0.053806 -0.057448 -0.061827 -0.066312 -0.071674 -0.077480 -0.084383 -0.092212 -0.101476 -0.112363 -0.125267 -0.140781 -0.159113 -0.180918 -0.207115 -0.236490 -0.270726 -0.308181 -0.350453 -0.392252 -0.439095 -0.482619 -0.522036 -0.557217 -0.585682 -0.609523 -0.626657 -0.638466 -0.646400 -0.644750 -0.642700 -0.625702 -0.609316 -0.579869 -0.549212 -0.518189 -0.494498 -0.467600 -0.467156 -0.473655 -0.431660
-0.029969 -0.029650 -0.034649 -0.034395 -0.037118 -0.038649 -0.042429 -0.045073 -0.048998 -0.052270 -0.056019 -0.059742 -0.063946 -0.068410 -0.073659 -0.079429 -0.086409 -0.094314 -0.104153 -0.115621 -0.130095 -0.147330 -0.168583 -0.194487 -0.225626 -0.260839 -0.301456 -0.346536 -0.397478 -0.448999 -0.503387 -0.547910 -0.587330 -0.618697 -0.643939 -0.661395 -0.674318 -0.680333 -0.681699 -0.672509 -0.662062 -0.629559 -0.606496 -0.552977 -0.520393 -0.479950 -0.449668 -0.447245 -0.422274 -0.404858
-0.025067 -0.029145 -0.030822 -0.031109 -0.033121 -0.036130 -0.038789 -0.042834 -0.045480 -0.048974 -0.051833 -0.055013 -0.058246 -0.061751 -0.065683 -0.070110 -0.075348 -0.081431 -0.089077 -0.098282 -0.110371 -0.125550 -0.145695 -0.171873 -0.202566 -0.239952 -0.282694 -0.332927 -0.391443 -0.453123 -0.521183 -0.570460 -0.615739 -0.648762 -0.673849 -0.692065 -0.705368 -0.712146 -0.713604 -0.704535 -0.690154 -0.653059 -0.617308 -0.549831 -0.501415 -0.454369 -0.418540 -0.416573 -0.381190 -0.353830
-0.021621 -0.024349 -0.027380 -0.027306 -0.029729 -0.032350 -0.036072 -0.040148 -0.043488 -0.046381 -0.048990 -0.051339 -0.053786 -0.056246 -0.058964 -0.061907 -0.065372 -0.069384 -0.074497 -0.081069 -0.090514 -0.102891 -0.121232 -0.146654 -0.178660 -0.215440 -0.261350 -0.316241 -0.385591 -0.461056 -0.552493 -0.607723 -0.658682 -0.690870 -0.717543 -0.735084 -0.749293 -0.756661 -0.761496 -0.752038 -0.741246 -0.692375 -0.651920 -0.544933 -0.485732 -0.422707 -0.380330 -0.378286 -0.349000 -0.343212
-0.015340 -0.019533 -0.022613 -0.022819 -0.025363 -0.029177 -0.033098 -0.039037 -0.041693 -0.043787 -0.045666 -0.047012 -0.048402 -0.049636 -0.050954 -0.052164 -0.053665 -0.055046 -0.057337 -0.059714 -0.064739 -0.071342 -0.086531 -0.113217 -0.143764 -0.181850 -0.227294 -0.287562 -0.368795 -0.468039 -0.593023 -0.656701 -0.708906 -0.739132 -0.762487 -0.780078 -0.794057 -0.803842 -0.812514 -0.806716 -0.800151 -0.751489 -0.698636 -0.540638 -0.454078 -0.377683 -0.329460 -0.324653 -0.259566 -0.262064
-0.010389 -0.013021 -0.017492 -0.017288 -0.019762 -0.023342 -0.028849 -0.036729 -0.040328 -0.041698 -0.042780 -0.043173 -0.043524 -0.043515 -0.043366 -0.042831 -0.041846 -0.040507 -0.038558 -0.036416 -0.036568 -0.035335 -0.046556 -0.074072 -0.107240 -0.137992 -0.179918 -0.237441 -0.328765 -0.466639 -0.660408 -0.728457 -0.776414 -0.800992 -0.817010 -0.832004 -0.845790 -0.858205 -0.874053 -0.882815 -0.887699 -0.841900 -0.784164 -0.503233 -0.393785 -0.307893 -0.257265 -0.256375 -0.159797 -0.156961
-0.004134 -0.007145 -0.003727 -0.003566 -0.005852 -0.012499 -0.024723 -0.051812 -0.042050 -0.040072 -0.040326 -0.039270 -0.038578 -0.037375 -0.035930 -0.033742 -0.030923 -0.026581 -0.021575 -0.013353 -0.006430 0.010529 0.059350 0.050518 -0.000185 -0.081660 -0.090282 -0.107039 -0.138915 -1.006386 -1.007093 -0.849612 -0.858416 -0.868283 -0.871676 -0.881847 -0.896169 -0.910854 -0.936176 -0.963015 -0.996926 -1.012334 -1.264059 -1.282538 -0.102291 -0.061796 -0.109654 -0.089307 -0.113339 -0.102399
-0.001697 -0.001123 -0.002042 -0.000980 -0.002759 0.003435 0.000289 -0.081502 -0.046090 -0.041397 -0.038441 -0.036157 -0.034059 -0.031871 -0.029076 -0.025478 -0.020309 -0.013327 -0.003382 0.011521 0.032569 0.067588 0.212615 0.001215 0.000090 -0.027091 -0.040280 -0.025738 0.030083 0.010272 -2.026860 -1.029464 -0.969666 -0.945977 -0.930678 -0.931643 -0.945411 -0.966349 -1.008014 -1.057913 -1.136313 -1.259923 -1.681017 -1.390085 0.330444 -0.025551 -0.038908 -0.014825 -0.023720 -0.019398
0.000000 0.000000 0.000000 0.000000 0.000000 0.000000 -0.050773 -0.050076 -0.045917 -0.039765 -0.035329 -0.032211 -0.029538 -0.026727 -0.023254 -0.018735 -0.012448 -0.004086 0.008402 0.025299 0.052231 0.090583 0.141893 0.000000 0.000000 0.000000 0.000000 0.000000 0.000000 0.000000 -1.513537 -1.147355 -1.049989 -1.000342 -0.973281 -0.967373 -0.980183 -1.003686 -1.055948 -1.118583 -1.230222 -1.405110 -1.506993 -1.013309 0.000000 0.000000 0.000000 0.000000 0.000000 0.000000
0.000000 0.000000 0.000000 0.000000 0.000000 0.000000 -0.042594 -0.037745 -0.038474 -0.033662 -0.030642 -0.027695 -0.025088 -0.022305 -0.018573 -0.013878 -0.007316 0.000990 0.012207 0.027112 0.047307 0.074039 0.100714 0.000000 0.000000 0.000000 0.000000 0.000000 0.000000 0.000000 -1.251644 -1.113532 -1.054130 -1.009309 -0.990752 -0.982674 -0.996568 -1.014517 -1.065699 -1.111746 -1.223588 -1.316222 -1.301804 -0.608448 0.000000 0.000000 0.000000 0.000000 0.000000 0.000000
0.000000 0.000000 0.000000 0.000000 0.000000 0.000000 -0.032910 -0.029594 -0.029782 -0.027722 -0.025282 -0.023171 -0.020776 -0.018587 -0.015041 -0.010440 -0.003943 0.003792 0.014276 0.025785 0.041546 0.055495 0.073597 0.000000 0.000000 0.000000 0.000000 0.000000 0.000000 0.000000 -1.175508 -1.057346 -1.035334 -1.002288 -0.990885 -0.985216 -0.998248 -1.014408 -1.057143 -1.092467 -1.176429 -1.207695 -1.244958 -0.386930 0.000000 0.000000 0.000000 0.000000 0.000000 0.000000
0.000000 0.000000 0.000000 0.000000 0.000000 0.000000 -0.021492 -0.022431 -0.023156 -0.021547 -0.020090 -0.018432 -0.017102 -0.015535 -0.012753 -0.008724 -0.002706 0.004084 0.012638 0.021907 0.032747 0.043417 0.040277 0.000000 0.000000 0.000000 0.000000 0.000000 0.000000 0.000000 -1.054482 -1.015524 -1.005305 -0.985480 -0.977998 -0.974993 -0.986131 -0.999358 -1.032553 -1.058814 -1.113479 -1.137178 -1.099347 -0.037960 0.000000 0.000000 0.000000 0.000000 0.000000 0.000000
0.000000 0.000000 0.000000 0.000000 0.000000 0.000000 -0.012430 -0.014675 -0.016010 -0.015516 -0.014420 -0.013882 -0.013366 -0.013808 -0.012050 -0.008107 -0.002454 0.003651 0.011000 0.018265 0.026338 0.032954 0.033844 0.000000 0.000000 0.000000 0.000000 0.000000 0.000000 0.000000 -1.040352 -0.973417 -0.972813 -0.960666 -0.957584 -0.956333 -0.966088 -0.976642 -1.002543 -1.019833 -1.058583 -1.060932 -1.015594 -0.324055 0.000000 0.000000 0.000000 0.000000 0.000000 0.000000
0.000000 0.000000 0.000000 0.000000 0.000000 0.000000 -0.007565 -0.007397 -0.010038 -0.009868 -0.009551 -0.009529 -0.010603 -0.012608 -0.012131 -0.009631 -0.003182 0.002107 0.008310 0.014062 0.019939 0.024244 0.027553 0.000000 0.000000 0.000000 0.000000 0.000000 0.000000 0.000000 -1.025057 -0.933083 -0.939141 -0.930957 -0.930323 -0.930737 -0.938508 -0.947513 -0.965502 -0.979560 -1.002283 -1.005402 -0.996616 -0.326612 0.000000 0.000000 0.000000 0.000000 0.000000 0.000000
0.000000 0.000000 0.000000 0.000000 0.000000 0.000000 -0.003639 -0.001137 -0.003666 0.000631 0.000872 0.001759 0.004104 -0.010900 -0.018812 -0.010677 -0.004634 0.000510 0.006021 0.010791 0.015421 0.018442 0.021264 0.000000 0.000000 0.000000 0.000000 0.000000 0.000000 0.000000 -0.992294 -0.903117 -0.905888 -0.901053 -0.900364 -0.901586 -0.907571 -0.914731 -0.927700 -0.937627 -0.952586 -0.952210 -0.939688 -0.300734 0.000000 0.000000 0.000000 0.000000 0.000000 0.000000
0.000000 0.000000 0.000000 0.000000 0.000000 0.000000 0.000000 0.000000 0.000000 0.000000 0.000000 0.000000 0.000000 -0.038662 -0.016834 -0.011251 -0.005682 -0.000550 0.003902 0.007971 0.011356 0.014179 0.016527 0.000000 0.000000 0.000000 0.000000 0.000000 0.000000 0.000000 -0.907575 -0.867503 -0.863801 -0.867076 -0.865328 -0.868657 -0.872906 -0.879273 -0.887897 -0.896154 -0.904125 -0.906680 -0.893824 -0.263663 0.000000 0.000000 0.000000 0.000000 0.000000 0.000000
0.000000 0.000000 0.000000 0.000000 0.000000 0.000000 0.000000 0.000000 0.000000 0.000000 0.000000 0.000000 0.000000 -0.015637 -0.012740 -0.008846 -0.005153 -0.000896 0.002660 0.005871 0.008525 0.010449 0.011046 0.000000 0.000000 0.000000 0.000000 0.000000 0.000000 0.000000 -0.891692 -0.822249 -0.828390 -0.830332 -0.830931 -0.833666 -0.837214 -0.842183 -0.848371 -0.854284 -0.859523 -0.859341 -0.851896 -0.244543 0.000000 0.000000 0.000000 0.000000 0.000000 0.000000
0.000000 0.000000 0.000000 0.000000 0.000000 0.000000 0.000000 0.000000 0.000000 0.000000 0.000000 0.000000 0.000000 -0.011784 -0.009563 -0.006776 -0.004335 -0.000977 0.001725 0.004250 0.006297 0.007847 0.007504 0.000000 0.000000 0.000000 0.000000 0.000000 0.000000 0.000000 -0.771799 -0.790830 -0.792926 -0.795498 -0.794960 -0.797694 -0.800160 -0.804220 -0.808498 -0.813048 -0.816284 -0.815520 -0.815821 -0.012713 0.000000 0.000000 0.000000 0.000000 0.000000 0.000000
-0.000004 -0.000002 -0.000005 -0.000002 0.000010 -0.000035 -0.000054 0.000014 -0.000032 -0.000085 0.000005 -0.000127 -0.000306 -0.011231 -0.006001 -0.004951 -0.003265 -0.000773 0.001237 0.003170 0.004664 0.005877 0.005409 0.000000 0.000000 0.000000 0.000000 0.000000 0.000000 0.000000 -0.783141 -0.757171 -0.754383 -0.758846 -0.757890 -0.760529 -0.762382 -0.765555 -0.768760 -0.771627 -0.774630 -0.768633 -0.598916 -0.218850 0.000000 0.000000 0.000000 0.000000 0.000000 0.000000
-0.000012 -0.000011 -0.000014 -0.000028 -0.000029 -0.000036 -0.000046 -0.000060 -0.000084 -0.000178 -0.000506 -0.000373 -0.001677 -0.004316 -0.004377 -0.003438 -0.002136 -0.000536 0.000978 0.002404 0.003612 0.004392 0.005787 0.000000 0.000000 0.000000 0.000000 0.000000 0.000000 0.000000 -0.775718 -0.712747 -0.721364 -0.719954 -0.721723 -0.722563 -0.724428 -0.726650 -0.729011 -0.731037 -0.732993 -0.726644 -0.734821 -0.022979 0.000000 0.000000 0.000000 0.000000 0.000000 0.000000
-0.000044 -0.000052 -0.000052 -0.000057 -0.000068 -0.000088 -0.000117 -0.000163 -0.000237 -0.000348 -0.000533 -0.000854 -0.001413 -0.002139 -0.002596 -0.002121 -0.001428 -0.000287 0.000756 0.001786 0.002641 0.003240 0.003447 0.000000 0.000000 0.000000 0.000000 0.000000 0.000000 0.000000 -0.692801 -0.670870 -0.682985 -0.681308 -0.683302 -0.684188 -0.685641 -0.687525 -0.689076 -0.690993 -0.691567 -0.689160 -0.679730 -0.196564 0.000000 0.000000 0.000000 0.000000 0.000000 0.000000
-0.000045 -0.000069 -0.000071 -0.000070 -0.000088 -0.000112 -0.000143 -0.000194 -0.000255 -0.000357 -0.000491 -0.000685 -0.000982 -0.001343 -0.001544 -0.001343 -0.000845 -0.000117 0.000630 0.001384 0.001986 0.002523 0.002398 0.000000 0.000000 0.000000 0.000000 0.000000 0.000000 0.000000 -0.691429 -0.635206 -0.643390 -0.644120 -0.644898 -0.645966 -0.646854 -0.648463 -0.649438 -0.651083 -0.651246 -0.649709 -0.606869 -0.010027 0.000000 0.000000 0.000000 0.000000 0.000000 0.000000
-0.000069 -0.000081 -0.000085 -0.000087 -0.000106 -0.000131 -0.000169 -0.000219 -0.000288 -0.000382 -0.000507 -0.000663 -0.000859 -0.001053 -0.001117 -0.000893 -0.000538 -0.000008 0.000538 0.001075 0.001533 0.001904 0.001624 0.000000 0.000000 0.000000 0.000000 0.000000 0.000000 0.000000 -0.658295 -0.596944 -0.605008 -0.605415 -0.606444 -0.607196 -0.607920 -0.609182 -0.609903 -0.610778 -0.611473 -0.606892 -0.611796 -0.191780 0.000000 0.000000 0.000000 0.000000 0.000000 0.000000
-0.000073 -0.000088 -0.000092 -0.000094 -0.000112 -0.000138 -0.000169 -0.000218 -0.000268 -0.000343 -0.000430 -0.000522 -0.000630 -0.000706 -0.000719 -0.000559 -0.000298 0.000068 0.000458 0.000846 0.001166 0.001414 0.001438 0.000000 0.000000 0.000000 0.000000 0.000000 0.000000 0.000000 -0.611778 -0.562338 -0.565438 -0.567348 -0.567210 -0.568416 -0.568726 -0.569984 -0.570254 -0.571232 -0.571407 -0.568648 -0.541296 -0.013286 0.000000 0.000000 0.000000 0.000000 0.000000 0.000000
-0.000071 -0.000088 -0.000094 -0.000095 -0.000114 -0.000136 -0.000168 -0.000206 -0.000254 -0.000311 -0.000377 -0.000444 -0.000503 -0.000535 -0.000506 -0.000373 -0.000170 0.000100 0.000392 0.000672 0.000922 0.001090 0.001162 0.000000 0.000000 0.000000 0.000000 0.000000 0.000000 0.000000 -0.570239 -0.523726 -0.529579 -0.528594 -0.529301 -0.529605 -0.529904 -0.530886 -0.530853 -0.531729 -0.531833 -0.529127 -0.533755 -0.007947 0.000000 0.000000 0.000000 0.000000 0.000000 0.000000
-0.000071 -0.000085 -0.000091 -0.000092 -0.000107 -0.000128 -0.000152 -0.000186 -0.000220 -0.000263 -0.000306 -0.000346 -0.000377 -0.000379 -0.000341 -0.000236 -0.000083 0.000115 0.000326 0.000536 0.000706 0.000872 0.000966 0.000000 0.000000 0.000000 0.000000 0.000000 0.000000 0.000000 -0.498978 -0.488565 -0.487114 -0.490293 -0.489237 -0.490615 -0.490452 -0.491605 -0.491288 -0.491761 -0.492187 -0.487177 -0.500944 -0.152625 0.000000 0.000000 0.000000 0.000000 0.000000 0.000000
-0.000060 -0.000075 -0.000082 -0.000083 -0.000097 -0.000113 -0.000135 -0.000159 -0.000189 -0.000219 -0.000250 -0.000276 -0.000289 -0.000285 -0.000244 -0.000160 -0.000038 0.000110 0.000273 0.000424 0.000563 0.000655 0.000733 0.000000 0.000000 0.000000 0.000000 0.000000 0.000000 0.000000 -0.433665 -0.447720 -0.452126 -0.450912 -0.451595 -0.451654 -0.451674 -0.452578 -0.451812 -0.452454 -0.452663 -0.449885 -0.454593 -0.365222 0.000000 0.000000 0.000000 0.000000 0.000000 0.000000
-0.000052 -0.000060 -0.000071 -0.000072 -0.000082 -0.000096 -0.000112 -0.000132 -0.000154 -0.000176 -0.000198 -0.000215 -0.000224 -0.000217 -0.000182 -0.000114 -0.000015 0.000098 0.000220 0.000334 0.000435 0.000509 0.000517 0.000000 0.000000 0.000000 0.000000 0.000000 0.000000 0.000000 -0.407736 -0.404870 -0.412600 -0.411039 -0.412098 -0.412361 -0.412309 -0.413420 -0.412188 -0.413554 -0.412764 -0.413851 -0.379624 -0.143764 0.000000 0.000000 0.000000 0.000000 0.000000 0.000000
-0.000047 -0.000047 -0.000056 -0.000055 -0.000064 -0.000072 -0.000085 -0.000098 -0.000113 -0.000130 -0.000144 -0.000160 -0.000166 -0.000170 -0.000147 -0.000092 -0.000011 0.000078 0.000173 0.000261 0.000335 0.000403 0.000365 0.000000 0.000000 0.000000 0.000000 0.000000 0.000000 0.000000 -0.366401 -0.368927 -0.370806 -0.373050 -0.372544 -0.373678 -0.373190 -0.374533 -0.372768 -0.373667 -0.373623 -0.370977 -0.345600 -0.124695 0.000000 0.000000 0.000000 0.000000 0.000000 0.000000
-0.000034 -0.000031 -0.000039 -0.000042 -0.000047 -0.000055 -0.000063 -0.000074 -0.000085 -0.000097 -0.000112 -0.000123 -0.000144 -0.000156 -0.000137 -0.000099 -0.000016 0.000054 0.000133 0.000200 0.000261 0.000302 0.000440 0.000000 0.000000 0.000000 0.000000 0.000000 0.000000 0.000000 -0.336430 -0.327802 -0.334467 -0.333153 -0.334001 -0.334321 -0.334014 -0.335312 -0.332991 -0.334870 -0.333632 -0.333063 -0.339309 -0.111414 0.000000 0.000000 0.000000 0.000000 0.000000 0.000000
-0.000019 -0.000008 -0.000010 -0.000010 -0.000010 -0.000023 -0.000013 -0.000019 -0.000058 -0.000020 -0.000026 -0.000070 -0.000142 -0.000232 -0.000174 -0.000108 -0.000036 0.000030 0.000096 0.000152 0.000200 0.000230 0.000258 0.000000 0.000000 0.000000 0.000000 0.000000 0.000000 0.000000 -0.297599 -0.292734 -0.295258 -0.295146 -0.295021 -0.295677 -0.295051 -0.296615 -0.293657 -0.294912 -0.294247 -0.291397 -0.308427 -0.089031 0.000000 0.000000 0.000000 0.000000 0.000000 0.000000
-0.000003 -0.000003 -0.000011 0.000003 -0.000001 0.000004 -0.000007 0.000004 0.000003 -0.000011 0.000008 0.000024 -0.000057 -0.000562 -0.000246 -0.000119 -0.000054 0.000011 0.000067 0.000114 0.000151 0.000182 0.000156 0.000000 0.000000 0.000000 0.000000 0.000000 0.000000 0.000000 -0.260729 -0.255896 -0.254624 -0.256250 -0.255329 -0.256366 -0.255416 -0.257089 -0.253290 -0.256191 -0.253339 -0.252760 -0.188137 -0.174985 0.000000 0.000000 0.000000 0.000000 0.000000 0.000000
-0.000000 -0.000000 -0.000000 -0.000000 0.000000 -0.000000 -0.000001 -0.000001 -0.000001 -0.000003 -0.000002 -0.000002 -0.000042 -0.000034 -0.000210 -0.000107 -0.000051 0.000003 0.000047 0.000085 0.000116 0.000137 0.000173 0.000000 0.000000 0.000000 0.000000 0.000000 0.000000 0.000000 -0.243341 -0.214436 -0.217439 -0.216706 -0.216917 -0.217422 -0.216557 -0.218410 -0.214584 -0.217413 -0.213152 -0.214485 -0.260986 -0.140384 0.000000 0.000000 0.000000 0.000000 0.000000 0.000000
-0.000001 -0.000001 -0.000000 -0.000000 -0.000000 -0.000001 -0.000001 -0.000002 -0.000002 -0.000005 -0.000013 -0.000034 -0.000064 -0.000166 -0.000140 -0.000067 -0.000037 0.000002 0.000035 0.000064 0.000087 0.000104 0.000128 0.000000 0.000000 0.000000 0.000000 0.000000 0.000000 0.000000 -0.228106 -0.174647 -0.176757 -0.177158 -0.177100 -0.177709 -0.176468 -0.178276 -0.173777 -0.179296 -0.171545 -0.177454 -0.225744 -0.060286 0.000000 0.000000 0.000000 0.000000 0.000000 0.000000
-0.000001 -0.000001 -0.000002 -0.000002 -0.000002 -0.000003 -0.000004 -0.000006 -0.000008 -0.000011 -0.000016 -0.000026 -0.000035 -0.000061 -0.000062 -0.000047 -0.000025 0.000002 0.000026 0.000049 0.000066 0.000080 0.000085 0.000000 0.000000 0.000000 0.000000 0.000000 0.000000 0.000000 -0.133186 -0.136682 -0.137851 -0.138387 -0.138012 -0.139051 -0.137193 -0.138669 -0.136046 -0.144056 -0.130978 -0.146569 -0.128684 -0.034926 0.000000 0.000000 0.000000 0.000000 0.000000 0.000000
-0.000002 -0.000002 -0.000002 -0.000002 -0.000003 -0.000004 -0.000005 -0.000006 -0.000009 -0.000012 -0.000016 -0.000022 -0.000029 -0.000038 -0.000038 -0.000029 -0.000015 0.000004 0.000021 0.000038 0.000051 0.000061 0.000076 0.000000 0.000000 0.000000 0.000000 0.000000 0.000000 0.000000 -0.100845 -0.096669 -0.098106 -0.098563 -0.098084 -0.098831 -0.096861 -0.099320 -0.095010 -0.103284 -0.087784 -0.108027 -0.138407 -0.025250 0.000000 0.000000 0.000000 0.000000 0.000000 0.000000
-0.000002 -0.000002 -0.000003 -0.000003 -0.000003 -0.000004 -0.000005 -0.000007 -0.000009 -0.000011 -0.000014 -0.000019 -0.000022 -0.000028 -0.000026 -0.000020 -0.000009 0.000004 0.000017 0.000029 0.000039 0.000046 0.000047 0.000000 0.000000 0.000000 0.000000 0.000000 0.000000 0.000000 -0.067928 -0.061054 -0.061355 -0.061258 -0.060976 -0.063190 -0.059441 -0.066333 -0.055600 -0.077947 -0.045068 -0.090056 -0.062578 -0.028977 0.000000 0.000000 0.000000 0.000000 0.000000 0.000000
-0.000002 -0.000002 -0.000003 -0.000003 -0.000003 -0.000004 -0.000005 -0.000006 -0.000008 -0.000010 -0.000012 -0.000015 -0.000017 -0.000019 -0.000017 -0.000012 -0.000005 0.000005 0.000014 0.000023 0.000030 0.000035 0.000037 0.000000 0.000000 0.000000 0.000000 0.000000 0.000000 0.000000 -0.019712 -0.040833 -0.043174 -0.035942 -0.037862 -0.038993 -0.004605 -0.015993 -0.058096 -0.040104 0.004065 -0.053592 0.160247 -0.011692 0.000000 0.000000 0.000000 0.000000 0.000000 0.000000
-0.000002 -0.000002 -0.000003 -0.000003 -0.000003 -0.000004 -0.000005 -0.000006 -0.000007 -0.000009 -0.000010 -0.000012 -0.000013 -0.000014 -0.000012 -0.000008 -0.000002 0.000004 0.000011 0.000018 0.000023 0.000027 0.000033 0.000000 0.000000 0.000000 0.000000 0.000000 0.000000 0.000000 -0.011211 -0.005590 -0.007751 -0.018864 -0.002960 -0.011105 -0.032101 -0.035610 -0.017051 -0.013688 -0.037716 -0.035629 -0.022584 -0.016122 0.000000 0.000000 0.000000 0.000000 0.000000 0.000000
-0.000002 -0.000002 -0.000002 -0.000002 -0.000003 -0.000003 -0.000004 -0.000005 -0.000006 -0.000007 -0.000008 -0.000009 -0.000009 -0.000009 -0.000008 -0.000005 -0.000001 0.000004 0.000009 0.000014 0.000018 0.000020 0.000022 0.000000 0.000000 0.000000 0.000000 0.000000 0.000000 0.000000 0.000000 0.000000 0.000000 0.000000 0.000000 0.000000 0.000000 0.000000 0.000000 0.000000 0.000000 0.000000 0.000000 0.000000 0.000000 0.000000 0.000000 0.000000 0.000000 0.000000
-0.000003 -0.000002 -0.000002 -0.000002 -0.000003 -0.000003 -0.000003 -0.000004 -0.000005 -0.000006 -0.000006 -0.000007 -0.000007 -0.000006 -0.000005 -0.000003 -0.000000 0.000003 0.000007 0.000010 0.000013 0.000015 0.000019 0.000000 0.000000 0.000000 0.000000 0.000000 0.000000 0.000000 0.000000 0.000000 0.000000 0.000000 0.000000 0.000000 0.000000 0.000000 0.000000 0.000000 0.000000 0.000000 0.000000 0.000000 0.000000 0.000000 0.000000 0.000000 0.000000 0.000000
-0.000001 -0.000002 -0.000002 -0.000002 -0.000002 -0.000002 -0.000003 -0.000003 -0.000003 -0.000004 -0.000004 -0.000005 -0.000005 -0.000004 -0.000003 -0.000002 0.000000 0.000003 0.000005 0.000007 0.000009 0.000010 0.000011 0.000000 0.000000 0.000000 0.000000 0.000000 0.000000 0.000000 0.000000 0.000000 0.000000 0.000000 0.000000 0.000000 0.000000 0.000000 0.000000 0.000000 0.000000 0.000000 0.000000 0.000000 0.000000 0.000000 0.000000 0.000000 0.000000 0.000000
-0.000001 -0.000001 -0.000002 -0.000002 -0.000002 -0.000002 -0.000003 -0.000003 -0.000003 -0.000004 -0.000004 -0.000004 -0.000004 -0.000004 -0.000003 -0.000002 0.000000 0.000002 0.000005 0.000007 0.000009 0.000010 0.000007 0.000000 0.000000 0.000000 0.000000 0.000000 0.000000 0.000000 0.000000 0.000000 0.000000 0.000000 0.000000 0.000000 0.000000 0.000000 0.000000 0.000000 0.000000 0.000000 0.000000 0.000000 0.000000 0.000000 0.000000 0.000000 0.000000 0.000000
-0.000001 -0.000001 -0.000001 -0.000001 -0.000001 -0.000001 -0.000001 -0.000001 -0.000001 -0.000002 -0.000003 -0.000001 -0.000003 -0.000003 -0.000002 -0.000001 -0.000000 0.000001 0.000001 0.000003 0.000004 0.000004 0.000004 0.000000 0.000000 0.000000 0.000000 0.000000 0.000000 0.000000 0.000000 0.000000 0.000000 0.000000 0.000000 0.000000 0.000000 0.000000 0.000000 0.000000 0.000000 0.000000 0.000000 0.000000 0.000000 0.000000 0.000000 0.000000 0.000000 0.000000
-0.000001 -0.000000 -0.000000 -0.000000 -0.000000 0.000000 -0.000000 -0.000000 -0.000000 -0.000000 0.000000 0.000001 -0.000000 0.000001 0.000001 0.000001 -0.000001 0.000000 0.000004 0.000000 0.000000 0.000000 0.000000 0.000000 0.000000 0.000000 0.000000 0.000000 0.000000 0.000000 0.000000 0.000000 0.000000 0.000000 0.000000 0.000000 0.000000 0.000000 0.000000 0.000000 0.000000 0.000000 0.000000 0.000000 0.000000 0.000000 0.000000 0.000000 0.000000 0.000000
