-0.000643 -0.002375 0.002401 -0.002042 0.006486 -0.000840 0.000228 0.001598 0.002541 -0.001683 0.000558 -0.001104 -0.001495 -0.011664 -0.002763 -0.004258 -0.003647 -0.000023 0.002748 -0.001047 0.003086 -0.004865 0.003640 -0.004593 -0.010063 -0.005025 -0.005370 -0.020286 0.001337 -0.012360 -0.013541 -0.011884 -0.002736 -0.002963 -0.007351 -0.005063 0.001468 -0.000400 0.007094 0.000875 0.003943 0.024308 0.016871 -0.007891 -0.016516 -0.005483 0.009413 0.013724 0.014697 -0.011264
-0.005869 -0.001220 0.000206 -0.005281 -0.006063 -0.007075 -0.007866 -0.008708 -0.001817 -0.010776 -0.002789 -0.013124 -0.014766 -0.005138 -0.006116 -0.007315 -0.008751 -0.019437 -0.012141 -0.014263 -0.016511 -0.018792 -0.020908 -0.048734 -0.036045 -0.025995 -0.026708 -0.026583 -0.025465 -0.023339 -0.020157 -0.016052 -0.010882 -0.004888 0.000877 0.005942 -0.039849 0.013800 -0.025561 -0.017896 -0.010384 -0.006423 -0.005337 0.043243 -0.000491 0.044526 -0.002530 0.008071 0.010251 -0.009463
0.003598 -0.003434 -0.005155 -0.005712 -0.005534 -0.007453 -0.008668 -0.010105 -0.011536 -0.013064 -0.014756 -0.016778 -0.019050 -0.021836 -0.024960 -0.028685 -0.032918 -0.037871 -0.043518 -0.049809 -0.056726 -0.064300 -0.071847 -0.079624 -0.086776 -0.093283 -0.098206 -0.101588 -0.102704 -0.100775 -0.095824 -0.088053 -0.078253 -0.066422 -0.053510 -0.039859 -0.026106 -0.011686 0.002084 0.014915 0.027238 0.036253 0.044417 0.046848 0.047417 0.040001 0.039686 0.037845 -0.014904 -0.016537
0.004764 -0.004637 -0.005970 -0.004180 -0.005855 -0.007603 -0.008789 -0.010300 -0.011541 -0.013165 -0.015036 -0.016923 -0.019498 -0.022002 -0.025387 -0.028940 -0.033496 -0.038349 -0.044331 -0.050522 -0.058211 -0.065323 -0.073397 -0.081733 -0.089065 -0.096105 -0.101618 -0.105084 -0.106213 -0.105074 -0.099715 -0.091817 -0.081487 -0.069452 -0.056233 -0.041873 -0.026631 -0.014872 0.002595 0.013600 0.029443 0.037034 0.046427 0.048465 0.047181 0.042795 0.030364 0.046927 0.029045 0.014040
-0.003174 0.000644 -0.006297 -0.006110 -0.008501 -0.010058 -0.012232 -0.013812 -0.015968 -0.017713 -0.020266 -0.022612 -0.026004 -0.029344 -0.033947 -0.038606 -0.044900 -0.051176 -0.059551 -0.067754 -0.078012 -0.088656 -0.099196 -0.110866 -0.121079 -0.131004 -0.139194 -0.144093 -0.145413 -0.143498 -0.135533 -0.124767 -0.110228 -0.093248 -0.074959 -0.055111 -0.034804 -0.015517 0.004383 0.023021 0.040609 0.054704 0.065684 0.070175 0.068522 0.063182 0.049659 0.050686 0.033247 -0.023080
0.001148 -0.006147 -0.007446 -0.007442 -0.010072 -0.012653 -0.014723 -0.017304 -0.019191 -0.021819 -0.024223 -0.027487 -0.030915 -0.035412 -0.040344 -0.046552 -0.053518 -0.061975 -0.071426 -0.082613 -0.094756 -0.108513 -0.122674 -0.137298 -0.151621 -0.164674 -0.175732 -0.184306 -0.186472 -0.185557 -0.175095 -0.159670 -0.140703 -0.118007 -0.094337 -0.069814 -0.043395 -0.020055 0.008787 0.029200 0.057249 0.073649 0.090360 0.098076 0.092922 0.085428 0.064835 0.064832 0.015607 0.010581
0.001059 -0.007585 -0.008976 -0.009177 -0.012741 -0.015013 -0.018141 -0.020274 -0.022896 -0.025485 -0.028425 -0.031922 -0.036023 -0.040961 -0.046854 -0.053871 -0.062202 -0.072023 -0.083537 -0.096830 -0.112055 -0.128913 -0.147309 -0.166089 -0.184615 -0.202077 -0.217314 -0.229877 -0.235695 -0.233714 -0.222298 -0.199169 -0.176744 -0.144541 -0.116155 -0.084279 -0.052950 -0.021291 0.011106 0.043115 0.073065 0.102361 0.120358 0.134546 0.125732 0.114670 0.085792 0.084319 0.057576 0.030424
-0.000949 -0.007238 -0.010572 -0.010812 -0.014694 -0.017946 -0.020938 -0.023879 -0.025777 -0.028861 -0.031561 -0.035429 -0.039759 -0.045140 -0.051569 -0.059336 -0.068638 -0.079772 -0.093036 -0.108724 -0.126945 -0.147576 -0.170525 -0.194573 -0.217390 -0.240845 -0.261324 -0.280034 -0.289140 -0.291398 -0.273970 -0.243542 -0.211664 -0.173453 -0.137580 -0.099811 -0.061923 -0.024582 0.016906 0.055348 0.099737 0.134914 0.167533 0.181662 0.165808 0.149780 0.111624 0.108613 0.075135 0.007253
-0.001447 -0.007856 -0.012312 -0.012640 -0.017623 -0.020900 -0.024842 -0.027173 -0.028980 -0.031566 -0.034477 -0.038199 -0.042775 -0.048410 -0.055224 -0.063548 -0.073535 -0.085762 -0.100309 -0.118127 -0.139271 -0.164173 -0.193886 -0.223487 -0.252467 -0.282435 -0.310472 -0.338492 -0.355155 -0.362274 -0.338572 -0.293173 -0.251859 -0.202551 -0.161674 -0.115932 -0.073304 -0.028944 0.019062 0.067304 0.122868 0.172506 0.225734 0.248526 0.220871 0.197176 0.144635 0.139715 0.052250 -0.013656
-0.001609 -0.004640 -0.014105 -0.014457 -0.020014 -0.024281 -0.028845 -0.031372 -0.032062 -0.034257 -0.036646 -0.040227 -0.044667 -0.050320 -0.057229 -0.065741 -0.076108 -0.088972 -0.104671 -0.124460 -0.148690 -0.178064 -0.215264 -0.252254 -0.286435 -0.323001 -0.361626 -0.401935 -0.433718 -0.454595 -0.419032 -0.347826 -0.293973 -0.231572 -0.181762 -0.132330 -0.083308 -0.035591 0.021089 0.076640 0.156353 0.219982 0.314694 0.347025 0.289776 0.252607 0.181188 0.175179 0.110885 0.021993
-0.000910 -0.008569 -0.016083 -0.016511 -0.023591 -0.028450 -0.034630 -0.035298 -0.033790 -0.035307 -0.037577 -0.040936 -0.045398 -0.050962 -0.057752 -0.066254 -0.076189 -0.089403 -0.104657 -0.125651 -0.151081 -0.184769 -0.235497 -0.281052 -0.321286 -0.366096 -0.414640 -0.476481 -0.535369 -0.584948 -0.525157 -0.402351 -0.331914 -0.256690 -0.200836 -0.148194 -0.096973 -0.046329 0.013900 0.076613 0.175983 0.268861 0.437667 0.492794 0.386934 0.320308 0.224229 0.216201 0.124308 0.023604
-0.001315 -0.009277 -0.017413 -0.025572 -0.035124 -0.047319 -0.067116 -0.048605 -0.037845 -0.036557 -0.038136 -0.040785 -0.045005 -0.050159 -0.056542 -0.064353 -0.073766 -0.085703 -0.100552 -0.120452 -0.147584 -0.189287 -0.324295 -0.351735 -0.378075 -0.466231 -0.527798 -0.623357 -0.774006 -1.235958 -0.561210 -0.458639 -0.361020 -0.273843 -0.212958 -0.161839 -0.112395 -0.063105 -0.001423 0.069641 0.179763 0.304319 0.541210 0.929283 0.847707 0.427637 0.318618 0.207968 0.112770 -0.004072
-0.004394 -0.008246 -0.015204 -0.026220 -0.038317 -0.052046 -0.051175 -0.017566 -0.036948 -0.034083 -0.036585 -0.039130 -0.043417 -0.048308 -0.054016 -0.061220 -0.068975 -0.080103 -0.091513 -0.110694 -0.130796 -0.170235 -0.449964 -0.401413 -0.396260 -0.469633 -0.495909 -0.587442 -0.611800 -0.222585 -1.447228 -0.473158 -0.347104 -0.275631 -0.214051 -0.172868 -0.127145 -0.088948 -0.030385 0.035672 0.127920 0.277633 0.593864 -0.232151 0.124276 0.490469 0.362881 0.201549 0.113565 0.065819
0.000000 0.000000 0.000000 0.000000 0.000000 0.000000 -0.011741 -0.011530 -0.025127 -0.028389 -0.032365 -0.036158 -0.040659 -0.045133 -0.050119 -0.055607 -0.061601 -0.068401 -0.075672 -0.083490 -0.091127 -0.098959 -0.006909 0.000000 0.000000 0.000000 0.000000 0.000000 0.000000 0.000000 -0.093625 -0.310138 -0.258386 -0.232892 -0.197587 -0.176173 -0.146840 -0.128499 -0.100237 -0.076168 -0.050475 0.004054 -0.178637 -0.442232 0.000000 0.000000 0.000000 0.000000 0.000000 0.000000
0.000000 0.000000 0.000000 0.000000 0.000000 0.000000 -0.008334 -0.005769 -0.017795 -0.022941 -0.029139 -0.033117 -0.037932 -0.042010 -0.046007 -0.050413 -0.054227 -0.059251 -0.062083 -0.065502 -0.062558 -0.054777 -0.010475 0.000000 0.000000 0.000000 0.000000 0.000000 0.000000 0.000000 -0.023508 -0.183518 -0.179361 -0.196990 -0.181253 -0.179258 -0.162392 -0.163417 -0.150594 -0.165255 -0.184554 -0.210371 -0.378847 -0.449072 0.000000 0.000000 0.000000 0.000000 0.000000 0.000000
0.000000 0.000000 0.000000 0.000000 0.000000 0.000000 -0.002699 -0.002556 -0.014194 -0.019939 -0.025711 -0.030585 -0.034972 -0.038585 -0.041654 -0.044359 -0.046738 -0.048820 -0.049643 -0.049175 -0.044111 -0.036237 -0.013544 0.000000 0.000000 0.000000 0.000000 0.000000 0.000000 0.000000 -0.019248 -0.122736 -0.148294 -0.166538 -0.171819 -0.181496 -0.177699 -0.196055 -0.191591 -0.232320 -0.249856 -0.326944 -0.484992 -0.506285 0.000000 0.000000 0.000000 0.000000 0.000000 0.000000
0.000000 0.000000 0.000000 0.000000 0.000000 0.000000 -0.000590 -0.004343 -0.012021 -0.017930 -0.024010 -0.028751 -0.033155 -0.036188 -0.037906 -0.039331 -0.040212 -0.041055 -0.040010 -0.038203 -0.032491 -0.022349 -0.005830 0.000000 0.000000 0.000000 0.000000 0.000000 0.000000 0.000000 -0.004545 -0.089337 -0.122187 -0.151939 -0.164378 -0.186401 -0.191562 -0.221060 -0.227550 -0.276843 -0.307618 -0.388689 -0.513569 -0.490581 0.000000 0.000000 0.000000 0.000000 0.000000 0.000000
0.000000 0.000000 0.000000 0.000000 0.000000 0.000000 -0.001814 -0.003565 -0.011152 -0.016833 -0.022699 -0.027624 -0.031996 -0.034051 -0.034865 -0.034352 -0.033927 -0.033645 -0.031886 -0.029234 -0.023811 -0.015379 -0.001210 0.000000 0.000000 0.000000 0.000000 0.000000 0.000000 0.000000 -0.004417 -0.073659 -0.110069 -0.138813 -0.161283 -0.189471 -0.202611 -0.241559 -0.251712 -0.312397 -0.336311 -0.421601 -0.526244 -0.515424 0.000000 0.000000 0.000000 0.000000 0.000000 0.000000
0.000000 0.000000 0.000000 0.000000 0.000000 0.000000 -0.001556 -0.004312 -0.010382 -0.016041 -0.022259 -0.027282 -0.032852 -0.034523 -0.031591 -0.029813 -0.028554 -0.027619 -0.025440 -0.022871 -0.017959 -0.012345 -0.002427 0.000000 0.000000 0.000000 0.000000 0.000000 0.000000 0.000000 -0.012004 -0.067993 -0.101728 -0.135700 -0.160144 -0.194822 -0.212279 -0.256833 -0.271296 -0.334178 -0.359685 -0.440660 -0.520620 -0.493665 0.000000 0.000000 0.000000 0.000000 0.000000 0.000000
0.000000 0.000000 0.000000 0.000000 0.000000 0.000000 -0.000989 -0.007575 -0.009365 -0.022113 -0.028510 -0.036297 -0.038516 -0.061205 -0.020041 -0.024961 -0.022448 -0.022150 -0.019972 -0.017606 -0.013786 -0.008730 -0.003534 0.000000 0.000000 0.000000 0.000000 0.000000 0.000000 0.000000 -0.010743 -0.058191 -0.099752 -0.129768 -0.161104 -0.197558 -0.219599 -0.268150 -0.284144 -0.350981 -0.372401 -0.452790 -0.537227 -0.498028 0.000000 0.000000 0.000000 0.000000 0.000000 0.000000
0.000000 0.000000 0.000000 0.000000 0.000000 0.000000 0.000000 0.000000 0.000000 0.000000 0.000000 0.000000 0.000000 -0.009994 -0.011531 -0.017500 -0.016413 -0.016637 -0.015204 -0.013418 -0.010339 -0.006509 -0.002372 0.000000 0.000000 0.000000 0.000000 0.000000 0.000000 0.000000 0.028651 -0.052347 -0.091043 -0.130285 -0.160677 -0.202017 -0.225547 -0.276739 -0.294458 -0.360869 -0.383299 -0.456188 -0.538860 -0.460421 0.000000 0.000000 0.000000 0.000000 0.000000 0.000000
0.000000 0.000000 0.000000 0.000000 0.000000 0.000000 0.000000 0.000000 0.000000 0.000000 0.000000 0.000000 0.000000 -0.000888 -0.006822 -0.011682 -0.011761 -0.012479 -0.011495 -0.010160 -0.007762 -0.004927 -0.001599 0.000000 0.000000 0.000000 0.000000 0.000000 0.000000 0.000000 0.002630 -0.058837 -0.093057 -0.131330 -0.162857 -0.205067 -0.230311 -0.282951 -0.301231 -0.368599 -0.389217 -0.460111 -0.549489 -0.534420 0.000000 0.000000 0.000000 0.000000 0.000000 0.000000
0.000000 0.000000 0.000000 0.000000 0.000000 0.000000 0.000000 0.000000 0.000000 0.000000 0.000000 0.000000 0.000000 -0.001449 -0.003635 -0.007323 -0.008180 -0.009033 -0.008459 -0.007569 -0.005812 -0.003621 0.000408 0.000000 0.000000 0.000000 0.000000 0.000000 0.000000 0.000000 -0.022819 -0.057892 -0.092796 -0.132774 -0.164081 -0.208261 -0.234120 -0.287773 -0.306757 -0.373540 -0.395145 -0.461131 -0.553707 -0.493275 0.000000 0.000000 0.000000 0.000000 0.000000 0.000000
0.000005 0.000037 0.000060 0.000085 0.000104 0.000179 0.000249 0.000302 0.000435 0.000531 0.000818 0.000974 0.004376 0.000919 -0.001967 -0.004490 -0.005718 -0.006454 -0.006229 -0.005589 -0.004338 -0.002746 0.000371 0.000000 0.000000 0.000000 0.000000 0.000000 0.000000 0.000000 0.003691 -0.057606 -0.090574 -0.133385 -0.165052 -0.210227 -0.236870 -0.291199 -0.310229 -0.377668 -0.397550 -0.464838 -0.422097 -0.507962 0.000000 0.000000 0.000000 0.000000 0.000000 0.000000
0.000001 0.000035 0.000054 0.000074 0.000123 0.000156 0.000226 0.000255 0.000360 0.000516 0.000699 0.001152 0.001340 0.001305 -0.002033 -0.002725 -0.004007 -0.004595 -0.004550 -0.004107 -0.003160 -0.002080 -0.000855 0.000000 0.000000 0.000000 0.000000 0.000000 0.000000 0.000000 0.000942 -0.063561 -0.088265 -0.136156 -0.165813 -0.212697 -0.239184 -0.294109 -0.313078 -0.380852 -0.399335 -0.467866 -0.499956 -0.521190 0.000000 0.000000 0.000000 0.000000 0.000000 0.000000
0.000001 0.000026 0.000054 0.000056 0.000078 0.000107 0.000142 0.000183 0.000239 0.000301 0.000382 0.000442 0.000428 0.000161 -0.000743 -0.001933 -0.002851 -0.003314 -0.003323 -0.003006 -0.002357 -0.001252 -0.000204 0.000000 0.000000 0.000000 0.000000 0.000000 0.000000 0.000000 0.003449 -0.060180 -0.092107 -0.133518 -0.167678 -0.212901 -0.240983 -0.295753 -0.314862 -0.383152 -0.400208 -0.469356 -0.554491 -0.512290 0.000000 0.000000 0.000000 0.000000 0.000000 0.000000
-0.000002 0.000024 0.000043 0.000044 0.000065 0.000085 0.000114 0.000143 0.000179 0.000216 0.000244 0.000245 0.000134 -0.000220 -0.000887 -0.001625 -0.002166 -0.002475 -0.002461 -0.002246 -0.001744 -0.001089 -0.000060 0.000000 0.000000 0.000000 0.000000 0.000000 0.000000 0.000000 -0.006188 -0.058611 -0.092953 -0.136245 -0.168640 -0.215058 -0.242529 -0.297513 -0.316629 -0.384540 -0.402660 -0.468212 -0.555037 -0.492784 0.000000 0.000000 0.000000 0.000000 0.000000 0.000000
-0.000004 0.000017 0.000028 0.000029 0.000041 0.000050 0.000064 0.000072 0.000082 0.000076 0.000054 -0.000003 -0.000133 -0.000384 -0.000798 -0.001272 -0.001621 -0.001832 -0.001825 -0.001653 -0.001296 -0.000730 -0.000163 0.000000 0.000000 0.000000 0.000000 0.000000 0.000000 0.000000 0.005126 -0.058173 -0.095135 -0.134414 -0.169538 -0.214829 -0.243486 -0.298301 -0.317546 -0.386001 -0.403058 -0.469154 -0.555472 -0.554405 0.000000 0.000000 0.000000 0.000000 0.000000 0.000000
-0.000004 0.000016 0.000014 0.000015 0.000020 0.000023 0.000027 0.000023 0.000017 -0.000004 -0.000046 -0.000120 -0.000251 -0.000453 -0.000750 -0.001045 -0.001272 -0.001401 -0.001380 -0.001250 -0.000974 -0.000637 -0.000065 0.000000 0.000000 0.000000 0.000000 0.000000 0.000000 0.000000 0.006147 -0.061069 -0.095536 -0.137150 -0.170439 -0.216557 -0.244536 -0.299497 -0.318377 -0.387269 -0.403176 -0.469851 -0.553453 -0.491573 0.000000 0.000000 0.000000 0.000000 0.000000 0.000000
0.000008 0.000008 -0.000000 -0.000001 -0.000002 -0.000007 -0.000012 -0.000026 -0.000045 -0.000078 -0.000131 -0.000206 -0.000317 -0.000467 -0.000658 -0.000853 -0.000994 -0.001072 -0.001049 -0.000937 -0.000741 -0.000446 -0.000100 0.000000 0.000000 0.000000 0.000000 0.000000 0.000000 0.000000 -0.003302 -0.060377 -0.094739 -0.135988 -0.170610 -0.216310 -0.245062 -0.299814 -0.318889 -0.388070 -0.404296 -0.469865 -0.564942 -0.492911 0.000000 0.000000 0.000000 0.000000 0.000000 0.000000
-0.000006 0.000002 -0.000013 -0.000013 -0.000020 -0.000030 -0.000043 -0.000062 -0.000088 -0.000125 -0.000178 -0.000247 -0.000341 -0.000454 -0.000587 -0.000710 -0.000798 -0.000839 -0.000807 -0.000717 -0.000557 -0.000350 -0.000108 0.000000 0.000000 0.000000 0.000000 0.000000 0.000000 0.000000 -0.005266 -0.058128 -0.095710 -0.136996 -0.171434 -0.217192 -0.245829 -0.300462 -0.319394 -0.389076 -0.404452 -0.470636 -0.557146 -0.508842 0.000000 0.000000 0.000000 0.000000 0.000000 0.000000
0.000005 -0.000005 -0.000024 -0.000025 -0.000037 -0.000051 -0.000070 -0.000094 -0.000124 -0.000163 -0.000214 -0.000275 -0.000349 -0.000430 -0.000516 -0.000593 -0.000643 -0.000661 -0.000628 -0.000554 -0.000426 -0.000284 0.000016 0.000000 0.000000 0.000000 0.000000 0.000000 0.000000 0.000000 0.007613 -0.062857 -0.092310 -0.138031 -0.170956 -0.217495 -0.246071 -0.300728 -0.319468 -0.389866 -0.403512 -0.471672 -0.558198 -0.532115 0.000000 0.000000 0.000000 0.000000 0.000000 0.000000
0.000001 -0.000010 -0.000033 -0.000035 -0.000050 -0.000067 -0.000089 -0.000115 -0.000149 -0.000187 -0.000236 -0.000289 -0.000349 -0.000408 -0.000461 -0.000503 -0.000528 -0.000528 -0.000494 -0.000428 -0.000330 -0.000171 -0.000009 0.000000 0.000000 0.000000 0.000000 0.000000 0.000000 0.000000 -0.003393 -0.059593 -0.095246 -0.136404 -0.172171 -0.217282 -0.246779 -0.300776 -0.319737 -0.390359 -0.404032 -0.473099 -0.568134 -0.514263 0.000000 0.000000 0.000000 0.000000 0.000000 0.000000
-0.000001 -0.000013 -0.000041 -0.000042 -0.000062 -0.000081 -0.000106 -0.000134 -0.000169 -0.000208 -0.000252 -0.000301 -0.000350 -0.000388 -0.000413 -0.000431 -0.000432 -0.000427 -0.000391 -0.000338 -0.000257 -0.000152 -0.000048 0.000000 0.000000 0.000000 0.000000 0.000000 0.000000 0.000000 -0.029288 -0.061193 -0.094773 -0.137641 -0.172208 -0.217736 -0.247154 -0.300897 -0.320281 -0.390524 -0.405176 -0.472749 -0.562767 -0.511662 0.000000 0.000000 0.000000 0.000000 0.000000 0.000000
0.000004 -0.000019 -0.000047 -0.000047 -0.000067 -0.000088 -0.000114 -0.000142 -0.000178 -0.000216 -0.000263 -0.000308 -0.000356 -0.000385 -0.000378 -0.000370 -0.000358 -0.000344 -0.000311 -0.000266 -0.000202 -0.000128 -0.000095 0.000000 0.000000 0.000000 0.000000 0.000000 0.000000 0.000000 0.015392 -0.061486 -0.096059 -0.138081 -0.172829 -0.217922 -0.247697 -0.300930 -0.320424 -0.391020 -0.403621 -0.475850 -0.558633 -0.511897 0.000000 0.000000 0.000000 0.000000 0.000000 0.000000
-0.000001 -0.000028 -0.000046 -0.000068 -0.000091 -0.000117 -0.000151 -0.000190 -0.000218 -0.000280 -0.000337 -0.000371 -0.000392 -0.000425 -0.000258 -0.000324 -0.000286 -0.000277 -0.000245 -0.000209 -0.000158 -0.000092 -0.000028 0.000000 0.000000 0.000000 0.000000 0.000000 0.000000 0.000000 -0.004835 -0.059045 -0.097004 -0.137242 -0.173351 -0.217777 -0.248250 -0.300862 -0.321446 -0.390164 -0.405444 -0.473868 -0.560831 -0.518601 0.000000 0.000000 0.000000 0.000000 0.000000 0.000000
-0.000017 -0.000033 -0.000054 -0.000043 -0.000085 -0.000098 -0.000141 -0.000167 -0.000199 -0.000271 -0.000318 -0.000236 -0.000478 -0.000605 -0.000264 -0.000230 -0.000216 -0.000212 -0.000190 -0.000162 -0.000123 -0.000075 -0.000035 0.000000 0.000000 0.000000 0.000000 0.000000 0.000000 0.000000 -0.025233 -0.060552 -0.095719 -0.137901 -0.173349 -0.217966 -0.248745 -0.300835 -0.322071 -0.389975 -0.401447 -0.478077 -0.388059 -0.532517 0.000000 0.000000 0.000000 0.000000 0.000000 0.000000
0.000000 0.000001 0.000001 0.000002 0.000003 0.000003 0.000004 0.000007 0.000011 0.000020 0.000025 0.000042 0.000162 0.000220 -0.000142 -0.000143 -0.000147 -0.000157 -0.000142 -0.000124 -0.000093 -0.000060 0.000026 0.000000 0.000000 0.000000 0.000000 0.000000 0.000000 0.000000 -0.004612 -0.059206 -0.095344 -0.137908 -0.173510 -0.217857 -0.249177 -0.300555 -0.322773 -0.387593 -0.403174 -0.472852 -0.555932 -0.429595 0.000000 0.000000 0.000000 0.000000 0.000000 0.000000
0.000000 0.000001 0.000002 0.000003 0.000004 0.000005 0.000007 0.000010 0.000014 0.000020 0.000025 0.000043 0.000052 0.000040 -0.000072 -0.000089 -0.000108 -0.000114 -0.000108 -0.000093 -0.000071 -0.000036 -0.000010 0.000000 0.000000 0.000000 0.000000 0.000000 0.000000 0.000000 -0.004614 -0.060569 -0.096006 -0.137391 -0.174046 -0.217644 -0.249985 -0.300517 -0.326187 -0.387522 -0.399633 -0.476290 -0.553698 -0.512725 0.000000 0.000000 0.000000 0.000000 0.000000 0.000000
0.000000 0.000001 0.000001 0.000001 0.000002 0.000003 0.000004 0.000005 0.000006 0.000008 0.000010 0.000009 0.000008 -0.000007 -0.000038 -0.000062 -0.000078 -0.000085 -0.000080 -0.000071 -0.000054 -0.000034 -0.000014 0.000000 0.000000 0.000000 0.000000 0.000000 0.000000 0.000000 -0.017685 -0.059931 -0.096248 -0.137636 -0.174057 -0.217325 -0.249826 -0.298816 -0.323321 -0.383506 -0.403792 -0.470792 -0.530714 -0.517602 0.000000 0.000000 0.000000 0.000000 0.000000 0.000000
0.000000 0.000000 0.000001 0.000001 0.000002 0.000002 0.000003 0.000003 0.000004 0.000004 0.000004 0.000001 -0.000002 -0.000012 -0.000033 -0.000048 -0.000060 -0.000064 -0.000061 -0.000054 -0.000041 -0.000024 -0.000009 0.000000 0.000000 0.000000 0.000000 0.000000 0.000000 0.000000 -0.001673 -0.061247 -0.096291 -0.137291 -0.174607 -0.216885 -0.251224 -0.298129 -0.322945 -0.383896 -0.399611 -0.470333 -0.541728 -0.518610 0.000000 0.000000 0.000000 0.000000 0.000000 0.000000
-0.000000 0.000000 0.000001 0.000001 0.000001 0.000001 0.000001 0.000001 0.000001 0.000000 -0.000001 -0.000004 -0.000008 -0.000016 -0.000028 -0.000038 -0.000045 -0.000048 -0.000046 -0.000041 -0.000032 -0.000021 -0.000005 0.000000 0.000000 0.000000 0.000000 0.000000 0.000000 0.000000 -0.003076 -0.059820 -0.096088 -0.136504 -0.173034 -0.215207 -0.250045 -0.294826 -0.321464 -0.376340 -0.404929 -0.455161 -0.582068 -0.517859 0.000000 0.000000 0.000000 0.000000 0.000000 0.000000
-0.000000 -0.000000 0.000000 0.000000 0.000000 0.000000 -0.000000 -0.000000 -0.000001 -0.000002 -0.000004 -0.000007 -0.000010 -0.000016 -0.000025 -0.000031 -0.000036 -0.000038 -0.000036 -0.000032 -0.000025 -0.000015 0.000000 0.000000 0.000000 0.000000 0.000000 0.000000 0.000000 0.000000 -0.008189 -0.075501 -0.116771 -0.149090 -0.186661 -0.228189 -0.259523 -0.300707 -0.332888 -0.352195 -0.433531 -0.428209 -0.603776 -0.518947 0.000000 0.000000 0.000000 0.000000 0.000000 0.000000
0.000000 -0.000000 -0.000000 -0.000000 -0.000001 -0.000001 -0.000001 -0.000002 -0.000003 -0.000004 -0.000006 -0.000008 -0.000012 -0.000016 -0.000022 -0.000026 -0.000029 -0.000030 -0.000028 -0.000025 -0.000019 -0.000012 -0.000011 0.000000 0.000000 0.000000 0.000000 0.000000 0.000000 0.000000 -0.007169 -0.063931 -0.104848 -0.144863 -0.186439 -0.224939 -0.237317 -0.296783 -0.342129 -0.338398 -0.414082 -0.486441 -0.521154 -0.531804 0.000000 0.000000 0.000000 0.000000 0.000000 0.000000
-0.000000 -0.000000 -0.000001 -0.000001 -0.000001 -0.000001 -0.000002 -0.000003 -0.000004 -0.000005 -0.000007 -0.000009 -0.000012 -0.000015 -0.000019 -0.000022 -0.000024 -0.000024 -0.000023 -0.000020 -0.000015 -0.000010 -0.000002 0.000000 0.000000 0.000000 0.000000 0.000000 0.000000 0.000000 0.000000 0.000000 0.000000 0.000000 0.000000 0.000000 0.000000 0.000000 0.000000 0.000000 0.000000 0.000000 0.000000 0.000000 0.000000 0.000000 0.000000 0.000000 0.000000 0.000000
0.000000 -0.000000 -0.000001 -0.000001 -0.000001 -0.000002 -0.000003 -0.000004 -0.000005 -0.000006 -0.000008 -0.000010 -0.000012 -0.000014 -0.000017 -0.000019 -0.000020 -0.000020 -0.000019 -0.000016 -0.000012 -0.000008 -0.000002 0.000000 0.000000 0.000000 0.000000 0.000000 0.000000 0.000000 0.000000 0.000000 0.000000 0.000000 0.000000 0.000000 0.000000 0.000000 0.000000 0.000000 0.000000 0.000000 0.000000 0.000000 0.000000 0.000000 0.000000 0.000000 0.000000 0.000000
0.000000 -0.000001 -0.000001 -0.000001 -0.000002 -0.000002 -0.000003 -0.000004 -0.000005 -0.000007 -0.000008 -0.000010 -0.000012 -0.000014 -0.000015 -0.000017 -0.000017 -0.000017 -0.000016 -0.000014 -0.000010 -0.000007 -0.000001 0.000000 0.000000 0.000000 0.000000 0.000000 0.000000 0.000000 0.000000 0.000000 0.000000 0.000000 0.000000 0.000000 0.000000 0.000000 0.000000 0.000000 0.000000 0.000000 0.000000 0.000000 0.000000 0.000000 0.000000 0.000000 0.000000 0.000000
-0.000000 -0.000001 -0.000001 -0.000002 -0.000002 -0.000002 -0.000003 -0.000004 -0.000005 -0.000007 -0.000008 -0.000010 -0.000012 -0.000014 -0.000015 -0.000017 -0.000017 -0.000017 -0.000016 -0.000013 -0.000010 -0.000006 -0.000001 0.000000 0.000000 0.000000 0.000000 0.000000 0.000000 0.000000 0.000000 0.000000 0.000000 0.000000 0.000000 0.000000 0.000000 0.000000 0.000000 0.000000 0.000000 0.000000 0.000000 0.000000 0.000000 0.000000 0.000000 0.000000 0.000000 0.000000
-0.000000 -0.000001 -0.000001 -0.000002 -0.000003 -0.000003 -0.000004 -0.000005 -0.000007 -0.000008 -0.000009 -0.000011 -0.000013 -0.000013 -0.000016 -0.000016 -0.000016 -0.000015 -0.000013 -0.000010 -0.000007 -0.000004 -0.000001 0.000000 0.000000 0.000000 0.000000 0.000000 0.000000 0.000000 0.000000 0.000000 0.000000 0.000000 0.000000 0.000000 0.000000 0.000000 0.000000 0.000000 0.000000 0.000000 0.000000 0.000000 0.000000 0.000000 0.000000 0.000000 0.000000 0.000000
-0.000000 -0.000000 -0.000001 -0.000002 -0.000002 -0.000003 -0.000003 -0.000005 -0.000006 -0.000007 -0.000008 -0.000008 -0.000010 -0.000011 -0.000013 -0.000013 -0.000015 -0.000009 -0.000016 -0.000010 -0.000008 -0.000003 -0.000001 0.000000 0.000000 0.000000 0.000000 0.000000 0.000000 0.000000 0.000000 0.000000 0.000000 0.000000 0.000000 0.000000 0.000000 0.000000 0.000000 0.000000 0.000000 0.000000 0.000000 0.000000 0.000000 0.000000 0.000000 0.000000 0.000000 0.000000
