0.000000 0.000000 0.000000 0.000000 0.000000 0.000000 0.000000 0.000000 0.000000 0.000000 0.000000 0.000000 0.000000 0.000000 0.000000 0.000000 0.000000 0.000000 0.000000 0.000000 0.000000 0.000000 0.000000 0.000000 0.035482 0.014588 0.003296 0.012922 0.010805 0.001177 0.006387 0.020452 0.017272 0.009658 0.027288 -0.006751 0.014046 0.001548 0.001197 0.001015 0.017049 -0.026336 -0.038725 0.016598 0.026894 -0.026420 -0.000895 0.009688 0.003079 0.015663
0.000000 0.000000 0.000000 0.000000 0.000000 0.000000 0.000000 0.000000 0.000000 0.000000 0.000000 0.000000 0.000000 0.000000 0.000000 0.000000 0.000000 0.000000 0.000000 0.000000 0.000000 0.000000 0.000000 0.000000 0.041044 0.047341 0.049137 0.049541 0.047975 0.046620 0.044964 0.042620 0.039887 0.036994 0.034268 0.032140 0.004440 0.002718 0.000865 -0.000367 -0.002866 -0.003022 -0.008877 -0.008441 0.022453 -0.006417 -0.030991 0.023788 -0.006758 0.008630
0.000000 0.000000 0.000000 0.000000 0.000000 0.000000 0.000000 0.000000 0.000000 0.000000 0.000000 0.000000 0.000000 0.000000 0.000000 0.000000 0.000000 0.000000 0.000000 0.000000 0.000000 0.000000 0.000000 0.000000 0.074896 0.102425 0.097998 0.093461 0.088647 0.083481 0.078241 0.075027 0.069657 0.064547 0.059763 0.055374 0.051326 0.047738 0.044347 0.041156 0.038290 0.035745 0.032061 0.037015 0.032670 0.047142 0.043621 0.032141 0.053491 -0.004415
0.000000 0.000000 0.000000 0.000000 0.000000 0.000000 0.000000 0.000000 0.000000 0.000000 0.000000 0.000000 0.000000 0.000000 0.000000 0.000000 0.000000 0.000000 0.000000 0.000000 0.000000 0.000000 0.000000 0.000000 0.132650 0.101355 0.099717 0.095646 0.091088 0.085835 0.080523 0.101301 0.094067 0.087218 0.080817 0.074929 0.069525 0.064668 0.060355 0.056958 0.053039 0.050876 0.047271 0.032667 0.025506 0.038810 0.019015 0.031262 0.051026 -0.018353
0.000000 0.000000 0.000000 0.000000 0.000000 0.000000 0.000000 0.000000 0.000000 0.000000 0.000000 0.000000 0.000000 0.000000 0.000000 0.000000 0.000000 0.000000 0.000000 0.000000 0.000000 0.000000 0.000000 0.000000 0.177992 0.140519 0.138094 0.132554 0.125445 0.118240 0.110583 0.102997 0.095664 0.088678 0.082129 0.076102 0.070570 0.065548 0.060915 0.057171 0.052437 0.050625 0.046376 0.045847 0.041305 0.045547 0.027031 0.035635 0.016155 0.015330
0.000000 0.000000 0.000000 0.000000 0.000000 0.000000 0.000000 0.000000 0.000000 0.000000 0.000000 0.000000 0.000000 0.000000 0.000000 0.000000 0.000000 0.000000 0.000000 0.000000 0.000000 0.000000 0.000000 0.000000 0.185954 0.176411 0.172268 0.164697 0.155882 0.146067 0.136255 0.126464 0.117095 0.108253 0.100069 0.092598 0.085839 0.079803 0.074310 0.069210 0.065304 0.061454 0.057842 0.055033 0.050237 0.054127 0.039010 0.054350 0.093094 0.001663
0.000000 0.000000 0.000000 0.000000 0.000000 0.000000 0.000000 0.000000 0.000000 0.000000 0.000000 0.000000 0.000000 0.000000 0.000000 0.000000 0.000000 0.000000 0.000000 0.000000 0.000000 0.000000 0.000000 0.000000 0.219302 0.217794 0.212232 0.201781 0.190084 0.177369 0.164717 0.152346 0.140648 0.129731 0.119705 0.110591 0.102378 0.095037 0.088477 0.082661 0.076080 0.072869 0.067477 0.063850 0.062590 0.061178 0.054615 0.059567 0.100409 -0.009379
0.000000 0.000000 0.000000 0.000000 0.000000 0.000000 0.000000 0.000000 0.000000 0.000000 0.000000 0.000000 0.000000 0.000000 0.000000 0.000000 0.000000 0.000000 0.000000 0.000000 0.000000 0.000000 0.000000 0.000000 0.324052 0.260475 0.252604 0.238566 0.223262 0.207051 0.191256 0.176059 0.180468 0.165374 0.151795 0.139702 0.128984 0.119520 0.111129 0.103898 0.097543 0.084991 0.081710 0.078218 0.073092 0.072289 0.066780 0.061822 0.046411 0.010199
0.000000 0.000000 0.000000 0.000000 0.000000 0.000000 0.000000 0.000000 0.000000 0.000000 0.000000 0.000000 0.000000 0.000000 0.000000 0.000000 0.000000 0.000000 0.000000 0.000000 0.000000 0.000000 0.000000 0.000000 0.339834 0.308446 0.297928 0.277802 0.258183 0.237455 0.218066 0.199675 0.182910 0.167657 0.153979 0.141772 0.130949 0.121404 0.113006 0.105716 0.098983 0.093846 0.088793 0.084256 0.081403 0.078484 0.077369 0.076057 0.120565 0.012507
0.000000 0.000000 0.000000 0.000000 0.000000 0.000000 0.000000 0.000000 0.000000 0.000000 0.000000 0.000000 0.000000 0.000000 0.000000 0.000000 0.000000 0.000000 0.000000 0.000000 0.000000 0.000000 0.000000 0.000000 0.376741 0.363326 0.346018 0.319164 0.293130 0.267252 0.243447 0.221578 0.201993 0.184511 0.169040 0.155389 0.143403 0.132926 0.123807 0.115987 0.109214 0.103673 0.098376 0.093835 0.088026 0.085627 0.083781 0.081175 0.083465 0.014199
0.000000 0.000000 0.000000 0.000000 0.000000 0.000000 0.000000 0.000000 0.000000 0.000000 0.000000 0.000000 0.000000 0.000000 0.000000 0.000000 0.000000 0.000000 0.000000 0.000000 0.000000 0.000000 0.000000 0.000000 0.478448 0.422947 0.399596 0.359999 0.327254 0.294754 0.266674 0.241244 0.219070 0.199511 0.182432 0.167483 0.154447 0.143081 0.133234 0.124516 0.117320 0.109979 0.105053 0.104521 0.098075 0.099675 0.093191 0.091298 0.064068 0.036450
0.000000 0.000000 0.000000 0.000000 0.000000 0.000000 0.000000 0.000000 0.000000 0.000000 0.000000 0.000000 0.000000 0.000000 0.000000 0.000000 0.000000 0.000000 0.000000 0.000000 0.000000 0.000000 0.000000 0.000000 0.548361 0.501105 0.456483 0.403689 0.360599 0.321113 0.287487 0.258463 0.233576 0.212135 0.193635 0.177625 0.163764 0.151746 0.141385 0.132404 0.124862 0.118184 0.112126 0.107881 0.102717 0.098639 0.096998 0.097584 0.074901 0.040750
0.000000 0.000000 0.000000 0.000000 0.000000 0.000000 0.000000 0.000000 0.000000 0.000000 0.000000 0.000000 0.000000 0.000000 0.000000 0.000000 0.000000 0.000000 0.000000 0.000000 0.000000 0.000000 0.000000 0.000000 0.811638 0.578244 0.512878 0.438885 0.385591 0.339923 0.302474 0.270862 0.244288 0.221626 0.202254 0.185576 0.171193 0.158742 0.148013 0.138680 0.130789 0.123255 0.118305 0.111552 0.108955 0.103537 0.103647 0.103747 0.085278 0.001588
0.000000 0.000000 0.000000 0.000000 0.000000 0.000000 0.000000 0.000000 0.000000 0.000000 0.000000 0.000000 0.000000 0.000000 0.000000 0.000000 0.000000 0.000000 0.000000 0.000000 0.000000 0.000000 0.000000 0.000000 1.029033 0.679101 0.579296 0.469228 0.407043 0.354420 0.312762 0.279088 0.251268 0.227956 0.208168 0.191226 0.176648 0.164045 0.153186 0.143744 0.135758 0.128613 0.121499 0.117199 0.112027 0.108279 0.106684 0.109680 0.083747 0.053291
0.007937 -0.000855 -0.001970 -0.019937 -0.002296 -0.005803 -0.003446 -0.004168 -0.003628 -0.022247 -0.004721 0.001478 0.018769 0.020768 -0.000654 0.002121 -0.001596 -0.007978 -0.001994 0.015205 -0.001723 0.012430 -0.113787 0.572879 1.425251 0.697550 0.571863 0.473166 0.404775 0.353696 0.312936 0.280348 0.253222 0.230474 0.211074 0.194427 0.180055 0.167600 0.156840 0.147477 0.139533 0.132388 0.127091 0.120322 0.117446 0.112018 0.112304 0.112553 0.092054 0.055136
0.008895 0.007087 0.002155 -0.013791 -0.013699 -0.012786 -0.012031 -0.012245 -0.013196 -0.013411 -0.012805 0.008306 -0.010722 0.008247 0.008438 0.008882 0.009819 0.011043 0.046366 0.015478 0.028641 0.044207 0.073783 0.522762 0.709040 0.549405 0.488823 0.427065 0.379283 0.338552 0.304098 0.275226 0.250529 0.229388 0.211115 0.195269 0.181478 0.169446 0.158981 0.149815 0.141918 0.134887 0.128130 0.122813 0.118652 0.115014 0.113051 0.116526 0.094860 0.020839
-0.009797 -0.001554 0.011296 -0.001624 0.002973 0.006479 0.005483 0.007562 0.009322 0.010700 0.012581 0.014647 0.017284 0.020401 0.024359 0.029285 0.031626 0.039413 0.048197 0.059001 0.072835 0.104049 0.168183 0.306028 0.453901 0.453654 0.419761 0.387253 0.350878 0.319682 0.291023 0.266367 0.244532 0.225505 0.208757 0.194060 0.181133 0.169766 0.159814 0.151087 0.143579 0.137164 0.131653 0.126089 0.121791 0.117493 0.116956 0.117454 0.093007 0.058988
-0.000483 -0.005731 -0.003976 0.005964 0.003405 0.006889 0.006590 0.008740 0.010069 0.011430 0.013567 0.015858 0.018824 0.022344 0.026571 0.031711 0.038357 0.046985 0.059563 0.094905 0.099061 0.123735 0.159928 0.223249 0.348881 0.361169 0.355378 0.337780 0.316959 0.294861 0.273585 0.253733 0.235528 0.219077 0.204262 0.191008 0.179180 0.168654 0.159340 0.151084 0.143891 0.137456 0.131991 0.126177 0.122595 0.118905 0.117409 0.120443 0.099100 0.042903
0.007742 0.022860 0.007158 0.006350 0.004395 0.007834 0.008806 0.011585 0.013146 0.015803 0.018320 0.021592 0.025192 0.029558 0.034773 0.041020 0.048806 0.058388 0.071434 0.086999 0.108454 0.137809 0.180023 0.230864 0.287548 0.304884 0.307483 0.300179 0.286956 0.272033 0.255877 0.240222 0.225167 0.211204 0.198318 0.186583 0.175950 0.166378 0.157821 0.150189 0.143510 0.137548 0.132537 0.127490 0.122785 0.120005 0.117941 0.121360 0.094548 0.058655
-0.000221 0.024238 0.001337 0.004266 0.006369 0.007957 0.010431 0.012494 0.015965 0.017991 0.022056 0.024914 0.029302 0.034456 0.040569 0.047893 0.056835 0.067737 0.081490 0.098412 0.118292 0.141860 0.169086 0.201589 0.243298 0.259070 0.267481 0.264987 0.258566 0.248833 0.237517 0.225599 0.213659 0.202129 0.191202 0.181028 0.171649 0.163086 0.155340 0.148369 0.142210 0.136652 0.132070 0.127172 0.123306 0.120212 0.118966 0.121848 0.098169 0.001015
-0.000809 -0.021754 0.006098 0.006374 0.008373 0.010363 0.012766 0.015512 0.018102 0.021993 0.024603 0.028602 0.033447 0.038896 0.045296 0.052767 0.061659 0.072152 0.084808 0.100007 0.117929 0.139076 0.163611 0.188879 0.214596 0.228764 0.237152 0.237845 0.234608 0.228499 0.220421 0.211435 0.201990 0.192589 0.183431 0.174724 0.166560 0.159002 0.152078 0.145780 0.140146 0.135013 0.130637 0.125983 0.121720 0.119813 0.117772 0.121753 0.150736 0.059935
-0.014158 0.009090 0.004773 0.005907 0.008815 0.010391 0.013880 0.016001 0.020404 0.022766 0.027073 0.031282 0.036398 0.042210 0.048927 0.056694 0.065751 0.076258 0.088473 0.102516 0.118252 0.135740 0.154073 0.172743 0.191670 0.203444 0.211944 0.213889 0.213123 0.209568 0.204147 0.197559 0.190285 0.182754 0.175215 0.167883 0.160876 0.154289 0.148267 0.142524 0.137187 0.133167 0.128383 0.127794 0.123123 0.121139 0.118807 0.119426 0.151102 0.024547
-0.000213 0.028069 0.006078 0.007782 0.010532 0.012735 0.015713 0.018691 0.021607 0.025764 0.029085 0.033607 0.038813 0.044636 0.051268 0.058796 0.067390 0.077144 0.088205 0.100675 0.114347 0.129320 0.144751 0.159841 0.174033 0.184171 0.191583 0.194385 0.194816 0.192941 0.189327 0.184545 0.178979 0.173003 0.166853 0.160737 0.154792 0.149120 0.143783 0.138839 0.134305 0.130156 0.126470 0.122735 0.118876 0.117393 0.115810 0.119780 0.096888 0.059764
-0.016210 0.029177 0.007318 0.009382 0.010064 0.012199 0.016338 0.018504 0.023267 0.026063 0.030412 0.035143 0.040404 0.046257 0.052819 0.060169 0.068413 0.077600 0.087771 0.098905 0.110793 0.123309 0.135819 0.147885 0.159094 0.167599 0.174317 0.177311 0.178565 0.177861 0.175628 0.172265 0.168096 0.163426 0.158475 0.153436 0.148442 0.143607 0.138998 0.134684 0.130676 0.126928 0.123641 0.120497 0.116740 0.115635 0.113923 0.117996 0.149353 0.059854
-0.014232 -0.019664 0.007202 0.008683 0.011413 0.014325 0.017326 0.020713 0.023728 0.027717 0.031682 0.036326 0.041475 0.047159 0.053455 0.060410 0.068082 0.076489 0.085631 0.095472 0.105808 0.116526 0.127112 0.137218 0.146396 0.153735 0.159628 0.162722 0.164382 0.164431 0.163156 0.160851 0.157771 0.154162 0.150215 0.146102 0.141949 0.137867 0.133919 0.130192 0.126673 0.123396 0.120272 0.117907 0.114200 0.113178 0.111955 0.115610 0.092335 0.057512
0.000031 0.028781 0.007371 0.009312 0.011674 0.014233 0.017860 0.020238 0.024352 0.027968 0.032257 0.036884 0.041939 0.047454 0.053487 0.060067 0.067226 0.074954 0.083220 0.091952 0.100978 0.110138 0.119076 0.127548 0.135219 0.141534 0.146764 0.149798 0.151694 0.152258 0.151688 0.150196 0.147980 0.145238 0.142132 0.138810 0.135388 0.131973 0.128623 0.125418 0.122339 0.119317 0.116455 0.114764 0.111166 0.110410 0.109308 0.112886 0.088894 0.002187
0.016022 0.028881 0.008328 0.009397 0.012258 0.015042 0.018095 0.021610 0.024710 0.028522 0.032648 0.037120 0.041978 0.047238 0.052934 0.059078 0.065677 0.072712 0.080139 0.087883 0.095797 0.103736 0.111445 0.118714 0.125272 0.130797 0.135457 0.138365 0.140355 0.141244 0.141168 0.140281 0.138737 0.136690 0.134278 0.131626 0.128836 0.126007 0.123192 0.120476 0.117826 0.115301 0.112369 0.111235 0.107824 0.107438 0.106436 0.109957 0.083303 0.053144
0.000010 0.028554 0.008358 0.009505 0.012247 0.014939 0.018350 0.021014 0.024707 0.028487 0.032565 0.036907 0.041576 0.046580 0.051944 0.057670 0.063754 0.070166 0.076856 0.083748 0.090719 0.097632 0.104317 0.110592 0.116265 0.121123 0.125301 0.128053 0.130066 0.131165 0.131445 0.131017 0.129999 0.128513 0.126672 0.124583 0.122333 0.120010 0.117657 0.115365 0.113072 0.110822 0.108419 0.107989 0.104449 0.103866 0.103447 0.105685 0.081147 0.048660
0.002217 0.028665 0.008148 0.009702 0.012455 0.015191 0.018307 0.021419 0.024686 0.028327 0.032244 0.036399 0.040839 0.045562 0.050581 0.055889 0.061474 0.067303 0.073328 0.079476 0.085644 0.091720 0.097579 0.103067 0.108038 0.112349 0.116114 0.118699 0.120683 0.121906 0.122434 0.122346 0.121735 0.120696 0.119321 0.117700 0.115908 0.114025 0.112082 0.110180 0.108222 0.106360 0.103676 0.103491 0.100726 0.100331 0.099814 0.102973 0.075311 0.018372
0.009147 -0.001921 0.008366 0.009539 0.012284 0.014963 0.017938 0.020792 0.024257 0.027825 0.031611 0.035589 0.039802 0.044246 0.048929 0.053840 0.058964 0.064266 0.069700 0.075201 0.080680 0.086056 0.091218 0.096048 0.100439 0.104286 0.107692 0.110111 0.112039 0.113330 0.114028 0.114194 0.113898 0.113216 0.112221 0.110991 0.109587 0.108085 0.106502 0.104962 0.103304 0.101921 0.099839 0.099265 0.096722 0.096286 0.096378 0.099717 0.071966 0.036389
0.002367 0.028954 0.008435 0.009340 0.012045 0.014740 0.017833 0.020537 0.023788 0.027189 0.030793 0.034563 0.038534 0.042694 0.047048 0.051580 0.056273 0.061094 0.065999 0.070932 0.075821 0.080601 0.085178 0.089462 0.093370 0.096822 0.099913 0.102170 0.104023 0.105339 0.106151 0.106503 0.106448 0.106047 0.105360 0.104449 0.103367 0.102184 0.100891 0.099610 0.098049 0.096792 0.094754 0.095051 0.092500 0.092328 0.092507 0.095377 0.065864 0.034299
-0.004041 -0.002091 0.008324 0.009067 0.011777 0.014494 0.017210 0.019939 0.023100 0.026345 0.029781 0.033343 0.037074 0.040955 0.044990 0.049164 0.053458 0.057842 0.062275 0.066705 0.071087 0.075352 0.079429 0.083247 0.086741 0.089851 0.092665 0.094766 0.096533 0.097847 0.098729 0.099213 0.099341 0.099161 0.098722 0.098077 0.097266 0.096358 0.095345 0.094327 0.092880 0.092319 0.090485 0.089989 0.088351 0.088358 0.088602 0.092098 0.062570 0.029653
0.002452 0.028780 0.008255 0.008710 0.011332 0.013928 0.016672 0.019196 0.022303 0.025376 0.028628 0.031973 0.035459 0.039067 0.042797 0.046633 0.050556 0.054539 0.058546 0.062539 0.066472 0.070289 0.073934 0.077352 0.080489 0.083299 0.085748 0.087815 0.089491 0.090781 0.091701 0.092277 0.092541 0.092532 0.092289 0.091859 0.091272 0.090585 0.089798 0.089000 0.087936 0.087406 0.086090 0.085742 0.084059 0.084241 0.084335 0.086560 0.057056 0.020048
-0.006781 0.028547 0.007652 0.008715 0.011093 0.013347 0.016331 0.018666 0.021436 0.024307 0.027353 0.030477 0.033721 0.037061 0.040498 0.044016 0.047596 0.051213 0.054837 0.058438 0.061973 0.065397 0.068665 0.071732 0.074556 0.077100 0.079337 0.081250 0.082830 0.084081 0.085014 0.085649 0.086012 0.086133 0.086044 0.085785 0.085380 0.084862 0.084252 0.083597 0.082253 0.081949 0.080777 0.080947 0.079442 0.080224 0.080223 0.082779 0.053638 0.019561
-0.005204 0.028532 0.007430 0.008222 0.010705 0.013040 0.015460 0.017858 0.020463 0.023125 0.025970 0.028876 0.031882 0.034963 0.038120 0.041337 0.044598 0.047878 0.051159 0.054406 0.057585 0.060660 0.063595 0.066352 0.068898 0.071203 0.073245 0.075010 0.076493 0.077694 0.078621 0.079290 0.079721 0.079939 0.079971 0.079849 0.079598 0.079238 0.078841 0.078417 0.077748 0.077786 0.076129 0.076880 0.075224 0.076262 0.075851 0.076789 0.047774 0.013312
-0.017153 0.028421 0.007334 0.007789 0.010114 0.012346 0.014811 0.016954 0.019344 0.021804 0.024487 0.027181 0.029957 0.032791 0.035683 0.038617 0.041579 0.044554 0.047517 0.050442 0.053301 0.056064 0.058701 0.061180 0.063476 0.065564 0.067427 0.069053 0.070437 0.071579 0.072486 0.073168 0.073642 0.073930 0.074052 0.074034 0.073894 0.073628 0.073326 0.072968 0.072203 0.072244 0.071622 0.071359 0.070876 0.071126 0.070955 0.071818 0.044038 0.011383
0.016851 -0.020236 0.006974 0.007360 0.009575 0.011715 0.014027 0.016165 0.018440 0.020556 0.022942 0.025433 0.027973 0.030566 0.033200 0.035865 0.038553 0.041241 0.043913 0.046545 0.049113 0.051593 0.053960 0.056189 0.058257 0.060146 0.061841 0.063333 0.064617 0.065694 0.066568 0.067248 0.067747 0.068082 0.068269 0.068330 0.068280 0.068127 0.067914 0.067608 0.066730 0.066945 0.066090 0.065912 0.065543 0.065878 0.066500 0.069862 0.102510 0.036583
0.002649 0.004691 0.006925 0.006892 0.008937 0.010998 0.012983 0.015031 0.016567 0.018805 0.021126 0.023480 0.025863 0.028266 0.030692 0.033126 0.035528 0.037951 0.040352 0.042714 0.045015 0.047238 0.049359 0.051359 0.053218 0.054922 0.056460 0.057823 0.059008 0.060016 0.060849 0.061513 0.062021 0.062385 0.062621 0.062746 0.062771 0.062693 0.062608 0.062483 0.062240 0.062266 0.061694 0.061611 0.060828 0.060823 0.062111 0.062595 0.099669 -0.010259
-0.004787 -0.020523 0.006718 0.006192 0.008328 0.010402 0.012319 0.014298 0.016129 0.017832 0.019626 0.021749 0.023847 0.025992 0.028149 0.030325 0.032504 0.034676 0.036825 0.038936 0.040991 0.042974 0.044868 0.046656 0.048322 0.049853 0.051241 0.052479 0.053566 0.054499 0.055281 0.055919 0.056422 0.056798 0.057061 0.057228 0.057293 0.057287 0.057202 0.057050 0.056516 0.056680 0.056153 0.056194 0.056104 0.055339 0.057142 0.058239 0.037919 0.003404
-0.006461 0.004100 0.005957 0.005555 0.007582 0.009389 0.010786 0.013039 0.014368 0.016522 0.018062 0.019849 0.021743 0.023671 0.025607 0.027556 0.029503 0.031440 0.033352 0.035229 0.037056 0.038820 0.040503 0.042094 0.043579 0.044948 0.046193 0.047311 0.048299 0.049156 0.049884 0.050487 0.050973 0.051353 0.051636 0.051837 0.051934 0.052036 0.052059 0.052256 0.052586 0.052773 0.052509 0.052104 0.050980 0.050415 0.052762 0.051435 0.048032 -0.028084
0.001940 0.027837 0.005850 0.005300 0.007306 0.009484 0.010551 0.012330 0.013560 0.014951 0.016316 0.017990 0.019633 0.021340 0.023046 0.024768 0.026485 0.028195 0.029881 0.031537 0.033145 0.034698 0.036182 0.037586 0.038899 0.040112 0.041220 0.042219 0.043107 0.043883 0.044549 0.045109 0.045568 0.045934 0.046216 0.046433 0.046548 0.046649 0.046480 0.046429 0.046034 0.046000 0.046069 0.046762 0.046571 0.045986 0.047327 0.042712 0.021422 0.012499
-0.006563 0.003463 0.004668 0.004748 0.006102 0.007931 0.008590 0.010824 0.011665 0.013513 0.014638 0.016051 0.017496 0.019005 0.020513 0.022030 0.023539 0.025041 0.026516 0.027966 0.029373 0.030733 0.032032 0.033263 0.034416 0.035484 0.036462 0.037347 0.038137 0.038832 0.039434 0.039945 0.040371 0.040722 0.041005 0.041231 0.041318 0.041518 0.041244 0.041746 0.041265 0.042163 0.041560 0.042771 0.041570 0.041262 0.043007 0.039217 0.042477 -0.032135
0.002025 0.010029 0.005112 0.005336 0.006318 0.007907 0.008674 0.009915 0.010848 0.011854 0.012892 0.014117 0.015338 0.016616 0.017897 0.019192 0.020482 0.021768 0.023036 0.024279 0.025483 0.026649 0.027762 0.028819 0.029811 0.030732 0.031578 0.032347 0.033036 0.033645 0.034176 0.034632 0.035015 0.035332 0.035587 0.035790 0.035934 0.036034 0.036119 0.036060 0.036204 0.035871 0.036897 0.036981 0.037875 0.037601 0.039444 0.036344 0.072223 0.005097
-0.006602 -0.021713 0.004059 0.002974 0.004931 0.006287 0.006796 0.008348 0.008859 0.010257 0.011061 0.012114 0.013187 0.014303 0.015420 0.016543 0.017651 0.018769 0.019843 0.020910 0.021936 0.022935 0.023888 0.024796 0.025649 0.026444 0.027176 0.027839 0.028433 0.028957 0.029416 0.029813 0.030151 0.030437 0.030681 0.030885 0.031006 0.031207 0.031002 0.031512 0.031113 0.032011 0.031539 0.033647 0.033547 0.035071 0.036307 0.032331 0.069527 0.003983
-0.007112 0.026900 0.005858 0.004576 0.005083 0.005607 0.006630 0.007029 0.007885 0.008398 0.009262 0.010068 0.010909 0.011787 0.012673 0.013565 0.014446 0.015326 0.016218 0.017067 0.017893 0.018690 0.019451 0.020177 0.020860 0.021500 0.022091 0.022632 0.023120 0.023559 0.023945 0.024283 0.024573 0.024821 0.025031 0.025195 0.025366 0.025442 0.025661 0.025562 0.026020 0.025442 0.026540 0.024693 0.027256 0.022225 0.032105 0.022854 0.066053 0.004985
-0.000087 -0.017910 -0.000246 0.000537 0.004568 0.003739 0.005013 0.005341 0.006035 0.006765 0.007409 0.008117 0.008847 0.009585 0.010338 0.011092 0.011815 0.012641 0.013317 0.014050 0.014729 0.015404 0.016047 0.016666 0.017253 0.017805 0.018316 0.018771 0.019172 0.019522 0.019828 0.020094 0.020324 0.020513 0.020678 0.020800 0.020919 0.020994 0.020985 0.021106 0.021051 0.021204 0.021373 0.021151 0.022561 0.018849 0.030463 0.025824 0.059894 -0.008626
0.002075 0.023231 0.003453 -0.000844 0.003842 0.001380 0.004017 0.003215 0.004615 0.004643 0.005505 0.005920 0.006471 0.006976 0.007487 0.007976 0.008421 0.008855 0.009472 0.009868 0.010323 0.010743 0.011150 0.011534 0.011892 0.012224 0.012537 0.012838 0.013122 0.013395 0.013640 0.013862 0.014054 0.014229 0.014389 0.014543 0.014725 0.014721 0.015172 0.015209 0.015935 0.015814 0.017584 0.015316 0.019971 0.007256 0.026003 0.044045 0.056302 -0.014394
-0.010914 0.002243 0.007953 0.007127 0.007357 0.003608 0.003734 0.003232 0.003707 0.003962 0.004685 0.005111 0.005664 0.006180 0.006704 0.007222 0.007702 0.008240 0.008751 0.009273 0.009727 0.010188 0.010626 0.011052 0.011460 0.011842 0.012196 0.012506 0.012784 0.013034 0.013252 0.013447 0.013619 0.013770 0.013906 0.014014 0.014135 0.014202 0.014296 0.014414 0.014477 0.014729 0.014068 0.010958 0.012647 -0.001793 -0.014089 0.013699 0.044647 0.005630
-0.000050 0.016330 -0.011837 0.008367 0.007377 0.013215 0.013804 -0.016791 -0.006543 0.016744 0.017044 -0.014138 -0.005965 -0.013666 -0.005790 -0.013021 -0.012690 -0.012363 -0.012006 -0.006141 -0.006661 -0.006905 -0.007111 -0.010371 0.022225 -0.010058 -0.009976 -0.007126 -0.009984 -0.009995 -0.009993 -0.006350 -0.010080 -0.005971 -0.010331 -0.010546 0.021978 -0.010714 0.023486 0.023618 -0.003688 0.023642 0.028330 0.023754 -0.007885 0.013071 0.063217 0.017635 0.059033 0.013094
-0.005205 -0.001397 -0.007096 -0.018126 -0.006668 -0.008047 -0.009496 -0.015313 -0.013524 -0.012890 0.002964 -0.013662 -0.015303 -0.014995 0.011246 -0.015159 -0.016182 0.011027 -0.016893 0.023933 -0.005110 0.025710 -0.010418 0.011094 0.037253 0.007278 0.011112 0.011145 0.011185 -0.019572 0.011222 0.017780 0.031040 0.011270 0.011306 0.002765 0.002185 0.002137 -0.003846 -0.016336 0.002338 -0.008940 0.002168 -0.016557 0.004303 -0.003023 0.003535 -0.001869 -0.004372 -0.014040
