0.015133 0.011487 0.005967 -0.001472 -0.002150 0.012605 0.025887 0.010037 0.003148 0.003544 0.014848 0.005264 -0.008274 0.005109 0.020853 0.024864 0.023703 0.015889 -0.000751 -0.010940 0.005562 -0.002772 0.000287 0.002384 0.008207 0.006252 -0.017567 0.006437 0.009522 0.005994 0.004686 0.007431 0.006838 0.002496 0.005298 0.004560 0.002991 0.002721 0.001769 -0.002500 0.001825 0.002535 -0.000016 0.000682 0.003549 0.000000 0.000000 0.000000 0.000000 0.000000
-0.014193 0.011819 0.013495 -0.039112 0.003637 0.019147 0.016771 -0.010429 0.017768 -0.006387 0.003973 0.024101 0.024813 -0.001623 0.007591 0.008366 0.001917 0.003264 0.003200 0.010744 0.006160 0.005224 0.011509 0.011512 0.032562 0.012312 0.029068 0.010915 0.011497 0.011820 0.012168 0.011648 0.011892 0.019132 0.008282 0.007893 0.013970 0.012410 0.010900 0.006224 0.007110 0.008048 0.007330 0.007481 0.006514 0.000000 0.000000 0.000000 0.000000 0.000000
-0.005318 -0.009679 0.017854 0.034258 0.036203 0.017700 0.029250 0.027801 0.029605 0.030560 0.033072 0.035729 0.038171 0.040377 0.042712 0.044432 0.045459 0.046946 0.047990 0.048899 0.049397 0.049487 0.049377 0.048773 0.048011 0.046873 0.043999 0.043695 0.036587 0.036479 0.036657 0.034568 0.032333 0.029792 0.027395 0.025089 0.022854 0.020816 0.018978 0.017420 0.016118 0.015187 0.014719 0.012048 0.011516 0.000000 0.000000 0.000000 0.000000 0.000000
-0.010092 0.038417 0.015366 0.009157 0.029855 0.016803 0.029052 0.025694 0.031239 0.031708 0.033879 0.048612 0.052043 0.055241 0.058371 0.061072 0.046359 0.047984 0.049027 0.050102 0.050234 0.050543 0.050573 0.049801 0.049088 0.048100 0.061661 0.044803 0.052742 0.052351 0.038414 0.035882 0.033443 0.030890 0.028366 0.025973 0.023640 0.021486 0.019555 0.017914 0.016540 0.015464 0.014664 0.018023 0.018893 0.000000 0.000000 0.000000 0.000000 0.000000
0.001546 0.057452 0.014845 0.010106 0.036089 0.030383 0.037580 0.041565 0.041656 0.042666 0.046225 0.049492 0.052997 0.056220 0.059409 0.062120 0.064712 0.066857 0.068482 0.069760 0.070481 0.070640 0.070393 0.069586 0.068364 0.066633 0.079208 0.062021 0.069291 0.066637 0.052733 0.049271 0.045706 0.042142 0.038648 0.035263 0.032046 0.029068 0.026420 0.024080 0.022220 0.020679 0.019528 0.020306 0.020375 0.000000 0.000000 0.000000 0.000000 0.000000
0.000329 -0.006987 0.028399 0.029443 0.047022 0.037955 0.050596 0.044853 0.047961 0.051233 0.056138 0.060504 0.065030 0.069293 0.073369 0.077010 0.080285 0.083050 0.085189 0.086804 0.087683 0.087996 0.087692 0.086687 0.085146 0.083029 0.079972 0.077183 0.086071 0.082272 0.065452 0.061042 0.056538 0.051989 0.047507 0.043175 0.039060 0.035252 0.031821 0.028847 0.026346 0.024493 0.022824 0.029616 0.024441 0.000000 0.000000 0.000000 0.000000 0.000000
-0.002194 0.040001 0.032464 0.033116 0.046215 0.041536 0.049601 0.054245 0.057695 0.061285 0.067470 0.073140 0.078932 0.084373 0.089519 0.094154 0.098259 0.101705 0.104417 0.106387 0.107545 0.107895 0.107456 0.106219 0.104243 0.101542 0.097852 0.094220 0.103075 0.097494 0.079529 0.074012 0.068360 0.062679 0.057082 0.051669 0.046548 0.041791 0.037541 0.033764 0.030728 0.028208 0.026355 0.032726 0.030608 0.000000 0.000000 0.000000 0.000000 0.000000
-0.000396 0.053955 0.037330 0.042916 0.057909 0.051033 0.063180 0.059288 0.065682 0.070846 0.078283 0.085204 0.092206 0.098857 0.105119 0.110792 0.115783 0.119972 0.123267 0.125643 0.127031 0.127454 0.126912 0.125410 0.123011 0.119748 0.115680 0.110896 0.104455 0.098498 0.093136 0.086459 0.079615 0.072730 0.065946 0.059385 0.053173 0.047415 0.042221 0.037673 0.033858 0.030926 0.028471 0.034958 0.029439 0.000000 0.000000 0.000000 0.000000 0.000000
-0.005933 0.065003 0.044917 0.052003 0.057762 0.054938 0.061629 0.063732 0.073647 0.080832 0.089375 0.097737 0.106204 0.114265 0.121835 0.128689 0.134692 0.139713 0.143655 0.146468 0.148110 0.148581 0.147895 0.146079 0.143185 0.139268 0.134405 0.128681 0.120663 0.113541 0.107440 0.099446 0.091249 0.083010 0.074895 0.067053 0.059643 0.052748 0.046591 0.041048 0.036653 0.032680 0.030294 0.033432 0.033332 0.000000 0.000000 0.000000 0.000000 0.000000
-0.003541 0.083207 0.047629 0.055818 0.062570 0.059858 0.070414 0.072388 0.082993 0.090254 0.100335 0.110311 0.120340 0.129950 0.138963 0.147122 0.154245 0.160182 0.164822 0.168108 0.170004 0.170516 0.169666 0.167494 0.164059 0.159429 0.153690 0.146940 0.138312 0.129718 0.121868 0.112416 0.102723 0.092980 0.083386 0.074121 0.065369 0.057255 0.049938 0.043425 0.038014 0.033378 0.030271 0.025265 0.031633 0.000000 0.000000 0.000000 0.000000 0.000000
0.019944 0.077030 0.051615 0.058791 0.060704 0.062545 0.070373 0.076689 0.088562 0.098882 0.111062 0.122940 0.134889 0.146340 0.157053 0.166722 0.175126 0.182089 0.187497 0.191289 0.193441 0.193970 0.192912 0.190323 0.186272 0.180840 0.174121 0.166223 0.156758 0.146619 0.136840 0.125740 0.114350 0.102898 0.091643 0.080804 0.070589 0.061133 0.052626 0.045023 0.038741 0.033093 0.029599 0.029165 0.032132 0.000000 0.000000 0.000000 0.000000 0.000000
0.022178 0.047600 0.051905 0.057578 0.059532 0.064136 0.074376 0.082990 0.096345 0.107924 0.121798 0.135835 0.149904 0.163455 0.176112 0.187501 0.197346 0.205449 0.211688 0.216008 0.218405 0.218916 0.217598 0.214525 0.209780 0.203445 0.195651 0.186477 0.175782 0.164123 0.152263 0.139282 0.125964 0.112584 0.099460 0.086841 0.074975 0.064015 0.054158 0.045290 0.037841 0.030864 0.025924 0.017040 0.013880 0.003857 0.000332 -0.000191 -0.000606 -0.001010
0.013308 0.071354 0.054105 0.063664 0.062928 0.072563 0.081893 0.083021 0.098173 0.113825 0.131042 0.148293 0.165302 0.181575 0.196395 0.209792 0.221287 0.230659 0.237792 0.242651 0.245266 0.245704 0.244055 0.240416 0.234887 0.227549 0.218557 0.207968 0.195882 0.182400 0.168289 0.153177 0.137665 0.122072 0.106797 0.092180 0.078487 0.065967 0.054639 0.044798 0.035875 0.028986 0.021357 0.011695 0.012425 0.006090 -0.001403 -0.002227 -0.003264 -0.003351
-0.006579 0.015979 0.046304 0.049732 0.053238 0.062566 0.074628 0.088372 0.105045 0.122605 0.141865 0.161691 0.181531 0.200591 0.218273 0.233989 0.247346 0.258103 0.266166 0.271541 0.274309 0.274589 0.272512 0.268209 0.261796 0.253393 0.243045 0.230896 0.217096 0.201653 0.185108 0.167548 0.149472 0.131282 0.113547 0.096642 0.080930 0.066658 0.053903 0.042803 0.033052 0.025097 0.017392 0.013126 0.005635 0.000580 -0.002490 -0.002502 -0.005745 -0.004083
-0.007539 0.009655 0.039708 0.042701 0.047680 0.058178 0.072215 0.088162 0.107316 0.128199 0.150942 0.174598 0.198276 0.220971 0.241902 0.260342 0.275817 0.288081 0.297091 0.302925 0.305747 0.305748 0.303124 0.298042 0.290640 0.281035 0.269252 0.255386 0.239653 0.222060 0.202766 0.182285 0.161226 0.139995 0.119406 0.099901 0.081938 0.065803 0.051559 0.039332 0.028781 0.020089 0.012348 0.005722 0.000722 -0.002957 -0.005392 -0.005481 -0.009069 -0.007427
-0.014417 0.000330 0.031023 0.033372 0.039458 0.051490 0.067404 0.085810 0.107940 0.132576 0.159540 0.187850 0.216344 0.243470 0.268303 0.289883 0.307702 0.321516 0.331390 0.337520 0.340199 0.339726 0.336380 0.330378 0.321881 0.311006 0.297677 0.282001 0.264190 0.244129 0.221769 0.197951 0.173388 0.148509 0.124510 0.101915 0.081384 0.063209 0.047476 0.034237 0.023139 0.014301 0.006806 0.001569 -0.003432 -0.006764 -0.009214 -0.009363 -0.013398 -0.010799
-0.025305 -0.012772 0.019776 0.021739 0.028486 0.041478 0.059268 0.080163 0.105505 0.134459 0.166347 0.200477 0.234910 0.267550 0.297139 0.322438 0.342878 0.358276 0.368884 0.375089 0.377372 0.376186 0.371921 0.364855 0.355168 0.343087 0.328041 0.310516 0.290469 0.267844 0.241719 0.213863 0.185124 0.155660 0.127648 0.101492 0.078196 0.057931 0.040793 0.026655 0.015200 0.006212 -0.000813 -0.006100 -0.009910 -0.012484 -0.014150 -0.014263 -0.017542 -0.014476
-0.022388 -0.029542 0.004583 0.006302 0.013789 0.027984 0.047527 0.071145 0.100188 0.134175 0.172528 0.213897 0.256522 0.295965 0.331488 0.360924 0.384107 0.400830 0.411750 0.417518 0.418913 0.416593 0.411096 0.402769 0.391818 0.378688 0.361907 0.342632 0.320248 0.294573 0.264877 0.232426 0.198518 0.163376 0.130170 0.099553 0.072876 0.050195 0.031584 0.016716 0.005178 -0.003442 -0.009766 -0.013992 -0.016923 -0.018616 -0.019600 -0.019688 -0.021776 -0.019006
-0.015595 0.028439 -0.014877 -0.012579 -0.005254 0.009861 0.030403 0.056520 0.089019 0.128834 0.173958 0.225119 0.277772 0.326203 0.368904 0.403342 0.429339 0.447108 0.457816 0.462569 0.462532 0.458640 0.451609 0.441869 0.429617 0.416376 0.397230 0.376157 0.351357 0.323496 0.288616 0.249835 0.209613 0.166351 0.127400 0.091844 0.062095 0.037418 0.018009 0.003017 -0.008011 -0.015829 -0.020933 -0.023970 -0.025381 -0.025830 -0.025682 -0.025702 -0.025179 -0.023439
-0.030837 -0.012839 -0.036689 -0.034892 -0.027574 -0.012793 0.008535 0.036439 0.073071 0.119056 0.174962 0.237918 0.307047 0.366251 0.418542 0.457892 0.486422 0.504065 0.513306 0.515753 0.513196 0.506894 0.497781 0.486376 0.472852 0.458871 0.438802 0.416593 0.390330 0.359032 0.320654 0.275620 0.227225 0.174541 0.126432 0.083729 0.049242 0.021728 0.001271 -0.013835 -0.024061 -0.030681 -0.034120 -0.035429 -0.034878 -0.033680 -0.032023 -0.031954 -0.030463 -0.030674
-0.030905 -0.116702 -0.064808 -0.062455 -0.055941 -0.041825 -0.021603 0.007433 0.045283 0.098340 0.162043 0.244143 0.332994 0.408318 0.471593 0.516997 0.546952 0.563233 0.569494 0.568352 0.562239 0.552819 0.541229 0.528039 0.513486 0.503023 0.478615 0.455832 0.428627 0.397542 0.350499 0.294647 0.236368 0.164919 0.108750 0.059729 0.023753 -0.003972 -0.023044 -0.036476 -0.044432 -0.048690 -0.049514 -0.048094 -0.044873 -0.041465 -0.038019 -0.037821 -0.034187 -0.034889
-0.019519 -0.139725 -0.095308 -0.093180 -0.089126 -0.076777 -0.058306 -0.030977 0.010649 0.066559 0.148752 0.252559 0.380526 0.474219 0.553063 0.602318 0.632120 0.643413 0.643648 0.636069 0.624262 0.610218 0.595289 0.580025 0.564714 0.553471 0.531234 0.510229 0.484317 0.450603 0.403380 0.341009 0.267611 0.180068 0.103005 0.041855 -0.000988 -0.031799 -0.050561 -0.062784 -0.068236 -0.070026 -0.067652 -0.063495 -0.056441 -0.050066 -0.044036 -0.043562 -0.036688 -0.030682
-0.040649 -0.175521 -0.130092 -0.127758 -0.128416 -0.118377 -0.106179 -0.081722 -0.047931 0.014238 0.094302 0.235111 0.417539 0.544323 0.638591 0.691172 0.715135 0.717719 0.708283 0.691954 0.672898 0.653424 0.634767 0.617631 0.602004 0.605738 0.572164 0.554075 0.531288 0.506211 0.446232 0.364180 0.274366 0.129302 0.045026 -0.017669 -0.053590 -0.078627 -0.090414 -0.097181 -0.097363 -0.094472 -0.087615 -0.077915 -0.066173 -0.056014 -0.047499 -0.047082 -0.037168 -0.036268
-0.054466 -0.205505 -0.167451 -0.165184 -0.170376 -0.167338 -0.161668 -0.150985 -0.115812 -0.069208 0.043028 0.233884 0.497973 0.674394 0.792692 0.840305 0.851840 0.835879 0.809951 0.779229 0.749135 0.721844 0.698360 0.679049 0.663769 0.658718 0.641875 0.631535 0.617908 0.589852 0.548546 0.467400 0.338013 0.172677 0.028889 -0.059150 -0.101599 -0.125599 -0.132731 -0.135073 -0.129864 -0.123342 -0.111535 -0.099194 -0.079332 -0.063480 -0.050709 -0.049626 -0.036149 -0.027240
-0.009306 -0.165369 -0.199583 -0.200472 -0.212763 -0.217680 -0.228110 -0.230865 -0.229557 -0.187304 -0.139979 0.121952 0.577837 0.828267 0.952504 0.979652 0.960028 0.917092 0.868922 0.821611 0.779627 0.744708 0.716445 0.695785 0.681324 0.713018 0.670523 0.670840 0.671351 0.694128 0.626797 0.524501 0.364435 -0.004024 -0.137841 -0.186114 -0.195875 -0.199510 -0.188626 -0.180207 -0.166957 -0.154083 -0.136863 -0.111682 -0.083443 -0.061990 -0.047106 -0.047385 -0.038707 -0.025150
-0.085805 -0.218246 -0.234135 -0.236358 -0.254443 -0.274214 -0.299029 -0.341366 -0.349700 -0.413331 -0.297376 0.118078 0.679276 1.113590 1.288756 1.273895 1.189358 1.094679 1.010434 0.940059 0.882238 0.836724 0.802887 0.779695 0.766762 0.739545 0.771983 0.790051 0.814985 0.841645 0.846115 0.754888 0.474370 0.112535 -0.194410 -0.318560 -0.295861 -0.277847 -0.246124 -0.227153 -0.205941 -0.190114 -0.169035 -0.149724 -0.100446 -0.064282 -0.044849 -0.040289 -0.023376 -0.014925
-0.047371 -0.241429 -0.262148 -0.266324 -0.288699 -0.315940 -0.364885 -0.429837 -0.516627 -0.752362 -0.667111 0.397325 1.600584 2.108655 1.850654 1.578794 1.346239 1.170622 1.046510 0.950967 0.881034 0.827981 0.791225 0.767328 0.739487 0.743235 0.767415 0.832172 0.910941 1.041688 1.221983 1.363721 0.564327 -0.387482 -0.530869 -0.496408 -0.403212 -0.351471 -0.300254 -0.270558 -0.244258 -0.230013 -0.210761 -0.176218 -0.131320 -0.060616 -0.023624 -0.013777 -0.008595 -0.005608
-0.081627 -0.251534 -0.285380 -0.290346 -0.312222 -0.354759 -0.427124 -0.516813 -0.673833 -1.153596 -2.039384 0.249718 -1.265832 2.716994 2.432181 1.875383 1.407326 1.261787 1.102453 1.003739 0.923175 0.840686 0.820986 0.780613 0.766868 0.786600 0.819769 0.844467 0.973840 1.165516 1.338761 1.808726 1.657997 -1.856778 -1.722005 -0.979265 -0.516136 -0.422208 -0.349656 -0.306925 -0.279039 -0.260971 -0.260741 -0.273466 -0.122606 0.004978 -0.010702 -0.001049 -0.001962 -0.002526
-0.096873 -0.304870 -0.298214 -0.300617 -0.323697 -0.348846 -0.422681 -0.501120 -0.619531 -0.596980 -0.266639 -0.157643 -0.018943 -0.019073 -0.005750 0.004480 -0.007153 -0.020324 -0.003077 0.000279 0.003008 0.001281 0.009030 -0.001182 -0.002436 -0.003665 0.004298 0.005383 0.010028 0.004946 -0.010102 -0.038354 -0.100429 -0.500723 -0.918627 -0.721202 -0.519206 -0.418361 -0.362292 -0.319785 -0.295416 -0.281015 -0.280099 -0.253792 -0.285557 0.000000 0.000000 0.000000 0.000000 0.000000
-0.096184 -0.308599 -0.299921 -0.300823 -0.321816 -0.351718 -0.395705 -0.436479 -0.504011 -0.513893 -0.539406 -0.372854 -0.195504 -0.130441 -0.084894 -0.061347 -0.044646 -0.036122 -0.029433 -0.025058 -0.022419 -0.020925 -0.021206 -0.022108 -0.023863 -0.024722 -0.032036 -0.038671 -0.050795 -0.072209 -0.106907 -0.157701 -0.268613 -0.468553 -0.554086 -0.488619 -0.458944 -0.387999 -0.353561 -0.318086 -0.297936 -0.284361 -0.276058 -0.255964 -0.224703 0.000000 0.000000 0.000000 0.000000 0.000000
-0.119920 -0.274672 -0.296627 -0.295999 -0.310410 -0.330056 -0.376040 -0.401175 -0.434300 -0.462549 -0.430795 -0.289622 -0.213326 -0.149528 -0.111265 -0.084011 -0.066050 -0.053625 -0.045270 -0.039360 -0.035728 -0.033791 -0.033485 -0.034578 -0.037311 -0.040983 -0.048801 -0.059207 -0.073653 -0.095962 -0.125097 -0.179530 -0.237725 -0.370226 -0.418385 -0.411807 -0.393754 -0.358181 -0.333684 -0.308247 -0.293317 -0.280545 -0.274476 -0.223660 -0.252224 0.000000 0.000000 0.000000 0.000000 0.000000
-0.094786 -0.267848 -0.287030 -0.286781 -0.302568 -0.313654 -0.335635 -0.345228 -0.369563 -0.349372 -0.338102 -0.272211 -0.214836 -0.165714 -0.130070 -0.102753 -0.083442 -0.069352 -0.059403 -0.052442 -0.048009 -0.045585 -0.045176 -0.046514 -0.049794 -0.054401 -0.063491 -0.074948 -0.091456 -0.114022 -0.145780 -0.186742 -0.240791 -0.309518 -0.348184 -0.347641 -0.346243 -0.324234 -0.310563 -0.292895 -0.281953 -0.273389 -0.267197 -0.222620 -0.231794 0.000000 0.000000 0.000000 0.000000 0.000000
-0.086524 -0.257891 -0.274720 -0.273701 -0.287642 -0.294190 -0.304883 -0.316507 -0.319584 -0.314132 -0.295426 -0.242417 -0.205917 -0.165062 -0.136514 -0.111718 -0.093844 -0.079795 -0.069712 -0.062402 -0.057695 -0.055109 -0.054578 -0.056008 -0.059518 -0.065062 -0.073729 -0.085615 -0.100821 -0.122246 -0.146594 -0.182966 -0.215833 -0.265825 -0.290884 -0.301567 -0.302866 -0.293828 -0.285743 -0.274623 -0.267257 -0.259997 -0.254815 -0.220223 -0.252037 0.000000 0.000000 0.000000 0.000000 0.000000
-0.085042 -0.243458 -0.258839 -0.258947 -0.273661 -0.271440 -0.271949 -0.273960 -0.276919 -0.263015 -0.250648 -0.219222 -0.192371 -0.162108 -0.138346 -0.116910 -0.100515 -0.087220 -0.077345 -0.070081 -0.065293 -0.062660 -0.062098 -0.063540 -0.067075 -0.072655 -0.081172 -0.092409 -0.106966 -0.125476 -0.147886 -0.174706 -0.203386 -0.233890 -0.255005 -0.264317 -0.269339 -0.265529 -0.261974 -0.255430 -0.250603 -0.246216 -0.240737 -0.212243 -0.220028 0.000000 0.000000 0.000000 0.000000 0.000000
-0.069080 -0.263106 -0.242549 -0.242347 -0.249903 -0.250255 -0.247270 -0.251200 -0.246491 -0.237083 -0.224836 -0.200103 -0.179530 -0.155169 -0.135729 -0.117453 -0.103061 -0.091048 -0.081914 -0.075074 -0.070498 -0.067958 -0.067402 -0.068785 -0.072150 -0.077678 -0.085341 -0.095676 -0.108354 -0.124538 -0.142248 -0.164439 -0.184710 -0.208271 -0.223935 -0.234410 -0.239861 -0.240166 -0.239177 -0.235825 -0.233264 -0.229973 -0.226930 -0.200261 -0.215938 0.000000 0.000000 0.000000 0.000000 0.000000
-0.071662 -0.247849 -0.226127 -0.224640 -0.231426 -0.227461 -0.221875 -0.221433 -0.217436 -0.208682 -0.198544 -0.181174 -0.165252 -0.146696 -0.130808 -0.115623 -0.103144 -0.092533 -0.084255 -0.077977 -0.073713 -0.071328 -0.070793 -0.072073 -0.075190 -0.080243 -0.087254 -0.096436 -0.107663 -0.121242 -0.136424 -0.153544 -0.170465 -0.187260 -0.200400 -0.209334 -0.215231 -0.217211 -0.217929 -0.216721 -0.215532 -0.213898 -0.211157 -0.186523 -0.187239 0.000000 0.000000 0.000000 0.000000 0.000000
-0.066322 -0.202393 -0.207268 -0.208700 -0.209829 -0.207732 -0.202703 -0.201017 -0.196212 -0.188440 -0.179251 -0.165353 -0.152342 -0.137395 -0.124260 -0.111586 -0.100908 -0.091709 -0.084399 -0.078796 -0.074945 -0.072777 -0.072277 -0.073432 -0.076239 -0.080767 -0.086957 -0.094974 -0.104560 -0.116007 -0.128350 -0.142266 -0.155391 -0.168809 -0.179363 -0.187564 -0.193190 -0.196230 -0.197897 -0.198077 -0.197844 -0.197329 -0.194638 -0.184049 -0.174169 0.000000 0.000000 0.000000 0.000000 0.000000
-0.052552 -0.180526 -0.189541 -0.192292 -0.192051 -0.187596 -0.181479 -0.179606 -0.175073 -0.168342 -0.160519 -0.149797 -0.139265 -0.127455 -0.116669 -0.106206 -0.097146 -0.089263 -0.082890 -0.077962 -0.074540 -0.072600 -0.072142 -0.073162 -0.075644 -0.079617 -0.085032 -0.091934 -0.100134 -0.109672 -0.119990 -0.131127 -0.141946 -0.152447 -0.161290 -0.168339 -0.173609 -0.176966 -0.179149 -0.180135 -0.180576 -0.180651 -0.178665 -0.171283 -0.160560 0.000000 0.000000 0.000000 0.000000 0.000000
-0.046932 -0.180969 -0.170438 -0.176098 -0.173577 -0.168319 -0.165243 -0.161741 -0.157358 -0.151271 -0.144428 -0.135650 -0.126894 -0.117287 -0.108338 -0.099673 -0.092030 -0.085337 -0.079858 -0.075592 -0.072606 -0.070838 -0.070465 -0.071319 -0.073483 -0.076891 -0.081546 -0.087384 -0.094281 -0.102365 -0.110859 -0.119933 -0.128712 -0.137255 -0.144600 -0.150852 -0.155559 -0.158970 -0.161366 -0.162811 -0.163664 -0.164171 -0.162643 -0.162740 -0.173154 0.000000 0.000000 0.000000 0.000000 0.000000
-0.088541 -0.140481 -0.154614 -0.158274 -0.156044 -0.153583 -0.147665 -0.143891 -0.140101 -0.134767 -0.129008 -0.121904 -0.114695 -0.106923 -0.099531 -0.092381 -0.085981 -0.080343 -0.075675 -0.072020 -0.069445 -0.067970 -0.067607 -0.068357 -0.070210 -0.073155 -0.077118 -0.082081 -0.087894 -0.094480 -0.101522 -0.108926 -0.116166 -0.123137 -0.129308 -0.134585 -0.138860 -0.142104 -0.144515 -0.146142 -0.147213 -0.147817 -0.146582 -0.140182 -0.145587 0.000000 0.000000 0.000000 0.000000 0.000000
-0.076766 -0.126209 -0.136006 -0.141939 -0.139685 -0.135432 -0.132912 -0.128130 -0.124741 -0.119682 -0.114708 -0.108786 -0.102781 -0.096413 -0.090292 -0.084392 -0.079053 -0.074339 -0.070405 -0.067311 -0.065118 -0.063857 -0.063543 -0.064175 -0.065745 -0.068226 -0.071574 -0.075727 -0.080572 -0.086017 -0.091822 -0.097884 -0.103832 -0.109570 -0.114736 -0.119252 -0.123012 -0.125998 -0.128307 -0.129988 -0.131188 -0.131994 -0.131323 -0.126869 -0.126908 0.000000 0.000000 0.000000 0.000000 0.000000
-0.018203 -0.116106 -0.120727 -0.124922 -0.121435 -0.121071 -0.115642 -0.112187 -0.108891 -0.104568 -0.100745 -0.095938 -0.091064 -0.085902 -0.080883 -0.076048 -0.071630 -0.067718 -0.064430 -0.061837 -0.059988 -0.058921 -0.058649 -0.059175 -0.060491 -0.062562 -0.065357 -0.068803 -0.072818 -0.077299 -0.082073 -0.087031 -0.091927 -0.096640 -0.100957 -0.104780 -0.108043 -0.110713 -0.112849 -0.114463 -0.115718 -0.116484 -0.116385 -0.107188 -0.111168 0.000000 0.000000 0.000000 0.000000 0.000000
-0.019376 -0.094225 -0.108088 -0.108556 -0.106153 -0.102540 -0.102767 -0.097206 -0.095735 -0.090917 -0.087434 -0.083422 -0.079374 -0.075154 -0.071034 -0.067091 -0.063466 -0.060257 -0.057546 -0.055404 -0.053869 -0.052985 -0.052758 -0.053191 -0.054283 -0.055985 -0.058296 -0.061112 -0.064404 -0.068051 -0.071937 -0.075971 -0.079959 -0.083820 -0.087393 -0.090598 -0.093379 -0.095707 -0.097588 -0.099079 -0.100162 -0.101039 -0.100421 -0.096302 -0.094924 0.000000 0.000000 0.000000 0.000000 0.000000
-0.020942 -0.131632 -0.086172 -0.092324 -0.089314 -0.088340 -0.085366 -0.083257 -0.080101 -0.077122 -0.074443 -0.071237 -0.068085 -0.064733 -0.061429 -0.058266 -0.055328 -0.052725 -0.050511 -0.048765 -0.047499 -0.046771 -0.046579 -0.046924 -0.047820 -0.049188 -0.051070 -0.053336 -0.056007 -0.058958 -0.062088 -0.065330 -0.068578 -0.071677 -0.074617 -0.077229 -0.079568 -0.081544 -0.083194 -0.084507 -0.085510 -0.086315 -0.085694 -0.088364 -0.089092 0.000000 0.000000 0.000000 0.000000 0.000000
-0.046190 -0.059889 -0.074388 -0.075669 -0.077415 -0.071796 -0.074238 -0.068527 -0.068042 -0.063612 -0.061331 -0.058780 -0.056230 -0.053584 -0.050922 -0.048450 -0.046126 -0.044082 -0.042329 -0.040949 -0.039938 -0.039372 -0.039218 -0.039496 -0.040215 -0.041279 -0.042815 -0.044542 -0.046675 -0.048963 -0.051381 -0.053985 -0.056475 -0.058984 -0.061316 -0.063466 -0.065364 -0.067019 -0.068345 -0.069474 -0.070285 -0.070972 -0.070608 -0.070601 -0.067819 0.000000 0.000000 0.000000 0.000000 0.000000
-0.007669 -0.040675 -0.053852 -0.056641 -0.060619 -0.056215 -0.057047 -0.055721 -0.054112 -0.052297 -0.049975 -0.047749 -0.045797 -0.043760 -0.041687 -0.039799 -0.037977 -0.036374 -0.034995 -0.033946 -0.033122 -0.032666 -0.032543 -0.032731 -0.033331 -0.034082 -0.035261 -0.036529 -0.038206 -0.040036 -0.041870 -0.043779 -0.045894 -0.047612 -0.049559 -0.050977 -0.052544 -0.053812 -0.054983 -0.055799 -0.056607 -0.057127 -0.057064 -0.056672 -0.060181 0.000000 0.000000 0.000000 0.000000 0.000000
-0.013194 -0.020786 -0.055687 -0.030372 -0.047536 -0.037837 -0.044077 -0.039068 -0.039760 -0.037138 -0.036292 -0.034633 -0.033191 -0.031795 -0.030088 -0.028863 -0.027598 -0.026503 -0.025528 -0.024746 -0.024132 -0.023879 -0.023778 -0.023948 -0.024360 -0.024823 -0.025931 -0.026543 -0.027914 -0.029054 -0.030027 -0.031867 -0.032780 -0.034436 -0.035656 -0.037089 -0.038183 -0.039323 -0.039916 -0.040755 -0.041243 -0.041710 -0.041186 -0.046687 -0.040586 0.000000 0.000000 0.000000 0.000000 0.000000
-0.001536 -0.007027 -0.044062 -0.050498 -0.057570 -0.039738 -0.045063 -0.038822 -0.039247 -0.036548 -0.035458 -0.033732 -0.032396 -0.030963 -0.029447 -0.028208 -0.026945 -0.025858 -0.024899 -0.024208 -0.023586 -0.023307 -0.023227 -0.023378 -0.023827 -0.024316 -0.025161 -0.025963 -0.027116 -0.028314 -0.029553 -0.030919 -0.032265 -0.033537 -0.034832 -0.035960 -0.037040 -0.038032 -0.038821 -0.039600 -0.040201 -0.040957 -0.041828 -0.029399 -0.025024 0.000000 0.000000 0.000000 0.000000 0.000000
-0.024420 -0.035675 -0.029513 0.028847 -0.033408 -0.026625 -0.017308 -0.025339 0.000603 -0.006002 -0.023993 -0.023106 -0.023735 0.002398 0.003248 0.003583 0.003863 -0.000951 0.004331 0.004401 0.004785 0.000341 0.004243 0.000287 0.003103 0.002677 0.003826 0.001006 0.002172 0.002040 -0.001614 0.000023 -0.004899 -0.022905 -0.004979 -0.008444 -0.023740 -0.023199 -0.021898 -0.021391 -0.013671 -0.021091 -0.019324 -0.015225 -0.016506 0.000000 0.000000 0.000000 0.000000 0.000000
0.052574 -0.007016 -0.014753 0.004411 -0.013260 -0.041050 -0.021075 -0.027458 -0.025894 -0.013164 0.018746 -0.017443 -0.011449 -0.016552 -0.011521 -0.011102 -0.010642 -0.010210 -0.017414 0.000511 -0.005091 -0.002586 -0.006642 0.003695 -0.017143 0.003788 -0.002309 -0.004087 -0.002048 -0.002856 -0.001733 -0.002797 -0.003245 -0.003085 0.008304 -0.007795 0.008145 -0.003543 -0.004543 -0.009156 0.000793 -0.003443 -0.003268 -0.000000 -0.000151 0.000000 0.000000 0.000000 0.000000 0.000000
