0.541596 0.481590 0.483877 0.479847 0.520694 0.506386 0.511502 0.443653 0.430555 0.414347 0.428759 0.382577 0.384582 0.357201 0.413662 0.392354 0.362304 0.313198 0.285446 0.328966 0.301048 0.242857 0.237498 0.193299 0.193658 0.174658 0.152403 0.144909 0.116266 0.116154 0.099937 0.098875 0.077929 0.075858 0.058019 0.049394 0.044359 0.032655 0.045828 0.025391 0.021033 0.014133 0.008582 0.005093 0.001352 0.000000 0.000000 0.000000 0.000000 0.000000
0.517969 0.502774 0.485471 0.509380 0.493952 0.502045 0.481498 0.470569 0.457270 0.442681 0.399135 0.418373 0.404867 0.383494 0.345169 0.330300 0.336940 0.319801 0.301806 0.267485 0.268922 0.250122 0.218748 0.202644 0.194340 0.185673 0.182126 0.152928 0.137813 0.123264 0.109470 0.097018 0.084209 0.081680 0.062013 0.053367 0.051099 0.042548 0.035135 0.030705 0.024313 0.016378 0.010611 0.005322 0.000842 0.000000 0.000000 0.000000 0.000000 0.000000
0.460352 0.454053 0.498456 0.475379 0.490967 0.468999 0.473312 0.452303 0.444473 0.430807 0.420907 0.407756 0.395711 0.381987 0.367829 0.352605 0.336744 0.320344 0.303303 0.285935 0.268392 0.250510 0.232812 0.215185 0.197748 0.180829 0.164434 0.148388 0.133908 0.119291 0.105233 0.092413 0.080500 0.069577 0.059537 0.050440 0.042236 0.034790 0.028098 0.022023 0.016495 0.011456 0.006554 0.005278 0.001196 0.000000 0.000000 0.000000 0.000000 0.000000
0.504742 0.512013 0.449090 0.450435 0.461485 0.451198 0.452760 0.446044 0.439985 0.429266 0.419888 0.411664 0.399309 0.385214 0.370684 0.355147 0.336545 0.320195 0.303133 0.285680 0.268180 0.250350 0.232556 0.214920 0.197530 0.180545 0.162372 0.148123 0.131512 0.116470 0.104804 0.092073 0.080221 0.069283 0.059272 0.050204 0.042002 0.034547 0.027892 0.021823 0.016454 0.011443 0.007516 0.002239 0.000907 0.000000 0.000000 0.000000 0.000000 0.000000
0.516049 0.548236 0.491634 0.464699 0.501068 0.457662 0.473083 0.442624 0.443765 0.432116 0.423922 0.411189 0.399030 0.385022 0.370553 0.355028 0.338731 0.321910 0.304462 0.286656 0.268592 0.250239 0.232077 0.214006 0.196128 0.178807 0.159728 0.145673 0.128139 0.113001 0.101762 0.088899 0.077024 0.066147 0.056231 0.047291 0.039277 0.032100 0.025718 0.020024 0.014943 0.010369 0.006091 0.004092 -0.001413 0.000000 0.000000 0.000000 0.000000 0.000000
0.508340 0.541253 0.486475 0.453116 0.470226 0.450902 0.450848 0.449065 0.446387 0.435552 0.427026 0.414615 0.402533 0.388489 0.373814 0.357993 0.341364 0.324045 0.306113 0.287740 0.269110 0.250302 0.231528 0.212912 0.194592 0.176722 0.159594 0.142787 0.123819 0.108287 0.098021 0.085026 0.073079 0.062191 0.052366 0.043575 0.035780 0.028894 0.022875 0.017588 0.013018 0.008921 0.005586 -0.001646 -0.001920 0.000000 0.000000 0.000000 0.000000 0.000000
0.515485 0.558543 0.470288 0.460038 0.502658 0.456615 0.480978 0.452959 0.454646 0.441261 0.433227 0.420110 0.407850 0.393390 0.378298 0.361972 0.344796 0.326836 0.308234 0.289161 0.269789 0.250245 0.230755 0.211441 0.192450 0.173961 0.156249 0.138944 0.118490 0.102741 0.093121 0.079954 0.067938 0.057081 0.047381 0.038809 0.031321 0.024829 0.019283 0.014521 0.010558 0.007045 0.004274 -0.002683 0.000130 0.000000 0.000000 0.000000 0.000000 0.000000
0.502135 0.552432 0.467628 0.462950 0.496803 0.459247 0.471485 0.459467 0.459742 0.447027 0.439034 0.426108 0.413795 0.399107 0.383623 0.366759 0.348939 0.330223 0.310811 0.290878 0.270621 0.250210 0.229841 0.209682 0.189897 0.170645 0.152072 0.134327 0.118010 0.102329 0.087210 0.073832 0.061719 0.050886 0.041328 0.033015 0.025877 0.019863 0.014829 0.010762 0.007449 0.004797 0.003127 -0.003867 -0.001253 0.000000 0.000000 0.000000 0.000000 0.000000
0.500116 0.546441 0.471133 0.465423 0.513707 0.464652 0.493972 0.467283 0.470291 0.454682 0.447633 0.434049 0.421520 0.406323 0.390252 0.372654 0.353994 0.334336 0.313917 0.292934 0.271603 0.250122 0.228703 0.207529 0.186777 0.166621 0.147220 0.128733 0.112002 0.095825 0.080054 0.066420 0.054195 0.043397 0.034022 0.026023 0.019339 0.013870 0.009540 0.006163 0.003813 0.001944 0.001304 0.006272 -0.001777 0.000000 0.000000 0.000000 0.000000 0.000000
0.499575 0.547186 0.472682 0.465270 0.517949 0.470170 0.494655 0.473356 0.475580 0.463122 0.456188 0.442952 0.430334 0.414755 0.398064 0.379634 0.359979 0.339201 0.317578 0.295341 0.272737 0.249994 0.227335 0.204965 0.183078 0.161859 0.141481 0.122119 0.104476 0.087747 0.071580 0.057638 0.045279 0.034530 0.025372 0.017770 0.011590 0.006827 0.003138 0.000834 -0.000914 -0.001221 -0.001160 -0.007991 -0.002011 0.000000 0.000000 0.000000 0.000000 0.000000
0.494847 0.543107 0.478693 0.468468 0.528108 0.477124 0.508943 0.482578 0.489303 0.473944 0.467777 0.454054 0.441162 0.424955 0.407435 0.387950 0.367067 0.344926 0.321855 0.298124 0.274016 0.249786 0.225679 0.201918 0.178709 0.156252 0.134733 0.114342 0.095582 0.078153 0.061597 0.047288 0.034778 0.024089 0.015207 0.008039 0.002488 -0.001555 -0.004286 -0.005752 -0.006233 -0.005469 -0.004288 -0.009631 -0.002167 0.000000 0.000000 0.000000 0.000000 0.000000
0.492653 0.551207 0.484463 0.473641 0.535596 0.485424 0.517134 0.492200 0.498986 0.485735 0.480247 0.466791 0.453734 0.436923 0.418454 0.397718 0.375359 0.351585 0.326788 0.301294 0.275424 0.249468 0.223689 0.198326 0.173597 0.149653 0.126872 0.105282 0.085361 0.067002 0.049936 0.035197 0.022510 0.011885 0.003308 -0.003280 -0.008092 -0.011146 -0.012973 -0.013046 -0.012838 -0.010018 -0.008964 -0.010076 -0.000084 0.000639 -0.004940 -0.004845 -0.002274 -0.000453
0.414698 0.545377 0.469266 0.547753 0.489168 0.529877 0.503962 0.504003 0.515255 0.501403 0.496404 0.482905 0.469253 0.451612 0.431486 0.409195 0.385028 0.359279 0.332424 0.304850 0.276930 0.248983 0.221292 0.194105 0.167647 0.142058 0.117772 0.094791 0.073492 0.054044 0.036374 0.021091 0.008133 -0.002400 -0.010552 -0.016461 -0.020347 -0.022380 -0.023015 -0.022066 -0.020651 -0.017079 -0.015646 -0.009731 -0.007304 -0.005327 -0.007070 -0.005520 -0.003058 -0.000490
0.497818 0.545525 0.498164 0.487287 0.548195 0.504619 0.539987 0.517996 0.529761 0.517128 0.513506 0.500256 0.486555 0.467978 0.446823 0.422619 0.396238 0.368101 0.338790 0.308776 0.278483 0.248261 0.218406 0.189165 0.160759 0.133342 0.107304 0.082715 0.059862 0.039062 0.020576 0.004601 -0.008606 -0.018991 -0.026584 -0.031599 -0.034317 -0.035012 -0.034161 -0.031824 -0.028668 -0.024554 -0.019911 -0.015980 -0.013026 -0.010717 -0.008129 -0.007960 -0.004001 0.000070
0.495073 0.545180 0.507839 0.495905 0.555406 0.516644 0.553659 0.534350 0.548167 0.537185 0.534724 0.521853 0.507726 0.487931 0.464886 0.438277 0.409153 0.378110 0.345871 0.313000 0.279982 0.247191 0.214918 0.183399 0.152829 0.123297 0.095346 0.068901 0.044235 0.021792 0.002214 -0.014558 -0.028103 -0.038313 -0.045198 -0.049114 -0.050383 -0.049452 -0.046901 -0.042946 -0.038409 -0.032974 -0.027971 -0.022408 -0.016890 -0.013430 -0.009633 -0.009564 -0.004763 -0.001146
0.510332 0.553380 0.515030 0.503155 0.564893 0.529591 0.569433 0.553138 0.569554 0.560741 0.559814 0.547590 0.532973 0.511662 0.486203 0.456543 0.423989 0.389387 0.353642 0.317435 0.281308 0.245643 0.210708 0.176697 0.143759 0.111857 0.081766 0.053204 0.026333 0.001889 -0.019047 -0.036856 -0.050862 -0.060837 -0.066765 -0.069153 -0.068476 -0.065423 -0.060642 -0.054609 -0.047944 -0.040922 -0.033940 -0.027577 -0.021759 -0.016849 -0.011952 -0.011678 -0.006002 -0.001672
0.504886 0.552610 0.525830 0.513005 0.574808 0.544756 0.587445 0.574961 0.594619 0.588748 0.589872 0.578642 0.563393 0.539995 0.511344 0.477690 0.440800 0.401809 0.361881 0.321811 0.282189 0.243377 0.205582 0.168923 0.133457 0.098978 0.066552 0.035370 0.006107 -0.020949 -0.043611 -0.062879 -0.077626 -0.087336 -0.091917 -0.092304 -0.089104 -0.083354 -0.075860 -0.067265 -0.058310 -0.049225 -0.040646 -0.032601 -0.025182 -0.019161 -0.013291 -0.013025 -0.006559 -0.001866
0.523727 0.550112 0.532622 0.520262 0.586327 0.560422 0.607428 0.599449 0.623447 0.621505 0.625650 0.616096 0.600123 0.574071 0.541171 0.502293 0.459840 0.415400 0.370455 0.325918 0.282402 0.240197 0.199393 0.159979 0.121863 0.084471 0.049483 0.015351 -0.016942 -0.047142 -0.072317 -0.093615 -0.109269 -0.118444 -0.120969 -0.118597 -0.112016 -0.102798 -0.091875 -0.080155 -0.068353 -0.056909 -0.046230 -0.036653 -0.028110 -0.021054 -0.014439 -0.014126 -0.007069 -0.002266
0.499470 0.539170 0.545709 0.531085 0.598707 0.578330 0.629704 0.627606 0.657157 0.660951 0.669343 0.662528 0.645564 0.615263 0.576484 0.530359 0.480724 0.429459 0.378565 0.328965 0.281260 0.235568 0.191783 0.149695 0.108965 0.068652 0.030818 -0.006466 -0.042292 -0.076855 -0.105443 -0.129535 -0.146819 -0.155711 -0.155739 -0.149576 -0.138422 -0.124570 -0.109266 -0.093648 -0.078472 -0.064173 -0.051191 -0.039738 -0.029780 -0.021816 -0.014660 -0.014278 -0.007949 -0.002551
0.501112 0.550461 0.559615 0.538577 0.611281 0.595938 0.653180 0.657768 0.694835 0.706168 0.721531 0.719574 0.701452 0.665753 0.618579 0.562749 0.503605 0.443849 0.385878 0.330603 0.278458 0.229279 0.182655 0.138058 0.094889 0.051175 0.010679 -0.030375 -0.071020 -0.110824 -0.144772 -0.172744 -0.192737 -0.200590 -0.195418 -0.183786 -0.166272 -0.146755 -0.126265 -0.106220 -0.087236 -0.069848 -0.054367 -0.041088 -0.029962 -0.021354 -0.013959 -0.013526 -0.007201 -0.002885
0.505743 0.563337 0.563463 0.547041 0.623867 0.614490 0.678469 0.692039 0.738478 0.761764 0.787356 0.793974 0.774234 0.727888 0.668752 0.598420 0.526906 0.456330 0.390223 0.328836 0.272400 0.220176 0.171313 0.124847 0.079804 0.033144 -0.009706 -0.054756 -0.100838 -0.147699 -0.188180 -0.223109 -0.247987 -0.256503 -0.246403 -0.226442 -0.200243 -0.172580 -0.144945 -0.119065 -0.095351 -0.074236 -0.055936 -0.040505 -0.028048 -0.018981 -0.011781 -0.011403 -0.006114 -0.002605
0.468105 0.566927 0.568999 0.553806 0.634982 0.631085 0.702674 0.725171 0.784849 0.821657 0.864129 0.887614 0.866956 0.806495 0.728012 0.638080 0.549716 0.466206 0.390840 0.323246 0.262883 0.208276 0.157932 0.110425 0.063936 0.013994 -0.030586 -0.080296 -0.134190 -0.189708 -0.243337 -0.287476 -0.322308 -0.327270 -0.299780 -0.268329 -0.230023 -0.193897 -0.158988 -0.127719 -0.099487 -0.074946 -0.053802 -0.036479 -0.023380 -0.014554 -0.008240 -0.007923 -0.004888 -0.000277
0.502830 0.568436 0.570391 0.559325 0.643632 0.646109 0.724917 0.762298 0.837066 0.900017 0.968945 1.016999 0.995392 0.906737 0.799289 0.677906 0.567903 0.467819 0.382860 0.309491 0.246602 0.191257 0.141174 0.094340 0.048131 -0.003481 -0.048357 -0.101976 -0.162381 -0.229733 -0.296612 -0.360179 -0.408840 -0.419183 -0.383884 -0.330901 -0.274405 -0.222415 -0.175937 -0.136701 -0.102595 -0.073714 -0.049424 -0.029330 -0.014664 -0.006637 -0.002080 -0.001873 -0.002553 -0.001444
0.511749 0.558592 0.578721 0.564366 0.648021 0.654265 0.739764 0.785773 0.884031 0.967844 1.080510 1.187962 1.173155 1.035820 0.876920 0.713955 0.575244 0.458437 0.364389 0.287251 0.223867 0.169849 0.121986 0.077522 0.033163 -0.017399 -0.063666 -0.120989 -0.192415 -0.273616 -0.373916 -0.462616 -0.554974 -0.547656 -0.445718 -0.369023 -0.292405 -0.230935 -0.177781 -0.134801 -0.096910 -0.065283 -0.037326 -0.015084 -0.001669 0.003981 0.005373 0.005394 -0.000148 0.000928
0.501942 0.542951 0.565991 0.564073 0.645662 0.655908 0.741798 0.809307 0.922573 1.065428 1.274022 1.434114 1.421392 1.222466 0.975766 0.738503 0.563508 0.427082 0.327959 0.250407 0.190029 0.140592 0.098155 0.059066 0.020247 -0.026652 -0.069247 -0.127011 -0.203066 -0.295477 -0.426858 -0.574119 -0.695266 -0.721225 -0.618350 -0.459819 -0.340193 -0.252736 -0.183865 -0.133937 -0.090933 -0.055622 -0.025415 0.002353 0.020905 0.021890 0.017924 0.017323 0.011368 0.002393
0.517737 0.559450 0.557986 0.557339 0.634817 0.640086 0.727022 0.784589 0.927482 1.066766 1.390806 1.776776 1.807615 1.379415 0.990563 0.687598 0.490982 0.351936 0.260063 0.193288 0.143849 0.103918 0.070509 0.040069 0.009608 -0.021826 -0.063744 -0.115757 -0.196221 -0.304294 -0.494951 -0.716063 -1.030766 -0.878589 -0.609586 -0.426723 -0.306083 -0.224788 -0.159146 -0.113496 -0.070752 -0.035381 0.004031 0.037406 0.047524 0.039836 0.028508 0.029176 0.011924 0.001137
0.496825 0.550333 0.542518 0.543752 0.608848 0.611479 0.674130 0.755410 0.832578 1.163183 1.596534 3.010802 2.747112 1.540703 0.811272 0.494977 0.292426 0.185643 0.150065 0.111275 0.084411 0.062127 0.045906 0.028662 0.031491 -0.026496 -0.052148 -0.061046 -0.122879 -0.227981 -0.500450 -1.078117 -2.030590 -1.747399 -0.637194 -0.426144 -0.277668 -0.202676 -0.133290 -0.094141 -0.053681 -0.017967 0.015857 0.058146 0.088945 0.105967 0.065511 0.029128 0.012609 0.000857
0.507942 0.520560 0.525084 0.525922 0.583683 0.566497 0.612749 0.636051 0.686831 1.008045 1.708539 3.142468 4.071381 1.787426 0.900214 0.305287 0.152953 0.135555 0.083504 0.038066 0.025998 0.026521 0.010175 0.010248 0.004923 -0.004040 -0.013131 -0.016046 -0.051661 -0.111727 -0.144506 -1.020938 -2.017555 -1.319289 -1.346960 -0.109322 -0.147289 -0.121403 -0.077601 -0.057444 -0.030079 -0.004112 0.019386 -0.001256 0.276200 0.088282 0.071856 0.027900 0.015377 0.008823
0.510140 0.522016 0.506603 0.508515 0.541437 0.532485 0.518112 0.507430 0.419118 0.017385 -0.689464 -0.458618 -0.100845 0.002509 0.051399 0.102298 0.108969 0.155192 0.159063 0.182073 0.202740 0.240737 0.227591 0.269154 0.284231 0.300848 0.311671 0.337436 0.355677 0.415731 0.471479 0.538265 0.824180 1.191267 0.485405 0.280258 0.026156 -0.031248 -0.016700 -0.022944 -0.007884 -0.002081 0.016231 -0.033650 -0.000193 0.000000 0.000000 0.000000 0.000000 0.000000
0.508920 0.515208 0.488423 0.484768 0.517178 0.477560 0.489895 0.447899 0.383794 0.273350 0.050673 -0.082166 0.003427 0.035354 0.087974 0.118529 0.148949 0.170716 0.190065 0.206093 0.221062 0.234799 0.248104 0.261409 0.275549 0.293990 0.308586 0.328155 0.354397 0.380528 0.426737 0.459598 0.530536 0.494615 0.276637 0.163971 0.084071 0.038479 0.021906 0.009920 0.008595 0.008526 0.008683 -0.021776 -0.007145 0.000000 0.000000 0.000000 0.000000 0.000000
0.514028 0.516079 0.472765 0.477463 0.497913 0.475852 0.440649 0.412670 0.339582 0.279542 0.169469 0.074338 0.080172 0.093628 0.120473 0.141034 0.163531 0.181108 0.197577 0.211878 0.225272 0.237845 0.250089 0.262213 0.274927 0.289203 0.303690 0.320838 0.340817 0.363189 0.386422 0.407158 0.424177 0.381793 0.267111 0.181288 0.120440 0.073648 0.052676 0.032793 0.025962 0.017336 0.015980 -0.019784 -0.006992 0.000000 0.000000 0.000000 0.000000 0.000000
0.508787 0.511263 0.460132 0.463619 0.476951 0.448861 0.427663 0.381259 0.342782 0.274657 0.196092 0.142660 0.141763 0.138091 0.154298 0.164955 0.180592 0.193102 0.206004 0.217459 0.228607 0.239186 0.249609 0.260002 0.270778 0.282518 0.294080 0.306126 0.320563 0.331668 0.347082 0.349183 0.351221 0.321674 0.248006 0.190027 0.136812 0.098049 0.071147 0.050145 0.036179 0.024299 0.014922 -0.017837 -0.016916 0.000000 0.000000 0.000000 0.000000 0.000000
0.508259 0.510351 0.450052 0.459660 0.469729 0.450234 0.412012 0.381160 0.331757 0.287979 0.240943 0.200296 0.187036 0.178297 0.183017 0.187532 0.196818 0.205169 0.214552 0.223336 0.232130 0.240668 0.249153 0.257592 0.266185 0.275320 0.283885 0.292713 0.301555 0.308666 0.313705 0.312006 0.302931 0.275789 0.227969 0.184315 0.143395 0.109002 0.083379 0.061109 0.045217 0.029354 0.018394 -0.015657 -0.016098 0.000000 0.000000 0.000000 0.000000 0.000000
0.509581 0.511058 0.444653 0.453161 0.462281 0.421939 0.405069 0.365453 0.337474 0.298136 0.261582 0.231392 0.218062 0.207274 0.207291 0.207631 0.212466 0.217257 0.223422 0.229538 0.235943 0.242305 0.248704 0.255055 0.261418 0.267960 0.273716 0.278918 0.283892 0.285764 0.286521 0.279936 0.268626 0.246804 0.211689 0.178443 0.144342 0.115022 0.090086 0.068408 0.050666 0.034222 0.020530 -0.013737 -0.008097 0.000000 0.000000 0.000000 0.000000 0.000000
0.501915 0.503955 0.440556 0.449730 0.459726 0.420941 0.400917 0.368249 0.341518 0.309789 0.283800 0.258738 0.244195 0.232338 0.228080 0.225372 0.226475 0.228347 0.231696 0.235411 0.239588 0.243888 0.248274 0.252607 0.256836 0.261031 0.264284 0.266873 0.268464 0.267715 0.264517 0.256621 0.243751 0.224178 0.197411 0.170053 0.142157 0.116340 0.093412 0.072386 0.054373 0.036917 0.022168 -0.012741 -0.004022 0.000000 0.000000 0.000000 0.000000 0.000000
0.509053 0.504746 0.439955 0.442564 0.457025 0.407394 0.400935 0.365666 0.347563 0.319560 0.298202 0.276767 0.262975 0.251086 0.244913 0.240301 0.238843 0.238406 0.239397 0.240963 0.243077 0.245423 0.247889 0.250297 0.252534 0.254619 0.255665 0.255886 0.255036 0.251863 0.246674 0.237498 0.224767 0.207586 0.185498 0.162570 0.138574 0.115727 0.094408 0.074291 0.056490 0.038287 0.024748 -0.010915 -0.000726 0.000000 0.000000 0.000000 0.000000 0.000000
0.509458 0.507265 0.437634 0.440105 0.454136 0.407138 0.401689 0.368257 0.353976 0.328661 0.311187 0.292081 0.278743 0.266798 0.259108 0.253035 0.249548 0.247236 0.246251 0.245959 0.246245 0.246823 0.247540 0.248204 0.248655 0.248897 0.248074 0.246457 0.243661 0.238958 0.232236 0.222608 0.210001 0.194236 0.175316 0.155228 0.134280 0.113655 0.093899 0.074771 0.057177 0.039337 0.024345 0.031460 0.004823 0.000000 0.000000 0.000000 0.000000 0.000000
0.506527 0.512583 0.436542 0.440746 0.457269 0.407550 0.404707 0.371885 0.360092 0.336505 0.321222 0.303686 0.290966 0.279181 0.270693 0.263650 0.258709 0.254915 0.252310 0.250421 0.249103 0.248101 0.247242 0.246332 0.245203 0.243848 0.241437 0.238280 0.234007 0.228076 0.220434 0.210458 0.198211 0.183621 0.166728 0.148746 0.129909 0.111031 0.092563 0.074342 0.057234 0.039693 0.024759 0.031393 0.005424 0.000000 0.000000 0.000000 0.000000 0.000000
0.516476 0.508183 0.435429 0.436266 0.450674 0.402095 0.405841 0.374362 0.365216 0.343207 0.329703 0.313343 0.301097 0.289422 0.280357 0.272551 0.266482 0.261491 0.257553 0.254313 0.251614 0.249248 0.247229 0.244926 0.242399 0.239424 0.235838 0.231368 0.225874 0.219107 0.210793 0.200652 0.188675 0.174908 0.159401 0.142941 0.125654 0.108121 0.090735 0.073346 0.056658 0.039585 0.024187 0.007123 -0.005507 0.000000 0.000000 0.000000 0.000000 0.000000
0.416260 0.512763 0.434463 0.442906 0.454185 0.411711 0.410301 0.379515 0.370539 0.349429 0.336825 0.321222 0.309330 0.297751 0.288324 0.279961 0.273038 0.267087 0.262057 0.257679 0.253798 0.250219 0.246774 0.243291 0.239606 0.235737 0.230893 0.225485 0.219152 0.211642 0.202861 0.192602 0.180872 0.167705 0.153218 0.137803 0.121713 0.105228 0.088729 0.072049 0.055873 0.039207 0.024125 0.028225 0.020660 0.000000 0.000000 0.000000 0.000000 0.000000
0.412685 0.516518 0.433158 0.439497 0.452545 0.406331 0.409770 0.381443 0.374013 0.354289 0.342555 0.327658 0.316078 0.304594 0.294909 0.286115 0.278531 0.271803 0.265880 0.260551 0.255672 0.251073 0.246601 0.242096 0.237405 0.232356 0.226803 0.220570 0.213518 0.205473 0.196342 0.186002 0.174455 0.161737 0.147959 0.133350 0.118135 0.102471 0.086704 0.070657 0.054984 0.038857 0.024174 0.028201 0.021019 0.000000 0.000000 0.000000 0.000000 0.000000
0.508720 0.515305 0.435322 0.447444 0.461954 0.415350 0.416818 0.386206 0.378848 0.359232 0.347710 0.333151 0.321706 0.310249 0.300354 0.291210 0.283102 0.275745 0.269093 0.262973 0.257258 0.251799 0.246458 0.241089 0.235552 0.229693 0.223384 0.216478 0.208854 0.200384 0.190986 0.180582 0.169176 0.156792 0.143529 0.129524 0.114968 0.099940 0.084751 0.069183 0.053882 0.037838 0.023348 0.023015 0.007061 0.000000 0.000000 0.000000 0.000000 0.000000
0.510952 0.523573 0.435924 0.438404 0.454874 0.409508 0.411322 0.387232 0.379078 0.362327 0.351183 0.337344 0.326120 0.314784 0.304774 0.295380 0.286872 0.279014 0.271771 0.265002 0.258595 0.252416 0.246350 0.240254 0.234014 0.227483 0.220553 0.213099 0.205011 0.196205 0.186599 0.176137 0.164835 0.152697 0.139812 0.126260 0.112203 0.097672 0.082967 0.067807 0.052982 0.037075 0.023586 0.022686 0.015554 0.000000 0.000000 0.000000 0.000000 0.000000
0.514277 0.523383 0.439024 0.440032 0.461589 0.415101 0.419963 0.391249 0.384859 0.365954 0.355152 0.341220 0.329982 0.318600 0.308428 0.298790 0.289948 0.281678 0.273957 0.266658 0.259685 0.252916 0.246257 0.239565 0.232755 0.225672 0.218247 0.210358 0.201901 0.192837 0.183053 0.172546 0.161314 0.149347 0.136742 0.123534 0.109860 0.095739 0.081394 0.066634 0.051949 0.036673 0.022199 -0.001191 0.003660 0.000000 0.000000 0.000000 0.000000 0.000000
0.531399 0.523794 0.444940 0.433563 0.449513 0.410225 0.409124 0.390645 0.381323 0.367724 0.356616 0.343707 0.332636 0.321456 0.311258 0.301498 0.292429 0.283847 0.275745 0.268025 0.260600 0.253345 0.246203 0.239016 0.231746 0.224223 0.216390 0.208145 0.199371 0.190106 0.180208 0.169630 0.158472 0.146643 0.134247 0.121301 0.107886 0.094052 0.080023 0.065525 0.051220 0.036177 0.022562 0.020748 0.012603 0.000000 0.000000 0.000000 0.000000 0.000000
0.522121 0.511133 0.447737 0.442546 0.464173 0.420619 0.421361 0.395288 0.387900 0.369563 0.359469 0.346324 0.335195 0.323927 0.313580 0.303604 0.294334 0.285492 0.277106 0.269064 0.261274 0.253647 0.246140 0.238570 0.230968 0.223062 0.214968 0.206477 0.197458 0.188111 0.178011 0.167431 0.156296 0.144489 0.132245 0.119475 0.106302 0.092763 0.078961 0.064723 0.050514 0.035790 0.021649 0.018212 0.001438 0.000000 0.000000 0.000000 0.000000 0.000000
0.522407 0.493399 0.423609 0.424743 0.442564 0.411349 0.406161 0.393272 0.383329 0.371110 0.359840 0.347689 0.336585 0.325542 0.315198 0.305190 0.295840 0.286815 0.278160 0.269887 0.261868 0.253914 0.246126 0.238208 0.230372 0.222265 0.213908 0.205158 0.195823 0.186405 0.176431 0.165571 0.154606 0.142949 0.130855 0.118293 0.105031 0.091608 0.078032 0.063936 0.049995 0.035351 0.023360 0.020060 0.000514 0.000000 0.000000 0.000000 0.000000 0.000000
0.464511 0.445482 0.463340 0.452208 0.451692 0.422157 0.422098 0.397257 0.388220 0.372310 0.360951 0.348255 0.337152 0.326030 0.315700 0.305610 0.296218 0.287169 0.278523 0.270216 0.262140 0.254171 0.246354 0.238427 0.230533 0.222304 0.213954 0.205243 0.195944 0.186531 0.176379 0.165665 0.154612 0.142867 0.130730 0.118125 0.105057 0.091676 0.078034 0.064007 0.049832 0.035548 0.020510 0.013694 0.001451 0.000000 0.000000 0.000000 0.000000 0.000000
0.518465 0.492029 0.466460 0.482046 0.419546 0.457108 0.433099 0.422471 0.406338 0.362490 0.374907 0.362989 0.349575 0.335864 0.324247 0.312991 0.301761 0.273226 0.281181 0.271417 0.262865 0.237861 0.244034 0.220918 0.225920 0.216570 0.199956 0.197089 0.183673 0.170007 0.167201 0.149269 0.147340 0.144023 0.121294 0.112800 0.107833 0.095890 0.083874 0.068599 0.057895 0.042624 0.028278 0.014639 0.002707 0.000000 0.000000 0.000000 0.000000 0.000000
0.509868 0.507263 0.456343 0.417987 0.455401 0.400809 0.422131 0.433524 0.416804 0.362834 0.412618 0.350403 0.337470 0.326053 0.321416 0.310918 0.298928 0.288632 0.297285 0.295760 0.239232 0.255653 0.243572 0.217329 0.261329 0.197499 0.212485 0.192358 0.147163 0.183929 0.130227 0.162056 0.150771 0.126153 0.123670 0.112543 0.100605 0.078315 0.074720 0.061434 0.042525 0.031456 0.026592 0.013502 0.002369 0.000000 0.000000 0.000000 0.000000 0.000000
