-0.603678 -0.583706 -0.595145 -0.644554 -0.647039 -0.678733 -0.728815 -0.748985 -0.746694 -0.787593 -0.862460 -0.875258 -0.907931 -0.977502 -1.000154 -1.030268 -1.061831 -1.085589 -1.101605 -1.180726 -1.147107 -1.169948 -1.151286 -1.162195 -1.191932 -1.148593 -1.218293 -1.263121 0.000000 0.000000 0.000000 0.000000 0.000000 0.000000 0.000000 0.000000 0.000000 0.000000 0.000000 0.000000 0.000000 0.000000 0.000000 0.000000 0.000000 0.000000 0.000000 0.000000 0.000000 0.000000
-0.623649 -0.610954 -0.593074 -0.592945 -0.636698 -0.664058 -0.744979 -0.781026 -0.789199 -0.804407 -0.843928 -0.939204 -0.920819 -0.922586 -0.955980 -0.989708 -1.020905 -1.049508 -1.074570 -1.099016 -1.116237 -1.130211 -1.143524 -1.146956 -1.162025 -1.126543 -1.205681 -1.244938 0.000000 0.000000 0.000000 0.000000 0.000000 0.000000 0.000000 0.000000 0.000000 0.000000 0.000000 0.000000 0.000000 0.000000 0.000000 0.000000 0.000000 0.000000 0.000000 0.000000 0.000000 0.000000
-0.628146 -0.599616 -0.586019 -0.603340 -0.609339 -0.630714 -0.660370 -0.691491 -0.727636 -0.766041 -0.805928 -0.847194 -0.886786 -0.926029 -0.962217 -0.996492 -1.026966 -1.055024 -1.077234 -1.101405 -1.120285 -1.136876 -1.149091 -1.165072 -1.166757 -1.192078 -1.213396 -1.268732 0.000000 0.000000 0.000000 0.000000 0.000000 0.000000 0.000000 0.000000 0.000000 0.000000 0.000000 0.000000 0.000000 0.000000 0.000000 0.000000 0.000000 0.000000 0.000000 0.000000 0.000000 0.000000
-0.522683 -0.598791 -0.564398 -0.570496 -0.593212 -0.611092 -0.643115 -0.670838 -0.708630 -0.748267 -0.788057 -0.830871 -0.871458 -0.911155 -0.949102 -0.982793 -1.015812 -1.042809 -1.089639 -1.091727 -1.105141 -1.127034 -1.132359 -1.151971 -1.149540 -1.159270 -1.201216 -1.221275 0.000000 0.000000 0.000000 0.000000 0.000000 0.000000 0.000000 0.000000 0.000000 0.000000 0.000000 0.000000 0.000000 0.000000 0.000000 0.000000 0.000000 0.000000 0.000000 0.000000 0.000000 0.000000
-0.553391 -0.562314 -0.571914 -0.566349 -0.598069 -0.614122 -0.650719 -0.679646 -0.721771 -0.762942 -0.807723 -0.853085 -0.896881 -0.939837 -0.978602 -1.014974 -1.047012 -1.078318 -1.103062 -1.125028 -1.138503 -1.158181 -1.165017 -1.180856 -1.178339 -1.185619 -1.262491 -1.218817 0.000000 0.000000 0.000000 0.000000 0.000000 0.000000 0.000000 0.000000 0.000000 0.000000 0.000000 0.000000 0.000000 0.000000 0.000000 0.000000 0.000000 0.000000 0.000000 0.000000 0.000000 0.000000
-0.499612 -0.538544 -0.540988 -0.538224 -0.558169 -0.583620 -0.617734 -0.652498 -0.695682 -0.741286 -0.791047 -0.840993 -0.890493 -0.936094 -0.978810 -1.016534 -1.049891 -1.084130 -1.124616 -1.130242 -1.138557 -1.162328 -1.164483 -1.183878 -1.182127 -1.186435 -1.200663 -1.264502 0.000000 0.000000 0.000000 0.000000 0.000000 0.000000 0.000000 0.000000 0.000000 0.000000 0.000000 0.000000 0.000000 0.000000 0.000000 0.000000 0.000000 0.000000 0.000000 0.000000 0.000000 0.000000
-0.492416 -0.458014 -0.515094 -0.513627 -0.536847 -0.563986 -0.601063 -0.639835 -0.686577 -0.738450 -0.792922 -0.852600 -0.905394 -0.958431 -1.001403 -1.042103 -1.074841 -1.104662 -1.146837 -1.149903 -1.167509 -1.181556 -1.191193 -1.202111 -1.204393 -1.204415 -1.214077 -1.321155 0.000000 0.000000 0.000000 0.000000 0.000000 0.000000 0.000000 0.000000 0.000000 0.000000 0.000000 0.000000 0.000000 0.000000 0.000000 0.000000 0.000000 0.000000 0.000000 0.000000 0.000000 0.000000
-0.433223 -0.458843 -0.476208 -0.476753 -0.500517 -0.527986 -0.565455 -0.608578 -0.660088 -0.719441 -0.781802 -0.852411 -0.913396 -0.971839 -1.019480 -1.061727 -1.095217 -1.124900 -1.147209 -1.168419 -1.181979 -1.197760 -1.203730 -1.216367 -1.216837 -1.216866 -1.226755 -1.343191 0.000000 0.000000 0.000000 0.000000 0.000000 0.000000 0.000000 0.000000 0.000000 0.000000 0.000000 0.000000 0.000000 0.000000 0.000000 0.000000 0.000000 0.000000 0.000000 0.000000 0.000000 0.000000
-0.381617 -0.406063 -0.435565 -0.436623 -0.460716 -0.490087 -0.529627 -0.577031 -0.633800 -0.703159 -0.774583 -0.863942 -0.933103 -1.000790 -1.050274 -1.094357 -1.127007 -1.154871 -1.175442 -1.194086 -1.208151 -1.219370 -1.227837 -1.235078 -1.237939 -1.236010 -1.245400 -1.377792 0.000000 0.000000 0.000000 0.000000 0.000000 0.000000 0.000000 0.000000 0.000000 0.000000 0.000000 0.000000 0.000000 0.000000 0.000000 0.000000 0.000000 0.000000 0.000000 0.000000 0.000000 0.000000
-0.346761 -0.348212 -0.384506 -0.386536 -0.410787 -0.440307 -0.480590 -0.531106 -0.593617 -0.673786 -0.759848 -0.875011 -0.958281 -1.035417 -1.087603 -1.132088 -1.162311 -1.187782 -1.205937 -1.221155 -1.231816 -1.241925 -1.247566 -1.254461 -1.256612 -1.253074 -1.262514 -1.328870 0.000000 0.000000 0.000000 0.000000 0.000000 0.000000 0.000000 0.000000 0.000000 0.000000 0.000000 0.000000 0.000000 0.000000 0.000000 0.000000 0.000000 0.000000 0.000000 0.000000 0.000000 0.000000
-0.325996 -0.287469 -0.328756 -0.330580 -0.353670 -0.382822 -0.423442 -0.475799 -0.542190 -0.634387 -0.735143 -0.896556 -0.997321 -1.087525 -1.138908 -1.181619 -1.206872 -1.228046 -1.242059 -1.253157 -1.261057 -1.267892 -1.272362 -1.276606 -1.278420 -1.274166 -1.282909 -1.352606 0.000000 0.000000 0.000000 0.000000 0.000000 0.000000 0.000000 0.000000 0.000000 0.000000 0.000000 0.000000 0.000000 0.000000 0.000000 0.000000 0.000000 0.000000 0.000000 0.000000 0.000000 0.000000
-0.243892 -0.219398 -0.263905 -0.267146 -0.287773 -0.314376 -0.351619 -0.401222 -0.468519 -0.572416 -0.703140 -0.934583 -1.061521 -1.161545 -1.206606 -1.241901 -1.258718 -1.272903 -1.281029 -1.287001 -1.290870 -1.294669 -1.296669 -1.299220 -1.299757 -1.294626 -1.302930 -1.374691 0.000000 0.000000 0.000000 0.000000 0.000000 0.000000 0.000000 0.000000 0.000000 0.000000 0.000000 0.000000 0.000000 0.000000 0.000000 0.000000 0.000000 0.000000 0.000000 0.000000 0.000000 0.000000
-0.165409 -0.145788 -0.190292 -0.207194 -0.226144 -0.228701 -0.259340 -0.305527 -0.378041 -0.479306 -0.599116 -1.065939 -1.179735 -1.274758 -1.295643 -1.315607 -1.319022 -1.323031 -1.323725 -1.323182 -1.322612 -1.322780 -1.322371 -1.322720 -1.321952 -1.328824 -1.346320 -1.559212 0.000000 0.000000 0.000000 0.000000 0.000000 0.000000 0.000000 0.000000 0.000000 0.000000 0.000000 0.000000 0.000000 0.000000 0.000000 0.000000 0.000000 0.000000 0.000000 0.000000 0.000000 0.000000
-0.089360 -0.088212 -0.050481 -0.050135 -0.095345 -0.067660 -0.116407 -0.123715 -0.110604 -0.055088 -0.254026 -1.686673 -1.703529 -1.410511 -1.411977 -1.398141 -1.384333 -1.374599 -1.367374 -1.359242 -1.354024 -1.350576 -1.347626 -1.347025 -1.343986 -1.349938 -1.344944 -1.476971 0.000000 0.000000 0.000000 0.000000 0.000000 0.000000 0.000000 0.000000 0.000000 0.000000 0.000000 0.000000 0.000000 0.000000 0.000000 0.000000 0.000000 0.000000 0.000000 0.000000 0.000000 0.000000
-0.000758 -0.019860 -0.020382 -0.021531 -0.023207 -0.024978 -0.027257 -0.027353 -0.011106 0.329487 0.536873 -3.105517 -1.872316 -1.612896 -1.543208 -1.490073 -1.450631 -1.425800 -1.409813 -1.394099 -1.384408 -1.377554 -1.372283 -1.368872 -1.365707 -1.357921 -1.438016 -1.479812 0.000000 0.000000 0.000000 0.000000 0.000000 0.000000 0.000000 0.000000 0.000000 0.000000 0.000000 0.000000 0.000000 0.000000 0.000000 0.000000 0.000000 0.000000 0.000000 0.000000 0.000000 0.000000
0.000000 0.000000 0.000000 0.000000 0.000000 0.000000 0.000000 0.000000 0.000000 0.000000 0.000000 -2.357662 -1.948321 -1.739861 -1.632614 -1.553909 -1.502841 -1.466831 -1.445488 -1.424625 -1.411820 -1.402360 -1.395279 -1.390412 -1.386279 -1.385440 -1.385355 -1.446120 0.000000 0.000000 0.000000 0.000000 0.000000 0.000000 0.000000 0.000000 0.000000 0.000000 0.000000 0.000000 0.000000 0.000000 0.000000 0.000000 0.000000 0.000000 0.000000 0.000000 0.000000 0.000000
0.000000 0.000000 0.000000 0.000000 0.000000 0.000000 0.000000 0.000000 0.000000 0.000000 0.000000 -2.077822 -1.849929 -1.727787 -1.656101 -1.580250 -1.533998 -1.495829 -1.470154 -1.449992 -1.435524 -1.424540 -1.416290 -1.410606 -1.405679 -1.404295 -1.404157 -1.470905 0.000000 0.000000 0.000000 0.000000 0.000000 0.000000 0.000000 0.000000 0.000000 0.000000 0.000000 0.000000 0.000000 0.000000 0.000000 0.000000 0.000000 0.000000 0.000000 0.000000 0.000000 0.000000
0.000000 0.000000 0.000000 0.000000 0.000000 0.000000 0.000000 0.000000 0.000000 0.000000 0.000000 -1.792702 -1.835134 -1.703628 -1.651735 -1.593423 -1.551216 -1.516373 -1.490894 -1.470554 -1.455437 -1.443805 -1.435002 -1.428862 -1.423571 -1.421915 -1.421802 -1.479333 0.000000 0.000000 0.000000 0.000000 0.000000 0.000000 0.000000 0.000000 0.000000 0.000000 0.000000 0.000000 0.000000 0.000000 0.000000 0.000000 0.000000 0.000000 0.000000 0.000000 0.000000 0.000000
0.000000 0.000000 0.000000 0.000000 0.000000 0.000000 0.000000 0.000000 0.000000 0.000000 0.000000 -1.872300 -1.778038 -1.664688 -1.636186 -1.590965 -1.557768 -1.527545 -1.504816 -1.485905 -1.471464 -1.460063 -1.451352 -1.445216 -1.439949 -1.438213 -1.438089 -1.555584 0.000000 0.000000 0.000000 0.000000 0.000000 0.000000 0.000000 0.000000 0.000000 0.000000 0.000000 0.000000 0.000000 0.000000 0.000000 0.000000 0.000000 0.000000 0.000000 0.000000 0.000000 0.000000
0.000000 0.000000 0.000000 0.000000 0.000000 0.000000 0.000000 0.000000 0.000000 0.000000 0.000000 -1.828827 -1.668388 -1.634015 -1.620234 -1.585909 -1.559586 -1.534188 -1.514462 -1.497443 -1.484251 -1.473665 -1.465490 -1.459687 -1.454833 -1.453179 -1.452972 -1.578791 0.000000 0.000000 0.000000 0.000000 0.000000 0.000000 0.000000 0.000000 0.000000 0.000000 0.000000 0.000000 0.000000 0.000000 0.000000 0.000000 0.000000 0.000000 0.000000 0.000000 0.000000 0.000000
0.000000 0.000000 0.000000 0.000000 0.000000 0.000000 0.000000 0.000000 0.000000 0.000000 0.000000 -1.636831 -1.633621 -1.608648 -1.603998 -1.577972 -1.557714 -1.536796 -1.520316 -1.505634 -1.494128 -1.484808 -1.477578 -1.472453 -1.468363 -1.466905 -1.466752 -1.578580 0.000000 0.000000 0.000000 0.000000 0.000000 0.000000 0.000000 0.000000 0.000000 0.000000 0.000000 0.000000 0.000000 0.000000 0.000000 0.000000 0.000000 0.000000 0.000000 0.000000 0.000000 0.000000
0.000000 0.000000 0.000000 0.000000 0.000000 0.000000 0.000000 0.000000 0.000000 0.000000 0.000000 -1.728967 -1.687697 -1.587462 -1.588341 -1.569044 -1.553492 -1.536870 -1.523412 -1.511242 -1.501591 -1.493832 -1.487780 -1.483689 -1.480225 -1.479537 -1.479384 -1.606345 0.000000 0.000000 0.000000 0.000000 0.000000 0.000000 0.000000 0.000000 0.000000 0.000000 0.000000 0.000000 0.000000 0.000000 0.000000 0.000000 0.000000 0.000000 0.000000 0.000000 0.000000 0.000000
0.000000 0.000000 0.000000 0.000000 0.000000 0.000000 0.000000 0.000000 0.000000 0.000000 0.000000 -1.746133 -1.670653 -1.571112 -1.575590 -1.560802 -1.548821 -1.535486 -1.524703 -1.514864 -1.507122 -1.501077 -1.496387 -1.493556 -1.490968 -1.491319 -1.491316 -1.623057 0.000000 0.000000 0.000000 0.000000 0.000000 0.000000 0.000000 0.000000 0.000000 0.000000 0.000000 0.000000 0.000000 0.000000 0.000000 0.000000 0.000000 0.000000 0.000000 0.000000 0.000000 0.000000
0.000000 0.000000 0.000000 0.000000 0.000000 0.000000 0.000000 0.000000 0.000000 0.000000 0.000000 -1.731740 -1.584624 -1.556697 -1.563933 -1.552318 -1.543162 -1.532662 -1.524271 -1.516705 -1.510910 -1.506748 -1.503643 -1.502351 -1.501107 -1.502514 -1.502623 -1.636339 0.000000 0.000000 0.000000 0.000000 0.000000 0.000000 0.000000 0.000000 0.000000 0.000000 0.000000 0.000000 0.000000 0.000000 0.000000 0.000000 0.000000 0.000000 0.000000 0.000000 0.000000 0.000000
0.000000 0.000000 0.000000 0.000000 0.000000 0.000000 0.000000 0.000000 0.000000 0.000000 0.000000 -1.683763 -1.573912 -1.545622 -1.554272 -1.544648 -1.537509 -1.529050 -1.522661 -1.517126 -1.513227 -1.511082 -1.509721 -1.510380 -1.510330 -1.513658 -1.514250 -1.629571 0.000000 0.000000 0.000000 0.000000 0.000000 0.000000 0.000000 0.000000 0.000000 0.000000 0.000000 0.000000 0.000000 0.000000 0.000000 0.000000 0.000000 0.000000 0.000000 0.000000 0.000000 0.000000
0.000000 0.000000 0.000000 0.000000 0.000000 0.000000 0.000000 0.000000 0.000000 0.000000 0.000000 -1.713084 -1.556966 -1.535332 -1.545460 -1.536928 -1.531321 -1.524374 -1.519682 -1.516015 -1.514009 -1.514085 -1.514820 -1.517734 -1.518853 -1.524894 -1.621994 -1.654691 0.000000 0.000000 0.000000 0.000000 0.000000 0.000000 0.000000 0.000000 0.000000 0.000000 0.000000 0.000000 0.000000 0.000000 0.000000 0.000000 0.000000 0.000000 0.000000 0.000000 0.000000 0.000000
0.000000 0.000000 0.000000 0.000000 0.000000 0.000000 0.000000 0.000000 0.000000 0.000000 0.000000 -1.665174 -1.559326 -1.526960 -1.537654 -1.529425 -1.524734 -1.518589 -1.515269 -1.513299 -1.513232 -1.515784 -1.518613 -1.524808 -1.527701 -1.537820 -1.640759 -1.673308 0.000000 0.000000 0.000000 0.000000 0.000000 0.000000 0.000000 0.000000 0.000000 0.000000 0.000000 0.000000 0.000000 0.000000 0.000000 0.000000 0.000000 0.000000 0.000000 0.000000 0.000000 0.000000
0.000000 0.000000 0.000000 0.000000 0.000000 0.000000 0.000000 0.000000 0.000000 0.000000 0.000000 -1.608400 -1.552820 -1.519931 -1.530727 -1.521754 -1.517397 -1.511510 -1.509177 -1.508733 -1.510687 -1.516006 -1.521399 -1.531387 -1.536589 -1.552199 -1.554488 -1.587661 0.000000 0.000000 0.000000 0.000000 0.000000 0.000000 0.000000 0.000000 0.000000 0.000000 0.000000 0.000000 0.000000 0.000000 0.000000 0.000000 0.000000 0.000000 0.000000 0.000000 0.000000 0.000000
0.000000 0.000000 0.000000 0.000000 0.000000 0.000000 0.000000 0.000000 0.000000 0.000000 0.000000 -1.658059 -1.621170 -1.513712 -1.523787 -1.512927 -1.508242 -1.502196 -1.500708 -1.501639 -1.505817 -1.514294 -1.522999 -1.537908 -1.545930 -1.572628 -1.580274 -1.709292 0.000000 0.000000 0.000000 0.000000 0.000000 0.000000 0.000000 0.000000 0.000000 0.000000 0.000000 0.000000 0.000000 0.000000 0.000000 0.000000 0.000000 0.000000 0.000000 0.000000 0.000000 0.000000
0.000000 0.000000 0.000000 0.000000 0.000000 0.000000 0.000000 0.000000 0.000000 0.000000 0.000000 -1.661797 -1.543127 -1.509658 -1.518291 -1.503990 -1.497908 -1.490532 -1.489345 -1.491362 -1.497924 -1.509918 -1.522952 -1.543820 -1.556175 -1.603400 -1.614177 -1.638875 0.000000 0.000000 0.000000 0.000000 0.000000 0.000000 0.000000 0.000000 0.000000 0.000000 0.000000 0.000000 0.000000 0.000000 0.000000 0.000000 0.000000 0.000000 0.000000 0.000000 0.000000 0.000000
0.000000 0.000000 0.000000 0.000000 0.000000 0.000000 0.000000 0.000000 0.000000 0.000000 0.000000 -1.568447 -1.537446 -1.506181 -1.511857 -1.492637 -1.484251 -1.474943 -1.473762 -1.476761 -1.486090 -1.502004 -1.521217 -1.548731 -1.570442 -1.634234 -1.640903 -1.696399 0.000000 0.000000 0.000000 0.000000 0.000000 0.000000 0.000000 0.000000 0.000000 0.000000 0.000000 0.000000 0.000000 0.000000 0.000000 0.000000 0.000000 0.000000 0.000000 0.000000 0.000000 0.000000
0.000000 0.000000 0.000000 0.000000 0.000000 0.000000 0.000000 0.000000 0.000000 0.000000 0.000000 -1.557544 -1.614675 -1.505068 -1.508490 -1.479290 -1.467192 -1.454379 -1.452750 -1.456268 -1.468389 -1.488126 -1.515360 -1.550151 -1.585081 -1.652762 -1.725775 -1.698515 0.000000 0.000000 0.000000 0.000000 0.000000 0.000000 0.000000 0.000000 0.000000 0.000000 0.000000 0.000000 0.000000 0.000000 0.000000 0.000000 0.000000 0.000000 0.000000 0.000000 0.000000 0.000000
0.000000 0.000000 0.000000 0.000000 0.000000 0.000000 0.000000 0.000000 0.000000 0.000000 0.000000 -1.551912 -1.626901 -1.505773 -1.507141 -1.463357 -1.445311 -1.427860 -1.424860 -1.428845 -1.443895 -1.467793 -1.505458 -1.549664 -1.609829 -1.658540 -1.812158 -1.802891 0.000000 0.000000 0.000000 0.000000 0.000000 0.000000 0.000000 0.000000 0.000000 0.000000 0.000000 0.000000 0.000000 0.000000 0.000000 0.000000 0.000000 0.000000 0.000000 0.000000 0.000000 0.000000
0.000000 0.000000 0.000000 0.000000 0.000000 0.000000 0.000000 0.000000 0.000000 0.000000 0.000000 -1.525790 -1.713768 -1.528557 -1.499867 -1.440168 -1.410470 -1.391109 -1.386174 -1.391017 -1.408028 -1.434876 -1.480900 -1.538418 -1.632495 -1.758770 -2.113497 -1.375508 0.000000 0.000000 0.000000 0.000000 0.000000 0.000000 0.000000 0.000000 0.000000 0.000000 0.000000 0.000000 0.000000 0.000000 0.000000 0.000000 0.000000 0.000000 0.000000 0.000000 0.000000 0.000000
0.000000 0.000000 0.000000 0.000000 0.000000 0.000000 0.000000 0.000000 0.000000 0.000000 0.000000 -1.006736 -1.788301 -1.567922 -1.465393 -1.413059 -1.362266 -1.344135 -1.336642 -1.342939 -1.360888 -1.391114 -1.441778 -1.518678 -1.635224 -1.853756 -2.506336 -1.142074 0.000000 0.000000 0.000000 0.000000 0.000000 0.000000 0.000000 0.000000 0.000000 0.000000 0.000000 0.000000 0.000000 0.000000 0.000000 0.000000 0.000000 0.000000 0.000000 0.000000 0.000000 0.000000
-0.015339 -0.006960 -0.013292 -0.016304 -0.016747 -0.011879 -0.014442 -0.020642 -0.035465 -0.166107 -0.213884 -1.551453 -1.518435 -1.362141 -1.341792 -1.317429 -1.285094 -1.275447 -1.272833 -1.280528 -1.296859 -1.322291 -1.363594 -1.420431 -1.499049 -1.555508 -1.867223 -0.562202 -0.217477 -0.039021 -0.023938 -0.016680 -0.012553 -0.009512 -0.007301 -0.005765 -0.014299 -0.013474 -0.009494 -0.009546 -0.010187 -0.010809 -0.005851 -0.012328 -0.013259 -0.014654 -0.015820 -0.017811 -0.017544 -0.008284
-0.046431 -0.070913 -0.033975 -0.030541 -0.036318 -0.044652 -0.057888 -0.085085 -0.128742 -0.262595 -0.477520 -1.214312 -1.241797 -1.141053 -1.181389 -1.189796 -1.191991 -1.195692 -1.199986 -1.208752 -1.221243 -1.237086 -1.258108 -1.275749 -1.294426 -1.284147 -1.407481 -0.798651 -0.298992 -0.147013 -0.094843 -0.067257 -0.048113 -0.035534 -0.026701 -0.020306 -0.075865 -0.071677 -0.011615 -0.065676 -0.062595 -0.060142 -0.058236 -0.008483 -0.053743 -0.010966 -0.048253 -0.018301 -0.044928 -0.045457
-0.086156 -0.102669 -0.146289 -0.162247 -0.179813 -0.181054 -0.208655 -0.249241 -0.309886 -0.409364 -0.524132 -0.789235 -0.923430 -1.025447 -1.066349 -1.095089 -1.106216 -1.117769 -1.125345 -1.134639 -1.143989 -1.154001 -1.163351 -1.167246 -1.160177 -1.126360 -1.029299 -0.871062 -0.565362 -0.439932 -0.331387 -0.266766 -0.218629 -0.186105 -0.162633 -0.144979 -0.131903 -0.122611 -0.114379 -0.109002 -0.104651 -0.101635 -0.098373 -0.096783 -0.094949 -0.093902 -0.092513 -0.091914 -0.084982 -0.069725
-0.187906 -0.173442 -0.203285 -0.205489 -0.222271 -0.244308 -0.277254 -0.320476 -0.381713 -0.464521 -0.566491 -0.724194 -0.836736 -0.912617 -0.966952 -1.001057 -1.022403 -1.038827 -1.049635 -1.058617 -1.064978 -1.068620 -1.068038 -1.058441 -1.037412 -0.991198 -0.921801 -0.791411 -0.607081 -0.498356 -0.403838 -0.334688 -0.284217 -0.246070 -0.218106 -0.196706 -0.180639 -0.168236 -0.158781 -0.151368 -0.145610 -0.141045 -0.137586 -0.135068 -0.132746 -0.131794 -0.131173 -0.129764 -0.121454 -0.132608
-0.217967 -0.224041 -0.251857 -0.252801 -0.272326 -0.294708 -0.327045 -0.368692 -0.421834 -0.493213 -0.572944 -0.689043 -0.768014 -0.842019 -0.888191 -0.925378 -0.948188 -0.966816 -0.978282 -0.986752 -0.991029 -0.991313 -0.985386 -0.971435 -0.943833 -0.900084 -0.828820 -0.743633 -0.609025 -0.522577 -0.440877 -0.381672 -0.332474 -0.295635 -0.266221 -0.243552 -0.225786 -0.212030 -0.201054 -0.192630 -0.185870 -0.180774 -0.176394 -0.173620 -0.170667 -0.169391 -0.165709 -0.166280 -0.152588 -0.155749
-0.271710 -0.282888 -0.293758 -0.295068 -0.313239 -0.333763 -0.365058 -0.402315 -0.450560 -0.509993 -0.575109 -0.655684 -0.721027 -0.778715 -0.821800 -0.855932 -0.879770 -0.898326 -0.910050 -0.917537 -0.920265 -0.917875 -0.909062 -0.892267 -0.864742 -0.823466 -0.767394 -0.696020 -0.606246 -0.535235 -0.467562 -0.413606 -0.368651 -0.332872 -0.304099 -0.281184 -0.262970 -0.248558 -0.237107 -0.228119 -0.220901 -0.215468 -0.210843 -0.208021 -0.204766 -0.204365 -0.201439 -0.203234 -0.200745 -0.194865
-0.322529 -0.309121 -0.331978 -0.333402 -0.353131 -0.372037 -0.401430 -0.433991 -0.475338 -0.523907 -0.575688 -0.636978 -0.687089 -0.735569 -0.770103 -0.799938 -0.821042 -0.837993 -0.849081 -0.855549 -0.857337 -0.853738 -0.844124 -0.828261 -0.803170 -0.768958 -0.721490 -0.668023 -0.599970 -0.544015 -0.488329 -0.443263 -0.403481 -0.371306 -0.344416 -0.322665 -0.304937 -0.290675 -0.279107 -0.269901 -0.262362 -0.256573 -0.251493 -0.248230 -0.244088 -0.243932 -0.238276 -0.239597 -0.227104 -0.231060
-0.368776 -0.342097 -0.359282 -0.364597 -0.382048 -0.391436 -0.419544 -0.443789 -0.479952 -0.517808 -0.560864 -0.607301 -0.648775 -0.688610 -0.718006 -0.745034 -0.764864 -0.780062 -0.790706 -0.795866 -0.797015 -0.792366 -0.782330 -0.767530 -0.744872 -0.714767 -0.676013 -0.631820 -0.581072 -0.535019 -0.490011 -0.451288 -0.417035 -0.388329 -0.364106 -0.344134 -0.327691 -0.314311 -0.303439 -0.294766 -0.287762 -0.282520 -0.278030 -0.275317 -0.272530 -0.276073 -0.267331 -0.271663 -0.281370 -0.264854
-0.375941 -0.405771 -0.393958 -0.392380 -0.414701 -0.431072 -0.456229 -0.476315 -0.508186 -0.536354 -0.571258 -0.605583 -0.636343 -0.668900 -0.684499 -0.704495 -0.718632 -0.731173 -0.742170 -0.746113 -0.747486 -0.742158 -0.732379 -0.720015 -0.704459 -0.682286 -0.654544 -0.620601 -0.582430 -0.546718 -0.511168 -0.479931 -0.451546 -0.427327 -0.406342 -0.388717 -0.373945 -0.361700 -0.351539 -0.343174 -0.336263 -0.330623 -0.326300 -0.322461 -0.319899 -0.318377 -0.306068 -0.311472 -0.293562 -0.302644
-0.407070 -0.435996 -0.403176 -0.398147 -0.425864 -0.430333 -0.456233 -0.461122 -0.492562 -0.508951 -0.537015 -0.562485 -0.587287 -0.615930 -0.629394 -0.652415 -0.666823 -0.676015 -0.684724 -0.686756 -0.689546 -0.684344 -0.676283 -0.664968 -0.648054 -0.628153 -0.604318 -0.577416 -0.548024 -0.519291 -0.490924 -0.465503 -0.442089 -0.421777 -0.404215 -0.389365 -0.376856 -0.366378 -0.357912 -0.350644 -0.345617 -0.341060 -0.338839 -0.336465 -0.337390 -0.343675 -0.327305 -0.336540 -0.314855 -0.342955
-0.465085 -0.447866 -0.441630 -0.445358 -0.466399 -0.479478 -0.499670 -0.512887 -0.534592 -0.546983 -0.568376 -0.586461 -0.593264 -0.629220 -0.616749 -0.642608 -0.644445 -0.642865 -0.651822 -0.645939 -0.656157 -0.645193 -0.642826 -0.639230 -0.629142 -0.617916 -0.604479 -0.586621 -0.568502 -0.548103 -0.527452 -0.508979 -0.491305 -0.475858 -0.462060 -0.450189 -0.439963 -0.431225 -0.423758 -0.417361 -0.412217 -0.406571 -0.403773 -0.397956 -0.399649 -0.394270 -0.380090 -0.381697 -0.375937 -0.389195
-0.442483 -0.474037 -0.455890 -0.422685 -0.442384 -0.455733 -0.475325 -0.476056 -0.492719 -0.499458 -0.517250 -0.523365 -0.537989 -0.554704 -0.551774 -0.578032 -0.583012 -0.587001 -0.593334 -0.593121 -0.594874 -0.590035 -0.585236 -0.579232 -0.569319 -0.558183 -0.544264 -0.528089 -0.512092 -0.496950 -0.481236 -0.467517 -0.454529 -0.442961 -0.432800 -0.424044 -0.416649 -0.410244 -0.405363 -0.400572 -0.399072 -0.393673 -0.394903 -0.390153 -0.400558 -0.396064 -0.379020 -0.392230 -0.417382 -0.451627
-0.447320 -0.462738 -0.454927 -0.429733 -0.447977 -0.442995 -0.455270 -0.461361 -0.474192 -0.489979 -0.506220 -0.527910 -0.544689 -0.562540 -0.571263 -0.573130 -0.588297 -0.591594 -0.590750 -0.594730 -0.594022 -0.593522 -0.587848 -0.582745 -0.574079 -0.563611 -0.551414 -0.538271 -0.524254 -0.510341 -0.496133 -0.482809 -0.470418 -0.459047 -0.448710 -0.439910 -0.432526 -0.426141 -0.421143 -0.416242 -0.412520 -0.408604 -0.404857 -0.402019 -0.398684 -0.400474 -0.396644 -0.419985 -0.422454 -0.452631
-0.503126 -0.470536 -0.495196 -0.512858 -0.544204 -0.542466 -0.554257 -0.557332 -0.563503 -0.569407 -0.570718 -0.563315 -0.571593 -0.564571 -0.584004 -0.577823 -0.576727 -0.562651 -0.567857 -0.559812 -0.565612 -0.564019 -0.564457 -0.563185 -0.558897 -0.597298 -0.549915 -0.545742 -0.538738 -0.534073 -0.527984 -0.522780 -0.518015 -0.513719 -0.509794 -0.506317 -0.496576 -0.494969 -0.491953 -0.497271 -0.487738 -0.489774 -0.488452 -0.487292 -0.480437 -0.476639 -0.446882 -0.416801 -0.484286 -0.482083
-0.501864 -0.458541 -0.508321 -0.515838 -0.499460 -0.503502 -0.498907 -0.515535 -0.499241 -0.519576 -0.387909 -0.506042 -0.498943 -0.407573 -0.503619 -0.505147 -0.493014 -0.421072 -0.426574 -0.506262 -0.429798 -0.426260 -0.512449 -0.511217 -0.493933 -0.421044 -0.422794 -0.418946 -0.420502 -0.499883 -0.419312 -0.419536 -0.507682 -0.511877 -0.421331 -0.420940 -0.401088 -0.400444 -0.496435 -0.493313 -0.397609 -0.500962 -0.497666 -0.400527 -0.425382 -0.511573 -0.515486 -0.504080 -0.498859 -0.505734
