0.010036 0.003226 -0.010461 -0.005883 0.002950 -0.015096 -0.012814 0.001431 -0.024428 -0.030164 -0.022410 -0.007135 -0.032699 -0.028896 -0.020747 -0.018347 -0.018171 -0.015331 -0.029225 -0.035539 -0.010413 0.004002 -0.024544 0.011774 -0.006165 0.009299 0.021371 0.005287 0.000000 0.000000 0.000000 0.000000 0.000000 0.000000 0.000000 0.000000 0.000000 0.000000 0.000000 0.000000 0.000000 0.000000 0.000000 0.000000 0.000000 0.000000 0.000000 0.000000 0.000000 0.000000
-0.072773 -0.010616 -0.050675 -0.007976 -0.062932 -0.069152 -0.047079 -0.053157 -0.067681 -0.087979 -0.090370 -0.064535 -0.089294 -0.029479 -0.027094 -0.022789 -0.019854 -0.015499 -0.011974 -0.007875 -0.001825 0.000778 0.014539 -0.032947 0.041329 0.005812 0.015175 0.089305 0.000000 0.000000 0.000000 0.000000 0.000000 0.000000 0.000000 0.000000 0.000000 0.000000 0.000000 0.000000 0.000000 0.000000 0.000000 0.000000 0.000000 0.000000 0.000000 0.000000 0.000000 0.000000
0.005859 0.006845 -0.052852 -0.061299 -0.061822 -0.078507 -0.090913 -0.102738 -0.111534 -0.119290 -0.123142 -0.124678 -0.123000 -0.118907 -0.113116 -0.105156 -0.096547 -0.086667 -0.069266 -0.067425 -0.056034 -0.049641 -0.035140 -0.036096 -0.014012 -0.020304 -0.008330 0.006463 0.000000 0.000000 0.000000 0.000000 0.000000 0.000000 0.000000 0.000000 0.000000 0.000000 0.000000 0.000000 0.000000 0.000000 0.000000 0.000000 0.000000 0.000000 0.000000 0.000000 0.000000 0.000000
0.008168 -0.000705 -0.066236 -0.046427 -0.065973 -0.083589 -0.093894 -0.108209 -0.117089 -0.124236 -0.128939 -0.130019 -0.128710 -0.124646 -0.117868 -0.111001 -0.101464 -0.092331 -0.095393 -0.072055 -0.059648 -0.052067 -0.041126 -0.034646 -0.027611 -0.034638 -0.030970 0.026810 0.000000 0.000000 0.000000 0.000000 0.000000 0.000000 0.000000 0.000000 0.000000 0.000000 0.000000 0.000000 0.000000 0.000000 0.000000 0.000000 0.000000 0.000000 0.000000 0.000000 0.000000 0.000000
0.006604 -0.040071 -0.067279 -0.066536 -0.090098 -0.110093 -0.126904 -0.144377 -0.154728 -0.165864 -0.170831 -0.172624 -0.169903 -0.163481 -0.154634 -0.143356 -0.131416 -0.118853 -0.119124 -0.091614 -0.076352 -0.065693 -0.052326 -0.040694 -0.030740 -0.013085 -0.016235 0.004318 0.000000 0.000000 0.000000 0.000000 0.000000 0.000000 0.000000 0.000000 0.000000 0.000000 0.000000 0.000000 0.000000 0.000000 0.000000 0.000000 0.000000 0.000000 0.000000 0.000000 0.000000 0.000000
-0.006041 -0.052942 -0.079727 -0.078636 -0.112242 -0.135197 -0.161064 -0.179398 -0.196907 -0.208989 -0.217591 -0.218228 -0.214377 -0.204512 -0.191761 -0.177054 -0.159153 -0.144954 -0.144166 -0.110587 -0.092570 -0.078885 -0.063265 -0.051177 -0.038992 -0.029119 -0.014969 -0.058343 0.000000 0.000000 0.000000 0.000000 0.000000 0.000000 0.000000 0.000000 0.000000 0.000000 0.000000 0.000000 0.000000 0.000000 0.000000 0.000000 0.000000 0.000000 0.000000 0.000000 0.000000 0.000000
-0.019996 -0.071080 -0.096143 -0.100252 -0.135352 -0.163499 -0.194204 -0.220211 -0.242816 -0.259277 -0.269313 -0.271519 -0.262732 -0.250911 -0.231590 -0.212658 -0.189870 -0.170384 -0.166482 -0.129462 -0.109491 -0.092299 -0.074049 -0.059003 -0.043208 -0.027948 -0.021160 -0.011257 0.000000 0.000000 0.000000 0.000000 0.000000 0.000000 0.000000 0.000000 0.000000 0.000000 0.000000 0.000000 0.000000 0.000000 0.000000 0.000000 0.000000 0.000000 0.000000 0.000000 0.000000 0.000000
0.006918 -0.073038 -0.113047 -0.117703 -0.158707 -0.194453 -0.232215 -0.264791 -0.294546 -0.315218 -0.329703 -0.330519 -0.318286 -0.300272 -0.275187 -0.249501 -0.221603 -0.195220 -0.166892 -0.146866 -0.123432 -0.104301 -0.083457 -0.067082 -0.048558 -0.035872 -0.024328 0.019286 0.000000 0.000000 0.000000 0.000000 0.000000 0.000000 0.000000 0.000000 0.000000 0.000000 0.000000 0.000000 0.000000 0.000000 0.000000 0.000000 0.000000 0.000000 0.000000 0.000000 0.000000 0.000000
0.006683 -0.079766 -0.130890 -0.136146 -0.185703 -0.228155 -0.274373 -0.314614 -0.353531 -0.381194 -0.401386 -0.401973 -0.381696 -0.355959 -0.320932 -0.287427 -0.252161 -0.220716 -0.188731 -0.163569 -0.137047 -0.115303 -0.092132 -0.073743 -0.052864 -0.037493 -0.026598 0.011153 0.000000 0.000000 0.000000 0.000000 0.000000 0.000000 0.000000 0.000000 0.000000 0.000000 0.000000 0.000000 0.000000 0.000000 0.000000 0.000000 0.000000 0.000000 0.000000 0.000000 0.000000 0.000000
-0.023585 -0.086317 -0.151314 -0.155556 -0.212091 -0.263263 -0.318816 -0.368643 -0.420075 -0.455883 -0.488545 -0.487522 -0.455006 -0.417332 -0.368574 -0.325639 -0.281797 -0.244330 -0.207365 -0.177874 -0.148668 -0.124081 -0.099193 -0.079225 -0.056025 -0.041002 -0.028447 -0.018773 0.000000 0.000000 0.000000 0.000000 0.000000 0.000000 0.000000 0.000000 0.000000 0.000000 0.000000 0.000000 0.000000 0.000000 0.000000 0.000000 0.000000 0.000000 0.000000 0.000000 0.000000 0.000000
-0.007369 -0.094601 -0.168387 -0.174259 -0.239194 -0.298433 -0.365327 -0.426945 -0.495829 -0.545692 -0.598965 -0.595487 -0.540820 -0.484354 -0.416332 -0.361958 -0.307963 -0.264466 -0.223222 -0.189691 -0.157708 -0.131104 -0.104555 -0.082972 -0.058384 -0.041791 -0.029846 -0.004057 0.000000 0.000000 0.000000 0.000000 0.000000 0.000000 0.000000 0.000000 0.000000 0.000000 0.000000 0.000000 0.000000 0.000000 0.000000 0.000000 0.000000 0.000000 0.000000 0.000000 0.000000 0.000000
-0.036327 -0.100620 -0.187340 -0.192261 -0.264830 -0.333180 -0.412461 -0.487219 -0.576668 -0.643921 -0.743780 -0.741944 -0.639328 -0.556872 -0.461585 -0.394128 -0.328616 -0.279474 -0.233643 -0.197442 -0.163514 -0.135467 -0.107943 -0.085529 -0.060099 -0.043376 -0.030792 -0.015178 0.000000 0.000000 0.000000 0.000000 0.000000 0.000000 0.000000 0.000000 0.000000 0.000000 0.000000 0.000000 0.000000 0.000000 0.000000 0.000000 0.000000 0.000000 0.000000 0.000000 0.000000 0.000000
0.008914 -0.099430 -0.189870 -0.274334 -0.356602 -0.360411 -0.451159 -0.549684 -0.678553 -0.798145 -0.990423 -0.976913 -0.743160 -0.629134 -0.496233 -0.415262 -0.339649 -0.286513 -0.238460 -0.200318 -0.165460 -0.136959 -0.109125 -0.086323 -0.060869 -0.037663 -0.027340 0.019471 0.000000 0.000000 0.000000 0.000000 0.000000 0.000000 0.000000 0.000000 0.000000 0.000000 0.000000 0.000000 0.000000 0.000000 0.000000 0.000000 0.000000 0.000000 0.000000 0.000000 0.000000 0.000000
0.000178 -0.090743 -0.218749 -0.312698 -0.361511 -0.509762 -0.570364 -0.687106 -0.823575 -1.016085 -1.860641 -0.970400 -0.770577 -0.677903 -0.508756 -0.418733 -0.336272 -0.283015 -0.234741 -0.197411 -0.163103 -0.135225 -0.107874 -0.076996 -0.060183 -0.037396 -0.029746 0.008996 0.000000 0.000000 0.000000 0.000000 0.000000 0.000000 0.000000 0.000000 0.000000 0.000000 0.000000 0.000000 0.000000 0.000000 0.000000 0.000000 0.000000 0.000000 0.000000 0.000000 0.000000 0.000000
-0.010393 -0.135896 -0.225887 -0.317827 -0.415759 -0.481524 -0.516793 -0.717463 -0.921158 -0.634862 0.084889 -0.482614 -0.682194 -0.612836 -0.473579 -0.387841 -0.314744 -0.266492 -0.223145 -0.188604 -0.156630 -0.130471 -0.104512 -0.082881 -0.058939 -0.042419 -0.001743 -0.029631 0.000000 0.000000 0.000000 0.000000 0.000000 0.000000 0.000000 0.000000 0.000000 0.000000 0.000000 0.000000 0.000000 0.000000 0.000000 0.000000 0.000000 0.000000 0.000000 0.000000 0.000000 0.000000
0.000000 0.000000 0.000000 0.000000 0.000000 0.000000 0.000000 0.000000 0.000000 0.000000 0.000000 -0.076502 -0.345727 -0.441077 -0.348944 -0.324261 -0.269216 -0.238501 -0.202581 -0.174436 -0.146290 -0.122946 -0.099040 -0.078902 -0.055928 -0.030528 -0.027888 -0.015331 0.000000 0.000000 0.000000 0.000000 0.000000 0.000000 0.000000 0.000000 0.000000 0.000000 0.000000 0.000000 0.000000 0.000000 0.000000 0.000000 0.000000 0.000000 0.000000 0.000000 0.000000 0.000000
0.000000 0.000000 0.000000 0.000000 0.000000 0.000000 0.000000 0.000000 0.000000 0.000000 0.000000 -0.051731 -0.195550 -0.280042 -0.261350 -0.256432 -0.228414 -0.207022 -0.179938 -0.157784 -0.134132 -0.113770 -0.092408 -0.073980 -0.052772 -0.028819 -0.026322 -0.009881 0.000000 0.000000 0.000000 0.000000 0.000000 0.000000 0.000000 0.000000 0.000000 0.000000 0.000000 0.000000 0.000000 0.000000 0.000000 0.000000 0.000000 0.000000 0.000000 0.000000 0.000000 0.000000
0.000000 0.000000 0.000000 0.000000 0.000000 0.000000 0.000000 0.000000 0.000000 0.000000 0.000000 0.005203 -0.099686 -0.184814 -0.187199 -0.199731 -0.185310 -0.175011 -0.156148 -0.139936 -0.120677 -0.103588 -0.084984 -0.068381 -0.049369 -0.026908 -0.025518 -0.010368 0.000000 0.000000 0.000000 0.000000 0.000000 0.000000 0.000000 0.000000 0.000000 0.000000 0.000000 0.000000 0.000000 0.000000 0.000000 0.000000 0.000000 0.000000 0.000000 0.000000 0.000000 0.000000
0.000000 0.000000 0.000000 0.000000 0.000000 0.000000 0.000000 0.000000 0.000000 0.000000 0.000000 -0.022942 -0.059161 -0.126598 -0.136793 -0.155003 -0.149933 -0.146208 -0.133890 -0.122342 -0.107405 -0.093258 -0.077376 -0.062609 -0.045710 -0.024939 -0.023599 -0.001905 0.000000 0.000000 0.000000 0.000000 0.000000 0.000000 0.000000 0.000000 0.000000 0.000000 0.000000 0.000000 0.000000 0.000000 0.000000 0.000000 0.000000 0.000000 0.000000 0.000000 0.000000 0.000000
0.000000 0.000000 0.000000 0.000000 0.000000 0.000000 0.000000 0.000000 0.000000 0.000000 0.000000 -0.005710 -0.048748 -0.090760 -0.103514 -0.122402 -0.121766 -0.122169 -0.114235 -0.106369 -0.094940 -0.083458 -0.070076 -0.057008 -0.042228 -0.023037 -0.020916 -0.006374 0.000000 0.000000 0.000000 0.000000 0.000000 0.000000 0.000000 0.000000 0.000000 0.000000 0.000000 0.000000 0.000000 0.000000 0.000000 0.000000 0.000000 0.000000 0.000000 0.000000 0.000000 0.000000
0.000000 0.000000 0.000000 0.000000 0.000000 0.000000 0.000000 0.000000 0.000000 0.000000 0.000000 0.018230 -0.031458 -0.067365 -0.077771 -0.095449 -0.098380 -0.101066 -0.097001 -0.091995 -0.083594 -0.074545 -0.063353 -0.052061 -0.038658 -0.021331 -0.019348 0.011262 0.000000 0.000000 0.000000 0.000000 0.000000 0.000000 0.000000 0.000000 0.000000 0.000000 0.000000 0.000000 0.000000 0.000000 0.000000 0.000000 0.000000 0.000000 0.000000 0.000000 0.000000 0.000000
0.000000 0.000000 0.000000 0.000000 0.000000 0.000000 0.000000 0.000000 0.000000 0.000000 0.000000 -0.010984 -0.017736 -0.050038 -0.060886 -0.076423 -0.080837 -0.084778 -0.083036 -0.080122 -0.074054 -0.066968 -0.057721 -0.047985 -0.036012 -0.019936 -0.017891 -0.007317 0.000000 0.000000 0.000000 0.000000 0.000000 0.000000 0.000000 0.000000 0.000000 0.000000 0.000000 0.000000 0.000000 0.000000 0.000000 0.000000 0.000000 0.000000 0.000000 0.000000 0.000000 0.000000
0.000000 0.000000 0.000000 0.000000 0.000000 0.000000 0.000000 0.000000 0.000000 0.000000 0.000000 -0.004481 -0.013897 -0.039432 -0.047769 -0.061269 -0.066531 -0.071178 -0.071432 -0.070201 -0.066200 -0.060772 -0.053255 -0.044682 -0.034067 -0.018948 -0.016985 0.008720 0.000000 0.000000 0.000000 0.000000 0.000000 0.000000 0.000000 0.000000 0.000000 0.000000 0.000000 0.000000 0.000000 0.000000 0.000000 0.000000 0.000000 0.000000 0.000000 0.000000 0.000000 0.000000
0.000000 0.000000 0.000000 0.000000 0.000000 0.000000 0.000000 0.000000 0.000000 0.000000 0.000000 -0.003136 -0.011620 -0.030412 -0.038407 -0.050005 -0.055761 -0.060805 -0.062501 -0.062609 -0.060338 -0.056316 -0.050272 -0.042676 -0.032872 -0.018527 -0.016426 -0.007441 0.000000 0.000000 0.000000 0.000000 0.000000 0.000000 0.000000 0.000000 0.000000 0.000000 0.000000 0.000000 0.000000 0.000000 0.000000 0.000000 0.000000 0.000000 0.000000 0.000000 0.000000 0.000000
0.000000 0.000000 0.000000 0.000000 0.000000 0.000000 0.000000 0.000000 0.000000 0.000000 0.000000 -0.009873 -0.008283 -0.023777 -0.031217 -0.040972 -0.047205 -0.052523 -0.055628 -0.056967 -0.056364 -0.053640 -0.048866 -0.042171 -0.032725 -0.018824 -0.016655 0.011838 0.000000 0.000000 0.000000 0.000000 0.000000 0.000000 0.000000 0.000000 0.000000 0.000000 0.000000 0.000000 0.000000 0.000000 0.000000 0.000000 0.000000 0.000000 0.000000 0.000000 0.000000 0.000000
0.000000 0.000000 0.000000 0.000000 0.000000 0.000000 0.000000 0.000000 0.000000 0.000000 0.000000 -0.017413 -0.008439 -0.018293 -0.025478 -0.033933 -0.040592 -0.046278 -0.050764 -0.053305 -0.054377 -0.052685 -0.049603 -0.043290 -0.034495 -0.020022 -0.032922 -0.004399 0.000000 0.000000 0.000000 0.000000 0.000000 0.000000 0.000000 0.000000 0.000000 0.000000 0.000000 0.000000 0.000000 0.000000 0.000000 0.000000 0.000000 0.000000 0.000000 0.000000 0.000000 0.000000
0.000000 0.000000 0.000000 0.000000 0.000000 0.000000 0.000000 0.000000 0.000000 0.000000 0.000000 -0.010421 -0.003226 -0.013358 -0.021096 -0.027721 -0.035262 -0.041323 -0.047428 -0.051312 -0.054305 -0.053913 -0.051852 -0.046724 -0.036983 -0.022313 -0.036481 0.003565 0.000000 0.000000 0.000000 0.000000 0.000000 0.000000 0.000000 0.000000 0.000000 0.000000 0.000000 0.000000 0.000000 0.000000 0.000000 0.000000 0.000000 0.000000 0.000000 0.000000 0.000000 0.000000
0.000000 0.000000 0.000000 0.000000 0.000000 0.000000 0.000000 0.000000 0.000000 0.000000 0.000000 0.008099 0.001211 -0.007843 -0.015664 -0.020920 -0.030295 -0.037193 -0.045474 -0.051077 -0.056565 -0.057624 -0.057311 -0.052191 -0.042104 -0.026045 -0.021842 0.012362 0.000000 0.000000 0.000000 0.000000 0.000000 0.000000 0.000000 0.000000 0.000000 0.000000 0.000000 0.000000 0.000000 0.000000 0.000000 0.000000 0.000000 0.000000 0.000000 0.000000 0.000000 0.000000
0.000000 0.000000 0.000000 0.000000 0.000000 0.000000 0.000000 0.000000 0.000000 0.000000 0.000000 -0.010120 -0.011781 -0.002036 -0.010538 -0.013977 -0.025162 -0.033389 -0.044570 -0.052512 -0.061282 -0.064184 -0.066363 -0.060853 -0.050439 -0.031892 -0.026638 -0.008996 0.000000 0.000000 0.000000 0.000000 0.000000 0.000000 0.000000 0.000000 0.000000 0.000000 0.000000 0.000000 0.000000 0.000000 0.000000 0.000000 0.000000 0.000000 0.000000 0.000000 0.000000 0.000000
0.000000 0.000000 0.000000 0.000000 0.000000 0.000000 0.000000 0.000000 0.000000 0.000000 0.000000 0.001169 0.009881 0.005467 -0.004094 -0.005808 -0.019829 -0.029573 -0.044871 -0.055852 -0.068909 -0.074406 -0.080243 -0.073843 -0.064687 -0.036262 -0.028793 0.004576 0.000000 0.000000 0.000000 0.000000 0.000000 0.000000 0.000000 0.000000 0.000000 0.000000 0.000000 0.000000 0.000000 0.000000 0.000000 0.000000 0.000000 0.000000 0.000000 0.000000 0.000000 0.000000
0.000000 0.000000 0.000000 0.000000 0.000000 0.000000 0.000000 0.000000 0.000000 0.000000 0.000000 -0.017041 0.017305 0.014700 0.006593 0.005875 -0.012000 -0.024810 -0.045430 -0.060828 -0.079504 -0.088949 -0.100000 -0.092438 -0.087495 -0.044585 -0.026683 -0.002083 0.000000 0.000000 0.000000 0.000000 0.000000 0.000000 0.000000 0.000000 0.000000 0.000000 0.000000 0.000000 0.000000 0.000000 0.000000 0.000000 0.000000 0.000000 0.000000 0.000000 0.000000 0.000000
0.000000 0.000000 0.000000 0.000000 0.000000 0.000000 0.000000 0.000000 0.000000 0.000000 0.000000 0.012753 -0.000300 0.027004 0.017704 0.020669 -0.003002 -0.019243 -0.046729 -0.068073 -0.093652 -0.109358 -0.127250 -0.121814 -0.119735 -0.068016 -0.050410 -0.058972 0.000000 0.000000 0.000000 0.000000 0.000000 0.000000 0.000000 0.000000 0.000000 0.000000 0.000000 0.000000 0.000000 0.000000 0.000000 0.000000 0.000000 0.000000 0.000000 0.000000 0.000000 0.000000
0.000000 0.000000 0.000000 0.000000 0.000000 0.000000 0.000000 0.000000 0.000000 0.000000 0.000000 0.014233 0.004001 0.052311 0.039896 0.047077 0.012558 -0.009858 -0.047097 -0.076724 -0.111032 -0.136128 -0.163044 -0.166529 -0.167476 -0.100074 -0.011577 0.029483 0.000000 0.000000 0.000000 0.000000 0.000000 0.000000 0.000000 0.000000 0.000000 0.000000 0.000000 0.000000 0.000000 0.000000 0.000000 0.000000 0.000000 0.000000 0.000000 0.000000 0.000000 0.000000
0.000000 0.000000 0.000000 0.000000 0.000000 0.000000 0.000000 0.000000 0.000000 0.000000 0.000000 -0.033359 0.087722 0.132294 0.072445 0.089060 0.033938 0.002465 -0.047126 -0.087767 -0.133031 -0.171046 -0.210063 -0.234563 -0.238013 -0.164014 0.150937 0.360950 0.000000 0.000000 0.000000 0.000000 0.000000 0.000000 0.000000 0.000000 0.000000 0.000000 0.000000 0.000000 0.000000 0.000000 0.000000 0.000000 0.000000 0.000000 0.000000 0.000000 0.000000 0.000000
0.000000 0.000000 0.000000 0.000000 0.000000 0.000000 0.000000 0.000000 0.000000 0.000000 0.000000 -0.527839 0.725185 0.312751 0.176865 0.146208 0.067554 0.016288 -0.045913 -0.098977 -0.156199 -0.210014 -0.268938 -0.326854 -0.390866 -0.435606 -0.969228 -0.814362 0.000000 0.000000 0.000000 0.000000 0.000000 0.000000 0.000000 0.000000 0.000000 0.000000 0.000000 0.000000 0.000000 0.000000 0.000000 0.000000 0.000000 0.000000 0.000000 0.000000 0.000000 0.000000
0.001983 0.071626 0.134454 0.199145 0.268285 0.389789 0.483395 0.613574 0.768747 1.040047 1.257247 0.971421 0.708429 0.487924 0.351930 0.205478 0.108338 0.028503 -0.045241 -0.111924 -0.182444 -0.254706 -0.342197 -0.445945 -0.606381 -0.779170 -1.482304 -2.012051 -1.754883 -1.199840 -1.037812 -0.899758 -0.805797 -0.725436 -0.656307 -0.594741 -0.565410 -0.512113 -0.453238 -0.403549 -0.356225 -0.310897 -0.316650 -0.266849 -0.224858 -0.183342 -0.144655 -0.103804 -0.067145 -0.001499
0.011828 0.069285 0.154499 0.226194 0.293870 0.373720 0.466726 0.577732 0.733421 0.945863 1.054264 0.809017 0.710599 0.477450 0.324849 0.207171 0.105616 0.026542 -0.051334 -0.122724 -0.197570 -0.275739 -0.365424 -0.473492 -0.618132 -0.815761 -1.178747 -1.663722 -1.398347 -1.181930 -0.997310 -0.893118 -0.802423 -0.724351 -0.655835 -0.594522 -0.570564 -0.509601 -0.486034 -0.416894 -0.374528 -0.324669 -0.291530 -0.264263 -0.205656 -0.183043 -0.128375 -0.099491 -0.044459 -0.007884
0.042615 0.080840 0.150706 0.213672 0.277751 0.278665 0.347067 0.421017 0.502667 0.579137 0.669281 0.660972 0.531891 0.406084 0.294110 0.191158 0.100170 0.019229 -0.058588 -0.133233 -0.210363 -0.290879 -0.381088 -0.482540 -0.604287 -0.741228 -0.905204 -1.074774 -1.080249 -0.988404 -0.915677 -0.830958 -0.757762 -0.689605 -0.628513 -0.572952 -0.521393 -0.473276 -0.427795 -0.384527 -0.342846 -0.302532 -0.262581 -0.224968 -0.185480 -0.150517 -0.109961 -0.108080 -0.040384 -0.008422
0.011207 0.074617 0.142786 0.145624 0.202620 0.252152 0.310395 0.363745 0.423194 0.467851 0.507874 0.504605 0.424341 0.346896 0.250959 0.166352 0.082153 0.006810 -0.068411 -0.141610 -0.216550 -0.294800 -0.378751 -0.472102 -0.573516 -0.685959 -0.790078 -0.898050 -0.906877 -0.867949 -0.825879 -0.765858 -0.712657 -0.656252 -0.604945 -0.555099 -0.508102 -0.463216 -0.420102 -0.378375 -0.337879 -0.298710 -0.259596 -0.222148 -0.182951 -0.147428 -0.106193 -0.104741 -0.038057 -0.004663
0.001507 0.055978 0.129253 0.132222 0.182045 0.225455 0.273036 0.315447 0.358097 0.386209 0.409240 0.395069 0.342835 0.280749 0.208275 0.135370 0.062160 -0.008158 -0.078667 -0.148825 -0.220176 -0.293851 -0.371156 -0.452756 -0.537960 -0.624579 -0.703656 -0.775042 -0.794911 -0.775615 -0.750981 -0.709898 -0.668346 -0.623311 -0.579204 -0.535476 -0.492909 -0.451397 -0.410913 -0.371348 -0.332498 -0.294468 -0.256550 -0.219888 -0.181993 -0.147065 -0.107755 -0.105094 -0.056180 -0.004263
0.013915 0.085208 0.114233 0.116874 0.161196 0.196973 0.236119 0.268357 0.299089 0.316883 0.327592 0.313374 0.275221 0.227663 0.167853 0.106242 0.041053 -0.023145 -0.088776 -0.154365 -0.221031 -0.289219 -0.359084 -0.431190 -0.502227 -0.573132 -0.632388 -0.684310 -0.705765 -0.699211 -0.685241 -0.656690 -0.625844 -0.589638 -0.552828 -0.514643 -0.476546 -0.438452 -0.400670 -0.363166 -0.325990 -0.289199 -0.252397 -0.216385 -0.179274 -0.145015 -0.105389 -0.101324 -0.076513 -0.009022
0.003041 0.038185 0.102771 0.103479 0.143201 0.173623 0.204125 0.229713 0.250414 0.261596 0.263543 0.249779 0.219371 0.179992 0.131392 0.077459 0.020324 -0.038248 -0.098477 -0.158950 -0.220485 -0.282684 -0.345679 -0.408643 -0.469326 -0.526750 -0.575346 -0.614891 -0.634801 -0.636957 -0.629557 -0.610772 -0.587168 -0.558434 -0.527411 -0.494329 -0.460296 -0.425543 -0.390481 -0.355146 -0.319847 -0.284408 -0.249093 -0.213834 -0.178437 -0.143361 -0.105357 -0.103047 -0.054927 -0.010479
0.001989 0.031382 0.088734 0.088814 0.118113 0.147885 0.172149 0.193937 0.208895 0.216200 0.214531 0.201904 0.176388 0.144249 0.102341 0.054221 0.002402 -0.051785 -0.107150 -0.162452 -0.218866 -0.275492 -0.332664 -0.389391 -0.442234 -0.490932 -0.530998 -0.563088 -0.581910 -0.587345 -0.584326 -0.571526 -0.553624 -0.530296 -0.504039 -0.475056 -0.444473 -0.412550 -0.379835 -0.346371 -0.312618 -0.278298 -0.244029 -0.208946 -0.174649 -0.136587 -0.102032 -0.099844 -0.031100 -0.019761
0.018094 0.012701 0.083127 0.077660 0.105803 0.127741 0.151100 0.165750 0.175766 0.180337 0.173432 0.159854 0.134325 0.105056 0.066605 0.024247 -0.018921 -0.065495 -0.114032 -0.164276 -0.215140 -0.265621 -0.316078 -0.364628 -0.411692 -0.454810 -0.491641 -0.520004 -0.538228 -0.546025 -0.545990 -0.537804 -0.524088 -0.505330 -0.483112 -0.457818 -0.430386 -0.401219 -0.370878 -0.339424 -0.307556 -0.274552 -0.241832 -0.207960 -0.174487 -0.139134 -0.100843 -0.103911 -0.032338 -0.007008
0.029400 0.002168 0.070421 0.064766 0.087082 0.107561 0.123321 0.139763 0.143037 0.150109 0.139978 0.130274 0.104896 0.078592 0.049142 0.009357 -0.025695 -0.069725 -0.114898 -0.163466 -0.211937 -0.258846 -0.307529 -0.350972 -0.392653 -0.431535 -0.463797 -0.489716 -0.506733 -0.514896 -0.516520 -0.510906 -0.500098 -0.484390 -0.464938 -0.442253 -0.417056 -0.389743 -0.360837 -0.330543 -0.299256 -0.266929 -0.234563 -0.201059 -0.168569 -0.131670 -0.096258 -0.099530 -0.058630 -0.006189
0.011252 0.009447 0.079740 0.071358 0.085468 0.100411 0.112358 0.121443 0.126088 0.122654 0.116358 0.103932 0.080880 0.061502 0.025236 -0.009591 -0.046438 -0.086122 -0.126537 -0.167804 -0.210963 -0.251940 -0.293375 -0.333070 -0.370512 -0.403612 -0.432801 -0.457031 -0.475140 -0.485419 -0.489394 -0.486899 -0.478760 -0.465866 -0.448947 -0.428628 -0.405531 -0.380322 -0.352944 -0.324764 -0.294263 -0.264019 -0.232616 -0.201234 -0.169710 -0.133835 -0.105222 -0.114222 -0.037761 -0.003072
0.000366 -0.018014 0.077131 0.045896 0.062841 0.084826 0.098535 0.106929 0.109558 0.108566 0.101179 0.088177 0.065810 0.043029 0.011489 -0.022080 -0.057575 -0.095378 -0.133001 -0.168560 -0.212681 -0.250078 -0.288305 -0.322772 -0.360520 -0.389059 -0.416556 -0.439661 -0.456719 -0.467600 -0.471929 -0.470416 -0.463519 -0.451916 -0.436322 -0.417202 -0.395152 -0.370739 -0.344182 -0.316691 -0.286884 -0.257803 -0.225512 -0.195473 -0.161162 -0.125838 -0.087845 -0.106048 -0.001207 -0.005308
0.008743 0.031644 0.057620 0.065896 0.069647 0.091988 0.095477 0.105042 0.109176 0.108007 0.102539 0.089191 0.069748 0.040377 0.009226 -0.019746 -0.059588 -0.092525 -0.131163 -0.171515 -0.207560 -0.252179 -0.292268 -0.330452 -0.364929 -0.398068 -0.425824 -0.446217 -0.461545 -0.470855 -0.474317 -0.472351 -0.465415 -0.454153 -0.438724 -0.419596 -0.397612 -0.372846 -0.346401 -0.317856 -0.288751 -0.256998 -0.225569 -0.190971 -0.158812 -0.128940 -0.123553 -0.096173 -0.041038 -0.019728
0.007843 0.106734 0.073440 0.079337 0.101587 0.062405 0.129980 0.132657 0.076039 0.126637 0.111958 0.048617 0.071553 -0.011473 -0.057396 -0.079411 -0.108543 -0.139995 -0.180224 -0.215625 -0.257209 -0.293516 -0.329250 -0.302710 -0.395285 -0.388251 -0.443650 -0.463390 -0.474572 -0.484062 -0.485984 -0.483140 -0.475675 -0.464067 -0.448713 -0.429924 -0.392134 -0.368766 -0.342051 -0.357593 -0.283325 -0.253773 -0.267338 -0.188987 -0.152368 -0.116934 -0.082309 -0.058808 0.006818 0.000736
0.002477 -0.007873 -0.001200 0.004373 -0.001254 0.003006 0.002742 0.008006 -0.000187 0.024138 0.053861 -0.002030 0.009186 -0.003208 0.005025 0.001996 -0.000442 -0.055825 -0.089122 0.002143 -0.121762 -0.141877 -0.124472 -0.082279 -0.053258 -0.206187 -0.216346 -0.223863 -0.231411 -0.011454 -0.235788 -0.234671 -0.148488 -0.173102 -0.217366 -0.207350 -0.200757 -0.190929 -0.001652 -0.004669 -0.146942 -0.056928 -0.000635 -0.102332 -0.079128 -0.040095 -0.048317 -0.002830 0.004393 0.001420
