0.002791 0.005145 0.005207 0.003318 0.004469 -0.001182 0.010429 0.004609 0.000862 -0.000488 0.002822 0.002794 0.001556 -0.003567 0.000364 -0.003897 0.001632 0.004373 0.002317 -0.002877 -0.000408 -0.008418 -0.000993 -0.004314 -0.003861 -0.001053 -0.001214 -0.003344 -0.000081 -0.001998 -0.001979 0.000282 0.000642 -0.000287 -0.000867 -0.000252 -0.000020 -0.000159 -0.000075 -0.000031 -0.000208 -0.000125 -0.000101 0.000000 0.000000 0.000000 0.000000 0.000000 0.000000 0.000000
-0.000017 -0.001810 -0.008877 -0.010513 -0.009039 -0.012975 -0.013357 0.001665 -0.014458 -0.013360 0.001577 -0.014819 -0.014342 -0.003178 -0.003487 -0.003697 -0.003858 -0.003929 -0.004044 -0.003680 -0.003967 -0.003852 -0.003656 -0.003450 -0.007063 -0.002891 -0.002623 -0.004745 -0.002107 -0.001620 -0.001351 -0.001374 -0.001108 -0.000949 -0.000828 -0.000776 -0.001348 -0.001169 -0.001008 -0.000915 -0.000758 -0.000644 -0.000387 0.000000 0.000000 0.000000 0.000000 0.000000 0.000000 0.000000
0.002226 0.002543 -0.006833 -0.008093 -0.008715 -0.008969 -0.010690 -0.011780 -0.013127 -0.014166 -0.015265 -0.016044 -0.017302 -0.017815 -0.017575 -0.017666 -0.017521 -0.017164 -0.016639 -0.015898 -0.015052 -0.014014 -0.012920 -0.011771 -0.010626 -0.009502 -0.008439 -0.007702 -0.006732 -0.005682 -0.004935 -0.004415 -0.003700 -0.003206 -0.002778 -0.002424 -0.002123 -0.001884 -0.001684 -0.001548 -0.001460 -0.001266 -0.001022 0.000000 0.000000 0.000000 0.000000 0.000000 0.000000 0.000000
0.004640 -0.000823 -0.007383 -0.004431 -0.007528 -0.008223 -0.011401 -0.012350 -0.013586 -0.014650 -0.015728 -0.016594 -0.023879 -0.024570 -0.018157 -0.018226 -0.018124 -0.017783 -0.017252 -0.016447 -0.015563 -0.014512 -0.013390 -0.012205 -0.011022 -0.009850 -0.008737 -0.010251 -0.008954 -0.005872 -0.005098 -0.005830 -0.003813 -0.003301 -0.002860 -0.002494 -0.002184 -0.001935 -0.001733 -0.001583 -0.001470 -0.001586 -0.001484 0.000000 0.000000 0.000000 0.000000 0.000000 0.000000 0.000000
-0.000332 -0.000249 -0.006562 -0.007095 -0.010695 -0.012066 -0.014650 -0.016857 -0.018802 -0.020422 -0.021958 -0.023168 -0.024200 -0.024922 -0.025342 -0.025459 -0.025241 -0.024705 -0.023879 -0.022788 -0.021473 -0.019955 -0.018341 -0.016663 -0.014994 -0.013368 -0.011831 -0.010392 -0.009078 -0.007896 -0.006840 -0.005915 -0.005106 -0.004410 -0.003818 -0.003294 -0.002909 -0.002519 -0.002310 -0.002082 -0.001961 -0.002249 -0.001825 0.000000 0.000000 0.000000 0.000000 0.000000 0.000000 0.000000
0.000172 -0.013722 -0.009771 -0.009711 -0.013247 -0.016543 -0.018694 -0.021231 -0.023524 -0.025592 -0.027460 -0.029023 -0.030293 -0.031208 -0.031755 -0.031897 -0.031639 -0.030968 -0.029917 -0.028487 -0.026782 -0.024819 -0.022733 -0.020567 -0.018427 -0.016351 -0.014401 -0.012596 -0.010956 -0.009489 -0.008192 -0.007057 -0.006075 -0.005233 -0.004522 -0.003918 -0.003417 -0.003018 -0.002671 -0.002456 -0.002292 -0.002582 -0.002213 0.000000 0.000000 0.000000 0.000000 0.000000 0.000000 0.000000
-0.000026 0.002962 -0.011314 -0.011609 -0.015594 -0.018704 -0.022362 -0.025838 -0.028832 -0.031471 -0.033835 -0.035819 -0.037423 -0.038582 -0.039272 -0.039456 -0.039123 -0.038255 -0.036898 -0.035054 -0.032846 -0.030306 -0.027624 -0.024853 -0.022145 -0.019539 -0.017117 -0.014893 -0.012894 -0.011117 -0.009558 -0.008204 -0.007039 -0.006043 -0.005206 -0.004499 -0.003929 -0.003447 -0.003090 -0.002791 -0.002615 -0.002942 -0.002495 0.000000 0.000000 0.000000 0.000000 0.000000 0.000000 0.000000
0.000383 -0.008135 -0.013647 -0.013992 -0.019203 -0.023406 -0.026654 -0.030686 -0.034231 -0.037415 -0.040241 -0.042642 -0.044585 -0.046007 -0.046864 -0.047104 -0.046711 -0.045644 -0.043959 -0.041640 -0.038863 -0.035659 -0.032302 -0.028859 -0.025531 -0.022364 -0.019457 -0.016818 -0.014473 -0.012409 -0.010616 -0.009070 -0.007750 -0.006631 -0.005693 -0.004910 -0.004271 -0.003749 -0.003341 -0.003030 -0.002823 -0.003119 -0.002368 0.000000 0.000000 0.000000 0.000000 0.000000 0.000000 0.000000
-0.007051 -0.004592 -0.015739 -0.015923 -0.021261 -0.026129 -0.031260 -0.035963 -0.040102 -0.043863 -0.047241 -0.050131 -0.052488 -0.054231 -0.055303 -0.055630 -0.055186 -0.053897 -0.051835 -0.048939 -0.045468 -0.041415 -0.037227 -0.032949 -0.028896 -0.025080 -0.021641 -0.018557 -0.015858 -0.013508 -0.011490 -0.009766 -0.008308 -0.007080 -0.006057 -0.005207 -0.004521 -0.003956 -0.003534 -0.003185 -0.002968 -0.003198 -0.002606 0.000000 0.000000 0.000000 0.000000 0.000000 0.000000 0.000000
0.014150 -0.018988 -0.018220 -0.018729 -0.025154 -0.030383 -0.035768 -0.041337 -0.046220 -0.050644 -0.054624 -0.058055 -0.060878 -0.062997 -0.064336 -0.064789 -0.064313 -0.062784 -0.060281 -0.056688 -0.052338 -0.047244 -0.042013 -0.036783 -0.031890 -0.027388 -0.023394 -0.019872 -0.016839 -0.014235 -0.012028 -0.010164 -0.008602 -0.007297 -0.006219 -0.005329 -0.004612 -0.004027 -0.003587 -0.003231 -0.003004 -0.003184 -0.002749 0.000000 0.000000 0.000000 0.000000 0.000000 0.000000 0.000000
-0.003055 0.000040 -0.020675 -0.020755 -0.027697 -0.034563 -0.041010 -0.047212 -0.052812 -0.057939 -0.062598 -0.066653 -0.070034 -0.072621 -0.074320 -0.074982 -0.074545 -0.072802 -0.069853 -0.065415 -0.060011 -0.053481 -0.046963 -0.040475 -0.034614 -0.029292 -0.024727 -0.020760 -0.017423 -0.014601 -0.012247 -0.010281 -0.008654 -0.007307 -0.006202 -0.005296 -0.004570 -0.003981 -0.003541 -0.003181 -0.002958 -0.003071 -0.002568 0.000000 0.000000 0.000000 0.000000 0.000000 0.000000 0.000000
0.004075 -0.013334 -0.023338 -0.024127 -0.031990 -0.038717 -0.045970 -0.053306 -0.059786 -0.065707 -0.071135 -0.075906 -0.079944 -0.083104 -0.085266 -0.086230 -0.085893 -0.083951 -0.080449 -0.075002 -0.068126 -0.059793 -0.051429 -0.043612 -0.036550 -0.030499 -0.025360 -0.021029 -0.017450 -0.014483 -0.012048 -0.010044 -0.008404 -0.007060 -0.005967 -0.005077 -0.004367 -0.003794 -0.003367 -0.003021 -0.002804 -0.002845 -0.002370 0.000000 0.000000 0.000000 0.000000 0.000000 0.000000 0.000000
-0.004253 -0.024540 -0.023988 -0.033097 -0.035896 -0.043417 -0.051785 -0.059338 -0.066662 -0.073529 -0.079864 -0.085545 -0.090438 -0.094346 -0.097204 -0.098718 -0.098793 -0.096872 -0.093168 -0.086471 -0.077844 -0.066596 -0.055977 -0.046204 -0.037879 -0.030863 -0.025274 -0.020595 -0.016884 -0.013859 -0.011428 -0.009456 -0.007863 -0.006572 -0.005531 -0.004688 -0.004022 -0.003485 -0.003086 -0.002764 -0.002558 -0.002589 -0.002358 0.000000 0.000000 0.000000 0.000000 0.000000 0.000000 0.000000
-0.005409 -0.002646 -0.029036 -0.029308 -0.039890 -0.048441 -0.057498 -0.066783 -0.075162 -0.082925 -0.090188 -0.096739 -0.102496 -0.107263 -0.110881 -0.113035 -0.113499 -0.111714 -0.107428 -0.099519 -0.087860 -0.073079 -0.058705 -0.047324 -0.037209 -0.029975 -0.023978 -0.019231 -0.015532 -0.012608 -0.010302 -0.008459 -0.006993 -0.005815 -0.004873 -0.004117 -0.003521 -0.003045 -0.002692 -0.002404 -0.002229 -0.002142 -0.001237 0.000000 0.000000 0.000000 0.000000 0.000000 0.000000 0.000000
-0.001460 -0.017882 -0.032069 -0.032199 -0.043111 -0.054163 -0.064189 -0.074060 -0.083566 -0.092402 -0.100747 -0.108384 -0.115239 -0.121105 -0.125815 -0.129034 -0.130468 -0.129525 -0.125325 -0.116271 -0.103487 -0.079805 -0.062206 -0.046731 -0.036062 -0.027531 -0.021449 -0.016892 -0.013447 -0.010790 -0.008729 -0.007116 -0.005847 -0.004840 -0.004040 -0.003404 -0.002903 -0.002508 -0.002203 -0.001976 -0.001824 -0.001578 -0.001420 0.000000 0.000000 0.000000 0.000000 0.000000 0.000000 0.000000
-0.009774 -0.019118 -0.035327 -0.036340 -0.048470 -0.059080 -0.070495 -0.081920 -0.092457 -0.102456 -0.111994 -0.120858 -0.128984 -0.136163 -0.142256 -0.146886 -0.149772 -0.150184 -0.146573 -0.137312 -0.118808 -0.084840 -0.059172 -0.042135 -0.030345 -0.022546 -0.017113 -0.013237 -0.010363 -0.008233 -0.006624 -0.005358 -0.004386 -0.003621 -0.003002 -0.002527 -0.002151 -0.001853 -0.001639 -0.001454 -0.001342 -0.001190 -0.001323 0.000000 0.000000 0.000000 0.000000 0.000000 0.000000 0.000000
0.001458 -0.005248 -0.038546 -0.038852 -0.052111 -0.065873 -0.077525 -0.089954 -0.101796 -0.113038 -0.123884 -0.134107 -0.143658 -0.152376 -0.160112 -0.166674 -0.171662 -0.174776 -0.174915 -0.170213 -0.148368 -0.091038 -0.053363 -0.034247 -0.022822 -0.016310 -0.011971 -0.009059 -0.006956 -0.005475 -0.004296 -0.003461 -0.002821 -0.002316 -0.001923 -0.001613 -0.001368 -0.001197 -0.001025 -0.000963 -0.000822 -0.000658 -0.000661 0.000000 0.000000 0.000000 0.000000 0.000000 0.000000 0.000000
-0.007135 -0.006044 -0.042266 -0.044646 -0.056906 -0.070550 -0.084876 -0.098431 -0.111567 -0.124136 -0.136376 -0.148070 -0.159215 -0.169642 -0.179394 -0.188233 -0.196508 -0.203763 -0.211140 -0.216189 -0.342363 -0.013179 -0.016560 -0.000144 -0.002062 -0.005153 -0.003837 -0.000261 -0.000305 -0.000762 -0.001024 0.000008 -0.001262 0.000367 -0.000174 -0.000299 -0.000030 -0.000042 -0.000017 -0.000097 -0.000205 0.000001 -0.000142 0.000000 0.000000 0.000000 0.000000 0.000000 0.000000 0.000000
-0.008563 -0.024583 -0.045931 -0.045846 -0.063714 -0.077447 -0.092264 -0.107258 -0.121688 -0.135660 -0.149359 -0.162613 -0.175398 -0.187637 -0.199259 -0.210552 -0.221111 -0.232934 -0.243510 -0.263133 -0.357759 0.000000 0.000000 0.000000 0.000000 0.000000 0.000000 0.000000 0.000000 0.000000 0.000000 0.000000 0.000000 0.000000 0.000000 0.000000 0.000000 0.000000 0.000000 0.000000 0.000000 0.000000 0.000000 0.000000 0.000000 0.000000 0.000000 0.000000 0.000000 0.000000
0.009372 -0.027435 -0.049636 -0.049784 -0.066844 -0.083900 -0.100177 -0.116286 -0.132106 -0.147542 -0.162780 -0.177633 -0.192133 -0.206113 -0.219693 -0.232599 -0.245538 -0.257268 -0.271349 -0.283019 -0.294470 0.000000 0.000000 0.000000 0.000000 0.000000 0.000000 0.000000 0.000000 0.000000 0.000000 0.000000 0.000000 0.000000 0.000000 0.000000 0.000000 0.000000 0.000000 0.000000 0.000000 0.000000 0.000000 0.000000 0.000000 0.000000 0.000000 0.000000 0.000000 0.000000
-0.009923 -0.008752 -0.053290 -0.053904 -0.073453 -0.089924 -0.107670 -0.125483 -0.142747 -0.159701 -0.176536 -0.193051 -0.209284 -0.225037 -0.240375 -0.254879 -0.268779 -0.281750 -0.294593 -0.301530 -0.346464 0.000000 0.000000 0.000000 0.000000 0.000000 0.000000 0.000000 0.000000 0.000000 0.000000 0.000000 0.000000 0.000000 0.000000 0.000000 0.000000 0.000000 0.000000 0.000000 0.000000 0.000000 0.000000 0.000000 0.000000 0.000000 0.000000 0.000000 0.000000 0.000000
-0.006781 -0.030655 -0.057158 -0.057540 -0.077107 -0.096930 -0.115929 -0.134826 -0.153558 -0.172080 -0.190567 -0.208838 -0.226862 -0.244538 -0.261668 -0.278153 -0.293371 -0.307387 -0.318583 -0.327151 -0.346083 0.000000 0.000000 0.000000 0.000000 0.000000 0.000000 0.000000 0.000000 0.000000 0.000000 0.000000 0.000000 0.000000 0.000000 0.000000 0.000000 0.000000 0.000000 0.000000 0.000000 0.000000 0.000000 0.000000 0.000000 0.000000 0.000000 0.000000 0.000000 0.000000
-0.011048 -0.010806 -0.061091 -0.062763 -0.083863 -0.102773 -0.123429 -0.144202 -0.164446 -0.184580 -0.204784 -0.224881 -0.244848 -0.264499 -0.283727 -0.302047 -0.319008 -0.334684 -0.348308 -0.353809 -0.336027 0.000000 0.000000 0.000000 0.000000 0.000000 0.000000 0.000000 0.000000 0.000000 0.000000 0.000000 0.000000 0.000000 0.000000 0.000000 0.000000 0.000000 0.000000 0.000000 0.000000 0.000000 0.000000 0.000000 0.000000 0.000000 0.000000 0.000000 0.000000 0.000000
-0.004625 -0.035200 -0.064998 -0.065411 -0.087596 -0.110158 -0.131665 -0.153534 -0.175323 -0.197108 -0.219090 -0.241118 -0.263160 -0.285048 -0.306546 -0.327371 -0.346735 -0.364477 -0.379452 -0.386610 -0.448062 0.000000 0.000000 0.000000 0.000000 0.000000 0.000000 0.000000 0.000000 0.000000 0.000000 0.000000 0.000000 0.000000 0.000000 0.000000 0.000000 0.000000 0.000000 0.000000 0.000000 0.000000 0.000000 0.000000 0.000000 0.000000 0.000000 0.000000 0.000000 0.000000
-0.008156 -0.037818 -0.068892 -0.071022 -0.094015 -0.115691 -0.139187 -0.162832 -0.186100 -0.209537 -0.233334 -0.257372 -0.281654 -0.306009 -0.330197 -0.353904 -0.376271 -0.396712 -0.414040 -0.422735 -0.455747 0.000000 0.000000 0.000000 0.000000 0.000000 0.000000 0.000000 0.000000 0.000000 0.000000 0.000000 0.000000 0.000000 0.000000 0.000000 0.000000 0.000000 0.000000 0.000000 0.000000 0.000000 0.000000 0.000000 0.000000 0.000000 0.000000 0.000000 0.000000 0.000000
0.000550 -0.013692 -0.072494 -0.073228 -0.098527 -0.123731 -0.146814 -0.171805 -0.196609 -0.221698 -0.247345 -0.273474 -0.300153 -0.327261 -0.354612 -0.381828 -0.408263 -0.432831 -0.453594 -0.465437 -0.545238 0.000000 0.000000 0.000000 0.000000 0.000000 0.000000 0.000000 0.000000 0.000000 0.000000 0.000000 0.000000 0.000000 0.000000 0.000000 0.000000 0.000000 0.000000 0.000000 0.000000 0.000000 0.000000 0.000000 0.000000 0.000000 0.000000 0.000000 0.000000 0.000000
-0.013447 -0.013963 -0.076273 -0.078389 -0.102764 -0.128590 -0.154347 -0.180484 -0.206723 -0.233388 -0.260828 -0.289040 -0.318178 -0.348230 -0.379083 -0.410510 -0.441594 -0.471827 -0.496825 -0.514229 -0.558654 0.000000 0.000000 0.000000 0.000000 0.000000 0.000000 0.000000 0.000000 0.000000 0.000000 0.000000 0.000000 0.000000 0.000000 0.000000 0.000000 0.000000 0.000000 0.000000 0.000000 0.000000 0.000000 0.000000 0.000000 0.000000 0.000000 0.000000 0.000000 0.000000
-0.009208 -0.014938 -0.080347 -0.083081 -0.107994 -0.133964 -0.161327 -0.188781 -0.216284 -0.244412 -0.273560 -0.303811 -0.335464 -0.368621 -0.403485 -0.439769 -0.477189 -0.514121 -0.547883 -0.571978 -0.624104 0.000000 0.000000 0.000000 0.000000 0.000000 0.000000 0.000000 0.000000 0.000000 0.000000 0.000000 0.000000 0.000000 0.000000 0.000000 0.000000 0.000000 0.000000 0.000000 0.000000 0.000000 0.000000 0.000000 0.000000 0.000000 0.000000 0.000000 0.000000 0.000000
-0.010882 -0.046975 -0.083623 -0.083319 -0.114775 -0.140416 -0.167677 -0.196358 -0.225020 -0.254423 -0.285052 -0.317100 -0.351011 -0.387149 -0.425935 -0.467818 -0.512304 -0.558991 -0.603023 -0.640777 -0.756905 0.000000 0.000000 0.000000 0.000000 0.000000 0.000000 0.000000 0.000000 0.000000 0.000000 0.000000 0.000000 0.000000 0.000000 0.000000 0.000000 0.000000 0.000000 0.000000 0.000000 0.000000 0.000000 0.000000 0.000000 0.000000 0.000000 0.000000 0.000000 0.000000
-0.018814 -0.049197 -0.086622 -0.087646 -0.116129 -0.145261 -0.174141 -0.203377 -0.232896 -0.263327 -0.295154 -0.328701 -0.364611 -0.403513 -0.446440 -0.494107 -0.548168 -0.607000 -0.672920 -0.728070 -0.808435 0.000000 0.000000 0.000000 0.000000 0.000000 0.000000 0.000000 0.000000 0.000000 0.000000 0.000000 0.000000 0.000000 0.000000 0.000000 0.000000 0.000000 0.000000 0.000000 0.000000 0.000000 0.000000 0.000000 0.000000 0.000000 0.000000 0.000000 0.000000 0.000000
-0.011713 -0.018752 -0.089882 -0.091710 -0.121941 -0.149398 -0.178825 -0.209446 -0.239675 -0.270766 -0.303295 -0.337666 -0.374632 -0.415116 -0.460404 -0.512501 -0.573181 -0.648915 -0.735701 -0.864849 -0.827665 0.000000 0.000000 0.000000 0.000000 0.000000 0.000000 0.000000 0.000000 0.000000 0.000000 0.000000 0.000000 0.000000 0.000000 0.000000 0.000000 0.000000 0.000000 0.000000 0.000000 0.000000 0.000000 0.000000 0.000000 0.000000 0.000000 0.000000 0.000000 0.000000
-0.013006 -0.053030 -0.092787 -0.093908 -0.123909 -0.154538 -0.184570 -0.214989 -0.245525 -0.276879 -0.309607 -0.344183 -0.381440 -0.422627 -0.469509 -0.525216 -0.593906 -0.683455 -0.809094 -1.046534 -0.620776 0.000000 0.000000 0.000000 0.000000 0.000000 0.000000 0.000000 0.000000 0.000000 0.000000 0.000000 0.000000 0.000000 0.000000 0.000000 0.000000 0.000000 0.000000 0.000000 0.000000 0.000000 0.000000 0.000000 0.000000 0.000000 0.000000 0.000000 0.000000 0.000000
0.006973 -0.056042 -0.095916 -0.098438 -0.129191 -0.157791 -0.188096 -0.219683 -0.250379 -0.281532 -0.313823 -0.347589 -0.383581 -0.422750 -0.466411 -0.515314 -0.574044 -0.644618 -0.720328 -0.833831 -1.679924 -0.059802 -0.042933 -0.033459 -0.031675 -0.013960 -0.005970 0.000242 0.001532 0.004846 0.009245 0.017021 0.000433 0.014579 -0.006082 -0.008663 0.000590 0.019069 -0.035287 -0.016969 0.002475 -0.023161 -0.012190 -0.022271 -0.008324 0.008114 -0.001741 -0.014586 -0.009313 -0.006919
-0.009053 -0.058222 -0.098910 -0.100055 -0.131248 -0.162955 -0.193567 -0.224077 -0.254573 -0.285137 -0.316421 -0.348595 -0.382107 -0.417449 -0.455000 -0.495343 -0.538029 -0.582199 -0.620424 -0.651222 -0.637045 -0.423273 -0.259283 -0.175509 -0.130946 -0.102590 -0.085316 -0.075652 -0.067000 -0.062592 -0.058590 -0.056501 -0.053467 -0.052124 -0.050873 -0.050013 -0.048780 -0.048235 -0.047909 -0.047486 -0.047358 -0.047044 -0.046068 -0.046070 -0.046544 -0.045314 -0.047403 -0.042469 -0.053531 -0.055872
-0.017086 -0.022560 -0.102220 -0.105410 -0.136346 -0.165880 -0.196435 -0.228152 -0.258366 -0.288063 -0.318138 -0.348453 -0.379342 -0.410969 -0.443260 -0.476141 -0.508065 -0.538268 -0.558571 -0.563609 -0.531835 -0.393993 -0.284786 -0.226428 -0.180271 -0.152675 -0.131615 -0.117600 -0.107098 -0.099646 -0.093860 -0.089674 -0.085845 -0.083245 -0.081110 -0.079677 -0.078088 -0.077182 -0.076190 -0.075519 -0.074879 -0.074536 -0.074337 -0.073793 -0.073542 -0.073500 -0.073178 -0.072476 -0.085159 -0.081434
-0.030234 -0.024328 -0.106012 -0.107149 -0.139506 -0.171990 -0.202619 -0.232393 -0.262255 -0.290935 -0.319486 -0.347622 -0.375528 -0.403053 -0.429813 -0.455148 -0.477640 -0.495068 -0.503477 -0.495410 -0.470670 -0.393836 -0.326164 -0.267549 -0.229366 -0.197374 -0.176088 -0.159207 -0.147036 -0.137670 -0.130507 -0.125015 -0.120445 -0.117034 -0.114207 -0.112052 -0.110143 -0.108751 -0.107561 -0.106647 -0.105862 -0.105295 -0.104609 -0.104366 -0.103833 -0.103671 -0.103628 -0.102600 -0.111428 -0.089710
-0.034315 -0.052302 -0.110218 -0.144459 -0.144918 -0.175448 -0.205820 -0.237157 -0.266479 -0.293940 -0.321104 -0.347171 -0.372469 -0.396620 -0.419209 -0.439458 -0.456068 -0.467212 -0.469761 -0.459455 -0.435365 -0.383838 -0.334692 -0.294289 -0.259686 -0.233170 -0.211751 -0.195136 -0.182193 -0.171995 -0.163991 -0.157645 -0.152505 -0.148459 -0.145154 -0.142562 -0.140355 -0.138664 -0.137206 -0.136098 -0.135126 -0.134474 -0.133824 -0.133502 -0.133079 -0.132779 -0.131805 -0.132171 -0.122073 -0.131153
-0.011174 -0.066683 -0.106222 -0.142058 -0.175304 -0.208438 -0.239416 -0.241847 -0.269349 -0.297165 -0.323485 -0.348060 -0.371038 -0.392270 -0.410760 -0.426800 -0.439050 -0.445849 -0.445885 -0.435839 -0.417764 -0.383833 -0.350157 -0.315787 -0.288491 -0.263684 -0.244644 -0.228364 -0.215748 -0.205311 -0.197036 -0.190289 -0.184811 -0.180385 -0.176756 -0.173831 -0.171390 -0.169446 -0.167811 -0.166533 -0.165413 -0.164636 -0.163805 -0.163447 -0.162720 -0.162409 -0.161939 -0.161961 -0.140621 -0.144653
-0.017820 -0.088453 -0.121203 -0.124356 -0.155596 -0.187828 -0.218687 -0.249316 -0.277661 -0.302848 -0.327299 -0.349354 -0.370049 -0.388583 -0.404804 -0.417964 -0.427439 -0.432003 -0.430877 -0.422192 -0.407094 -0.382769 -0.357300 -0.332098 -0.309181 -0.288907 -0.271681 -0.257008 -0.244968 -0.234890 -0.226675 -0.219867 -0.214293 -0.209708 -0.205941 -0.202858 -0.200303 -0.198237 -0.196507 -0.195166 -0.193982 -0.193231 -0.192366 -0.192216 -0.191400 -0.191540 -0.190471 -0.191063 -0.183453 -0.173715
-0.034007 -0.090854 -0.129905 -0.130747 -0.169792 -0.197841 -0.231159 -0.256624 -0.287055 -0.310012 -0.334149 -0.354468 -0.373359 -0.389759 -0.403806 -0.414842 -0.422456 -0.425844 -0.424663 -0.417778 -0.406325 -0.388802 -0.370005 -0.349735 -0.331433 -0.314022 -0.299221 -0.286025 -0.275039 -0.265582 -0.257754 -0.251132 -0.245656 -0.241071 -0.237279 -0.234116 -0.231488 -0.229322 -0.227495 -0.226055 -0.224742 -0.223902 -0.222846 -0.222640 -0.221573 -0.221812 -0.220020 -0.220656 -0.210686 -0.217885
-0.033961 -0.099679 -0.137090 -0.138536 -0.173862 -0.207518 -0.237985 -0.267133 -0.293574 -0.317054 -0.339013 -0.357712 -0.374887 -0.389420 -0.401659 -0.411034 -0.417308 -0.419996 -0.418855 -0.413337 -0.404288 -0.391157 -0.376661 -0.361144 -0.346224 -0.332017 -0.319321 -0.307882 -0.298053 -0.289459 -0.282230 -0.276011 -0.270839 -0.266450 -0.262829 -0.259771 -0.257251 -0.255161 -0.253423 -0.252087 -0.250891 -0.250222 -0.249322 -0.249530 -0.248391 -0.249329 -0.247470 -0.248621 -0.246905 -0.239386
-0.038112 -0.105625 -0.153361 -0.155354 -0.194222 -0.221931 -0.258982 -0.279946 -0.311671 -0.329263 -0.353693 -0.369903 -0.386395 -0.399351 -0.410260 -0.418505 -0.423961 -0.426434 -0.425771 -0.421742 -0.415007 -0.405237 -0.394216 -0.381998 -0.370104 -0.358362 -0.347726 -0.337874 -0.329307 -0.321603 -0.315101 -0.309332 -0.304549 -0.300377 -0.296943 -0.293922 -0.291434 -0.289285 -0.287484 -0.286004 -0.284641 -0.283723 -0.282508 -0.282623 -0.281049 -0.282066 -0.278047 -0.279572 -0.289184 -0.271136
-0.035342 -0.115059 -0.162254 -0.162781 -0.201490 -0.234363 -0.267554 -0.291908 -0.317687 -0.337227 -0.356112 -0.372297 -0.386331 -0.398016 -0.407545 -0.414681 -0.419351 -0.421444 -0.420960 -0.417774 -0.412503 -0.405023 -0.396406 -0.386855 -0.377286 -0.367726 -0.358860 -0.350532 -0.343194 -0.336461 -0.330803 -0.325653 -0.321429 -0.317723 -0.314753 -0.312085 -0.309953 -0.308076 -0.306633 -0.305446 -0.304669 -0.303785 -0.303947 -0.305010 -0.303628 -0.307338 -0.301044 -0.304561 -0.310708 -0.289249
-0.033554 -0.065274 -0.196264 -0.193186 -0.238033 -0.260293 -0.302872 -0.316172 -0.350312 -0.362943 -0.385725 -0.397641 -0.411731 -0.421769 -0.430410 -0.436842 -0.440927 -0.443028 -0.443018 -0.440853 -0.437322 -0.431915 -0.425527 -0.418250 -0.410911 -0.403220 -0.396175 -0.389268 -0.383355 -0.377461 -0.372829 -0.368075 -0.364490 -0.361061 -0.358482 -0.355700 -0.353591 -0.351438 -0.349912 -0.348288 -0.347326 -0.345738 -0.345889 -0.344520 -0.343630 -0.344065 -0.333465 -0.340005 -0.347618 -0.332429
-0.041372 -0.124214 -0.201246 -0.203132 -0.245750 -0.273838 -0.307916 -0.325509 -0.347896 -0.364090 -0.378703 -0.391802 -0.402062 -0.410975 -0.418038 -0.423479 -0.427055 -0.428670 -0.428671 -0.426767 -0.424187 -0.420189 -0.415243 -0.409667 -0.403980 -0.397790 -0.392090 -0.386449 -0.381630 -0.376582 -0.372944 -0.368745 -0.365726 -0.363065 -0.361368 -0.359244 -0.357711 -0.355942 -0.355114 -0.354264 -0.354787 -0.353011 -0.356887 -0.354872 -0.360277 -0.361453 -0.350115 -0.359253 -0.371938 -0.357633
-0.046779 -0.168508 -0.264861 -0.260745 -0.307199 -0.325897 -0.368733 -0.375504 -0.403790 -0.412388 -0.430748 -0.439645 -0.449851 -0.456580 -0.463358 -0.467439 -0.470743 -0.471994 -0.472214 -0.470995 -0.470818 -0.468737 -0.465531 -0.461779 -0.458151 -0.452975 -0.449015 -0.444444 -0.441630 -0.436826 -0.435065 -0.430525 -0.428702 -0.426486 -0.425873 -0.422812 -0.421050 -0.418312 -0.417502 -0.415488 -0.414234 -0.411189 -0.413408 -0.410359 -0.412936 -0.407573 -0.397540 -0.400095 -0.398425 -0.401137
-0.065192 -0.137465 -0.256654 -0.276237 -0.313093 -0.335487 -0.363062 -0.378256 -0.389550 -0.400637 -0.411195 -0.420944 -0.427798 -0.433434 -0.438124 -0.441282 -0.443573 -0.443750 -0.442975 -0.440874 -0.439225 -0.437755 -0.435234 -0.432636 -0.430253 -0.426847 -0.423702 -0.420768 -0.418521 -0.415307 -0.413857 -0.410690 -0.408263 -0.407153 -0.407098 -0.406208 -0.404080 -0.402762 -0.401676 -0.401304 -0.401991 -0.399998 -0.403839 -0.404223 -0.413088 -0.405885 -0.392570 -0.409051 -0.421432 -0.447695
-0.092174 -0.249523 -0.284547 -0.304640 -0.326091 -0.355909 -0.379237 -0.397283 -0.411741 -0.423696 -0.432492 -0.440148 -0.446338 -0.451429 -0.455344 -0.458468 -0.460647 -0.461935 -0.462378 -0.462062 -0.460623 -0.458597 -0.455937 -0.452911 -0.449569 -0.446489 -0.443198 -0.440246 -0.436537 -0.432075 -0.429585 -0.427526 -0.425427 -0.423942 -0.422086 -0.421468 -0.420060 -0.419746 -0.417932 -0.416969 -0.416002 -0.413944 -0.412691 -0.410024 -0.410764 -0.411408 -0.403934 -0.433552 -0.422908 -0.425211
-0.128870 -0.396219 -0.436893 -0.446391 -0.421450 -0.474768 -0.483985 -0.482943 -0.486752 -0.485186 -0.491534 -0.497047 -0.502050 -0.510738 -0.513689 -0.514778 -0.515896 -0.513483 -0.508143 -0.505383 -0.504629 -0.504547 -0.503922 -0.505861 -0.495124 -0.491065 -0.490655 -0.495332 -0.509048 -0.509128 -0.509553 -0.494478 -0.504171 -0.504546 -0.505865 -0.503327 -0.496917 -0.501950 -0.497558 -0.493473 -0.495183 -0.497810 -0.492909 -0.499543 -0.491235 -0.482352 -0.442447 -0.424706 -0.434330 -0.503624
-0.437762 -0.562346 -0.502730 -0.502963 -0.508099 -0.512427 -0.473163 -0.502948 -0.458653 -0.507920 -0.509801 -0.510140 -0.494891 -0.478618 -0.502626 -0.471296 -0.511337 -0.482448 -0.464682 -0.508472 -0.507985 -0.501340 -0.493462 -0.500558 -0.473354 -0.488804 -0.424072 -0.507341 -0.488285 -0.485450 -0.507660 -0.480983 -0.492490 -0.500689 -0.494337 -0.530612 -0.480675 -0.513955 -0.508225 -0.502888 -0.503261 -0.499121 -0.502899 -0.499898 -0.509123 -0.515391 -0.429958 -0.518287 -0.514815 -0.534467
