-0.129522 -0.128303 -0.122198 -0.123887 -0.118896 -0.102614 -0.112346 -0.110215 -0.102197 -0.109106 -0.099629 -0.121285 -0.091162 -0.084771 -0.061405 -0.064535 -0.084101 -0.054734 -0.069118 -0.048247 -0.038072 -0.048879 -0.031160 -0.027948 -0.024320 -0.022775 -0.012968 -0.015893 -0.012011 -0.011335 -0.009474 -0.012869 -0.005157 -0.005526 -0.004722 -0.002662 -0.002947 -0.002588 -0.001869 -0.001498 -0.000916 -0.000503 -0.000362 0.000000 0.000000 0.000000 0.000000 0.000000 0.000000 0.000000
-0.124199 -0.123039 -0.130177 -0.134329 -0.132700 -0.119626 -0.115644 -0.113789 -0.107229 -0.112482 -0.107999 -0.091361 -0.085663 -0.082586 -0.076522 -0.070388 -0.064324 -0.063544 -0.052665 -0.051176 -0.041981 -0.037115 -0.032603 -0.030362 -0.029587 -0.021444 -0.018468 -0.019143 -0.013521 -0.012123 -0.010228 -0.008644 -0.007291 -0.006067 -0.005003 -0.004084 -0.003559 -0.002847 -0.002214 -0.001692 -0.001133 -0.000851 -0.000079 0.000000 0.000000 0.000000 0.000000 0.000000 0.000000 0.000000
-0.125203 -0.120380 -0.132126 -0.127204 -0.130645 -0.126028 -0.123256 -0.118595 -0.114534 -0.109378 -0.104210 -0.098481 -0.092445 -0.086257 -0.079981 -0.073557 -0.067158 -0.060850 -0.054711 -0.048817 -0.043247 -0.038060 -0.033275 -0.028930 -0.025018 -0.021532 -0.018450 -0.015640 -0.013289 -0.011345 -0.009581 -0.007988 -0.006747 -0.005617 -0.004645 -0.003799 -0.003074 -0.002417 -0.001859 -0.001298 -0.000853 -0.000597 -0.000113 0.000000 0.000000 0.000000 0.000000 0.000000 0.000000 0.000000
-0.114909 -0.142983 -0.131805 -0.127027 -0.128555 -0.124740 -0.122759 -0.118415 -0.114438 -0.109317 -0.104165 -0.098429 -0.093330 -0.086835 -0.079900 -0.073474 -0.067080 -0.060755 -0.054591 -0.048686 -0.043131 -0.037937 -0.033142 -0.028793 -0.024882 -0.021396 -0.018327 -0.014485 -0.012238 -0.011256 -0.009501 -0.007247 -0.006690 -0.005571 -0.004604 -0.003770 -0.003051 -0.002404 -0.001870 -0.001327 -0.000975 -0.000751 -0.000135 0.000000 0.000000 0.000000 0.000000 0.000000 0.000000 0.000000
-0.141460 -0.147140 -0.134909 -0.126736 -0.134992 -0.123949 -0.124073 -0.119806 -0.116126 -0.110809 -0.105481 -0.099486 -0.093281 -0.086777 -0.080142 -0.073419 -0.066710 -0.060109 -0.053719 -0.047604 -0.041847 -0.036525 -0.031666 -0.027294 -0.023405 -0.019979 -0.016984 -0.014392 -0.012154 -0.010232 -0.008592 -0.007189 -0.005996 -0.004968 -0.004104 -0.003328 -0.002712 -0.002103 -0.001654 -0.001163 -0.000809 -0.000251 -0.000151 0.000000 0.000000 0.000000 0.000000 0.000000 0.000000 0.000000
-0.140024 -0.136655 -0.137101 -0.131704 -0.133356 -0.129067 -0.126910 -0.122187 -0.118010 -0.112495 -0.106928 -0.100684 -0.094208 -0.087406 -0.080441 -0.073374 -0.066322 -0.059382 -0.052659 -0.046263 -0.040281 -0.034791 -0.029837 -0.025433 -0.021573 -0.018220 -0.015338 -0.012874 -0.010780 -0.009007 -0.007510 -0.006245 -0.005180 -0.004275 -0.003517 -0.002855 -0.002295 -0.001801 -0.001370 -0.000988 -0.000700 -0.000623 -0.000104 0.000000 0.000000 0.000000 0.000000 0.000000 0.000000 0.000000
-0.133720 -0.136134 -0.140942 -0.131960 -0.137856 -0.129884 -0.128964 -0.124575 -0.120500 -0.114764 -0.108928 -0.102330 -0.095474 -0.088245 -0.080833 -0.073301 -0.065773 -0.058375 -0.051222 -0.044452 -0.038165 -0.032463 -0.027399 -0.022974 -0.019175 -0.015937 -0.013214 -0.010933 -0.009034 -0.007456 -0.006148 -0.005062 -0.004162 -0.003409 -0.002784 -0.002252 -0.001807 -0.001413 -0.001087 -0.000761 -0.000533 0.000040 0.000172 0.000000 0.000000 0.000000 0.000000 0.000000 0.000000 0.000000
-0.127133 -0.150285 -0.144812 -0.138795 -0.142194 -0.135683 -0.133548 -0.128246 -0.123639 -0.117513 -0.111290 -0.104285 -0.096981 -0.089261 -0.081318 -0.073225 -0.065117 -0.057149 -0.049446 -0.042198 -0.035522 -0.029559 -0.024375 -0.019946 -0.016252 -0.013185 -0.010685 -0.008645 -0.006998 -0.005664 -0.004590 -0.003719 -0.003014 -0.002438 -0.001969 -0.001576 -0.001255 -0.000973 -0.000746 -0.000521 -0.000366 0.000164 -0.000049 0.000000 0.000000 0.000000 0.000000 0.000000 0.000000 0.000000
-0.134981 -0.167355 -0.149830 -0.140126 -0.144719 -0.139128 -0.137209 -0.132016 -0.127227 -0.120784 -0.114165 -0.106684 -0.098846 -0.090529 -0.081934 -0.073148 -0.064310 -0.055618 -0.047211 -0.039349 -0.032179 -0.025899 -0.020599 -0.016206 -0.012686 -0.009863 -0.007665 -0.005942 -0.004619 -0.003593 -0.002804 -0.002193 -0.001720 -0.001351 -0.001062 -0.000831 -0.000648 -0.000495 -0.000374 -0.000256 -0.000179 -0.000361 -0.000350 0.000000 0.000000 0.000000 0.000000 0.000000 0.000000 0.000000
-0.163316 -0.157914 -0.155257 -0.148432 -0.152962 -0.144284 -0.142236 -0.136673 -0.131534 -0.124659 -0.117566 -0.109539 -0.101088 -0.092082 -0.082721 -0.073110 -0.063383 -0.053795 -0.044485 -0.035832 -0.028005 -0.021333 -0.015924 -0.011620 -0.008376 -0.005921 -0.004151 -0.002850 -0.001940 -0.001289 -0.000842 -0.000533 -0.000325 -0.000186 -0.000096 -0.000040 -0.000006 0.000011 0.000018 0.000018 0.000014 0.000392 -0.000133 0.000000 0.000000 0.000000 0.000000 0.000000 0.000000 0.000000
-0.155294 -0.155315 -0.161826 -0.151373 -0.155994 -0.150399 -0.148015 -0.142034 -0.136524 -0.129191 -0.121581 -0.112944 -0.103794 -0.093993 -0.083731 -0.073128 -0.062306 -0.051588 -0.041122 -0.031424 -0.022756 -0.015582 -0.010135 -0.006072 -0.003271 -0.001354 -0.000140 0.000618 0.001023 0.001222 0.001270 0.001236 0.001147 0.001033 0.000906 0.000776 0.000652 0.000526 0.000419 0.000301 0.000216 0.000457 0.000160 0.000000 0.000000 0.000000 0.000000 0.000000 0.000000 0.000000
-0.157952 -0.179078 -0.168938 -0.161559 -0.166365 -0.156530 -0.154203 -0.148102 -0.142252 -0.134444 -0.126282 -0.116980 -0.107062 -0.096374 -0.085088 -0.073340 -0.061208 -0.049112 -0.037120 -0.025999 -0.016062 -0.008268 -0.002897 0.000742 0.002809 0.003972 0.004386 0.004459 0.004226 0.003893 0.003482 0.003064 0.002652 0.002267 0.001915 0.001591 0.001306 0.001037 0.000813 0.000575 0.000409 0.000569 0.000111 0.000000 0.000000 0.000000 0.000000 0.000000 0.000000 0.000000
-0.172117 -0.181097 -0.178050 -0.173846 -0.174468 -0.167314 -0.163359 -0.157037 -0.149770 -0.141546 -0.132368 -0.122290 -0.111294 -0.099543 -0.087009 -0.073844 -0.060112 -0.046174 -0.032251 -0.019085 -0.007477 0.001028 0.006026 0.008820 0.009818 0.009860 0.009347 0.008542 0.007579 0.006631 0.005714 0.004884 0.004133 0.003470 0.002890 0.002374 0.001932 0.001522 0.001189 0.000840 0.000596 0.000133 0.000107 0.000000 0.000000 0.000000 0.000000 0.000000 0.000000 0.000000
-0.187020 -0.177304 -0.186344 -0.177678 -0.183426 -0.172614 -0.169954 -0.163032 -0.156409 -0.147535 -0.138175 -0.127412 -0.115777 -0.103062 -0.089354 -0.074792 -0.059246 -0.043348 -0.026614 -0.011441 0.003484 0.013567 0.017306 0.019274 0.017875 0.016904 0.014676 0.012863 0.010971 0.009354 0.007887 0.006630 0.005537 0.004601 0.003798 0.003100 0.002509 0.001971 0.001532 0.001080 0.000769 0.000277 0.000031 0.000000 0.000000 0.000000 0.000000 0.000000 0.000000 0.000000
-0.205232 -0.211714 -0.196543 -0.184211 -0.189787 -0.182759 -0.179921 -0.171928 -0.165047 -0.155562 -0.145598 -0.134070 -0.121530 -0.107716 -0.092649 -0.076399 -0.058737 -0.040057 -0.019995 -0.000866 0.018800 0.030013 0.031843 0.030541 0.027242 0.023782 0.020101 0.016992 0.014207 0.011866 0.009869 0.008198 0.006781 0.005594 0.004590 0.003726 0.003006 0.002351 0.001820 0.001287 0.000908 0.000474 0.000156 0.000000 0.000000 0.000000 0.000000 0.000000 0.000000 0.000000
-0.209950 -0.223882 -0.207551 -0.198635 -0.204658 -0.192776 -0.190124 -0.182027 -0.174675 -0.164706 -0.154158 -0.141908 -0.128505 -0.113648 -0.097296 -0.079464 -0.059711 -0.038299 -0.014634 0.010933 0.038663 0.054169 0.050657 0.045344 0.036882 0.030781 0.025240 0.020836 0.017079 0.014077 0.011568 0.009516 0.007815 0.006409 0.005236 0.004237 0.003406 0.002664 0.002062 0.001454 0.001039 0.000489 0.000128 0.000000 0.000000 0.000000 0.000000 0.000000 0.000000 0.000000
-0.213434 -0.210806 -0.220042 -0.206381 -0.212884 -0.205104 -0.201708 -0.193254 -0.185581 -0.175088 -0.163993 -0.151063 -0.136841 -0.120998 -0.103388 -0.083942 -0.061962 -0.037004 -0.008255 0.026884 0.068617 0.088928 0.074875 0.058272 0.046087 0.036445 0.029305 0.023556 0.019048 0.015467 0.012632 0.010340 0.008441 0.006913 0.005629 0.004537 0.003650 0.002840 0.002192 0.001545 0.001098 0.000619 0.000179 0.000000 0.000000 0.000000 0.000000 0.000000 0.000000 0.000000
-0.244514 -0.223583 -0.233301 -0.223934 -0.227557 -0.218178 -0.214983 -0.205698 -0.197760 -0.186789 -0.175206 -0.161682 -0.146777 -0.130105 -0.111600 -0.091017 -0.067762 -0.041385 -0.009365 0.026502 0.079444 0.158071 0.089037 0.072616 0.050415 0.040972 0.031562 0.026200 0.019827 0.015582 0.010206 0.010023 0.008839 0.004745 0.005629 0.003283 0.002647 0.002701 0.002374 0.001454 0.000937 0.000813 0.000087 0.000000 0.000000 0.000000 0.000000 0.000000 0.000000 0.000000
-0.260848 -0.266560 -0.248019 -0.236979 -0.245006 -0.231829 -0.229009 -0.219412 -0.211254 -0.199897 -0.187904 -0.173889 -0.158410 -0.141174 -0.121969 -0.101024 -0.077599 -0.052033 -0.024302 0.007503 0.017180 0.000000 0.000000 0.000000 0.000000 0.000000 0.000000 0.000000 0.000000 0.000000 0.000000 0.000000 0.000000 0.000000 0.000000 0.000000 0.000000 0.000000 0.000000 0.000000 0.000000 0.000000 0.000000 0.000000 0.000000 0.000000 0.000000 0.000000 0.000000 0.000000
-0.245551 -0.283811 -0.263932 -0.248058 -0.256263 -0.247170 -0.244313 -0.234470 -0.226145 -0.214468 -0.202149 -0.187687 -0.171790 -0.153959 -0.134494 -0.112833 -0.090354 -0.065180 -0.041805 -0.014725 -0.010649 0.000000 0.000000 0.000000 0.000000 0.000000 0.000000 0.000000 0.000000 0.000000 0.000000 0.000000 0.000000 0.000000 0.000000 0.000000 0.000000 0.000000 0.000000 0.000000 0.000000 0.000000 0.000000 0.000000 0.000000 0.000000 0.000000 0.000000 0.000000 0.000000
-0.276514 -0.268124 -0.280936 -0.269120 -0.277466 -0.263396 -0.261053 -0.250884 -0.242491 -0.230569 -0.217997 -0.203215 -0.186858 -0.168720 -0.148444 -0.126894 -0.102781 -0.078996 -0.052566 -0.028964 -0.016519 0.000000 0.000000 0.000000 0.000000 0.000000 0.000000 0.000000 0.000000 0.000000 0.000000 0.000000 0.000000 0.000000 0.000000 0.000000 0.000000 0.000000 0.000000 0.000000 0.000000 0.000000 0.000000 0.000000 0.000000 0.000000 0.000000 0.000000 0.000000 0.000000
-0.275614 -0.319882 -0.299326 -0.281739 -0.290851 -0.281456 -0.278998 -0.268774 -0.260341 -0.248248 -0.235501 -0.220427 -0.203732 -0.185021 -0.164334 -0.141602 -0.117229 -0.091044 -0.064752 -0.037984 -0.022419 0.000000 0.000000 0.000000 0.000000 0.000000 0.000000 0.000000 0.000000 0.000000 0.000000 0.000000 0.000000 0.000000 0.000000 0.000000 0.000000 0.000000 0.000000 0.000000 0.000000 0.000000 0.000000 0.000000 0.000000 0.000000 0.000000 0.000000 0.000000 0.000000
-0.286328 -0.305889 -0.318650 -0.306257 -0.315326 -0.300311 -0.298460 -0.288072 -0.279720 -0.267568 -0.254749 -0.239520 -0.222535 -0.203460 -0.182045 -0.158729 -0.132653 -0.105448 -0.074946 -0.045859 -0.007495 0.000000 0.000000 0.000000 0.000000 0.000000 0.000000 0.000000 0.000000 0.000000 0.000000 0.000000 0.000000 0.000000 0.000000 0.000000 0.000000 0.000000 0.000000 0.000000 0.000000 0.000000 0.000000 0.000000 0.000000 0.000000 0.000000 0.000000 0.000000 0.000000
-0.325477 -0.362512 -0.339709 -0.320375 -0.331052 -0.321217 -0.319202 -0.308918 -0.300693 -0.288575 -0.275796 -0.260495 -0.243352 -0.223847 -0.201835 -0.177348 -0.149837 -0.119805 -0.087779 -0.055191 -0.016305 0.000000 0.000000 0.000000 0.000000 0.000000 0.000000 0.000000 0.000000 0.000000 0.000000 0.000000 0.000000 0.000000 0.000000 0.000000 0.000000 0.000000 0.000000 0.000000 0.000000 0.000000 0.000000 0.000000 0.000000 0.000000 0.000000 0.000000 0.000000 0.000000
-0.361754 -0.384316 -0.361590 -0.348022 -0.358530 -0.342842 -0.341646 -0.331235 -0.323267 -0.311325 -0.298753 -0.283589 -0.266479 -0.246820 -0.224275 -0.198852 -0.169587 -0.137296 -0.100026 -0.064921 -0.015025 0.000000 0.000000 0.000000 0.000000 0.000000 0.000000 0.000000 0.000000 0.000000 0.000000 0.000000 0.000000 0.000000 0.000000 0.000000 0.000000 0.000000 0.000000 0.000000 0.000000 0.000000 0.000000 0.000000 0.000000 0.000000 0.000000 0.000000 0.000000 0.000000
-0.366924 -0.371720 -0.384948 -0.364096 -0.377991 -0.366475 -0.364754 -0.354981 -0.347371 -0.335801 -0.323626 -0.308817 -0.291999 -0.272415 -0.249685 -0.223341 -0.192665 -0.157484 -0.116083 -0.077137 -0.021774 0.000000 0.000000 0.000000 0.000000 0.000000 0.000000 0.000000 0.000000 0.000000 0.000000 0.000000 0.000000 0.000000 0.000000 0.000000 0.000000 0.000000 0.000000 0.000000 0.000000 0.000000 0.000000 0.000000 0.000000 0.000000 0.000000 0.000000 0.000000 0.000000
-0.385342 -0.396799 -0.409118 -0.391475 -0.400918 -0.391067 -0.390011 -0.380240 -0.373133 -0.362053 -0.350525 -0.336403 -0.320279 -0.301301 -0.278873 -0.252353 -0.220351 -0.182946 -0.136589 -0.090944 -0.018847 0.000000 0.000000 0.000000 0.000000 0.000000 0.000000 0.000000 0.000000 0.000000 0.000000 0.000000 0.000000 0.000000 0.000000 0.000000 0.000000 0.000000 0.000000 0.000000 0.000000 0.000000 0.000000 0.000000 0.000000 0.000000 0.000000 0.000000 0.000000 0.000000
-0.424364 -0.421510 -0.434612 -0.419376 -0.429059 -0.416563 -0.416093 -0.406705 -0.400245 -0.389899 -0.379276 -0.366176 -0.351213 -0.333355 -0.312056 -0.285834 -0.253670 -0.212716 -0.162748 -0.109921 -0.020436 0.000000 0.000000 0.000000 0.000000 0.000000 0.000000 0.000000 0.000000 0.000000 0.000000 0.000000 0.000000 0.000000 0.000000 0.000000 0.000000 0.000000 0.000000 0.000000 0.000000 0.000000 0.000000 0.000000 0.000000 0.000000 0.000000 0.000000 0.000000 0.000000
-0.448066 -0.490523 -0.461074 -0.443692 -0.458339 -0.442844 -0.443180 -0.434361 -0.428736 -0.419325 -0.409922 -0.398317 -0.385116 -0.369377 -0.350147 -0.326196 -0.294851 -0.253470 -0.197723 -0.129471 -0.022995 0.000000 0.000000 0.000000 0.000000 0.000000 0.000000 0.000000 0.000000 0.000000 0.000000 0.000000 0.000000 0.000000 0.000000 0.000000 0.000000 0.000000 0.000000 0.000000 0.000000 0.000000 0.000000 0.000000 0.000000 0.000000 0.000000 0.000000 0.000000 0.000000
-0.504481 -0.520393 -0.488373 -0.465318 -0.479606 -0.470268 -0.471422 -0.463038 -0.458285 -0.449930 -0.441953 -0.432151 -0.421302 -0.408377 -0.392869 -0.372498 -0.345812 -0.305201 -0.247863 -0.169223 -0.007246 0.000000 0.000000 0.000000 0.000000 0.000000 0.000000 0.000000 0.000000 0.000000 0.000000 0.000000 0.000000 0.000000 0.000000 0.000000 0.000000 0.000000 0.000000 0.000000 0.000000 0.000000 0.000000 0.000000 0.000000 0.000000 0.000000 0.000000 0.000000 0.000000
-0.540735 -0.508330 -0.516430 -0.500124 -0.514251 -0.498018 -0.499706 -0.492467 -0.488671 -0.481590 -0.475303 -0.467797 -0.459968 -0.451287 -0.440899 -0.428361 -0.409188 -0.382090 -0.326723 -0.245628 0.022208 0.000000 0.000000 0.000000 0.000000 0.000000 0.000000 0.000000 0.000000 0.000000 0.000000 0.000000 0.000000 0.000000 0.000000 0.000000 0.000000 0.000000 0.000000 0.000000 0.000000 0.000000 0.000000 0.000000 0.000000 0.000000 0.000000 0.000000 0.000000 0.000000
-0.570254 -0.580363 -0.545594 -0.521006 -0.536622 -0.527520 -0.529786 -0.522546 -0.519597 -0.513562 -0.508864 -0.503514 -0.498812 -0.494292 -0.490549 -0.486123 -0.484537 -0.473960 -0.472707 -0.433443 0.365154 0.000000 0.000000 0.000000 0.000000 0.000000 0.000000 0.000000 0.000000 0.000000 0.000000 0.000000 0.000000 0.000000 0.000000 0.000000 0.000000 0.000000 0.000000 0.000000 0.000000 0.000000 0.000000 0.000000 0.000000 0.000000 0.000000 0.000000 0.000000 0.000000
-0.594788 -0.614146 -0.575055 -0.557909 -0.573088 -0.556157 -0.558504 -0.552746 -0.550546 -0.545692 -0.542634 -0.539681 -0.538520 -0.539579 -0.544263 -0.555233 -0.575950 -0.614586 -0.683478 -0.827491 -1.350576 -1.319765 -1.252144 -1.076912 -0.962884 -0.908443 -0.797011 -0.773409 -0.744836 -0.698437 -0.646583 -0.601425 -0.526158 -0.531458 -0.458618 -0.440808 -0.464266 -0.377219 -0.366321 -0.296707 -0.281849 -0.236068 -0.230482 -0.175939 -0.147062 -0.129852 -0.092739 -0.087944 -0.057984 -0.004799
-0.608223 -0.647209 -0.605727 -0.579878 -0.596285 -0.587040 -0.589950 -0.582992 -0.581437 -0.577018 -0.574931 -0.573289 -0.573991 -0.577505 -0.585403 -0.600142 -0.623904 -0.665131 -0.728651 -0.825245 -1.002460 -1.115155 -1.035435 -0.947887 -0.878486 -0.812879 -0.760444 -0.711238 -0.667195 -0.626304 -0.587807 -0.551903 -0.517126 -0.483002 -0.449990 -0.418170 -0.386890 -0.355739 -0.325318 -0.295039 -0.264810 -0.234959 -0.205147 -0.176611 -0.145933 -0.118363 -0.085819 -0.085867 -0.043390 -0.007001
-0.643725 -0.631509 -0.636456 -0.618362 -0.633971 -0.615776 -0.618009 -0.613034 -0.611432 -0.607552 -0.606101 -0.605380 -0.607394 -0.612484 -0.622246 -0.638211 -0.663294 -0.699431 -0.752890 -0.818063 -0.916121 -0.974445 -0.951531 -0.904748 -0.849867 -0.800755 -0.750373 -0.707351 -0.664916 -0.626148 -0.588642 -0.553293 -0.518852 -0.485288 -0.452625 -0.420724 -0.389281 -0.358128 -0.327465 -0.297110 -0.266827 -0.237235 -0.206976 -0.177931 -0.147133 -0.119817 -0.087723 -0.086170 -0.045593 -0.008746
-0.694637 -0.663527 -0.668555 -0.642225 -0.659000 -0.647960 -0.650723 -0.642599 -0.641332 -0.636798 -0.635322 -0.634493 -0.636502 -0.641402 -0.650593 -0.665058 -0.686623 -0.716252 -0.756830 -0.803122 -0.861657 -0.893952 -0.876566 -0.847174 -0.811341 -0.771241 -0.731856 -0.692786 -0.654868 -0.618414 -0.582910 -0.548707 -0.515220 -0.482495 -0.450379 -0.418879 -0.387779 -0.357009 -0.326558 -0.296377 -0.266218 -0.236528 -0.206377 -0.177298 -0.146201 -0.117864 -0.085356 -0.085376 -0.046539 -0.012727
-0.726471 -0.740982 -0.700741 -0.697142 -0.695901 -0.676367 -0.677234 -0.671935 -0.669504 -0.664799 -0.662792 -0.661426 -0.662823 -0.666777 -0.674482 -0.686266 -0.703356 -0.725243 -0.753590 -0.782512 -0.815222 -0.832783 -0.827071 -0.807542 -0.778708 -0.747321 -0.712296 -0.678291 -0.643353 -0.609587 -0.575959 -0.543212 -0.510850 -0.479035 -0.447633 -0.416646 -0.385963 -0.355542 -0.325353 -0.295405 -0.265477 -0.235968 -0.206005 -0.177008 -0.146472 -0.118554 -0.087148 -0.084445 -0.035154 -0.003655
-0.730483 -0.751413 -0.737999 -0.728278 -0.722589 -0.714717 -0.707437 -0.706487 -0.700646 -0.694609 -0.689944 -0.687118 -0.686535 -0.688649 -0.693541 -0.702076 -0.714443 -0.729976 -0.749061 -0.767754 -0.786120 -0.794522 -0.787524 -0.772218 -0.749826 -0.723196 -0.693866 -0.663233 -0.631716 -0.600193 -0.568540 -0.537204 -0.506019 -0.475133 -0.444474 -0.414072 -0.383870 -0.353853 -0.323985 -0.294290 -0.264585 -0.235210 -0.205378 -0.176524 -0.145712 -0.118334 -0.085340 -0.084050 -0.047949 0.002179
-0.806202 -0.762108 -0.768541 -0.748379 -0.755775 -0.736942 -0.735001 -0.728716 -0.723833 -0.716806 -0.712531 -0.708272 -0.706688 -0.706796 -0.709561 -0.714667 -0.722437 -0.732090 -0.743573 -0.753968 -0.763035 -0.765492 -0.759267 -0.745894 -0.726381 -0.703372 -0.677010 -0.649389 -0.620296 -0.590863 -0.560927 -0.530976 -0.500937 -0.470973 -0.441072 -0.411274 -0.381573 -0.351959 -0.322436 -0.293002 -0.263573 -0.234348 -0.204801 -0.175981 -0.145651 -0.118058 -0.085737 -0.082822 -0.045837 0.002811
-0.856507 -0.800638 -0.804222 -0.778950 -0.798818 -0.768911 -0.772685 -0.753223 -0.751302 -0.739728 -0.735048 -0.728630 -0.725195 -0.722931 -0.722976 -0.724779 -0.728494 -0.733402 -0.739173 -0.743786 -0.746662 -0.744892 -0.736979 -0.724131 -0.706589 -0.685689 -0.661990 -0.636530 -0.609605 -0.581901 -0.553518 -0.524821 -0.495859 -0.466781 -0.437623 -0.408434 -0.379250 -0.350058 -0.320914 -0.291765 -0.262649 -0.233593 -0.204359 -0.175602 -0.145696 -0.118094 -0.086414 -0.084093 -0.029988 -0.005059
-0.901521 -0.865164 -0.841773 -0.814456 -0.819267 -0.803570 -0.792484 -0.783653 -0.773194 -0.763688 -0.755873 -0.747513 -0.742022 -0.737283 -0.734689 -0.733366 -0.733462 -0.734281 -0.735444 -0.735532 -0.734033 -0.729188 -0.720238 -0.707339 -0.690661 -0.671131 -0.649007 -0.625194 -0.599842 -0.573565 -0.546467 -0.518867 -0.490866 -0.462589 -0.434110 -0.405476 -0.376774 -0.347961 -0.319165 -0.290247 -0.261417 -0.232450 -0.203539 -0.174744 -0.145018 -0.117197 -0.085466 -0.082586 -0.062001 -0.012844
-0.950815 -0.882246 -0.880162 -0.853694 -0.867516 -0.832268 -0.831576 -0.806304 -0.800443 -0.782438 -0.775431 -0.763888 -0.756880 -0.749710 -0.744603 -0.740438 -0.737453 -0.734926 -0.732490 -0.729183 -0.724466 -0.717261 -0.706968 -0.693721 -0.677465 -0.658771 -0.637852 -0.615260 -0.591182 -0.566076 -0.540072 -0.513430 -0.486300 -0.458773 -0.430947 -0.402856 -0.374642 -0.346232 -0.317844 -0.289237 -0.260787 -0.232033 -0.203676 -0.174584 -0.145536 -0.117181 -0.085524 -0.084142 -0.024409 -0.011979
-0.928183 -0.932761 -0.922966 -0.896540 -0.888492 -0.867988 -0.849806 -0.835357 -0.819564 -0.805172 -0.792425 -0.780036 -0.770403 -0.761001 -0.753700 -0.746964 -0.741287 -0.735999 -0.730665 -0.724706 -0.717524 -0.708412 -0.696998 -0.683213 -0.666977 -0.648701 -0.628471 -0.606730 -0.583531 -0.559320 -0.534162 -0.508282 -0.481886 -0.454959 -0.427633 -0.399940 -0.372109 -0.343981 -0.315855 -0.287370 -0.259098 -0.230270 -0.202157 -0.171797 -0.144313 -0.113041 -0.083907 -0.082811 -0.047888 -0.031438
-1.029211 -0.942067 -0.963586 -0.935254 -0.940530 -0.897448 -0.889075 -0.857113 -0.845427 -0.822096 -0.809202 -0.792654 -0.781193 -0.769492 -0.760069 -0.751327 -0.743392 -0.735925 -0.728391 -0.720455 -0.711541 -0.701044 -0.688730 -0.674523 -0.658264 -0.640270 -0.620588 -0.599523 -0.577051 -0.553622 -0.529215 -0.504004 -0.478324 -0.452054 -0.425263 -0.397995 -0.370540 -0.342801 -0.315064 -0.287088 -0.258862 -0.230907 -0.202617 -0.174107 -0.145380 -0.115449 -0.084710 -0.086631 -0.027158 -0.012461
-1.113802 -1.104341 -1.012435 -0.985215 -0.968021 -0.933020 -0.909966 -0.882308 -0.862217 -0.840896 -0.823233 -0.806339 -0.791497 -0.778455 -0.766569 -0.755870 -0.746048 -0.736554 -0.727290 -0.717898 -0.707721 -0.695916 -0.682719 -0.668013 -0.651443 -0.633461 -0.614066 -0.593428 -0.571328 -0.548331 -0.524404 -0.499503 -0.474467 -0.448516 -0.421888 -0.394681 -0.367410 -0.339927 -0.312135 -0.284126 -0.255412 -0.227970 -0.198828 -0.170746 -0.141326 -0.110971 -0.081029 -0.083631 -0.047515 -0.028947
-1.153221 -1.073287 -1.053357 -1.027378 -1.012900 -0.962227 -0.941690 -0.902425 -0.880554 -0.854052 -0.835201 -0.814973 -0.798738 -0.783217 -0.769884 -0.757192 -0.745852 -0.734350 -0.723691 -0.712549 -0.701425 -0.688968 -0.675333 -0.660427 -0.644050 -0.625998 -0.607060 -0.586554 -0.565193 -0.542347 -0.519382 -0.494512 -0.470245 -0.444690 -0.419098 -0.391868 -0.365058 -0.337518 -0.310162 -0.282437 -0.254719 -0.226492 -0.199738 -0.171381 -0.143440 -0.112648 -0.089893 -0.097432 -0.028247 -0.001293
-1.175767 -1.089102 -1.051184 -1.083571 -1.045730 -0.993849 -0.961047 -0.923162 -0.895030 -0.869434 -0.846104 -0.825374 -0.806342 -0.789761 -0.774107 -0.760469 -0.747452 -0.735075 -0.723711 -0.711971 -0.699726 -0.686482 -0.672275 -0.657028 -0.640247 -0.622561 -0.603693 -0.583943 -0.562339 -0.540260 -0.516559 -0.492849 -0.468124 -0.442586 -0.415988 -0.389088 -0.362221 -0.335198 -0.307707 -0.280023 -0.251751 -0.223937 -0.195856 -0.168112 -0.140231 -0.105492 -0.073640 -0.090834 -0.043565 -0.033971
-1.281146 -1.176717 -1.109188 -1.067619 -1.064913 -1.005113 -0.968495 -0.930036 -0.900613 -0.872778 -0.849311 -0.828486 -0.810108 -0.793401 -0.778526 -0.764737 -0.751968 -0.739800 -0.727983 -0.716109 -0.703463 -0.690166 -0.675867 -0.660279 -0.643606 -0.625935 -0.606989 -0.586901 -0.565368 -0.542683 -0.519353 -0.495313 -0.470370 -0.444689 -0.418142 -0.391338 -0.364150 -0.337120 -0.309620 -0.280548 -0.253295 -0.222447 -0.194800 -0.163597 -0.137107 -0.111206 -0.105140 -0.083687 -0.056964 0.007930
-1.447096 -1.323515 -1.190030 -1.174216 -1.035478 -1.021330 -1.007758 -0.948742 -0.938128 -0.882863 -0.853936 -0.838322 -0.817015 -0.822622 -0.803304 -0.790230 -0.775557 -0.762686 -0.750344 -0.737923 -0.723972 -0.708243 -0.694477 -0.676916 -0.652606 -0.606912 -0.589618 -0.595693 -0.580960 -0.557747 -0.532767 -0.479313 -0.484922 -0.456555 -0.433011 -0.407641 -0.368175 -0.381456 -0.352697 -0.277032 -0.293877 -0.218924 -0.234687 -0.158971 -0.174995 -0.113621 -0.083655 -0.045966 -0.016971 -0.001094
-0.682263 -0.518901 -0.388293 -0.400443 -0.403749 -0.360592 -0.195233 -0.308079 -0.008548 -0.322753 -0.317561 -0.309876 -0.264374 -0.161643 -0.210542 -0.149622 -0.210316 -0.165916 -0.133011 -0.239653 -0.238986 -0.168163 -0.010135 -0.008586 -0.158995 -0.191768 -0.308442 -0.132642 -0.156817 -0.159006 -0.209309 -0.093331 -0.006858 -0.006848 -0.009183 -0.106579 -0.071273 -0.090937 -0.096466 -0.062621 -0.061776 -0.041950 -0.046401 -0.030043 -0.027391 -0.027316 -0.040860 -0.023558 0.006886 0.003153
