0.447527 0.499933 0.514884 0.493996 0.505957 0.514043 0.516508 0.424897 0.428348 0.508398 0.515275 0.494556 0.501311 0.516275 0.493898 0.495434 0.514904 0.507721 0.504040 0.528672 0.499382 0.528336 0.504328 0.510611 0.510604 0.506682 0.505111 0.505064 0.505483 0.505559 0.509679 0.505841 0.507240 0.510481 0.506663 0.422106 0.506975 0.512531 0.513506 0.519955 0.427622 0.515354 0.526828 0.509910 0.507178 0.519290 0.458511 0.511007 0.499728 0.502399
0.544729 0.471767 0.495706 0.498975 0.529685 0.521969 0.529573 0.525044 0.508663 0.498008 0.494986 0.494154 0.494165 0.493518 0.495592 0.494273 0.492272 0.493136 0.498725 0.490295 0.491515 0.494934 0.497570 0.497505 0.516488 0.512983 0.507496 0.508682 0.509599 0.510177 0.507215 0.508449 0.510055 0.514035 0.515332 0.518421 0.535868 0.540158 0.544247 0.549718 0.546912 0.552514 0.552231 0.543423 0.551241 0.512452 0.542345 0.467177 0.524742 0.512343
0.504430 0.447301 0.454928 0.445145 0.453287 0.430293 0.434799 0.436639 0.437251 0.439290 0.441702 0.443046 0.445439 0.447497 0.449857 0.452241 0.455102 0.458334 0.461806 0.465416 0.469409 0.473585 0.462880 0.482681 0.487368 0.492062 0.496686 0.501037 0.505065 0.508718 0.511942 0.514711 0.516939 0.518741 0.520092 0.520989 0.521644 0.521555 0.522188 0.521309 0.522266 0.521860 0.525692 0.534569 0.545079 0.539146 0.492549 0.553717 0.527257 0.532612
0.426176 0.445926 0.462323 0.422070 0.449402 0.458140 0.434100 0.430802 0.430355 0.431995 0.433442 0.435312 0.436734 0.438400 0.440192 0.442318 0.445015 0.448003 0.451389 0.455090 0.459453 0.463930 0.507727 0.473640 0.478614 0.483559 0.488378 0.492997 0.497107 0.500776 0.504061 0.506740 0.508894 0.510349 0.511609 0.512338 0.512894 0.512778 0.513115 0.512155 0.513326 0.511346 0.510940 0.508192 0.501442 0.515332 0.505404 0.540180 0.572985 0.625007
0.478355 0.420492 0.442645 0.448319 0.465078 0.472909 0.467222 0.466373 0.465480 0.465198 0.465091 0.465729 0.466754 0.468280 0.470410 0.473074 0.476608 0.480631 0.485177 0.490158 0.495820 0.501792 0.472858 0.514502 0.521064 0.527594 0.533922 0.539980 0.545572 0.550630 0.555191 0.559107 0.562521 0.565425 0.568131 0.570664 0.572859 0.574694 0.576454 0.576881 0.577293 0.576915 0.562547 0.575327 0.534779 0.570341 0.528281 0.561519 0.586050 0.623560
0.437939 0.448095 0.409964 0.404827 0.432748 0.420477 0.413206 0.409595 0.407404 0.407396 0.409306 0.411759 0.414427 0.417497 0.420946 0.424915 0.429450 0.434599 0.440405 0.446902 0.454120 0.461919 0.494544 0.478907 0.487719 0.496522 0.505062 0.513163 0.520570 0.527189 0.532945 0.537702 0.541539 0.544407 0.546533 0.547866 0.548668 0.548851 0.548955 0.548325 0.548116 0.547350 0.544728 0.546498 0.538884 0.547512 0.541568 0.561415 0.614418 0.646429
0.401942 0.442014 0.410508 0.411128 0.419840 0.386301 0.393253 0.419137 0.387436 0.391703 0.391927 0.394030 0.397076 0.400149 0.404380 0.409226 0.415088 0.421889 0.429771 0.438780 0.449133 0.460309 0.472511 0.485521 0.498794 0.511703 0.524428 0.544044 0.553272 0.561554 0.568766 0.574874 0.579901 0.583908 0.587026 0.589358 0.590992 0.592021 0.592596 0.592664 0.591748 0.592044 0.577846 0.590069 0.555804 0.585954 0.571758 0.583978 0.618520 0.598696
0.411014 0.386773 0.386925 0.390668 0.397917 0.386699 0.388849 0.384403 0.385899 0.385782 0.387547 0.390065 0.393056 0.396672 0.401005 0.406134 0.412184 0.419239 0.427378 0.436645 0.447044 0.458500 0.472247 0.484000 0.497513 0.511110 0.524232 0.536652 0.547921 0.557896 0.566373 0.573344 0.578816 0.582904 0.585768 0.587559 0.588471 0.588729 0.588406 0.588115 0.586919 0.587827 0.583821 0.583239 0.578648 0.569679 0.580889 0.585322 0.630306 0.670916
0.402239 0.403919 0.374549 0.375925 0.378807 0.377411 0.378544 0.378627 0.379925 0.381157 0.383135 0.385486 0.388470 0.392149 0.396689 0.402187 0.408811 0.416668 0.425883 0.436515 0.448605 0.462095 0.476798 0.492563 0.508793 0.525210 0.541011 0.555956 0.569382 0.581185 0.591086 0.599154 0.605430 0.610084 0.613285 0.615258 0.616175 0.616310 0.615635 0.614802 0.612646 0.612080 0.606916 0.608487 0.599653 0.597811 0.595631 0.598280 0.635835 0.623227
0.359881 0.355446 0.356611 0.356976 0.359101 0.357075 0.357882 0.356719 0.357772 0.358512 0.360259 0.362525 0.365551 0.369372 0.374171 0.380077 0.387281 0.395941 0.406240 0.418293 0.432189 0.447908 0.465853 0.484081 0.503599 0.523561 0.542621 0.560630 0.576510 0.590307 0.601588 0.610532 0.617189 0.621842 0.624733 0.626178 0.626433 0.625833 0.624445 0.622885 0.620445 0.618949 0.615430 0.614192 0.610633 0.608385 0.606983 0.608116 0.646157 0.634326
0.397753 0.339666 0.341908 0.341688 0.342946 0.342402 0.343131 0.343208 0.344173 0.345162 0.346819 0.348977 0.351888 0.355648 0.360470 0.366537 0.374093 0.383362 0.394603 0.408006 0.423740 0.441871 0.462191 0.484582 0.507956 0.532128 0.554951 0.576500 0.595100 0.611017 0.623633 0.633349 0.640224 0.644729 0.647187 0.648029 0.647571 0.646203 0.644038 0.641633 0.638452 0.635985 0.631933 0.630118 0.625684 0.624274 0.621071 0.622003 0.652581 0.632111
0.325678 0.324550 0.324661 0.324355 0.325058 0.324433 0.324801 0.324613 0.325219 0.325930 0.327270 0.329145 0.331787 0.335324 0.339993 0.346022 0.353717 0.363372 0.375337 0.389912 0.407395 0.428011 0.451529 0.478111 0.506023 0.535752 0.563253 0.589341 0.611115 0.629475 0.643324 0.654078 0.660777 0.665003 0.666652 0.666703 0.665223 0.662930 0.659466 0.656041 0.651819 0.648246 0.643942 0.641174 0.637724 0.635282 0.632486 0.633057 0.628243 0.707247
0.306475 0.309803 0.308756 0.309097 0.308866 0.309069 0.309094 0.309363 0.309297 0.309884 0.310761 0.312087 0.314166 0.317070 0.321213 0.326632 0.334181 0.343957 0.356442 0.372127 0.391449 0.414957 0.442404 0.474301 0.508211 0.544810 0.577941 0.609303 0.634423 0.655152 0.669967 0.680373 0.686450 0.689340 0.689570 0.687926 0.684886 0.680981 0.676470 0.671824 0.666898 0.662518 0.657702 0.654265 0.649918 0.647833 0.644361 0.645071 0.639673 0.655391
0.299846 0.293666 0.291598 0.291213 0.291196 0.290682 0.290457 0.290063 0.289968 0.290020 0.290465 0.291368 0.292932 0.295352 0.298911 0.303939 0.310865 0.320194 0.332522 0.348559 0.368903 0.394625 0.425392 0.463135 0.503314 0.550686 0.591186 0.630268 0.659637 0.683366 0.698901 0.709021 0.713782 0.714964 0.713207 0.709572 0.704598 0.698916 0.692812 0.686753 0.680650 0.675224 0.669654 0.665530 0.660722 0.658380 0.654502 0.655101 0.660488 0.642289
0.325349 0.278021 0.274993 0.274602 0.274317 0.273681 0.273115 0.272420 0.271859 0.271389 0.271189 0.271351 0.272065 0.273546 0.276088 0.280082 0.286006 0.294552 0.306437 0.322846 0.344558 0.373520 0.409649 0.455616 0.506983 0.566611 0.616389 0.663553 0.696393 0.721945 0.736588 0.744953 0.746974 0.745281 0.740563 0.734179 0.726685 0.718788 0.710763 0.703057 0.695574 0.688999 0.682488 0.677652 0.672180 0.669539 0.665052 0.665774 0.668958 0.675002
0.295527 0.262400 0.258355 0.257947 0.257405 0.256525 0.255570 0.254458 0.253341 0.252225 0.251234 0.250466 0.250080 0.250284 0.251347 0.253671 0.257716 0.264280 0.274075 0.288707 0.308906 0.338029 0.375217 0.428609 0.486800 0.573482 0.635815 0.697444 0.735599 0.764198 0.777390 0.783193 0.781357 0.775831 0.767291 0.757548 0.746998 0.736556 0.726330 0.716818 0.707792 0.700004 0.692443 0.686953 0.680712 0.678111 0.672837 0.673671 0.670153 0.709807
0.292219 0.249217 0.241924 0.241514 0.240708 0.239559 0.238194 0.236611 0.234881 0.233031 0.231142 0.229299 0.227628 0.226324 0.225613 0.225944 0.227710 0.231989 0.239388 0.252462 0.272005 0.303295 0.347143 0.412288 0.498031 0.608133 0.688967 0.762664 0.801585 0.828130 0.834769 0.834128 0.825284 0.813665 0.799694 0.785369 0.771036 0.757451 0.744740 0.733159 0.722485 0.713411 0.704765 0.698545 0.691498 0.688687 0.682371 0.682944 0.682672 0.729410
0.246748 0.233590 0.225726 0.225325 0.224229 0.222778 0.220976 0.218873 0.216477 0.213815 0.210920 0.207846 0.204659 0.201495 0.198475 0.195987 0.194198 0.194247 0.196217 0.203399 0.215210 0.240534 0.275954 0.342760 0.425350 0.618020 0.724333 0.822770 0.865938 0.891456 0.890237 0.881544 0.864092 0.845320 0.824999 0.805997 0.787313 0.770744 0.755341 0.741830 0.729358 0.718960 0.709252 0.702208 0.694811 0.691979 0.685872 0.688687 0.671219 0.693516
0.267113 0.218168 0.209854 0.209460 0.208078 0.206316 0.204070 0.201430 0.198348 0.194842 0.190899 0.186535 0.181748 0.176623 0.171141 0.165676 0.160063 0.155678 0.151786 0.152739 0.157141 0.176222 0.210283 0.286938 0.450498 0.702868 0.858271 0.971705 0.999581 1.005672 0.981280 0.955191 0.922684 0.892738 0.864031 0.838073 0.814740 0.794053 0.776280 0.760323 0.746411 0.734765 0.724171 0.716378 0.708249 0.705702 0.697788 0.694883 0.696962 0.709205
0.240302 0.202261 0.194381 0.193994 0.192336 0.190259 0.187577 0.184398 0.180632 0.176275 0.171267 0.165569 0.159094 0.151828 0.143565 0.134524 0.124063 0.113437 0.100513 0.090527 0.076368 0.079026 0.080168 0.139359 0.224676 0.685357 0.944452 1.081487 1.101786 1.086748 1.040349 0.996098 0.949019 0.908753 0.871646 0.842026 0.812747 0.790381 0.769693 0.752861 0.736676 0.723857 0.712661 0.702835 0.696540 0.691319 0.686664 0.704897 0.682429 0.695588
0.224812 0.188545 0.179386 0.179011 0.177092 0.174712 0.171617 0.167929 0.163518 0.158359 0.152348 0.145394 0.137330 0.128044 0.117152 0.104690 0.089566 0.072628 0.050159 0.026255 -0.007735 -0.039239 -0.087208 -0.116765 0.200562 0.899391 1.384601 1.500639 1.425499 1.306992 1.195933 1.112700 1.038009 0.980688 0.933792 0.893754 0.860585 0.832275 0.811502 0.791028 0.774781 0.760904 0.748869 0.737948 0.732476 0.731714 0.724907 0.695703 0.680068 0.733777
0.209603 0.175781 0.164943 0.164594 0.162426 0.159772 0.156304 0.152157 0.147169 0.141293 0.134389 0.126320 0.116852 0.105774 0.092576 0.077094 0.057916 0.034795 0.003909 -0.032333 -0.087860 -0.155420 -0.264494 -0.677488 -0.211858 0.794580 2.825669 2.219626 1.710113 1.446003 1.286125 1.171656 1.203109 1.000166 0.958997 0.897972 0.909071 0.831738 0.807604 0.792115 0.806843 0.783563 0.745988 0.740312 0.749010 0.698017 0.694811 0.683180 0.665915 0.719502
0.146929 0.169306 0.151124 0.150803 0.148417 0.145528 0.141743 0.137208 0.131735 0.125264 0.117627 0.108647 0.098055 0.085538 0.070580 0.052669 0.030261 0.002387 -0.033640 -0.080954 -0.146746 -0.239854 -0.387897 -0.619818 -0.738127 0.000000 0.000000 0.000000 0.000000 0.000000 0.000000 0.000000 0.000000 0.000000 0.000000 0.000000 0.000000 0.000000 0.000000 0.000000 0.000000 0.000000 0.000000 0.000000 0.000000 0.000000 0.000000 0.000000 0.000000 0.000000
0.145380 0.155316 0.137987 0.137684 0.135124 0.132051 0.128017 0.123182 0.117342 0.110432 0.102274 0.092677 0.081384 0.068036 0.052269 0.033330 0.010253 -0.018349 -0.052839 -0.099409 -0.154205 -0.239538 -0.329747 -0.552011 -0.543163 0.000000 0.000000 0.000000 0.000000 0.000000 0.000000 0.000000 0.000000 0.000000 0.000000 0.000000 0.000000 0.000000 0.000000 0.000000 0.000000 0.000000 0.000000 0.000000 0.000000 0.000000 0.000000 0.000000 0.000000 0.000000
0.142816 0.142267 0.125569 0.125276 0.122618 0.119610 0.115577 0.110673 0.104688 0.097526 0.089021 0.078988 0.067203 0.053316 0.036992 0.017447 -0.005656 -0.034097 -0.067641 -0.110500 -0.159958 -0.224689 -0.287539 -0.350468 -0.445534 0.000000 0.000000 0.000000 0.000000 0.000000 0.000000 0.000000 0.000000 0.000000 0.000000 0.000000 0.000000 0.000000 0.000000 0.000000 0.000000 0.000000 0.000000 0.000000 0.000000 0.000000 0.000000 0.000000 0.000000 0.000000
0.127044 0.121995 0.113897 0.113613 0.110852 0.107572 0.103262 0.098114 0.091908 0.084595 0.076003 0.065969 0.054277 0.040672 0.024903 0.006061 -0.015585 -0.041611 -0.070894 -0.107822 -0.145644 -0.195608 -0.234827 -0.277394 -0.331177 0.000000 0.000000 0.000000 0.000000 0.000000 0.000000 0.000000 0.000000 0.000000 0.000000 0.000000 0.000000 0.000000 0.000000 0.000000 0.000000 0.000000 0.000000 0.000000 0.000000 0.000000 0.000000 0.000000 0.000000 0.000000
0.092413 0.111141 0.102992 0.102712 0.099926 0.096617 0.092280 0.087114 0.080903 0.073611 0.065086 0.055182 0.043744 0.030562 0.015316 -0.002474 -0.022570 -0.046222 -0.072115 -0.103184 -0.133599 -0.170759 -0.196086 -0.234032 -0.221428 0.000000 0.000000 0.000000 0.000000 0.000000 0.000000 0.000000 0.000000 0.000000 0.000000 0.000000 0.000000 0.000000 0.000000 0.000000 0.000000 0.000000 0.000000 0.000000 0.000000 0.000000 0.000000 0.000000 0.000000 0.000000
0.083203 0.105149 0.092851 0.092562 0.089797 0.086519 0.082224 0.077126 0.071015 0.063876 0.055576 0.046006 0.035076 0.022588 0.008267 -0.008032 -0.026117 -0.046885 -0.069020 -0.094559 -0.118482 -0.146963 -0.164132 -0.195614 -0.207368 0.000000 0.000000 0.000000 0.000000 0.000000 0.000000 0.000000 0.000000 0.000000 0.000000 0.000000 0.000000 0.000000 0.000000 0.000000 0.000000 0.000000 0.000000 0.000000 0.000000 0.000000 0.000000 0.000000 0.000000 0.000000
0.115688 0.090929 0.083473 0.083223 0.080486 0.077271 0.073074 0.068110 0.062186 0.055299 0.047342 0.038244 0.027935 0.016239 0.003052 -0.011727 -0.027860 -0.045985 -0.064759 -0.085642 -0.104738 -0.126059 -0.138565 -0.169570 -0.224565 0.000000 0.000000 0.000000 0.000000 0.000000 0.000000 0.000000 0.000000 0.000000 0.000000 0.000000 0.000000 0.000000 0.000000 0.000000 0.000000 0.000000 0.000000 0.000000 0.000000 0.000000 0.000000 0.000000 0.000000 0.000000
0.080830 0.081844 0.074840 0.074598 0.071967 0.068836 0.064791 0.060017 0.054348 0.047793 0.040268 0.031737 0.022148 0.011356 -0.000619 -0.013826 -0.028048 -0.043673 -0.059510 -0.076603 -0.091943 -0.108346 -0.117491 -0.144983 -0.124695 0.000000 0.000000 0.000000 0.000000 0.000000 0.000000 0.000000 0.000000 0.000000 0.000000 0.000000 0.000000 0.000000 0.000000 0.000000 0.000000 0.000000 0.000000 0.000000 0.000000 0.000000 0.000000 0.000000 0.000000 0.000000
0.075158 0.073453 0.066917 0.066659 0.064163 0.061171 0.057317 0.052782 0.047420 0.041253 0.034221 0.026307 0.017488 0.007633 -0.003121 -0.014829 -0.027259 -0.040641 -0.053942 -0.067893 -0.080249 -0.092908 -0.099855 -0.124233 -0.106194 0.000000 0.000000 0.000000 0.000000 0.000000 0.000000 0.000000 0.000000 0.000000 0.000000 0.000000 0.000000 0.000000 0.000000 0.000000 0.000000 0.000000 0.000000 0.000000 0.000000 0.000000 0.000000 0.000000 0.000000 0.000000
0.085738 0.065847 0.059684 0.059458 0.057074 0.054243 0.050603 0.046338 0.041316 0.035573 0.029066 0.021795 0.013748 0.004852 -0.004744 -0.015060 -0.025890 -0.037298 -0.048515 -0.059996 -0.070067 -0.080029 -0.085445 -0.101302 -0.114156 0.000000 0.000000 0.000000 0.000000 0.000000 0.000000 0.000000 0.000000 0.000000 0.000000 0.000000 0.000000 0.000000 0.000000 0.000000 0.000000 0.000000 0.000000 0.000000 0.000000 0.000000 0.000000 0.000000 0.000000 0.000000
0.053094 0.058877 0.053097 0.052892 0.050647 0.047991 0.044586 0.040613 0.035954 0.030655 0.024685 0.018059 0.010776 0.002812 -0.005694 -0.014732 -0.024115 -0.033809 -0.043243 -0.052678 -0.060875 -0.068702 -0.072851 -0.090168 -0.084191 0.000000 0.000000 0.000000 0.000000 0.000000 0.000000 0.000000 0.000000 0.000000 0.000000 0.000000 0.000000 0.000000 0.000000 0.000000 0.000000 0.000000 0.000000 0.000000 0.000000 0.000000 0.000000 0.000000 0.000000 0.000000
0.053443 0.052486 0.047119 0.046939 0.044838 0.042369 0.039210 0.035539 0.031251 0.026400 0.020965 0.014971 0.008421 0.001334 -0.006171 -0.014062 -0.022177 -0.030427 -0.038393 -0.046218 -0.052981 -0.059280 -0.062699 -0.075997 -0.062346 0.000000 0.000000 0.000000 0.000000 0.000000 0.000000 0.000000 0.000000 0.000000 0.000000 0.000000 0.000000 0.000000 0.000000 0.000000 0.000000 0.000000 0.000000 0.000000 0.000000 0.000000 0.000000 0.000000 0.000000 0.000000
0.037218 0.046497 0.041709 0.041551 0.039600 0.037324 0.034415 0.031050 0.027133 0.022725 0.017810 0.012423 0.006569 0.000297 -0.006295 -0.013160 -0.020156 -0.027172 -0.033894 -0.040396 -0.045976 -0.051105 -0.053807 -0.064850 -0.067072 0.000000 0.000000 0.000000 0.000000 0.000000 0.000000 0.000000 0.000000 0.000000 0.000000 0.000000 0.000000 0.000000 0.000000 0.000000 0.000000 0.000000 0.000000 0.000000 0.000000 0.000000 0.000000 0.000000 0.000000 0.000000
0.038350 0.040959 0.036819 0.036673 0.034880 0.032799 0.030142 0.027080 0.023528 0.019548 0.015131 0.010318 0.005115 -0.000411 -0.006182 -0.012140 -0.018163 -0.024137 -0.029822 -0.035253 -0.039894 -0.044087 -0.046300 -0.055190 -0.055706 0.000000 0.000000 0.000000 0.000000 0.000000 0.000000 0.000000 0.000000 0.000000 0.000000 0.000000 0.000000 0.000000 0.000000 0.000000 0.000000 0.000000 0.000000 0.000000 0.000000 0.000000 0.000000 0.000000 0.000000 0.000000
0.037684 0.038813 0.032403 0.032270 0.030633 0.028743 0.026334 0.023567 0.020368 0.016798 0.012854 0.008578 0.003977 -0.000871 -0.005903 -0.011062 -0.016233 -0.021321 -0.026130 -0.030677 -0.034540 -0.038010 -0.039768 -0.053504 -0.056251 0.000000 0.000000 0.000000 0.000000 0.000000 0.000000 0.000000 0.000000 0.000000 0.000000 0.000000 0.000000 0.000000 0.000000 0.000000 0.000000 0.000000 0.000000 0.000000 0.000000 0.000000 0.000000 0.000000 0.000000 0.000000
0.027489 0.034447 0.028411 0.028278 0.026806 0.025105 0.022937 0.020456 0.017594 0.014413 0.010912 0.007134 0.003089 -0.001148 -0.005521 -0.009976 -0.014408 -0.018742 -0.022812 -0.026631 -0.029860 -0.032741 -0.034179 -0.041911 -0.048191 0.000000 0.000000 0.000000 0.000000 0.000000 0.000000 0.000000 0.000000 0.000000 0.000000 0.000000 0.000000 0.000000 0.000000 0.000000 0.000000 0.000000 0.000000 0.000000 0.000000 0.000000 0.000000 0.000000 0.000000 0.000000
0.029062 0.029909 0.024802 0.024686 0.023363 0.021840 0.019903 0.017694 0.015152 0.012337 0.009250 0.005931 0.002396 -0.001289 -0.005073 -0.008907 -0.012696 -0.016382 -0.019825 -0.023035 -0.025738 -0.028137 -0.029332 -0.034073 -0.037119 0.000000 0.000000 0.000000 0.000000 0.000000 0.000000 0.000000 0.000000 0.000000 0.000000 0.000000 0.000000 0.000000 0.000000 0.000000 0.000000 0.000000 0.000000 0.000000 0.000000 0.000000 0.000000 0.000000 0.000000 0.000000
0.026369 0.026104 0.021540 0.021450 0.020263 0.018912 0.017195 0.015242 0.013001 0.010528 0.007824 0.004926 0.001855 -0.001333 -0.004593 -0.007880 -0.011111 -0.014239 -0.017147 -0.019844 -0.022104 -0.024101 -0.025063 -0.031364 -0.027394 0.000000 0.000000 0.000000 0.000000 0.000000 0.000000 0.000000 0.000000 0.000000 0.000000 0.000000 0.000000 0.000000 0.000000 0.000000 0.000000 0.000000 0.000000 0.000000 0.000000 0.000000 0.000000 0.000000 0.000000 0.000000
0.023318 0.022473 0.018563 0.018483 0.017442 0.016256 0.014752 0.013043 0.011088 0.008934 0.006587 0.004080 0.001432 -0.001306 -0.004095 -0.006895 -0.009635 -0.012278 -0.014724 -0.016986 -0.018873 -0.020542 -0.021333 -0.022447 -0.023302 0.000000 0.000000 0.000000 0.000000 0.000000 0.000000 0.000000 0.000000 0.000000 0.000000 0.000000 0.000000 0.000000 0.000000 0.000000 0.000000 0.000000 0.000000 0.000000 0.000000 0.000000 0.000000 0.000000 0.000000 0.000000
0.018874 0.019309 0.015888 0.015819 0.014915 0.013880 0.012573 0.011091 0.009400 0.007541 0.005521 0.003368 0.001104 -0.001232 -0.003602 -0.005975 -0.008285 -0.010508 -0.012557 -0.014446 -0.016016 -0.017396 -0.018049 -0.022399 -0.025325 0.000000 0.000000 0.000000 0.000000 0.000000 0.000000 0.000000 0.000000 0.000000 0.000000 0.000000 0.000000 0.000000 0.000000 0.000000 0.000000 0.000000 0.000000 0.000000 0.000000 0.000000 0.000000 0.000000 0.000000 0.000000
0.016082 0.016371 0.013388 0.013336 0.012561 0.011675 0.010561 0.009297 0.007859 0.006281 0.004570 0.002751 0.000844 -0.001119 -0.003104 -0.005086 -0.007009 -0.008857 -0.010552 -0.012117 -0.013408 -0.014553 -0.015099 -0.018459 -0.016328 0.000000 0.000000 0.000000 0.000000 0.000000 0.000000 0.000000 0.000000 0.000000 0.000000 0.000000 0.000000 0.000000 0.000000 0.000000 0.000000 0.000000 0.000000 0.000000 0.000000 0.000000 0.000000 0.000000 0.000000 0.000000
0.013467 0.013676 0.011172 0.011133 0.010484 0.009731 0.008792 0.007727 0.006519 0.005194 0.003761 0.002238 0.000646 -0.000993 -0.002642 -0.004285 -0.005874 -0.007397 -0.008790 -0.010073 -0.011131 -0.012063 -0.012504 -0.015217 -0.013895 0.000000 0.000000 0.000000 0.000000 0.000000 0.000000 0.000000 0.000000 0.000000 0.000000 0.000000 0.000000 0.000000 0.000000 0.000000 0.000000 0.000000 0.000000 0.000000 0.000000 0.000000 0.000000 0.000000 0.000000 0.000000
0.011146 0.011213 0.008981 0.008963 0.008435 0.007819 0.007056 0.006190 0.005209 0.004137 0.002981 0.001756 0.000479 -0.000836 -0.002151 -0.003464 -0.004731 -0.005946 -0.007053 -0.008080 -0.008907 -0.009676 -0.009993 -0.012346 -0.012956 0.000000 0.000000 0.000000 0.000000 0.000000 0.000000 0.000000 0.000000 0.000000 0.000000 0.000000 0.000000 0.000000 0.000000 0.000000 0.000000 0.000000 0.000000 0.000000 0.000000 0.000000 0.000000 0.000000 0.000000 0.000000
0.008216 0.008861 0.007123 0.007166 0.006731 0.006244 0.005626 0.004941 0.004158 0.003303 0.002377 0.001396 0.000374 -0.000698 -0.001752 -0.002800 -0.003805 -0.004766 -0.005637 -0.006446 -0.007101 -0.007702 -0.007934 -0.011140 -0.009451 0.000000 0.000000 0.000000 0.000000 0.000000 0.000000 0.000000 0.000000 0.000000 0.000000 0.000000 0.000000 0.000000 0.000000 0.000000 0.000000 0.000000 0.000000 0.000000 0.000000 0.000000 0.000000 0.000000 0.000000 0.000000
0.007016 0.006722 0.006973 0.005131 0.004824 0.004471 0.004019 0.003509 0.002931 0.002314 0.001648 0.000957 0.000241 -0.000520 -0.001239 -0.001972 -0.002695 -0.003384 -0.004016 -0.004601 -0.005051 -0.005469 -0.005693 -0.007225 -0.006526 0.000000 0.000000 0.000000 0.000000 0.000000 0.000000 0.000000 0.000000 0.000000 0.000000 0.000000 0.000000 0.000000 0.000000 0.000000 0.000000 0.000000 0.000000 0.000000 0.000000 0.000000 0.000000 0.000000 0.000000 0.000000
0.004552 0.004342 0.005022 0.004598 0.004677 0.004325 0.003880 0.003399 0.002849 0.002258 0.001614 0.000939 0.000238 -0.000492 -0.001211 -0.001927 -0.002620 -0.003282 -0.003885 -0.004445 -0.004909 -0.005320 -0.005699 -0.005011 -0.004572 0.000000 0.000000 0.000000 0.000000 0.000000 0.000000 0.000000 0.000000 0.000000 0.000000 0.000000 0.000000 0.000000 0.000000 0.000000 0.000000 0.000000 0.000000 0.000000 0.000000 0.000000 0.000000 0.000000 0.000000 0.000000
0.002325 0.002254 0.002260 0.001865 0.001669 0.003110 0.000957 0.000561 0.000203 -0.000137 -0.000509 -0.000711 -0.001225 0.000359 0.000366 -0.000042 -0.000417 -0.000827 -0.001270 -0.001696 -0.002010 -0.002523 -0.002554 -0.003234 -0.003730 0.000000 0.000000 0.000000 0.000000 0.000000 0.000000 0.000000 0.000000 0.000000 0.000000 0.000000 0.000000 0.000000 0.000000 0.000000 0.000000 0.000000 0.000000 0.000000 0.000000 0.000000 0.000000 0.000000 0.000000 0.000000
0.000348 0.000423 -0.000238 0.000374 0.000636 0.000107 -0.001033 0.000073 -0.000258 -0.000227 0.000727 0.000837 0.000719 0.000207 -0.000134 -0.000822 0.000207 0.000268 0.000381 -0.000578 -0.000401 -0.000104 0.000354 -0.000119 -0.000085 0.000000 0.000000 0.000000 0.000000 0.000000 0.000000 0.000000 0.000000 0.000000 0.000000 0.000000 0.000000 0.000000 0.000000 0.000000 0.000000 0.000000 0.000000 0.000000 0.000000 0.000000 0.000000 0.000000 0.000000 0.000000
