0.000000 0.000000 0.000000 0.000000 0.000000 0.000000 0.000000 0.046200 0.007522 0.011617 0.012744 0.002888 0.003014 -0.028238 0.025623 0.004224 0.001291 0.026039 0.000509 0.000000 0.000000 0.000000 0.000000 0.000000 0.000000 0.000000 0.000000 0.000000 0.000000 0.000000 0.000000 0.000000 0.000000 0.000000 0.000000 0.000000 0.000000 0.000000 0.000000 0.000000 0.000000 0.000000 0.000000 0.000000 0.000000 0.000000 0.000000 0.000000 0.000000 0.000000
0.000000 0.000000 0.000000 0.000000 0.000000 0.000000 0.000000 0.058752 0.051260 0.051032 0.055079 0.045621 0.050512 0.073573 0.064112 0.071199 0.051433 0.069294 0.003454 0.000000 0.000000 0.000000 0.000000 0.000000 0.000000 0.000000 0.000000 0.000000 0.000000 0.000000 0.000000 0.000000 0.000000 0.000000 0.000000 0.000000 0.000000 0.000000 0.000000 0.000000 0.000000 0.000000 0.000000 0.000000 0.000000 0.000000 0.000000 0.000000 0.000000 0.000000
0.000000 0.000000 0.000000 0.000000 0.000000 0.000000 0.000000 0.131352 0.130635 0.137537 0.132310 0.136369 0.131154 0.136441 0.131964 0.142628 0.132333 0.150294 0.076189 0.000000 0.000000 0.000000 0.000000 0.000000 0.000000 0.000000 0.000000 0.000000 0.000000 0.000000 0.000000 0.000000 0.000000 0.000000 0.000000 0.000000 0.000000 0.000000 0.000000 0.000000 0.000000 0.000000 0.000000 0.000000 0.000000 0.000000 0.000000 0.000000 0.000000 0.000000
0.000000 0.000000 0.000000 0.000000 0.000000 0.000000 0.000000 0.166092 0.186482 0.137876 0.136974 0.139275 0.137395 0.140330 0.136531 0.144566 0.131578 0.149038 0.046614 0.000000 0.000000 0.000000 0.000000 0.000000 0.000000 0.000000 0.000000 0.000000 0.000000 0.000000 0.000000 0.000000 0.000000 0.000000 0.000000 0.000000 0.000000 0.000000 0.000000 0.000000 0.000000 0.000000 0.000000 0.000000 0.000000 0.000000 0.000000 0.000000 0.000000 0.000000
0.000000 0.000000 0.000000 0.000000 0.000000 0.000000 0.000000 0.210101 0.177601 0.188711 0.189355 0.189449 0.187454 0.189455 0.183786 0.191149 0.176730 0.186085 0.004114 0.000000 0.000000 0.000000 0.000000 0.000000 0.000000 0.000000 0.000000 0.000000 0.000000 0.000000 0.000000 0.000000 0.000000 0.000000 0.000000 0.000000 0.000000 0.000000 0.000000 0.000000 0.000000 0.000000 0.000000 0.000000 0.000000 0.000000 0.000000 0.000000 0.000000 0.000000
0.000000 0.000000 0.000000 0.000000 0.000000 0.000000 0.000000 0.277325 0.279188 0.231771 0.232946 0.233848 0.231994 0.234580 0.230161 0.234791 0.226411 0.232625 0.005588 0.000000 0.000000 0.000000 0.000000 0.000000 0.000000 0.000000 0.000000 0.000000 0.000000 0.000000 0.000000 0.000000 0.000000 0.000000 0.000000 0.000000 0.000000 0.000000 0.000000 0.000000 0.000000 0.000000 0.000000 0.000000 0.000000 0.000000 0.000000 0.000000 0.000000 0.000000
0.000000 0.000000 0.000000 0.000000 0.000000 0.000000 0.000000 0.341131 0.329818 0.279481 0.281570 0.281871 0.280234 0.281580 0.277363 0.279758 0.274165 0.275317 0.102610 0.000000 0.000000 0.000000 0.000000 0.000000 0.000000 0.000000 0.000000 0.000000 0.000000 0.000000 0.000000 0.000000 0.000000 0.000000 0.000000 0.000000 0.000000 0.000000 0.000000 0.000000 0.000000 0.000000 0.000000 0.000000 0.000000 0.000000 0.000000 0.000000 0.000000 0.000000
0.000000 0.000000 0.000000 0.000000 0.000000 0.000000 0.000000 0.334860 0.408517 0.324942 0.327320 0.327427 0.325975 0.327110 0.323501 0.325710 0.321886 0.322436 0.102913 0.000000 0.000000 0.000000 0.000000 0.000000 0.000000 0.000000 0.000000 0.000000 0.000000 0.000000 0.000000 0.000000 0.000000 0.000000 0.000000 0.000000 0.000000 0.000000 0.000000 0.000000 0.000000 0.000000 0.000000 0.000000 0.000000 0.000000 0.000000 0.000000 0.000000 0.000000
0.000000 0.000000 0.000000 0.000000 0.000000 0.000000 0.000000 0.382139 0.358789 0.371776 0.374579 0.374318 0.372842 0.373397 0.370459 0.371046 0.369360 0.366206 0.010079 0.000000 0.000000 0.000000 0.000000 0.000000 0.000000 0.000000 0.000000 0.000000 0.000000 0.000000 0.000000 0.000000 0.000000 0.000000 0.000000 0.000000 0.000000 0.000000 0.000000 0.000000 0.000000 0.000000 0.000000 0.000000 0.000000 0.000000 0.000000 0.000000 0.000000 0.000000
0.000000 0.000000 0.000000 0.000000 0.000000 0.000000 0.000000 0.421479 0.515047 0.418798 0.421106 0.420481 0.418803 0.418938 0.416719 0.417254 0.416150 0.411194 0.096255 0.000000 0.000000 0.000000 0.000000 0.000000 0.000000 0.000000 0.000000 0.000000 0.000000 0.000000 0.000000 0.000000 0.000000 0.000000 0.000000 0.000000 0.000000 0.000000 0.000000 0.000000 0.000000 0.000000 0.000000 0.000000 0.000000 0.000000 0.000000 0.000000 0.000000 0.000000
0.000000 0.000000 0.000000 0.000000 0.000000 0.000000 0.000000 0.486921 0.564574 0.465702 0.468298 0.466935 0.465072 0.464705 0.462909 0.463271 0.462573 0.450654 0.132505 0.000000 0.000000 0.000000 0.000000 0.000000 0.000000 0.000000 0.000000 0.000000 0.000000 0.000000 0.000000 0.000000 0.000000 0.000000 0.000000 0.000000 0.000000 0.000000 0.000000 0.000000 0.000000 0.000000 0.000000 0.000000 0.000000 0.000000 0.000000 0.000000 0.000000 0.000000
0.000000 0.000000 0.000000 0.000000 0.000000 0.000000 0.000000 0.514885 0.513836 0.512714 0.515155 0.513044 0.510679 0.509829 0.508429 0.508610 0.508562 0.496129 0.398619 0.000000 0.000000 0.000000 0.000000 0.000000 0.000000 0.000000 0.000000 0.000000 0.000000 0.000000 0.000000 0.000000 0.000000 0.000000 0.000000 0.000000 0.000000 0.000000 0.000000 0.000000 0.000000 0.000000 0.000000 0.000000 0.000000 0.000000 0.000000 0.000000 0.000000 0.000000
0.000000 0.000000 0.000000 0.000000 0.000000 0.000000 0.000000 0.623495 0.593673 0.566419 0.563354 0.558809 0.556181 0.554567 0.553586 0.554008 0.554487 0.545657 0.186258 0.000000 0.000000 0.000000 0.000000 0.000000 0.000000 0.000000 0.000000 0.000000 0.000000 0.000000 0.000000 0.000000 0.000000 0.000000 0.000000 0.000000 0.000000 0.000000 0.000000 0.000000 0.000000 0.000000 0.000000 0.000000 0.000000 0.000000 0.000000 0.000000 0.000000 0.000000
0.000000 0.000000 0.000000 0.000000 0.000000 0.000000 0.000000 0.693995 0.728016 0.610869 0.610416 0.604460 0.600334 0.598117 0.597980 0.597671 0.601025 0.586497 0.015412 0.000000 0.000000 0.000000 0.000000 0.000000 0.000000 0.000000 0.000000 0.000000 0.000000 0.000000 0.000000 0.000000 0.000000 0.000000 0.000000 0.000000 0.000000 0.000000 0.000000 0.000000 0.000000 0.000000 0.000000 0.000000 0.000000 0.000000 0.000000 0.000000 0.000000 0.000000
0.000000 0.000000 0.000000 0.000000 0.000000 0.000000 0.000000 0.697121 0.685938 0.658873 0.658313 0.646620 0.642759 0.639529 0.641043 0.641642 0.646958 0.633031 0.237324 0.000000 0.000000 0.000000 0.000000 0.000000 0.000000 0.000000 0.000000 0.000000 0.000000 0.000000 0.000000 0.000000 0.000000 0.000000 0.000000 0.000000 0.000000 0.000000 0.000000 0.000000 0.000000 0.000000 0.000000 0.000000 0.000000 0.000000 0.000000 0.000000 0.000000 0.000000
0.000000 0.000000 0.000000 0.000000 0.000000 0.000000 0.000000 0.806139 0.861577 0.717046 0.706223 0.690195 0.682959 0.679692 0.682600 0.685038 0.692925 0.681387 0.012734 0.000000 0.000000 0.000000 0.000000 0.000000 0.000000 0.000000 0.000000 0.000000 0.000000 0.000000 0.000000 0.000000 0.000000 0.000000 0.000000 0.000000 0.000000 0.000000 0.000000 0.000000 0.000000 0.000000 0.000000 0.000000 0.000000 0.000000 0.000000 0.000000 0.000000 0.000000
0.000000 0.000000 0.000000 0.000000 0.000000 0.000000 0.000000 0.845631 0.856624 0.765391 0.744814 0.721736 0.716388 0.713905 0.721601 0.726615 0.741187 0.722559 0.218819 0.000000 0.000000 0.000000 0.000000 0.000000 0.000000 0.000000 0.000000 0.000000 0.000000 0.000000 0.000000 0.000000 0.000000 0.000000 0.000000 0.000000 0.000000 0.000000 0.000000 0.000000 0.000000 0.000000 0.000000 0.000000 0.000000 0.000000 0.000000 0.000000 0.000000 0.000000
0.000000 0.000000 0.000000 0.000000 0.000000 0.000000 0.000000 0.970716 1.123829 0.829648 0.787611 0.753521 0.744345 0.744698 0.757252 0.767214 0.789439 0.783264 0.025109 0.000000 0.000000 0.000000 0.000000 0.000000 0.000000 0.000000 0.000000 0.000000 0.000000 0.000000 0.000000 0.000000 0.000000 0.000000 0.000000 0.000000 0.000000 0.000000 0.000000 0.000000 0.000000 0.000000 0.000000 0.000000 0.000000 0.000000 0.000000 0.000000 0.000000 0.000000
0.008104 0.013062 0.015691 0.017012 0.006189 0.038224 0.010187 1.473802 0.931198 0.822581 0.776838 0.752967 0.758110 0.765916 0.789182 0.804577 0.844554 0.834148 0.313948 0.000000 0.000000 0.000000 0.000000 0.000000 0.000000 0.000000 0.000000 0.000000 0.000000 0.000000 0.000000 0.000000 0.000000 0.000000 0.000000 0.000000 0.000000 0.000000 0.000000 0.000000 0.000000 0.000000 0.000000 0.000000 0.000000 0.000000 0.000000 0.000000 0.000000 0.000000
0.032670 0.065912 0.077308 0.097434 0.104805 0.139106 0.259898 0.607912 0.669442 0.725668 0.727171 0.735967 0.757272 0.774990 0.812675 0.839517 0.898063 0.911465 0.376190 0.000000 0.000000 0.000000 0.000000 0.000000 0.000000 0.000000 0.000000 0.000000 0.000000 0.000000 0.000000 0.000000 0.000000 0.000000 0.000000 0.000000 0.000000 0.000000 0.000000 0.000000 0.000000 0.000000 0.000000 0.000000 0.000000 0.000000 0.000000 0.000000 0.000000 0.000000
0.148741 0.109637 0.120645 0.135331 0.160335 0.206245 0.279393 0.405019 0.575802 0.654060 0.685894 0.713569 0.750156 0.779630 0.831829 0.870493 0.961751 0.950390 0.423054 0.000000 0.000000 0.000000 0.000000 0.000000 0.000000 0.000000 0.000000 0.000000 0.000000 0.000000 0.000000 0.000000 0.000000 0.000000 0.000000 0.000000 0.000000 0.000000 0.000000 0.000000 0.000000 0.000000 0.000000 0.000000 0.000000 0.000000 0.000000 0.000000 0.000000 0.000000
0.194222 0.148139 0.165553 0.166609 0.202308 0.245439 0.318636 0.402555 0.528218 0.597820 0.650707 0.692960 0.737636 0.775342 0.839265 0.889040 1.006272 1.037589 0.662318 0.000000 0.000000 0.000000 0.000000 0.000000 0.000000 0.000000 0.000000 0.000000 0.000000 0.000000 0.000000 0.000000 0.000000 0.000000 0.000000 0.000000 0.000000 0.000000 0.000000 0.000000 0.000000 0.000000 0.000000 0.000000 0.000000 0.000000 0.000000 0.000000 0.000000 0.000000
0.171577 0.173736 0.201286 0.204889 0.241716 0.287900 0.352420 0.425931 0.515775 0.578785 0.633279 0.677161 0.724397 0.767871 0.830941 0.899052 1.012846 1.179380 1.133519 0.000000 0.000000 0.000000 0.000000 0.000000 0.000000 0.000000 0.000000 0.000000 0.000000 0.000000 0.000000 0.000000 0.000000 0.000000 0.000000 0.000000 0.000000 0.000000 0.000000 0.000000 0.000000 0.000000 0.000000 0.000000 0.000000 0.000000 0.000000 0.000000 0.000000 0.000000
0.190310 0.194322 0.224197 0.225678 0.264302 0.309000 0.369104 0.430088 0.505576 0.564585 0.617657 0.660997 0.704235 0.743956 0.793352 0.850774 0.925283 1.049181 0.976487 0.147173 0.042375 0.041352 0.083331 0.024031 0.017142 0.012172 0.017220 0.007342 0.014704 0.006218 0.007431 0.008951 0.010637 0.011261 0.011671 0.000000 0.000000 0.000000 0.000000 0.000000 0.000000 0.000000 0.000000 0.000000 0.000000 0.000000 0.000000 0.000000 0.000000 0.000000
0.197017 0.219442 0.236655 0.238741 0.277541 0.321226 0.379723 0.439380 0.507191 0.561095 0.609321 0.647253 0.682282 0.711992 0.743449 0.774906 0.799373 0.826480 0.839424 0.390122 0.210872 0.124566 0.097714 0.089063 0.062661 0.051656 0.043311 0.037274 0.032812 0.029549 0.027664 0.026299 0.026785 0.019063 0.019826 0.000000 0.000000 0.000000 0.000000 0.000000 0.000000 0.000000 0.000000 0.000000 0.000000 0.000000 0.000000 0.000000 0.000000 0.000000
0.205139 0.204627 0.239474 0.241627 0.281358 0.326717 0.386222 0.446412 0.514622 0.565144 0.608900 0.640230 0.666552 0.685967 0.702609 0.713246 0.713410 0.701427 0.626203 0.435143 0.296946 0.219805 0.167051 0.132918 0.107658 0.089158 0.075373 0.065108 0.057405 0.051877 0.047574 0.044990 0.042400 0.048262 0.036054 0.000000 0.000000 0.000000 0.000000 0.000000 0.000000 0.000000 0.000000 0.000000 0.000000 0.000000 0.000000 0.000000 0.000000 0.000000
0.183384 0.209403 0.230256 0.230705 0.271760 0.319178 0.382826 0.449566 0.523787 0.576007 0.614138 0.637839 0.654070 0.661753 0.665031 0.659250 0.644347 0.609753 0.548622 0.426174 0.333862 0.260263 0.207911 0.168478 0.139766 0.117395 0.100549 0.087511 0.077646 0.070434 0.065384 0.061987 0.059097 0.065034 0.058905 0.000000 0.000000 0.000000 0.000000 0.000000 0.000000 0.000000 0.000000 0.000000 0.000000 0.000000 0.000000 0.000000 0.000000 0.000000
0.156882 0.180209 0.213210 0.217182 0.257655 0.310355 0.382958 0.462228 0.558862 0.607200 0.637067 0.648671 0.651894 0.646769 0.637863 0.621058 0.597018 0.558717 0.502891 0.417976 0.344503 0.283345 0.233588 0.194683 0.163852 0.139661 0.120757 0.106032 0.094715 0.086319 0.080196 0.076873 0.073485 0.079999 0.074529 0.000000 0.000000 0.000000 0.000000 0.000000 0.000000 0.000000 0.000000 0.000000 0.000000 0.000000 0.000000 0.000000 0.000000 0.000000
0.120754 0.146724 0.180813 0.177854 0.219176 0.274280 0.355096 0.461065 0.584144 0.652127 0.667219 0.666157 0.654378 0.635991 0.615960 0.589704 0.559706 0.517656 0.470085 0.404452 0.347091 0.293264 0.249060 0.211463 0.181390 0.156607 0.136942 0.121251 0.109127 0.100159 0.093767 0.090090 0.087509 0.095832 0.091740 0.000000 0.000000 0.000000 0.000000 0.000000 0.000000 0.000000 0.000000 0.000000 0.000000 0.000000 0.000000 0.000000 0.000000 0.000000
0.142948 0.101232 0.135926 0.148602 0.181918 0.242988 0.343209 0.499034 0.705766 0.744251 0.726774 0.697785 0.665880 0.632150 0.600709 0.566421 0.531373 0.490258 0.445552 0.392003 0.343341 0.296998 0.256853 0.222080 0.192992 0.168671 0.148832 0.132803 0.120246 0.110946 0.104544 0.101356 0.099565 0.110221 0.107644 0.000000 0.000000 0.000000 0.000000 0.000000 0.000000 0.000000 0.000000 0.000000 0.000000 0.000000 0.000000 0.000000 0.000000 0.000000
0.047626 0.029112 0.038468 0.066458 0.078835 0.147080 0.328745 0.555505 0.966139 0.896265 0.816776 0.734390 0.676173 0.626617 0.584706 0.544483 0.506227 0.465191 0.423853 0.377859 0.335931 0.294995 0.259246 0.227063 0.199725 0.176282 0.156841 0.140882 0.128179 0.118817 0.112219 0.109832 0.108979 0.123019 0.126709 0.000000 0.000000 0.000000 0.000000 0.000000 0.000000 0.000000 0.000000 0.000000 0.000000 0.000000 0.000000 0.000000 0.000000 0.000000
0.001523 0.004396 0.021969 -0.000073 0.014369 0.040436 0.136578 2.103929 1.601789 1.129353 0.914797 0.773991 0.684184 0.617667 0.567067 0.522522 0.482502 0.442888 0.403730 0.363177 0.325735 0.289560 0.257257 0.227899 0.202373 0.180130 0.161319 0.145601 0.133029 0.123405 0.117029 0.114401 0.115883 0.140477 0.174286 0.000000 0.000000 0.000000 0.000000 0.000000 0.000000 0.000000 0.000000 0.000000 0.000000 0.000000 0.000000 0.000000 0.000000 0.000000
0.005445 0.000062 0.021926 0.023475 0.071012 0.015098 0.082009 1.013067 1.178767 1.066976 0.863828 0.743731 0.654246 0.591429 0.539187 0.495866 0.456358 0.418898 0.383101 0.346981 0.313454 0.281116 0.251924 0.225150 0.201519 0.180603 0.162628 0.147258 0.134671 0.124432 0.117420 0.112634 0.112003 0.095573 0.048057 0.019702 0.023909 0.016825 0.012124 0.009610 0.007582 0.001103 0.004897 0.003902 0.003230 0.002578 0.002229 0.001637 0.001552 0.001170
0.006088 0.029837 0.042080 0.060825 0.071181 0.128295 0.203202 0.392613 0.801575 0.774371 0.703194 0.645722 0.587739 0.541588 0.499361 0.461695 0.426201 0.393182 0.360874 0.329168 0.299211 0.270427 0.244036 0.219613 0.197773 0.178226 0.161135 0.146205 0.133572 0.122654 0.114075 0.106906 0.101172 0.094286 0.069264 0.041082 0.026718 0.018353 0.013168 0.009921 0.007604 0.006073 0.004930 0.004070 0.003461 0.002914 0.002728 0.002448 0.003091 0.002736
0.017099 -0.001123 0.068240 0.106558 0.157751 0.158592 0.241395 0.337234 0.596967 0.615874 0.599857 0.567862 0.530606 0.494577 0.459907 0.427519 0.396551 0.366851 0.337873 0.309744 0.283218 0.257668 0.233988 0.211881 0.191808 0.173621 0.157434 0.143034 0.130561 0.119250 0.109856 0.100556 0.092138 0.081195 0.066104 0.045225 0.033420 0.024440 0.018765 0.014549 0.011506 0.009262 0.007569 0.006294 0.005343 0.004642 0.004092 0.004079 0.003334 0.004280
0.025961 0.005844 0.071865 0.110732 0.162611 0.237212 0.237302 0.322690 0.464648 0.486482 0.496247 0.484149 0.464527 0.440740 0.415584 0.389865 0.364230 0.338881 0.313910 0.289328 0.265711 0.243240 0.222044 0.202158 0.183881 0.167107 0.151959 0.138248 0.126055 0.114905 0.105052 0.095634 0.086203 0.076036 0.062704 0.048344 0.037878 0.029474 0.023165 0.018418 0.014832 0.012090 0.009976 0.008369 0.007123 0.006219 0.005515 0.005452 0.004605 0.004756
0.032362 0.009293 0.082887 0.116297 0.161566 0.227666 0.229205 0.279993 0.380649 0.406761 0.423445 0.419248 0.409017 0.392694 0.373906 0.353465 0.332351 0.310881 0.289511 0.268294 0.247677 0.227685 0.208772 0.190933 0.174362 0.158997 0.144946 0.132060 0.120388 0.109502 0.099638 0.089958 0.080709 0.070598 0.060194 0.048413 0.039717 0.031773 0.025848 0.020956 0.017175 0.014179 0.011818 0.009992 0.008550 0.007498 0.006652 0.006628 0.005928 0.007248
0.040463 0.010967 0.079358 0.115124 0.154923 0.205072 0.208548 0.251424 0.312605 0.337460 0.355720 0.358563 0.355270 0.345492 0.332703 0.317180 0.300371 0.282686 0.264660 0.246532 0.228672 0.211261 0.194544 0.178619 0.163667 0.149672 0.136754 0.124778 0.113770 0.103476 0.093942 0.084700 0.075744 0.066737 0.057333 0.048050 0.040051 0.033058 0.027315 0.022565 0.018739 0.015647 0.013169 0.011213 0.009659 0.008508 0.007587 0.007536 0.007070 0.006102
0.015297 0.012028 0.084844 0.087814 0.118533 0.151366 0.189322 0.223028 0.266359 0.287762 0.304711 0.309689 0.309721 0.303736 0.294680 0.282894 0.269551 0.255064 0.239983 0.224589 0.209234 0.194106 0.179438 0.165360 0.152006 0.139403 0.127614 0.116585 0.106350 0.096708 0.087715 0.078986 0.070703 0.062320 0.054296 0.046202 0.039312 0.032957 0.027722 0.023208 0.019514 0.016458 0.013970 0.011984 0.010375 0.009189 0.008218 0.008172 0.007713 0.006794
0.019740 0.011551 0.078471 0.081538 0.108731 0.136899 0.167891 0.195209 0.226288 0.244746 0.259617 0.265862 0.267914 0.264861 0.258852 0.250153 0.239760 0.228074 0.215611 0.202676 0.189588 0.176561 0.163804 0.151446 0.139613 0.128363 0.117776 0.107753 0.098384 0.089512 0.081174 0.073162 0.065518 0.058061 0.050872 0.043967 0.037759 0.032145 0.027320 0.023147 0.019647 0.016716 0.014299 0.012343 0.010755 0.009559 0.008584 0.008532 0.008352 0.007406
-0.000398 0.049653 0.071617 0.074454 0.099228 0.122012 0.147019 0.168737 0.192787 0.208583 0.221497 0.227950 0.230916 0.229651 0.225712 0.219309 0.211242 0.201871 0.191646 0.180861 0.169801 0.158677 0.147676 0.136936 0.126567 0.116635 0.107188 0.098231 0.089773 0.081751 0.074174 0.066905 0.060006 0.053315 0.047014 0.040961 0.035525 0.030541 0.026208 0.022410 0.019175 0.016439 0.014149 0.012289 0.010751 0.009606 0.008648 0.008596 0.008515 0.006995
0.025809 0.058173 0.062980 0.066487 0.085406 0.105978 0.127558 0.144983 0.163719 0.177089 0.188011 0.194245 0.197555 0.197467 0.195018 0.190397 0.184206 0.176769 0.168460 0.159549 0.150288 0.140879 0.131485 0.122244 0.113251 0.104581 0.096280 0.088362 0.080886 0.073730 0.066957 0.060459 0.054312 0.048410 0.042858 0.037599 0.032806 0.028434 0.024577 0.021169 0.018242 0.015733 0.013631 0.011888 0.010469 0.009369 0.008471 0.008440 0.008480 0.007514
0.007641 0.004565 0.055263 0.059283 0.078280 0.093181 0.107757 0.122532 0.137634 0.148873 0.158003 0.163665 0.166914 0.167469 0.166009 0.162701 0.157987 0.152143 0.145465 0.138200 0.130553 0.122712 0.114810 0.106992 0.099318 0.091892 0.084725 0.077869 0.071324 0.065113 0.059181 0.053528 0.048161 0.043045 0.038224 0.033709 0.029554 0.025780 0.022399 0.019420 0.016818 0.014593 0.012684 0.011133 0.009804 0.008832 0.007994 0.007942 0.008249 0.006325
0.008256 0.002270 0.046189 0.047965 0.063867 0.079828 0.092178 0.102748 0.114602 0.123863 0.131443 0.136432 0.139463 0.140368 0.139582 0.137267 0.133702 0.129156 0.123843 0.117969 0.111717 0.105256 0.098686 0.092153 0.085701 0.079420 0.073331 0.067482 0.061876 0.056524 0.051453 0.046583 0.041966 0.037575 0.033470 0.029608 0.026078 0.022836 0.019966 0.017370 0.015141 0.013163 0.011527 0.010116 0.008987 0.008079 0.007340 0.007335 0.007584 0.006753
0.000748 -0.000925 0.039724 0.042864 0.053884 0.063400 0.074703 0.083788 0.092666 0.099890 0.105822 0.109964 0.112557 0.113544 0.113174 0.111560 0.108946 0.105507 0.101390 0.096823 0.091893 0.086769 0.081493 0.076257 0.070991 0.065933 0.060924 0.056157 0.051540 0.047150 0.042926 0.038918 0.035117 0.031550 0.028127 0.025012 0.022044 0.019430 0.016972 0.014903 0.012949 0.011388 0.009911 0.008811 0.007760 0.007062 0.006392 0.006350 0.006788 0.006082
0.006977 -0.003530 0.028402 0.030486 0.043344 0.051194 0.059684 0.066602 0.073802 0.079290 0.084128 0.087470 0.089654 0.090604 0.090473 0.089499 0.087466 0.084932 0.081814 0.078218 0.074326 0.070300 0.066062 0.061922 0.057755 0.053662 0.049660 0.045782 0.042028 0.038464 0.035054 0.031816 0.028727 0.025820 0.023075 0.020536 0.018160 0.016013 0.014076 0.012357 0.010822 0.009486 0.008332 0.007380 0.006554 0.005951 0.005430 0.005362 0.005725 0.005255
0.005492 -0.004247 0.029905 0.019903 0.030136 0.033166 0.044520 0.048359 0.052616 0.056569 0.059699 0.062355 0.064005 0.064801 0.064815 0.063950 0.062803 0.061055 0.058780 0.056464 0.053834 0.051026 0.048068 0.045180 0.041979 0.039331 0.036256 0.033606 0.030912 0.028406 0.025844 0.023450 0.021237 0.019135 0.017108 0.015261 0.013511 0.011942 0.010482 0.009215 0.008075 0.007103 0.006250 0.005557 0.004934 0.004488 0.004087 0.005235 0.004674 0.003580
0.003571 0.004488 0.026776 0.032282 0.032758 0.035521 0.041702 0.046023 0.051037 0.054644 0.058002 0.060440 0.062018 0.062803 0.062819 0.062307 0.060913 0.059254 0.057192 0.054737 0.052124 0.049391 0.046389 0.043579 0.040636 0.037873 0.035039 0.032389 0.029762 0.027287 0.024883 0.022580 0.020488 0.018429 0.016525 0.014770 0.013051 0.011578 0.010147 0.008996 0.007831 0.006947 0.006054 0.005437 0.004789 0.004400 0.004244 0.003992 0.003469 0.003104
0.008509 0.019335 -0.011863 0.023183 0.022100 -0.002607 0.003767 0.029967 0.005629 0.033762 0.038810 0.009806 0.040389 0.011084 0.009402 0.012691 0.011025 0.013519 0.013210 0.034553 0.013870 0.013085 0.031045 0.013369 0.025966 0.011712 0.009370 0.009222 0.008580 0.009044 0.006315 0.005748 0.005847 0.006400 0.005451 0.004925 0.009218 0.004326 0.006561 0.003077 0.005048 0.004418 0.003859 0.003356 0.002966 0.002545 0.002344 0.001509 0.002543 0.001531
-0.012082 -0.002633 0.003143 -0.001715 -0.005664 -0.020758 0.006352 -0.036054 -0.022934 -0.027870 0.048800 -0.022990 -0.000009 0.016275 0.010309 0.009871 -0.030432 -0.014641 -0.012539 -0.001578 0.007685 0.007279 -0.005336 0.006373 0.005816 0.005195 -0.006390 0.004226 0.001425 -0.004004 0.012402 -0.006579 -0.008340 0.002173 0.004339 0.001620 -0.000884 -0.002093 -0.000662 -0.000539 -0.000446 0.000380 -0.000294 0.001608 0.000740 -0.000127 0.000116 0.000203 -0.000276 0.001007
