env_min(m) 0.0000 0.0000 0.0000
env_max(m) 10.0000 10.0000 3.0000
NumCells_XYZ 100 100 30
CellSizes_XYZ[m] 0.1000 0.1000 0.1000
GasSourceLocation_XYZ[m] 7.0000 1.7143 0.5000
GasType ethanol
Cell_x	 Cell_y	 Cell_z	 Gas_conc[10^⁻3ppm]	 Wind_u[10^⁻3m/s]	 Wind_v[10^⁻3m/s]	 Wind_w[10^⁻3m/s]
2 2 0 0 487 -8 -13
2 3 0 0 473 -4 -44
2 4 0 0 474 2 -7
2 5 0 0 476 0 -2
2 6 0 0 485 7 -16
2 7 0 0 475 6 -3
2 8 0 0 484 12 -15
2 9 0 0 476 12 -2
2 10 0 0 486 15 -15
2 11 0 0 477 17 -2
2 12 0 0 484 20 -14
2 13 0 0 478 22 -3
2 14 0 0 484 24 -14
2 15 0 0 479 27 -4
2 16 0 0 483 29 -14
2 17 0 0 479 32 -4
2 18 0 0 481 35 -13
2 19 0 0 479 37 -4
2 20 0 0 480 41 -13
2 21 0 0 479 43 -4
2 22 0 0 480 49 -12
2 23 0 0 479 49 -5
2 24 0 0 479 58 -11
2 25 0 0 479 58 -5
2 26 0 0 478 68 -9
2 27 0 0 480 68 -5
2 28 0 0 477 78 -8
2 29 0 0 480 78 -5
2 30 0 0 477 89 -7
2 31 0 0 490 90 -10
2 32 0 0 477 99 -7
2 33 0 0 480 96 -5
2 34 0 0 477 107 -7
2 35 0 0 480 102 -5
2 36 0 0 477 114 -7
2 37 0 0 480 108 -5
2 38 0 0 477 121 -7
2 39 0 0 480 114 -5
2 40 0 0 478 128 -7
2 41 0 0 480 119 -5
2 42 0 0 479 134 -8
2 43 0 0 480 124 -6
2 44 0 0 479 139 -8
2 45 0 0 480 128 -6
2 46 0 0 479 144 -9
2 47 0 0 480 133 -6
2 48 0 0 480 147 -10
2 49 0 0 480 137 -6
2 50 0 0 480 149 -10
2 51 0 0 484 133 -7
2 52 0 0 480 150 -11
2 53 0 0 480 143 -6
2 54 0 0 480 149 -12
2 55 0 0 479 144 -6
2 56 0 0 480 148 -12
2 57 0 0 480 144 -6
2 58 0 0 481 150 -13
2 59 0 0 480 146 -7
2 60 0 0 482 152 -13
2 61 0 0 480 149 -7
2 62 0 0 482 159 -13
2 63 0 0 480 154 -7
2 64 0 0 483 169 -14
2 65 0 0 481 162 -6
2 66 0 0 483 179 -15
2 67 0 0 481 171 -6
2 68 0 0 484 190 -15
2 69 0 0 481 183 -6
2 70 0 0 485 195 -14
2 71 0 0 482 195 -5
2 72 0 0 485 202 -13
2 73 0 0 482 205 -5
2 74 0 0 484 208 -13
2 75 0 0 482 210 -4
2 76 0 0 484 207 -13
2 77 0 0 482 210 -5
2 78 0 0 483 211 -16
2 79 0 0 482 207 -6
2 80 0 0 482 203 -17
2 81 0 0 482 204 -5
2 82 0 0 482 198 -17
2 83 0 0 482 202 -6
2 84 0 0 482 194 -18
2 85 0 0 482 201 -6
2 86 0 0 481 193 -18
2 87 0 0 482 201 -6
2 88 0 0 481 192 -19
2 89 0 0 482 202 -6
2 90 0 0 482 194 -19
2 91 0 0 482 207 -6
2 92 0 0 482 196 -20
2 93 0 0 483 211 -6
2 94 0 0 483 207 -22
2 95 0 0 486 228 -10
2 96 0 0 482 244 -16
2 97 0 0 509 1845 -14
3 2 0 0 415 -15 44
3 3 0 0 512 27 8
3 4 0 0 493 78 12
3 5 0 0 468 88 16
3 6 0 0 475 144 24
3 7 0 0 475 151 17
3 8 0 0 491 204 24
3 9 0 0 476 213 16
3 10 0 0 498 260 21
3 11 0 0 474 269 16
3 12 0 0 500 312 21
3 13 0 0 470 323 15
3 14 0 0 506 364 20
3 15 0 0 463 374 15
3 16 0 0 507 415 20
3 17 0 0 457 426 14
3 18 0 0 506 469 19
3 19 0 0 450 482 14
3 20 0 0 506 528 18
3 21 0 0 444 540 13
3 22 0 0 503 592 17
3 23 0 0 439 602 12
3 24 0 0 499 661 17
3 25 0 0 435 674 11
3 26 0 0 494 736 16
3 27 0 0 433 753 10
3 28 0 0 492 818 15
3 29 0 0 433 836 10
3 30 0 0 488 901 14
3 31 0 0 434 921 9
3 32 0 0 490 988 13
3 33 0 0 438 1005 10
3 34 0 0 488 1068 13
3 35 0 0 441 1086 10
3 36 0 0 489 1146 13
3 37 0 0 444 1162 10
3 38 0 0 488 1219 13
3 39 0 0 447 1235 11
3 40 0 0 487 1288 13
3 41 0 0 450 1305 11
3 42 0 0 488 1355 13
3 43 0 0 453 1370 11
3 44 0 0 488 1416 13
3 45 0 0 455 1432 12
3 46 0 0 489 1474 14
3 47 0 0 459 1488 13
3 48 0 0 490 1525 14
3 49 0 0 463 1539 13
3 50 0 0 493 1570 15
3 51 0 0 468 1580 14
3 52 0 0 495 1603 15
3 53 0 0 473 1613 14
3 54 0 0 503 1631 16
3 55 0 0 479 1629 15
3 56 0 0 503 1643 17
3 57 0 0 479 1641 16
3 58 0 0 502 1657 17
3 59 0 0 477 1658 16
3 60 0 0 497 1676 16
3 61 0 0 469 1687 14
3 62 0 0 491 1710 15
3 63 0 0 460 1730 13
3 64 0 0 483 1759 14
3 65 0 0 451 1791 12
3 66 0 0 475 1828 13
3 67 0 0 443 1867 11
3 68 0 0 467 1910 12
3 69 0 0 435 1960 10
3 70 0 0 463 2005 12
3 71 0 0 435 2056 10
3 72 0 0 463 2100 12
3 73 0 0 440 2150 10
3 74 0 0 472 2188 13
3 75 0 0 455 2226 11
3 76 0 0 485 2257 13
3 77 0 0 472 2281 10
3 78 0 0 502 2304 13
3 79 0 0 489 2304 14
3 80 0 0 506 2312 15
3 81 0 0 492 2307 15
3 82 0 0 505 2306 15
3 83 0 0 493 2305 15
3 84 0 0 505 2303 16
3 85 0 0 490 2299 16
3 86 0 0 496 2295 16
3 87 0 0 483 2301 14
3 88 0 0 494 2307 16
3 89 0 0 482 2312 16
3 90 0 0 483 2320 16
3 91 0 0 467 2335 16
3 92 0 0 475 2359 18
3 93 0 0 468 2379 19
3 94 0 0 458 2416 26
3 95 0 0 446 2462 29
3 96 0 0 386 2525 13
3 97 0 0 413 2685 0
4 2 0 0 455 21 6
4 3 0 0 476 59 39
4 4 0 0 438 118 1
4 6 0 0 448 165 -6
4 8 0 0 449 221 6
4 10 0 0 455 271 2
4 12 0 0 460 324 0
4 14 0 0 460 376 2
4 16 0 0 458 429 1
4 18 0 0 454 486 0
4 21 0 0 448 549 0
4 23 0 0 440 619 0
4 25 0 0 433 696 0
4 27 0 0 426 782 -1
4 29 0 0 423 873 -2
4 31 0 0 424 967 -3
4 33 0 0 430 1058 -3
4 35 0 0 436 1142 -4
4 37 0 0 442 1222 -4
4 39 0 0 448 1297 -4
4 41 0 0 454 1369 -5
4 43 0 0 461 1436 -5
4 45 0 0 468 1499 -6
4 47 0 0 477 1557 -6
4 49 0 0 488 1607 -6
4 51 0 0 502 1647 -6
4 53 0 0 515 1677 -6
4 55 0 0 528 1692 -6
4 57 0 0 528 1699 -8
4 59 0 0 520 1709 -7
4 61 0 0 502 1730 -8
4 63 0 0 482 1768 -8
4 65 0 0 458 1825 -8
4 67 0 0 439 1901 -8
4 69 0 0 422 1996 -9
4 71 0 0 418 2101 -7
4 73 0 0 427 2208 -7
4 75 0 0 458 2299 -7
4 77 0 0 496 2355 -10
4 79 0 0 532 2374 -12
4 81 0 0 549 2370 -12
4 83 0 0 554 2360 -12
4 85 0 0 552 2348 -11
4 87 0 0 544 2343 -11
4 89 0 0 529 2340 -7
4 91 0 0 508 2358 -7
4 93 0 0 482 2374 -2
4 95 0 0 413 2434 -28
4 96 0 0 325 2530 -21
4 97 0 0 298 2557 -22
5 2 0 0 419 20 12
5 3 0 0 437 26 13
5 96 0 0 344 2447 -54
5 97 0 0 320 2488 -67
6 2 0 0 393 7 4
6 3 0 0 406 26 0
6 4 0 0 338 88 6
6 6 0 0 364 148 3
6 8 0 0 361 217 9
6 10 0 0 377 269 6
6 12 0 0 375 324 8
6 14 0 0 373 371 9
6 16 0 0 367 423 9
6 18 0 0 356 479 9
6 21 0 0 342 541 9
6 23 0 0 325 611 9
6 25 0 0 308 690 10
6 27 0 0 292 778 11
6 29 0 0 283 876 10
6 31 0 0 280 976 11
6 33 0 0 295 1072 11
6 35 0 0 305 1157 11
6 51 0 0 405 1680 14
6 53 0 0 430 1706 15
6 55 0 0 460 1710 15
6 56 0 0 464 1703 14
6 58 0 0 451 1703 13
6 60 0 0 420 1717 13
6 62 0 0 380 1752 12
6 65 0 0 337 1810 12
6 67 0 0 298 1894 12
6 69 0 0 260 1999 14
6 71 0 0 246 2122 15
6 73 0 0 257 2253 18
6 75 0 0 317 2360 19
6 77 0 0 402 2414 14
6 79 0 0 482 2419 12
6 81 0 0 507 2399 13
6 83 0 0 513 2378 14
6 85 0 0 506 2360 15
6 87 0 0 491 2349 15
6 89 0 0 466 2345 15
6 91 0 0 437 2356 17
6 93 0 0 395 2368 14
6 95 0 0 319 2426 -18
6 96 0 0 236 2471 -15
6 97 0 0 208 2491 -16
7 2 0 0 369 10 2
7 3 0 0 369 24 2
7 37 0 0 314 1238 12
7 39 0 0 322 1314 12
7 41 0 0 330 1387 12
7 43 0 0 340 1457 13
7 45 0 0 350 1523 13
7 47 0 0 364 1584 13
7 49 0 0 382 1638 14
7 96 0 0 264 2450 -31
7 97 0 0 229 2464 -37
8 2 0 0 338 12 0
8 3 0 0 343 49 4
8 10 0 0 337 291 -3
8 12 0 0 349 338 -5
8 14 0 0 349 377 -5
8 16 0 0 339 420 -6
8 18 0 0 322 470 -6
8 21 0 0 300 528 -7
8 23 0 0 275 597 -7
8 25 0 0 250 676 -7
8 26 0 0 224 770 -7
8 28 0 0 208 874 -6
8 30 0 0 209 991 -7
8 53 0 0 460 1742 -5
8 55 0 0 504 1732 -4
8 57 0 0 508 1702 -6
8 59 0 0 482 1680 -9
8 61 0 0 432 1676 -10
8 62 0 0 368 1703 -10
8 64 0 0 294 1762 -9
8 66 0 0 229 1849 -8
8 68 0 0 172 1973 -6
8 71 0 0 140 2127 -2
8 73 0 0 158 2306 0
8 75 0 0 265 2448 0
8 77 0 0 418 2515 -1
8 79 0 0 530 2487 -11
8 81 0 0 569 2419 -8
8 83 0 0 573 2379 -8
8 85 0 0 559 2346 -8
8 87 0 0 536 2324 -7
8 89 0 0 503 2308 -7
8 91 0 0 463 2304 -4
8 93 0 0 406 2293 -3
8 95 0 0 317 2320 -44
8 96 0 0 179 2316 -27
8 97 0 0 169 2337 -23
9 2 0 0 305 14 2
9 3 0 0 294 43 9
9 4 0 0 288 113 -5
9 6 0 0 309 167 0
9 8 0 0 321 236 -6
9 33 0 0 230 1091 -6
9 35 0 0 249 1170 -7
9 37 0 0 263 1250 -6
9 39 0 0 277 1324 -7
9 41 0 0 288 1398 -7
9 43 0 0 302 1469 -7
9 45 0 0 317 1538 -7
9 47 0 0 340 1602 -7
9 48 0 0 369 1662 -6
9 50 0 0 410 1708 -6
9 96 0 0 252 2302 -59
9 97 0 0 214 2305 -57
10 2 0 0 267 13 2
10 3 0 0 264 48 8
10 10 0 0 270 300 0
10 13 0 0 287 340 0
10 15 0 0 290 365 0
10 17 0 0 273 400 0
10 18 0 0 247 445 0
10 21 0 0 216 497 0
10 23 0 0 179 564 1
10 24 0 0 140 641 -1
10 26 0 0 96 738 1
10 28 0 0 64 864 -3
10 30 0 0 63 1001 0
10 53 0 0 403 1808 2
10 55 0 0 508 1764 -2
10 57 0 0 518 1681 -1
10 59 0 0 491 1618 -2
10 61 0 0 402 1598 -1
10 62 0 0 302 1614 -3
10 64 0 0 196 1673 1
10 66 0 0 91 1772 -3
10 68 0 0 -22 1918 1
10 70 0 0 -95 2129 -7
10 72 0 0 -88 2408 -1
10 75 0 0 95 2592 6
10 77 0 0 348 2647 0
10 79 0 0 610 2577 -13
10 81 0 0 624 2466 -10
10 83 0 0 596 2374 -6
10 85 0 0 569 2319 -1
10 87 0 0 532 2292 0
10 89 0 0 491 2273 0
10 91 0 0 451 2256 2
10 93 0 0 387 2225 0
10 95 0 0 296 2234 -34
10 96 0 0 173 2232 -23
10 97 0 0 150 2236 -17
11 2 0 0 225 15 2
11 3 0 0 210 49 8
11 4 0 0 214 109 2
11 6 0 0 230 172 2
11 8 0 0 238 245 -1
11 32 0 0 120 1112 -1
11 35 0 0 147 1192 -1
11 36 0 0 163 1269 -1
11 38 0 0 176 1342 0
11 41 0 0 187 1415 0
11 43 0 0 201 1489 0
11 45 0 0 217 1564 0
11 47 0 0 241 1639 1
11 48 0 0 276 1711 1
11 50 0 0 329 1774 3
11 96 0 0 238 2214 -49
11 97 0 0 202 2208 -46
12 2 0 0 182 14 0
12 3 0 0 186 62 7
12 10 0 0 235 335 -6
12 13 0 0 280 353 -1
12 15 0 0 282 363 1
12 17 0 0 252 378 0
12 18 0 0 218 414 -1
12 21 0 0 175 459 -1
12 23 0 0 123 522 -1
12 24 0 0 74 594 -2
12 26 0 0 -7 699 -13
12 28 0 0 -55 833 -10
12 30 0 0 -46 1047 -12
12 53 0 0 448 1902 -22
12 55 0 0 623 1837 -30
12 57 0 0 635 1647 -20
12 59 0 0 560 1539 -1
12 61 0 0 434 1493 4
12 62 0 0 295 1493 0
12 64 0 0 128 1553 0
12 66 0 0 -12 1646 1
12 68 0 0 -195 1812 -13
12 70 0 0 -340 2051 -6
12 72 0 0 -312 2507 -18
12 75 0 0 20 2855 -9
12 77 0 0 420 2929 -21
12 79 0 0 716 2711 -28
12 81 0 0 770 2440 -36
12 83 0 0 722 2321 -4
12 85 0 0 638 2257 8
12 93 0 0 436 2137 0
12 95 0 0 331 2124 -36
12 96 0 0 172 2100 -23
12 97 0 0 144 2090 -16
13 2 0 0 135 13 -2
13 3 0 0 113 58 3
13 4 0 0 144 123 -2
13 6 0 0 164 187 -3
13 8 0 0 191 277 -9
13 32 0 0 41 1158 4
13 34 0 0 83 1200 0
13 36 0 0 105 1270 0
13 38 0 0 123 1338 -4
13 40 0 0 131 1412 -5
13 43 0 0 144 1487 -8
13 45 0 0 158 1565 -8
13 47 0 0 184 1647 -11
13 49 0 0 226 1734 -13
13 50 0 0 296 1818 -20
13 87 0 0 580 2240 9
13 89 0 0 538 2226 4
13 91 0 0 504 2196 5
13 96 0 0 255 2086 -50
13 97 0 0 211 2069 -45
14 2 0 0 76 20 -2
14 3 0 0 100 62 0
14 4 0 0 79 90 -4
14 5 0 0 89 147 -7
14 6 0 0 81 181 -5
14 7 0 0 107 235 -6
14 8 0 0 98 277 -1
14 9 0 0 140 332 -14
14 10 0 0 151 368 -12
14 11 0 0 266 410 -14
14 12 0 0 234 386 -5
14 13 0 0 296 368 2
14 15 0 0 266 330 3
14 17 0 0 222 333 1
14 18 0 0 169 366 0
14 21 0 0 114 399 0
14 23 0 0 48 455 3
14 24 0 0 -32 503 -5
14 26 0 0 -127 631 -7
14 28 0 0 -247 673 -23
14 29 0 0 -171 806 -41
14 30 0 0 -216 982 -8
14 31 0 0 -67 1140 -19
14 32 0 0 -1 1248 18
14 33 0 0 19 1216 -6
14 34 0 0 11 1239 -19
14 35 0 0 55 1242 -19
14 36 0 0 19 1271 -18
14 37 0 0 63 1280 -15
14 38 0 0 37 1298 -6
14 39 0 0 82 1357 -8
14 40 0 0 45 1388 -8
14 41 0 0 86 1411 -9
14 42 0 0 60 1438 -7
14 43 0 0 98 1506 -10
14 44 0 0 65 1540 -9
14 45 0 0 108 1582 -8
14 46 0 0 79 1622 -12
14 47 0 0 127 1686 -13
14 48 0 0 101 1747 -17
14 49 0 0 162 1806 -16
14 50 0 0 149 1887 -21
14 51 0 0 265 1958 -17
14 52 0 0 299 2038 -20
14 53 0 0 496 2093 -15
14 54 0 0 688 2041 -16
14 55 0 0 812 1883 -30
14 56 0 0 798 1700 -20
14 57 0 0 749 1593 -3
14 59 0 0 657 1357 6
14 61 0 0 458 1309 11
14 62 0 0 251 1313 2
14 64 0 0 38 1376 6
14 66 0 0 -166 1429 -14
14 68 0 0 -425 1671 -24
14 70 0 0 -624 1778 -19
14 71 0 0 -656 1990 -37
14 72 0 0 -758 2284 -53
14 73 0 0 -671 2723 -33
14 74 0 0 -357 3187 10
14 75 0 0 7 3355 -24
14 76 0 0 321 3269 -54
14 77 0 0 677 3194 -74
14 78 0 0 949 3002 -95
14 79 0 0 965 2750 -89
14 80 0 0 960 2505 -66
14 81 0 0 902 2409 -31
14 83 0 0 809 2170 6
14 89 0 0 528 2192 -5
14 91 0 0 531 2142 1
14 93 0 0 465 2043 0
14 95 0 0 343 2006 -32
14 96 0 0 185 1970 -25
14 97 0 0 150 1949 -17
15 2 0 0 36 9 4
15 3 0 0 53 42 -3
15 4 0 0 36 109 2
15 5 0 0 40 151 1
15 6 0 0 33 183 -1
15 7 0 0 45 234 0
15 8 0 0 49 280 -5
15 9 0 0 80 347 -16
15 10 0 0 147 410 -18
15 11 0 0 161 447 -10
15 12 0 0 313 402 -3
15 13 0 0 311 317 3
15 28 0 0 -291 615 -33
15 29 0 0 -338 794 -46
15 30 0 0 -342 1049 -48
15 31 0 0 -266 1316 -35
15 32 0 0 41 1322 50
15 33 0 0 45 1264 31
15 34 0 0 58 1277 -2
15 35 0 0 43 1278 -1
15 36 0 0 48 1356 0
15 37 0 0 36 1364 0
15 38 0 0 44 1435 0
15 39 0 0 23 1445 2
15 40 0 0 55 1504 -2
15 41 0 0 43 1518 0
15 42 0 0 55 1586 -2
15 43 0 0 35 1604 2
15 44 0 0 68 1667 -4
15 45 0 0 54 1690 0
15 46 0 0 75 1765 -6
15 47 0 0 59 1793 0
15 48 0 0 97 1872 -12
15 49 0 0 89 1912 -7
15 50 0 0 145 2020 -16
15 51 0 0 141 2076 -13
15 52 0 0 301 2224 -12
15 53 0 0 342 2295 -14
15 54 0 0 862 2281 -4
15 55 0 0 1055 1960 -28
15 56 0 0 930 1585 -43
15 57 0 0 819 1380 -18
15 70 0 0 -700 1644 -1
15 71 0 0 -928 1813 -73
15 72 0 0 -1108 2243 -49
15 73 0 0 -1172 2583 -46
15 74 0 0 -498 3568 -115
15 75 0 0 -11 3541 -62
15 76 0 0 517 3502 -49
15 77 0 0 654 3505 -49
15 78 0 0 1227 3142 -63
15 79 0 0 1422 2742 -39
15 80 0 0 1204 2352 -80
15 81 0 0 1004 2163 -62
15 85 0 0 659 2167 25
15 86 0 0 555 2197 9
15 96 0 0 267 1951 -46
15 97 0 0 224 1924 -41
16 2 0 0 2 1 4
16 3 0 0 6 30 3
16 4 0 0 17 107 -4
16 5 0 0 23 100 -12
16 6 0 0 23 200 -1
16 7 0 0 24 231 -11
16 8 0 0 -2 333 13
16 9 0 0 3 345 12
16 10 0 0 21 482 -7
16 11 0 0 439 541 -20
16 12 0 0 482 366 21
16 13 0 0 386 316 14
16 15 0 0 288 257 5
16 16 0 0 212 274 2
16 18 0 0 147 306 0
16 21 0 0 82 331 0
16 23 0 0 5 374 1
16 25 0 0 -94 397 -2
16 26 0 0 -217 463 -16
16 28 0 0 -417 509 -25
16 29 0 0 -491 618 -42
16 30 0 0 -921 1224 7
16 31 0 0 -872 1486 -14
16 32 0 0 -27 581 -179
16 33 0 0 41 1121 27
16 34 0 0 2 1283 7
16 35 0 0 0 1301 0
16 36 0 0 0 1357 -4
16 37 0 0 1 1379 -3
16 38 0 0 0 1435 -2
16 39 0 0 2 1455 -2
16 40 0 0 0 1505 0
16 41 0 0 2 1531 -1
16 42 0 0 0 1588 0
16 43 0 0 1 1615 -1
16 44 0 0 0 1667 0
16 45 0 0 1 1705 0
16 46 0 0 1 1767 1
16 47 0 0 2 1810 1
16 48 0 0 3 1874 2
16 49 0 0 3 1936 3
16 50 0 0 8 2036 3
16 51 0 0 10 2133 6
16 52 0 0 21 2338 6
16 53 0 0 44 2565 4
16 54 0 0 584 2344 122
16 55 0 0 1813 1355 45
16 56 0 0 1412 1520 -26
16 57 0 0 1034 1227 21
16 59 0 0 769 1050 -2
16 61 0 0 467 1058 14
16 62 0 0 223 1082 2
16 64 0 0 -7 1135 2
16 66 0 0 -273 1149 -2
16 68 0 0 -580 1278 -36
16 70 0 0 -853 1361 -27
16 71 0 0 -1196 1525 -83
16 72 0 0 -1914 1631 -34
16 73 0 0 -3429 1859 58
16 74 0 0 -1921 948 -72
16 75 0 0 -298 2304 341
16 76 0 0 420 2687 400
16 77 0 0 116 1994 314
16 78 0 0 1157 499 245
16 79 0 0 2175 2012 51
16 80 0 0 1689 2193 -10
16 81 0 0 1186 1950 15
16 89 0 0 601 2180 -41
16 91 0 0 647 2094 -8
16 93 0 0 587 1942 5
16 95 0 0 434 1854 -24
16 96 0 0 221 1816 -27
16 97 0 0 166 1778 -20
17 2 0 0 0 0 0
17 3 0 0 0 0 0
17 4 0 0 0 0 0
17 5 0 0 0 0 0
17 6 0 0 0 0 0
17 7 0 0 0 0 0
17 8 0 0 0 0 0
17 9 0 0 0 0 0
17 10 0 0 0 0 0
17 11 0 0 0 0 0
17 12 0 0 434 -39 -108
17 13 0 0 406 169 0
17 28 0 0 -399 387 -11
17 29 0 0 -560 380 -24
17 30 0 0 -820 207 6
17 31 0 0 463 -17 308
17 54 0 0 472 -239 56
17 55 0 0 1249 466 -38
17 56 0 0 1538 856 -36
17 57 0 0 1144 872 5
17 70 0 0 -835 1024 -7
17 71 0 0 -1228 1071 -88
17 72 0 0 -1923 1091 -37
17 73 0 0 -2806 198 -56
17 74 0 0 0 0 0
17 75 0 0 0 0 0
17 76 0 0 0 0 0
17 77 0 0 0 0 0
17 78 0 0 403 234 -54
17 79 0 0 1750 976 25
17 80 0 0 1690 1377 -54
17 81 0 0 1213 1555 -7
17 83 0 0 878 1877 -3
17 84 0 0 572 2000 14
17 86 0 0 555 2118 -8
17 96 0 0 318 1828 -19
17 97 0 0 256 1775 -30
18 2 0 0 0 0 0
18 3 0 0 0 0 0
18 4 0 0 0 0 0
18 5 0 0 0 0 0
18 6 0 0 0 0 0
18 7 0 0 0 0 0
18 8 0 0 0 0 0
18 9 0 0 0 0 0
18 10 0 0 0 0 0
18 11 0 0 0 0 0
18 12 0 0 325 -4 0
18 13 0 0 332 136 8
18 14 0 0 240 158 3
18 16 0 0 174 196 1
18 18 0 0 115 233 0
18 28 0 0 -381 266 -13
18 29 0 0 -459 166 -9
18 30 0 0 -288 30 11
18 55 0 0 823 -94 -118
18 56 0 0 1199 395 -59
18 57 0 0 980 597 17
18 59 0 0 674 729 1
18 60 0 0 421 789 15
18 62 0 0 178 840 0
18 70 0 0 -803 819 -29
18 71 0 0 -1029 696 -76
18 72 0 0 -1408 501 -73
18 73 0 0 -1519 99 -38
18 74 0 0 0 0 0
18 75 0 0 0 0 0
18 76 0 0 0 0 0
18 77 0 0 0 0 0
18 78 0 0 -149 -125 -47
18 79 0 0 732 -200 -125
18 80 0 0 1134 787 -94
18 81 0 0 927 1239 24
18 86 0 0 327 1982 -7
18 87 0 0 387 2066 -37
18 88 0 0 447 2157 -55
18 89 0 0 557 2257 -55
18 90 0 0 642 2253 -48
18 91 0 0 698 2114 -24
18 93 0 0 679 1798 11
18 95 0 0 462 1657 -19
18 96 0 0 248 1606 -23
18 97 0 0 206 1560 -8
19 2 0 0 0 0 0
19 3 0 0 0 0 0
19 4 0 0 0 0 0
19 5 0 0 0 0 0
19 6 0 0 0 0 0
19 7 0 0 0 0 0
19 8 0 0 0 0 0
19 9 0 0 0 0 0
19 10 0 0 0 0 0
19 11 0 0 0 0 0
19 12 0 0 342 -6 0
19 13 0 0 258 66 2
19 21 0 0 49 255 0
19 23 0 0 -18 278 1
19 25 0 0 -118 279 -2
19 27 0 0 -215 285 -11
19 28 0 0 -296 175 -6
19 29 0 0 -371 114 -3
19 30 0 0 -416 48 6
19 55 0 0 749 -180 46
19 56 0 0 929 286 -36
19 57 0 0 838 455 10
19 64 0 0 -33 871 3
19 67 0 0 -300 859 -7
19 69 0 0 -561 848 -39
19 70 0 0 -679 580 -20
19 71 0 0 -838 551 -39
19 72 0 0 -1093 295 -33
19 73 0 0 -1253 112 -31
19 74 0 0 0 0 0
19 75 0 0 0 0 0
19 76 0 0 0 0 0
19 77 0 0 0 0 0
19 78 0 0 253 -44 -5
19 79 0 0 586 -96 -81
19 80 0 0 703 672 -64
19 81 0 0 593 1045 17
19 83 0 0 554 1589 -6
19 84 0 0 424 1935 -8
19 86 0 0 352 2002 -16
19 87 0 0 356 2098 -38
19 88 0 0 395 2212 -56
19 89 0 0 532 2335 -44
19 90 0 0 810 2323 -42
19 91 0 0 897 2085 -50
19 96 0 0 349 1562 -40
19 97 0 0 239 1501 -25
20 2 0 0 0 0 0
20 3 0 0 0 0 0
20 4 0 0 0 0 0
20 6 0 0 0 0 0
20 8 0 0 0 0 0
20 9 0 0 0 0 0
20 10 0 0 0 0 0
20 11 0 0 0 0 0
20 12 0 0 230 10 16
20 13 0 0 224 76 4
20 28 0 0 -256 145 -7
20 29 0 0 -292 75 -5
20 30 0 0 -287 13 5
20 55 0 0 848 20 3
20 56 0 0 734 211 -12
20 57 0 0 673 334 10
20 72 0 0 -886 222 -21
20 73 0 0 -912 28 -4
20 74 0 0 2 0 0
20 75 0 0 0 -1 0
20 76 0 0 0 -2 0
20 77 0 0 -2 0 0
20 78 0 0 255 27 9
20 79 0 0 221 190 -9
20 80 0 0 294 645 -27
20 81 0 0 316 1119 35
20 82 0 0 158 1263 73
20 83 0 0 193 1494 40
20 84 0 0 140 1616 17
20 85 0 0 174 1827 -16
20 86 0 0 165 2039 -41
20 87 0 0 168 2223 -83
20 88 0 0 221 2501 -33
20 89 0 0 327 2616 -20
20 90 0 0 1291 2689 -47
20 91 0 0 1111 1952 1
20 93 0 0 1154 1504 4
20 96 0 0 296 1355 -34
20 97 0 0 227 1286 -3
21 2 0 0 0 0 0
21 3 0 0 0 0 0
21 8 0 0 0 0 0
21 9 0 0 0 0 0
21 10 0 0 0 0 0
21 11 0 0 0 0 0
21 12 0 0 205 5 22
21 13 0 0 185 29 0
21 14 0 0 175 104 1
21 16 0 0 135 144 0
21 18 0 0 87 178 0
21 21 0 0 34 195 0
21 23 0 0 -24 210 1
21 25 0 0 -97 199 -1
21 27 0 0 -165 180 -6
21 28 0 0 -200 93 -3
21 29 0 0 -236 53 -4
21 30 0 0 -260 10 10
21 55 0 0 663 29 12
21 56 0 0 618 173 -2
21 57 0 0 592 273 15
21 58 0 0 491 483 -2
21 60 0 0 336 578 11
21 62 0 0 142 636 0
21 64 0 0 -36 654 2
21 67 0 0 -245 638 0
21 69 0 0 -440 546 -12
21 71 0 0 -683 422 -22
21 72 0 0 -732 123 -7
21 73 0 0 -798 58 -8
21 74 0 0 4 0 0
21 75 0 0 2 -2 0
21 76 0 0 0 -4 0
21 77 0 0 -4 0 0
21 78 0 0 10 3 7
21 79 0 0 75 193 -11
21 80 0 0 55 740 -5
21 81 0 0 37 912 -51
21 82 0 0 80 1417 -12
21 83 0 0 43 1532 -9
21 84 0 0 50 1857 -33
21 85 0 0 6 1978 -27
21 86 0 0 42 2219 -59
21 87 0 0 32 2377 -54
21 88 0 0 68 2769 -30
21 89 0 0 68 2990 -13
21 90 0 0 1878 3091 -21
21 91 0 0 1986 1775 -43
21 95 0 0 669 1405 -30
21 96 0 0 441 1325 -41
21 97 0 0 299 1234 -33
22 2 0 0 0 0 0
22 3 0 0 0 0 0
22 4 0 0 0 0 0
22 6 0 0 0 0 0
22 8 0 0 0 0 0
22 9 0 0 0 0 0
22 10 0 0 0 0 0
22 11 0 0 0 0 0
22 12 0 0 158 9 6
22 13 0 0 162 52 2
22 28 0 0 -179 87 -3
22 29 0 0 -192 42 -3
22 30 0 0 -178 11 -3
22 55 0 0 573 41 -10
22 56 0 0 518 144 0
22 57 0 0 496 220 15
22 72 0 0 -595 143 -11
22 73 0 0 -597 10 2
22 74 0 0 9 1 0
22 75 0 0 4 -4 0
22 76 0 0 1 -9 0
22 77 0 0 -11 -21 1
22 78 0 0 2 -26 9
22 79 0 0 0 -32 -4
22 80 0 0 3 -42 13
22 81 0 0 1 -50 -4
22 82 0 0 5 -63 18
22 83 0 0 1 -72 0
22 84 0 0 7 -93 24
22 85 0 0 0 -105 13
22 86 0 0 1 -121 34
22 87 0 0 -26 -103 21
22 88 0 0 -101 162 82
22 89 0 0 -295 692 -12
22 90 0 0 365 -407 -8
22 91 0 0 1961 340 -65
22 96 0 0 351 932 -35
22 97 0 0 220 956 13
23 2 0 0 0 0 0
23 3 0 0 0 0 0
23 8 0 0 0 0 0
23 9 0 0 0 0 0
23 10 0 0 0 0 0
23 11 0 0 0 0 0
23 12 0 0 143 4 20
23 13 0 0 131 17 1
23 14 0 0 130 73 0
23 16 0 0 101 104 0
23 18 0 0 64 131 0
23 21 0 0 20 145 0
23 23 0 0 -24 152 0
23 25 0 0 -80 139 -1
23 27 0 0 -125 117 -3
23 28 0 0 -141 57 -3
23 29 0 0 -156 31 -2
23 30 0 0 -169 1 6
23 55 0 0 506 31 0
23 56 0 0 444 113 2
23 57 0 0 430 177 14
23 58 0 0 370 335 -5
23 60 0 0 252 418 9
23 62 0 0 105 470 0
23 64 0 0 -38 486 1
23 67 0 0 -195 461 -1
23 69 0 0 -343 390 -1
23 71 0 0 -465 271 -4
23 72 0 0 -500 53 -4
23 73 0 0 -543 31 -6
23 74 0 0 14 -2 -2
23 75 0 0 12 -7 0
23 76 0 0 7 -10 0
23 77 0 0 10 -20 1
23 78 0 0 5 -25 0
23 79 0 0 13 -34 1
23 80 0 0 8 -39 0
23 81 0 0 20 -52 1
23 82 0 0 6 -59 0
23 83 0 0 22 -70 -1
23 84 0 0 17 -80 0
23 85 0 0 34 -113 -1
23 86 0 0 -11 -126 -5
23 87 0 0 7 -167 9
23 88 0 0 21 -240 8
23 89 0 0 -21 -619 19
23 90 0 0 233 -784 -100
23 91 0 0 1254 -33 -18
23 93 0 0 1159 573 -38
23 95 0 0 617 816 -34
23 96 0 0 350 788 -45
23 97 0 0 189 841 -10
24 2 0 0 0 0 0
24 3 0 0 0 0 0
24 4 0 0 0 0 0
24 6 0 0 0 0 0
24 8 0 0 0 0 0
24 9 0 0 0 0 0
24 10 0 0 0 0 0
24 11 0 0 0 0 0
24 12 0 0 112 6 0
24 13 0 0 116 37 2
24 28 0 0 -126 55 -2
24 29 0 0 -131 27 -2
24 30 0 0 -118 9 -5
24 55 0 0 418 33 1
24 56 0 0 371 104 10
24 57 0 0 361 158 24
24 72 0 0 -418 107 -8
24 73 0 0 -404 2 5
24 74 0 0 22 2 1
24 75 0 0 15 -5 0
24 76 0 0 19 -14 0
24 78 0 0 21 -26 0
24 80 0 0 29 -42 0
24 82 0 0 35 -54 0
24 84 0 0 61 -93 0
24 87 0 0 73 -100 -2
24 96 0 0 249 653 -36
24 97 0 0 108 665 13
25 2 0 0 0 0 0
25 3 0 0 0 0 0
25 8 0 0 0 0 0
25 9 0 0 0 0 0
25 10 0 0 0 0 0
25 11 0 0 0 0 0
25 12 0 0 101 3 18
25 13 0 0 95 10 1
25 14 0 0 94 51 0
25 16 0 0 75 76 0
25 18 0 0 46 97 0
25 21 0 0 13 107 0
25 23 0 0 -20 110 0
25 25 0 0 -60 98 0
25 27 0 0 -91 78 -1
25 28 0 0 -100 37 -3
25 29 0 0 -106 19 -1
25 30 0 0 -114 0 4
25 55 0 0 349 33 7
25 56 0 0 324 77 5
25 57 0 0 309 123 14
25 58 0 0 273 242 0
25 60 0 0 186 303 6
25 62 0 0 78 347 0
25 64 0 0 -31 356 1
25 67 0 0 -149 333 1
25 69 0 0 -254 269 0
25 71 0 0 -347 178 3
25 72 0 0 -345 26 -6
25 73 0 0 -383 20 -5
25 74 0 0 29 -4 -3
25 75 0 0 25 -11 -1
25 89 0 0 132 -260 -6
25 91 0 0 514 -216 -19
25 93 0 0 616 323 0
25 95 0 0 397 547 -27
25 96 0 0 255 616 -34
25 97 0 0 96 616 0
26 2 0 0 0 0 0
26 3 0 0 0 0 0
26 4 0 0 0 0 0
26 6 0 0 0 0 0
26 8 0 0 0 0 0
26 9 0 0 0 0 0
26 10 0 0 0 0 0
26 11 0 0 0 0 0
26 12 0 0 82 2 -6
26 13 0 0 85 27 2
26 28 0 0 -88 37 -3
26 29 0 0 -91 19 -2
26 30 0 0 -81 7 -5
26 55 0 0 299 29 1
26 56 0 0 272 80 13
26 57 0 0 268 117 20
26 72 0 0 -298 76 -5
26 73 0 0 -283 0 3
26 74 0 0 38 4 3
26 75 0 0 26 -1 0
26 76 0 0 27 -12 0
26 78 0 0 32 -19 0
26 80 0 0 40 -32 0
26 82 0 0 54 -38 0
26 84 0 0 72 -61 0
26 87 0 0 114 -52 -1
26 89 0 0 150 -101 -1
26 96 0 0 166 450 -24
26 97 0 0 57 463 5
27 2 0 0 0 0 0
27 3 0 0 0 0 0
27 8 0 0 0 0 0
27 9 0 0 0 0 0
27 10 0 0 0 0 0
27 11 0 0 0 0 0
27 12 0 0 73 2 14
27 13 0 0 68 6 1
27 14 0 0 69 36 0
27 16 0 0 54 56 0
27 18 0 0 33 71 0
27 21 0 0 8 78 0
27 23 0 0 -17 79 0
27 25 0 0 -44 70 0
27 27 0 0 -66 53 -1
27 28 0 0 -70 24 -2
27 29 0 0 -74 13 0
27 30 0 0 -78 0 3
27 55 0 0 226 17 7
27 56 0 0 234 54 3
27 57 0 0 223 89 7
27 58 0 0 198 177 2
27 60 0 0 135 220 4
27 62 0 0 56 255 0
27 64 0 0 -26 260 0
27 67 0 0 -111 241 0
27 69 0 0 -187 193 0
27 71 0 0 -243 122 1
27 72 0 0 -241 10 -4
27 73 0 0 -272 15 -4
27 74 0 0 43 -5 -3
27 75 0 0 36 -11 -1
27 91 0 0 354 -43 0
27 93 0 0 384 204 -1
27 95 0 0 268 360 -20
27 96 0 0 156 412 -25
27 97 0 0 41 412 2
28 2 0 0 0 0 0
28 3 0 0 0 0 0
28 4 0 0 0 0 0
28 6 0 0 0 0 0
28 8 0 0 0 0 0
28 9 0 0 0 0 0
28 10 0 0 0 0 0
28 11 0 0 0 0 0
28 12 0 0 59 1 -6
28 13 0 0 62 20 1
28 28 0 0 -63 25 -2
28 29 0 0 -64 13 -1
28 30 0 0 -56 5 -4
28 55 0 0 199 12 -2
28 56 0 0 202 61 11
28 57 0 0 199 89 15
28 72 0 0 -214 58 -4
28 73 0 0 -202 -1 1
28 74 0 0 49 5 4
28 75 0 0 38 2 0
28 76 0 0 35 -9 0
28 78 0 0 41 -13 0
28 80 0 0 49 -22 0
28 82 0 0 62 -22 0
28 84 0 0 79 -34 -1
28 87 0 0 113 -19 -1
28 89 0 0 134 -29 -1
28 91 0 0 233 27 -4
28 93 0 0 232 164 -4
28 96 0 0 99 322 -20
28 97 0 0 21 317 0
29 2 0 0 0 0 0
29 3 0 0 0 0 0
29 8 0 0 0 0 0
29 9 0 0 0 0 0
29 10 0 0 0 0 0
29 11 0 0 0 0 0
29 12 0 0 52 1 11
29 13 0 0 49 4 0
29 14 0 0 50 26 0
29 16 0 0 39 40 0
29 18 0 0 24 52 0
29 21 0 0 5 57 0
29 23 0 0 -13 57 0
29 25 0 0 -33 49 0
29 27 0 0 -48 37 0
29 28 0 0 -50 17 -1
29 29 0 0 -52 8 0
29 30 0 0 -54 0 2
29 55 0 0 174 22 6
29 56 0 0 168 38 3
29 57 0 0 162 65 5
29 58 0 0 143 129 3
29 60 0 0 99 159 2
29 62 0 0 41 186 0
29 64 0 0 -19 189 0
29 67 0 0 -82 174 0
29 69 0 0 -136 136 0
29 71 0 0 -176 85 1
29 72 0 0 -170 4 -2
29 73 0 0 -194 12 -4
29 74 0 0 52 -6 -4
29 75 0 0 46 -10 -1
29 95 0 0 166 266 -16
29 96 0 0 98 303 -20
29 97 0 0 20 285 2
30 2 0 0 0 0 0
30 3 0 0 0 0 0
30 8 0 0 0 0 0
30 9 0 0 0 0 0
30 10 0 0 0 0 0
30 11 0 0 0 0 0
30 12 0 0 43 0 -5
30 13 0 0 45 15 1
30 28 0 0 -45 17 -1
30 29 0 0 -45 10 0
30 30 0 0 -40 4 -3
30 55 0 0 147 10 1
30 56 0 0 145 46 9
30 57 0 0 145 66 12
30 72 0 0 -153 43 -3
30 73 0 0 -145 -2 1
30 74 0 0 56 6 4
30 75 0 0 48 4 0
30 76 0 0 40 -5 0
30 78 0 0 45 -6 0
30 80 0 0 52 -11 0
30 82 0 0 64 -8 0
30 84 0 0 77 -11 0
30 86 0 0 104 5 0
30 89 0 0 116 14 0
30 91 0 0 166 55 -1
30 93 0 0 154 136 -1
30 95 0 0 111 193 -11
30 96 0 0 64 230 -16
30 97 0 0 10 220 1
31 2 0 0 0 0 0
31 3 0 0 0 0 0
31 4 0 0 0 0 0
31 6 0 0 0 0 0
31 8 0 0 0 0 0
31 9 0 0 0 0 0
31 10 0 0 0 0 0
31 11 0 0 0 0 0
31 12 0 0 38 0 8
31 13 0 0 35 2 0
31 14 0 0 36 19 0
31 16 0 0 28 29 0
31 18 0 0 17 37 0
31 21 0 0 4 41 0
31 23 0 0 -10 41 0
31 25 0 0 -23 35 0
31 27 0 0 -34 26 0
31 28 0 0 -36 12 -1
31 29 0 0 -37 6 0
31 30 0 0 -38 0 2
31 55 0 0 129 13 6
31 56 0 0 121 26 2
31 57 0 0 117 47 4
31 58 0 0 103 93 3
31 60 0 0 72 116 1
31 62 0 0 29 136 0
31 64 0 0 -15 138 0
31 67 0 0 -60 126 0
31 69 0 0 -98 98 0
31 71 0 0 -125 61 1
31 72 0 0 -120 1 -1
31 73 0 0 -138 10 -3
31 74 0 0 58 -6 -3
31 75 0 0 52 -9 -1
31 96 0 0 63 221 -16
31 97 0 0 11 204 2
32 2 0 0 0 0 0
32 3 0 0 0 0 0
32 8 0 0 0 0 0
32 9 0 0 0 0 0
32 10 0 0 0 0 0
32 11 0 0 0 0 0
32 12 0 0 32 0 -4
32 13 0 0 32 11 1
32 14 0 0 26 13 0
32 16 0 0 20 21 0
32 18 0 0 12 27 0
32 28 0 0 -32 12 -1
32 29 0 0 -32 7 0
32 30 0 0 -28 3 -2
32 55 0 0 101 7 -2
32 56 0 0 105 35 7
32 57 0 0 106 49 10
32 72 0 0 -110 32 -2
32 73 0 0 -104 -2 1
32 74 0 0 60 6 4
32 75 0 0 50 6 1
32 76 0 0 42 -1 0
32 78 0 0 46 -1 0
32 80 0 0 52 -2 0
32 82 0 0 61 1 0
32 84 0 0 69 3 0
32 86 0 0 87 19 0
32 89 0 0 92 32 0
32 91 0 0 114 65 0
32 93 0 0 100 113 0
32 96 0 0 38 174 -12
32 97 0 0 5 160 3
33 2 0 0 0 0 0
33 3 0 0 0 0 0
33 4 0 0 0 0 0
33 6 0 0 0 0 0
33 8 0 0 0 0 0
33 9 0 0 0 0 0
33 10 0 0 0 0 0
33 11 0 0 0 0 0
33 12 0 0 27 0 6
33 13 0 0 26 1 0
33 21 0 0 2 30 0
33 23 0 0 -7 29 0
33 25 0 0 -17 25 0
33 27 0 0 -25 18 0
33 28 0 0 -25 8 0
33 29 0 0 -26 4 0
33 30 0 0 -27 0 1
33 55 0 0 85 12 0
33 56 0 0 86 18 1
33 57 0 0 83 34 2
33 58 0 0 74 68 2
33 60 0 0 52 84 1
33 62 0 0 21 100 0
33 64 0 0 -10 100 0
33 67 0 0 -43 92 0
33 69 0 0 -70 71 0
33 71 0 0 -89 44 0
33 72 0 0 -85 0 0
33 73 0 0 -98 8 -2
33 74 0 0 60 -6 -3
33 75 0 0 53 -7 -1
33 95 0 0 72 151 -8
33 96 0 0 43 169 -12
33 97 0 0 6 151 3
34 2 0 0 0 0 0
34 3 0 0 0 0 0
34 8 0 0 0 0 0
34 9 0 0 0 0 0
34 10 0 0 0 0 0
34 11 0 0 0 0 0
34 12 0 0 23 0 -3
34 13 0 0 23 8 0
34 14 0 0 19 10 0
34 16 0 0 15 15 0
34 18 0 0 9 19 0
34 21 0 0 1 21 0
34 28 0 0 -23 9 0
34 29 0 0 -23 5 0
34 30 0 0 -20 2 -2
34 55 0 0 75 5 0
34 56 0 0 75 25 5
34 57 0 0 76 36 7
34 72 0 0 -78 24 -1
34 73 0 0 -74 -2 1
34 74 0 0 60 6 4
34 75 0 0 50 8 1
34 76 0 0 42 0 0
34 78 0 0 46 2 0
34 80 0 0 49 3 0
34 82 0 0 57 9 0
34 84 0 0 62 14 0
34 86 0 0 73 27 0
34 89 0 0 74 41 0
34 96 0 0 25 133 -9
34 97 0 0 3 120 3
35 2 0 0 0 0 0
35 3 0 0 0 0 0
35 4 0 0 0 0 0
35 6 0 0 0 0 0
35 8 0 0 0 0 0
35 9 0 0 0 0 0
35 10 0 0 0 0 0
35 11 0 0 0 0 0
35 12 0 0 19 0 5
35 13 0 0 18 1 0
35 23 0 0 -5 21 0
35 25 0 0 -12 18 0
35 27 0 0 -18 13 0
35 28 0 0 -18 6 0
35 29 0 0 -19 3 0
35 30 0 0 -19 0 1
35 55 0 0 48 5 4
35 56 0 0 61 13 0
35 57 0 0 59 25 2
35 58 0 0 52 50 2
35 60 0 0 36 62 0
35 62 0 0 14 73 0
35 64 0 0 -8 74 0
35 67 0 0 -31 67 0
35 69 0 0 -50 52 0
35 71 0 0 -63 32 0
35 72 0 0 -59 0 0
35 73 0 0 -69 6 -2
35 74 0 0 60 -6 -3
35 75 0 0 52 -6 -1
35 91 0 0 84 64 0
35 93 0 0 71 94 0
35 95 0 0 50 117 -6
35 96 0 0 29 131 -9
35 97 0 0 4 115 3
36 2 0 0 0 0 0
36 3 0 0 0 0 0
36 4 0 0 0 0 0
36 8 0 0 0 0 0
36 9 0 0 0 0 0
36 10 0 0 0 0 0
36 11 0 0 0 0 0
36 12 0 0 17 0 -2
36 13 0 0 17 5 0
36 14 0 0 13 7 0
36 16 0 0 10 11 0
36 18 0 0 6 14 0
36 21 0 0 1 15 0
36 23 0 0 -4 15 0
36 28 0 0 -17 6 0
36 29 0 0 -17 3 0
36 30 0 0 -14 1 -1
36 55 0 0 40 6 -2
36 56 0 0 53 18 3
36 57 0 0 54 27 5
36 72 0 0 -55 17 -1
36 73 0 0 -51 -1 0
36 74 0 0 58 6 4
36 75 0 0 49 8 1
36 76 0 0 40 2 0
36 78 0 0 43 5 0
36 96 0 0 16 106 -7
36 97 0 0 1 93 2
37 2 0 0 0 0 0
37 3 0 0 0 0 0
37 6 0 0 0 0 0
37 8 0 0 0 0 0
37 9 0 0 0 0 0
37 10 0 0 0 0 0
37 11 0 0 0 0 0
37 12 0 0 14 0 4
37 13 0 0 13 0 0
37 25 0 0 -9 13 0
37 27 0 0 -13 9 0
37 28 0 0 -13 4 0
37 29 0 0 -13 2 0
37 30 0 0 -14 0 0
37 55 0 0 41 6 1
37 56 0 0 41 10 0
37 57 0 0 40 19 1
37 58 0 0 36 37 1
37 60 0 0 26 46 0
37 62 0 0 10 55 0
37 65 0 0 -5 55 0
37 67 0 0 -22 50 0
37 69 0 0 -35 38 0
37 71 0 0 -44 23 0
37 72 0 0 -40 1 0
37 73 0 0 -48 5 -1
37 74 0 0 57 -6 -3
37 75 0 0 49 -5 -1
37 80 0 0 46 7 0
37 82 0 0 50 14 0
37 84 0 0 53 19 0
37 86 0 0 59 31 0
37 89 0 0 58 43 0
37 91 0 0 60 60 0
37 93 0 0 49 80 0
37 95 0 0 34 95 -5
37 96 0 0 21 104 -7
37 97 0 0 2 90 3
38 2 0 0 0 0 0
38 3 0 0 0 0 0
38 4 0 0 0 0 0
38 6 0 0 0 0 0
38 8 0 0 0 0 0
38 9 0 0 0 0 0
38 10 0 0 0 0 0
38 11 0 0 0 0 0
38 12 0 0 12 0 -2
38 13 0 0 12 4 0
38 16 0 0 7 8 0
38 18 0 0 4 10 0
38 21 0 0 0 11 0
38 23 0 0 -3 11 0
38 25 0 0 -6 9 0
38 28 0 0 -12 4 0
38 29 0 0 -12 2 0
38 30 0 0 -10 1 -1
38 55 0 0 35 4 0
38 56 0 0 36 13 2
38 57 0 0 37 21 3
38 58 0 0 24 29 1
38 60 0 0 17 35 0
38 62 0 0 6 42 0
38 65 0 0 -3 42 0
38 67 0 0 -14 38 0
38 69 0 0 -23 29 0
38 71 0 0 -29 18 0
38 72 0 0 -38 13 -1
38 73 0 0 -35 -1 0
38 74 0 0 54 6 4
38 75 0 0 48 9 1
38 76 0 0 38 3 0
38 96 0 0 11 86 -6
38 97 0 0 1 74 2
39 2 0 0 0 0 0
39 3 0 0 0 0 0
39 4 0 0 0 0 0
39 5 0 0 0 0 0
39 6 0 1 0 0 0
39 7 0 1 0 0 0
39 8 0 1 0 0 0
39 9 0 2 0 0 0
39 10 0 2 0 0 0
39 11 0 0 0 0 0
39 12 0 0 11 0 2
39 13 0 1 10 0 0
39 14 0 1 10 4 0
39 15 0 1 0 0 0
39 16 0 0 0 0 0
39 17 0 0 0 0 0
39 18 0 0 0 0 0
39 19 0 0 0 0 0
39 20 0 0 0 0 0
39 21 0 0 0 0 0
39 22 0 0 0 0 0
39 27 0 0 -9 6 0
39 28 0 0 -9 3 0
39 29 0 0 -10 1 0
39 30 0 0 -10 0 0
39 55 0 0 28 3 1
39 56 0 0 28 7 0
39 57 0 0 27 15 1
39 72 0 0 -25 2 0
39 73 0 0 -32 4 -1
39 74 0 0 53 -6 -3
39 75 0 0 46 -4 0
39 78 0 0 40 7 0
39 80 0 0 41 10 0
39 82 0 0 44 16 0
39 84 0 0 45 23 0
39 86 0 0 48 32 0
39 89 0 0 46 42 0
39 91 0 0 46 55 0
39 93 0 0 36 68 0
39 95 0 0 24 78 -4
39 96 0 0 15 85 -6
39 97 0 0 2 72 2
40 2 0 0 0 0 0
40 3 0 0 0 0 0
40 4 0 0 0 0 0
40 5 0 1 0 0 0
40 6 0 2 0 0 0
40 7 0 3 0 0 0
40 8 0 4 0 0 0
40 9 0 5 0 0 0
40 10 0 5 0 0 0
40 11 0 0 -1 0 0
40 12 0 0 10 0 0
40 13 0 4 9 2 0
40 14 0 3 0 0 0
40 15 0 2 0 0 0
40 16 0 1 0 0 0
40 17 0 1 0 0 0
40 18 0 0 0 0 0
40 19 0 0 3 7 0
40 20 0 0 0 0 0
40 21 0 0 0 8 0
40 22 0 0 0 0 0
40 23 0 0 -2 7 0
40 25 0 0 -4 6 0
40 27 0 0 -6 4 0
40 28 0 0 -8 3 0
40 29 0 0 -9 1 0
40 30 0 0 -7 0 0
40 55 0 0 15 3 0
40 56 0 0 23 9 1
40 57 0 0 24 15 2
40 58 0 0 15 22 0
40 60 0 0 12 28 0
40 62 0 0 4 34 0
40 65 0 0 -2 33 0
40 67 0 0 -9 31 0
40 69 0 0 -15 23 0
40 71 0 0 -19 14 0
40 72 0 0 -24 9 0
40 73 0 0 -21 0 0
40 74 0 0 50 6 4
40 75 0 0 41 8 2
40 96 0 0 7 71 -5
40 97 0 0 0 60 1
41 2 0 0 0 0 0
41 3 0 1 0 0 0
41 4 0 2 0 0 0
41 5 0 3 0 0 0
41 6 0 5 0 0 0
41 7 0 7 0 0 0
41 8 0 8 0 0 0
41 9 0 10 0 -1 0
41 10 0 11 -1 -1 0
41 11 0 0 0 -5 0
41 12 0 0 10 -8 0
41 13 0 9 7 -1 0
41 14 0 7 7 3 0
41 15 0 5 0 0 0
41 16 0 3 5 5 0
41 17 0 2 0 0 0
41 18 0 1 0 0 0
41 19 0 0 0 0 0
41 20 0 0 0 0 0
41 21 0 0 0 0 0
41 22 0 0 0 0 0
41 28 0 0 -7 2 0
41 29 0 0 -7 1 0
41 30 0 0 -7 0 0
41 55 0 0 17 2 0
41 56 0 0 16 5 0
41 57 0 0 16 13 0
41 72 0 0 -14 2 0
41 73 0 0 -19 3 0
41 74 0 0 49 -5 -3
41 75 0 0 38 -3 0
41 76 0 0 34 4 0
41 78 0 0 36 8 0
41 80 0 0 36 12 0
41 82 0 0 38 18 0
41 84 0 0 38 24 0
41 86 0 0 39 32 0
41 89 0 0 37 40 0
41 91 0 0 34 50 0
41 93 0 0 27 59 0
41 95 0 0 17 66 -3
41 96 0 0 12 71 -5
41 97 0 0 1 59 2
42 2 0 0 0 0 0
42 3 0 2 0 0 0
42 4 0 3 0 0 0
42 5 0 6 0 0 0
42 6 0 9 0 0 0
42 7 0 13 0 0 0
42 8 0 17 0 0 0
42 9 0 20 0 -1 0
42 10 0 22 1 -1 0
42 11 0 23 1 -2 0
42 12 0 21 4 -1 0
42 13 0 19 6 0 0
42 14 0 15 0 0 0
42 15 0 12 0 0 0
42 16 0 8 0 0 0
42 17 0 6 0 0 0
42 18 0 4 0 0 0
42 19 0 2 2 5 0
42 20 0 1 0 0 0
42 21 0 0 0 5 0
42 22 0 0 0 0 0
42 23 0 0 -1 5 0
42 24 0 0 0 0 0
42 25 0 0 -3 4 0
42 26 0 0 0 0 0
42 27 0 0 -5 3 0
42 28 0 0 -6 2 0
42 29 0 0 -6 1 0
42 30 0 0 -5 0 0
42 55 0 0 10 1 0
42 56 0 0 13 8 0
42 57 0 0 13 15 0
42 58 0 0 8 18 0
42 59 0 0 9 24 -1
42 60 0 0 4 25 0
42 61 0 0 8 30 -1
42 62 0 0 0 33 0
42 63 0 0 5 32 0
42 64 0 0 -4 34 1
42 65 0 0 1 32 0
42 66 0 0 -7 31 0
42 67 0 0 -4 28 0
42 68 0 0 -10 25 0
42 69 0 0 -6 20 0
42 70 0 0 -11 18 1
42 71 0 0 -10 9 0
42 72 0 0 -13 6 0
42 73 0 0 -11 0 0
42 74 0 0 46 5 3
42 75 0 0 38 7 1
42 96 0 0 5 61 -4
42 97 0 0 0 50 1
43 2 0 0 0 0 0
43 3 0 3 0 0 0
43 4 0 7 0 0 0
43 5 0 11 0 0 0
43 6 0 17 0 0 0
43 7 0 24 0 0 0
43 8 0 30 0 0 0
43 9 0 36 0 0 0
43 10 0 40 1 0 0
43 11 0 41 2 -1 0
43 12 0 39 3 -1 0
43 13 0 34 3 0 0
43 14 0 28 0 0 0
43 15 0 22 4 2 0
43 16 0 16 0 0 0
43 17 0 11 3 3 0
43 18 0 7 0 0 0
43 19 0 5 0 0 0
43 20 0 3 0 0 0
43 21 0 2 0 0 0
43 22 0 1 0 0 0
43 23 0 0 0 0 0
43 24 0 0 0 0 0
43 25 0 0 0 0 0
43 26 0 0 0 0 0
43 27 0 0 0 0 0
43 28 0 0 -5 1 0
43 29 0 0 -5 0 0
43 30 0 0 -5 0 0
43 55 0 0 7 1 0
43 56 0 0 5 5 0
43 57 0 0 7 12 0
43 58 0 0 2 16 0
43 59 0 0 7 22 0
43 60 0 0 2 24 0
43 61 0 0 5 28 0
43 62 0 0 0 29 0
43 63 0 0 2 30 0
43 64 0 0 -2 32 0
43 65 0 0 0 30 0
43 66 0 0 -3 29 0
43 67 0 0 -3 27 0
43 68 0 0 -6 23 0
43 69 0 0 -4 17 0
43 70 0 0 -6 15 0
43 71 0 0 -5 9 0
43 72 0 0 -6 2 0
43 73 0 0 -9 2 0
43 74 0 0 46 -5 -3
43 75 0 0 34 -3 0
43 76 0 0 31 4 0
43 78 0 0 31 8 0
43 80 0 0 31 13 0
43 82 0 0 32 18 0
43 84 0 0 32 24 0
43 87 0 0 32 31 0
43 89 0 0 29 37 0
43 91 0 0 26 45 0
43 93 0 0 20 52 0
43 95 0 0 13 56 -3
43 96 0 0 9 60 -4
43 97 0 0 1 50 1
44 2 0 0 0 0 0
44 3 0 6 0 0 0
44 4 0 11 0 0 0
44 5 0 18 0 0 0
44 6 0 28 0 0 0
44 7 0 39 0 0 0
44 8 0 50 0 0 0
44 9 0 60 0 0 0
44 10 0 66 0 0 0
44 11 0 68 0 0 0
44 12 0 65 0 0 0
44 13 0 58 0 0 0
44 14 0 48 0 0 0
44 15 0 38 0 0 0
44 16 0 29 0 0 0
44 17 0 21 0 0 0
44 18 0 15 0 0 0
44 19 0 10 1 3 0
44 20 0 7 0 0 0
44 21 0 5 0 4 0
44 22 0 3 0 0 0
44 23 0 2 -1 4 0
44 24 0 1 0 0 0
44 25 0 0 -2 3 0
44 26 0 0 0 0 0
44 27 0 0 -3 2 0
44 28 0 0 -4 1 0
44 29 0 0 -4 1 0
44 30 0 0 -4 0 0
44 55 0 0 1 1 0
44 56 0 0 1 5 0
44 57 0 0 0 11 0
44 58 0 0 0 11 1
44 59 0 0 2 13 0
44 60 0 0 1 24 0
44 61 0 0 2 23 0
44 62 0 0 0 26 0
44 63 0 0 0 26 -2
44 64 0 0 -1 22 -1
44 65 0 0 1 29 0
44 66 0 0 0 28 0
44 67 0 0 0 26 0
44 68 0 0 0 21 0
44 69 0 0 0 12 0
44 70 0 0 0 13 0
44 71 0 0 0 11 0
44 72 0 0 -2 4 0
44 73 0 0 -2 0 0
44 74 0 0 49 1 -8
44 75 0 0 34 5 1
44 76 0 0 27 3 0
44 96 0 0 3 53 -4
44 97 0 0 0 43 1
45 2 0 0 0 0 0
45 3 0 9 0 0 0
45 4 0 17 0 0 0
45 5 0 28 0 0 0
45 6 0 42 0 0 0
45 7 0 59 0 0 0
45 8 0 77 1 0 0
45 9 0 92 0 0 0
45 10 0 102 1 0 0
45 11 0 106 0 0 0
45 12 0 102 0 0 0
45 13 0 92 2 0 0
45 14 0 79 0 0 0
45 15 0 64 2 1 0
45 16 0 50 0 0 0
45 17 0 39 2 2 0
45 18 0 29 0 0 0
45 19 0 22 0 0 0
45 20 0 17 0 0 0
45 21 0 13 0 0 0
45 22 0 11 0 0 0
45 23 0 8 0 0 0
45 24 0 7 0 0 0
45 25 0 6 0 0 0
45 26 0 5 0 0 0
45 27 0 4 0 0 0
45 28 0 3 -3 1 0
45 29 0 2 -3 0 0
45 30 0 0 -4 0 0
45 65 0 0 0 0 0
45 66 0 0 0 0 0
45 67 0 0 0 -1 0
45 68 0 0 0 -2 0
45 69 0 0 0 -3 0
45 70 0 0 0 -5 0
45 71 0 0 1 -7 0
45 72 0 0 0 -13 0
45 73 0 0 2 -15 0
45 74 0 0 33 -5 6
45 75 0 0 29 -6 0
45 78 0 0 26 8 0
45 80 0 0 26 13 0
45 82 0 0 26 18 0
45 84 0 0 26 23 0
45 87 0 0 25 29 0
45 89 0 0 23 35 0
45 91 0 0 20 41 0
45 93 0 0 15 46 0
45 95 0 0 9 49 -2
45 96 0 0 7 52 -4
45 97 0 0 1 43 1
46 2 0 0 0 0 0
46 3 0 13 0 0 0
46 4 0 24 0 0 0
46 5 0 39 0 0 0
46 6 0 59 0 0 0
46 7 0 83 0 0 0
46 8 0 108 0 0 0
46 9 0 130 0 0 0
46 10 0 145 0 0 0
46 11 0 151 0 0 0
46 12 0 147 0 0 0
46 13 0 135 0 0 0
46 14 0 118 0 0 0
46 15 0 99 0 0 0
46 16 0 81 0 0 0
46 17 0 65 0 0 0
46 18 0 52 0 0 0
46 19 0 42 0 2 0
46 20 0 34 0 0 0
46 21 0 27 0 3 0
46 22 0 22 0 0 0
46 23 0 18 -1 3 0
46 24 0 15 0 0 0
46 25 0 12 -2 2 0
46 26 0 10 0 0 0
46 27 0 8 -2 1 0
46 28 0 7 -3 1 0
46 29 0 5 -3 0 0
46 30 0 0 -3 0 0
46 65 0 0 0 0 0
46 66 0 0 0 0 0
46 67 0 0 0 0 0
46 68 0 0 1 -2 0
46 69 0 0 0 -2 0
46 70 0 0 1 -4 0
46 71 0 0 1 -5 0
46 72 0 0 4 -8 0
46 73 0 0 5 -9 0
46 74 0 0 16 -10 0
46 75 0 0 23 0 1
46 96 0 0 2 46 -3
46 97 0 0 0 38 1
47 2 0 0 0 0 0
47 3 0 17 0 0 0
47 4 0 31 0 0 0
47 5 0 51 0 0 0
47 6 0 78 0 0 0
47 7 0 110 0 0 0
47 8 0 143 1 0 0
47 9 0 173 0 0 0
47 10 0 195 1 0 0
47 11 0 205 0 0 0
47 12 0 203 0 0 0
47 13 0 191 1 0 0
47 14 0 171 0 0 0
47 15 0 149 1 1 0
47 16 0 126 0 0 0
47 17 0 106 1 2 0
47 18 0 89 0 0 0
47 19 0 74 0 0 0
47 20 0 62 0 0 0
47 21 0 52 0 0 0
47 22 0 44 0 0 0
47 23 0 38 0 0 0
47 24 0 33 0 0 0
47 25 0 28 0 0 0
47 26 0 24 0 0 0
47 27 0 20 0 0 0
47 28 0 17 -2 0 0
47 29 0 13 -2 0 0
47 30 0 0 -2 0 0
47 65 0 0 0 0 0
47 66 0 0 1 0 0
47 67 0 0 1 -1 0
47 68 0 0 1 -1 0
47 69 0 0 2 -2 0
47 70 0 0 2 -3 0
47 71 0 0 4 -4 0
47 72 0 0 5 -5 0
47 73 0 0 9 -8 0
47 74 0 0 13 -7 0
47 75 0 0 16 -5 1
47 77 0 0 20 3 0
47 78 0 0 21 8 0
47 80 0 0 21 13 0
47 82 0 0 21 18 0
47 84 0 0 21 23 0
47 87 0 0 20 28 0
47 89 0 0 18 32 0
47 91 0 0 16 37 0
47 93 0 0 11 41 0
47 95 0 0 7 44 -2
47 96 0 0 5 46 -3
47 97 0 0 1 37 1
48 2 0 0 0 0 0
48 3 0 21 0 0 0
48 4 0 38 0 0 0
48 5 0 62 0 0 0
48 6 0 95 0 0 0
48 7 0 134 0 0 0
48 8 0 176 0 0 0
48 9 0 215 0 0 0
48 10 0 245 1 0 0
48 11 0 262 0 0 0
48 12 0 265 1 0 0
48 13 0 257 0 0 0
48 14 0 239 0 0 0
48 15 0 217 1 1 0
48 16 0 193 0 0 0
48 17 0 171 0 1 0
48 18 0 149 0 0 0
48 19 0 129 0 2 0
48 20 0 111 0 0 0
48 21 0 95 0 2 0
48 22 0 82 0 0 0
48 23 0 70 0 2 0
48 24 0 61 0 0 0
48 25 0 53 -1 1 0
48 26 0 46 0 0 0
48 27 0 39 -2 1 0
48 28 0 32 -2 0 0
48 29 0 25 -2 0 0
48 30 0 0 -2 0 0
48 65 0 0 0 0 0
48 66 0 0 2 0 0
48 67 0 0 1 0 0
48 68 0 0 2 -1 0
48 70 0 0 4 -1 0
48 96 0 0 1 42 -3
48 97 0 0 0 34 1
49 2 0 0 0 0 0
49 3 0 23 0 0 0
49 4 0 42 0 0 0
49 5 0 70 0 0 0
49 6 0 108 0 0 0
49 7 0 154 0 0 0
49 8 0 204 0 0 0
49 9 0 252 0 0 0
49 10 0 294 0 0 0
49 11 0 322 0 0 0
49 12 0 335 0 0 0
49 13 0 336 0 0 0
49 14 0 325 0 0 0
49 15 0 308 0 0 0
49 16 0 287 0 0 0
49 17 0 264 0 0 0
49 18 0 239 0 0 0
49 19 0 214 0 0 0
49 20 0 189 0 0 0
49 21 0 166 0 0 0
49 22 0 146 0 0 0
49 23 0 128 0 0 0
49 24 0 113 0 0 0
49 25 0 100 0 0 0
49 26 0 87 0 0 0
49 27 0 74 0 0 0
49 28 0 62 -2 0 0
49 29 0 49 -2 0 0
49 30 0 0 -2 0 0
49 65 0 0 1 0 0
49 66 0 0 1 0 0
49 67 0 0 2 -1 0
49 73 0 0 7 -2 0
49 75 0 0 12 0 0
49 77 0 0 15 4 0
49 79 0 0 16 9 0
49 80 0 0 16 13 0
49 82 0 0 17 18 0
49 84 0 0 16 22 0
49 87 0 0 15 26 0
49 89 0 0 14 30 0
49 91 0 0 12 34 0
49 93 0 0 9 37 0
49 95 0 0 5 40 -2
49 96 0 0 4 41 -3
49 97 0 0 0 33 1
50 2 0 0 0 0 0
50 3 0 25 0 0 0
50 4 0 45 0 0 0
50 5 0 75 0 0 0
50 6 0 117 0 0 0
50 7 0 168 0 0 0
50 8 0 226 0 0 0
50 9 0 284 0 0 0
50 10 0 340 0 0 0
50 11 0 384 0 0 0
50 12 0 413 0 0 0
50 13 0 430 0 0 0
50 14 0 435 0 0 0
50 15 0 430 0 1 0
50 16 0 417 0 0 0
50 17 0 396 0 1 0
50 18 0 369 0 0 0
50 19 0 338 0 1 0
50 20 0 305 0 0 0
50 21 0 272 0 1 0
50 22 0 241 0 0 0
50 23 0 214 0 1 0
50 24 0 191 0 0 0
50 25 0 170 -1 1 0
50 26 0 149 0 0 0
50 27 0 128 -1 0 0
50 28 0 107 -1 0 0
50 29 0 86 -1 0 0
50 30 0 0 -1 0 0
50 65 0 0 1 0 0
50 66 0 0 2 0 0
50 67 0 0 2 0 0
50 68 0 0 2 0 0
50 96 0 0 0 38 -2
50 97 0 0 0 31 1
51 2 0 0 0 0 0
51 3 0 25 0 0 0
51 4 0 46 0 0 0
51 5 0 77 0 0 0
51 6 0 121 0 0 0
51 7 0 178 0 0 0
51 8 0 244 0 0 0
51 9 0 314 0 0 0
51 10 0 391 0 0 0
51 11 0 455 0 0 0
51 12 0 509 0 0 0
51 13 0 553 0 0 0
51 14 0 582 0 0 0
51 15 0 597 0 0 0
51 16 0 598 0 0 0
51 17 0 584 0 0 0
51 18 0 556 0 0 0
51 19 0 518 0 0 0
51 20 0 473 0 0 0
51 21 0 426 0 0 0
51 22 0 382 0 0 0
51 23 0 341 0 0 0
51 24 0 305 0 0 0
51 25 0 271 0 0 0
51 26 0 239 0 0 0
51 27 0 206 0 0 0
51 28 0 173 -1 0 0
51 29 0 140 -1 0 0
51 30 0 0 -1 0 0
51 65 0 0 1 0 0
51 66 0 0 2 0 0
51 67 0 0 2 0 0
51 70 0 0 4 0 0
51 72 0 0 6 0 0
51 75 0 0 9 2 0
51 77 0 0 11 6 0
51 79 0 0 12 10 0
51 80 0 0 12 13 0
51 82 0 0 12 17 0
51 84 0 0 12 21 0
51 87 0 0 11 25 0
51 89 0 0 10 29 0
51 91 0 0 9 32 0
51 93 0 0 6 35 0
51 95 0 0 4 36 -2
51 96 0 0 3 38 -3
51 97 0 0 0 37 -1
52 2 0 0 0 0 0
52 3 0 25 0 0 0
52 4 0 46 0 0 0
52 5 0 78 0 0 0
52 6 0 125 0 0 0
52 7 0 186 0 0 0
52 8 0 264 0 0 0
52 9 0 351 0 0 0
52 10 0 456 0 0 0
52 11 0 551 0 0 0
52 12 0 639 0 0 0
52 13 0 722 0 0 0
52 14 0 785 0 0 0
52 15 0 829 0 0 0
52 16 0 849 0 0 0
52 17 0 846 0 1 0
52 18 0 819 0 0 0
52 19 0 773 0 1 0
52 20 0 715 0 0 0
52 21 0 651 0 1 0
52 22 0 587 0 0 0
52 23 0 528 0 1 0
52 24 0 474 0 0 0
52 25 0 424 0 1 0
52 26 0 374 0 0 0
52 27 0 324 -1 0 0
52 28 0 273 -1 0 0
52 29 0 222 -1 0 0
52 30 0 0 -1 0 0
52 65 0 0 1 0 0
52 66 0 0 2 0 0
52 67 0 0 2 0 0
52 68 0 0 2 0 0
52 70 0 0 3 1 0
52 96 0 0 0 36 -2
52 97 0 0 0 29 0
53 2 0 0 0 0 0
53 3 0 25 0 0 0
53 4 0 47 0 0 0
53 5 0 80 0 0 0
53 6 0 130 0 0 0
53 7 0 199 0 0 0
53 8 0 290 0 0 0
53 9 0 398 0 0 0
53 10 0 525 0 0 0
53 11 0 681 0 0 0
53 12 0 816 0 0 0
53 13 0 955 0 0 0
53 14 0 1063 0 0 0
53 15 0 1144 0 0 0
53 16 0 1191 0 0 0
53 17 0 1202 0 0 0
53 18 0 1179 0 0 0
53 19 0 1127 0 0 0
53 20 0 1053 0 0 0
53 21 0 967 0 0 0
53 22 0 876 0 0 0
53 23 0 787 0 0 0
53 24 0 706 0 0 0
53 25 0 629 0 0 0
53 26 0 555 0 0 0
53 27 0 481 0 0 0
53 28 0 406 -1 0 0
53 29 0 331 -1 0 0
53 30 0 0 -1 0 0
53 65 0 0 1 0 0
53 66 0 0 2 0 0
53 67 0 0 2 0 0
53 72 0 0 4 2 0
53 74 0 0 6 4 0
53 76 0 0 7 7 0
53 78 0 0 8 10 0
53 80 0 0 9 14 0
53 82 0 0 9 17 0
53 84 0 0 8 21 0
53 87 0 0 8 24 0
53 89 0 0 7 27 0
53 91 0 0 6 30 0
53 93 0 0 4 33 0
53 95 0 0 2 34 -1
53 96 0 0 3 35 -2
53 97 0 0 0 28 1
54 2 0 0 0 0 0
54 3 0 25 0 0 0
54 4 0 49 0 0 0
54 5 0 84 0 0 0
54 6 0 140 0 0 0
54 7 0 218 0 0 0
54 8 0 326 0 0 0
54 9 0 468 0 0 0
54 10 0 642 0 0 0
54 11 0 868 0 0 0
54 12 0 1069 0 0 0
54 13 0 1290 0 0 0
54 14 0 1459 0 0 0
54 15 0 1588 0 0 0
54 16 0 1669 0 0 0
54 17 0 1699 0 0 0
54 18 0 1681 0 0 0
54 19 0 1622 0 1 0
54 20 0 1529 0 0 0
54 21 0 1412 0 1 0
54 22 0 1281 0 0 0
54 23 0 1149 0 0 0
54 24 0 1024 0 0 0
54 25 0 907 0 0 0
54 26 0 798 0 0 0
54 27 0 690 0 0 0
54 28 0 583 -1 0 0
54 29 0 476 -1 0 0
54 30 0 0 0 0 0
54 65 0 0 1 0 0
54 66 0 0 1 0 0
54 67 0 0 2 1 0
54 68 0 0 1 1 0
54 70 0 0 2 2 0
54 72 0 0 3 3 0
54 91 0 0 4 29 0
54 93 0 0 2 31 0
54 95 0 0 1 32 -1
54 96 0 0 0 34 -2
54 97 0 0 0 28 0
55 2 0 0 0 0 0
55 3 0 27 0 0 0
55 4 0 52 0 0 0
55 5 0 90 0 0 0
55 6 0 152 0 0 0
55 7 0 242 0 0 0
55 8 0 373 0 0 0
55 9 0 546 0 0 0
55 10 0 779 0 0 0
55 11 0 1121 0 0 0
55 12 0 1415 0 0 0
55 13 0 1754 0 0 0
55 14 0 2003 0 0 0
55 15 0 2196 0 0 0
55 16 0 2322 0 0 0
55 17 0 2380 0 0 0
55 18 0 2376 0 0 0
55 19 0 2314 0 0 0
55 20 0 2200 0 0 0
55 21 0 2039 0 0 0
55 22 0 1846 0 0 0
55 23 0 1644 0 0 0
55 24 0 1449 0 0 0
55 25 0 1270 0 0 0
55 26 0 1108 0 0 0
55 27 0 954 0 0 0
55 28 0 803 0 0 0
55 29 0 656 0 0 0
55 30 0 0 0 0 0
55 65 0 0 0 0 0
55 66 0 0 1 0 0
55 67 0 0 1 0 0
55 74 0 0 4 5 0
55 76 0 0 5 8 0
55 78 0 0 5 11 0
55 80 0 0 5 14 0
55 82 0 0 5 17 0
55 84 0 0 5 20 0
55 87 0 0 5 23 0
55 89 0 0 4 26 0
55 96 0 0 2 35 -2
55 97 0 0 0 28 1
56 2 0 0 0 0 0
56 3 0 29 0 0 0
56 4 0 56 0 0 0
56 5 0 98 0 0 0
56 6 0 168 0 0 0
56 7 0 268 0 0 0
56 8 0 421 0 0 0
56 9 0 649 0 0 0
56 10 0 952 0 0 0
56 11 0 1354 0 0 0
56 12 0 1879 0 0 0
56 13 0 2390 0 0 0
56 14 0 2752 0 0 0
56 15 0 3032 0 0 0
56 16 0 3221 0 0 0
56 17 0 3322 0 0 0
56 18 0 3340 0 0 0
56 19 0 3280 0 0 0
56 20 0 3134 0 0 0
56 21 0 2909 0 0 0
56 22 0 2622 0 0 0
56 23 0 2311 0 0 0
56 24 0 2010 0 0 0
56 25 0 1738 0 0 0
56 26 0 1498 0 0 0
56 27 0 1279 0 0 0
56 28 0 1072 0 0 0
56 29 0 872 0 0 0
56 30 0 0 0 0 0
56 65 0 0 0 0 0
56 66 0 0 0 0 0
56 67 0 0 1 0 0
56 68 0 0 1 1 0
56 69 0 0 1 1 0
56 70 0 0 1 2 0
56 71 0 0 2 3 0
56 72 0 0 1 3 0
56 73 0 0 2 4 0
56 74 0 0 1 5 0
56 75 0 0 3 7 0
56 76 0 0 1 8 0
56 77 0 0 4 10 0
56 78 0 0 1 10 0
56 79 0 0 5 13 0
56 80 0 0 1 14 0
56 81 0 0 6 17 0
56 82 0 0 0 17 0
56 83 0 0 6 20 0
56 84 0 0 0 20 0
56 85 0 0 6 23 0
56 86 0 0 0 24 0
56 87 0 0 7 27 0
56 88 0 0 -1 27 0
56 89 0 0 7 30 0
56 90 0 0 -2 30 0
56 91 0 0 6 32 0
56 92 0 0 -3 32 0
56 93 0 0 6 32 0
56 94 0 0 -3 34 0
56 95 0 0 4 30 0
56 96 0 0 0 36 -1
56 97 0 0 0 28 1
57 2 0 0 0 0 0
57 3 0 31 0 0 0
57 4 0 61 0 0 0
57 5 0 105 0 0 0
57 6 0 181 0 0 0
57 7 0 289 0 0 0
57 8 0 469 0 0 0
57 9 0 700 0 0 0
57 10 0 1116 0 0 0
57 11 0 1661 0 0 0
57 12 0 2486 0 0 0
57 13 0 3274 0 0 0
57 14 0 3802 0 0 0
57 15 0 4210 0 0 0
57 16 0 4492 0 0 0
57 17 0 4654 0 0 0
57 18 0 4693 0 0 0
57 19 0 4617 0 0 0
57 20 0 4417 0 0 0
57 21 0 4089 0 0 0
57 22 0 3659 0 0 0
57 23 0 3185 0 0 0
57 24 0 2727 0 0 0
57 25 0 2321 0 0 0
57 26 0 1972 0 0 0
57 27 0 1665 0 0 0
57 28 0 1385 0 0 0
57 29 0 1121 0 0 0
57 30 0 0 0 0 0
57 65 0 0 0 0 0
57 66 0 0 0 0 0
57 67 0 0 0 0 0
57 68 0 0 0 1 0
57 69 0 0 0 1 0
57 70 0 0 0 2 0
57 71 0 0 0 2 0
57 72 0 0 0 4 0
57 73 0 0 1 4 0
57 74 0 0 1 6 0
57 75 0 0 1 6 0
57 76 0 0 1 8 0
57 77 0 0 1 9 0
57 78 0 0 1 11 0
57 79 0 0 1 12 0
57 80 0 0 1 14 0
57 81 0 0 1 15 0
57 82 0 0 1 17 0
57 83 0 0 1 18 0
57 84 0 0 1 21 0
57 85 0 0 1 22 0
57 86 0 0 0 24 0
57 87 0 0 0 25 0
57 88 0 0 0 26 0
57 89 0 0 0 28 0
57 90 0 0 1 30 0
57 91 0 0 0 30 0
57 92 0 0 0 31 0
57 93 0 0 0 33 0
57 94 0 0 2 35 0
57 95 0 0 0 33 0
57 96 0 0 0 32 -1
57 97 0 0 0 31 1
58 2 0 0 0 0 0
58 3 0 29 0 0 0
58 4 0 57 0 0 0
58 5 0 98 0 0 0
58 6 0 189 0 0 0
58 7 0 303 0 0 0
58 8 0 465 0 0 0
58 9 0 675 0 0 0
58 10 0 1104 0 0 0
58 11 0 1796 0 0 0
58 12 0 3101 0 0 0
58 13 0 4471 0 0 0
58 14 0 5236 0 0 0
58 15 0 5838 0 0 0
58 16 0 6252 0 0 0
58 17 0 6497 0 0 0
58 18 0 6535 0 0 0
58 19 0 6424 0 0 0
58 20 0 6131 0 0 0
58 21 0 5649 0 0 0
58 22 0 5013 0 0 0
58 23 0 4311 0 0 0
58 24 0 3635 0 0 0
58 25 0 3040 0 0 0
58 26 0 2539 0 0 0
58 27 0 2111 0 0 0
58 28 0 1733 0 0 0
58 29 0 1390 0 0 0
58 30 0 0 0 0 0
58 65 0 0 0 0 0
58 66 0 0 0 0 0
58 67 0 0 0 0 0
58 68 0 0 0 1 0
58 69 0 0 0 2 0
58 70 0 0 0 2 0
58 71 0 0 0 3 0
58 72 0 0 0 3 0
58 73 0 0 0 5 0
58 74 0 0 0 6 0
58 75 0 0 0 7 0
58 76 0 0 0 8 0
58 77 0 0 0 10 0
58 78 0 0 0 12 0
58 79 0 0 0 13 0
58 80 0 0 0 15 0
58 81 0 0 0 17 0
58 82 0 0 0 19 0
58 83 0 0 0 21 0
58 84 0 0 0 22 0
58 85 0 0 0 24 0
58 86 0 0 0 26 0
58 87 0 0 0 28 0
58 88 0 0 0 29 0
58 89 0 0 0 31 0
58 90 0 0 0 31 0
58 91 0 0 0 33 0
58 92 0 0 0 33 0
58 93 0 0 0 35 0
58 94 0 0 0 35 0
58 95 0 0 0 35 0
58 96 0 0 0 37 0
58 97 0 0 2 38 1
59 2 0 0 0 0 0
59 3 0 29 0 0 0
59 4 0 55 0 0 0
59 5 0 97 0 0 0
59 6 0 166 0 0 0
59 7 0 265 0 0 0
59 8 0 412 0 0 0
59 9 0 600 0 0 0
59 10 0 941 0 0 0
59 11 0 1831 0 0 0
59 12 0 4188 0 0 0
59 13 0 6088 0 0 0
59 14 0 7214 0 0 0
59 15 0 8133 0 0 0
59 16 0 8747 0 0 0
59 17 0 9007 0 0 0
59 18 0 9004 0 0 0
59 19 0 8792 0 0 0
59 20 0 8333 0 0 0
59 21 0 7618 0 0 0
59 22 0 6697 0 0 0
59 23 0 5693 0 0 0
59 24 0 4733 0 0 0
59 25 0 3886 0 0 0
59 26 0 3185 0 0 0
59 27 0 2600 0 0 0
59 28 0 2103 0 0 0
59 29 0 1666 0 0 0
59 30 0 0 0 0 0
60 2 0 0 0 0 0
60 3 0 27 0 0 0
60 4 0 49 0 0 0
60 5 0 70 0 0 0
60 6 0 111 0 0 0
60 7 0 166 0 0 0
60 8 0 128 0 0 0
60 9 0 166 0 0 0
60 10 0 387 0 0 0
60 11 0 0 0 1 0
60 12 0 0 1 1 0
60 13 0 8230 0 0 0
60 14 0 9777 0 0 0
60 15 0 11224 0 0 0
60 16 0 12137 0 0 0
60 17 0 12341 0 0 0
60 18 0 12222 0 0 0
60 19 0 11825 0 0 0
60 20 0 11104 0 0 0
60 21 0 10061 0 0 0
60 22 0 8765 0 0 0
60 23 0 7375 0 0 0
60 24 0 6046 0 0 0
60 25 0 4886 0 0 0
60 26 0 3909 0 0 0
60 27 0 3123 0 0 0
60 28 0 2478 0 0 0
60 29 0 1933 0 0 0
60 30 0 0 0 0 0
61 2 0 0 0 0 0
61 3 0 4 0 0 0
61 4 0 9 0 0 0
61 5 0 19 0 0 0
61 6 0 33 0 0 0
61 7 0 55 0 0 0
61 8 0 85 0 0 0
61 9 0 90 0 0 0
61 10 0 108 0 0 0
61 11 0 0 0 0 0
61 12 0 0 0 0 0
61 13 0 10844 0 0 0
61 14 0 13639 0 0 0
61 15 0 15705 0 0 0
61 16 0 16619 0 0 0
61 17 0 16868 0 0 0
61 18 0 16547 0 0 0
61 19 0 15812 0 0 0
61 20 0 14678 0 0 0
61 21 0 13178 0 0 0
61 22 0 11377 0 0 0
61 23 0 9474 0 0 0
61 24 0 7659 0 0 0
61 25 0 6072 0 0 0
61 26 0 4774 0 0 0
61 27 0 3691 0 0 0
61 28 0 2860 0 0 0
61 29 0 2189 0 0 0
61 30 0 0 0 0 0
62 2 0 0 0 0 0
62 3 0 3 0 0 0
62 4 0 7 0 0 0
62 5 0 13 0 0 0
62 6 0 24 0 0 0
62 7 0 30 0 0 0
62 8 0 46 0 0 0
62 9 0 61 0 0 0
62 10 0 0 0 0 0
62 11 0 0 0 0 0
62 12 0 0 0 0 0
62 13 0 14446 0 0 0
62 14 0 19337 0 0 0
62 15 0 22024 0 0 0
62 16 0 23412 0 0 0
62 17 0 23680 0 0 0
62 18 0 22885 0 0 0
62 19 0 21462 0 0 0
62 20 0 19594 0 0 0
62 21 0 17349 0 0 0
62 22 0 14811 0 0 0
62 23 0 12183 0 0 0
62 24 0 9696 0 0 0
62 25 0 7528 0 0 0
62 26 0 5769 0 0 0
62 27 0 4406 0 0 0
62 28 0 3267 0 0 0
62 29 0 2439 0 0 0
62 30 0 0 0 0 0
63 2 0 0 0 0 0
63 3 0 2 0 0 0
63 4 0 4 0 0 0
63 5 0 9 0 0 0
63 6 0 49 0 0 0
63 7 0 1578 0 0 0
63 8 0 2686 0 0 0
63 9 0 3925 0 0 0
63 10 0 5467 0 0 0
63 11 0 0 0 0 0
63 12 0 0 0 0 0
63 13 0 22189 0 0 0
63 14 0 27530 0 0 0
63 15 0 31848 0 0 0
63 16 0 34144 0 0 0
63 17 0 34392 0 0 0
63 18 0 32755 0 0 0
63 19 0 29971 0 0 0
63 20 0 26707 0 0 0
63 21 0 23201 0 0 0
63 22 0 19486 0 0 0
63 23 0 15765 0 0 0
63 24 0 12314 0 0 0
63 25 0 9347 0 0 0
63 26 0 6974 0 0 0
63 27 0 5180 0 0 0
63 28 0 3870 0 0 0
63 29 0 2910 0 0 0
63 30 0 0 0 0 0
64 2 0 0 0 0 0
64 3 0 1 0 0 0
64 4 0 3 0 0 0
64 5 0 4 0 0 0
64 6 0 0 0 0 0
64 7 0 0 0 0 0
64 8 0 0 0 0 0
64 9 0 0 0 0 0
64 10 0 0 0 0 0
64 11 0 0 0 0 0
64 12 0 0 0 0 0
64 13 0 33591 0 0 0
64 14 0 40088 0 0 0
64 15 0 47189 0 0 0
64 16 0 51224 0 0 0
64 17 0 51307 0 0 0
64 18 0 47821 0 0 0
64 19 0 42420 0 0 0
64 20 0 36670 0 0 0
64 21 0 31082 0 0 0
64 22 0 25570 0 0 0
64 23 0 20277 0 0 0
64 24 0 15526 0 0 0
64 25 0 11540 0 0 0
64 26 0 8411 0 0 0
64 27 0 6094 0 0 0
64 28 0 4446 0 0 0
64 29 0 3280 0 0 0
64 30 0 0 0 0 0
65 2 0 0 0 0 0
65 3 0 0 0 0 0
65 4 0 1 0 0 0
65 5 0 2 0 0 0
65 6 0 0 0 0 0
65 7 0 0 0 0 0
65 8 0 12042 0 0 0
65 9 0 16266 0 0 0
65 10 0 21397 0 0 0
65 11 0 27641 0 0 0
65 12 0 36014 0 0 0
65 13 0 45763 0 0 0
65 14 0 57581 0 0 0
65 15 0 69313 0 0 0
65 16 0 76084 0 0 0
65 17 0 75297 0 0 0
65 18 0 68487 0 0 0
65 19 0 58910 0 0 0
65 20 0 49238 0 0 0
65 21 0 40542 0 0 0
65 22 0 32623 0 0 0
65 23 0 25401 0 0 0
65 24 0 19139 0 0 0
65 25 0 14013 0 0 0
65 26 0 10054 0 0 0
65 27 0 7153 0 0 0
65 28 0 5117 0 0 0
65 29 0 3704 0 0 0
65 30 0 2663 0 0 0
65 31 0 1712 0 0 0
65 32 0 1141 0 0 0
65 33 0 824 0 0 0
65 34 0 577 0 0 0
66 2 0 0 0 0 0
66 3 0 0 0 0 0
66 4 0 0 0 0 0
66 5 0 0 0 0 0
66 6 0 0 0 0 0
66 7 0 0 0 0 0
66 8 0 14627 0 0 0
66 9 0 20054 0 0 0
66 10 0 26989 0 0 0
66 11 0 35472 0 0 0
66 12 0 46195 0 0 0
66 13 0 60188 0 0 0
66 14 0 78326 0 0 0
66 15 0 97604 0 0 0
66 16 0 109591 0 0 0
66 17 0 107823 0 0 0
66 18 0 95434 0 0 0
66 19 0 79164 0 0 0
66 20 0 63412 0 0 0
66 21 0 50412 0 0 0
66 22 0 39752 0 0 0
66 23 0 30590 0 0 0
66 24 0 22855 0 0 0
66 25 0 16620 0 0 0
66 26 0 11842 0 0 0
66 27 0 8341 0 0 0
66 28 0 5877 0 0 0
66 29 0 4177 0 0 0
66 30 0 2972 0 0 0
66 31 0 1990 0 0 0
66 32 0 1399 0 0 0
66 33 0 1004 0 0 0
66 34 0 708 0 0 0
67 2 0 0 0 0 0
67 3 0 0 0 0 0
67 4 0 429 0 0 0
67 5 0 887 0 0 0
67 6 0 0 0 0 0
67 7 0 0 0 0 0
67 8 0 16718 0 0 0
67 9 0 23638 0 0 0
67 10 0 32319 0 0 0
67 11 0 43587 0 0 0
67 12 0 57983 0 0 0
67 13 0 76940 0 0 0
67 14 0 102815 0 0 0
67 15 0 133658 0 0 0
67 16 0 156094 0 0 0
67 17 0 153491 0 0 0
67 18 0 130694 0 0 0
67 19 0 102914 0 0 0
67 20 0 78190 0 0 0
67 21 0 59812 0 0 0
67 22 0 46345 0 0 0
67 23 0 35447 0 0 0
67 24 0 26422 0 0 0
67 25 0 19207 0 0 0
67 26 0 13687 0 0 0
67 27 0 9608 0 0 0
67 28 0 6697 0 0 0
67 29 0 4678 0 0 0
67 30 0 3279 0 0 0
67 31 0 2234 0 0 0
67 32 0 1585 0 0 0
67 33 0 1137 0 0 0
67 34 0 806 0 0 0
68 2 0 0 0 0 0
68 3 0 0 0 0 0
68 4 0 0 0 0 0
68 5 0 0 0 0 0
68 6 0 0 0 0 0
68 7 0 0 0 0 0
68 8 0 18443 0 0 0
68 9 0 26383 0 0 0
68 10 0 36912 0 0 0
68 11 0 50875 0 0 0
68 12 0 69095 0 0 0
68 13 0 93374 0 0 0
68 14 0 127558 0 0 0
68 15 0 171137 0 0 0
68 16 0 205892 0 0 0
68 17 0 204036 0 0 0
68 18 0 169672 0 0 0
68 19 0 127425 0 0 0
68 20 0 92064 0 0 0
68 21 0 68033 0 0 0
68 22 0 51922 0 0 0
68 23 0 39571 0 0 0
68 24 0 29543 0 0 0
68 25 0 21579 0 0 0
68 26 0 15465 0 0 0
68 27 0 10871 0 0 0
68 28 0 7523 0 0 0
68 29 0 5172 0 0 0
68 30 0 3563 0 0 0
68 31 0 2435 0 0 0
68 32 0 1722 0 0 0
68 33 0 1233 0 0 0
68 34 0 880 0 0 0
69 2 0 0 0 0 0
69 3 0 0 0 0 0
69 4 0 0 0 0 0
69 5 0 3063 0 0 0
69 6 0 0 0 0 0
69 7 0 0 0 0 0
69 8 0 19940 0 0 0
69 9 0 27913 0 0 0
69 10 0 39573 0 0 0
69 11 0 55352 0 0 0
69 12 0 76139 0 0 0
69 13 0 104104 0 0 0
69 14 0 142721 0 0 0
69 15 0 189950 0 0 0
69 16 0 228306 0 0 0
69 17 0 232477 0 0 0
69 18 0 199266 0 0 0
69 19 0 148596 0 0 0
69 20 0 103392 0 0 0
69 21 0 73784 0 0 0
69 22 0 55355 0 0 0
69 23 0 42079 0 0 0
69 24 0 31618 0 0 0
69 25 0 23357 0 0 0
69 26 0 16925 0 0 0
69 27 0 11964 0 0 0
69 28 0 8249 0 0 0
69 29 0 5599 0 0 0
69 30 0 3796 0 0 0
69 31 0 2573 0 0 0
69 32 0 1799 0 0 0
69 33 0 1284 0 0 0
69 34 0 923 0 0 0
70 2 0 0 0 0 0
70 3 0 2523 0 0 0
70 4 0 3461 0 0 0
70 5 0 4749 0 0 0
70 6 0 7972 0 0 0
70 7 0 13711 0 0 0
70 8 0 19767 0 0 0
70 9 0 28093 0 0 0
70 10 0 39809 0 0 0
70 11 0 55795 0 0 0
70 12 0 77476 0 0 0
70 13 0 106784 0 0 0
70 14 0 144551 0 0 0
70 15 0 184751 0 0 0
70 16 0 215413 0 0 0
70 17 0 225086 0 0 0
70 18 0 203651 0 0 0
70 19 0 155838 0 0 0
70 20 0 107155 0 0 0
70 21 0 74710 0 0 0
70 22 0 55336 0 0 0
70 23 0 42147 0 0 0
70 24 0 32094 0 0 0
70 25 0 24145 0 0 0
70 26 0 17776 0 0 0
70 27 0 12684 0 0 0
70 28 0 8748 0 0 0
70 29 0 5885 0 0 0
70 30 0 3929 0 0 0
70 31 0 2647 0 0 0
70 32 0 1828 0 0 0
70 33 0 1292 0 0 0
70 34 0 932 0 0 0
71 2 0 0 0 0 0
71 3 0 2811 0 0 0
71 4 0 3933 0 0 0
71 5 0 5660 0 0 0
71 6 0 8344 0 0 0
71 7 0 13141 0 0 0
71 8 0 18719 0 0 0
71 9 0 26641 0 0 0
71 10 0 37678 0 0 0
71 11 0 52859 0 0 0
71 12 0 74000 0 0 0
71 13 0 102520 0 0 0
71 14 0 135822 0 0 0
71 15 0 164858 0 0 0
71 16 0 182635 0 0 0
71 17 0 188296 0 0 0
71 18 0 173935 0 0 0
71 19 0 137549 0 0 0
71 20 0 97567 0 0 0
71 21 0 69251 0 0 0
71 22 0 51710 0 0 0
71 23 0 39838 0 0 0
71 24 0 30914 0 0 0
71 25 0 23766 0 0 0
71 26 0 17815 0 0 0
71 27 0 12857 0 0 0
71 28 0 8899 0 0 0
71 29 0 5961 0 0 0
71 30 0 3937 0 0 0
71 31 0 2623 0 0 0
71 32 0 1789 0 0 0
71 33 0 1260 0 0 0
71 34 0 908 0 0 0
72 2 0 0 0 0 0
72 3 0 2973 0 0 0
72 4 0 4145 0 0 0
72 5 0 5731 0 0 0
72 6 0 8478 0 0 0
72 7 0 12136 0 0 0
72 8 0 17150 0 0 0
72 9 0 24151 0 0 0
72 10 0 33928 0 0 0
72 11 0 47491 0 0 0
72 12 0 66645 0 0 0
72 13 0 91660 0 0 0
72 14 0 117641 0 0 0
72 15 0 135789 0 0 0
72 16 0 142487 0 0 0
72 17 0 140549 0 0 0
72 18 0 128283 0 0 0
72 19 0 105077 0 0 0
72 20 0 79468 0 0 0
72 21 0 59477 0 0 0
72 22 0 45708 0 0 0
72 23 0 35913 0 0 0
72 24 0 28438 0 0 0
72 25 0 22311 0 0 0
72 26 0 17007 0 0 0
72 27 0 12416 0 0 0
72 28 0 8641 0 0 0
72 29 0 5784 0 0 0
72 30 0 3798 0 0 0
72 31 0 2509 0 0 0
72 32 0 1697 0 0 0
72 33 0 1189 0 0 0
72 34 0 855 0 0 0
73 2 0 0 0 0 0
73 3 0 2966 0 0 0
73 4 0 4025 0 0 0
73 5 0 5579 0 0 0
73 6 0 7732 0 0 0
73 7 0 10796 0 0 0
73 8 0 15084 0 0 0
73 9 0 21075 0 0 0
73 10 0 29152 0 0 0
73 11 0 40328 0 0 0
73 12 0 55833 0 0 0
73 13 0 74958 0 0 0
73 14 0 92828 0 0 0
73 15 0 103203 0 0 0
73 16 0 104564 0 0 0
73 17 0 100019 0 0 0
73 18 0 90804 0 0 0
73 19 0 77104 0 0 0
73 20 0 61921 0 0 0
73 21 0 48838 0 0 0
73 22 0 38789 0 0 0
73 23 0 31144 0 0 0
73 24 0 25108 0 0 0
73 25 0 20020 0 0 0
73 26 0 15470 0 0 0
73 27 0 11410 0 0 0
73 28 0 7993 0 0 0
73 29 0 5364 0 0 0
73 30 0 3517 0 0 0
73 31 0 2316 0 0 0
73 32 0 1559 0 0 0
73 33 0 1087 0 0 0
73 34 0 779 0 0 0
74 2 0 0 0 0 0
74 3 0 2809 0 0 0
74 4 0 3776 0 0 0
74 5 0 5070 0 0 0
74 6 0 6840 0 0 0
74 7 0 9322 0 0 0
74 8 0 12818 0 0 0
74 9 0 17624 0 0 0
74 10 0 23910 0 0 0
74 11 0 32215 0 0 0
74 12 0 43100 0 0 0
74 13 0 55807 0 0 0
74 14 0 67166 0 0 0
74 15 0 73562 0 0 0
74 16 0 74125 0 0 0
74 17 0 70810 0 0 0
74 18 0 64958 0 0 0
74 19 0 56799 0 0 0
74 20 0 47566 0 0 0
74 21 0 39046 0 0 0
74 22 0 31927 0 0 0
74 23 0 26135 0 0 0
74 24 0 21358 0 0 0
74 25 0 17215 0 0 0
74 26 0 13430 0 0 0
74 27 0 9988 0 0 0
74 28 0 7044 0 0 0
74 29 0 4751 0 0 0
74 30 0 3126 0 0 0
74 31 0 2062 0 0 0
74 32 0 1388 0 0 0
74 33 0 964 0 0 0
74 34 0 688 0 0 0
75 2 0 0 0 0 0
75 3 0 2528 0 0 0
75 4 0 3364 0 0 0
75 5 0 4426 0 0 0
75 6 0 5828 0 0 0
75 7 0 7770 0 0 0
75 8 0 10496 0 0 0
75 9 0 14166 0 0 0
75 10 0 18818 0 0 0
75 11 0 24522 0 0 0
75 12 0 31408 0 0 0
75 13 0 39144 0 0 0
75 14 0 46233 0 0 0
75 15 0 50723 0 0 0
75 16 0 51699 0 0 0
75 17 0 49904 0 0 0
75 18 0 46355 0 0 0
75 19 0 41547 0 0 0
75 20 0 36064 0 0 0
75 21 0 30647 0 0 0
75 22 0 25687 0 0 0
75 23 0 21339 0 0 0
75 24 0 17576 0 0 0
75 25 0 14235 0 0 0
75 26 0 11160 0 0 0
75 27 0 8348 0 0 0
75 28 0 5928 0 0 0
75 29 0 4029 0 0 0
75 30 0 2672 0 0 0
75 31 0 1774 0 0 0
75 32 0 1198 0 0 0
75 33 0 830 0 0 0
75 34 0 588 0 0 0
76 2 0 0 0 0 0
76 3 0 2190 0 0 0
76 4 0 2866 0 0 0
76 5 0 3700 0 0 0
76 6 0 4777 0 0 0
76 7 0 6233 0 0 0
76 8 0 8256 0 0 0
76 9 0 10938 0 0 0
76 10 0 14254 0 0 0
76 11 0 18122 0 0 0
76 12 0 22493 0 0 0
76 13 0 27233 0 0 0
76 14 0 31724 0 0 0
76 15 0 34908 0 0 0
76 16 0 36003 0 0 0
76 17 0 35194 0 0 0
76 18 0 33189 0 0 0
76 19 0 30496 0 0 0
76 20 0 27331 0 0 0
76 21 0 23889 0 0 0
76 22 0 20396 0 0 0
76 23 0 17091 0 0 0
76 24 0 14100 0 0 0
76 25 0 11404 0 0 0
76 26 0 8938 0 0 0
76 27 0 6707 0 0 0
76 28 0 4796 0 0 0
76 29 0 3293 0 0 0
76 30 0 2208 0 0 0
76 31 0 1480 0 0 0
76 32 0 1005 0 0 0
76 33 0 694 0 0 0
76 34 0 488 0 0 0
77 2 0 0 0 0 0
77 3 0 1822 0 0 0
77 4 0 2355 0 0 0
77 5 0 2992 0 0 0
77 6 0 3776 0 0 0
77 7 0 4817 0 0 0
77 8 0 6244 0 0 0
77 9 0 8120 0 0 0
77 10 0 10429 0 0 0
77 11 0 13094 0 0 0
77 12 0 16035 0 0 0
77 13 0 19151 0 0 0
77 14 0 22106 0 0 0
77 15 0 24330 0 0 0
77 16 0 25343 0 0 0
77 17 0 25180 0 0 0
77 18 0 24230 0 0 0
77 19 0 22786 0 0 0
77 20 0 20901 0 0 0
77 21 0 18613 0 0 0
77 22 0 16076 0 0 0
77 23 0 13521 0 0 0
77 24 0 11122 0 0 0
77 25 0 8939 0 0 0
77 26 0 6974 0 0 0
77 27 0 5235 0 0 0
77 28 0 3768 0 0 0
77 29 0 2615 0 0 0
77 30 0 1775 0 0 0
77 31 0 1202 0 0 0
77 32 0 819 0 0 0
77 33 0 563 0 0 0
77 34 0 392 0 0 0
78 2 0 0 0 0 0
78 3 0 1465 0 0 0
78 4 0 1872 0 0 0
78 5 0 2339 0 0 0
78 6 0 2897 0 0 0
78 7 0 3612 0 0 0
78 8 0 4579 0 0 0
78 9 0 5846 0 0 0
78 10 0 7428 0 0 0
78 11 0 9295 0 0 0
78 12 0 11387 0 0 0
78 13 0 13599 0 0 0
78 14 0 15684 0 0 0
78 15 0 17307 0 0 0
78 16 0 18207 0 0 0
78 17 0 18389 0 0 0
78 18 0 18025 0 0 0
78 19 0 17243 0 0 0
78 20 0 16047 0 0 0
78 21 0 14454 0 0 0
78 22 0 12573 0 0 0
78 23 0 10589 0 0 0
78 24 0 8669 0 0 0
78 25 0 6912 0 0 0
78 26 0 5355 0 0 0
78 27 0 4013 0 0 0
78 28 0 2902 0 0 0
78 29 0 2033 0 0 0
78 30 0 1395 0 0 0
78 31 0 951 0 0 0
78 32 0 649 0 0 0
78 33 0 444 0 0 0
78 34 0 305 0 0 0
79 2 0 0 0 0 0
79 3 0 1147 0 0 0
79 4 0 1453 0 0 0
79 5 0 1791 0 0 0
79 6 0 2185 0 0 0
79 7 0 2670 0 0 0
79 8 0 3318 0 0 0
79 9 0 4168 0 0 0
79 10 0 5257 0 0 0
79 11 0 6599 0 0 0
79 12 0 8161 0 0 0
79 13 0 9842 0 0 0
79 14 0 11429 0 0 0
79 15 0 12684 0 0 0
79 16 0 13444 0 0 0
79 17 0 13708 0 0 0
79 18 0 13561 0 0 0
79 19 0 13074 0 0 0
79 20 0 12252 0 0 0
79 21 0 11105 0 0 0
79 22 0 9702 0 0 0
79 23 0 8177 0 0 0
79 24 0 6669 0 0 0
79 25 0 5280 0 0 0
79 26 0 4064 0 0 0
79 27 0 3039 0 0 0
79 28 0 2203 0 0 0
79 29 0 1552 0 0 0
79 30 0 1071 0 0 0
79 31 0 732 0 0 0
79 32 0 498 0 0 0
79 33 0 338 0 0 0
79 34 0 229 0 0 0
80 2 0 0 0 0 0
80 3 0 878 0 0 0
80 4 0 1105 0 0 0
80 5 0 1351 0 0 0
80 6 0 1632 0 0 0
80 7 0 1968 0 0 0
80 8 0 2413 0 0 0
80 9 0 2999 0 0 0
80 10 0 3775 0 0 0
80 11 0 4779 0 0 0
80 12 0 5999 0 0 0
80 13 0 7339 0 0 0
80 14 0 8602 0 0 0
80 15 0 9580 0 0 0
80 16 0 10153 0 0 0
80 17 0 10335 0 0 0
80 18 0 10204 0 0 0
80 19 0 9826 0 0 0
80 20 0 9212 0 0 0
80 21 0 8365 0 0 0
80 22 0 7320 0 0 0
80 23 0 6171 0 0 0
80 24 0 5021 0 0 0
80 25 0 3957 0 0 0
80 26 0 3031 0 0 0
80 27 0 2261 0 0 0
80 28 0 1640 0 0 0
80 29 0 1158 0 0 0
80 30 0 800 0 0 0
80 31 0 546 0 0 0
80 32 0 369 0 0 0
80 33 0 247 0 0 0
80 34 0 165 0 0 0
81 2 0 0 0 0 0
81 3 0 661 0 0 0
81 4 0 829 0 0 0
81 5 0 1009 0 0 0
81 6 0 1214 0 0 0
81 7 0 1456 0 0 0
81 8 0 1776 0 0 0
81 9 0 2200 0 0 0
81 10 0 2782 0 0 0
81 11 0 3568 0 0 0
81 12 0 4561 0 0 0
81 13 0 5666 0 0 0
81 14 0 6691 0 0 0
81 15 0 7440 0 0 0
81 16 0 7817 0 0 0
81 17 0 7863 0 0 0
81 18 0 7674 0 0 0
81 19 0 7323 0 0 0
81 20 0 6824 0 0 0
81 21 0 6175 0 0 0
81 22 0 5391 0 0 0
81 23 0 4537 0 0 0
81 24 0 3681 0 0 0
81 25 0 2891 0 0 0
81 26 0 2207 0 0 0
81 27 0 1642 0 0 0
81 28 0 1189 0 0 0
81 29 0 838 0 0 0
81 30 0 578 0 0 0
81 31 0 392 0 0 0
81 32 0 263 0 0 0
81 33 0 174 0 0 0
81 34 0 114 0 0 0
82 2 0 0 0 0 0
82 3 0 493 0 0 0
82 4 0 617 0 0 0
82 5 0 749 0 0 0
82 6 0 900 0 0 0
82 7 0 1078 0 0 0
82 8 0 1314 0 0 0
82 9 0 1631 0 0 0
82 10 0 2078 0 0 0
82 11 0 2705 0 0 0
82 12 0 3520 0 0 0
82 13 0 4430 0 0 0
82 14 0 5254 0 0 0
82 15 0 5809 0 0 0
82 16 0 6023 0 0 0
82 17 0 5955 0 0 0
82 18 0 5716 0 0 0
82 19 0 5379 0 0 0
82 20 0 4960 0 0 0
82 21 0 4453 0 0 0
82 22 0 3864 0 0 0
82 23 0 3237 0 0 0
82 24 0 2615 0 0 0
82 25 0 2046 0 0 0
82 26 0 1555 0 0 0
82 27 0 1153 0 0 0
82 28 0 832 0 0 0
82 29 0 584 0 0 0
82 30 0 401 0 0 0
82 31 0 270 0 0 0
82 32 0 179 0 0 0
82 33 0 116 0 0 0
82 34 0 75 0 0 0
83 2 0 0 0 0 0
83 3 0 362 0 0 0
83 4 0 453 0 0 0
83 5 0 551 0 0 0
83 6 0 661 0 0 0
83 7 0 792 0 0 0
83 8 0 965 0 0 0
83 9 0 1199 0 0 0
83 10 0 1537 0 0 0
83 11 0 2023 0 0 0
83 12 0 2666 0 0 0
83 13 0 3386 0 0 0
83 14 0 4024 0 0 0
83 15 0 4424 0 0 0
83 16 0 4532 0 0 0
83 17 0 4413 0 0 0
83 18 0 4169 0 0 0
83 19 0 3869 0 0 0
83 20 0 3525 0 0 0
83 21 0 3132 0 0 0
83 22 0 2693 0 0 0
83 23 0 2241 0 0 0
83 24 0 1801 0 0 0
83 25 0 1402 0 0 0
83 26 0 1062 0 0 0
83 27 0 784 0 0 0
83 28 0 563 0 0 0
83 29 0 393 0 0 0
83 30 0 267 0 0 0
83 31 0 179 0 0 0
83 32 0 117 0 0 0
83 33 0 75 0 0 0
83 34 0 47 0 0 0
84 2 0 0 0 0 0
84 3 0 264 0 0 0
84 4 0 330 0 0 0
84 5 0 401 0 0 0
84 6 0 481 0 0 0
84 7 0 575 0 0 0
84 8 0 699 0 0 0
84 9 0 865 0 0 0
84 10 0 1107 0 0 0
84 11 0 1459 0 0 0
84 12 0 1927 0 0 0
84 13 0 2453 0 0 0
84 14 0 2915 0 0 0
84 15 0 3197 0 0 0
84 16 0 3260 0 0 0
84 17 0 3154 0 0 0
84 18 0 2958 0 0 0
84 19 0 2721 0 0 0
84 20 0 2453 0 0 0
84 21 0 2155 0 0 0
84 22 0 1832 0 0 0
84 23 0 1509 0 0 0
84 24 0 1201 0 0 0
84 25 0 928 0 0 0
84 26 0 698 0 0 0
84 27 0 512 0 0 0
84 28 0 365 0 0 0
84 29 0 252 0 0 0
84 30 0 170 0 0 0
84 31 0 113 0 0 0
84 32 0 73 0 0 0
84 33 0 46 0 0 0
84 34 0 28 0 0 0
85 2 0 0 0 0 0
85 3 0 190 0 0 0
85 4 0 238 0 0 0
85 5 0 289 0 0 0
85 6 0 344 0 0 0
85 7 0 409 0 0 0
85 8 0 491 0 0 0
85 9 0 600 0 0 0
85 10 0 758 0 0 0
85 11 0 987 0 0 0
85 12 0 1293 0 0 0
85 13 0 1639 0 0 0
85 14 0 1948 0 0 0
85 15 0 2144 0 0 0
85 16 0 2199 0 0 0
85 17 0 2140 0 0 0
85 18 0 2015 0 0 0
85 19 0 1851 0 0 0
85 20 0 1660 0 0 0
85 21 0 1444 0 0 0
85 22 0 1214 0 0 0
85 23 0 988 0 0 0
85 24 0 778 0 0 0
85 25 0 595 0 0 0
85 26 0 443 0 0 0
85 27 0 322 0 0 0
85 28 0 227 0 0 0
85 29 0 156 0 0 0
85 30 0 103 0 0 0
85 31 0 68 0 0 0
85 32 0 43 0 0 0
85 33 0 27 0 0 0
85 34 0 16 0 0 0
86 2 0 0 0 0 0
86 3 0 136 0 0 0
86 4 0 170 0 0 0
86 5 0 206 0 0 0
86 6 0 244 0 0 0
86 7 0 286 0 0 0
86 8 0 338 0 0 0
86 9 0 405 0 0 0
86 10 0 499 0 0 0
86 11 0 635 0 0 0
86 12 0 816 0 0 0
86 13 0 1025 0 0 0
86 14 0 1218 0 0 0
86 15 0 1352 0 0 0
86 16 0 1407 0 0 0
86 17 0 1393 0 0 0
86 18 0 1328 0 0 0
86 19 0 1226 0 0 0
86 20 0 1097 0 0 0
86 21 0 946 0 0 0
86 22 0 786 0 0 0
86 23 0 631 0 0 0
86 24 0 491 0 0 0
86 25 0 370 0 0 0
86 26 0 272 0 0 0
86 27 0 195 0 0 0
86 28 0 136 0 0 0
86 29 0 91 0 0 0
86 30 0 59 0 0 0
86 31 0 38 0 0 0
86 32 0 23 0 0 0
86 33 0 14 0 0 0
86 34 0 8 0 0 0
87 2 0 0 0 0 0
87 3 0 94 0 0 0
87 4 0 118 0 0 0
87 5 0 142 0 0 0
87 6 0 167 0 0 0
87 7 0 194 0 0 0
87 8 0 224 0 0 0
87 9 0 261 0 0 0
87 10 0 313 0 0 0
87 11 0 386 0 0 0
87 12 0 485 0 0 0
87 13 0 601 0 0 0
87 14 0 715 0 0 0
87 15 0 804 0 0 0
87 16 0 854 0 0 0
87 17 0 863 0 0 0
87 18 0 836 0 0 0
87 19 0 778 0 0 0
87 20 0 694 0 0 0
87 21 0 594 0 0 0
87 22 0 488 0 0 0
87 23 0 386 0 0 0
87 24 0 295 0 0 0
87 25 0 219 0 0 0
87 26 0 159 0 0 0
87 27 0 112 0 0 0
87 28 0 77 0 0 0
87 29 0 50 0 0 0
87 30 0 32 0 0 0
87 31 0 20 0 0 0
87 32 0 12 0 0 0
87 33 0 7 0 0 0
87 34 0 4 0 0 0
88 2 0 0 0 0 0
88 3 0 63 0 0 0
88 4 0 79 0 0 0
88 5 0 95 0 0 0
88 6 0 111 0 0 0
88 7 0 127 0 0 0
88 8 0 144 0 0 0
88 9 0 163 0 0 0
88 10 0 190 0 0 0
88 11 0 227 0 0 0
88 12 0 278 0 0 0
88 13 0 341 0 0 0
88 14 0 406 0 0 0
88 15 0 462 0 0 0
88 16 0 501 0 0 0
88 17 0 517 0 0 0
88 18 0 509 0 0 0
88 19 0 478 0 0 0
88 20 0 427 0 0 0
88 21 0 363 0 0 0
88 22 0 296 0 0 0
88 23 0 232 0 0 0
88 24 0 175 0 0 0
88 25 0 128 0 0 0
88 26 0 92 0 0 0
88 27 0 64 0 0 0
88 28 0 43 0 0 0
88 29 0 28 0 0 0
88 30 0 17 0 0 0
88 31 0 11 0 0 0
88 32 0 6 0 0 0
88 33 0 3 0 0 0
88 34 0 2 0 0 0
89 2 0 0 0 0 0
89 3 0 41 0 0 0
89 4 0 51 0 0 0
89 5 0 61 0 0 0
89 6 0 70 0 0 0
89 7 0 80 0 0 0
89 8 0 88 0 0 0
89 9 0 98 0 0 0
89 10 0 111 0 0 0
89 11 0 129 0 0 0
89 12 0 154 0 0 0
89 13 0 187 0 0 0
89 14 0 223 0 0 0
89 15 0 257 0 0 0
89 16 0 284 0 0 0
89 17 0 298 0 0 0
89 18 0 296 0 0 0
89 19 0 280 0 0 0
89 20 0 250 0 0 0
89 21 0 212 0 0 0
89 22 0 171 0 0 0
89 23 0 133 0 0 0
89 24 0 99 0 0 0
89 25 0 71 0 0 0
89 26 0 50 0 0 0
89 27 0 34 0 0 0
89 28 0 22 0 0 0
89 29 0 14 0 0 0
89 30 0 8 0 0 0
89 31 0 5 0 0 0
89 32 0 3 0 0 0
89 33 0 1 0 0 0
89 34 0 0 0 0 0
90 2 0 0 0 0 0
90 3 0 26 0 0 0
90 4 0 32 0 0 0
90 5 0 39 0 0 0
90 6 0 44 0 0 0
90 7 0 49 0 0 0
90 8 0 53 0 0 0
90 9 0 57 0 0 0
90 10 0 62 0 0 0
90 11 0 69 0 0 0
90 12 0 81 0 0 0
90 13 0 96 0 0 0
90 14 0 115 0 0 0
90 15 0 134 0 0 0
90 16 0 150 0 0 0
90 17 0 160 0 0 0
90 18 0 161 0 0 0
90 19 0 153 0 0 0
90 20 0 137 0 0 0
90 21 0 116 0 0 0
90 22 0 93 0 0 0
90 23 0 71 0 0 0
90 24 0 52 0 0 0
90 25 0 37 0 0 0
90 26 0 25 0 0 0
90 27 0 16 0 0 0
90 28 0 10 0 0 0
90 29 0 6 0 0 0
90 30 0 3 0 0 0
90 31 0 2 0 0 0
90 32 0 1 0 0 0
90 33 0 0 0 0 0
90 34 0 0 0 0 0
91 2 0 0 0 0 0
91 3 0 16 0 0 0
91 4 0 20 0 0 0
91 5 0 23 0 0 0
91 6 0 26 0 0 0
91 7 0 29 0 0 0
91 8 0 31 0 0 0
91 9 0 33 0 0 0
91 10 0 34 0 0 0
91 11 0 37 0 0 0
91 12 0 42 0 0 0
91 13 0 50 0 0 0
91 14 0 59 0 0 0
91 15 0 68 0 0 0
91 16 0 77 0 0 0
91 17 0 82 0 0 0
91 18 0 82 0 0 0
91 19 0 78 0 0 0
91 20 0 69 0 0 0
91 21 0 58 0 0 0
91 22 0 47 0 0 0
91 23 0 35 0 0 0
91 24 0 26 0 0 0
91 25 0 18 0 0 0
91 26 0 12 0 0 0
91 27 0 8 0 0 0
91 28 0 5 0 0 0
91 29 0 3 0 0 0
91 30 0 1 0 0 0
91 31 0 0 0 0 0
91 32 0 0 0 0 0
91 33 0 0 0 0 0
91 34 0 0 0 0 0
92 2 0 0 0 0 0
92 3 0 8 0 0 0
92 4 0 10 0 0 0
92 5 0 12 0 0 0
92 6 0 14 0 0 0
92 7 0 15 0 0 0
92 8 0 16 0 0 0
92 9 0 16 0 0 0
92 10 0 16 0 0 0
92 11 0 17 0 0 0
92 12 0 19 0 0 0
92 13 0 22 0 0 0
92 14 0 27 0 0 0
92 15 0 31 0 0 0
92 16 0 36 0 0 0
92 17 0 39 0 0 0
92 18 0 39 0 0 0
92 19 0 37 0 0 0
92 20 0 34 0 0 0
92 21 0 28 0 0 0
92 22 0 23 0 0 0
92 23 0 17 0 0 0
92 24 0 12 0 0 0
92 25 0 9 0 0 0
92 26 0 6 0 0 0
92 27 0 3 0 0 0
92 28 0 2 0 0 0
92 29 0 1 0 0 0
92 30 0 0 0 0 0
92 31 0 0 0 0 0
92 32 0 0 0 0 0
92 33 0 0 0 0 0
92 34 0 0 0 0 0
93 2 0 0 0 0 0
93 3 0 4 0 0 0
93 4 0 6 0 0 0
93 5 0 7 0 0 0
93 6 0 8 0 0 0
93 7 0 8 0 0 0
93 8 0 8 0 0 0
93 9 0 8 0 0 0
93 10 0 8 0 0 0
93 11 0 8 0 0 0
93 12 0 9 0 0 0
93 13 0 10 0 0 0
93 14 0 12 0 0 0
93 15 0 14 0 0 0
93 16 0 16 0 0 0
93 17 0 17 0 0 0
93 18 0 18 0 0 0
93 19 0 17 0 0 0
93 20 0 15 0 0 0
93 21 0 13 0 0 0
93 22 0 10 0 0 0
93 23 0 8 0 0 0
93 24 0 6 0 0 0
93 25 0 4 0 0 0
93 26 0 2 0 0 0
93 27 0 1 0 0 0
93 28 0 1 0 0 0
93 29 0 0 0 0 0
93 30 0 0 0 0 0
93 31 0 0 0 0 0
94 2 0 0 0 0 0
94 3 0 2 0 0 0
94 4 0 3 0 0 0
94 5 0 3 0 0 0
94 6 0 4 0 0 0
94 7 0 4 0 0 0
94 8 0 4 0 0 0
94 9 0 4 0 0 0
94 10 0 3 0 0 0
94 11 0 3 0 0 0
94 12 0 3 0 0 0
94 13 0 4 0 0 0
94 14 0 4 0 0 0
94 15 0 5 0 0 0
94 16 0 6 0 0 0
94 17 0 6 0 0 0
94 18 0 6 0 0 0
94 19 0 6 0 0 0
94 20 0 5 0 0 0
94 21 0 4 0 0 0
94 22 0 3 0 0 0
94 23 0 3 0 0 0
94 24 0 2 0 0 0
94 25 0 1 0 0 0
94 26 0 1 0 0 0
94 27 0 0 0 0 0
94 28 0 0 0 0 0
94 29 0 0 0 0 0
94 30 0 0 0 0 0
95 2 0 0 0 0 0
95 3 0 1 0 0 0
95 4 0 1 0 0 0
95 5 0 1 0 0 0
95 6 0 2 0 0 0
95 7 0 2 0 0 0
95 8 0 2 0 0 0
95 9 0 2 0 0 0
95 10 0 1 0 0 0
95 11 0 1 0 0 0
95 12 0 1 0 0 0
95 13 0 1 0 0 0
95 14 0 1 0 0 0
95 15 0 1 0 0 0
95 16 0 2 0 0 0
95 17 0 2 0 0 0
95 18 0 2 0 0 0
95 19 0 2 0 0 0
95 20 0 2 0 0 0
95 21 0 1 0 0 0
95 22 0 1 0 0 0
95 23 0 1 0 0 0
95 24 0 0 0 0 0
95 25 0 0 0 0 0
95 26 0 0 0 0 0
95 27 0 0 0 0 0
95 28 0 0 0 0 0
95 29 0 0 0 0 0
95 30 0 0 0 0 0
96 2 0 0 0 0 0
96 3 0 0 0 0 0
96 4 0 0 0 0 0
96 5 0 0 0 0 0
96 6 0 0 0 0 0
96 7 0 1 0 0 0
96 8 0 0 0 0 0
96 9 0 0 0 0 0
96 10 0 0 0 0 0
96 11 0 0 0 0 0
96 12 0 0 0 0 0
96 13 0 0 0 0 0
96 14 0 0 0 0 0
96 15 0 0 0 0 0
96 16 0 0 0 0 0
96 17 0 0 0 0 0
96 18 0 0 0 0 0
96 19 0 0 0 0 0
96 20 0 0 0 0 0
96 21 0 0 0 0 0
96 22 0 0 0 0 0
96 23 0 0 0 0 0
96 24 0 0 0 0 0
96 25 0 0 0 0 0
96 26 0 0 0 0 0
96 27 0 0 0 0 0
96 28 0 0 0 0 0
96 29 0 0 0 0 0
96 30 0 0 0 0 0
97 2 0 0 0 0 0
97 3 0 0 0 0 0
97 4 0 0 0 0 0
97 5 0 0 0 0 0
97 6 0 0 0 0 0
97 7 0 0 0 0 0
97 8 0 0 0 0 0
97 9 0 0 0 0 0
97 10 0 0 0 0 0
97 11 0 0 0 0 0
97 12 0 0 0 0 0
97 13 0 0 0 0 0
97 14 0 0 0 0 0
97 15 0 0 0 0 0
97 16 0 0 0 0 0
97 17 0 0 0 0 0
97 18 0 0 0 0 0
97 19 0 0 0 0 0
97 20 0 0 0 0 0
97 21 0 0 0 0 0
97 22 0 0 0 0 0
97 23 0 0 0 0 0
97 24 0 0 0 0 0
97 25 0 0 0 0 0
97 26 0 0 0 0 0
97 27 0 0 0 0 0
97 28 0 0 0 0 0
97 29 0 0 0 0 0
97 30 0 0 0 0 0
