-0.000611 -0.000074 -0.000132 -0.000048 -0.000067 -0.000140 0.000114 0.000158 0.000273 -0.000115 -0.000096 0.000512 0.000480 0.000184 0.000174 0.000024 0.000334 0.000300 0.000293 0.000155 0.000119 0.000000 0.000000 0.000000 0.000000 0.000000 0.000000 0.000000 0.000000 0.000000 0.000000 0.000000 0.000000 0.000000 0.000000 0.000000 0.000000 0.000000 0.000000 0.000000 0.000000 0.000000 0.000000 0.000000 0.000000 0.000000 0.000000 0.000000 0.000000 0.000000
-0.001204 -0.000668 -0.000587 -0.000415 -0.000329 -0.000194 -0.000076 -0.000607 0.000213 -0.000429 -0.000455 0.000436 0.000436 -0.000017 0.000139 0.000320 0.000441 0.000636 0.000812 0.001180 0.000863 0.000000 0.000000 0.000000 0.000000 0.000000 0.000000 0.000000 0.000000 0.000000 0.000000 0.000000 0.000000 0.000000 0.000000 0.000000 0.000000 0.000000 0.000000 0.000000 0.000000 0.000000 0.000000 0.000000 0.000000 0.000000 0.000000 0.000000 0.000000 0.000000
-0.001752 -0.001598 -0.001427 -0.001293 -0.001315 -0.001194 -0.001039 -0.000860 -0.000652 -0.000419 -0.000166 0.000106 0.000383 0.000666 0.000941 0.001203 0.001422 0.001654 0.001811 0.001811 0.001521 0.000000 0.000000 0.000000 0.000000 0.000000 0.000000 0.000000 0.000000 0.000000 0.000000 0.000000 0.000000 0.000000 0.000000 0.000000 0.000000 0.000000 0.000000 0.000000 0.000000 0.000000 0.000000 0.000000 0.000000 0.000000 0.000000 0.000000 0.000000 0.000000
-0.001678 -0.002024 -0.001989 -0.001459 -0.001359 -0.001236 -0.001078 -0.000888 -0.000674 -0.000428 -0.000174 0.000112 0.000392 0.000684 0.000967 0.001241 0.001469 0.001682 0.001799 0.002613 0.002522 0.000000 0.000000 0.000000 0.000000 0.000000 0.000000 0.000000 0.000000 0.000000 0.000000 0.000000 0.000000 0.000000 0.000000 0.000000 0.000000 0.000000 0.000000 0.000000 0.000000 0.000000 0.000000 0.000000 0.000000 0.000000 0.000000 0.000000 0.000000 0.000000
-0.002363 -0.002906 -0.002031 -0.002044 -0.001906 -0.001740 -0.001524 -0.001271 -0.000972 -0.000634 -0.000263 0.000140 0.000550 0.000970 0.001370 0.001751 0.002073 0.002371 0.002544 0.003513 0.002912 0.000000 0.000000 0.000000 0.000000 0.000000 0.000000 0.000000 0.000000 0.000000 0.000000 0.000000 0.000000 0.000000 0.000000 0.000000 0.000000 0.000000 0.000000 0.000000 0.000000 0.000000 0.000000 0.000000 0.000000 0.000000 0.000000 0.000000 0.000000 0.000000
-0.003568 -0.003638 -0.002574 -0.002569 -0.002407 -0.002204 -0.001943 -0.001626 -0.001255 -0.000829 -0.000361 0.000146 0.000671 0.001205 0.001721 0.002215 0.002637 0.003023 0.003244 0.004577 0.003817 0.000000 0.000000 0.000000 0.000000 0.000000 0.000000 0.000000 0.000000 0.000000 0.000000 0.000000 0.000000 0.000000 0.000000 0.000000 0.000000 0.000000 0.000000 0.000000 0.000000 0.000000 0.000000 0.000000 0.000000 0.000000 0.000000 0.000000 0.000000 0.000000
-0.004290 -0.004424 -0.003219 -0.003209 -0.003020 -0.002780 -0.002467 -0.002083 -0.001625 -0.001094 -0.000503 0.000140 0.000811 0.001497 0.002159 0.002796 0.003339 0.003839 0.004114 0.005763 0.006897 0.000000 0.000000 0.000000 0.000000 0.000000 0.000000 0.000000 0.000000 0.000000 0.000000 0.000000 0.000000 0.000000 0.000000 0.000000 0.000000 0.000000 0.000000 0.000000 0.000000 0.000000 0.000000 0.000000 0.000000 0.000000 0.000000 0.000000 0.000000 0.000000
-0.004756 -0.005264 -0.003878 -0.003866 -0.003659 -0.003390 -0.003034 -0.002585 -0.002043 -0.001406 -0.000688 0.000101 0.000930 0.001783 0.002609 0.003410 0.004091 0.004726 0.005069 0.007096 0.008809 0.000000 0.000000 0.000000 0.000000 0.000000 0.000000 0.000000 0.000000 0.000000 0.000000 0.000000 0.000000 0.000000 0.000000 0.000000 0.000000 0.000000 0.000000 0.000000 0.000000 0.000000 0.000000 0.000000 0.000000 0.000000 0.000000 0.000000 0.000000 0.000000
-0.004102 -0.006232 -0.004626 -0.004609 -0.004396 -0.004104 -0.003710 -0.003195 -0.002563 -0.001804 -0.000939 0.000023 0.001043 0.002099 0.003128 0.004130 0.004983 0.005781 0.006215 0.007519 0.005867 0.000000 0.000000 0.000000 0.000000 0.000000 0.000000 0.000000 0.000000 0.000000 0.000000 0.000000 0.000000 0.000000 0.000000 0.000000 0.000000 0.000000 0.000000 0.000000 0.000000 0.000000 0.000000 0.000000 0.000000 0.000000 0.000000 0.000000 0.000000 0.000000
-0.006381 -0.006565 -0.005424 -0.005410 -0.005205 -0.004904 -0.004488 -0.003914 -0.003194 -0.002305 -0.001276 -0.000114 0.001126 0.002424 0.003694 0.004938 0.005999 0.006997 0.007544 0.010677 0.009288 0.000000 0.000000 0.000000 0.000000 0.000000 0.000000 0.000000 0.000000 0.000000 0.000000 0.000000 0.000000 0.000000 0.000000 0.000000 0.000000 0.000000 0.000000 0.000000 0.000000 0.000000 0.000000 0.000000 0.000000 0.000000 0.000000 0.000000 0.000000 0.000000
-0.005709 -0.007657 -0.006307 -0.006295 -0.006125 -0.005834 -0.005416 -0.004791 -0.003983 -0.002949 -0.001732 -0.000335 0.001174 0.002765 0.004331 0.005875 0.007196 0.008443 0.009128 0.012918 0.012679 0.000000 0.000000 0.000000 0.000000 0.000000 0.000000 0.000000 0.000000 0.000000 0.000000 0.000000 0.000000 0.000000 0.000000 0.000000 0.000000 0.000000 0.000000 0.000000 0.000000 0.000000 0.000000 0.000000 0.000000 0.000000 0.000000 0.000000 0.000000 0.000000
-0.008025 -0.009250 -0.007251 -0.007235 -0.007146 -0.006895 -0.006514 -0.005855 -0.004970 -0.003777 -0.002347 -0.000670 0.001159 0.003108 0.005039 0.006954 0.008599 0.010159 0.011022 0.013487 0.010814 0.000000 0.000000 0.000000 0.000000 0.000000 0.000000 0.000000 0.000000 0.000000 0.000000 0.000000 0.000000 0.000000 0.000000 0.000000 0.000000 0.000000 0.000000 0.000000 0.000000 0.000000 0.000000 0.000000 0.000000 0.000000 0.000000 0.000000 0.000000 0.000000
-0.009414 -0.010009 -0.008273 -0.008339 -0.008216 -0.007964 -0.007311 -0.007255 -0.006340 -0.004926 -0.003196 -0.001148 0.001087 0.003468 0.005828 0.008206 0.010260 0.012213 0.013302 0.016132 0.016991 0.000000 0.000000 0.000000 0.000000 0.000000 0.000000 0.000000 0.000000 0.000000 0.000000 0.000000 0.000000 0.000000 0.000000 0.000000 0.000000 0.000000 0.000000 0.000000 0.000000 0.000000 0.000000 0.000000 0.000000 0.000000 0.000000 0.000000 0.000000 0.000000
-0.010472 -0.010455 -0.009331 -0.009335 -0.009575 -0.009564 -0.009444 -0.008812 -0.007823 -0.006265 -0.004298 -0.001881 0.000819 0.003754 0.006702 0.009663 0.012235 0.014689 0.016074 0.019538 0.022819 0.000000 0.000000 0.000000 0.000000 0.000000 0.000000 0.000000 0.000000 0.000000 0.000000 0.000000 0.000000 0.000000 0.000000 0.000000 0.000000 0.000000 0.000000 0.000000 0.000000 0.000000 0.000000 0.000000 0.000000 0.000000 0.000000 0.000000 0.000000 0.000000
-0.010555 -0.011291 -0.010418 -0.010437 -0.011017 -0.011257 -0.011453 -0.010902 -0.009909 -0.008124 -0.005814 -0.002897 0.000395 0.004007 0.007662 0.011355 0.014585 0.017676 0.019444 0.023722 0.023558 0.000000 0.000000 0.000000 0.000000 0.000000 0.000000 0.000000 0.000000 0.000000 0.000000 0.000000 0.000000 0.000000 0.000000 0.000000 0.000000 0.000000 0.000000 0.000000 0.000000 0.000000 0.000000 0.000000 0.000000 0.000000 0.000000 0.000000 0.000000 0.000000
-0.011264 -0.012155 -0.011448 -0.011471 -0.012489 -0.013161 -0.013836 -0.013525 -0.012573 -0.010562 -0.007837 -0.004314 -0.000285 0.004171 0.008717 0.013334 0.017412 0.021321 0.023595 0.029102 0.028947 0.000000 0.000000 0.000000 0.000000 0.000000 0.000000 0.000000 0.000000 0.000000 0.000000 0.000000 0.000000 0.000000 0.000000 0.000000 0.000000 0.000000 0.000000 0.000000 0.000000 0.000000 0.000000 0.000000 0.000000 0.000000 0.000000 0.000000 0.000000 0.000000
-0.012051 -0.013912 -0.012362 -0.012467 -0.014177 -0.015496 -0.017062 -0.017010 -0.016159 -0.013814 -0.010569 -0.006271 -0.001327 0.004181 0.009842 0.015616 0.020777 0.025731 0.028675 0.035242 0.031609 0.000000 0.000000 0.000000 0.000000 0.000000 0.000000 0.000000 0.000000 0.000000 0.000000 0.000000 0.000000 0.000000 0.000000 0.000000 0.000000 0.000000 0.000000 0.000000 0.000000 0.000000 0.000000 0.000000 0.000000 0.000000 0.000000 0.000000 0.000000 0.000000
-0.009056 -0.012854 -0.013043 -0.013049 -0.015503 -0.017975 -0.020730 -0.021484 -0.020753 -0.018101 -0.014180 -0.008933 -0.002837 0.003981 0.011049 0.018295 0.024864 0.031194 0.035026 0.043159 0.043968 0.000000 0.000000 0.000000 0.000000 0.000000 0.000000 0.000000 0.000000 0.000000 0.000000 0.000000 0.000000 0.000000 0.000000 0.000000 0.000000 0.000000 0.000000 0.000000 0.000000 0.000000 0.000000 0.000000 0.000000 0.000000 0.000000 0.000000 0.000000 0.000000
-0.012418 -0.010879 -0.013065 -0.013380 -0.017043 -0.021189 -0.026559 -0.027778 -0.027103 -0.023819 -0.018974 -0.012496 -0.004979 0.003446 0.012248 0.021308 0.029694 0.037763 0.042847 0.053649 0.054780 0.000000 0.000000 0.000000 0.000000 0.000000 0.000000 0.000000 0.000000 0.000000 0.000000 0.000000 0.000000 0.000000 0.000000 0.000000 0.000000 0.000000 0.000000 0.000000 0.000000 0.000000 0.000000 0.000000 0.000000 0.000000 0.000000 0.000000 0.000000 0.000000
-0.009305 -0.009704 -0.012522 -0.012377 -0.016871 -0.023892 -0.032524 -0.036127 -0.035377 -0.031350 -0.025260 -0.017216 -0.007932 0.002494 0.013459 0.024842 0.035582 0.046014 0.052798 0.065468 0.104388 0.000000 0.000000 0.000000 0.000000 0.000000 0.000000 0.000000 0.000000 0.000000 0.000000 0.000000 0.000000 0.000000 0.000000 0.000000 0.000000 0.000000 0.000000 0.000000 0.000000 0.000000 0.000000 0.000000 0.000000 0.000000 0.000000 0.000000 0.000000 0.000000
-0.005066 -0.005405 -0.009317 -0.010832 -0.016255 -0.028497 -0.045562 -0.049299 -0.046651 -0.041145 -0.033155 -0.023257 -0.011853 0.000881 0.014436 0.028574 0.042398 0.055746 0.065091 0.082075 0.081835 0.000000 0.000000 0.000000 0.000000 0.000000 0.000000 0.000000 0.000000 0.000000 0.000000 0.000000 0.000000 0.000000 0.000000 0.000000 0.000000 0.000000 0.000000 0.000000 0.000000 0.000000 0.000000 0.000000 0.000000 0.000000 0.000000 0.000000 0.000000 0.000000
-0.002959 -0.000824 -0.001258 -0.003271 -0.011886 -0.014008 -0.097787 -0.067971 -0.063082 -0.053821 -0.043524 -0.030949 -0.017083 -0.001490 0.015161 0.032861 0.050536 0.068058 0.080964 0.100952 0.156873 0.000000 0.000000 0.000000 0.000000 0.000000 0.000000 0.000000 0.000000 0.000000 0.000000 0.000000 0.000000 0.000000 0.000000 0.000000 0.000000 0.000000 0.000000 0.000000 0.000000 0.000000 0.000000 0.000000 0.000000 0.000000 0.000000 0.000000 0.000000 0.000000
0.000000 0.000000 0.000000 0.000000 0.000000 -0.136698 -0.109319 -0.090032 -0.079574 -0.068441 -0.054927 -0.040225 -0.023616 -0.005156 0.015002 0.036691 0.059457 0.082063 0.101150 0.126544 0.111424 0.000000 0.000000 0.000000 0.000000 0.000000 0.000000 0.000000 0.000000 0.000000 0.000000 0.000000 0.000000 0.000000 0.000000 0.000000 0.000000 0.000000 0.000000 0.000000 0.000000 0.000000 0.000000 0.000000 0.000000 0.000000 0.000000 0.000000 0.000000 0.000000
0.000000 0.000000 0.000000 0.000000 0.000000 -0.135870 -0.138712 -0.108424 -0.098758 -0.083966 -0.068773 -0.051148 -0.032021 -0.010229 0.013748 0.040437 0.069222 0.099552 0.125982 0.165601 0.143365 0.000000 0.000000 0.000000 0.000000 0.000000 0.000000 0.000000 0.000000 0.000000 0.000000 0.000000 0.000000 0.000000 0.000000 0.000000 0.000000 0.000000 0.000000 0.000000 0.000000 0.000000 0.000000 0.000000 0.000000 0.000000 0.000000 0.000000 0.000000 0.000000
0.000000 0.000000 0.000000 0.000000 0.000000 -0.145319 -0.156731 -0.129812 -0.117237 -0.101258 -0.083298 -0.063938 -0.042476 -0.017965 0.009695 0.041687 0.077544 0.118763 0.157099 0.223629 0.247900 0.000000 0.000000 0.000000 0.000000 0.000000 0.000000 0.000000 0.000000 0.000000 0.000000 0.000000 0.000000 0.000000 0.000000 0.000000 0.000000 0.000000 0.000000 0.000000 0.000000 0.000000 0.000000 0.000000 0.000000 0.000000 0.000000 0.000000 0.000000 0.000000
0.000000 0.000000 0.000000 0.000000 0.000000 -0.196179 -0.194059 -0.158349 -0.141769 -0.121359 -0.100917 -0.079210 -0.055677 -0.028796 0.002566 0.039687 0.084798 0.138137 0.196204 0.301206 0.296105 0.000000 0.000000 0.000000 0.000000 0.000000 0.000000 0.000000 0.000000 0.000000 0.000000 0.000000 0.000000 0.000000 0.000000 0.000000 0.000000 0.000000 0.000000 0.000000 0.000000 0.000000 0.000000 0.000000 0.000000 0.000000 0.000000 0.000000 0.000000 0.000000
0.000000 0.000000 0.000000 0.000000 0.000000 -0.245677 -0.231234 -0.191413 -0.166325 -0.141341 -0.119059 -0.096252 -0.072124 -0.044479 -0.011553 0.029948 0.080982 0.150664 0.236777 0.427768 0.488387 0.000000 0.000000 0.000000 0.000000 0.000000 0.000000 0.000000 0.000000 0.000000 0.000000 0.000000 0.000000 0.000000 0.000000 0.000000 0.000000 0.000000 0.000000 0.000000 0.000000 0.000000 0.000000 0.000000 0.000000 0.000000 0.000000 0.000000 0.000000 0.000000
0.000000 0.000000 0.000000 0.000000 0.000000 -0.434284 -0.328491 -0.233917 -0.188213 -0.162579 -0.137677 -0.115716 -0.091757 -0.065482 -0.031974 0.008171 0.069890 0.137018 0.272868 0.629528 0.769891 0.000000 0.000000 0.000000 0.000000 0.000000 0.000000 0.000000 0.000000 0.000000 0.000000 0.000000 0.000000 0.000000 0.000000 0.000000 0.000000 0.000000 0.000000 0.000000 0.000000 0.000000 0.000000 0.000000 0.000000 0.000000 0.000000 0.000000 0.000000 0.000000
-0.030521 -0.015874 -0.012004 -0.036410 -0.017525 -0.202840 -0.214557 -0.223082 -0.194123 -0.173760 -0.153988 -0.135382 -0.115075 -0.092674 -0.064633 -0.029195 0.020287 0.062852 0.186372 0.219445 0.800168 -0.977632 -1.493280 -1.384134 -1.352931 -1.200303 -1.094508 -1.009966 -0.940496 -0.887651 -0.853033 -0.824193 -0.791956 -0.773202 -0.750945 -0.736427 -0.721686 -0.708373 -0.691899 -0.680807 -0.684490 -0.672974 -0.667543 -0.656985 -0.656727 -0.661533 -0.656222 -0.639123 -0.655384 -0.684439
-0.066350 -0.087902 -0.069931 -0.084276 -0.098136 -0.138440 -0.190880 -0.197189 -0.190603 -0.181123 -0.168974 -0.156177 -0.141583 -0.125486 -0.107417 -0.084667 -0.063985 -0.032505 -0.010759 -0.015355 -0.190359 -0.801462 -1.230319 -1.308188 -1.231562 -1.138297 -1.044710 -0.973536 -0.914700 -0.867885 -0.831190 -0.799151 -0.772250 -0.749652 -0.730542 -0.715021 -0.701367 -0.688050 -0.675336 -0.665580 -0.660481 -0.651936 -0.644963 -0.643550 -0.635910 -0.644466 -0.634446 -0.609315 -0.623314 -0.672940
-0.105345 -0.128141 -0.116833 -0.115140 -0.130513 -0.156294 -0.188324 -0.199119 -0.198569 -0.194261 -0.187271 -0.179143 -0.169956 -0.160540 -0.150666 -0.142541 -0.135516 -0.142590 -0.149534 -0.215535 -0.329981 -0.732418 -0.897619 -0.980777 -0.980723 -0.960783 -0.919011 -0.880853 -0.841450 -0.806306 -0.776428 -0.751013 -0.728829 -0.709274 -0.692069 -0.676978 -0.664317 -0.651740 -0.641169 -0.632891 -0.625654 -0.619181 -0.615852 -0.606170 -0.608602 -0.602912 -0.603634 -0.618434 -0.645178 -0.643280
-0.147116 -0.161061 -0.146129 -0.148159 -0.161916 -0.177402 -0.197532 -0.204774 -0.208851 -0.208241 -0.205960 -0.202460 -0.198599 -0.195209 -0.193102 -0.193955 -0.200039 -0.216568 -0.246565 -0.315401 -0.415305 -0.640924 -0.780286 -0.871062 -0.892628 -0.895597 -0.874325 -0.851272 -0.824335 -0.799228 -0.775571 -0.753619 -0.733978 -0.716400 -0.700896 -0.687118 -0.674896 -0.663655 -0.653854 -0.645270 -0.637942 -0.631717 -0.625987 -0.621830 -0.617715 -0.618744 -0.613193 -0.611772 -0.638514 -0.611707
-0.198100 -0.193641 -0.176862 -0.176636 -0.187219 -0.198445 -0.212193 -0.219384 -0.224276 -0.226051 -0.226709 -0.226624 -0.226882 -0.228286 -0.232079 -0.240020 -0.254042 -0.279788 -0.316084 -0.383098 -0.462043 -0.609866 -0.694118 -0.765418 -0.793743 -0.808667 -0.803986 -0.794204 -0.778394 -0.761564 -0.744297 -0.727835 -0.712279 -0.697877 -0.684647 -0.672645 -0.661807 -0.651844 -0.643067 -0.635407 -0.628631 -0.622740 -0.618060 -0.613255 -0.610452 -0.609072 -0.605144 -0.608191 -0.635201 -0.612156
-0.200081 -0.224564 -0.202672 -0.203075 -0.211755 -0.219458 -0.229510 -0.235454 -0.241073 -0.244397 -0.247455 -0.250183 -0.253739 -0.258802 -0.266569 -0.278528 -0.296138 -0.323183 -0.359111 -0.415287 -0.478329 -0.574381 -0.642953 -0.702790 -0.734300 -0.754490 -0.758558 -0.756640 -0.748397 -0.737941 -0.725810 -0.713294 -0.700899 -0.689024 -0.677859 -0.667474 -0.657948 -0.649172 -0.641305 -0.634244 -0.627934 -0.622630 -0.617551 -0.614210 -0.609969 -0.609361 -0.605046 -0.605793 -0.579173 -0.571789
-0.236274 -0.252964 -0.227728 -0.227748 -0.234417 -0.240608 -0.248393 -0.254022 -0.259647 -0.264011 -0.268506 -0.273135 -0.278907 -0.286378 -0.296729 -0.310928 -0.330508 -0.357445 -0.391883 -0.439266 -0.490609 -0.559054 -0.609626 -0.656619 -0.685083 -0.705558 -0.714133 -0.717036 -0.714169 -0.708465 -0.700589 -0.691753 -0.682426 -0.673091 -0.663990 -0.655319 -0.647175 -0.639597 -0.632655 -0.626408 -0.620713 -0.615859 -0.611301 -0.607995 -0.604220 -0.603226 -0.599391 -0.600534 -0.576246 -0.561166
-0.259905 -0.246686 -0.251029 -0.251053 -0.256548 -0.261401 -0.267784 -0.272899 -0.278535 -0.283537 -0.289054 -0.295025 -0.302295 -0.311310 -0.322991 -0.338086 -0.357542 -0.382739 -0.413298 -0.452361 -0.493863 -0.543995 -0.585402 -0.623612 -0.650001 -0.669853 -0.680750 -0.686481 -0.687134 -0.684814 -0.680133 -0.674098 -0.667224 -0.659980 -0.652662 -0.645482 -0.638592 -0.632076 -0.626003 -0.620466 -0.615324 -0.610965 -0.606668 -0.603723 -0.600031 -0.598813 -0.595168 -0.596376 -0.572289 -0.598848
-0.277341 -0.273693 -0.272459 -0.276998 -0.280999 -0.286849 -0.291923 -0.291956 -0.297615 -0.303030 -0.309094 -0.315736 -0.323776 -0.333250 -0.345412 -0.360457 -0.379188 -0.402169 -0.429384 -0.461876 -0.496147 -0.534718 -0.567764 -0.598635 -0.621572 -0.639661 -0.651143 -0.658276 -0.661150 -0.661184 -0.658917 -0.655147 -0.650340 -0.644929 -0.639210 -0.633418 -0.627710 -0.622219 -0.616990 -0.612187 -0.607625 -0.603762 -0.599860 -0.597175 -0.593858 -0.592636 -0.590004 -0.590573 -0.570421 -0.601855
-0.283116 -0.314716 -0.294177 -0.298310 -0.301670 -0.306666 -0.311455 -0.311268 -0.316798 -0.322465 -0.328639 -0.335715 -0.343927 -0.353812 -0.365530 -0.379999 -0.397373 -0.417965 -0.441583 -0.468678 -0.496961 -0.527391 -0.554749 -0.580574 -0.601097 -0.617217 -0.628707 -0.636317 -0.640714 -0.642318 -0.642040 -0.639813 -0.636722 -0.632814 -0.628215 -0.623539 -0.618636 -0.613981 -0.608907 -0.604770 -0.600707 -0.597337 -0.593683 -0.591340 -0.588109 -0.586962 -0.584371 -0.584862 -0.567945 -0.592385
-0.299200 -0.324884 -0.314222 -0.314031 -0.317831 -0.320433 -0.324753 -0.328632 -0.333659 -0.338949 -0.345173 -0.352247 -0.360551 -0.370283 -0.381799 -0.395309 -0.411141 -0.429367 -0.449871 -0.472602 -0.496200 -0.520786 -0.543370 -0.564396 -0.581757 -0.596147 -0.606840 -0.614544 -0.619356 -0.621886 -0.622500 -0.621651 -0.619703 -0.616959 -0.613694 -0.610107 -0.606356 -0.602606 -0.598854 -0.595389 -0.591832 -0.589005 -0.585635 -0.583638 -0.580603 -0.579408 -0.577167 -0.577736 -0.612880 -0.654999
-0.360562 -0.345339 -0.334329 -0.334165 -0.338007 -0.340232 -0.344306 -0.347966 -0.352808 -0.357940 -0.363991 -0.370856 -0.378827 -0.388060 -0.398790 -0.411155 -0.425323 -0.441292 -0.458912 -0.478023 -0.497723 -0.517854 -0.536704 -0.554249 -0.569230 -0.581852 -0.591677 -0.599063 -0.604092 -0.607153 -0.608544 -0.608587 -0.607602 -0.605816 -0.603480 -0.600759 -0.597797 -0.594760 -0.591591 -0.588688 -0.585423 -0.583149 -0.579570 -0.578344 -0.574606 -0.574143 -0.570809 -0.571789 -0.601025 -0.581290
-0.351263 -0.378952 -0.351417 -0.351670 -0.355844 -0.356407 -0.359685 -0.361941 -0.366219 -0.370789 -0.376426 -0.382885 -0.390345 -0.398914 -0.408722 -0.419852 -0.432390 -0.446282 -0.461397 -0.477505 -0.494016 -0.510664 -0.526411 -0.541088 -0.553889 -0.564846 -0.573652 -0.580477 -0.585390 -0.588627 -0.590422 -0.591000 -0.590631 -0.589493 -0.587831 -0.585783 -0.583498 -0.581140 -0.578618 -0.576406 -0.573728 -0.572119 -0.569084 -0.567791 -0.565065 -0.562403 -0.562189 -0.563328 -0.597631 -0.566907
-0.370103 -0.368279 -0.371107 -0.372176 -0.376798 -0.377610 -0.381016 -0.384013 -0.388240 -0.392762 -0.398040 -0.403988 -0.410748 -0.418461 -0.427181 -0.436978 -0.447868 -0.459800 -0.472636 -0.486152 -0.499915 -0.513668 -0.526773 -0.539026 -0.549914 -0.559365 -0.567174 -0.573407 -0.578126 -0.581459 -0.583586 -0.584644 -0.584869 -0.584357 -0.583352 -0.581928 -0.580232 -0.578393 -0.576221 -0.574321 -0.571317 -0.570514 -0.565182 -0.567078 -0.558582 -0.560393 -0.555083 -0.558598 -0.592201 -0.561495
-0.389509 -0.417235 -0.386181 -0.387682 -0.397135 -0.388463 -0.391027 -0.389806 -0.392900 -0.396428 -0.401071 -0.406571 -0.412726 -0.419686 -0.427439 -0.436014 -0.445419 -0.455576 -0.466390 -0.477673 -0.489143 -0.500559 -0.511451 -0.521630 -0.530746 -0.538693 -0.545327 -0.550656 -0.554713 -0.557586 -0.559454 -0.560409 -0.560681 -0.560325 -0.559603 -0.558564 -0.557418 -0.556230 -0.554835 -0.553800 -0.552054 -0.551416 -0.548223 -0.546888 -0.544233 -0.540982 -0.544743 -0.549673 -0.590917 -0.598233
-0.406370 -0.436037 -0.409934 -0.407697 -0.418892 -0.422000 -0.421425 -0.424394 -0.426027 -0.429613 -0.433365 -0.437810 -0.442819 -0.448545 -0.454932 -0.462027 -0.469754 -0.478122 -0.486980 -0.496179 -0.505472 -0.514709 -0.523567 -0.531927 -0.539512 -0.546266 -0.552068 -0.556911 -0.560830 -0.563838 -0.566060 -0.567549 -0.568453 -0.568767 -0.568747 -0.568331 -0.567887 -0.567082 -0.565915 -0.564082 -0.560080 -0.561439 -0.547158 -0.559253 -0.532770 -0.555750 -0.534954 -0.553165 -0.590237 -0.550123
-0.420189 -0.415889 -0.409222 -0.405351 -0.432152 -0.426424 -0.414158 -0.415360 -0.413600 -0.415519 -0.419579 -0.423779 -0.428559 -0.433697 -0.439366 -0.445390 -0.451939 -0.458854 -0.466130 -0.473572 -0.481010 -0.488421 -0.495475 -0.502100 -0.508075 -0.513294 -0.517687 -0.521239 -0.523994 -0.525950 -0.527249 -0.527998 -0.528270 -0.527983 -0.527581 -0.526856 -0.526420 -0.525894 -0.525162 -0.524524 -0.525110 -0.523256 -0.520949 -0.522429 -0.516062 -0.524139 -0.517118 -0.533004 -0.525929 -0.564588
-0.446692 -0.419921 -0.442101 -0.449084 -0.458304 -0.472265 -0.470399 -0.469875 -0.471373 -0.471937 -0.473727 -0.475804 -0.478485 -0.481755 -0.485585 -0.489937 -0.494525 -0.499773 -0.505277 -0.510867 -0.516422 -0.522155 -0.527533 -0.532698 -0.537339 -0.541678 -0.545512 -0.548939 -0.551925 -0.554517 -0.556644 -0.558732 -0.559999 -0.560993 -0.561330 -0.561335 -0.561926 -0.561421 -0.561199 -0.559520 -0.560263 -0.557509 -0.543437 -0.558153 -0.524932 -0.546663 -0.514805 -0.538319 -0.559108 -0.546134
-0.463842 -0.480286 -0.462534 -0.424250 -0.436822 -0.459276 -0.439720 -0.435648 -0.438293 -0.438437 -0.440641 -0.443267 -0.445992 -0.448704 -0.451835 -0.454891 -0.458382 -0.462135 -0.466437 -0.470690 -0.474600 -0.478911 -0.482798 -0.486490 -0.489887 -0.492865 -0.495270 -0.497218 -0.498724 -0.499617 -0.500036 -0.500623 -0.501136 -0.500690 -0.500820 -0.500126 -0.500469 -0.500719 -0.499032 -0.499404 -0.499192 -0.492682 -0.495687 -0.493747 -0.488289 -0.504320 -0.490069 -0.530205 -0.540967 -0.570959
-0.455436 -0.468083 -0.456319 -0.443606 -0.454077 -0.429739 -0.437084 -0.437157 -0.439296 -0.442524 -0.446659 -0.449460 -0.452493 -0.455641 -0.459048 -0.462774 -0.466537 -0.470483 -0.474755 -0.478913 -0.482989 -0.486982 -0.490762 -0.494247 -0.497426 -0.500389 -0.502916 -0.504903 -0.506545 -0.507380 -0.507794 -0.507488 -0.508095 -0.507343 -0.507428 -0.506136 -0.505484 -0.506005 -0.504765 -0.510171 -0.515365 -0.523403 -0.530010 -0.521060 -0.519038 -0.518455 -0.465979 -0.535523 -0.516200 -0.503901
-0.462152 -0.458214 -0.451260 -0.502374 -0.485269 -0.525339 -0.531012 -0.526002 -0.522009 -0.518809 -0.516567 -0.513594 -0.496641 -0.499599 -0.500750 -0.502169 -0.501150 -0.502201 -0.498421 -0.504331 -0.506765 -0.519414 -0.511733 -0.513317 -0.508976 -0.510351 -0.510834 -0.512174 -0.514443 -0.514374 -0.519584 -0.523146 -0.528650 -0.531413 -0.536433 -0.543635 -0.568124 -0.545166 -0.559760 -0.549829 -0.557805 -0.558920 -0.557258 -0.544975 -0.551710 -0.523567 -0.522115 -0.506953 -0.517955 -0.506954
-0.495835 -0.500855 -0.500157 -0.515435 -0.518703 -0.519121 -0.513899 -0.507789 -0.509984 -0.508778 -0.513503 -0.504331 -0.431411 -0.507378 -0.504707 -0.491469 -0.507094 -0.411626 -0.409524 -0.499815 -0.435125 -0.508669 -0.497588 -0.497640 -0.489430 -0.509378 -0.494866 -0.501930 -0.502912 -0.507583 -0.509887 -0.510917 -0.508187 -0.498686 -0.504441 -0.496152 -0.519817 -0.507639 -0.400503 -0.505621 -0.495438 -0.368273 -0.509153 -0.507199 -0.495531 -0.509791 -0.497017 -0.506529 -0.505323 -0.516386
