0.543071 0.544672 0.503801 0.470811 0.542683 0.498321 0.474733 0.473179 0.472503 0.529714 0.423487 0.506339 0.496428 0.489910 0.474869 0.383362 0.451292 0.440970 0.430128 0.418937 0.407336 0.366804 0.335128 0.321489 0.302813 0.298517 0.285582 0.264027 0.250817 0.228689 0.217176 0.239471 0.192270 0.175670 0.179340 0.202956 0.148691 0.126211 0.125114 0.115703 0.100306 0.092084 0.079466 0.069255 0.049456 0.051994 0.034448 0.026044 0.011200 0.001112
0.507606 0.505099 0.472395 0.480136 0.510065 0.517971 0.451461 0.448375 0.437428 0.477692 0.468007 0.412246 0.409135 0.429052 0.389440 0.405345 0.392515 0.379444 0.367213 0.334106 0.322189 0.314815 0.297947 0.285920 0.277876 0.261501 0.258485 0.253510 0.228450 0.232104 0.203555 0.205564 0.179694 0.178083 0.156074 0.154082 0.153802 0.136382 0.125524 0.114968 0.110403 0.096434 0.085447 0.068976 0.065539 0.044020 0.037635 0.028292 0.012860 0.003689
0.445357 0.510646 0.508617 0.481908 0.502660 0.485111 0.490944 0.473121 0.469531 0.459924 0.455086 0.447383 0.440539 0.432448 0.424086 0.415012 0.405434 0.395304 0.384168 0.373584 0.362075 0.350197 0.338000 0.325515 0.312833 0.299918 0.286975 0.273743 0.260668 0.247565 0.234369 0.221220 0.208137 0.195099 0.182137 0.169310 0.156620 0.144039 0.131488 0.119168 0.106698 0.094617 0.082398 0.070597 0.058146 0.046834 0.046008 0.033543 0.015826 0.003802
0.518337 0.512533 0.457895 0.459279 0.468683 0.464874 0.474080 0.467502 0.465089 0.458388 0.454013 0.446830 0.440104 0.432107 0.423769 0.414715 0.405145 0.395026 0.385684 0.373333 0.361846 0.349987 0.337806 0.325319 0.312655 0.299735 0.286925 0.273639 0.260333 0.247339 0.234278 0.220981 0.207957 0.194882 0.181950 0.169112 0.156520 0.144062 0.131376 0.119170 0.106586 0.094417 0.082445 0.070540 0.058119 0.047037 0.034036 0.032681 0.011684 0.002072
0.508711 0.544869 0.499935 0.470036 0.506120 0.469360 0.489475 0.460631 0.468065 0.460338 0.457150 0.449304 0.442654 0.434416 0.425991 0.416790 0.407091 0.396825 0.387715 0.374809 0.363145 0.351104 0.338747 0.326108 0.313267 0.300213 0.287106 0.273796 0.260599 0.247332 0.234054 0.220847 0.207692 0.194628 0.181632 0.168796 0.156036 0.143449 0.130928 0.118575 0.106207 0.094178 0.081999 0.070270 0.058009 0.046693 0.034277 0.033280 0.008283 -0.004785
0.513692 0.535925 0.502413 0.460441 0.475807 0.462247 0.465497 0.467748 0.470242 0.462567 0.459046 0.451472 0.444965 0.436805 0.428399 0.419147 0.409353 0.398947 0.390412 0.376581 0.364718 0.352478 0.339918 0.327080 0.314039 0.300816 0.287522 0.274096 0.260674 0.247281 0.233917 0.220589 0.207363 0.194230 0.181212 0.168331 0.155592 0.142996 0.130468 0.118151 0.105828 0.093778 0.081640 0.069938 0.057680 0.046617 0.033880 0.033032 0.010443 0.002846
0.520010 0.558795 0.494910 0.463986 0.516109 0.480761 0.472284 0.471674 0.481341 0.469403 0.467329 0.458851 0.452576 0.444128 0.435559 0.425997 0.415755 0.404908 0.393454 0.381499 0.369070 0.356290 0.343141 0.329741 0.316153 0.301523 0.287984 0.274372 0.260778 0.247204 0.233686 0.220253 0.206925 0.193719 0.180645 0.167722 0.154940 0.142321 0.129821 0.117505 0.105242 0.093241 0.081139 0.069483 0.057327 0.046067 0.033737 0.032698 0.019169 -0.002953
0.515039 0.539751 0.477597 0.461996 0.502331 0.467437 0.485770 0.473992 0.479689 0.469448 0.466989 0.458919 0.452552 0.444168 0.435574 0.426006 0.415833 0.404974 0.393541 0.381546 0.369101 0.356265 0.343106 0.329688 0.316080 0.302335 0.288523 0.274674 0.260850 0.247081 0.233398 0.219822 0.206379 0.193084 0.179946 0.166977 0.154174 0.141546 0.129058 0.116765 0.104547 0.092585 0.080541 0.068944 0.056852 0.045713 0.033345 0.032389 0.009121 -0.001636
0.525729 0.561949 0.471303 0.469443 0.524818 0.472822 0.505119 0.479757 0.487389 0.474744 0.472642 0.464051 0.457630 0.449043 0.440276 0.430476 0.420033 0.408862 0.397241 0.384717 0.371884 0.358650 0.345095 0.331291 0.317314 0.303223 0.289088 0.274951 0.260868 0.246871 0.232992 0.219255 0.205682 0.192286 0.179076 0.166058 0.153229 0.140596 0.128128 0.115866 0.103703 0.091804 0.079833 0.068326 0.056300 0.045316 0.032818 0.032023 0.009295 0.001052
0.518849 0.545880 0.474350 0.469438 0.525488 0.474894 0.504654 0.481945 0.490836 0.479010 0.477654 0.469315 0.463098 0.454502 0.445632 0.435619 0.424885 0.413355 0.401395 0.388360 0.375063 0.361357 0.347333 0.333074 0.318661 0.304167 0.289657 0.275186 0.260804 0.246548 0.232449 0.218532 0.204814 0.191308 0.178019 0.164953 0.152102 0.139470 0.127027 0.114807 0.102706 0.090877 0.078990 0.067566 0.055637 0.044649 0.032376 0.031568 0.002378 0.000989
0.512577 0.551116 0.477057 0.469750 0.530262 0.478444 0.512685 0.487261 0.497530 0.485231 0.484282 0.475888 0.469703 0.460984 0.451920 0.441613 0.430505 0.418532 0.406156 0.392507 0.378655 0.364387 0.349808 0.335014 0.320095 0.305130 0.290191 0.275336 0.260616 0.246069 0.231726 0.217610 0.203735 0.190112 0.176743 0.163629 0.150761 0.138139 0.125733 0.113568 0.101544 0.089809 0.078026 0.066749 0.054914 0.044339 0.031830 0.031178 0.021706 -0.003651
0.511960 0.532234 0.435515 0.544033 0.479711 0.523427 0.493248 0.506182 0.505851 0.492816 0.492445 0.484048 0.477701 0.468893 0.459119 0.448480 0.436931 0.424429 0.411479 0.397173 0.382661 0.367730 0.352500 0.337083 0.321577 0.306073 0.290646 0.275357 0.260260 0.245391 0.230781 0.216449 0.202408 0.188663 0.175214 0.162057 0.149181 0.136581 0.124222 0.112128 0.100197 0.088568 0.076908 0.065758 0.054060 0.043542 0.031265 0.030644 0.021856 -0.003177
0.500532 0.560581 0.486289 0.476490 0.536084 0.487820 0.522736 0.498812 0.511098 0.499733 0.499825 0.491850 0.485856 0.476953 0.467415 0.456358 0.444265 0.431120 0.417469 0.402384 0.387088 0.371375 0.355384 0.339243 0.323064 0.306945 0.290967 0.275195 0.259679 0.244459 0.229561 0.215001 0.200786 0.186920 0.173395 0.160205 0.147332 0.134767 0.122473 0.110469 0.098649 0.087150 0.075634 0.064639 0.053100 0.042729 0.030594 0.030018 0.021018 0.014861
0.515677 0.547548 0.491648 0.481827 0.539213 0.493964 0.529042 0.506446 0.519520 0.508835 0.509440 0.501749 0.495832 0.486796 0.476921 0.465354 0.452599 0.438672 0.424162 0.408160 0.391934 0.375300 0.358423 0.341446 0.324498 0.307683 0.291089 0.274780 0.258809 0.243211 0.228007 0.213209 0.198820 0.184836 0.171245 0.158033 0.145179 0.132669 0.120460 0.108567 0.096884 0.085539 0.074197 0.063399 0.052056 0.042005 0.029975 0.029520 0.021277 0.008041
0.511000 0.549079 0.497229 0.487285 0.543192 0.501010 0.536467 0.515412 0.529345 0.519447 0.520589 0.513217 0.507354 0.498134 0.487828 0.475622 0.462051 0.447172 0.431613 0.414520 0.397190 0.379475 0.361566 0.343630 0.325806 0.308210 0.290931 0.274036 0.257573 0.241572 0.226051 0.211012 0.196453 0.182361 0.168717 0.155503 0.142689 0.130255 0.118157 0.106401 0.094879 0.083712 0.072570 0.061979 0.050873 0.041065 0.029387 0.028802 0.021659 -0.005093
0.512992 0.547951 0.502940 0.492588 0.548067 0.508960 0.545074 0.525706 0.540637 0.531686 0.533454 0.526460 0.520647 0.511185 0.500338 0.487335 0.472756 0.456710 0.439880 0.421477 0.402836 0.383851 0.364747 0.345710 0.326897 0.308429 0.290397 0.272867 0.255881 0.239461 0.223615 0.208340 0.193621 0.179438 0.165764 0.152570 0.139823 0.127495 0.115536 0.103946 0.092615 0.081658 0.070747 0.060390 0.049550 0.039949 0.028595 0.028037 0.021750 -0.000223
0.507723 0.550954 0.509059 0.498116 0.554058 0.517899 0.555085 0.537536 0.553671 0.545837 0.548344 0.541793 0.536022 0.526239 0.514704 0.500700 0.484869 0.467387 0.449008 0.429032 0.408832 0.388359 0.367871 0.347580 0.327655 0.308223 0.289372 0.271163 0.253629 0.236780 0.220614 0.205114 0.190256 0.176007 0.162331 0.149190 0.136542 0.124354 0.112568 0.101178 0.090071 0.079354 0.068701 0.058597 0.048029 0.038600 0.027531 0.027101 0.021763 0.001212
0.519006 0.552341 0.515675 0.504107 0.561089 0.527870 0.566527 0.551072 0.568650 0.562169 0.565576 0.559569 0.553843 0.543641 0.531234 0.515965 0.498570 0.479311 0.458705 0.437167 0.415115 0.392898 0.370816 0.349102 0.327937 0.307448 0.287718 0.268794 0.250697 0.233422 0.216951 0.201251 0.186283 0.172003 0.158363 0.145315 0.132807 0.120798 0.109225 0.098074 0.087232 0.076793 0.066444 0.056652 0.046442 0.037426 0.026812 0.026229 0.021698 -0.002167
0.507163 0.550313 0.522269 0.510459 0.569359 0.538928 0.579653 0.566529 0.585898 0.581054 0.585575 0.580244 0.574571 0.563825 0.550304 0.533424 0.514061 0.492591 0.469675 0.445832 0.421579 0.397325 0.373413 0.350096 0.327562 0.305929 0.285269 0.265609 0.246950 0.229267 0.212519 0.196657 0.181624 0.167360 0.153805 0.140897 0.128578 0.116794 0.105479 0.094610 0.084073 0.073951 0.063936 0.054469 0.044605 0.035837 0.025584 0.025151 0.022867 -0.002306
0.517698 0.552286 0.529582 0.517288 0.578436 0.551255 0.594445 0.584058 0.605663 0.602883 0.608822 0.604376 0.598795 0.587346 0.572397 0.553446 0.531590 0.507344 0.481579 0.454944 0.428074 0.401445 0.375444 0.350337 0.326307 0.303457 0.281833 0.261435 0.242235 0.224180 0.207205 0.191236 0.176197 0.162010 0.148598 0.135890 0.123815 0.112311 0.101305 0.090768 0.080582 0.070822 0.061188 0.052100 0.042638 0.034266 0.024369 0.024033 0.022298 0.000130
0.527010 0.559238 0.536595 0.524711 0.589032 0.564932 0.611226 0.603955 0.628340 0.628192 0.635989 0.632710 0.627273 0.614897 0.598088 0.576439 0.551390 0.523639 0.494351 0.464328 0.434356 0.404975 0.376611 0.349529 0.323894 0.299776 0.277182 0.256073 0.236381 0.218017 0.200886 0.184886 0.169916 0.155881 0.142686 0.130248 0.118481 0.107319 0.096680 0.086526 0.076744 0.067390 0.058181 0.049510 0.040484 0.032538 0.023066 0.022810 0.022257 0.000201
0.507587 0.558516 0.546630 0.532691 0.600302 0.580004 0.629801 0.626385 0.654154 0.657432 0.667755 0.666204 0.661059 0.647453 0.628220 0.602995 0.573813 0.541582 0.507909 0.473762 0.440117 0.407560 0.376549 0.347321 0.319999 0.294596 0.271063 0.249305 0.229204 0.210626 0.193437 0.177504 0.162701 0.148909 0.136017 0.123928 0.112546 0.101793 0.091585 0.081873 0.072548 0.063650 0.054918 0.046706 0.038176 0.030710 0.021737 0.021507 0.022187 0.000344
0.514950 0.552102 0.561046 0.541255 0.612418 0.596605 0.650497 0.651808 0.683773 0.691451 0.705194 0.706133 0.701452 0.686168 0.663650 0.633620 0.599018 0.561038 0.521905 0.482763 0.444812 0.408646 0.374732 0.343231 0.314197 0.287553 0.263170 0.240879 0.220497 0.201838 0.184724 0.168985 0.154466 0.141027 0.128540 0.116891 0.105977 0.095710 0.086002 0.076794 0.067986 0.059593 0.051387 0.043665 0.035662 0.028640 0.020176 0.020057 0.021767 0.000366
0.407256 0.567749 0.567600 0.549641 0.625360 0.614017 0.672732 0.679715 0.716947 0.730620 0.749016 0.754139 0.750682 0.732942 0.706030 0.669326 0.627514 0.582035 0.536060 0.490851 0.447873 0.407644 0.370602 0.336761 0.306060 0.278288 0.253210 0.230560 0.210077 0.191513 0.174639 0.159247 0.145153 0.132193 0.120224 0.109117 0.098763 0.089062 0.079928 0.071288 0.063059 0.055221 0.047604 0.040417 0.033025 0.026560 0.018698 0.018566 0.021428 0.000592
0.371454 0.551000 0.574307 0.559613 0.639327 0.633165 0.697121 0.711084 0.755017 0.776468 0.801401 0.812281 0.810905 0.789884 0.756479 0.710594 0.659018 0.603797 0.549281 0.496819 0.448115 0.403477 0.363223 0.327125 0.294943 0.266286 0.240777 0.218031 0.197698 0.179460 0.163036 0.148180 0.134678 0.122345 0.111022 0.100571 0.090876 0.081828 0.073348 0.065344 0.057761 0.050530 0.043554 0.036929 0.030166 0.024172 0.016897 0.016907 0.020343 0.002892
0.490198 0.569189 0.581329 0.568330 0.652290 0.651602 0.721224 0.743587 0.795505 0.828586 0.862500 0.883930 0.887711 0.861345 0.818622 0.758931 0.693969 0.625836 0.560744 0.499682 0.444590 0.395294 0.351889 0.313763 0.280425 0.251236 0.225649 0.203142 0.183267 0.165630 0.149899 0.135790 0.123063 0.111514 0.100974 0.091294 0.082358 0.074050 0.066300 0.058994 0.052123 0.045544 0.039292 0.033270 0.027294 0.021984 0.015496 0.015373 0.020429 -0.006773
0.510027 0.573676 0.593064 0.580077 0.664814 0.671257 0.746271 0.779206 0.841822 0.889278 0.937198 0.972927 0.984029 0.951383 0.893512 0.814804 0.731053 0.646081 0.567835 0.496826 0.434912 0.381072 0.334959 0.295375 0.261489 0.232359 0.207239 0.185454 0.166454 0.149776 0.135043 0.121937 0.110197 0.099612 0.090006 0.081227 0.073162 0.065687 0.058749 0.052210 0.046114 0.040240 0.034743 0.029357 0.024085 0.019321 0.013299 0.013523 0.019223 -0.004863
0.517438 0.580684 0.590963 0.587244 0.673477 0.685734 0.766137 0.811398 0.884669 0.955800 1.021119 1.087137 1.117888 1.070739 0.989266 0.878398 0.768178 0.661067 0.567649 0.485968 0.417567 0.359873 0.311922 0.271760 0.237535 0.209803 0.185771 0.165235 0.147551 0.132187 0.118731 0.106863 0.096308 0.086854 0.078321 0.070555 0.063457 0.056892 0.050842 0.045118 0.039869 0.034724 0.030099 0.025319 0.021101 0.016942 0.012055 0.012157 0.018411 0.001272
0.498878 0.574135 0.594329 0.591703 0.677866 0.697725 0.783146 0.841969 0.932356 1.029166 1.128547 1.236039 1.289287 1.228738 1.105957 0.949963 0.802762 0.667257 0.555653 0.462674 0.388432 0.328214 0.279955 0.240691 0.207831 0.182253 0.160225 0.141649 0.125833 0.112241 0.100452 0.090131 0.081011 0.072891 0.065602 0.059001 0.052993 0.047445 0.042366 0.037546 0.033192 0.028858 0.025056 0.021001 0.017440 0.013987 0.009053 0.010141 0.014075 -0.013234
0.510744 0.569011 0.589332 0.588800 0.674008 0.697741 0.784424 0.857969 0.956963 1.098436 1.230195 1.434815 1.564714 1.459077 1.256348 1.022159 0.820178 0.650496 0.522553 0.421677 0.345653 0.286247 0.240316 0.203970 0.175019 0.151477 0.132184 0.116154 0.102700 0.091230 0.081359 0.072808 0.065290 0.058637 0.052681 0.047287 0.042424 0.037916 0.033852 0.029890 0.026527 0.023022 0.020236 0.016740 0.014689 0.012261 0.008022 0.009984 0.014141 0.004155
0.514832 0.558658 0.583052 0.583290 0.665467 0.689374 0.777123 0.856131 0.978770 1.149039 1.346013 1.743432 1.919356 1.770736 1.441524 1.079903 0.808948 0.604027 0.462502 0.357717 0.283557 0.228812 0.188439 0.157466 0.133439 0.114421 0.099129 0.086585 0.076150 0.067382 0.059916 0.053446 0.047789 0.042805 0.038388 0.034434 0.030851 0.027531 0.024549 0.021661 0.019227 0.016658 0.014610 0.012006 0.010416 0.008066 0.004885 0.008174 0.006312 -0.006667
0.509944 0.549136 0.568123 0.568721 0.643594 0.662292 0.736655 0.821978 0.908112 1.149976 1.295978 1.965278 2.571940 2.305790 1.647033 1.053068 0.712452 0.477002 0.345606 0.255157 0.197023 0.155220 0.125712 0.103664 0.087031 0.073952 0.063598 0.055317 0.048545 0.042806 0.037882 0.033784 0.030204 0.027098 0.024246 0.021653 0.019388 0.017216 0.015390 0.013037 0.012058 0.010821 0.009595 0.007244 0.008260 0.005083 0.009497 0.007382 0.011141 0.000400
0.510159 0.517584 0.549934 0.549814 0.616197 0.621958 0.687470 0.741273 0.827922 1.171703 1.377127 2.716459 3.303128 1.843774 1.655344 0.475621 0.308912 0.227990 0.109195 0.072831 0.071537 0.040142 0.031508 0.025718 0.025638 0.017962 0.015396 0.013491 0.012064 0.010851 0.010033 0.009487 0.008899 0.008448 0.007880 0.007561 -0.000307 0.006824 0.006557 0.009806 -0.019178 0.000414 -0.002655 0.005763 -0.010008 -0.002971 0.004993 -0.003265 0.004629 0.006979
0.503548 0.534725 0.525557 0.522363 0.576340 0.565404 0.601372 0.622076 0.622301 0.501353 0.279367 0.421876 3.527893 1.913978 1.729565 0.570332 0.388802 0.268693 0.140078 0.089280 0.078387 0.046237 0.033521 0.025403 0.032420 0.015293 0.011964 0.009170 0.006978 0.005234 0.003859 0.002779 0.001850 0.001137 0.000461 0.002284 0.002073 0.000858 0.001674 0.000044 0.025453 -0.005719 -0.000544 -0.021738 0.000949 -0.000354 -0.000610 -0.000947 -0.001419 0.006655
0.503773 0.525226 0.501647 0.495672 0.540740 0.510926 0.531741 0.513326 0.487193 0.305864 0.203330 0.132299 0.000000 0.000000 0.000000 0.000000 0.000000 0.000000 0.000000 0.000000 0.000000 0.000000 0.000000 0.000000 0.000000 0.000000 0.000000 0.000000 0.000000 0.000000 0.000000 0.000000 0.000000 0.000000 0.000000 0.000000 0.000000 0.000000 0.000000 0.000000 0.000000 0.000000 0.000000 0.000000 0.000000 0.000000 0.000000 0.000000 0.000000 0.000000
0.507209 0.515547 0.477271 0.469432 0.505124 0.459244 0.467098 0.426697 0.388356 0.183925 0.055807 0.028161 0.000000 0.000000 0.000000 0.000000 0.000000 0.000000 0.000000 0.000000 0.000000 0.000000 0.000000 0.000000 0.000000 0.000000 0.000000 0.000000 0.000000 0.000000 0.000000 0.000000 0.000000 0.000000 0.000000 0.000000 0.000000 0.000000 0.000000 0.000000 0.000000 0.000000 0.000000 0.000000 0.000000 0.000000 0.000000 0.000000 0.000000 0.000000
0.507000 0.500456 0.456502 0.446781 0.474344 0.418056 0.415081 0.364709 0.317651 0.161377 0.060142 0.024641 0.000000 0.000000 0.000000 0.000000 0.000000 0.000000 0.000000 0.000000 0.000000 0.000000 0.000000 0.000000 0.000000 0.000000 0.000000 0.000000 0.000000 0.000000 0.000000 0.000000 0.000000 0.000000 0.000000 0.000000 0.000000 0.000000 0.000000 0.000000 0.000000 0.000000 0.000000 0.000000 0.000000 0.000000 0.000000 0.000000 0.000000 0.000000
0.506623 0.492705 0.437417 0.426795 0.447501 0.383486 0.373726 0.316240 0.269213 0.142845 -0.007296 0.002300 0.000000 0.000000 0.000000 0.000000 0.000000 0.000000 0.000000 0.000000 0.000000 0.000000 0.000000 0.000000 0.000000 0.000000 0.000000 0.000000 0.000000 0.000000 0.000000 0.000000 0.000000 0.000000 0.000000 0.000000 0.000000 0.000000 0.000000 0.000000 0.000000 0.000000 0.000000 0.000000 0.000000 0.000000 0.000000 0.000000 0.000000 0.000000
0.505765 0.481492 0.421700 0.410282 0.425291 0.357452 0.341430 0.282638 0.233130 0.152076 -0.013518 0.019393 0.000000 0.000000 0.000000 0.000000 0.000000 0.000000 0.000000 0.000000 0.000000 0.000000 0.000000 0.000000 0.000000 0.000000 0.000000 0.000000 0.000000 0.000000 0.000000 0.000000 0.000000 0.000000 0.000000 0.000000 0.000000 0.000000 0.000000 0.000000 0.000000 0.000000 0.000000 0.000000 0.000000 0.000000 0.000000 0.000000 0.000000 0.000000
0.506852 0.490037 0.408477 0.396601 0.407061 0.335950 0.316614 0.256188 0.207877 0.113524 0.033024 0.014942 0.000000 0.000000 0.000000 0.000000 0.000000 0.000000 0.000000 0.000000 0.000000 0.000000 0.000000 0.000000 0.000000 0.000000 0.000000 0.000000 0.000000 0.000000 0.000000 0.000000 0.000000 0.000000 0.000000 0.000000 0.000000 0.000000 0.000000 0.000000 0.000000 0.000000 0.000000 0.000000 0.000000 0.000000 0.000000 0.000000 0.000000 0.000000
0.429189 0.477815 0.397766 0.386413 0.392631 0.320081 0.297682 0.237899 0.189551 0.120634 -0.012801 0.013979 0.000000 0.000000 0.000000 0.000000 0.000000 0.000000 0.000000 0.000000 0.000000 0.000000 0.000000 0.000000 0.000000 0.000000 0.000000 0.000000 0.000000 0.000000 0.000000 0.000000 0.000000 0.000000 0.000000 0.000000 0.000000 0.000000 0.000000 0.000000 0.000000 0.000000 0.000000 0.000000 0.000000 0.000000 0.000000 0.000000 0.000000 0.000000
0.495471 0.477506 0.388287 0.378483 0.381593 0.307577 0.283635 0.223871 0.176432 0.110928 -0.011718 -0.013825 0.000000 0.000000 0.000000 0.000000 0.000000 0.000000 0.000000 0.000000 0.000000 0.000000 0.000000 0.000000 0.000000 0.000000 0.000000 0.000000 0.000000 0.000000 0.000000 0.000000 0.000000 0.000000 0.000000 0.000000 0.000000 0.000000 0.000000 0.000000 0.000000 0.000000 0.000000 0.000000 0.000000 0.000000 0.000000 0.000000 0.000000 0.000000
0.404193 0.474417 0.381312 0.373298 0.372891 0.299476 0.272334 0.215033 0.167716 0.076911 0.020020 -0.016777 0.000000 0.000000 0.000000 0.000000 0.000000 0.000000 0.000000 0.000000 0.000000 0.000000 0.000000 0.000000 0.000000 0.000000 0.000000 0.000000 0.000000 0.000000 0.000000 0.000000 0.000000 0.000000 0.000000 0.000000 0.000000 0.000000 0.000000 0.000000 0.000000 0.000000 0.000000 0.000000 0.000000 0.000000 0.000000 0.000000 0.000000 0.000000
0.501140 0.473758 0.375646 0.370555 0.366564 0.294562 0.265386 0.206129 0.161333 0.084782 0.027997 0.001620 0.000000 0.000000 0.000000 0.000000 0.000000 0.000000 0.000000 0.000000 0.000000 0.000000 0.000000 0.000000 0.000000 0.000000 0.000000 0.000000 0.000000 0.000000 0.000000 0.000000 0.000000 0.000000 0.000000 0.000000 0.000000 0.000000 0.000000 0.000000 0.000000 0.000000 0.000000 0.000000 0.000000 0.000000 0.000000 0.000000 0.000000 0.000000
0.505191 0.462887 0.371332 0.370125 0.360536 0.290167 0.257392 0.205170 0.155247 0.083326 0.030825 -0.023183 0.000000 0.000000 0.000000 0.000000 0.000000 0.000000 0.000000 0.000000 0.000000 0.000000 0.000000 0.000000 0.000000 0.000000 0.000000 0.000000 0.000000 0.000000 0.000000 0.000000 0.000000 0.000000 0.000000 0.000000 0.000000 0.000000 0.000000 0.000000 0.000000 0.000000 0.000000 0.000000 0.000000 0.000000 0.000000 0.000000 0.000000 0.000000
0.507285 0.462619 0.372726 0.379023 0.356649 0.300919 0.256272 0.198628 0.153352 0.078873 0.031089 0.017262 0.000000 0.000000 0.000000 0.000000 0.000000 0.000000 0.000000 0.000000 0.000000 0.000000 0.000000 0.000000 0.000000 0.000000 0.000000 0.000000 0.000000 0.000000 0.000000 0.000000 0.000000 0.000000 0.000000 0.000000 0.000000 0.000000 0.000000 0.000000 0.000000 0.000000 0.000000 0.000000 0.000000 0.000000 0.000000 0.000000 0.000000 0.000000
0.514363 0.434454 0.376227 0.348794 0.342226 0.277053 0.246131 0.202402 0.146989 0.079578 0.000477 0.012647 0.000000 0.000000 0.000000 0.000000 0.000000 0.000000 0.000000 0.000000 0.000000 0.000000 0.000000 0.000000 0.000000 0.000000 0.000000 0.000000 0.000000 0.000000 0.000000 0.000000 0.000000 0.000000 0.000000 0.000000 0.000000 0.000000 0.000000 0.000000 0.000000 0.000000 0.000000 0.000000 0.000000 0.000000 0.000000 0.000000 0.000000 0.000000
0.409374 0.430220 0.383248 0.354691 0.334031 0.278944 0.241121 0.193582 0.141453 0.057942 0.008049 0.002564 0.000000 0.000000 0.000000 0.000000 0.000000 0.000000 0.000000 0.000000 0.000000 0.000000 0.000000 0.000000 0.000000 0.000000 0.000000 0.000000 0.000000 0.000000 0.000000 0.000000 0.000000 0.000000 0.000000 0.000000 0.000000 0.000000 0.000000 0.000000 0.000000 0.000000 0.000000 0.000000 0.000000 0.000000 0.000000 0.000000 0.000000 0.000000
0.517086 0.465888 0.394284 0.361968 0.304807 0.271945 0.217828 0.174696 0.142743 0.076807 -0.009624 0.003601 0.000000 0.000000 0.000000 0.000000 0.000000 0.000000 0.000000 0.000000 0.000000 0.000000 0.000000 0.000000 0.000000 0.000000 0.000000 0.000000 0.000000 0.000000 0.000000 0.000000 0.000000 0.000000 0.000000 0.000000 0.000000 0.000000 0.000000 0.000000 0.000000 0.000000 0.000000 0.000000 0.000000 0.000000 0.000000 0.000000 0.000000 0.000000
0.426355 0.464206 0.371951 0.317132 0.308333 0.259632 0.234281 0.164159 0.109209 0.099672 0.040072 0.005943 0.000000 0.000000 0.000000 0.000000 0.000000 0.000000 0.000000 0.000000 0.000000 0.000000 0.000000 0.000000 0.000000 0.000000 0.000000 0.000000 0.000000 0.000000 0.000000 0.000000 0.000000 0.000000 0.000000 0.000000 0.000000 0.000000 0.000000 0.000000 0.000000 0.000000 0.000000 0.000000 0.000000 0.000000 0.000000 0.000000 0.000000 0.000000
