-0.124617 -0.122663 -0.111696 -0.130454 -0.127709 -0.128505 -0.135214 -0.116084 -0.129613 -0.137840 -0.117657 -0.124181 -0.130553 -0.153809 -0.158146 -0.137511 -0.160709 -0.152079 -0.155397 -0.175614 -0.187802 -0.188788 -0.207986 -0.210450 -0.225921 -0.219335 -0.235023 -0.250797 -0.238614 -0.256566 -0.270507 -0.307121 -0.300752 -0.341242 -0.361152 -0.374013 -0.407131 -0.404697 -0.452307 -0.458982 -0.487578 -0.574199 -0.622595 -0.676844 -0.743230 -0.766321 -0.794144 -0.974280 -1.173235 -0.346562
-0.129429 -0.130823 -0.115462 -0.135751 -0.125442 -0.126262 -0.127956 -0.127972 -0.134013 -0.133967 -0.139271 -0.142455 -0.142373 -0.145845 -0.149184 -0.165167 -0.169943 -0.175426 -0.170310 -0.176110 -0.181895 -0.189621 -0.196595 -0.205219 -0.221610 -0.222172 -0.231547 -0.265592 -0.254538 -0.267661 -0.281427 -0.295962 -0.310262 -0.328095 -0.346562 -0.365543 -0.390373 -0.386428 -0.438040 -0.468082 -0.467883 -0.532837 -0.623445 -0.670395 -0.732945 -0.786808 -0.793013 -0.925478 -0.952626 -0.347722
-0.119952 -0.130326 -0.127535 -0.126098 -0.129064 -0.129744 -0.131723 -0.133233 -0.135535 -0.137833 -0.140650 -0.143660 -0.147092 -0.150781 -0.154906 -0.159323 -0.164221 -0.169431 -0.175099 -0.181293 -0.187895 -0.194966 -0.203226 -0.210826 -0.217852 -0.229055 -0.239070 -0.250073 -0.261654 -0.274326 -0.287654 -0.302202 -0.317539 -0.334531 -0.352386 -0.372072 -0.392840 -0.415728 -0.440728 -0.467675 -0.497649 -0.529581 -0.566631 -0.603320 -0.650683 -0.688198 -0.683074 -0.746846 -0.820250 -0.251567
-0.120014 -0.131495 -0.124145 -0.122666 -0.121765 -0.124581 -0.123991 -0.127648 -0.127548 -0.131664 -0.132370 -0.136757 -0.139902 -0.141953 -0.148197 -0.150011 -0.157014 -0.159547 -0.167897 -0.170792 -0.179581 -0.183764 -0.200644 -0.199053 -0.217035 -0.216089 -0.229665 -0.235915 -0.251278 -0.259016 -0.276069 -0.285131 -0.305300 -0.316011 -0.338804 -0.352381 -0.376983 -0.398230 -0.418719 -0.446663 -0.479266 -0.504932 -0.545076 -0.575532 -0.626437 -0.661980 -0.724339 -0.705476 -0.806848 -0.011654
-0.120270 -0.130569 -0.127344 -0.125124 -0.130283 -0.127204 -0.132143 -0.130803 -0.133700 -0.136192 -0.138026 -0.140978 -0.144918 -0.147326 -0.153223 -0.155651 -0.162578 -0.165440 -0.173554 -0.177575 -0.185869 -0.190528 -0.197414 -0.206229 -0.214555 -0.223634 -0.237339 -0.244100 -0.259556 -0.267789 -0.284939 -0.294402 -0.314091 -0.325936 -0.347466 -0.365245 -0.381080 -0.409296 -0.424738 -0.458397 -0.475229 -0.514199 -0.532462 -0.577905 -0.600489 -0.644888 -0.678381 -0.698566 -0.689113 -0.222961
-0.121506 -0.132547 -0.124382 -0.123078 -0.121834 -0.125021 -0.124391 -0.128047 -0.129004 -0.132137 -0.134207 -0.137309 -0.140383 -0.143750 -0.147939 -0.151849 -0.156673 -0.161461 -0.167052 -0.172734 -0.179031 -0.185644 -0.194704 -0.200640 -0.210812 -0.217852 -0.226344 -0.237566 -0.247304 -0.260079 -0.271427 -0.285619 -0.298895 -0.315001 -0.330426 -0.348856 -0.367316 -0.384974 -0.407678 -0.427412 -0.454694 -0.476585 -0.506263 -0.532351 -0.562794 -0.591374 -0.621113 -0.633273 -0.626296 -0.152648
-0.113645 -0.128528 -0.123478 -0.122855 -0.123545 -0.124816 -0.125576 -0.127922 -0.129433 -0.132148 -0.134412 -0.137372 -0.140520 -0.143887 -0.147946 -0.151872 -0.156629 -0.161335 -0.166875 -0.172408 -0.178741 -0.185155 -0.190495 -0.200135 -0.207864 -0.217235 -0.225757 -0.236646 -0.246488 -0.258791 -0.270256 -0.283947 -0.297120 -0.312582 -0.327608 -0.345545 -0.362647 -0.382682 -0.399011 -0.423718 -0.438876 -0.468681 -0.483841 -0.516930 -0.534305 -0.563594 -0.584967 -0.588283 -0.576461 -0.152120
-0.096417 -0.127724 -0.121054 -0.120747 -0.121444 -0.122633 -0.123755 -0.125635 -0.127323 -0.129730 -0.132109 -0.134928 -0.137997 -0.141348 -0.145155 -0.149123 -0.153619 -0.158315 -0.163561 -0.169041 -0.175102 -0.181431 -0.190084 -0.195654 -0.204653 -0.211882 -0.220843 -0.230373 -0.240601 -0.251395 -0.262992 -0.275199 -0.288253 -0.302018 -0.316701 -0.332003 -0.348584 -0.365338 -0.383515 -0.400932 -0.421282 -0.439378 -0.460415 -0.480518 -0.500271 -0.520606 -0.540840 -0.542532 -0.539791 -0.120479
-0.103346 -0.125436 -0.119307 -0.119119 -0.120189 -0.121108 -0.122470 -0.124096 -0.125920 -0.128114 -0.130495 -0.133217 -0.136213 -0.139502 -0.143159 -0.147068 -0.151398 -0.156005 -0.161062 -0.166425 -0.172265 -0.178455 -0.185977 -0.192299 -0.200485 -0.208119 -0.216709 -0.226063 -0.235790 -0.246346 -0.257333 -0.269170 -0.281501 -0.294753 -0.308505 -0.323275 -0.338329 -0.354626 -0.369830 -0.388378 -0.402176 -0.423928 -0.436944 -0.459613 -0.474891 -0.489962 -0.503387 -0.504395 -0.535523 -0.122554
-0.107656 -0.122997 -0.116806 -0.116713 -0.117658 -0.118606 -0.119948 -0.121494 -0.123294 -0.125389 -0.127717 -0.130338 -0.133233 -0.136416 -0.139921 -0.143711 -0.147859 -0.152316 -0.157160 -0.162341 -0.167940 -0.173909 -0.181095 -0.187177 -0.194928 -0.202297 -0.210586 -0.219412 -0.228760 -0.238682 -0.249156 -0.260239 -0.271887 -0.284175 -0.297020 -0.310509 -0.324487 -0.339126 -0.353853 -0.368942 -0.384098 -0.398500 -0.413543 -0.429259 -0.445660 -0.456894 -0.469491 -0.469507 -0.452222 -0.242409
-0.105065 -0.120059 -0.114390 -0.114312 -0.115268 -0.116191 -0.117524 -0.119001 -0.120768 -0.122769 -0.125027 -0.127549 -0.130339 -0.133405 -0.136769 -0.140421 -0.144398 -0.148688 -0.153330 -0.158311 -0.163675 -0.169412 -0.176025 -0.182134 -0.189444 -0.196616 -0.204540 -0.212969 -0.221872 -0.231307 -0.241237 -0.251713 -0.262691 -0.274221 -0.286223 -0.298763 -0.311661 -0.325073 -0.338524 -0.352600 -0.364719 -0.380448 -0.391918 -0.406359 -0.418534 -0.429065 -0.438162 -0.437588 -0.415525 -0.007501
-0.105039 -0.116987 -0.111561 -0.111497 -0.112381 -0.113305 -0.114578 -0.116008 -0.117710 -0.119631 -0.121801 -0.124216 -0.126887 -0.129821 -0.133031 -0.136521 -0.140311 -0.144405 -0.148826 -0.153579 -0.158687 -0.164157 -0.170392 -0.176269 -0.182939 -0.190035 -0.197565 -0.205547 -0.213978 -0.222876 -0.232230 -0.242053 -0.252323 -0.263043 -0.274166 -0.285693 -0.297524 -0.309701 -0.321906 -0.334522 -0.346274 -0.357559 -0.369086 -0.380696 -0.392487 -0.400320 -0.407885 -0.408783 -0.388125 -0.132494
-0.106213 -0.103690 -0.108589 -0.108519 -0.109380 -0.110286 -0.111509 -0.112888 -0.114520 -0.116358 -0.118432 -0.120736 -0.123281 -0.126072 -0.129122 -0.132437 -0.136034 -0.139920 -0.144112 -0.148622 -0.153466 -0.158656 -0.164398 -0.170143 -0.176466 -0.183189 -0.190318 -0.197864 -0.205824 -0.214206 -0.222999 -0.232201 -0.241794 -0.251765 -0.262073 -0.272699 -0.283556 -0.294643 -0.305750 -0.317002 -0.327296 -0.338670 -0.347995 -0.357441 -0.366811 -0.374048 -0.380607 -0.381566 -0.360793 -0.107167
-0.090603 -0.101979 -0.105365 -0.105322 -0.106102 -0.106990 -0.108151 -0.109476 -0.111032 -0.112784 -0.114755 -0.116940 -0.119349 -0.121987 -0.124866 -0.127992 -0.131381 -0.135041 -0.138989 -0.143237 -0.147801 -0.152693 -0.158097 -0.163523 -0.169483 -0.175819 -0.182534 -0.189634 -0.197115 -0.204976 -0.213206 -0.221794 -0.230718 -0.239956 -0.249470 -0.259226 -0.269151 -0.279218 -0.289256 -0.299372 -0.308949 -0.317948 -0.327531 -0.334915 -0.343316 -0.348970 -0.353234 -0.355525 -0.343799 -0.144750
-0.094603 -0.106486 -0.101955 -0.101922 -0.102643 -0.103509 -0.104612 -0.105880 -0.107358 -0.109020 -0.110884 -0.112944 -0.115210 -0.117687 -0.120384 -0.123310 -0.126479 -0.129901 -0.133592 -0.137565 -0.141835 -0.146416 -0.151462 -0.156567 -0.162158 -0.168103 -0.174404 -0.181062 -0.188071 -0.195424 -0.203108 -0.211105 -0.219393 -0.227941 -0.236711 -0.245665 -0.254734 -0.263878 -0.272965 -0.282011 -0.290382 -0.299098 -0.307062 -0.313411 -0.320873 -0.325197 -0.329236 -0.330457 -0.347665 -0.070808
-0.096964 -0.102628 -0.098294 -0.098253 -0.098966 -0.099806 -0.100860 -0.102069 -0.103470 -0.105040 -0.106793 -0.108723 -0.110839 -0.113145 -0.115651 -0.118365 -0.121301 -0.124471 -0.127890 -0.131573 -0.135535 -0.139791 -0.144481 -0.149240 -0.154455 -0.160004 -0.165889 -0.172108 -0.178652 -0.185509 -0.192662 -0.200091 -0.207767 -0.215660 -0.223728 -0.231929 -0.240201 -0.248497 -0.256700 -0.264809 -0.272503 -0.279590 -0.287265 -0.292505 -0.299017 -0.302622 -0.305537 -0.307157 -0.327782 -0.064951
-0.095533 -0.093246 -0.094514 -0.094452 -0.095141 -0.095934 -0.096937 -0.098085 -0.099409 -0.100884 -0.102610 -0.104402 -0.106371 -0.108508 -0.110832 -0.113336 -0.116042 -0.118945 -0.122078 -0.125442 -0.129074 -0.132994 -0.137191 -0.141707 -0.146422 -0.151576 -0.157048 -0.162836 -0.168927 -0.175305 -0.181950 -0.188838 -0.195937 -0.203214 -0.210628 -0.218135 -0.225676 -0.233203 -0.240615 -0.247888 -0.254450 -0.261171 -0.267403 -0.272099 -0.276527 -0.280263 -0.283325 -0.286535 -0.298384 -0.151236
-0.112949 -0.094269 -0.090492 -0.090428 -0.091107 -0.091875 -0.092837 -0.093931 -0.095182 -0.096565 -0.098089 -0.099747 -0.101546 -0.103486 -0.105579 -0.107833 -0.110263 -0.112884 -0.115713 -0.118768 -0.122069 -0.125634 -0.129478 -0.133620 -0.138066 -0.142823 -0.147888 -0.153256 -0.158908 -0.164828 -0.170990 -0.177366 -0.183922 -0.190623 -0.197428 -0.204293 -0.211162 -0.217991 -0.224697 -0.231239 -0.237539 -0.242873 -0.249873 -0.252690 -0.256938 -0.260443 -0.263483 -0.263003 -0.282448 -0.000604
-0.072804 -0.090153 -0.086316 -0.086296 -0.086911 -0.087666 -0.088588 -0.089631 -0.090813 -0.092106 -0.093517 -0.095035 -0.096666 -0.098412 -0.100282 -0.102288 -0.104442 -0.106764 -0.109272 -0.111987 -0.114931 -0.118126 -0.121591 -0.125347 -0.129401 -0.133765 -0.138429 -0.143391 -0.148624 -0.154111 -0.159817 -0.165713 -0.171763 -0.177930 -0.184170 -0.190444 -0.196698 -0.202893 -0.208949 -0.214825 -0.219911 -0.225552 -0.230061 -0.234514 -0.238341 -0.241481 -0.243309 -0.241283 -0.263228 -0.088850
-0.100984 -0.085116 -0.081990 -0.081979 -0.082568 -0.083306 -0.084201 -0.085200 -0.086323 -0.087530 -0.088832 -0.090208 -0.091668 -0.093211 -0.094848 -0.096589 -0.098452 -0.100456 -0.102622 -0.104975 -0.107540 -0.110347 -0.113416 -0.116775 -0.120431 -0.124404 -0.128677 -0.133252 -0.138089 -0.143171 -0.148453 -0.153906 -0.159487 -0.165159 -0.170879 -0.176609 -0.182297 -0.187911 -0.193363 -0.198711 -0.203452 -0.207668 -0.212414 -0.215586 -0.218462 -0.221708 -0.224343 -0.223104 -0.241209 -0.095565
-0.067702 -0.080381 -0.077469 -0.077440 -0.078065 -0.078798 -0.079687 -0.080657 -0.081737 -0.082865 -0.084063 -0.085297 -0.086583 -0.087914 -0.089306 -0.090768 -0.092320 -0.093984 -0.095784 -0.097750 -0.099911 -0.102306 -0.104957 -0.107906 -0.111156 -0.114743 -0.118635 -0.122848 -0.127314 -0.132027 -0.136920 -0.141967 -0.147118 -0.152336 -0.157579 -0.162808 -0.167980 -0.173060 -0.177993 -0.182764 -0.187270 -0.191100 -0.196307 -0.198111 -0.201698 -0.203211 -0.205746 -0.202482 -0.221958 -0.001356
-0.067408 -0.075369 -0.072820 -0.072787 -0.073434 -0.074172 -0.075073 -0.076027 -0.077081 -0.078142 -0.079245 -0.080337 -0.081446 -0.082556 -0.083689 -0.084854 -0.086074 -0.087372 -0.088777 -0.090326 -0.092051 -0.094004 -0.096207 -0.098728 -0.101560 -0.104767 -0.108294 -0.112177 -0.116310 -0.120694 -0.125241 -0.129924 -0.134686 -0.139489 -0.144294 -0.149064 -0.153760 -0.158345 -0.162777 -0.167017 -0.170984 -0.174255 -0.178156 -0.180509 -0.183199 -0.184664 -0.186717 -0.185612 -0.205786 -0.018475
-0.062415 -0.070224 -0.067988 -0.067958 -0.068652 -0.069418 -0.070361 -0.071325 -0.072387 -0.073396 -0.074419 -0.075370 -0.076299 -0.077177 -0.078037 -0.078884 -0.079747 -0.080651 -0.081628 -0.082724 -0.083971 -0.085444 -0.087162 -0.089229 -0.091621 -0.094456 -0.097628 -0.101234 -0.105067 -0.109180 -0.113422 -0.117788 -0.122201 -0.126630 -0.131035 -0.135382 -0.139642 -0.143777 -0.147772 -0.151562 -0.155249 -0.157967 -0.162804 -0.163448 -0.166106 -0.166902 -0.169077 -0.167852 -0.189878 -0.089290
-0.063145 -0.064676 -0.062996 -0.062979 -0.063736 -0.064551 -0.065579 -0.066578 -0.067685 -0.068660 -0.069621 -0.070434 -0.071181 -0.071816 -0.072387 -0.072895 -0.073374 -0.073851 -0.074359 -0.074957 -0.075675 -0.076620 -0.077800 -0.079379 -0.081306 -0.083776 -0.086630 -0.090003 -0.093616 -0.097509 -0.101516 -0.105608 -0.109719 -0.113809 -0.117850 -0.121807 -0.125662 -0.129376 -0.132953 -0.136304 -0.139730 -0.141843 -0.144246 -0.145848 -0.148317 -0.147815 -0.152165 -0.154281 -0.145332 -0.047096
-0.052773 -0.058790 -0.057821 -0.057814 -0.058667 -0.059563 -0.060726 -0.061812 -0.063046 -0.064012 -0.064936 -0.065605 -0.066162 -0.066536 -0.066797 -0.066940 -0.067003 -0.067016 -0.067008 -0.067053 -0.067174 -0.067522 -0.068080 -0.069110 -0.070505 -0.072623 -0.075150 -0.078467 -0.081874 -0.085681 -0.089480 -0.093373 -0.097216 -0.101007 -0.104713 -0.108308 -0.111785 -0.115105 -0.118289 -0.121192 -0.124235 -0.126127 -0.128595 -0.130299 -0.132951 -0.133982 -0.138239 -0.132830 -0.128559 -0.031361
-0.047662 -0.053051 -0.052430 -0.052444 -0.053435 -0.054435 -0.055809 -0.057033 -0.058446 -0.059454 -0.060366 -0.060900 -0.061266 -0.061367 -0.061302 -0.061057 -0.060674 -0.060184 -0.059608 -0.059042 -0.058486 -0.058169 -0.058012 -0.058438 -0.059246 -0.061002 -0.063324 -0.066578 -0.070028 -0.073741 -0.077499 -0.081196 -0.084835 -0.088339 -0.091735 -0.094981 -0.098098 -0.101043 -0.103853 -0.106426 -0.109880 -0.111228 -0.114042 -0.115286 -0.116914 -0.118172 -0.118469 -0.115446 -0.146356 -0.038126
-0.041002 -0.046470 -0.046820 -0.046821 -0.048002 -0.049170 -0.050872 -0.052322 -0.054196 -0.055235 -0.056154 -0.056502 -0.056639 -0.056422 -0.055994 -0.055328 -0.054462 -0.053423 -0.052218 -0.050957 -0.049610 -0.048479 -0.047418 -0.047045 -0.047051 -0.048444 -0.050443 -0.054417 -0.057720 -0.061749 -0.065356 -0.069018 -0.072436 -0.075702 -0.078799 -0.081715 -0.084484 -0.087077 -0.089528 -0.091577 -0.093483 -0.095451 -0.097147 -0.097926 -0.098929 -0.100126 -0.102438 -0.099725 -0.130424 -0.022775
-0.034902 -0.039658 -0.040884 -0.040930 -0.042339 -0.043684 -0.045687 -0.047622 -0.049848 -0.051161 -0.052113 -0.052304 -0.052209 -0.051675 -0.050875 -0.049777 -0.048409 -0.046792 -0.044906 -0.042889 -0.040638 -0.038663 -0.036526 -0.035315 -0.034368 -0.035318 -0.037471 -0.041577 -0.045706 -0.049663 -0.053654 -0.057087 -0.060418 -0.063379 -0.066182 -0.068740 -0.071150 -0.073374 -0.075438 -0.077211 -0.079003 -0.080118 -0.081029 -0.081688 -0.082315 -0.083339 -0.083439 -0.085006 -0.118342 -0.014495
-0.028778 -0.032498 -0.034676 -0.034678 -0.036296 -0.037965 -0.040716 -0.043036 -0.046884 -0.048037 -0.048944 -0.048767 -0.048289 -0.047335 -0.046098 -0.044535 -0.042633 -0.040401 -0.037774 -0.034884 -0.031575 -0.028351 -0.024762 -0.022012 -0.019618 -0.019797 -0.021363 -0.029206 -0.033068 -0.038040 -0.041656 -0.045263 -0.048271 -0.051013 -0.053498 -0.055707 -0.057750 -0.059636 -0.061365 -0.062735 -0.063799 -0.065421 -0.065576 -0.065806 -0.064526 -0.066654 -0.064779 -0.067360 -0.078911 -0.022695
-0.022183 -0.024526 -0.027885 -0.028128 -0.029726 -0.031852 -0.034950 -0.038544 -0.042983 -0.045142 -0.045873 -0.045409 -0.044570 -0.043216 -0.041566 -0.039576 -0.037170 -0.034333 -0.030943 -0.027109 -0.022545 -0.018486 -0.013045 -0.009101 -0.004237 -0.003579 -0.006998 -0.014747 -0.021463 -0.026156 -0.031042 -0.034102 -0.037121 -0.039440 -0.041533 -0.043305 -0.044983 -0.046507 -0.047868 -0.049083 -0.049422 -0.050556 -0.050700 -0.052338 -0.049340 -0.053769 -0.036798 -0.048087 -0.042805 -0.010569
-0.016323 -0.017352 -0.020787 -0.020856 -0.022521 -0.025126 -0.029111 -0.034952 -0.043992 -0.043919 -0.044538 -0.043048 -0.041529 -0.039640 -0.037499 -0.035096 -0.032202 -0.028790 -0.024663 -0.019875 -0.014071 -0.007776 -0.000315 0.006106 0.014913 0.017665 0.014344 -0.001983 -0.008593 -0.015893 -0.019637 -0.022986 -0.025209 -0.027185 -0.029014 -0.030293 -0.031444 -0.032605 -0.033652 -0.034611 -0.035253 -0.036294 -0.035788 -0.037656 -0.032750 -0.039754 -0.010221 -0.019647 -0.029284 -0.007246
-0.020938 -0.009664 -0.012472 -0.014154 -0.014787 -0.017792 -0.021684 -0.029335 -0.042730 -0.044974 -0.042570 -0.040790 -0.038317 -0.036141 -0.033618 -0.030960 -0.027735 -0.023855 -0.019104 -0.013361 -0.006498 0.001037 0.011177 0.020862 0.037968 0.042261 0.034472 0.012352 -0.000557 -0.006306 -0.011390 -0.014270 -0.016329 -0.017996 -0.018782 -0.019372 -0.020430 -0.021327 -0.021852 -0.022364 -0.021918 -0.023649 -0.020723 -0.027107 -0.015451 -0.043032 0.006604 -0.013720 -0.010271 -0.004041
-0.001433 -0.001421 -0.000770 -0.003101 -0.000985 -0.003348 -0.000949 -0.017122 -0.054583 -0.050383 -0.043792 -0.039519 -0.035802 -0.032915 -0.030202 -0.027470 -0.024028 -0.019853 -0.014485 -0.007984 0.000075 0.009744 0.022854 0.037740 0.062781 0.127682 0.033714 -0.002321 -0.010876 -0.018835 -0.012929 -0.023409 -0.013822 -0.024934 -0.021097 -0.014777 -0.018572 -0.016249 -0.016795 -0.011290 -0.017372 -0.022705 -0.002268 -0.030262 0.006785 -0.006277 -0.006402 -0.007210 -0.015919 -0.015519
-0.001799 -0.000131 -0.001637 0.001246 0.000049 -0.007070 0.001276 -0.072110 -0.070152 -0.052285 -0.041946 -0.036641 -0.032371 -0.029587 -0.026722 -0.024230 -0.021003 -0.016724 -0.011115 -0.004207 0.004272 0.015329 0.028200 0.047736 0.071040 0.110306 0.164293 0.023072 -0.011394 0.002224 0.016157 -0.011511 0.008296 -0.011933 -0.009984 -0.001900 -0.000346 0.003260 -0.018406 -0.013823 -0.002479 -0.008856 -0.002237 -0.009135 -0.004611 -0.006584 0.000104 -0.002593 -0.001732 -0.011048
0.000000 0.000000 0.000000 0.000000 0.000000 0.000000 0.000000 -0.051184 -0.041749 -0.041601 -0.035229 -0.030921 -0.027580 -0.025203 -0.023607 -0.022163 -0.019240 -0.015286 -0.009244 -0.002447 0.006160 0.016376 0.028312 0.045162 0.061180 0.088168 0.132490 0.000000 0.000000 0.000000 0.000000 0.000000 0.000000 0.000000 0.000000 0.000000 0.000000 0.000000 0.000000 0.000000 0.000000 0.000000 0.000000 0.000000 0.000000 0.000000 0.000000 0.000000 0.000000 0.000000
0.000000 0.000000 0.000000 0.000000 0.000000 0.000000 0.000000 -0.034605 -0.049238 -0.029688 -0.026763 -0.023768 -0.021907 -0.020562 -0.019377 -0.019322 -0.018124 -0.014395 -0.008450 -0.001698 0.006292 0.015996 0.026214 0.039736 0.050312 0.063097 0.066808 0.000000 0.000000 0.000000 0.000000 0.000000 0.000000 0.000000 0.000000 0.000000 0.000000 0.000000 0.000000 0.000000 0.000000 0.000000 0.000000 0.000000 0.000000 0.000000 0.000000 0.000000 0.000000 0.000000
0.000000 0.000000 0.000000 0.000000 0.000000 0.000000 0.000000 -0.021294 -0.020871 -0.021324 -0.019345 -0.017645 -0.016335 -0.016156 -0.018104 -0.020966 -0.020164 -0.016989 -0.008696 -0.002696 0.005394 0.013572 0.022187 0.032826 0.040130 0.056629 0.052402 0.000000 0.000000 0.000000 0.000000 0.000000 0.000000 0.000000 0.000000 0.000000 0.000000 0.000000 0.000000 0.000000 0.000000 0.000000 0.000000 0.000000 0.000000 0.000000 0.000000 0.000000 0.000000 0.000000
0.000000 0.000000 0.000000 0.000000 0.000000 0.000000 0.000000 -0.007748 -0.015092 -0.009825 -0.007758 -0.005797 -0.012133 -0.014315 -0.017757 -0.025071 -0.026611 -0.019285 -0.010656 -0.004263 0.003305 0.011111 0.018191 0.026323 0.031378 0.042262 0.045765 0.000000 0.000000 0.000000 0.000000 0.000000 0.000000 0.000000 0.000000 0.000000 0.000000 0.000000 0.000000 0.000000 0.000000 0.000000 0.000000 0.000000 0.000000 0.000000 0.000000 0.000000 0.000000 0.000000
0.000000 0.000000 0.000000 0.000000 0.000000 0.000000 0.000000 -0.001497 -0.002284 -0.002760 -0.001669 0.003149 0.007846 -0.008002 -0.004204 -0.006022 -0.028484 -0.020917 -0.013223 -0.005402 0.001449 0.008322 0.014474 0.020767 0.024740 0.030836 0.027361 0.000000 0.000000 0.000000 0.000000 0.000000 0.000000 0.000000 0.000000 0.000000 0.000000 0.000000 0.000000 0.000000 0.000000 0.000000 0.000000 0.000000 0.000000 0.000000 0.000000 0.000000 0.000000 0.000000
0.000000 0.000000 0.000000 0.000000 0.000000 0.000000 0.000000 0.000000 0.000000 0.000000 0.000000 0.000000 0.000000 0.000000 0.000000 -0.043641 -0.034748 -0.019495 -0.012435 -0.005534 0.000246 0.006064 0.011020 0.016072 0.018960 0.024671 0.025887 0.000000 0.000000 0.000000 0.000000 0.000000 0.000000 0.000000 0.000000 0.000000 0.000000 0.000000 0.000000 0.000000 0.000000 0.000000 0.000000 0.000000 0.000000 0.000000 0.000000 0.000000 0.000000 0.000000
0.000000 0.000000 0.000000 0.000000 0.000000 0.000000 0.000000 0.000000 0.000000 0.000000 0.000000 0.000000 0.000000 0.000000 0.000000 -0.025089 -0.026970 -0.015690 -0.011046 -0.005203 -0.000368 0.004420 0.008495 0.012388 0.014705 0.018895 0.022339 0.000000 0.000000 0.000000 0.000000 0.000000 0.000000 0.000000 0.000000 0.000000 0.000000 0.000000 0.000000 0.000000 0.000000 0.000000 0.000000 0.000000 0.000000 0.000000 0.000000 0.000000 0.000000 0.000000
0.000000 0.000000 0.000000 0.000000 0.000000 0.000000 0.000000 0.000000 0.000000 0.000000 0.000000 0.000000 0.000000 0.000000 0.000000 -0.020078 -0.019048 -0.012110 -0.008723 -0.004383 -0.000695 0.003121 0.006323 0.009409 0.011194 0.014439 0.015094 0.000000 0.000000 0.000000 0.000000 0.000000 0.000000 0.000000 0.000000 0.000000 0.000000 0.000000 0.000000 0.000000 0.000000 0.000000 0.000000 0.000000 0.000000 0.000000 0.000000 0.000000 0.000000 0.000000
0.000000 0.000000 0.000000 0.000000 0.000000 0.000000 0.000000 0.000000 0.000000 0.000000 0.000000 0.000000 0.000000 0.000000 0.000000 -0.009471 -0.011851 -0.009066 -0.006841 -0.003586 -0.000645 0.002253 0.004780 0.007131 0.008532 0.010988 0.011509 0.000000 0.000000 0.000000 0.000000 0.000000 0.000000 0.000000 0.000000 0.000000 0.000000 0.000000 0.000000 0.000000 0.000000 0.000000 0.000000 0.000000 0.000000 0.000000 0.000000 0.000000 0.000000 0.000000
0.000000 0.000000 0.000000 0.000000 0.000000 0.000000 0.000000 0.000000 0.000000 0.000000 0.000000 0.000000 0.000000 0.000000 0.000000 -0.008599 -0.009603 -0.006780 -0.005223 -0.002838 -0.000708 0.001574 0.003515 0.005334 0.006409 0.008301 0.008673 0.000000 0.000000 0.000000 0.000000 0.000000 0.000000 0.000000 0.000000 0.000000 0.000000 0.000000 0.000000 0.000000 0.000000 0.000000 0.000000 0.000000 0.000000 0.000000 0.000000 0.000000 0.000000 0.000000
0.000000 0.000000 0.000000 0.000000 0.000000 0.000000 0.000000 0.000000 0.000000 0.000000 0.000000 0.000000 0.000000 0.000000 0.000000 -0.007943 -0.007349 -0.004949 -0.003872 -0.002151 -0.000528 0.001130 0.002593 0.003934 0.004753 0.006199 0.006505 0.000000 0.000000 0.000000 0.000000 0.000000 0.000000 0.000000 0.000000 0.000000 0.000000 0.000000 0.000000 0.000000 0.000000 0.000000 0.000000 0.000000 0.000000 0.000000 0.000000 0.000000 0.000000 0.000000
0.000000 0.000000 0.000000 0.000000 0.000000 0.000000 0.000000 0.000000 0.000000 0.000000 0.000000 0.000000 0.000000 0.000000 0.000000 -0.005240 -0.004616 -0.003613 -0.002856 -0.001631 -0.000479 0.000773 0.001854 0.002856 0.003471 0.004538 0.004749 0.000000 0.000000 0.000000 0.000000 0.000000 0.000000 0.000000 0.000000 0.000000 0.000000 0.000000 0.000000 0.000000 0.000000 0.000000 0.000000 0.000000 0.000000 0.000000 0.000000 0.000000 0.000000 0.000000
0.000000 0.000000 0.000000 0.000000 0.000000 0.000000 0.000000 0.000000 0.000000 0.000000 0.000000 0.000000 0.000000 0.000000 0.000000 -0.003076 -0.003225 -0.002460 -0.001921 -0.001115 -0.000327 0.000524 0.001258 0.001940 0.002382 0.003200 0.003394 0.000000 0.000000 0.000000 0.000000 0.000000 0.000000 0.000000 0.000000 0.000000 0.000000 0.000000 0.000000 0.000000 0.000000 0.000000 0.000000 0.000000 0.000000 0.000000 0.000000 0.000000 0.000000 0.000000
0.000000 0.000000 0.000000 0.000000 0.000000 0.000000 0.000000 0.000000 0.000000 0.000000 0.000000 0.000000 0.000000 0.000000 0.000000 -0.001806 -0.002106 -0.002466 -0.001835 -0.001082 -0.000311 0.000487 0.001212 0.001858 0.002384 0.002086 0.002174 0.000000 0.000000 0.000000 0.000000 0.000000 0.000000 0.000000 0.000000 0.000000 0.000000 0.000000 0.000000 0.000000 0.000000 0.000000 0.000000 0.000000 0.000000 0.000000 0.000000 0.000000 0.000000 0.000000
0.000000 0.000000 0.000000 0.000000 0.000000 0.000000 0.000000 0.000000 0.000000 0.000000 0.000000 0.000000 0.000000 0.000000 0.000000 -0.001108 -0.001603 -0.001159 -0.001016 -0.000681 -0.000360 0.000042 0.000274 0.000555 0.001116 0.001235 0.001540 0.000000 0.000000 0.000000 0.000000 0.000000 0.000000 0.000000 0.000000 0.000000 0.000000 0.000000 0.000000 0.000000 0.000000 0.000000 0.000000 0.000000 0.000000 0.000000 0.000000 0.000000 0.000000 0.000000
0.000000 0.000000 0.000000 0.000000 0.000000 0.000000 0.000000 0.000000 0.000000 0.000000 0.000000 0.000000 0.000000 0.000000 0.000000 -0.000085 0.000019 -0.000163 -0.000228 0.000628 0.000054 0.000043 0.000085 0.000164 0.000213 0.000167 0.000639 0.000000 0.000000 0.000000 0.000000 0.000000 0.000000 0.000000 0.000000 0.000000 0.000000 0.000000 0.000000 0.000000 0.000000 0.000000 0.000000 0.000000 0.000000 0.000000 0.000000 0.000000 0.000000 0.000000
