0.002777 0.001113 0.006721 0.000386 -0.001396 0.001312 -0.000227 -0.007761 0.001163 -0.013534 -0.003068 0.000952 0.002076 -0.001760 -0.001415 -0.010043 -0.002595 0.001792 0.003363 -0.006369 0.001631 -0.000944 -0.002640 -0.000541 -0.003490 -0.007905 -0.006817 -0.004060 -0.002564 0.000100 0.000060 0.000813 -0.005092 -0.006867 -0.007099 -0.005105 -0.013308 -0.008455 -0.016102 -0.010463 -0.022790 -0.024031 -0.028884 -0.036723 -0.045588 -0.043307 -0.058000 -0.109157 -0.193144 -0.498645
0.009895 -0.007138 0.003419 0.000048 -0.009372 -0.010244 -0.012089 0.005728 -0.012301 0.004749 -0.013275 -0.012792 0.003620 0.003653 0.003497 -0.008342 -0.008860 -0.009652 0.002284 0.001988 0.001053 0.001128 0.000750 0.000284 -0.014520 -0.000749 -0.001697 -0.019424 -0.002469 -0.003417 -0.004968 -0.005488 -0.006665 -0.008263 -0.010256 -0.011651 -0.051590 -0.013557 -0.062008 -0.068148 -0.025153 -0.082418 -0.066346 -0.087178 -0.101785 -0.138554 -0.162198 -0.240294 -0.348493 -0.514538
-0.012031 0.007125 -0.003805 -0.003476 -0.002473 -0.004701 -0.004948 -0.006099 -0.006844 -0.007807 -0.008674 -0.009653 -0.010580 -0.011669 -0.012733 -0.013863 -0.015093 -0.016378 -0.017714 -0.019181 -0.020639 -0.022216 -0.021171 -0.025821 -0.024967 -0.029759 -0.031903 -0.034272 -0.036879 -0.039889 -0.042970 -0.046387 -0.050153 -0.054470 -0.059211 -0.064351 -0.070442 -0.077960 -0.085904 -0.096594 -0.107372 -0.125646 -0.137602 -0.173101 -0.183712 -0.246111 -0.237917 -0.270158 -0.419893 -0.466153
0.006614 -0.008693 -0.004312 -0.001558 -0.002947 -0.004859 -0.005183 -0.006346 -0.006938 -0.008006 -0.008743 -0.010012 -0.010315 -0.011762 -0.012949 -0.014007 -0.015384 -0.016492 -0.018485 -0.019283 -0.020798 -0.022349 -0.029988 -0.025967 -0.035164 -0.029844 -0.032592 -0.034482 -0.038228 -0.040049 -0.043806 -0.046433 -0.051946 -0.054585 -0.060914 -0.064603 -0.072338 -0.078898 -0.085777 -0.097298 -0.107497 -0.123593 -0.136998 -0.164746 -0.181776 -0.235987 -0.258914 -0.293218 -0.434748 -0.498356
-0.004375 -0.008555 -0.004722 -0.003520 -0.005070 -0.005963 -0.007201 -0.008321 -0.009372 -0.010732 -0.011734 -0.012990 -0.014556 -0.015666 -0.017357 -0.018659 -0.020568 -0.021955 -0.024075 -0.025757 -0.028139 -0.029767 -0.038422 -0.034476 -0.045286 -0.039727 -0.043654 -0.045904 -0.050310 -0.053138 -0.058411 -0.061578 -0.067740 -0.072130 -0.079101 -0.086423 -0.092469 -0.104554 -0.111220 -0.126961 -0.136538 -0.162395 -0.171806 -0.214277 -0.224353 -0.292421 -0.300122 -0.314006 -0.454100 -0.524133
-0.002683 0.007990 -0.004252 -0.003435 -0.005491 -0.007634 -0.008401 -0.010935 -0.011377 -0.013548 -0.014756 -0.016437 -0.018077 -0.019650 -0.021560 -0.023421 -0.025465 -0.027560 -0.029699 -0.032275 -0.034742 -0.037296 -0.046753 -0.042991 -0.054495 -0.049688 -0.052861 -0.057463 -0.060954 -0.066395 -0.070593 -0.076860 -0.081882 -0.089595 -0.095733 -0.105616 -0.113215 -0.122981 -0.135270 -0.147499 -0.163662 -0.180880 -0.200119 -0.227435 -0.248042 -0.300305 -0.316890 -0.342165 -0.458121 -0.514008
-0.006433 -0.009471 -0.005185 -0.005707 -0.006792 -0.008681 -0.010102 -0.011921 -0.013653 -0.015507 -0.017432 -0.019320 -0.021391 -0.023394 -0.025622 -0.027889 -0.030263 -0.032778 -0.035409 -0.038216 -0.041163 -0.044303 -0.054498 -0.051252 -0.054613 -0.059062 -0.062802 -0.067917 -0.072327 -0.078211 -0.083507 -0.090390 -0.096688 -0.104895 -0.112653 -0.122708 -0.132930 -0.145462 -0.156338 -0.174566 -0.186444 -0.214497 -0.227491 -0.270967 -0.281740 -0.349415 -0.343624 -0.365329 -0.474682 -0.498392
0.005070 0.006938 -0.005527 -0.005846 -0.007866 -0.009910 -0.011787 -0.013860 -0.015897 -0.018022 -0.020250 -0.022467 -0.024843 -0.027225 -0.029787 -0.032432 -0.035210 -0.038128 -0.041204 -0.044457 -0.047887 -0.051504 -0.054655 -0.059369 -0.063411 -0.068192 -0.073113 -0.078248 -0.083968 -0.089873 -0.096532 -0.103496 -0.111244 -0.119550 -0.128760 -0.138849 -0.150165 -0.162908 -0.176569 -0.191651 -0.209212 -0.227895 -0.248773 -0.275636 -0.295996 -0.346826 -0.360986 -0.379978 -0.486809 -0.515215
0.001996 -0.010882 -0.006278 -0.006436 -0.008934 -0.011041 -0.013331 -0.015622 -0.017966 -0.020358 -0.022857 -0.025396 -0.028059 -0.030788 -0.033664 -0.036654 -0.039789 -0.043079 -0.046542 -0.050190 -0.054038 -0.058103 -0.062002 -0.066935 -0.071608 -0.076885 -0.082346 -0.088182 -0.094425 -0.101129 -0.108339 -0.116139 -0.124568 -0.133766 -0.143757 -0.154816 -0.166664 -0.180549 -0.194022 -0.212656 -0.226966 -0.254089 -0.269151 -0.308950 -0.313566 -0.374477 -0.371822 -0.390266 -0.492324 -0.515220
-0.004561 -0.010770 -0.006885 -0.007046 -0.009857 -0.012187 -0.014783 -0.017318 -0.019940 -0.022611 -0.025369 -0.028201 -0.031146 -0.034190 -0.037373 -0.040692 -0.044167 -0.047812 -0.051644 -0.055679 -0.059928 -0.064410 -0.068945 -0.074142 -0.079471 -0.085080 -0.091067 -0.097452 -0.104264 -0.111552 -0.119369 -0.127782 -0.136841 -0.146671 -0.157295 -0.168980 -0.181535 -0.195753 -0.210494 -0.227363 -0.245246 -0.264416 -0.284937 -0.311282 -0.329479 -0.378527 -0.381788 -0.400382 -0.495572 -0.395267
-0.004624 -0.010685 -0.007558 -0.007717 -0.010815 -0.013323 -0.016213 -0.018964 -0.021859 -0.024781 -0.027807 -0.030914 -0.034138 -0.037477 -0.040960 -0.044593 -0.048395 -0.052382 -0.056569 -0.060974 -0.065612 -0.070499 -0.075614 -0.081099 -0.086915 -0.092977 -0.099463 -0.106359 -0.113698 -0.121529 -0.129900 -0.138872 -0.148504 -0.158892 -0.170078 -0.182268 -0.195334 -0.209922 -0.225046 -0.243145 -0.259170 -0.283799 -0.300351 -0.333176 -0.341737 -0.395068 -0.391388 -0.407721 -0.499897 -0.516948
-0.009053 0.004685 -0.008189 -0.008362 -0.011723 -0.014434 -0.017585 -0.020557 -0.023705 -0.026868 -0.030148 -0.033514 -0.037004 -0.040622 -0.044390 -0.048321 -0.052433 -0.056743 -0.061268 -0.066025 -0.071030 -0.076300 -0.081873 -0.087718 -0.093913 -0.100473 -0.107417 -0.114781 -0.122598 -0.130913 -0.139770 -0.149229 -0.159340 -0.170193 -0.181824 -0.194406 -0.207845 -0.222622 -0.238084 -0.255642 -0.273330 -0.292736 -0.312536 -0.339721 -0.353676 -0.401784 -0.400980 -0.414223 -0.503073 -0.515757
0.002940 -0.012232 -0.008805 -0.008999 -0.012609 -0.015510 -0.018907 -0.022090 -0.025478 -0.028869 -0.032390 -0.036000 -0.039743 -0.043622 -0.047661 -0.051874 -0.056281 -0.060898 -0.065743 -0.070835 -0.076190 -0.081826 -0.087831 -0.094019 -0.100623 -0.107598 -0.114969 -0.122766 -0.131022 -0.139776 -0.149070 -0.158958 -0.169486 -0.180732 -0.192731 -0.205629 -0.219344 -0.234307 -0.249871 -0.267630 -0.284457 -0.306613 -0.323347 -0.349737 -0.362036 -0.407047 -0.405673 -0.419711 -0.505015 -0.502921
0.002487 0.002094 -0.009428 -0.009602 -0.013476 -0.016552 -0.020177 -0.023561 -0.027171 -0.030778 -0.034523 -0.038361 -0.042340 -0.046463 -0.050756 -0.055233 -0.059916 -0.064822 -0.069971 -0.075379 -0.081066 -0.087047 -0.093424 -0.099973 -0.106958 -0.114323 -0.122090 -0.130285 -0.138939 -0.148087 -0.157767 -0.168025 -0.178906 -0.190473 -0.202760 -0.215890 -0.229790 -0.244814 -0.260458 -0.277822 -0.295216 -0.314775 -0.332991 -0.357213 -0.370238 -0.412340 -0.411788 -0.424162 -0.500153 -0.535509
-0.009326 0.003174 -0.009953 -0.010206 -0.014265 -0.017550 -0.021384 -0.024965 -0.028781 -0.032589 -0.036543 -0.040592 -0.044789 -0.049138 -0.053665 -0.058389 -0.063329 -0.068506 -0.073939 -0.079647 -0.085647 -0.091955 -0.098684 -0.105573 -0.112919 -0.120649 -0.128784 -0.137348 -0.146365 -0.155868 -0.165889 -0.176471 -0.187650 -0.199485 -0.212001 -0.225310 -0.239336 -0.254410 -0.270024 -0.287374 -0.304111 -0.324996 -0.341538 -0.365642 -0.376728 -0.417821 -0.415450 -0.428067 -0.511874 -0.478869
-0.003387 0.002762 -0.010528 -0.010806 -0.015052 -0.018513 -0.022540 -0.026301 -0.030308 -0.034300 -0.038445 -0.042686 -0.047082 -0.051636 -0.056378 -0.061328 -0.066506 -0.071935 -0.077634 -0.083622 -0.089917 -0.096535 -0.103591 -0.110808 -0.118495 -0.126569 -0.135049 -0.143952 -0.153302 -0.163125 -0.173449 -0.184310 -0.195741 -0.207793 -0.220483 -0.233911 -0.248003 -0.263044 -0.278595 -0.295565 -0.312518 -0.331543 -0.348982 -0.372015 -0.383923 -0.425925 -0.423930 -0.432071 -0.510881 -0.489852
0.002767 -0.012410 -0.011063 -0.011383 -0.015806 -0.019435 -0.023641 -0.027570 -0.031749 -0.035909 -0.040238 -0.044627 -0.049190 -0.053926 -0.058870 -0.064037 -0.069451 -0.075127 -0.081089 -0.087355 -0.093943 -0.100862 -0.108139 -0.115778 -0.123683 -0.132084 -0.140888 -0.150110 -0.159766 -0.169879 -0.180471 -0.191576 -0.203219 -0.215446 -0.228270 -0.241782 -0.255903 -0.270907 -0.286335 -0.303216 -0.319380 -0.339180 -0.355155 -0.376997 -0.387922 -0.428033 -0.421028 -0.434802 -0.476277 -0.404861
-0.019171 0.002047 -0.011541 -0.011837 -0.016524 -0.020301 -0.024685 -0.028769 -0.033104 -0.037412 -0.041877 -0.046440 -0.051168 -0.056067 -0.061173 -0.066508 -0.072099 -0.077970 -0.084143 -0.090638 -0.097473 -0.104663 -0.112222 -0.120158 -0.128480 -0.137195 -0.146309 -0.155830 -0.165771 -0.176149 -0.186981 -0.198296 -0.210117 -0.222483 -0.235403 -0.248958 -0.263070 -0.277980 -0.293285 -0.309745 -0.326121 -0.343938 -0.360165 -0.380430 -0.390263 -0.425892 -0.420621 -0.437519 -0.507484 -0.497099
0.002223 0.001418 -0.012108 -0.012399 -0.017245 -0.021159 -0.025691 -0.029911 -0.034379 -0.038814 -0.043405 -0.048092 -0.052948 -0.057981 -0.063231 -0.068722 -0.074485 -0.080544 -0.086924 -0.093646 -0.100729 -0.108185 -0.116027 -0.124259 -0.132886 -0.141906 -0.151320 -0.161130 -0.171339 -0.181961 -0.193009 -0.204508 -0.216476 -0.228951 -0.241939 -0.255514 -0.269599 -0.284438 -0.299581 -0.316048 -0.331506 -0.351465 -0.366081 -0.391391 -0.396684 -0.436869 -0.427819 -0.438015 -0.507561 -0.503282
-0.016626 0.000830 -0.012542 -0.012913 -0.017887 -0.021972 -0.026645 -0.030991 -0.035576 -0.040114 -0.044805 -0.049588 -0.054544 -0.059682 -0.065048 -0.070667 -0.076575 -0.082798 -0.089365 -0.096296 -0.103612 -0.111324 -0.119443 -0.127967 -0.136898 -0.146222 -0.155935 -0.166025 -0.176491 -0.187342 -0.198584 -0.210243 -0.222333 -0.234890 -0.247917 -0.261484 -0.275517 -0.290228 -0.305254 -0.321276 -0.337166 -0.353908 -0.370105 -0.389929 -0.399151 -0.434433 -0.429482 -0.439731 -0.509265 -0.510421
-0.000171 0.000382 -0.013064 -0.013455 -0.018566 -0.022787 -0.027581 -0.032031 -0.036708 -0.041321 -0.046081 -0.050927 -0.055951 -0.061160 -0.066609 -0.072326 -0.078351 -0.084712 -0.091442 -0.098564 -0.106100 -0.114059 -0.122454 -0.131274 -0.140515 -0.150152 -0.160168 -0.170542 -0.181258 -0.192326 -0.203744 -0.215541 -0.227729 -0.240343 -0.253389 -0.266931 -0.280899 -0.295501 -0.310378 -0.326254 -0.341864 -0.359352 -0.374144 -0.395431 -0.401986 -0.435993 -0.433384 -0.438943 -0.507354 -0.496062
-0.000005 -0.000208 -0.013561 -0.013973 -0.019240 -0.023591 -0.028501 -0.033039 -0.037783 -0.042441 -0.047236 -0.052108 -0.057161 -0.062404 -0.067901 -0.073681 -0.079790 -0.086261 -0.093130 -0.100423 -0.108167 -0.116368 -0.125042 -0.134166 -0.143735 -0.153702 -0.164040 -0.174705 -0.185671 -0.196949 -0.208526 -0.220441 -0.232702 -0.245350 -0.258389 -0.271884 -0.285767 -0.300237 -0.314954 -0.330592 -0.346059 -0.363172 -0.378104 -0.402279 -0.407761 -0.445293 -0.438592 -0.439076 -0.507843 -0.501444
-0.007868 -0.000947 -0.014098 -0.014531 -0.019947 -0.024424 -0.029435 -0.034039 -0.038822 -0.043485 -0.048276 -0.053129 -0.058169 -0.063403 -0.068907 -0.074711 -0.080868 -0.087415 -0.094396 -0.101836 -0.109776 -0.118215 -0.127178 -0.136626 -0.146555 -0.156887 -0.167579 -0.178559 -0.189777 -0.201258 -0.212976 -0.224987 -0.237295 -0.249953 -0.262963 -0.276396 -0.290179 -0.304516 -0.319046 -0.334473 -0.349532 -0.365837 -0.380333 -0.402478 -0.406985 -0.443513 -0.437942 -0.439802 -0.506201 -0.427071
-0.000156 -0.001768 -0.014663 -0.015112 -0.020697 -0.025299 -0.030408 -0.035065 -0.039854 -0.044472 -0.049211 -0.053988 -0.058968 -0.064142 -0.069609 -0.075391 -0.081557 -0.088141 -0.095202 -0.102764 -0.110886 -0.119558 -0.128825 -0.138625 -0.148963 -0.159710 -0.170820 -0.182145 -0.193619 -0.205306 -0.217136 -0.229222 -0.241545 -0.254185 -0.267141 -0.280490 -0.294159 -0.308363 -0.322742 -0.338056 -0.353052 -0.370238 -0.383919 -0.412453 -0.414676 -0.455350 -0.441191 -0.438771 -0.509128 -0.509374
-0.000744 -0.002496 -0.015294 -0.015777 -0.021515 -0.026264 -0.031459 -0.036145 -0.040905 -0.045421 -0.050050 -0.054689 -0.059551 -0.064609 -0.069987 -0.075697 -0.081824 -0.088399 -0.095500 -0.103151 -0.111438 -0.120338 -0.129936 -0.140132 -0.150952 -0.162212 -0.173809 -0.185548 -0.197286 -0.209160 -0.221076 -0.233191 -0.245497 -0.258084 -0.270960 -0.284206 -0.297747 -0.311805 -0.325979 -0.341064 -0.355474 -0.371709 -0.384050 -0.405846 -0.405332 -0.441806 -0.425964 -0.437527 -0.509992 -0.512484
-0.000207 -0.003036 -0.015982 -0.016472 -0.022440 -0.027355 -0.032654 -0.037385 -0.042053 -0.046362 -0.050803 -0.055215 -0.059898 -0.064776 -0.070013 -0.075597 -0.081632 -0.088145 -0.095238 -0.102929 -0.111353 -0.120462 -0.130412 -0.141048 -0.152476 -0.164357 -0.176668 -0.188871 -0.200837 -0.212915 -0.224830 -0.236959 -0.249181 -0.261684 -0.274441 -0.287560 -0.300955 -0.314866 -0.328873 -0.343841 -0.358299 -0.375591 -0.388126 -0.416087 -0.417390 -0.460673 -0.446615 -0.437302 -0.509498 -0.510588
-0.001170 -0.004961 -0.016810 -0.017361 -0.023496 -0.028633 -0.034052 -0.038780 -0.043325 -0.047342 -0.051494 -0.055588 -0.060017 -0.064644 -0.069676 -0.075069 -0.080949 -0.087331 -0.094356 -0.102026 -0.110563 -0.119862 -0.130203 -0.141364 -0.153517 -0.166292 -0.179389 -0.192257 -0.204455 -0.216636 -0.228535 -0.240530 -0.252642 -0.264986 -0.277603 -0.290570 -0.303808 -0.317561 -0.331367 -0.346115 -0.359609 -0.378872 -0.389747 -0.415661 -0.416493 -0.456905 -0.445437 -0.434556 -0.532240 -0.503687
-0.001661 -0.005467 -0.017737 -0.018242 -0.024780 -0.030219 -0.035697 -0.040703 -0.044835 -0.048319 -0.052069 -0.055698 -0.059818 -0.064131 -0.068917 -0.074063 -0.079725 -0.085898 -0.092769 -0.100318 -0.108872 -0.118266 -0.128976 -0.140679 -0.153879 -0.167748 -0.182388 -0.196057 -0.208182 -0.220557 -0.232106 -0.244044 -0.255870 -0.268051 -0.280457 -0.293247 -0.306318 -0.319917 -0.333557 -0.348192 -0.361965 -0.378390 -0.390040 -0.415213 -0.416594 -0.455799 -0.442414 -0.438635 -0.527186 -0.511447
-0.001935 -0.006083 -0.018868 -0.019348 -0.026240 -0.032093 -0.037971 -0.042750 -0.046840 -0.049498 -0.052632 -0.055683 -0.059386 -0.063308 -0.067777 -0.072602 -0.077961 -0.083824 -0.090448 -0.097752 -0.106332 -0.115745 -0.126871 -0.139248 -0.153532 -0.169441 -0.185600 -0.200399 -0.212541 -0.224603 -0.235975 -0.247306 -0.258943 -0.270757 -0.282969 -0.295542 -0.308445 -0.321854 -0.335282 -0.349609 -0.362371 -0.380910 -0.390485 -0.413350 -0.412540 -0.452216 -0.435330 -0.431912 -0.545588 -0.519004
-0.002304 -0.006902 -0.020131 -0.020611 -0.027984 -0.034650 -0.040432 -0.046798 -0.048350 -0.050334 -0.052617 -0.055042 -0.058385 -0.061937 -0.066115 -0.070595 -0.075587 -0.081033 -0.087243 -0.094104 -0.102325 -0.111481 -0.122705 -0.135434 -0.150588 -0.169395 -0.187684 -0.203746 -0.216724 -0.229108 -0.239361 -0.250676 -0.261636 -0.273289 -0.285158 -0.297505 -0.310251 -0.323540 -0.336858 -0.351139 -0.364387 -0.378820 -0.390914 -0.412944 -0.413162 -0.447702 -0.427692 -0.452256 -0.505525 -0.517644
-0.001842 -0.008069 -0.021603 -0.022019 -0.029958 -0.037384 -0.044629 -0.050456 -0.053341 -0.050766 -0.052898 -0.054054 -0.057191 -0.060302 -0.064134 -0.068202 -0.072712 -0.077585 -0.083204 -0.089323 -0.096949 -0.104766 -0.117475 -0.129116 -0.147913 -0.172416 -0.195299 -0.214110 -0.223695 -0.233451 -0.243866 -0.253374 -0.264259 -0.275138 -0.286789 -0.298947 -0.311594 -0.324671 -0.337860 -0.351951 -0.364914 -0.381690 -0.391963 -0.412840 -0.413435 -0.447930 -0.416887 -0.457846 -0.505047 -0.505893
0.001469 -0.009507 -0.023415 -0.022992 -0.032136 -0.040874 -0.050999 -0.061010 -0.056546 -0.051016 -0.050851 -0.052028 -0.054713 -0.057903 -0.061566 -0.065291 -0.069271 -0.073470 -0.078296 -0.083576 -0.090261 -0.097578 -0.107125 -0.119761 -0.139545 -0.166809 -0.208610 -0.227172 -0.228970 -0.238316 -0.244136 -0.253778 -0.263333 -0.274562 -0.285639 -0.297236 -0.309823 -0.322844 -0.335882 -0.350129 -0.363666 -0.380170 -0.389831 -0.411002 -0.412595 -0.442391 -0.436774 -0.455472 -0.464051 -0.519327
-0.000210 -0.010363 -0.016678 -0.019673 -0.034739 -0.055211 -0.060737 -0.086022 -0.052954 -0.049709 -0.048645 -0.049885 -0.052536 -0.055598 -0.058948 -0.062310 -0.065589 -0.068906 -0.072708 -0.076690 -0.081755 -0.086682 -0.097587 -0.103584 -0.126050 -0.161234 -0.297207 -0.243039 -0.253184 -0.236141 -0.229757 -0.246900 -0.286223 -0.272828 -0.269392 -0.327401 -0.331427 -0.358998 -0.375446 -0.373808 -0.392526 -0.365741 -0.431843 -0.427528 -0.436813 -0.461127 -0.464435 -0.484862 -0.509002 -0.510235
-0.001403 -0.009472 -0.017159 -0.019263 -0.033716 -0.049948 -0.059997 -0.003340 -0.021625 -0.035240 -0.038995 -0.043776 -0.048070 -0.052292 -0.056110 -0.059101 -0.061616 -0.063891 -0.066439 -0.068935 -0.072096 -0.074706 -0.078211 -0.078806 -0.088374 -0.055146 -0.035471 -0.240498 -0.232203 -0.236257 -0.261398 -0.278716 -0.269712 -0.305125 -0.293427 -0.322441 -0.312437 -0.327505 -0.352216 -0.340296 -0.388021 -0.392255 -0.399027 -0.463213 -0.428762 -0.460847 -0.440070 -0.455616 -0.508037 -0.529257
0.000000 0.000000 0.000000 0.000000 0.000000 0.000000 0.000000 -0.009015 -0.007986 -0.024932 -0.032403 -0.039739 -0.045023 -0.049783 -0.053515 -0.056557 -0.058031 -0.059013 -0.060252 -0.061369 -0.062609 -0.062706 -0.064596 -0.059826 -0.059709 -0.024397 -0.004734 0.000000 0.000000 0.000000 0.000000 0.000000 0.000000 0.000000 0.000000 0.000000 0.000000 0.000000 0.000000 0.000000 0.000000 0.000000 0.000000 0.000000 0.000000 0.000000 0.000000 0.000000 0.000000 0.000000
0.000000 0.000000 0.000000 0.000000 0.000000 0.000000 0.000000 0.000417 0.000964 -0.020532 -0.028185 -0.035896 -0.042385 -0.048068 -0.052960 -0.054613 -0.054654 -0.053374 -0.053583 -0.053439 -0.053755 -0.052470 -0.050724 -0.045308 -0.041405 -0.014013 -0.005738 0.000000 0.000000 0.000000 0.000000 0.000000 0.000000 0.000000 0.000000 0.000000 0.000000 0.000000 0.000000 0.000000 0.000000 0.000000 0.000000 0.000000 0.000000 0.000000 0.000000 0.000000 0.000000 0.000000
0.000000 0.000000 0.000000 0.000000 0.000000 0.000000 0.000000 -0.001146 -0.002798 -0.016894 -0.026082 -0.034595 -0.041781 -0.046987 -0.051853 -0.054885 -0.052560 -0.049645 -0.047258 -0.046605 -0.044834 -0.043035 -0.040972 -0.034452 -0.029682 -0.010664 -0.002219 0.000000 0.000000 0.000000 0.000000 0.000000 0.000000 0.000000 0.000000 0.000000 0.000000 0.000000 0.000000 0.000000 0.000000 0.000000 0.000000 0.000000 0.000000 0.000000 0.000000 0.000000 0.000000 0.000000
0.000000 0.000000 0.000000 0.000000 0.000000 0.000000 0.000000 -0.002082 -0.010817 -0.023090 -0.031657 -0.040000 -0.046612 -0.050545 -0.059849 -0.061712 -0.044832 -0.045810 -0.039364 -0.039740 -0.037757 -0.035390 -0.032859 -0.026864 -0.022238 -0.007548 -0.005773 0.000000 0.000000 0.000000 0.000000 0.000000 0.000000 0.000000 0.000000 0.000000 0.000000 0.000000 0.000000 0.000000 0.000000 0.000000 0.000000 0.000000 0.000000 0.000000 0.000000 0.000000 0.000000 0.000000
0.000000 0.000000 0.000000 0.000000 0.000000 0.000000 0.000000 -0.000137 -0.011948 -0.021198 -0.022014 -0.034720 -0.054769 -0.052397 -0.074035 -0.079993 -0.051179 -0.034159 -0.031133 -0.031950 -0.030357 -0.028561 -0.025513 -0.020902 -0.016590 -0.012889 -0.002024 0.000000 0.000000 0.000000 0.000000 0.000000 0.000000 0.000000 0.000000 0.000000 0.000000 0.000000 0.000000 0.000000 0.000000 0.000000 0.000000 0.000000 0.000000 0.000000 0.000000 0.000000 0.000000 0.000000
0.000000 0.000000 0.000000 0.000000 0.000000 0.000000 0.000000 0.000000 0.000000 0.000000 0.000000 0.000000 0.000000 0.000000 0.000000 -0.005742 -0.016852 -0.023287 -0.023387 -0.024536 -0.024057 -0.022423 -0.020463 -0.016303 -0.012867 -0.004437 -0.004422 0.000000 0.000000 0.000000 0.000000 0.000000 0.000000 0.000000 0.000000 0.000000 0.000000 0.000000 0.000000 0.000000 0.000000 0.000000 0.000000 0.000000 0.000000 0.000000 0.000000 0.000000 0.000000 0.000000
0.000000 0.000000 0.000000 0.000000 0.000000 0.000000 0.000000 0.000000 0.000000 0.000000 0.000000 0.000000 0.000000 0.000000 0.000000 -0.004676 -0.014552 -0.016024 -0.017153 -0.019008 -0.018657 -0.017784 -0.015772 -0.012735 -0.009831 -0.003399 0.000246 0.000000 0.000000 0.000000 0.000000 0.000000 0.000000 0.000000 0.000000 0.000000 0.000000 0.000000 0.000000 0.000000 0.000000 0.000000 0.000000 0.000000 0.000000 0.000000 0.000000 0.000000 0.000000 0.000000
0.000000 0.000000 0.000000 0.000000 0.000000 0.000000 0.000000 0.000000 0.000000 0.000000 0.000000 0.000000 0.000000 0.000000 0.000000 -0.001769 -0.008353 -0.010826 -0.012565 -0.014171 -0.014433 -0.013710 -0.012469 -0.009901 -0.007696 -0.002624 -0.002737 0.000000 0.000000 0.000000 0.000000 0.000000 0.000000 0.000000 0.000000 0.000000 0.000000 0.000000 0.000000 0.000000 0.000000 0.000000 0.000000 0.000000 0.000000 0.000000 0.000000 0.000000 0.000000 0.000000
0.000000 0.000000 0.000000 0.000000 0.000000 0.000000 0.000000 0.000000 0.000000 0.000000 0.000000 0.000000 0.000000 0.000000 0.000000 -0.001262 -0.005947 -0.007908 -0.009340 -0.010942 -0.011076 -0.010759 -0.009592 -0.007742 -0.005925 -0.002036 -0.002115 0.000000 0.000000 0.000000 0.000000 0.000000 0.000000 0.000000 0.000000 0.000000 0.000000 0.000000 0.000000 0.000000 0.000000 0.000000 0.000000 0.000000 0.000000 0.000000 0.000000 0.000000 0.000000 0.000000
0.000000 0.000000 0.000000 0.000000 0.000000 0.000000 0.000000 0.000000 0.000000 0.000000 0.000000 0.000000 0.000000 0.000000 0.000000 -0.001440 -0.003996 -0.005706 -0.006993 -0.008215 -0.008580 -0.008282 -0.007573 -0.006038 -0.004677 -0.001588 -0.001644 0.000000 0.000000 0.000000 0.000000 0.000000 0.000000 0.000000 0.000000 0.000000 0.000000 0.000000 0.000000 0.000000 0.000000 0.000000 0.000000 0.000000 0.000000 0.000000 0.000000 0.000000 0.000000 0.000000
0.000000 0.000000 0.000000 0.000000 0.000000 0.000000 0.000000 0.000000 0.000000 0.000000 0.000000 0.000000 0.000000 0.000000 0.000000 -0.000451 -0.002495 -0.004328 -0.005319 -0.006397 -0.006632 -0.006525 -0.005873 -0.004751 -0.003637 -0.001251 -0.001276 0.000000 0.000000 0.000000 0.000000 0.000000 0.000000 0.000000 0.000000 0.000000 0.000000 0.000000 0.000000 0.000000 0.000000 0.000000 0.000000 0.000000 0.000000 0.000000 0.000000 0.000000 0.000000 0.000000
0.000000 0.000000 0.000000 0.000000 0.000000 0.000000 0.000000 0.000000 0.000000 0.000000 0.000000 0.000000 0.000000 0.000000 0.000000 -0.001061 -0.002364 -0.003303 -0.004157 -0.005006 -0.005295 -0.005153 -0.004755 -0.003804 -0.002945 -0.001001 -0.001014 0.000000 0.000000 0.000000 0.000000 0.000000 0.000000 0.000000 0.000000 0.000000 0.000000 0.000000 0.000000 0.000000 0.000000 0.000000 0.000000 0.000000 0.000000 0.000000 0.000000 0.000000 0.000000 0.000000
0.000000 0.000000 0.000000 0.000000 0.000000 0.000000 0.000000 0.000000 0.000000 0.000000 0.000000 0.000000 0.000000 0.000000 0.000000 -0.000102 -0.001905 -0.002618 -0.003297 -0.003980 -0.004221 -0.004176 -0.003803 -0.003091 -0.002390 -0.000824 -0.000703 0.000000 0.000000 0.000000 0.000000 0.000000 0.000000 0.000000 0.000000 0.000000 0.000000 0.000000 0.000000 0.000000 0.000000 0.000000 0.000000 0.000000 0.000000 0.000000 0.000000 0.000000 0.000000 0.000000
0.000000 0.000000 0.000000 0.000000 0.000000 0.000000 0.000000 0.000000 0.000000 0.000000 0.000000 0.000000 0.000000 0.000000 0.000000 -0.000230 -0.001400 -0.002464 -0.003370 -0.003958 -0.004207 -0.004160 -0.003791 -0.003161 -0.002264 -0.000678 -0.000504 0.000000 0.000000 0.000000 0.000000 0.000000 0.000000 0.000000 0.000000 0.000000 0.000000 0.000000 0.000000 0.000000 0.000000 0.000000 0.000000 0.000000 0.000000 0.000000 0.000000 0.000000 0.000000 0.000000
0.000000 0.000000 0.000000 0.000000 0.000000 0.000000 0.000000 0.000000 0.000000 0.000000 0.000000 0.000000 0.000000 0.000000 0.000000 -0.000139 -0.001120 -0.002350 -0.003095 -0.003541 -0.003307 -0.003177 -0.003058 -0.002393 -0.002234 -0.000598 -0.000122 0.000000 0.000000 0.000000 0.000000 0.000000 0.000000 0.000000 0.000000 0.000000 0.000000 0.000000 0.000000 0.000000 0.000000 0.000000 0.000000 0.000000 0.000000 0.000000 0.000000 0.000000 0.000000 0.000000
0.000000 0.000000 0.000000 0.000000 0.000000 0.000000 0.000000 0.000000 0.000000 0.000000 0.000000 0.000000 0.000000 0.000000 0.000000 -0.000490 -0.000867 -0.001614 -0.002142 -0.004312 -0.002753 -0.002595 -0.002834 -0.001873 -0.001748 -0.000632 -0.000172 0.000000 0.000000 0.000000 0.000000 0.000000 0.000000 0.000000 0.000000 0.000000 0.000000 0.000000 0.000000 0.000000 0.000000 0.000000 0.000000 0.000000 0.000000 0.000000 0.000000 0.000000 0.000000 0.000000
