0.490103 0.455408 0.496005 0.575556 0.500157 0.475965 0.494047 0.489583 0.501954 0.506662 0.495464 0.511809 0.511575 0.512926 0.507493 0.513100 0.509829 0.511807 0.509539 0.509342 0.508727 0.508962 0.507702 0.507556 0.498472 0.515661 0.492191 0.507083 0.506984 0.506922 0.497024 0.495968 0.504020 0.506703 0.496286 0.495658 0.500786 0.500515 0.506183 0.514336 0.505892 0.505258 0.504429 0.507556 0.505369 0.520385 0.505367 0.519708 0.528799 0.401913
0.500240 0.500153 0.498175 0.514740 0.516082 0.497266 0.495364 0.494081 0.476599 0.476359 0.476336 0.476485 0.498671 0.477416 0.477729 0.477913 0.478006 0.478045 0.478024 0.497770 0.497503 0.497215 0.496900 0.496562 0.473838 0.488832 0.495273 0.494632 0.493954 0.493249 0.494923 0.494065 0.463893 0.490272 0.491089 0.461181 0.487656 0.486393 0.484411 0.481816 0.478669 0.460207 0.469843 0.464353 0.456753 0.446103 0.430335 0.403447 0.236865 0.260955
0.468680 0.504655 0.468664 0.467518 0.467579 0.468425 0.469793 0.471218 0.472802 0.473293 0.473040 0.472715 0.472164 0.458205 0.457535 0.456890 0.456189 0.455412 0.454621 0.453722 0.452834 0.451970 0.451130 0.450250 0.449322 0.448221 0.446936 0.445644 0.444179 0.442527 0.440808 0.438792 0.436363 0.433929 0.431149 0.427883 0.435930 0.431446 0.426214 0.419964 0.412420 0.403176 0.391659 0.377060 0.358244 0.333296 0.299087 0.252849 0.212880 0.082254
0.466025 0.495189 0.460111 0.461449 0.461644 0.461651 0.461489 0.461363 0.461285 0.461065 0.460444 0.459809 0.459206 0.460632 0.459933 0.459228 0.458468 0.457639 0.456763 0.455823 0.454852 0.453861 0.452805 0.451658 0.450415 0.449045 0.447524 0.445839 0.443935 0.441641 0.438995 0.436286 0.433270 0.429961 0.426118 0.421680 0.418220 0.412422 0.405601 0.397544 0.387931 0.376337 0.362199 0.344675 0.322609 0.294407 0.257470 0.210011 0.194830 0.072700
0.454189 0.480794 0.446715 0.447532 0.447056 0.446757 0.446447 0.446122 0.445810 0.445455 0.444748 0.444045 0.443433 0.442143 0.441474 0.440732 0.439896 0.438994 0.438023 0.436965 0.435821 0.434609 0.433305 0.431915 0.430439 0.428786 0.426914 0.424811 0.422440 0.419678 0.416446 0.412990 0.409205 0.404876 0.399951 0.394294 0.391557 0.384301 0.375874 0.366016 0.354404 0.340602 0.324053 0.304027 0.279592 0.249682 0.212952 0.168738 0.136494 0.046419
0.442563 0.467165 0.435333 0.436030 0.435560 0.435083 0.434670 0.434252 0.433822 0.433410 0.432633 0.431827 0.431167 0.432082 0.431345 0.430529 0.429628 0.428630 0.427531 0.426320 0.424992 0.423536 0.421942 0.420210 0.418361 0.416354 0.414110 0.411594 0.408753 0.405450 0.401793 0.397824 0.393343 0.388268 0.382507 0.375937 0.370009 0.361698 0.352136 0.341067 0.328180 0.313086 0.295320 0.274300 0.249370 0.219399 0.184070 0.142827 0.124014 0.043907
0.430174 0.453325 0.423057 0.423630 0.423034 0.422390 0.421988 0.421536 0.421050 0.420584 0.419733 0.418857 0.418117 0.417878 0.417068 0.416157 0.415138 0.414002 0.412742 0.411347 0.409808 0.408113 0.406247 0.404196 0.401963 0.399574 0.396949 0.394027 0.390736 0.386964 0.382842 0.378253 0.373100 0.367297 0.360760 0.353363 0.347842 0.338626 0.328109 0.316054 0.302184 0.286165 0.267611 0.246084 0.221150 0.192011 0.158650 0.121216 0.088643 0.032392
0.428970 0.417337 0.417663 0.417391 0.416506 0.416053 0.415741 0.415481 0.415086 0.414671 0.414152 0.413632 0.413041 0.412350 0.411571 0.410663 0.409643 0.408492 0.407205 0.405773 0.404189 0.402441 0.400521 0.398415 0.396106 0.393578 0.390802 0.387741 0.384357 0.380642 0.376471 0.371839 0.366683 0.360909 0.354433 0.347128 0.338862 0.329462 0.318738 0.306453 0.292325 0.276016 0.257133 0.235244 0.209749 0.180289 0.146035 0.145591 0.105846 0.033679
0.406028 0.427465 0.405610 0.405502 0.404313 0.403074 0.402583 0.402035 0.401504 0.401214 0.395038 0.394099 0.393153 0.393132 0.392095 0.390942 0.389661 0.388241 0.386669 0.384935 0.383024 0.380920 0.378605 0.376063 0.373285 0.370287 0.367006 0.363341 0.359187 0.354747 0.349777 0.344241 0.338086 0.331233 0.323593 0.315050 0.308367 0.298003 0.286374 0.273302 0.258593 0.242024 0.223380 0.202473 0.178770 0.152694 0.123742 0.092574 0.059402 0.023768
0.404649 0.426728 0.394968 0.394072 0.394452 0.393580 0.392704 0.391540 0.390430 0.389345 0.387453 0.386540 0.385582 0.387025 0.385870 0.384594 0.383184 0.381630 0.379920 0.378039 0.375973 0.373703 0.371207 0.368473 0.365505 0.362347 0.358840 0.354635 0.349939 0.345153 0.339825 0.333932 0.327408 0.320169 0.312127 0.303171 0.298115 0.287639 0.275915 0.262778 0.248045 0.231524 0.213033 0.192483 0.169303 0.143866 0.116078 0.086554 0.071800 0.020313
0.380729 0.405330 0.381818 0.381769 0.380310 0.379196 0.378605 0.377983 0.377511 0.376745 0.375273 0.374305 0.373262 0.374738 0.373477 0.372085 0.370551 0.368864 0.367012 0.364979 0.362751 0.360305 0.357623 0.354683 0.351498 0.348123 0.344250 0.339571 0.334867 0.329759 0.324132 0.317927 0.311086 0.303530 0.295177 0.285928 0.280671 0.269945 0.258032 0.244795 0.230089 0.213765 0.195691 0.175931 0.153850 0.129918 0.104159 0.077125 0.058397 0.017615
0.370292 0.390412 0.370075 0.369981 0.368476 0.367414 0.366781 0.366125 0.365738 0.364581 0.363282 0.362251 0.361124 0.362561 0.355112 0.353767 0.352139 0.350346 0.348377 0.346217 0.343849 0.341255 0.338413 0.335308 0.331927 0.328299 0.324202 0.319791 0.314969 0.309657 0.303832 0.297439 0.290426 0.282721 0.274251 0.264935 0.257658 0.246750 0.234776 0.221635 0.207236 0.191489 0.174364 0.155557 0.135460 0.113754 0.090699 0.066586 0.041309 0.015935
0.354098 0.378255 0.358415 0.358270 0.356731 0.355721 0.355053 0.354365 0.354077 0.352492 0.351417 0.350317 0.349115 0.350526 0.349086 0.347498 0.345754 0.343840 0.341743 0.339450 0.336941 0.334197 0.331197 0.327935 0.324409 0.320543 0.315828 0.311149 0.306075 0.300531 0.294476 0.287852 0.280607 0.272673 0.263987 0.254468 0.249100 0.238249 0.226359 0.213344 0.199125 0.183654 0.166971 0.148613 0.128980 0.107982 0.085785 0.062943 0.051328 0.015866
0.346921 0.366182 0.346838 0.346642 0.345077 0.344112 0.343436 0.342728 0.342492 0.340712 0.339659 0.338513 0.337247 0.338624 0.337105 0.335433 0.333599 0.331591 0.329395 0.326995 0.324372 0.321509 0.318385 0.315002 0.311342 0.307129 0.302399 0.297611 0.292393 0.286710 0.280524 0.273782 0.266433 0.258420 0.249686 0.240165 0.234806 0.224033 0.212300 0.199543 0.185705 0.170740 0.154832 0.137327 0.118787 0.099131 0.078494 0.057368 0.016270 0.012594
0.335362 0.354210 0.335343 0.335060 0.333507 0.332607 0.331924 0.331246 0.330840 0.329125 0.328034 0.326840 0.325516 0.326851 0.325267 0.323525 0.321616 0.319526 0.317243 0.314751 0.312033 0.309071 0.305845 0.302367 0.298571 0.293955 0.289426 0.284509 0.279185 0.273408 0.267140 0.260331 0.252937 0.244906 0.236191 0.226734 0.221416 0.210792 0.199286 0.186856 0.173475 0.159107 0.143777 0.127255 0.109747 0.091345 0.072117 0.052531 0.030860 0.011372
0.315065 0.342819 0.323943 0.323559 0.322033 0.321212 0.320524 0.319947 0.319144 0.317682 0.316545 0.315306 0.313931 0.315222 0.313582 0.311780 0.309807 0.307649 0.305294 0.302727 0.299932 0.296891 0.293587 0.290035 0.285959 0.281409 0.276822 0.271833 0.266445 0.260614 0.254308 0.247478 0.240089 0.232093 0.223452 0.214115 0.208867 0.198449 0.187224 0.175168 0.162271 0.148595 0.133809 0.118181 0.101698 0.084438 0.066502 0.048308 0.012023 0.010339
0.332971 0.330548 0.312650 0.312175 0.310668 0.309935 0.309249 0.308799 0.307505 0.306357 0.305191 0.303911 0.302495 0.303741 0.302054 0.300203 0.298177 0.295964 0.293552 0.290927 0.288073 0.284973 0.281621 0.277963 0.273541 0.269261 0.264611 0.259578 0.254160 0.248312 0.242006 0.235197 0.227856 0.219940 0.211420 0.202248 0.197091 0.186922 0.176020 0.164368 0.151936 0.138963 0.124786 0.109985 0.094456 0.078289 0.061523 0.044585 0.010400 0.009450
0.321640 0.318868 0.301469 0.300917 0.299426 0.298782 0.298096 0.297754 0.296219 0.295144 0.293966 0.292658 0.291208 0.292411 0.290687 0.288797 0.286730 0.284476 0.282022 0.279355 0.276458 0.273318 0.269936 0.266077 0.261738 0.257445 0.252776 0.247731 0.242314 0.236483 0.230212 0.223461 0.216205 0.208408 0.200045 0.191076 0.186028 0.176143 0.165595 0.154386 0.142466 0.129992 0.116576 0.102542 0.087907 0.072775 0.057063 0.041273 0.023968 0.008761
0.310387 0.307293 0.290402 0.289784 0.288344 0.287752 0.287063 0.286800 0.285142 0.284072 0.282880 0.281550 0.280074 0.281235 0.279484 0.277566 0.275471 0.273189 0.270707 0.268013 0.265090 0.261926 0.258512 0.254264 0.250299 0.245980 0.241311 0.236282 0.230894 0.225109 0.218902 0.212240 0.205102 0.197456 0.189280 0.180544 0.175618 0.166042 0.155866 0.145100 0.133796 0.121723 0.109029 0.095748 0.081959 0.067736 0.053017 0.038304 0.022162 0.008400
0.299200 0.295495 0.279451 0.278761 0.277433 0.276835 0.276174 0.275782 0.274225 0.273142 0.271934 0.270587 0.269094 0.270219 0.268451 0.266516 0.264404 0.262104 0.259607 0.256899 0.253965 0.250804 0.247196 0.243098 0.239144 0.234846 0.230203 0.225214 0.219881 0.214167 0.208053 0.201506 0.194512 0.187042 0.179080 0.170599 0.165804 0.156556 0.146762 0.136407 0.125734 0.114113 0.102082 0.089526 0.076518 0.063037 0.049335 0.035622 0.026547 0.007378
0.288104 0.284110 0.268623 0.267861 0.266629 0.266027 0.265492 0.264649 0.263460 0.262352 0.261131 0.259773 0.258269 0.259368 0.257592 0.255647 0.253527 0.251222 0.248721 0.246011 0.243079 0.239928 0.235918 0.232242 0.228300 0.224034 0.219440 0.214512 0.209255 0.203636 0.197636 0.191229 0.184401 0.177129 0.169401 0.161194 0.156541 0.147635 0.138253 0.128334 0.118089 0.107083 0.095675 0.083828 0.071570 0.058895 0.046070 0.033171 0.024668 0.006823
0.277075 0.272776 0.257919 0.257095 0.255930 0.255338 0.254935 0.253806 0.252800 0.251700 0.250476 0.249115 0.247607 0.248686 0.246909 0.244966 0.242847 0.240545 0.238049 0.235349 0.232435 0.229124 0.225268 0.221643 0.217746 0.213534 0.209006 0.204160 0.198999 0.193493 0.187629 0.181380 0.174737 0.167681 0.160201 0.152282 0.147784 0.139227 0.130232 0.120886 0.110942 0.100534 0.089733 0.078556 0.067010 0.055021 0.043051 0.030900 0.016524 0.006091
0.254241 0.261468 0.247341 0.246472 0.245363 0.244784 0.244504 0.243257 0.242284 0.241195 0.239976 0.238618 0.237115 0.238181 0.236411 0.234477 0.232369 0.230078 0.227599 0.224920 0.222038 0.218293 0.214915 0.211320 0.207480 0.203337 0.198894 0.194144 0.189097 0.183722 0.178009 0.171935 0.165492 0.158666 0.151447 0.143825 0.139495 0.131296 0.122664 0.113851 0.104278 0.094424 0.084204 0.073664 0.062787 0.051486 0.040236 0.028834 0.015352 0.003416
0.244041 0.248289 0.236884 0.235969 0.234943 0.234387 0.234183 0.232862 0.231910 0.230832 0.229620 0.228271 0.226780 0.227832 0.226078 0.224159 0.222072 0.219806 0.217350 0.214708 0.211633 0.208091 0.204800 0.201269 0.197502 0.193442 0.189099 0.184459 0.179539 0.174308 0.168761 0.162873 0.156645 0.150057 0.143110 0.135790 0.131631 0.123802 0.115602 0.107103 0.098046 0.088708 0.079041 0.069100 0.058857 0.048219 0.037662 0.026973 0.014334 0.005404
0.235452 0.234220 0.231967 0.231828 0.231355 0.230798 0.230139 0.229188 0.228213 0.227120 0.225893 0.224523 0.223010 0.223147 0.221445 0.219584 0.217558 0.215358 0.212975 0.210403 0.207586 0.204588 0.201377 0.197937 0.194254 0.190303 0.186080 0.181571 0.176778 0.171680 0.166268 0.160527 0.154448 0.148018 0.141234 0.134089 0.128633 0.120930 0.112881 0.104386 0.095664 0.086562 0.077147 0.067438 0.057478 0.047479 0.036877 0.026287 0.015228 0.003593
0.223907 0.228632 0.216184 0.215219 0.214533 0.214157 0.213346 0.212486 0.211545 0.210489 0.209307 0.207992 0.206537 0.207531 0.205824 0.203962 0.201939 0.199745 0.197392 0.194514 0.191427 0.188473 0.185310 0.181940 0.178350 0.174494 0.170378 0.166001 0.161371 0.156466 0.151282 0.145803 0.140027 0.133943 0.127554 0.120854 0.117056 0.109881 0.102590 0.094706 0.086624 0.078262 0.069644 0.060778 0.051763 0.042308 0.033016 0.023605 0.002267 0.004676
0.213989 0.217988 0.205960 0.205019 0.204485 0.204243 0.203263 0.202456 0.201540 0.200505 0.199344 0.198053 0.196626 0.197600 0.195926 0.194103 0.192122 0.189981 0.187681 0.184548 0.181865 0.178983 0.175903 0.172631 0.169141 0.165409 0.161419 0.157190 0.152718 0.147993 0.143003 0.137741 0.132201 0.126379 0.120273 0.113884 0.110227 0.103541 0.096428 0.089009 0.081361 0.073459 0.065336 0.056949 0.048433 0.039575 0.030906 0.022068 0.016140 0.002282
0.189207 0.207504 0.195861 0.194950 0.194540 0.194418 0.193332 0.192555 0.191662 0.190650 0.189515 0.188252 0.186858 0.187829 0.186195 0.184415 0.182487 0.180421 0.177680 0.175106 0.172494 0.169694 0.166712 0.163539 0.160164 0.156557 0.152708 0.148631 0.144328 0.139789 0.135002 0.129961 0.124663 0.119105 0.113290 0.107206 0.103663 0.097399 0.090573 0.083576 0.076354 0.068908 0.061263 0.053407 0.045265 0.037046 0.028919 0.020625 0.015038 0.002277
0.179553 0.197151 0.185887 0.185010 0.184732 0.184491 0.183550 0.182781 0.181909 0.180922 0.179816 0.178587 0.177230 0.178206 0.176617 0.174888 0.173018 0.170901 0.168186 0.165834 0.163307 0.160598 0.157719 0.154654 0.151402 0.147927 0.144227 0.140309 0.136183 0.131833 0.127255 0.122440 0.117388 0.112095 0.106565 0.100764 0.097536 0.091393 0.084993 0.078389 0.071578 0.064578 0.057383 0.050041 0.042359 0.034659 0.027014 0.019263 0.000810 0.003791
0.169992 0.186884 0.176012 0.175259 0.175072 0.174556 0.173876 0.173125 0.172276 0.171318 0.170245 0.169053 0.167738 0.168721 0.167182 0.165510 0.163710 0.161138 0.159018 0.156732 0.154295 0.151685 0.148915 0.145966 0.142842 0.139507 0.135963 0.132211 0.128266 0.124111 0.119746 0.115160 0.110356 0.105335 0.100083 0.094551 0.091541 0.085674 0.079642 0.073424 0.067009 0.060434 0.053664 0.046836 0.039564 0.032387 0.025206 0.017967 0.000389 0.003471
0.160518 0.176720 0.166240 0.165619 0.165563 0.164915 0.164294 0.163577 0.162758 0.161833 0.160796 0.159645 0.158377 0.159369 0.157886 0.156289 0.154165 0.152015 0.149987 0.147791 0.145450 0.142946 0.140289 0.137465 0.134475 0.131287 0.127901 0.124322 0.120562 0.116608 0.112458 0.108104 0.103552 0.098793 0.093793 0.088661 0.085671 0.080179 0.074510 0.068665 0.062649 0.056457 0.050081 0.043615 0.036903 0.030216 0.023505 0.016737 -0.000012 0.003213
0.151167 0.166701 0.156564 0.156087 0.156141 0.155409 0.154824 0.154139 0.153352 0.152461 0.151464 0.150358 0.149139 0.150144 0.148721 0.147120 0.144869 0.143060 0.141108 0.139005 0.136765 0.134371 0.131835 0.129139 0.126289 0.123252 0.120031 0.116629 0.113059 0.109308 0.105376 0.101258 0.096958 0.092443 0.087741 0.082933 0.080055 0.074891 0.069573 0.064089 0.058470 0.052673 0.046761 0.040609 0.034382 0.028142 0.021882 0.015565 -0.000392 0.001518
0.141935 0.156828 0.146989 0.146679 0.146614 0.146036 0.145462 0.144804 0.144050 0.143198 0.142244 0.141186 0.140021 0.141039 0.139684 0.137583 0.135976 0.134235 0.132372 0.130366 0.128233 0.125954 0.123541 0.120980 0.118273 0.115392 0.112339 0.109118 0.105741 0.102197 0.098488 0.094609 0.090546 0.086261 0.081935 0.077371 0.074611 0.069786 0.064810 0.059691 0.054422 0.049014 0.043585 0.037751 0.031974 0.026154 0.020321 0.014440 0.010367 0.001775
0.144356 0.147032 0.137529 0.137376 0.137212 0.136740 0.136195 0.135567 0.134850 0.134038 0.133130 0.132124 0.131017 0.132058 0.130292 0.128711 0.127192 0.125538 0.123770 0.121867 0.119844 0.117684 0.115399 0.112976 0.110417 0.107695 0.104815 0.101777 0.098597 0.095263 0.091781 0.088130 0.084265 0.080358 0.076252 0.071972 0.069352 0.064850 0.060205 0.055451 0.050522 0.045470 0.040323 0.034991 0.029655 0.024250 0.018822 0.013362 0.007139 0.011553
0.134629 0.137313 0.128164 0.128200 0.127963 0.127531 0.127018 0.126425 0.125745 0.124977 0.124117 0.123166 0.122124 0.122936 0.121301 0.119969 0.118527 0.116965 0.115294 0.113498 0.111588 0.109552 0.107399 0.105117 0.102709 0.100150 0.097445 0.094595 0.091614 0.088495 0.085229 0.081763 0.078247 0.074566 0.070728 0.066731 0.064251 0.060062 0.055764 0.051317 0.046764 0.042176 0.037246 0.032359 0.027411 0.022417 0.017380 0.012325 -0.001477 0.011258
0.117214 0.127651 0.118881 0.119130 0.118810 0.118411 0.117930 0.117371 0.116731 0.116008 0.115200 0.114309 0.113352 0.113740 0.112594 0.111331 0.109974 0.108506 0.106937 0.105251 0.103459 0.101548 0.099530 0.097392 0.095138 0.092746 0.090218 0.087558 0.084782 0.081868 0.078775 0.075636 0.072349 0.068917 0.065338 0.061632 0.059289 0.055423 0.051437 0.047315 0.043153 0.038789 0.034310 0.029820 0.025251 0.020633 0.015985 0.011322 -0.001830 0.010990
0.122885 0.109861 0.115901 0.115899 0.115632 0.115259 0.114805 0.114263 0.113637 0.112923 0.112125 0.111259 0.110911 0.110647 0.109538 0.108336 0.107040 0.105641 0.104142 0.102533 0.100819 0.098991 0.097053 0.094997 0.092826 0.090528 0.088108 0.085565 0.082914 0.080239 0.077070 0.074084 0.070926 0.067565 0.064076 0.060473 0.057664 0.053896 0.050024 0.046042 0.041944 0.038197 0.033887 0.029328 0.024836 0.020269 0.015636 0.011030 -0.002183 0.010736
0.100779 0.119124 0.106875 0.106882 0.106620 0.106265 0.105839 0.105335 0.104748 0.104084 0.103333 0.103064 0.102197 0.102013 0.100788 0.099860 0.098652 0.097348 0.095951 0.094453 0.092859 0.091158 0.089356 0.087446 0.085432 0.083306 0.081072 0.078728 0.076343 0.073535 0.070913 0.068115 0.065127 0.062025 0.058818 0.055487 0.052899 0.049438 0.045883 0.042206 0.038625 0.035163 0.030912 0.026853 0.022725 0.018545 0.014298 0.010079 -0.002534 0.001065
0.095748 0.099326 0.097920 0.097895 0.097680 0.097355 0.096952 0.096483 0.095940 0.095321 0.095043 0.094469 0.093581 0.093466 0.092512 0.091475 0.090356 0.089150 0.087858 0.086474 0.085000 0.083431 0.081769 0.080011 0.078156 0.076386 0.074193 0.071988 0.069599 0.067279 0.064820 0.062182 0.059446 0.056613 0.053665 0.050619 0.048250 0.045094 0.041819 0.038579 0.035631 0.031841 0.028141 0.024439 0.020676 0.016862 0.012995 0.009149 0.005504 0.002539
0.093711 0.089766 0.089036 0.089022 0.088815 0.088515 0.088145 0.087708 0.087204 0.086911 0.086612 0.085868 0.085042 0.084994 0.084118 0.083166 0.082139 0.081033 0.079849 0.078581 0.077232 0.075798 0.074280 0.072686 0.070980 0.069281 0.067226 0.065273 0.063230 0.061056 0.058751 0.056358 0.053876 0.051290 0.048630 0.045873 0.043707 0.040812 0.037915 0.035395 0.032131 0.028750 0.025446 0.022086 0.018677 0.015217 0.011719 0.008242 -0.003216 0.001027
0.084197 0.080300 0.080217 0.080196 0.079999 0.079728 0.079391 0.078992 0.078683 0.078646 0.078014 0.077330 0.076579 0.076599 0.075802 0.074937 0.074005 0.073001 0.071927 0.070779 0.069558 0.068268 0.066890 0.065530 0.063866 0.062168 0.060537 0.058776 0.056858 0.054869 0.052801 0.050646 0.048396 0.046110 0.043663 0.041130 0.039223 0.036767 0.034570 0.031751 0.028707 0.025785 0.022817 0.019800 0.016730 0.013618 0.010478 0.007366 0.003171 0.000946
0.074766 0.070928 0.071435 0.071402 0.071226 0.070987 0.070686 0.070397 0.070553 0.070038 0.069468 0.068854 0.068180 0.068269 0.067555 0.066780 0.065945 0.065047 0.064086 0.063068 0.061974 0.060869 0.059569 0.058155 0.056870 0.055431 0.053890 0.052263 0.050567 0.048802 0.046940 0.045049 0.043048 0.040910 0.038747 0.036619 0.035305 0.033189 0.030671 0.028016 0.025470 0.022886 0.020248 0.017562 0.014827 0.012058 0.009280 0.006521 0.004188 0.000207
0.065393 0.062546 0.062686 0.062660 0.062508 0.062299 0.062090 0.062369 0.061943 0.061488 0.060984 0.060442 0.059847 0.060020 0.059390 0.058706 0.057971 0.057191 0.056337 0.055490 0.054463 0.053342 0.052319 0.051183 0.049959 0.048657 0.047302 0.045877 0.044381 0.042849 0.041217 0.039477 0.037708 0.035901 0.034286 0.032611 0.031167 0.028908 0.026706 0.024520 0.022303 0.020034 0.017720 0.015358 0.012954 0.010521 0.008102 0.005697 0.002248 0.001206
0.055991 0.053391 0.053992 0.053972 0.053838 0.053704 0.054074 0.053741 0.053375 0.052981 0.052544 0.052075 0.051559 0.051835 0.051296 0.050711 0.050076 0.049466 0.048643 0.047795 0.047029 0.046152 0.045192 0.044177 0.043115 0.042003 0.040840 0.039618 0.038332 0.036953 0.035509 0.034064 0.032779 0.031468 0.029478 0.027624 0.026580 0.024771 0.022938 0.021066 0.019150 0.017191 0.015190 0.013149 0.011071 0.008981 0.006913 0.004857 0.010098 -0.000095
0.043777 0.044107 0.045328 0.045320 0.045242 0.045693 0.045426 0.045148 0.044840 0.044506 0.044135 0.043739 0.043305 0.043782 0.043337 0.042864 0.042288 0.041670 0.041128 0.040461 0.039739 0.038987 0.038205 0.037360 0.036456 0.035504 0.034530 0.033466 0.032428 0.031383 0.030354 0.029293 0.027608 0.026146 0.024720 0.023278 0.022186 0.020684 0.019144 0.017567 0.015952 0.014299 0.012610 0.010891 0.009132 0.007409 0.005723 0.004013 -0.004739 0.000960
0.035875 0.034806 0.036668 0.036692 0.037184 0.036996 0.036785 0.036558 0.036306 0.036035 0.035730 0.035405 0.035068 0.035881 0.035526 0.035136 0.034752 0.034293 0.033807 0.033280 0.032711 0.032110 0.031443 0.030764 0.030031 0.029296 0.028667 0.027859 0.027060 0.026193 0.024951 0.023819 0.022690 0.021572 0.020437 0.019263 0.017742 0.016520 0.015263 0.013972 0.012650 0.011296 0.009915 0.008508 0.007072 0.005729 0.004537 0.003157 -0.005076 0.000876
0.027034 0.025743 0.027989 0.028576 0.028368 0.028212 0.028038 0.027847 0.027654 0.027457 0.027238 0.027011 0.026751 0.028417 0.028162 0.027892 0.027600 0.027256 0.026916 0.026544 0.026122 0.025682 0.025230 0.024753 0.024264 0.023691 0.022946 0.022450 0.021920 0.020849 0.020060 0.019266 0.018441 0.017588 0.016708 0.015831 0.012759 0.011819 0.010846 0.009844 0.008819 0.007762 0.006685 0.005608 0.004532 0.003557 0.003101 0.002272 -0.005298 0.000850
0.018796 0.016675 0.019432 0.019049 0.018727 0.018452 0.018206 0.017996 0.017838 0.017673 0.017502 0.017301 0.017074 0.021631 0.021578 0.021481 0.021370 0.021241 0.021083 0.020902 0.020709 0.020475 0.020202 0.019912 0.019613 0.019253 0.018829 0.018345 0.017783 0.017351 0.016779 0.016238 0.015678 0.015066 0.014364 0.013900 0.004693 0.004041 0.003394 0.002728 0.002052 0.001330 0.000569 -0.000217 -0.000971 -0.001518 -0.001698 -0.000969 -0.005187 0.000938
0.010577 0.008778 0.011315 0.014361 0.009700 0.009663 0.008985 0.015846 0.008105 0.008080 0.007960 0.006324 0.007543 0.007431 0.007351 0.007190 0.007021 0.015539 0.006709 0.003877 0.014746 0.003356 0.003099 0.002827 0.008981 -0.003512 0.009624 0.012134 0.001575 0.001377 0.001130 0.009048 0.000545 0.000293 0.000208 0.000671 0.006960 0.007386 0.000675 0.004190 0.006357 -0.003645 -0.016089 0.002402 0.003703 0.003494 0.003200 0.000667 -0.003751 -0.001197
0.006162 0.006600 -0.000017 0.000432 0.000238 0.000113 -0.001188 -0.001416 0.002858 0.001106 -0.002609 0.001285 0.001120 0.001124 0.001126 0.001128 -0.002130 -0.002030 0.001129 -0.002167 -0.003945 -0.004059 0.002748 0.002741 0.001746 -0.002080 0.002629 0.002528 0.002409 0.002325 0.002281 0.002263 0.002211 0.002134 0.002055 0.001970 0.001886 0.001842 0.001805 0.001763 0.001714 0.001678 -0.002840 -0.002896 -0.002935 -0.003072 -0.003012 -0.000220 -0.007783 0.000178
