0.008122 0.002564 -0.001180 0.013481 -0.000557 0.016213 0.000751 0.024970 0.030286 0.032925 0.002114 0.039968 0.046059 0.047900 0.122532 0.054755 0.078307 0.058693 0.086963 0.091301 0.068339 0.100149 0.078923 0.082959 0.009469 0.091911 0.007837 0.100787 0.105694 0.110781 0.009649 0.010247 0.139771 0.133259 0.010551 0.011870 0.404110 0.423870 0.169301 0.166172 0.476930 0.503827 0.534154 0.223634 0.236466 0.260054 0.283198 0.317860 0.374942 1.293697
0.003429 0.017646 0.032433 0.032453 0.046775 0.071532 0.083049 0.094573 0.105628 0.117371 0.130339 0.143663 0.144711 0.170364 0.183944 0.197601 0.211312 0.225297 0.239520 0.237263 0.251273 0.265546 0.280067 0.294834 0.321422 0.321107 0.341233 0.357661 0.374644 0.392192 0.410331 0.429548 0.444419 0.470597 0.492870 0.507427 0.542349 0.569570 0.598320 0.629076 0.662619 0.711745 0.733868 0.779574 0.832237 0.894858 0.971931 1.070490 1.093333 1.356966
0.004974 0.010967 0.033415 0.046360 0.057398 0.069255 0.081359 0.093505 0.105781 0.118202 0.131068 0.143747 0.156438 0.163962 0.176689 0.189741 0.203000 0.216419 0.230036 0.243841 0.257856 0.272111 0.286670 0.301519 0.316663 0.332103 0.347886 0.364159 0.380914 0.398242 0.416336 0.435153 0.454642 0.475157 0.496751 0.519512 0.530020 0.554723 0.581043 0.609162 0.639419 0.672213 0.708039 0.747409 0.791015 0.839283 0.892705 0.947900 1.030825 1.078123
0.007132 0.010916 0.030885 0.044254 0.056575 0.068805 0.080856 0.092934 0.105129 0.117329 0.129773 0.142205 0.154813 0.162875 0.175686 0.188698 0.201875 0.215224 0.228767 0.242516 0.256490 0.270722 0.285237 0.300054 0.315206 0.330730 0.346662 0.363024 0.379829 0.397072 0.414798 0.433378 0.452751 0.473047 0.494260 0.516535 0.526725 0.550785 0.576194 0.603171 0.631920 0.662651 0.695645 0.731120 0.769367 0.810129 0.853249 0.895209 1.015280 1.036865
0.006885 0.010702 0.031371 0.044275 0.056296 0.068557 0.080597 0.092630 0.104775 0.116994 0.129291 0.141644 0.154183 0.162380 0.175117 0.188018 0.201087 0.214327 0.227751 0.241378 0.255226 0.269335 0.283720 0.298420 0.313466 0.328847 0.344601 0.360754 0.377357 0.394462 0.412003 0.430270 0.449322 0.469099 0.489723 0.511265 0.521069 0.544087 0.568273 0.593736 0.620600 0.648952 0.678880 0.710380 0.743422 0.777496 0.812116 0.843128 0.899686 0.916379
0.006893 0.010695 0.030791 0.044029 0.056140 0.068320 0.080305 0.092352 0.104435 0.116630 0.128866 0.141176 0.153642 0.161764 0.174433 0.187254 0.200245 0.213400 0.226734 0.240260 0.253995 0.267955 0.282164 0.296663 0.311498 0.326693 0.342243 0.358158 0.374485 0.391238 0.408521 0.426425 0.444933 0.464100 0.483992 0.504665 0.513883 0.535772 0.558609 0.582437 0.607297 0.633186 0.660072 0.687775 0.716112 0.744276 0.772119 0.795261 0.891423 0.896460
0.006897 0.010471 0.030762 0.043951 0.056070 0.068072 0.079986 0.091981 0.104017 0.116161 0.128336 0.140597 0.152993 0.161071 0.173652 0.186376 0.199260 0.212303 0.225517 0.238913 0.252509 0.266320 0.280365 0.294667 0.309249 0.324187 0.339475 0.355107 0.371124 0.387518 0.404411 0.421792 0.439704 0.458179 0.477276 0.497029 0.505676 0.526381 0.547809 0.569961 0.592814 0.616297 0.640289 0.664574 0.688863 0.712229 0.734708 0.752327 0.778419 0.818674
0.002303 0.025560 0.035522 0.035429 0.047568 0.059341 0.071559 0.083426 0.095499 0.107481 0.119586 0.131719 0.143991 0.156382 0.168884 0.181567 0.194376 0.207359 0.220501 0.233823 0.247336 0.261058 0.275001 0.289191 0.303645 0.318372 0.333411 0.348795 0.364578 0.380802 0.397436 0.414526 0.432151 0.450338 0.469125 0.488558 0.508673 0.529503 0.551068 0.573392 0.596404 0.620194 0.644256 0.669155 0.692736 0.717965 0.737161 0.740563 0.761884 0.795986
0.007076 0.012629 0.023545 0.041700 0.054877 0.066975 0.078837 0.090809 0.102804 0.114921 0.126970 0.139107 0.151323 0.159291 0.171661 0.184160 0.196795 0.209571 0.222498 0.235585 0.248843 0.262286 0.275932 0.289799 0.303895 0.318277 0.332946 0.347890 0.363073 0.378669 0.394569 0.410820 0.427446 0.444463 0.461886 0.479715 0.487176 0.505466 0.524097 0.543007 0.562106 0.581251 0.600260 0.618839 0.636647 0.653330 0.668656 0.679265 0.701293 0.740996
0.002174 0.010113 0.030367 0.043351 0.055367 0.067248 0.079026 0.090843 0.102678 0.114592 0.126122 0.138177 0.150358 0.158299 0.170638 0.183096 0.195679 0.208397 0.221259 0.234275 0.247455 0.260811 0.274353 0.288100 0.302093 0.316395 0.330929 0.345433 0.360116 0.375419 0.391013 0.406936 0.423199 0.439808 0.456773 0.474082 0.483245 0.501281 0.519641 0.538281 0.557114 0.576024 0.594912 0.613660 0.631588 0.648679 0.666282 0.680568 0.716440 0.701970
-0.000065 0.010906 0.023529 0.041052 0.054109 0.066054 0.077809 0.089645 0.101517 0.113399 0.125285 0.137234 0.149317 0.157191 0.169411 0.181737 0.194180 0.206745 0.219441 0.232278 0.245266 0.258410 0.271720 0.285211 0.298927 0.312936 0.327021 0.340940 0.355443 0.370248 0.385317 0.400643 0.416240 0.432099 0.448220 0.464578 0.473361 0.490267 0.507360 0.524567 0.541799 0.558918 0.575813 0.592450 0.608120 0.622725 0.638305 0.649850 0.676652 0.667378
0.007271 0.012805 0.023523 0.040725 0.053693 0.065552 0.077239 0.088996 0.100796 0.112534 0.124355 0.136213 0.148186 0.155986 0.167921 0.179883 0.192077 0.204375 0.216785 0.229313 0.241965 0.254749 0.267677 0.280759 0.293987 0.307446 0.321023 0.334794 0.348725 0.362821 0.377097 0.391549 0.406175 0.420953 0.435868 0.450887 0.456690 0.471641 0.486541 0.501299 0.515804 0.529926 0.543489 0.556195 0.568041 0.578650 0.588220 0.593681 0.607275 0.631716
0.001907 0.012843 0.023511 0.040402 0.053250 0.065023 0.076634 0.088305 0.100016 0.111592 0.123344 0.135113 0.146973 0.154702 0.166650 0.178693 0.190831 0.203066 0.215406 0.227856 0.240422 0.253107 0.265917 0.278870 0.291995 0.305230 0.318178 0.331659 0.345323 0.359150 0.373138 0.387270 0.401544 0.415936 0.430426 0.444977 0.453035 0.467851 0.482627 0.497287 0.511746 0.525940 0.539855 0.552637 0.564821 0.575922 0.588352 0.596405 0.625348 0.612617
0.007299 0.012863 0.023494 0.040064 0.052765 0.064457 0.075998 0.087585 0.099192 0.110677 0.122274 0.133940 0.145678 0.153315 0.165131 0.177020 0.188992 0.201050 0.213200 0.225445 0.237789 0.250234 0.262785 0.275461 0.288267 0.300984 0.313670 0.326762 0.339987 0.353327 0.366779 0.380329 0.393962 0.407652 0.421373 0.435086 0.442808 0.456671 0.470413 0.483960 0.497236 0.510149 0.522850 0.534268 0.545067 0.554873 0.566009 0.572867 0.577455 0.578295
0.007288 0.012863 0.023465 0.039715 0.052258 0.063871 0.075326 0.086808 0.098291 0.109710 0.121166 0.132710 0.144317 0.151862 0.163529 0.175261 0.187063 0.198937 0.210891 0.222923 0.235039 0.247237 0.259525 0.271920 0.284375 0.296467 0.309063 0.321746 0.334527 0.347386 0.360316 0.373296 0.386309 0.399327 0.412319 0.425242 0.432648 0.445624 0.458419 0.470964 0.483212 0.495067 0.506413 0.516789 0.526464 0.535231 0.545259 0.551148 0.536136 0.556114
0.004997 0.010516 0.023403 0.039356 0.051748 0.063269 0.074630 0.086001 0.097321 0.108697 0.120014 0.131428 0.142898 0.150345 0.161860 0.173428 0.185056 0.196742 0.208494 0.220310 0.232195 0.244145 0.256166 0.268273 0.280235 0.292117 0.304350 0.316637 0.328984 0.341374 0.353797 0.366227 0.378647 0.391024 0.403327 0.415511 0.422616 0.434774 0.446702 0.458346 0.469700 0.480748 0.490886 0.500246 0.508980 0.516866 0.525927 0.531070 0.533446 0.535749
0.003261 0.012818 0.023313 0.038987 0.051237 0.062652 0.073915 0.085177 0.096320 0.107590 0.118814 0.130101 0.141432 0.148774 0.160132 0.171532 0.182982 0.194478 0.206026 0.217625 0.229278 0.240978 0.252740 0.264499 0.275868 0.287711 0.299583 0.311473 0.323396 0.335330 0.347263 0.359165 0.371019 0.382790 0.394448 0.405943 0.412766 0.424171 0.435311 0.446137 0.456629 0.466922 0.476088 0.484590 0.492520 0.499722 0.507870 0.512440 0.513849 0.516912
0.003405 0.012773 0.023208 0.038613 0.050711 0.062023 0.073191 0.084352 0.095371 0.106469 0.117582 0.128737 0.139925 0.147158 0.158356 0.169587 0.180856 0.192160 0.203505 0.214885 0.226305 0.237758 0.249259 0.260589 0.271745 0.283260 0.294778 0.306284 0.317797 0.329291 0.340753 0.352152 0.363468 0.374670 0.385723 0.396579 0.403139 0.413855 0.424284 0.434400 0.444153 0.453533 0.462027 0.469769 0.476994 0.483817 0.490935 0.495099 0.479877 0.489716
0.003561 0.012726 0.023092 0.038241 0.050175 0.061390 0.072461 0.083506 0.094397 0.105346 0.116328 0.127345 0.138387 0.145508 0.156545 0.167605 0.178693 0.189805 0.200944 0.212108 0.223296 0.234503 0.245716 0.256399 0.267609 0.278799 0.289965 0.301099 0.312215 0.323287 0.334299 0.345219 0.356029 0.366695 0.377185 0.387452 0.393766 0.403852 0.413640 0.423144 0.432394 0.440830 0.448628 0.455710 0.462322 0.469037 0.475047 0.478920 0.463768 0.481779
0.003707 0.010381 0.022971 0.037852 0.049650 0.060747 0.071701 0.082596 0.093409 0.104211 0.115057 0.125933 0.136826 0.143835 0.154709 0.165599 0.176505 0.187425 0.198361 0.209309 0.220269 0.231238 0.242022 0.252556 0.263460 0.274340 0.285168 0.295943 0.306678 0.317346 0.327930 0.338397 0.348730 0.358894 0.368860 0.378582 0.384671 0.394181 0.403383 0.412274 0.421027 0.428737 0.435922 0.442412 0.448444 0.454975 0.460183 0.463773 0.481202 0.467910
0.003851 0.010387 0.022849 0.037454 0.049114 0.060098 0.070922 0.081623 0.092393 0.103062 0.113773 0.124507 0.135251 0.142151 0.152863 0.163581 0.174307 0.185036 0.195771 0.206505 0.217239 0.227958 0.238084 0.248713 0.259335 0.269904 0.280406 0.290836 0.301207 0.311490 0.321667 0.331707 0.341592 0.351289 0.360769 0.369989 0.375874 0.384864 0.393559 0.401921 0.409998 0.417218 0.423875 0.429862 0.435386 0.441133 0.446163 0.449581 0.466536 0.453691
0.003988 0.010387 0.022721 0.037044 0.048571 0.059448 0.070161 0.080738 0.091331 0.101902 0.112483 0.123077 0.133673 0.140469 0.151020 0.161570 0.172117 0.182658 0.193192 0.203715 0.214223 0.224551 0.234527 0.244895 0.255239 0.265510 0.275699 0.285800 0.295823 0.305739 0.315532 0.325170 0.334636 0.343897 0.352927 0.361686 0.367385 0.375904 0.384158 0.392220 0.399533 0.406263 0.412463 0.418027 0.423122 0.428016 0.433222 0.436310 0.431223 0.432163
-0.005313 0.010385 0.022566 0.036638 0.048033 0.058800 0.069413 0.079864 0.090301 0.100748 0.111197 0.121650 0.132099 0.138803 0.149196 0.159580 0.169952 0.180307 0.190646 0.200960 0.211243 0.220884 0.231015 0.241125 0.251197 0.261182 0.271071 0.280856 0.290548 0.300118 0.309548 0.318809 0.327884 0.336740 0.345354 0.353689 0.359217 0.367306 0.375085 0.382790 0.389562 0.395872 0.401671 0.406881 0.411619 0.415875 0.421118 0.423874 0.418452 0.429785
-0.005233 0.010199 0.022410 0.036250 0.047507 0.058162 0.068662 0.078979 0.089281 0.099599 0.109913 0.120227 0.130530 0.137141 0.147380 0.157598 0.167799 0.177974 0.188119 0.198229 0.208092 0.217636 0.227549 0.237416 0.247231 0.256941 0.266548 0.276031 0.285411 0.294650 0.303741 0.312647 0.321358 0.329839 0.338073 0.346021 0.351391 0.359127 0.366628 0.373718 0.380105 0.386043 0.391494 0.396376 0.400808 0.404530 0.409763 0.412227 0.406527 0.416033
0.006522 0.023509 0.027429 0.038012 0.048293 0.058555 0.068763 0.079009 0.089214 0.099414 0.109605 0.119780 0.129941 0.136733 0.146864 0.156974 0.167060 0.177118 0.187144 0.197137 0.207074 0.216958 0.226777 0.236540 0.246234 0.255835 0.265332 0.274702 0.283946 0.293040 0.301978 0.310729 0.319275 0.327587 0.335648 0.343430 0.345294 0.352542 0.359398 0.365788 0.371744 0.377278 0.382308 0.386791 0.390791 0.395045 0.397064 0.397675 0.398463 0.413695
-0.005088 0.010327 0.022077 0.035481 0.046462 0.056876 0.067036 0.077179 0.087249 0.097316 0.107366 0.117404 0.127417 0.133813 0.143740 0.153636 0.163499 0.173320 0.183102 0.192517 0.201827 0.211369 0.220846 0.230251 0.239579 0.248784 0.257854 0.266786 0.275587 0.284230 0.292700 0.300969 0.309026 0.316840 0.324396 0.331671 0.336766 0.343822 0.350763 0.356859 0.362602 0.367919 0.372805 0.377176 0.381321 0.383887 0.389065 0.391108 0.388933 0.394949
-0.004982 0.010321 0.021917 0.035098 0.045957 0.056272 0.066319 0.076303 0.086255 0.096198 0.106119 0.116022 0.125897 0.132185 0.141963 0.151704 0.161405 0.171062 0.180671 0.189581 0.199002 0.208353 0.217620 0.226811 0.235906 0.244882 0.253703 0.262383 0.270917 0.279292 0.287480 0.295467 0.303228 0.310750 0.318009 0.324993 0.329986 0.336967 0.343272 0.349094 0.354555 0.359598 0.364202 0.368298 0.372727 0.374370 0.379668 0.381544 0.395477 0.382462
0.001662 0.010336 0.021770 0.034718 0.045465 0.055692 0.065598 0.075453 0.085284 0.095106 0.104900 0.114672 0.124411 0.130603 0.140238 0.149829 0.159376 0.168875 0.177835 0.187025 0.196261 0.205418 0.214490 0.223470 0.232352 0.241102 0.249693 0.258130 0.266419 0.274538 0.282468 0.290187 0.297681 0.304929 0.311921 0.318596 0.323471 0.330249 0.336152 0.341728 0.346953 0.351763 0.356113 0.359948 0.363589 0.365591 0.370754 0.372554 0.386045 0.376249
0.001378 0.010330 0.021645 0.034329 0.044982 0.055035 0.064900 0.074623 0.084338 0.094039 0.103710 0.113355 0.122962 0.129068 0.138564 0.148011 0.157410 0.166660 0.175392 0.184531 0.193599 0.202572 0.211457 0.220238 0.228916 0.237453 0.245826 0.254036 0.262094 0.269975 0.277663 0.285134 0.292380 0.299379 0.306127 0.312495 0.317646 0.323759 0.329417 0.334774 0.339775 0.344392 0.348553 0.352217 0.354974 0.357458 0.362412 0.364124 0.361975 0.371003
0.001153 0.010331 0.021517 0.033985 0.044496 0.054415 0.064162 0.073808 0.083415 0.093002 0.102554 0.112076 0.121555 0.127580 0.136943 0.146252 0.155509 0.164086 0.173149 0.182126 0.191024 0.199822 0.208528 0.217121 0.225607 0.233943 0.242111 0.250109 0.257949 0.265607 0.273071 0.280314 0.287331 0.294105 0.300577 0.306744 0.311830 0.317589 0.323059 0.328218 0.333022 0.337445 0.341445 0.345234 0.347172 0.349860 0.354594 0.356216 0.354124 0.359893
0.000970 0.010318 0.021399 0.033660 0.044057 0.053878 0.063480 0.073022 0.082522 0.091998 0.101434 0.110837 0.120193 0.126143 0.135380 0.144560 0.153311 0.162065 0.170981 0.179805 0.188544 0.197177 0.205711 0.214128 0.222431 0.230578 0.238554 0.246353 0.253991 0.261442 0.268697 0.275729 0.282538 0.289098 0.295310 0.301517 0.306226 0.311767 0.317071 0.322041 0.326667 0.330865 0.334674 0.338566 0.339957 0.342754 0.347295 0.348811 0.346781 0.352494
0.000808 0.010349 0.021292 0.033353 0.043651 0.053336 0.062826 0.072265 0.081661 0.091029 0.100354 0.109642 0.118881 0.124764 0.133879 0.142878 0.151274 0.160125 0.168901 0.177578 0.186165 0.194641 0.203013 0.211263 0.219395 0.227366 0.235161 0.242775 0.250224 0.257484 0.264544 0.271384 0.278005 0.284305 0.290482 0.296430 0.300881 0.306306 0.311448 0.316250 0.320722 0.324757 0.328411 0.331847 0.333316 0.336088 0.340448 0.341887 0.339931 0.342388
0.000627 0.010397 0.021194 0.033050 0.043172 0.052812 0.062196 0.071538 0.080832 0.090097 0.099316 0.108495 0.117622 0.123443 0.132441 0.140745 0.149550 0.158270 0.166911 0.175448 0.183891 0.192220 0.200439 0.208533 0.216504 0.224311 0.231937 0.239379 0.246653 0.253735 0.260619 0.267288 0.273687 0.279836 0.285978 0.291586 0.295920 0.301197 0.306171 0.310831 0.315125 0.319056 0.322932 0.325146 0.327239 0.329887 0.334065 0.335428 0.347130 0.340924
0.001644 0.010403 0.021117 0.032763 0.042773 0.052283 0.061590 0.070842 0.080040 0.089207 0.098325 0.107399 0.116420 0.122185 0.130609 0.139213 0.147901 0.156500 0.165014 0.173420 0.181729 0.189918 0.197995 0.205943 0.213764 0.221416 0.228886 0.236168 0.243280 0.250200 0.256928 0.263412 0.269608 0.275853 0.281606 0.287033 0.291276 0.296414 0.301252 0.305775 0.309906 0.313665 0.317396 0.319068 0.321603 0.324140 0.328141 0.329425 0.328430 0.324580
0.001572 0.010375 0.021066 0.032507 0.042401 0.051800 0.061017 0.070180 0.079286 0.088359 0.097380 0.106357 0.115281 0.120766 0.129111 0.137761 0.146337 0.154820 0.163215 0.171499 0.179680 0.187740 0.195683 0.203494 0.211176 0.218685 0.226010 0.233145 0.240110 0.246887 0.253448 0.259732 0.266049 0.271931 0.277487 0.282796 0.286953 0.291954 0.296675 0.301038 0.305086 0.308969 0.311902 0.313816 0.316365 0.318802 0.322639 0.323854 0.322199 0.318936
0.005500 0.010322 0.021022 0.032301 0.042037 0.051345 0.060474 0.069554 0.078573 0.087558 0.096488 0.105374 0.114210 0.119211 0.127844 0.136390 0.144860 0.153234 0.161517 0.169687 0.177750 0.185688 0.193508 0.201191 0.208743 0.216121 0.223311 0.230313 0.237149 0.243774 0.250149 0.256553 0.262549 0.268220 0.273676 0.278858 0.282936 0.287830 0.292400 0.296646 0.300680 0.304349 0.306463 0.309064 0.311529 0.313849 0.317553 0.318700 0.317177 0.313730
0.004118 0.021891 0.024581 0.033648 0.042650 0.051679 0.060654 0.069596 0.078495 0.087350 0.096160 0.104936 0.114292 0.119780 0.128378 0.136897 0.145337 0.153682 0.161933 0.170071 0.178099 0.185998 0.193773 0.201410 0.208910 0.216244 0.223409 0.230392 0.237211 0.244050 0.250390 0.256580 0.262396 0.268045 0.273453 0.278612 0.278931 0.283593 0.287961 0.292025 0.295795 0.299811 0.303965 0.306975 0.309518 0.311277 0.311060 0.310407 0.312569 0.308961
0.004458 0.007090 0.024392 0.033388 0.042301 0.051254 0.060149 0.069011 0.077828 0.086602 0.095328 0.104574 0.113281 0.118745 0.127265 0.135685 0.144031 0.152279 0.160430 0.168467 0.176392 0.184184 0.191851 0.199376 0.206763 0.213984 0.221040 0.227928 0.234826 0.241250 0.247525 0.253482 0.259266 0.264813 0.270129 0.275178 0.275421 0.279976 0.284262 0.288249 0.292301 0.296163 0.300065 0.302945 0.305364 0.307050 0.306799 0.306070 0.308364 0.314791
0.001268 0.010288 0.024199 0.033137 0.041987 0.050864 0.059679 0.068465 0.077206 0.085907 0.094980 0.103816 0.112354 0.117786 0.126215 0.134559 0.142819 0.150978 0.159038 0.166982 0.174811 0.182506 0.190074 0.197498 0.204787 0.206835 0.218926 0.225818 0.232370 0.238680 0.244804 0.250718 0.256409 0.261875 0.267082 0.272009 0.272199 0.276683 0.280901 0.284964 0.289131 0.293382 0.296516 0.299243 0.301564 0.303187 0.302910 0.302104 0.296867 0.306626
0.002848 0.010273 0.024018 0.032920 0.041695 0.050506 0.059252 0.067966 0.076638 0.085546 0.094516 0.103050 0.111492 0.116904 0.125257 0.133523 0.141703 0.149781 0.157759 0.165618 0.173361 0.180969 0.188450 0.195782 0.203001 0.210195 0.217044 0.223715 0.230100 0.236349 0.242393 0.248217 0.253839 0.259190 0.264310 0.269220 0.269295 0.273721 0.277956 0.282336 0.286857 0.290250 0.293260 0.295868 0.298120 0.299681 0.299372 0.298489 0.301067 0.303282
0.002737 0.010325 0.023871 0.032717 0.041421 0.050170 0.058854 0.067505 0.076263 0.085367 0.093883 0.102333 0.110705 0.116099 0.124384 0.132580 0.140689 0.148694 0.156596 0.164380 0.172047 0.179581 0.186995 0.194390 0.201515 0.208425 0.215143 0.221711 0.228094 0.234265 0.240241 0.245991 0.251493 0.256811 0.261904 0.266800 0.266730 0.271247 0.275792 0.280490 0.284167 0.287412 0.290308 0.292833 0.295024 0.296523 0.296183 0.295231 0.294703 0.303635
0.002627 0.010294 0.023736 0.032527 0.041165 0.049855 0.058478 0.067144 0.076329 0.084848 0.093295 0.101684 0.109994 0.115376 0.123599 0.131733 0.139778 0.147718 0.155556 0.163274 0.170874 0.178402 0.185806 0.192954 0.199963 0.206801 0.213505 0.220005 0.226324 0.232441 0.238317 0.243999 0.249494 0.254771 0.260012 0.264828 0.264974 0.269492 0.274382 0.278237 0.281732 0.284880 0.287690 0.290152 0.292285 0.293726 0.293366 0.292371 0.305987 0.296186
0.002529 0.008072 0.023605 0.032353 0.040933 0.049564 0.058196 0.067407 0.075914 0.084377 0.092771 0.101107 0.109364 0.114733 0.122903 0.130983 0.138974 0.146855 0.154641 0.162364 0.169976 0.177357 0.184584 0.191669 0.198633 0.205438 0.212087 0.218538 0.224775 0.230824 0.236707 0.242372 0.247992 0.253321 0.258349 0.263164 0.263725 0.268413 0.272457 0.276181 0.279597 0.282664 0.285418 0.287824 0.289904 0.291284 0.290906 0.289881 0.288570 0.300263
0.002403 0.008131 0.023495 0.032192 0.040724 0.049353 0.058563 0.067081 0.075545 0.083962 0.092311 0.100602 0.108812 0.114176 0.122301 0.130333 0.138290 0.146240 0.153979 0.161578 0.169034 0.176369 0.183568 0.190615 0.197536 0.204285 0.210867 0.217289 0.223530 0.229592 0.235636 0.241352 0.246782 0.252074 0.256163 0.260356 0.262528 0.266790 0.270757 0.274409 0.277757 0.280773 0.283474 0.285830 0.287858 0.289174 0.288737 0.287744 0.293383 0.291448
0.003518 0.008219 0.023389 0.032037 0.040571 0.049802 0.058308 0.066791 0.075218 0.083596 0.091904 0.100157 0.108325 0.113696 0.121798 0.129869 0.137789 0.145541 0.153244 0.160814 0.168261 0.175577 0.182738 0.189734 0.196618 0.203384 0.210050 0.216578 0.222915 0.228905 0.234810 0.240524 0.244933 0.249684 0.254337 0.258750 0.261234 0.265418 0.269317 0.272908 0.276207 0.279176 0.281835 0.284150 0.286125 0.287420 0.287054 0.285946 0.290805 0.295662
0.000001 0.008343 0.023286 0.031893 0.041043 0.049583 0.058065 0.066519 0.074916 0.083260 0.091527 0.099743 0.107876 0.113349 0.121415 0.129353 0.137240 0.145032 0.152690 0.160219 0.167654 0.174967 0.182159 0.189349 0.196424 0.203321 0.209919 0.216333 0.222407 0.228324 0.233444 0.238617 0.243654 0.248525 0.253208 0.257621 0.260039 0.264168 0.268020 0.271570 0.274830 0.277772 0.280419 0.282730 0.284720 0.286000 0.285475 0.284426 0.289016 0.293850
0.002706 0.008553 0.023202 0.032410 0.040841 0.049336 0.057769 0.066162 0.074512 0.082814 0.091017 0.099202 0.107299 0.112990 0.121032 0.129010 0.136899 0.144693 0.152480 0.160171 0.167705 0.175076 0.182308 0.189379 0.196315 0.203029 0.209514 0.215954 0.222017 0.227071 0.232456 0.237767 0.242874 0.247764 0.252432 0.256776 0.259275 0.263378 0.267192 0.270701 0.273926 0.276823 0.279423 0.281696 0.283665 0.285066 0.284512 0.282796 0.287507 0.292387
0.002186 0.008703 0.023439 0.031802 0.040272 0.048735 0.057167 0.065571 0.073910 0.082186 0.090415 0.098577 0.106659 0.112006 0.120106 0.128117 0.136021 0.143812 0.151486 0.159027 0.166411 0.173627 0.180712 0.187667 0.194479 0.201095 0.207653 0.213955 0.220043 0.225854 0.231318 0.236528 0.241568 0.246458 0.251290 0.255237 0.258299 0.262149 0.265717 0.269054 0.272178 0.274972 0.277479 0.279658 0.281570 0.283005 0.283703 0.278524 0.285501 0.291117
0.001934 0.008773 0.023620 0.025338 0.043016 0.052089 0.056132 0.058002 0.079611 0.088670 0.097658 0.096296 0.115444 0.124223 0.132915 0.141509 0.149985 0.136330 0.166569 0.162934 0.158296 0.178562 0.186033 0.193397 0.210026 0.191119 0.218966 0.204360 0.228156 0.234492 0.240633 0.243536 0.251994 0.257151 0.261722 0.267262 0.249821 0.273131 0.278859 0.259680 0.283229 0.280766 0.269480 0.267635 0.299605 0.301193 0.302580 0.301182 0.282473 0.291643
0.002092 0.013662 0.024443 0.026540 0.043396 0.052190 0.063044 0.072481 0.072891 0.089098 0.087585 0.086790 0.115957 0.124713 0.133363 0.141895 0.152906 0.153623 0.166812 0.177270 0.158861 0.166314 0.184074 0.191140 0.214784 0.206922 0.211503 0.217922 0.224126 0.230143 0.235946 0.241540 0.246908 0.252014 0.256859 0.261439 0.265732 0.269758 0.273498 0.276931 0.280049 0.282845 0.291230 0.293507 0.295600 0.297446 0.301163 0.295553 0.259973 0.280995
