0.025460 0.012406 0.027754 0.030810 0.014921 0.016432 0.024545 0.018289 0.018104 -0.000916 0.002447 -0.006543 -0.006218 0.020633 0.019027 0.010494 0.001025 -0.004360 0.004187 0.000213 0.003306 0.016041 0.010948 0.004453 0.002329 -0.001358 0.002431 0.005208 0.001007 0.014542 0.000000 0.000000 0.000000 0.000000 0.000000 0.000000 0.000000 0.000000 0.000000 0.000000 0.000000 0.000000 0.000000 0.000000 0.000000 0.000000 0.000000 0.000000 0.000000 0.000000
0.010578 0.003785 0.027221 0.026361 0.014689 0.029213 0.023845 -0.001732 0.038708 0.029593 0.002909 0.029965 0.030164 0.004309 0.005036 0.005954 0.007399 0.014175 0.010011 0.011529 0.016396 0.017776 0.018547 0.017015 0.018133 0.022646 0.025211 0.024037 0.034362 0.041954 0.000000 0.000000 0.000000 0.000000 0.000000 0.000000 0.000000 0.000000 0.000000 0.000000 0.000000 0.000000 0.000000 0.000000 0.000000 0.000000 0.000000 0.000000 0.000000 0.000000
-0.001837 0.068802 0.047079 0.052669 0.060253 0.045061 0.049441 0.046238 0.047234 0.046737 0.048085 0.048320 0.048818 0.049227 0.049790 0.050351 0.050909 0.051428 0.050856 0.051508 0.052141 0.052923 0.053482 0.048496 0.054981 0.055630 0.056429 0.057653 0.045666 0.042244 0.000000 0.000000 0.000000 0.000000 0.000000 0.000000 0.000000 0.000000 0.000000 0.000000 0.000000 0.000000 0.000000 0.000000 0.000000 0.000000 0.000000 0.000000 0.000000 0.000000
0.041181 0.072411 0.056675 0.032923 0.052431 0.042270 0.046587 0.045738 0.046810 0.047817 0.065604 0.065912 0.066319 0.066865 0.067305 0.067895 0.068732 0.069555 0.052172 0.052866 0.053577 0.054451 0.054656 0.069939 0.056697 0.056428 0.057887 0.056581 0.073796 0.070684 0.000000 0.000000 0.000000 0.000000 0.000000 0.000000 0.000000 0.000000 0.000000 0.000000 0.000000 0.000000 0.000000 0.000000 0.000000 0.000000 0.000000 0.000000 0.000000 0.000000
0.029250 0.044996 0.058675 0.056114 0.064480 0.061529 0.063328 0.063267 0.064956 0.064998 0.066212 0.066764 0.067379 0.068066 0.068514 0.069125 0.069704 0.070346 0.071224 0.072244 0.073352 0.074528 0.075057 0.090410 0.077051 0.078620 0.078682 0.078883 0.093766 0.081285 0.000000 0.000000 0.000000 0.000000 0.000000 0.000000 0.000000 0.000000 0.000000 0.000000 0.000000 0.000000 0.000000 0.000000 0.000000 0.000000 0.000000 0.000000 0.000000 0.000000
0.000058 0.120431 0.078114 0.075786 0.080133 0.078530 0.079894 0.081364 0.080761 0.081352 0.081738 0.082059 0.082810 0.083379 0.084350 0.085125 0.086169 0.087143 0.088257 0.089418 0.090661 0.091815 0.093414 0.111161 0.095849 0.095309 0.097807 0.097106 0.114841 0.104287 0.000000 0.000000 0.000000 0.000000 0.000000 0.000000 0.000000 0.000000 0.000000 0.000000 0.000000 0.000000 0.000000 0.000000 0.000000 0.000000 0.000000 0.000000 0.000000 0.000000
0.016021 0.078131 0.088124 0.093742 0.094126 0.094695 0.096021 0.096179 0.096988 0.097093 0.098294 0.099044 0.099836 0.100763 0.101717 0.102821 0.103996 0.105283 0.106681 0.108168 0.109730 0.111344 0.112835 0.112820 0.115830 0.116951 0.118194 0.117588 0.135647 0.115293 0.000000 0.000000 0.000000 0.000000 0.000000 0.000000 0.000000 0.000000 0.000000 0.000000 0.000000 0.000000 0.000000 0.000000 0.000000 0.000000 0.000000 0.000000 0.000000 0.000000
0.025820 0.149534 0.109308 0.109308 0.109150 0.109897 0.111010 0.113406 0.112912 0.127312 0.127843 0.128947 0.129935 0.131129 0.132480 0.134011 0.135712 0.137588 0.139566 0.125798 0.127672 0.129527 0.131508 0.131327 0.135131 0.136332 0.138109 0.137274 0.157315 0.168982 0.000000 0.000000 0.000000 0.000000 0.000000 0.000000 0.000000 0.000000 0.000000 0.000000 0.000000 0.000000 0.000000 0.000000 0.000000 0.000000 0.000000 0.000000 0.000000 0.000000
-0.000125 0.160930 0.121286 0.124862 0.125878 0.126051 0.127529 0.128206 0.128920 0.129376 0.130245 0.131168 0.132194 0.133401 0.134751 0.136268 0.137945 0.139780 0.141769 0.143885 0.146119 0.148400 0.150723 0.151566 0.155147 0.156937 0.158733 0.157945 0.179335 0.180389 0.000000 0.000000 0.000000 0.000000 0.000000 0.000000 0.000000 0.000000 0.000000 0.000000 0.000000 0.000000 0.000000 0.000000 0.000000 0.000000 0.000000 0.000000 0.000000 0.000000
0.026103 0.126884 0.139046 0.141187 0.139626 0.143391 0.141251 0.144371 0.143892 0.145216 0.145954 0.146967 0.148118 0.149463 0.150998 0.152722 0.154646 0.156761 0.159068 0.161537 0.164166 0.166862 0.169663 0.171453 0.175041 0.177236 0.179540 0.178669 0.191162 0.194951 0.000000 0.000000 0.000000 0.000000 0.000000 0.000000 0.000000 0.000000 0.000000 0.000000 0.000000 0.000000 0.000000 0.000000 0.000000 0.000000 0.000000 0.000000 0.000000 0.000000
0.035220 0.144240 0.158391 0.154300 0.153055 0.155209 0.156301 0.157711 0.159501 0.160556 0.161530 0.162692 0.163985 0.165499 0.167027 0.168770 0.170692 0.172919 0.175446 0.178333 0.181489 0.184879 0.188386 0.191537 0.195232 0.198254 0.200981 0.200217 0.225285 0.217792 0.000000 0.000000 0.000000 0.000000 0.000000 0.000000 0.000000 0.000000 0.000000 0.000000 0.000000 0.000000 0.000000 0.000000 0.000000 0.000000 0.000000 0.000000 0.000000 0.000000
0.033992 0.176975 0.168627 0.169732 0.170089 0.172751 0.172226 0.174618 0.175081 0.175990 0.176975 0.178192 0.179597 0.181226 0.183098 0.185230 0.187641 0.190339 0.193335 0.196608 0.200167 0.203912 0.207885 0.211430 0.215841 0.219288 0.222843 0.222336 0.237338 0.229120 0.000000 0.000000 0.000000 0.000000 0.000000 0.000000 0.000000 0.000000 0.000000 0.000000 0.000000 0.000000 0.000000 0.000000 0.000000 0.000000 0.000000 0.000000 0.000000 0.000000
0.051858 0.169512 0.189931 0.184699 0.187657 0.186508 0.189561 0.189177 0.189932 0.191117 0.192127 0.193472 0.195025 0.196855 0.198774 0.201088 0.203732 0.206720 0.210077 0.213789 0.217882 0.222251 0.226966 0.231478 0.236662 0.241000 0.245516 0.245481 0.262260 0.269514 0.000000 0.000000 0.000000 0.000000 0.000000 0.000000 0.000000 0.000000 0.000000 0.000000 0.000000 0.000000 0.000000 0.000000 0.000000 0.000000 0.000000 0.000000 0.000000 0.000000
0.105623 0.186994 0.199695 0.200247 0.200018 0.202536 0.201898 0.204553 0.205363 0.206245 0.207326 0.208623 0.210174 0.211993 0.214125 0.216598 0.219454 0.222718 0.226434 0.230595 0.235258 0.240309 0.245869 0.251373 0.257649 0.263090 0.268907 0.269513 0.287897 0.335095 0.000000 0.000000 0.000000 0.000000 0.000000 0.000000 0.000000 0.000000 0.000000 0.000000 0.000000 0.000000 0.000000 0.000000 0.000000 0.000000 0.000000 0.000000 0.000000 0.000000
0.069025 0.204381 0.215895 0.215117 0.214294 0.217306 0.216777 0.218295 0.220041 0.220996 0.222147 0.223463 0.225051 0.226922 0.229138 0.231736 0.234772 0.238287 0.242345 0.246957 0.252217 0.258017 0.264545 0.271396 0.278894 0.285848 0.293422 0.295169 0.315343 0.369047 0.000000 0.000000 0.000000 0.000000 0.000000 0.000000 0.000000 0.000000 0.000000 0.000000 0.000000 0.000000 0.000000 0.000000 0.000000 0.000000 0.000000 0.000000 0.000000 0.000000
0.051693 0.220715 0.230367 0.229010 0.229245 0.232034 0.231612 0.233974 0.234979 0.235723 0.236795 0.238061 0.239630 0.241504 0.243756 0.246430 0.249599 0.253319 0.257678 0.262711 0.268559 0.275129 0.282712 0.290863 0.300071 0.308837 0.318898 0.322203 0.345058 0.341763 0.000000 0.000000 0.000000 0.000000 0.000000 0.000000 0.000000 0.000000 0.000000 0.000000 0.000000 0.000000 0.000000 0.000000 0.000000 0.000000 0.000000 0.000000 0.000000 0.000000
0.103659 0.237999 0.245651 0.244504 0.243864 0.246803 0.246298 0.248209 0.249340 0.250108 0.251152 0.252364 0.253880 0.255712 0.257945 0.260635 0.263870 0.267726 0.272319 0.277717 0.284111 0.291471 0.300147 0.309935 0.321017 0.332523 0.345543 0.352480 0.378862 0.387285 0.000000 0.000000 0.000000 0.000000 0.000000 0.000000 0.000000 0.000000 0.000000 0.000000 0.000000 0.000000 0.000000 0.000000 0.000000 0.000000 0.000000 0.000000 0.000000 0.000000
0.057735 0.253478 0.261178 0.258126 0.258738 0.261486 0.260978 0.262994 0.263813 0.264437 0.265328 0.266410 0.267803 0.269526 0.271668 0.274295 0.277508 0.281402 0.286124 0.291772 0.298609 0.306642 0.316421 0.327698 0.341207 0.355525 0.373357 0.384553 0.416248 0.430758 0.000000 0.000000 0.000000 0.000000 0.000000 0.000000 0.000000 0.000000 0.000000 0.000000 0.000000 0.000000 0.000000 0.000000 0.000000 0.000000 0.000000 0.000000 0.000000 0.000000
0.113048 0.269179 0.276101 0.273450 0.273593 0.276309 0.275464 0.277334 0.278028 0.278519 0.279248 0.280161 0.281377 0.282922 0.284894 0.287365 0.290449 0.294257 0.298958 0.304702 0.311776 0.320355 0.330957 0.344043 0.359512 0.378316 0.400665 0.422479 0.469702 0.484732 0.000000 0.000000 0.000000 0.000000 0.000000 0.000000 0.000000 0.000000 0.000000 0.000000 0.000000 0.000000 0.000000 0.000000 0.000000 0.000000 0.000000 0.000000 0.000000 0.000000
0.095063 0.296823 0.291525 0.288126 0.288175 0.290972 0.289954 0.291700 0.292155 0.292451 0.292951 0.293631 0.294602 0.295895 0.297606 0.299817 0.302644 0.306214 0.310707 0.316310 0.323355 0.332078 0.343206 0.357368 0.375070 0.397069 0.427638 0.459318 0.511179 0.635227 0.000000 0.000000 0.000000 0.000000 0.000000 0.000000 0.000000 0.000000 0.000000 0.000000 0.000000 0.000000 0.000000 0.000000 0.000000 0.000000 0.000000 0.000000 0.000000 0.000000
0.122823 0.311916 0.306849 0.302451 0.302725 0.305539 0.304245 0.305957 0.306139 0.306206 0.306429 0.306826 0.307484 0.308446 0.309805 0.311641 0.314072 0.317229 0.321288 0.326464 0.333076 0.341469 0.352417 0.366387 0.385797 0.410414 0.449435 0.493435 0.560536 0.742573 0.000000 0.000000 0.000000 0.000000 0.000000 0.000000 0.000000 0.000000 0.000000 0.000000 0.000000 0.000000 0.000000 0.000000 0.000000 0.000000 0.000000 0.000000 0.000000 0.000000
0.166569 0.327001 0.321644 0.317583 0.317522 0.319987 0.318549 0.320071 0.319998 0.319802 0.319706 0.319763 0.320045 0.320599 0.321510 0.322860 0.324753 0.327321 0.330706 0.335152 0.340852 0.348352 0.357889 0.370927 0.387652 0.412204 0.444712 0.492347 0.588888 0.399199 0.010729 0.023056 0.008343 0.006584 0.008186 0.005403 -0.003942 -0.003800 -0.003558 -0.003543 -0.003259 -0.002903 -0.002607 -0.002055 -0.001666 -0.001394 0.001164 0.002209 -0.002976 0.002185
0.106551 0.356687 0.336633 0.332690 0.332126 0.334643 0.332883 0.334289 0.333826 0.333310 0.332826 0.332751 0.332604 0.332669 0.333051 0.333811 0.335041 0.336852 0.339361 0.342753 0.347169 0.353008 0.360286 0.370246 0.381856 0.399077 0.417090 0.440101 0.503395 0.279707 0.074569 0.054371 0.036520 0.023092 0.016366 0.013240 0.039214 0.034910 0.031958 0.029816 0.027677 0.025615 0.023446 0.021517 0.019933 0.017837 0.016329 0.013593 0.006782 0.021539
0.123984 0.347958 0.351567 0.347257 0.346922 0.349108 0.347119 0.348253 0.347547 0.346680 0.345805 0.345015 0.344354 0.343873 0.343636 0.343707 0.344152 0.345065 0.346502 0.348634 0.351430 0.355288 0.359772 0.366019 0.371970 0.381274 0.385071 0.395600 0.375341 0.306883 0.212733 0.147106 0.108237 0.090167 0.076319 0.066793 0.058235 0.052134 0.047614 0.043898 0.040913 0.038660 0.036870 0.035193 0.034278 0.032941 0.033343 0.029581 0.028471 0.035888
0.123135 0.364209 0.366257 0.362866 0.361951 0.363797 0.361589 0.362466 0.361331 0.360056 0.358711 0.357419 0.356200 0.355109 0.354194 0.353507 0.353097 0.353027 0.353319 0.354079 0.355210 0.356960 0.358799 0.361393 0.362726 0.364772 0.360399 0.355002 0.327569 0.279065 0.215140 0.172742 0.141070 0.118119 0.099868 0.087074 0.077501 0.070088 0.064313 0.059539 0.055976 0.052820 0.050388 0.048258 0.046882 0.045318 0.044742 0.043806 0.040270 0.034047
0.139402 0.382430 0.381384 0.377949 0.377139 0.378574 0.376131 0.376466 0.375075 0.373354 0.371548 0.369717 0.367906 0.366159 0.364519 0.363025 0.361708 0.360609 0.359717 0.359084 0.358571 0.358297 0.357727 0.357203 0.355139 0.352380 0.344959 0.333912 0.311717 0.275786 0.232408 0.195214 0.164963 0.143534 0.126267 0.112635 0.101847 0.093096 0.086005 0.080120 0.075018 0.071477 0.067516 0.065685 0.062862 0.062068 0.060283 0.059552 0.068415 0.065443
0.162104 0.395697 0.397069 0.393261 0.392391 0.393590 0.390752 0.390662 0.388943 0.386724 0.384402 0.381986 0.379541 0.377098 0.374695 0.372361 0.370114 0.367972 0.365907 0.363926 0.361881 0.359786 0.357170 0.354145 0.349459 0.343489 0.333364 0.320041 0.298621 0.271209 0.238176 0.210546 0.185001 0.164239 0.146596 0.132334 0.120454 0.110930 0.103006 0.096465 0.091020 0.086260 0.082783 0.079040 0.077288 0.074490 0.073895 0.073703 0.083391 0.078504
0.096658 0.412735 0.412333 0.409596 0.408559 0.408923 0.406143 0.405402 0.403046 0.400254 0.397338 0.394292 0.391171 0.387998 0.384805 0.381613 0.378430 0.375257 0.372056 0.368804 0.365360 0.361671 0.357373 0.352409 0.345947 0.337976 0.327033 0.313084 0.294652 0.271784 0.246216 0.221770 0.199588 0.180629 0.164313 0.150478 0.138796 0.128869 0.120529 0.113477 0.107476 0.102583 0.098253 0.094909 0.091964 0.089957 0.087998 0.087901 0.097645 0.091339
0.159070 0.431321 0.428741 0.425865 0.423899 0.424894 0.420954 0.419981 0.417233 0.413877 0.410377 0.406674 0.402851 0.398923 0.394922 0.390864 0.386752 0.382579 0.378302 0.373882 0.369191 0.364146 0.358457 0.352020 0.344242 0.335057 0.323502 0.309726 0.292721 0.273469 0.252128 0.231983 0.212514 0.195212 0.179632 0.166127 0.154407 0.144324 0.135682 0.128288 0.121999 0.116621 0.112185 0.108288 0.105392 0.102789 0.101111 0.101014 0.112053 0.093629
0.109374 0.449149 0.445437 0.442655 0.440768 0.440347 0.436880 0.435104 0.431762 0.427782 0.423618 0.419209 0.414643 0.409930 0.405104 0.400177 0.395150 0.390010 0.384718 0.379228 0.373428 0.367229 0.360415 0.352855 0.344173 0.334245 0.322584 0.309155 0.293709 0.276561 0.258328 0.240299 0.223078 0.207223 0.192857 0.180027 0.168720 0.158771 0.150107 0.142586 0.136090 0.130558 0.125818 0.121910 0.118613 0.116107 0.114014 0.113950 0.125506 0.116758
0.117354 0.469342 0.462735 0.460333 0.457323 0.457418 0.452592 0.450510 0.446563 0.441916 0.437061 0.431913 0.426575 0.421056 0.415393 0.409597 0.403671 0.397603 0.391359 0.384889 0.378106 0.370926 0.363182 0.354761 0.345410 0.335028 0.323331 0.310343 0.295936 0.280513 0.264318 0.248369 0.232803 0.218242 0.204749 0.192499 0.181511 0.171725 0.163087 0.155510 0.148915 0.143223 0.138359 0.134254 0.130875 0.128161 0.126085 0.126003 0.138357 0.117541
0.190089 0.488322 0.481127 0.477737 0.474895 0.473833 0.469124 0.466299 0.461716 0.456372 0.450768 0.444837 0.438689 0.432336 0.425819 0.419153 0.412343 0.405380 0.398236 0.390867 0.383204 0.375176 0.366659 0.357559 0.347714 0.337043 0.325404 0.312803 0.299258 0.284988 0.270286 0.255660 0.241429 0.227922 0.215312 0.203699 0.193151 0.183641 0.175149 0.167623 0.161010 0.155268 0.150311 0.146145 0.142636 0.139887 0.137655 0.137618 0.150484 0.140107
0.157887 0.509733 0.499415 0.497230 0.493085 0.491723 0.486040 0.482594 0.477271 0.471157 0.464752 0.457994 0.450997 0.443783 0.436396 0.428856 0.421173 0.413344 0.405344 0.397141 0.388682 0.379908 0.370730 0.361074 0.350837 0.339964 0.328381 0.316116 0.303207 0.289846 0.276224 0.262711 0.249503 0.236877 0.224972 0.213903 0.203740 0.194496 0.186170 0.178731 0.172147 0.166391 0.161397 0.157174 0.153608 0.150798 0.148505 0.148494 0.161701 0.150857
0.126798 0.531084 0.519348 0.516335 0.511833 0.509741 0.503520 0.499376 0.493282 0.486333 0.479064 0.471417 0.463524 0.455411 0.447131 0.438708 0.430158 0.421480 0.412660 0.403675 0.394484 0.385041 0.375282 0.365155 0.354593 0.343561 0.332029 0.320022 0.307600 0.294896 0.282075 0.269370 0.256968 0.245056 0.233771 0.223205 0.213429 0.204470 0.196340 0.189029 0.182514 0.176789 0.171793 0.167559 0.163956 0.161135 0.158778 0.158795 0.172018 0.160961
0.123681 0.552984 0.539672 0.536911 0.531689 0.528591 0.521723 0.516606 0.509728 0.501872 0.493681 0.485087 0.476250 0.467199 0.458000 0.448680 0.439262 0.429748 0.420135 0.410407 0.400531 0.390474 0.380192 0.369646 0.358796 0.347620 0.336111 0.324297 0.312236 0.300034 0.287815 0.275751 0.263980 0.252650 0.241873 0.231735 0.222301 0.213605 0.205670 0.198497 0.192072 0.186400 0.181429 0.177203 0.173589 0.170761 0.168378 0.168404 0.181834 0.170395
0.197393 0.576397 0.560762 0.558862 0.552739 0.548711 0.541145 0.534812 0.526886 0.517978 0.508712 0.499068 0.489211 0.479165 0.469010 0.458769 0.448473 0.438130 0.427742 0.417296 0.406770 0.396138 0.385370 0.374439 0.363321 0.352004 0.340490 0.328807 0.317009 0.305175 0.293408 0.281829 0.270554 0.259693 0.249342 0.239575 0.230449 0.222001 0.214257 0.207229 0.200905 0.195305 0.190376 0.186181 0.182575 0.179770 0.177381 0.177410 0.190954 0.172044
0.202220 0.610206 0.583888 0.581560 0.574278 0.569523 0.560447 0.553121 0.544045 0.534248 0.523917 0.513186 0.502263 0.491183 0.480040 0.468856 0.457676 0.446509 0.435360 0.424217 0.413066 0.401888 0.390662 0.379368 0.367992 0.356527 0.344980 0.333376 0.321763 0.310203 0.298776 0.287574 0.276688 0.266205 0.256205 0.246750 0.237892 0.229667 0.222100 0.215213 0.208996 0.203476 0.198599 0.194449 0.190859 0.188083 0.185701 0.185727 0.192349 0.182283
0.315421 0.608416 0.608165 0.606062 0.598185 0.591433 0.582241 0.572597 0.562776 0.551507 0.539754 0.527731 0.515612 0.503391 0.491197 0.479025 0.466943 0.454942 0.443032 0.431203 0.419445 0.407737 0.396070 0.384425 0.372793 0.361170 0.349562 0.337993 0.326501 0.315134 0.303960 0.293042 0.282460 0.272278 0.262564 0.253371 0.244743 0.236716 0.229312 0.222556 0.216445 0.211009 0.206189 0.202095 0.198524 0.195783 0.193408 0.193429 0.201592 0.183383
0.128387 0.629020 0.634300 0.632238 0.621990 0.614584 0.602812 0.592281 0.579664 0.568141 0.555213 0.541977 0.528639 0.515296 0.502038 0.488885 0.475900 0.463073 0.450416 0.437923 0.425576 0.413361 0.401272 0.389288 0.377408 0.365621 0.353934 0.342364 0.330950 0.319721 0.308736 0.298037 0.287695 0.277754 0.268276 0.259303 0.250871 0.243017 0.235761 0.229127 0.223118 0.217764 0.213008 0.208977 0.205434 0.202764 0.200390 0.200416 0.207334 0.245880
0.168180 0.664049 0.662578 0.660235 0.649812 0.638790 0.627885 0.612780 0.601164 0.585725 0.572026 0.557031 0.542358 0.527595 0.513209 0.498946 0.485023 0.471332 0.457915 0.444755 0.431825 0.419102 0.406602 0.394279 0.382145 0.370180 0.358389 0.346785 0.335404 0.324259 0.313407 0.302863 0.292704 0.282947 0.273656 0.264861 0.256591 0.248882 0.241755 0.235231 0.229315 0.224038 0.219346 0.215391 0.211856 0.209295 0.206835 0.206924 0.215968 0.197534
0.360745 0.723639 0.692787 0.689989 0.676257 0.664369 0.648553 0.634195 0.616701 0.602976 0.586033 0.570638 0.554245 0.538646 0.523079 0.507892 0.493047 0.478567 0.464430 0.450656 0.437169 0.423977 0.411098 0.398464 0.386099 0.373969 0.362076 0.350417 0.339067 0.327979 0.317247 0.306813 0.296816 0.287205 0.278075 0.269440 0.261307 0.253723 0.246715 0.240285 0.234475 0.229236 0.224644 0.220726 0.217266 0.214772 0.212351 0.212483 0.221170 0.208613
0.188083 0.730341 0.727021 0.722902 0.708927 0.692554 0.679004 0.654905 0.642158 0.618820 0.605129 0.585406 0.568947 0.550820 0.534424 0.517656 0.501964 0.486493 0.471554 0.457178 0.443119 0.429387 0.416186 0.403177 0.390564 0.378248 0.366214 0.354473 0.343118 0.332043 0.321389 0.311005 0.301123 0.291598 0.282595 0.274072 0.266046 0.258547 0.251633 0.245282 0.239571 0.234335 0.229871 0.225982 0.222581 0.220268 0.217691 0.218010 0.228025 0.209157
0.199546 0.761758 0.762617 0.757413 0.737550 0.718273 0.697390 0.678146 0.655069 0.637092 0.614268 0.597326 0.576493 0.559584 0.541026 0.524339 0.507413 0.491486 0.475918 0.461062 0.446430 0.432348 0.418786 0.405586 0.392838 0.380392 0.368255 0.356358 0.345121 0.334044 0.323579 0.313172 0.303468 0.294001 0.285135 0.276781 0.268837 0.261392 0.254592 0.248289 0.242761 0.237332 0.233196 0.229092 0.226126 0.223462 0.221530 0.221988 0.233516 0.220532
0.213148 0.842958 0.806295 0.800301 0.780998 0.750425 0.733672 0.699108 0.685027 0.652129 0.638417 0.609712 0.594823 0.569986 0.554420 0.532904 0.516611 0.498700 0.481961 0.467277 0.451832 0.436776 0.423708 0.409580 0.396690 0.384070 0.371743 0.359655 0.348478 0.337334 0.327059 0.316501 0.306919 0.297413 0.288681 0.280416 0.272570 0.265064 0.258348 0.252092 0.246791 0.240815 0.237410 0.232722 0.230432 0.227828 0.225950 0.227084 0.237618 0.224304
0.227507 0.891735 0.848221 0.834521 0.806418 0.778516 0.747179 0.721119 0.690428 0.666346 0.640375 0.618250 0.595334 0.575037 0.554360 0.535796 0.516392 0.499937 0.481749 0.466840 0.451638 0.435484 0.422572 0.408125 0.395778 0.382631 0.370869 0.357892 0.347557 0.335777 0.326197 0.315787 0.306043 0.296905 0.288040 0.280276 0.272477 0.264879 0.258320 0.252129 0.247256 0.239907 0.238099 0.231714 0.231567 0.226006 0.227131 0.229316 0.239392 0.215486
0.296103 0.948402 0.910876 0.891603 0.859970 0.816553 0.793441 0.746110 0.729259 0.687301 0.671499 0.635084 0.620035 0.589077 0.574324 0.550034 0.533135 0.509841 0.498435 0.477468 0.459536 0.450259 0.430266 0.420611 0.403059 0.393502 0.377737 0.369989 0.353591 0.346875 0.334870 0.321951 0.315768 0.302775 0.297472 0.285614 0.281091 0.270529 0.264851 0.259083 0.253455 0.251677 0.242722 0.245175 0.235937 0.240134 0.231181 0.234887 0.244806 0.231489
0.539921 1.021098 0.917644 0.934553 0.877220 0.839265 0.790830 0.757827 0.718964 0.680152 0.660632 0.624915 0.607443 0.577608 0.557940 0.537439 0.521029 0.495637 0.485106 0.466074 0.445684 0.436983 0.416857 0.407492 0.390095 0.381162 0.364718 0.358235 0.341766 0.334590 0.325642 0.310899 0.306136 0.292559 0.287908 0.277422 0.272434 0.262006 0.256395 0.249505 0.245311 0.241716 0.236355 0.231803 0.231866 0.227678 0.227275 0.229544 0.250136 0.247650
0.274755 1.087112 0.958727 0.901200 0.903732 0.865444 0.819169 0.782661 0.744479 0.712013 0.680838 0.652774 0.626336 0.602104 0.579255 0.557890 0.537625 0.518773 0.500807 0.483665 0.467422 0.451945 0.437078 0.422890 0.409163 0.396082 0.383382 0.371252 0.359505 0.348387 0.337669 0.327321 0.317647 0.308240 0.299543 0.291238 0.283517 0.276231 0.269559 0.263470 0.257772 0.252913 0.248194 0.244724 0.240824 0.238967 0.234471 0.235663 0.241093 0.238833
0.020985 1.106674 1.026292 0.939883 0.910229 0.843751 0.831528 0.757876 0.749761 0.687140 0.654542 0.627415 0.601027 0.597738 0.575631 0.553727 0.534372 0.511845 0.496260 0.479456 0.460758 0.445919 0.429589 0.415897 0.401465 0.388635 0.375376 0.364257 0.351759 0.341757 0.331221 0.320524 0.311224 0.301233 0.293548 0.284677 0.277339 0.269522 0.262807 0.256711 0.251508 0.246730 0.242135 0.242136 0.234833 0.228238 0.226927 0.216268 0.221264 0.265509
0.401479 1.220554 1.188624 1.099046 0.995738 0.904340 0.862314 0.782757 0.765096 0.726568 0.693044 0.651519 0.622389 0.606481 0.604265 0.552036 0.546961 0.527262 0.482296 0.476534 0.468044 0.430105 0.432218 0.435146 0.423025 0.409014 0.393692 0.382855 0.332860 0.359076 0.347626 0.330754 0.324742 0.288569 0.297229 0.298060 0.256412 0.283640 0.266225 0.270203 0.264403 0.259078 0.241935 0.241750 0.241375 0.244131 0.245733 0.223482 0.241408 0.257559
