0.550457 0.462118 0.506842 0.492476 0.453041 0.438525 0.448782 0.407004 0.438837 0.381637 0.355490 0.318546 0.301787 0.338781 0.304611 0.253854 0.230230 0.269076 0.208290 0.176890 0.207289 0.185392 0.129146 0.107153 0.091296 0.087582 0.056621 0.033726 0.012731 0.003583 0.000000 0.000000 0.000000 0.000000 0.000000 0.000000 0.000000 0.000000 0.000000 0.000000 0.000000 0.000000 0.000000 0.000000 0.000000 0.000000 0.000000 0.000000 0.000000 0.000000
0.503328 0.453635 0.466427 0.470238 0.451052 0.451064 0.426500 0.418829 0.362045 0.375940 0.363342 0.340566 0.322691 0.309940 0.291849 0.273589 0.255147 0.220124 0.217259 0.197877 0.166273 0.148013 0.129421 0.116335 0.094963 0.071221 0.052575 0.033950 0.012693 -0.003349 0.000000 0.000000 0.000000 0.000000 0.000000 0.000000 0.000000 0.000000 0.000000 0.000000 0.000000 0.000000 0.000000 0.000000 0.000000 0.000000 0.000000 0.000000 0.000000 0.000000
0.507552 0.490514 0.460085 0.453275 0.448773 0.417185 0.414901 0.389090 0.378645 0.359510 0.344257 0.327523 0.311486 0.294657 0.277920 0.260920 0.243762 0.226390 0.209200 0.191312 0.173103 0.154638 0.136014 0.117112 0.098190 0.079094 0.059879 0.040490 0.013268 0.000332 0.000000 0.000000 0.000000 0.000000 0.000000 0.000000 0.000000 0.000000 0.000000 0.000000 0.000000 0.000000 0.000000 0.000000 0.000000 0.000000 0.000000 0.000000 0.000000 0.000000
0.522797 0.504635 0.426419 0.423533 0.446851 0.407864 0.405009 0.386464 0.375422 0.358620 0.346443 0.328901 0.312672 0.295745 0.278916 0.261878 0.244741 0.227380 0.208877 0.191067 0.172940 0.154480 0.135922 0.118358 0.097661 0.079139 0.058450 0.042784 0.013395 0.002140 0.000000 0.000000 0.000000 0.000000 0.000000 0.000000 0.000000 0.000000 0.000000 0.000000 0.000000 0.000000 0.000000 0.000000 0.000000 0.000000 0.000000 0.000000 0.000000 0.000000
0.517615 0.508822 0.445279 0.443730 0.463755 0.424074 0.420064 0.393162 0.380506 0.360980 0.346076 0.328660 0.312453 0.295603 0.278785 0.261751 0.244584 0.227189 0.209611 0.191829 0.173734 0.155540 0.136750 0.119613 0.098547 0.079781 0.059073 0.042489 0.013795 -0.000850 0.000000 0.000000 0.000000 0.000000 0.000000 0.000000 0.000000 0.000000 0.000000 0.000000 0.000000 0.000000 0.000000 0.000000 0.000000 0.000000 0.000000 0.000000 0.000000 0.000000
0.501341 0.524058 0.445076 0.440815 0.454840 0.416469 0.416893 0.390023 0.378972 0.360115 0.345811 0.328683 0.312929 0.296202 0.279766 0.262809 0.245799 0.228434 0.210826 0.192978 0.174815 0.156569 0.137581 0.121349 0.099108 0.080750 0.059496 0.043841 0.013748 -0.000045 0.000000 0.000000 0.000000 0.000000 0.000000 0.000000 0.000000 0.000000 0.000000 0.000000 0.000000 0.000000 0.000000 0.000000 0.000000 0.000000 0.000000 0.000000 0.000000 0.000000
0.512090 0.520292 0.441125 0.447091 0.460940 0.422410 0.421101 0.393507 0.381457 0.361625 0.347030 0.329748 0.313877 0.297203 0.280697 0.263902 0.246924 0.229712 0.212215 0.194454 0.176367 0.157993 0.139233 0.120814 0.100520 0.081739 0.059767 0.044074 0.014112 0.014517 0.000000 0.000000 0.000000 0.000000 0.000000 0.000000 0.000000 0.000000 0.000000 0.000000 0.000000 0.000000 0.000000 0.000000 0.000000 0.000000 0.000000 0.000000 0.000000 0.000000
0.511642 0.507405 0.439756 0.442892 0.454132 0.415518 0.417139 0.390797 0.380401 0.362627 0.348469 0.331784 0.316178 0.299718 0.283422 0.266807 0.250049 0.233041 0.215798 0.196093 0.178011 0.159725 0.140798 0.123173 0.101903 0.083115 0.060895 0.045199 0.014289 -0.004024 0.000000 0.000000 0.000000 0.000000 0.000000 0.000000 0.000000 0.000000 0.000000 0.000000 0.000000 0.000000 0.000000 0.000000 0.000000 0.000000 0.000000 0.000000 0.000000 0.000000
0.499627 0.510499 0.440987 0.448541 0.466119 0.421873 0.421863 0.393646 0.382189 0.362524 0.348239 0.331337 0.315763 0.299395 0.283180 0.266643 0.249932 0.232954 0.215672 0.198098 0.180092 0.161824 0.142885 0.125153 0.103706 0.084693 0.062129 0.045968 0.014747 0.002891 0.000000 0.000000 0.000000 0.000000 0.000000 0.000000 0.000000 0.000000 0.000000 0.000000 0.000000 0.000000 0.000000 0.000000 0.000000 0.000000 0.000000 0.000000 0.000000 0.000000
0.508839 0.514448 0.442612 0.430955 0.447876 0.411148 0.412852 0.390715 0.380623 0.362659 0.348787 0.332265 0.316904 0.300740 0.284709 0.268352 0.251818 0.235009 0.217878 0.200442 0.182523 0.164324 0.145344 0.127624 0.105891 0.086702 0.063636 0.047176 0.015590 0.002589 0.000000 0.000000 0.000000 0.000000 0.000000 0.000000 0.000000 0.000000 0.000000 0.000000 0.000000 0.000000 0.000000 0.000000 0.000000 0.000000 0.000000 0.000000 0.000000 0.000000
0.503681 0.511678 0.445046 0.446173 0.457897 0.422234 0.420191 0.394692 0.382906 0.364007 0.349976 0.333505 0.318250 0.302522 0.286682 0.270540 0.254179 0.237579 0.220655 0.203437 0.185771 0.167721 0.148967 0.130414 0.109292 0.089310 0.065524 0.048863 0.016094 0.002735 0.000000 0.000000 0.000000 0.000000 0.000000 0.000000 0.000000 0.000000 0.000000 0.000000 0.000000 0.000000 0.000000 0.000000 0.000000 0.000000 0.000000 0.000000 0.000000 0.000000
0.484929 0.508561 0.446344 0.447412 0.459262 0.419102 0.417283 0.393387 0.382751 0.364641 0.350910 0.334724 0.319704 0.303953 0.288354 0.272457 0.256393 0.240060 0.223384 0.206373 0.188791 0.170858 0.151932 0.133973 0.111969 0.092320 0.067888 0.050927 0.016997 0.002745 0.000000 0.000000 0.000000 0.000000 0.000000 0.000000 0.000000 0.000000 0.000000 0.000000 0.000000 0.000000 0.000000 0.000000 0.000000 0.000000 0.000000 0.000000 0.000000 0.000000
0.509572 0.512706 0.435973 0.463495 0.420598 0.419046 0.396636 0.394508 0.385065 0.366965 0.352906 0.336613 0.321652 0.306031 0.290445 0.274837 0.259082 0.243071 0.226716 0.210025 0.192719 0.175034 0.156231 0.137864 0.116119 0.096215 0.070974 0.053488 0.029300 -0.003199 0.000000 0.000000 0.000000 0.000000 0.000000 0.000000 0.000000 0.000000 0.000000 0.000000 0.000000 0.000000 0.000000 0.000000 0.000000 0.000000 0.000000 0.000000 0.000000 0.000000
0.409199 0.514247 0.448586 0.440978 0.452548 0.418408 0.416457 0.394304 0.384087 0.366586 0.353219 0.337481 0.322929 0.307703 0.292682 0.277414 0.262024 0.246405 0.230452 0.214178 0.197254 0.179942 0.161373 0.143122 0.121294 0.101191 0.075007 0.056829 0.031084 -0.003344 0.000000 0.000000 0.000000 0.000000 0.000000 0.000000 0.000000 0.000000 0.000000 0.000000 0.000000 0.000000 0.000000 0.000000 0.000000 0.000000 0.000000 0.000000 0.000000 0.000000
0.507990 0.516194 0.451451 0.439135 0.452235 0.418983 0.418255 0.395977 0.385462 0.367832 0.354550 0.338971 0.324665 0.309728 0.295049 0.280165 0.265201 0.250051 0.234592 0.218848 0.202433 0.185647 0.167462 0.149365 0.127695 0.107498 0.080278 0.061387 0.033456 -0.016535 0.000000 0.000000 0.000000 0.000000 0.000000 0.000000 0.000000 0.000000 0.000000 0.000000 0.000000 0.000000 0.000000 0.000000 0.000000 0.000000 0.000000 0.000000 0.000000 0.000000
0.512977 0.514687 0.451769 0.443357 0.454166 0.419693 0.418427 0.395898 0.385931 0.368644 0.355682 0.340383 0.326387 0.311788 0.297494 0.283047 0.268574 0.253977 0.239122 0.224048 0.208314 0.192271 0.174715 0.157260 0.135816 0.115755 0.087482 0.067598 0.036557 -0.001518 0.000000 0.000000 0.000000 0.000000 0.000000 0.000000 0.000000 0.000000 0.000000 0.000000 0.000000 0.000000 0.000000 0.000000 0.000000 0.000000 0.000000 0.000000 0.000000 0.000000
0.512936 0.514892 0.453407 0.440725 0.453030 0.419220 0.419032 0.396477 0.386918 0.369639 0.356888 0.341805 0.328106 0.313854 0.299974 0.286006 0.272087 0.258126 0.243982 0.229727 0.214852 0.199801 0.183135 0.166242 0.145775 0.126376 0.097073 0.076688 0.026368 -0.006201 0.000000 0.000000 0.000000 0.000000 0.000000 0.000000 0.000000 0.000000 0.000000 0.000000 0.000000 0.000000 0.000000 0.000000 0.000000 0.000000 0.000000 0.000000 0.000000 0.000000
0.502910 0.514104 0.453719 0.443411 0.455001 0.419913 0.419646 0.396949 0.387575 0.370449 0.357940 0.343112 0.329734 0.315852 0.302416 0.288970 0.275662 0.262423 0.249109 0.235836 0.222066 0.208307 0.193029 0.177717 0.158605 0.140354 0.111215 0.089514 0.047216 -0.004035 0.000000 0.000000 0.000000 0.000000 0.000000 0.000000 0.000000 0.000000 0.000000 0.000000 0.000000 0.000000 0.000000 0.000000 0.000000 0.000000 0.000000 0.000000 0.000000 0.000000
0.512241 0.513204 0.453968 0.442294 0.455129 0.419654 0.419829 0.397266 0.388134 0.371149 0.358863 0.344281 0.331221 0.317717 0.304741 0.291844 0.279191 0.266738 0.254348 0.242207 0.229719 0.217611 0.204021 0.191219 0.173816 0.158510 0.130126 0.109401 0.041958 -0.010828 0.000000 0.000000 0.000000 0.000000 0.000000 0.000000 0.000000 0.000000 0.000000 0.000000 0.000000 0.000000 0.000000 0.000000 0.000000 0.000000 0.000000 0.000000 0.000000 0.000000
0.507045 0.482650 0.454194 0.442017 0.455235 0.419701 0.420240 0.397507 0.388533 0.371661 0.359582 0.345240 0.332494 0.319368 0.306857 0.294522 0.282551 0.270927 0.259550 0.248648 0.237716 0.227489 0.216413 0.206186 0.193196 0.181394 0.159285 0.139318 0.077598 0.036013 0.000000 0.000000 0.000000 0.000000 0.000000 0.000000 0.000000 0.000000 0.000000 0.000000 0.000000 0.000000 0.000000 0.000000 0.000000 0.000000 0.000000 0.000000 0.000000 0.000000
0.511816 0.482648 0.454023 0.442945 0.454814 0.419485 0.419995 0.397495 0.388659 0.371934 0.360043 0.345932 0.333483 0.320721 0.308662 0.296880 0.285585 0.274798 0.264440 0.254849 0.245495 0.237481 0.228911 0.223094 0.214002 0.211106 0.196013 0.196332 0.089473 0.055304 0.000000 0.000000 0.000000 0.000000 0.000000 0.000000 0.000000 0.000000 0.000000 0.000000 0.000000 0.000000 0.000000 0.000000 0.000000 0.000000 0.000000 0.000000 0.000000 0.000000
0.401228 0.482509 0.453481 0.442865 0.455572 0.419543 0.419925 0.397363 0.388555 0.371939 0.360201 0.346294 0.334114 0.321687 0.310051 0.298787 0.288135 0.278140 0.268780 0.260433 0.252732 0.246844 0.241356 0.239834 0.237458 0.245676 0.247513 0.283045 0.433417 0.807257 0.542344 0.442708 0.417443 0.353321 0.301239 0.265454 0.247971 0.220318 0.195677 0.174102 0.153252 0.134249 0.116136 0.099595 0.083010 0.067912 0.054756 0.036451 0.029673 0.000288
0.508067 0.515390 0.453160 0.441705 0.454601 0.418881 0.419479 0.396940 0.388166 0.371630 0.360010 0.346606 0.334749 0.322509 0.311303 0.300468 0.290406 0.281076 0.272625 0.265282 0.259131 0.254795 0.252295 0.253185 0.257675 0.269070 0.281743 0.329697 0.337736 0.736564 0.495709 0.444656 0.389617 0.334297 0.294754 0.267013 0.253027 0.225634 0.200948 0.179515 0.157735 0.137753 0.118548 0.101510 0.083701 0.066734 0.050805 0.034858 0.026949 0.004521
0.507640 0.511724 0.452956 0.442322 0.454376 0.418612 0.418531 0.396238 0.387350 0.370928 0.359376 0.345786 0.334019 0.322132 0.311180 0.300763 0.291161 0.282433 0.274659 0.268193 0.262951 0.259899 0.258514 0.261354 0.266647 0.281326 0.300254 0.341938 0.388200 0.453156 0.443642 0.390272 0.353648 0.317083 0.284562 0.254571 0.227864 0.203420 0.181271 0.160892 0.141708 0.123911 0.106650 0.090610 0.074079 0.059691 0.043223 0.043928 0.018117 0.002432
0.510120 0.511850 0.452386 0.441396 0.454217 0.417744 0.417806 0.395283 0.386362 0.369870 0.358339 0.344818 0.333176 0.321468 0.310756 0.300635 0.291399 0.283097 0.275835 0.269918 0.265347 0.262854 0.262215 0.265034 0.270641 0.282084 0.298203 0.322217 0.356536 0.384239 0.385932 0.359346 0.327321 0.298151 0.269247 0.244720 0.220681 0.198765 0.177988 0.158409 0.139917 0.122317 0.105377 0.089607 0.073380 0.059071 0.043074 0.042048 0.014895 0.003253
0.507884 0.513927 0.451573 0.440767 0.453544 0.416967 0.416294 0.393828 0.384715 0.368291 0.356739 0.343275 0.331712 0.320128 0.309581 0.299667 0.290682 0.282657 0.275711 0.270084 0.265828 0.263482 0.262935 0.265264 0.270029 0.279085 0.291107 0.307820 0.326365 0.340054 0.336694 0.320251 0.301284 0.278788 0.256490 0.233650 0.212245 0.191712 0.172152 0.153716 0.135718 0.119272 0.102521 0.087526 0.071611 0.057804 0.042141 0.041033 0.023006 -0.001345
0.512373 0.513665 0.450603 0.441357 0.453188 0.415761 0.415087 0.392286 0.383026 0.366328 0.354701 0.341177 0.329621 0.318084 0.307625 0.297828 0.288986 0.281108 0.274312 0.268774 0.264560 0.262011 0.261118 0.262452 0.265809 0.271762 0.279927 0.289752 0.300175 0.306761 0.304038 0.292690 0.276766 0.258329 0.239377 0.220202 0.201217 0.182925 0.165066 0.147996 0.131269 0.115237 0.099616 0.084485 0.069660 0.055757 0.040956 0.039702 0.024023 -0.001490
0.505221 0.512779 0.449947 0.439312 0.453796 0.414589 0.413957 0.390016 0.380576 0.363741 0.352003 0.338416 0.326826 0.315285 0.304848 0.295090 0.286296 0.278453 0.271668 0.266061 0.261691 0.258774 0.257300 0.257567 0.259384 0.262985 0.267764 0.273308 0.278034 0.280088 0.276133 0.267080 0.255140 0.240213 0.224441 0.207666 0.190809 0.174077 0.157667 0.141702 0.126127 0.111024 0.096170 0.081940 0.067369 0.054290 0.039374 0.038175 0.023626 -0.001795
0.506745 0.511227 0.448652 0.436807 0.448347 0.410912 0.410180 0.387115 0.377651 0.360611 0.348742 0.335011 0.323329 0.311720 0.301242 0.291455 0.282632 0.274738 0.267863 0.262080 0.257431 0.254032 0.251864 0.251037 0.251397 0.252872 0.255075 0.257371 0.258916 0.258345 0.254154 0.246322 0.235728 0.223061 0.209222 0.194599 0.179648 0.164624 0.149645 0.134939 0.120362 0.106247 0.092107 0.078697 0.064714 0.052279 0.038064 0.036816 0.024154 0.001478
0.515204 0.511283 0.447570 0.436904 0.449870 0.409880 0.408711 0.384047 0.374266 0.356881 0.344805 0.330891 0.319076 0.307356 0.296791 0.286922 0.278012 0.270005 0.262973 0.256951 0.251960 0.248047 0.245177 0.243356 0.242429 0.242250 0.242439 0.242535 0.241795 0.239518 0.234759 0.227551 0.218379 0.207408 0.195339 0.182379 0.168974 0.155335 0.141615 0.128005 0.114448 0.101201 0.087897 0.075202 0.061907 0.050038 0.036393 0.035180 0.023912 -0.002273
0.505227 0.474734 0.445915 0.433647 0.444890 0.405382 0.404166 0.380056 0.370129 0.352464 0.340176 0.326038 0.314053 0.302182 0.291490 0.281502 0.272467 0.264308 0.257082 0.250791 0.245439 0.241021 0.237491 0.234795 0.232786 0.231280 0.229980 0.228487 0.226323 0.222972 0.217927 0.211085 0.202652 0.192837 0.182021 0.170436 0.158361 0.145996 0.133450 0.120912 0.108324 0.095966 0.083451 0.071517 0.058907 0.047707 0.034675 0.033542 0.023664 0.004456
0.508323 0.509155 0.444416 0.433085 0.443723 0.403026 0.400921 0.375747 0.365471 0.347377 0.334812 0.320409 0.308223 0.296175 0.285332 0.275202 0.266020 0.257694 0.250261 0.243703 0.237999 0.233123 0.229011 0.225582 0.222695 0.220170 0.217753 0.215141 0.211967 0.207905 0.202619 0.196038 0.188254 0.179355 0.169595 0.159134 0.148177 0.136900 0.125396 0.113829 0.102157 0.090643 0.078928 0.067722 0.055821 0.045261 0.032849 0.031807 0.023093 -0.002626
0.503721 0.507501 0.442356 0.429535 0.439897 0.398234 0.396005 0.370594 0.360010 0.341513 0.328652 0.313964 0.301556 0.289315 0.278310 0.268028 0.258696 0.250203 0.242572 0.235766 0.229748 0.224475 0.219873 0.215848 0.212269 0.208968 0.205740 0.202341 0.198510 0.194003 0.188605 0.182232 0.174916 0.166722 0.157798 0.148275 0.138287 0.127984 0.117430 0.106772 0.095969 0.085270 0.074332 0.063853 0.052662 0.042746 0.031006 0.030040 0.022592 -0.002781
0.515414 0.503467 0.441755 0.426823 0.436125 0.393760 0.390783 0.364808 0.353845 0.334855 0.321660 0.306661 0.294018 0.281577 0.270409 0.259981 0.250511 0.241867 0.234066 0.227046 0.220767 0.215170 0.210177 0.205690 0.201584 0.197714 0.193905 0.189967 0.185699 0.180924 0.175487 0.169319 0.162422 0.154826 0.146623 0.137903 0.128767 0.119321 0.109629 0.099808 0.089820 0.079899 0.069719 0.059949 0.049463 0.040184 0.029113 0.028228 0.021791 -0.002930
0.505866 0.497315 0.439940 0.423825 0.432504 0.389054 0.384825 0.358231 0.346787 0.327291 0.313748 0.298432 0.285557 0.272926 0.261611 0.251057 0.241471 0.232713 0.224775 0.217593 0.211115 0.205274 0.199987 0.195159 0.190675 0.186404 0.182202 0.177914 0.173386 0.168480 0.163082 0.157128 0.150604 0.143526 0.135948 0.127934 0.119555 0.110888 0.101988 0.092949 0.083734 0.074558 0.065114 0.056034 0.046259 0.037596 0.027247 0.026413 0.021073 -0.003063
0.509839 0.493949 0.436993 0.419402 0.428507 0.382601 0.378950 0.350714 0.338932 0.318804 0.304888 0.289236 0.276137 0.263332 0.251895 0.241247 0.231587 0.222753 0.214730 0.207445 0.200837 0.194832 0.189349 0.184293 0.179560 0.175030 0.170584 0.166094 0.161437 0.156504 0.151206 0.145485 0.139323 0.132721 0.125710 0.118333 0.110640 0.102689 0.094518 0.086213 0.077730 0.069266 0.060535 0.052129 0.043045 0.035002 0.025330 0.024579 0.020264 0.001950
0.507204 0.502633 0.433526 0.414739 0.421492 0.375755 0.369703 0.341996 0.329517 0.309109 0.294853 0.278936 0.265661 0.252729 0.241219 0.230529 0.220848 0.211992 0.203947 0.196624 0.189960 0.183875 0.178289 0.173110 0.168240 0.163574 0.159007 0.154434 0.149756 0.144881 0.139737 0.134275 0.128469 0.122316 0.115832 0.109043 0.101983 0.094701 0.087213 0.079601 0.071818 0.064038 0.056005 0.048255 0.039871 0.032433 0.023521 0.022813 -0.001930 0.005444
0.421553 0.496374 0.429144 0.409420 0.417829 0.367776 0.363405 0.332328 0.319880 0.298509 0.283837 0.267586 0.254140 0.241113 0.229578 0.218902 0.209254 0.200443 0.192443 0.185156 0.178511 0.172430 0.166830 0.161624 0.156719 0.152019 0.147436 0.142879 0.138265 0.133519 0.128578 0.123398 0.117956 0.112239 0.106256 0.100022 0.093559 0.086903 0.080067 0.073110 0.066000 0.058880 0.051524 0.044412 0.036705 0.029876 0.021618 0.020976 -0.002554 0.006652
0.476665 0.487455 0.423868 0.403059 0.406392 0.358499 0.349859 0.320820 0.306087 0.285993 0.271098 0.254798 0.241329 0.228325 0.216878 0.206293 0.196773 0.188088 0.180215 0.173043 0.166498 0.160504 0.154979 0.149834 0.144986 0.140344 0.135832 0.131374 0.126899 0.122341 0.117646 0.112775 0.107706 0.102421 0.096925 0.091223 0.085330 0.079273 0.073061 0.066736 0.060275 0.053793 0.047106 0.040613 0.033586 0.027350 0.019740 0.019193 0.019516 0.002700
0.506159 0.488448 0.417000 0.395357 0.403716 0.347863 0.343334 0.308950 0.295512 0.272559 0.257637 0.241013 0.227478 0.214539 0.203192 0.192776 0.183452 0.174969 0.167303 0.160324 0.153957 0.148132 0.142762 0.137763 0.133054 0.128548 0.124181 0.119897 0.115623 0.111305 0.106894 0.102357 0.097674 0.092820 0.087805 0.082618 0.077274 0.071796 0.066183 0.060475 0.054639 0.048779 0.042752 0.036861 0.030519 0.024868 0.017922 0.017460 -0.004882 0.005389
0.421254 0.488011 0.409041 0.386566 0.385723 0.335271 0.321651 0.292888 0.275080 0.256468 0.240694 0.225104 0.211801 0.199204 0.188245 0.178118 0.169169 0.160988 0.153647 0.146962 0.140853 0.135288 0.130161 0.125379 0.120888 0.116590 0.112437 0.108389 0.104372 0.100342 0.096248 0.092070 0.087787 0.083371 0.078837 0.074156 0.069351 0.064437 0.059413 0.054304 0.049089 0.043831 0.038471 0.033145 0.027516 0.022364 0.016137 0.015702 0.018212 -0.005307
0.505676 0.476935 0.398300 0.375266 0.382947 0.321259 0.315594 0.277824 0.263666 0.238300 0.225042 0.208113 0.195498 0.183191 0.172439 0.162757 0.154138 0.146362 0.139401 0.133072 0.127288 0.122071 0.117255 0.112767 0.108560 0.104524 0.100628 0.096888 0.093183 0.089483 0.085725 0.081922 0.078061 0.074075 0.070037 0.065847 0.061556 0.057203 0.052746 0.048237 0.043601 0.038957 0.034252 0.029504 0.024589 0.019988 0.014551 0.014116 -0.006820 0.004384
0.505409 0.467319 0.385162 0.363673 0.352948 0.300148 0.283979 0.255723 0.237032 0.218699 0.201984 0.188667 0.175327 0.164668 0.154483 0.145622 0.137812 0.130521 0.124308 0.118504 0.112997 0.108337 0.103877 0.099714 0.095924 0.092203 0.088630 0.085230 0.081906 0.078569 0.075190 0.071767 0.068359 0.064815 0.061283 0.057592 0.053800 0.049998 0.046125 0.042214 0.038130 0.034115 0.030105 0.025854 0.021818 0.017484 0.013059 0.012372 -0.007659 -0.005495
0.505375 0.466948 0.369446 0.346319 0.351562 0.286581 0.276030 0.235233 0.221873 0.195515 0.184435 0.166538 0.157129 0.144354 0.136471 0.126956 0.120251 0.113402 0.107451 0.102642 0.097634 0.093160 0.089692 0.085651 0.082414 0.079017 0.075876 0.072800 0.070062 0.067051 0.064182 0.061194 0.058244 0.055248 0.052201 0.049117 0.045794 0.042572 0.039304 0.035983 0.032425 0.029008 0.025774 0.022009 0.018848 0.014958 0.012067 0.011184 -0.007633 0.006909
0.505677 0.458361 0.346246 0.320638 0.307640 0.253777 0.235087 0.206641 0.189185 0.171594 0.157416 0.144928 0.134161 0.124810 0.116818 0.109331 0.102010 0.097453 0.091349 0.085907 0.083790 0.078668 0.075605 0.072262 0.069551 0.066564 0.064451 0.060963 0.058751 0.056223 0.053357 0.051457 0.048598 0.046205 0.043491 0.040941 0.038276 0.035258 0.033326 0.030124 0.028506 0.024110 0.022581 0.018253 0.016009 0.012149 0.007797 0.009203 0.017440 0.009245
0.505468 0.442713 0.317624 0.303285 0.295300 0.229353 0.218508 0.178258 0.166746 0.143859 0.135724 0.119714 0.113423 0.102150 0.097311 0.089511 0.083773 0.078581 0.076061 0.070066 0.066919 0.064794 0.060898 0.059000 0.055833 0.053998 0.051385 0.049779 0.047013 0.046303 0.042675 0.040989 0.039260 0.036889 0.035254 0.032695 0.030640 0.028348 0.026294 0.024094 0.022336 0.020000 0.017339 0.015768 0.012833 0.010880 0.007529 0.009478 -0.009112 0.008558
0.445399 0.434778 0.297056 0.265792 0.247305 0.188498 0.174843 0.143594 0.133586 0.113508 0.106646 0.093443 0.087334 0.079481 0.073617 0.069008 0.066273 0.060038 0.057535 0.055464 0.050960 0.049090 0.046382 0.044454 0.042393 0.040992 0.038788 0.037964 0.035524 0.032983 0.033740 0.030879 0.029684 0.027760 0.025421 0.024512 0.023826 0.021374 0.019616 0.017997 0.016102 0.014752 0.013439 0.011237 0.010333 0.006665 0.003926 0.008929 -0.015152 -0.009817
0.510567 0.401191 0.275216 0.246909 0.253038 0.188076 0.179788 0.144198 0.131922 0.114570 0.104394 0.093309 0.086130 0.078706 0.073088 0.068209 0.063348 0.059773 0.056704 0.053066 0.050414 0.048231 0.045935 0.043894 0.041997 0.040086 0.038450 0.036739 0.035049 0.033657 0.031960 0.030437 0.028916 0.027300 0.025892 0.024224 0.022521 0.020927 0.019283 0.017711 0.016108 0.014382 0.012957 0.010655 0.010035 0.005818 0.007428 0.007764 -0.011752 0.006365
0.493014 0.266831 0.242534 0.129004 0.085132 0.073953 0.116474 0.042390 0.092646 0.025995 0.021084 0.017630 0.013793 0.062860 0.059666 0.056396 0.054028 0.051029 0.048999 0.047757 0.046085 0.044667 0.043047 0.041267 0.039781 0.038283 0.037045 0.035956 0.035025 -0.001505 0.031942 0.031281 0.030281 0.029598 0.028017 0.026651 -0.004504 -0.004646 -0.004962 -0.005645 -0.006257 -0.006825 -0.007391 0.019449 -0.008238 -0.008646 -0.008174 -0.003697 0.003859 -0.005686
0.509053 0.173541 0.121454 0.066803 0.045426 0.019926 0.025076 0.028853 0.005454 0.003403 0.014953 0.014563 0.004948 -0.000539 0.008190 0.004519 0.014901 0.014198 0.012336 0.006144 -0.000044 0.013297 -0.001586 0.003941 0.005637 0.005344 0.003189 0.004752 -0.001696 0.004716 0.004588 -0.002918 0.003776 0.009752 0.001067 0.001686 0.009702 0.002803 0.000783 0.002432 0.002241 0.002075 0.003637 -0.004955 0.000576 0.001269 0.000304 0.005417 -0.000397 0.002125
