env_min(m) 0.0000 0.0000 0.0000
env_max(m) 10.0000 10.0000 3.0000
NumCells_XYZ 100 100 30
CellSizes_XYZ[m] 0.1000 0.1000 0.1000
GasSourceLocation_XYZ[m] 7.7857 5.7857 0.5000
GasType ethanol
Cell_x	 Cell_y	 Cell_z	 Gas_conc[10^⁻3ppm]	 Wind_u[10^⁻3m/s]	 Wind_v[10^⁻3m/s]	 Wind_w[10^⁻3m/s]
2 12 0 0 0 0 0
2 13 0 0 0 1 0
2 14 0 0 0 3 0
2 15 0 0 0 5 0
2 16 0 0 0 6 -1
2 17 0 0 0 7 2
2 18 0 0 0 8 -2
2 19 0 0 0 9 2
2 20 0 0 0 9 -2
2 21 0 0 0 9 3
2 22 0 0 0 9 -3
2 23 0 0 0 9 2
2 24 0 0 0 8 -2
2 25 0 0 0 7 2
2 26 0 0 0 6 -1
2 27 0 0 0 5 1
2 28 0 0 0 3 0
2 29 0 0 0 2 0
2 30 0 0 0 0 0
2 31 0 0 0 0 0
2 32 0 0 0 3 0
2 33 0 0 0 6 1
2 34 0 0 0 9 -1
2 35 0 0 0 12 3
2 36 0 0 0 14 -3
2 37 0 0 0 16 3
2 38 0 0 0 18 -4
2 39 0 0 -1 17 0
2 40 0 0 -1 18 0
2 41 0 0 0 0 0
2 42 0 0 0 0 0
2 43 0 0 0 0 0
2 44 0 0 0 0 0
2 45 0 0 0 0 0
2 46 0 0 0 0 0
2 47 0 0 0 0 0
2 48 0 0 0 0 0
2 49 0 0 0 0 0
2 50 0 0 0 0 0
2 51 0 0 0 0 0
2 52 0 0 0 0 0
2 53 0 0 0 0 0
2 54 0 0 0 0 0
2 55 0 0 0 0 0
2 56 0 0 0 0 0
2 57 0 0 0 0 0
2 58 0 0 0 0 0
2 59 0 0 0 0 0
2 60 0 0 0 0 0
2 61 0 0 0 0 0
2 62 0 0 0 0 0
2 63 0 0 0 0 0
2 64 0 0 0 0 0
2 65 0 0 0 0 0
2 66 0 0 0 0 0
2 67 0 0 0 0 0
2 68 0 0 0 0 0
2 69 0 0 0 0 0
2 70 0 0 0 0 0
2 71 0 0 0 0 0
2 72 0 0 0 0 0
2 73 0 0 0 0 0
2 74 0 0 0 0 0
2 75 0 0 0 0 0
2 76 0 0 0 0 0
2 77 0 0 0 0 0
2 78 0 0 0 0 0
2 79 0 0 0 0 0
2 80 0 0 0 0 0
2 81 0 0 0 0 0
2 82 0 0 0 0 0
2 83 0 0 0 0 0
2 84 0 0 0 0 0
2 85 0 0 0 0 0
2 86 0 0 0 0 0
2 87 0 0 0 0 0
2 88 0 0 0 0 0
2 89 0 0 0 0 0
2 90 0 0 0 0 0
2 91 0 0 0 0 0
2 92 0 0 0 0 0
2 93 0 0 0 0 0
2 94 0 0 0 0 0
2 95 0 0 0 0 0
2 96 0 0 0 0 0
2 97 0 0 0 0 0
3 12 0 0 -1 0 0
3 13 0 0 -2 2 0
3 14 0 0 -1 3 0
3 15 0 0 -2 5 0
3 16 0 0 0 6 0
3 17 0 0 -2 7 0
3 18 0 0 0 8 0
3 19 0 0 -2 9 0
3 20 0 0 1 9 0
3 21 0 0 -1 9 0
3 22 0 0 1 9 0
3 23 0 0 0 9 0
3 24 0 0 2 8 0
3 25 0 0 0 7 0
3 26 0 0 2 6 0
3 27 0 0 1 5 0
3 28 0 0 3 4 0
3 29 0 0 2 2 0
3 30 0 0 0 0 0
3 31 0 0 -3 0 0
3 32 0 0 -3 3 0
3 33 0 0 -6 8 0
3 34 0 0 -2 9 0
3 35 0 0 -5 12 0
3 36 0 0 0 13 0
3 37 0 0 -5 17 0
3 38 0 0 0 19 0
3 39 0 0 -1 20 -1
3 40 0 0 0 20 0
3 41 0 0 0 0 0
3 42 0 0 0 0 0
3 43 0 0 0 0 0
3 44 0 0 0 0 0
3 45 0 0 0 0 0
3 46 0 0 0 0 0
3 47 0 0 0 0 0
3 48 0 0 0 0 0
3 49 0 0 0 0 0
3 50 0 0 0 0 0
3 51 0 0 0 0 0
3 52 0 0 0 0 0
3 53 0 0 0 0 0
3 54 0 0 0 0 0
3 55 0 0 0 0 0
3 56 0 0 0 0 0
3 57 0 0 0 0 0
3 58 0 0 0 0 0
3 59 0 0 0 0 0
3 60 0 0 0 0 0
3 61 0 0 0 0 0
3 62 0 0 0 0 0
3 63 0 0 0 0 0
3 64 0 0 0 0 0
3 65 0 0 0 0 0
3 66 0 0 0 0 0
3 67 0 0 0 0 0
3 68 0 0 0 0 0
3 69 0 0 0 0 0
3 70 0 0 0 0 0
3 71 0 0 0 0 0
3 72 0 0 0 0 0
3 73 0 0 0 0 0
3 74 0 0 0 0 0
3 75 0 0 0 0 0
3 76 0 0 0 0 0
3 77 0 0 0 0 0
3 78 0 0 0 0 0
3 79 0 0 0 0 0
3 80 0 0 0 0 0
3 81 0 0 0 0 0
3 82 0 0 0 0 0
3 83 0 0 0 0 0
3 84 0 0 0 0 0
3 85 0 0 0 0 0
3 86 0 0 0 0 0
3 87 0 0 0 0 0
3 88 0 0 0 0 0
3 89 0 0 0 0 0
3 90 0 0 0 0 0
3 91 0 0 0 0 0
3 92 0 0 0 0 0
3 93 0 0 0 0 0
3 94 0 0 0 0 0
3 95 0 0 0 0 0
3 96 0 0 0 0 0
3 97 0 0 0 0 0
4 12 0 0 -3 0 0
4 13 0 0 -3 1 0
4 14 0 0 -4 4 0
4 16 0 0 -3 7 0
4 18 0 0 -2 9 0
4 21 0 0 0 10 0
4 23 0 0 0 10 0
4 25 0 0 2 8 0
4 28 0 0 3 3 0
4 29 0 0 4 1 0
4 30 0 0 3 1 0
4 31 0 0 -7 3 1
4 32 0 0 -9 3 0
4 33 0 0 -7 7 0
4 37 0 0 -6 17 0
4 38 0 0 -2 19 -1
4 39 0 0 0 21 -1
4 40 0 0 0 20 0
4 41 0 0 0 0 0
4 42 0 0 0 0 0
4 43 0 0 0 0 0
4 45 0 0 0 0 0
4 46 0 0 0 0 0
4 48 0 0 0 0 0
4 50 0 0 0 0 0
4 52 0 0 0 0 0
4 55 0 0 0 0 0
4 57 0 0 0 0 0
4 59 0 0 0 0 0
4 61 0 0 0 0 0
4 63 0 0 0 0 0
4 65 0 0 0 0 0
4 66 0 0 0 0 0
4 67 0 0 0 0 0
4 68 0 0 0 0 0
4 69 0 0 0 0 0
4 70 0 0 0 0 0
4 71 0 0 0 0 0
4 72 0 0 0 0 0
4 74 0 0 0 0 0
4 76 0 0 0 0 0
4 78 0 0 0 0 0
4 80 0 0 0 0 0
4 82 0 0 0 0 0
4 84 0 0 0 0 0
4 87 0 0 0 0 0
4 89 0 0 0 0 0
4 91 0 0 0 0 0
4 93 0 0 0 0 0
4 95 0 0 0 0 0
4 96 0 0 0 0 0
4 97 0 0 0 0 0
5 12 0 0 -4 0 0
5 13 0 0 -5 3 0
5 27 0 0 3 6 0
5 28 0 0 6 5 0
5 29 0 0 5 1 0
5 30 0 0 11 1 0
5 31 0 0 -20 2 0
5 32 0 0 -11 2 0
5 33 0 0 -14 11 0
5 34 0 0 -6 13 0
5 38 0 0 -3 18 0
5 39 0 0 -2 22 -1
5 40 0 0 0 21 0
5 41 0 0 0 0 0
5 42 0 0 0 0 0
5 43 0 0 0 0 0
5 66 0 0 0 0 0
5 67 0 0 0 0 0
5 68 0 0 0 0 0
5 69 0 0 0 0 0
5 70 0 0 0 0 0
5 71 0 0 0 0 0
5 96 0 0 0 0 0
5 97 0 0 0 0 0
6 12 0 0 -6 0 1
6 13 0 0 -6 1 0
6 14 0 0 -7 5 0
6 16 0 0 -5 8 0
6 18 0 0 -3 11 0
6 21 0 0 -1 12 0
6 23 0 0 1 12 0
6 30 0 0 7 0 0
6 31 0 0 -14 0 0
6 38 0 0 -6 22 -1
6 39 0 0 -2 25 -1
6 40 0 0 0 24 0
6 41 0 0 0 0 0
6 42 0 0 0 0 0
6 43 0 0 0 0 0
6 45 0 0 0 0 0
6 46 0 0 0 0 0
6 48 0 0 0 0 0
6 50 0 0 0 0 0
6 52 0 0 0 0 0
6 55 0 0 0 0 0
6 57 0 0 0 0 0
6 59 0 0 0 0 0
6 61 0 0 0 0 0
6 63 0 0 0 0 0
6 65 0 0 0 0 0
6 66 0 0 0 0 0
6 67 0 0 0 0 0
6 68 0 0 0 0 0
6 69 0 0 0 0 0
6 70 0 0 0 0 0
6 71 0 0 0 0 0
6 72 0 0 0 0 0
6 74 0 0 0 0 0
6 76 0 0 0 0 0
6 78 0 0 0 0 0
6 80 0 0 0 0 0
6 82 0 0 0 0 0
6 84 0 0 0 0 0
6 87 0 0 0 0 0
6 89 0 0 0 0 0
6 91 0 0 0 0 0
6 93 0 0 0 0 0
6 95 0 0 0 0 0
6 96 0 0 0 0 0
6 97 0 0 0 0 0
7 12 0 0 -8 0 -1
7 13 0 0 -9 4 0
7 25 0 0 4 10 0
7 27 0 0 6 8 0
7 29 0 0 9 3 0
7 30 0 0 16 0 -2
7 31 0 0 -31 0 4
7 33 0 0 -20 6 0
7 34 0 0 -12 13 0
7 36 0 0 -10 21 -1
7 38 0 0 -6 22 -1
7 39 0 0 -4 26 -1
7 40 0 0 0 25 0
7 41 0 0 0 0 0
7 42 0 0 0 0 0
7 43 0 0 0 0 0
7 66 0 0 0 0 0
7 67 0 0 0 0 0
7 68 0 0 0 0 0
7 69 0 0 0 0 0
7 70 0 0 0 0 0
7 71 0 0 0 0 0
7 96 0 0 0 0 0
7 97 0 0 0 0 0
8 12 0 0 -11 0 2
8 13 0 0 -10 1 0
8 14 0 0 -11 7 0
8 16 0 0 -9 11 0
8 18 0 0 -5 14 0
8 21 0 0 -1 15 0
8 23 0 0 2 15 0
8 25 0 0 7 13 0
8 30 0 0 13 0 0
8 31 0 0 -24 -1 0
8 38 0 0 -9 28 -2
8 39 0 0 -4 32 -2
8 40 0 0 0 30 0
8 41 0 0 0 0 0
8 42 0 0 0 0 0
8 43 0 0 0 0 0
8 45 0 0 0 0 0
8 46 0 0 0 0 0
8 48 0 0 0 0 0
8 50 0 0 0 0 0
8 52 0 0 0 0 0
8 55 0 0 0 0 0
8 57 0 0 0 0 0
8 59 0 0 0 0 0
8 61 0 0 0 0 0
8 63 0 0 0 0 0
8 65 0 0 0 0 0
8 66 0 0 0 0 0
8 67 0 0 0 0 0
8 68 0 0 0 0 0
8 69 0 0 0 0 0
8 70 0 0 0 0 0
8 71 0 0 0 0 0
8 72 0 0 0 0 0
8 74 0 0 0 0 0
8 76 0 0 0 0 0
8 78 0 0 0 0 0
8 80 0 0 0 0 0
8 82 0 0 0 0 0
8 84 0 0 0 0 0
8 87 0 0 0 0 0
8 89 0 0 0 0 0
8 91 0 0 0 0 0
8 93 0 0 0 0 0
8 95 0 0 0 0 0
8 96 0 0 0 0 0
8 97 0 0 0 0 0
9 12 0 0 -13 0 -2
9 13 0 0 -13 5 0
9 27 0 0 10 10 0
9 29 0 0 14 3 0
9 30 0 0 23 0 -4
9 31 0 0 -46 -1 8
9 32 0 0 -27 6 1
9 34 0 0 -19 16 0
9 36 0 0 -16 26 -1
9 38 0 0 -9 27 -1
9 39 0 0 -6 32 -2
9 40 0 0 0 32 0
9 41 0 0 0 0 0
9 42 0 0 0 0 0
9 43 0 0 0 0 0
9 66 0 0 0 0 0
9 67 0 0 0 0 0
9 68 0 0 0 0 0
9 69 0 0 0 0 0
9 70 0 0 0 0 0
9 71 0 0 0 0 0
9 96 0 0 0 0 0
9 97 0 0 0 0 0
10 12 0 0 -16 0 3
10 13 0 0 -15 1 0
10 14 0 0 -16 9 0
10 16 0 0 -13 14 0
10 19 0 0 -8 19 0
10 21 0 0 -2 20 0
10 23 0 0 4 20 0
10 25 0 0 10 17 0
10 27 0 0 15 13 0
10 29 0 0 20 4 0
10 30 0 0 20 -1 0
10 31 0 0 -37 -2 0
10 38 0 0 -15 38 -3
10 39 0 0 -6 42 -3
10 40 0 0 0 39 0
10 41 0 0 0 0 0
10 42 0 0 0 0 0
10 43 0 0 0 0 0
10 44 0 0 0 0 0
10 46 0 0 0 0 0
10 48 0 0 0 0 0
10 50 0 0 0 0 0
10 52 0 0 0 0 0
10 55 0 0 0 0 0
10 57 0 0 0 0 0
10 59 0 0 0 0 0
10 61 0 0 0 0 0
10 63 0 0 0 0 0
10 65 0 0 0 0 0
10 66 0 0 0 0 0
10 67 0 0 0 0 0
10 68 0 0 0 0 0
10 69 0 0 0 0 0
10 70 0 0 0 0 0
10 71 0 0 0 0 0
10 72 0 0 0 0 0
10 74 0 0 0 0 0
10 76 0 0 0 0 0
10 78 0 0 0 0 0
10 80 0 0 0 0 0
10 82 0 0 0 0 0
10 84 0 0 0 0 0
10 87 0 0 0 0 0
10 89 0 0 0 0 0
10 91 0 0 0 0 0
10 93 0 0 0 0 0
10 95 0 0 0 0 0
10 96 0 0 0 0 0
10 97 0 0 0 0 0
11 12 0 0 -18 0 -3
11 13 0 0 -19 6 0
11 30 0 0 33 -1 -6
11 31 0 0 -64 -3 12
11 32 0 0 -40 7 1
11 34 0 0 -29 24 0
11 36 0 0 -24 34 -1
11 38 0 0 -13 36 -1
11 39 0 0 -9 43 -2
11 40 0 0 -1 42 0
11 41 0 0 0 0 0
11 42 0 0 0 0 0
11 43 0 0 0 0 0
11 66 0 0 0 0 0
11 67 0 0 0 0 0
11 68 0 0 0 0 0
11 69 0 0 0 0 0
11 70 0 0 0 0 0
11 71 0 0 0 0 0
11 96 0 0 0 0 0
11 97 0 0 0 0 0
12 12 0 0 -23 0 5
12 13 0 0 -22 2 0
12 14 0 0 -23 12 0
12 16 0 0 -19 19 0
12 19 0 0 -12 25 0
12 21 0 0 -3 28 0
12 23 0 0 5 28 0
12 25 0 0 15 23 0
12 27 0 0 21 18 0
12 29 0 0 28 5 0
12 30 0 0 29 -1 1
12 31 0 0 -53 -3 -1
12 38 0 0 -21 51 -4
12 39 0 0 -9 57 -4
12 40 0 0 0 52 0
12 41 0 0 0 0 0
12 42 0 0 0 0 0
12 43 0 0 0 0 0
12 44 0 0 0 0 0
12 46 0 0 0 0 0
12 48 0 0 0 0 0
12 50 0 0 0 0 0
12 52 0 0 0 0 0
12 54 0 0 0 0 0
12 57 0 0 0 0 0
12 59 0 0 0 0 0
12 61 0 0 0 0 0
12 63 0 0 0 0 0
12 65 0 0 0 0 0
12 66 0 0 0 0 0
12 67 0 0 0 0 0
12 68 0 0 0 0 0
12 69 0 0 0 0 0
12 70 0 0 0 0 0
12 71 0 0 0 0 0
12 72 0 0 0 0 0
12 74 0 0 0 0 0
12 76 0 0 0 0 0
12 78 0 0 0 0 0
12 80 0 0 0 0 0
12 82 0 0 0 0 0
12 84 0 0 0 0 0
12 87 0 0 0 0 0
12 89 0 0 0 0 0
12 91 0 0 0 0 0
12 93 0 0 0 0 0
12 95 0 0 0 0 0
12 96 0 0 0 0 0
12 97 0 0 0 0 0
13 12 0 0 -26 0 -4
13 13 0 0 -27 9 1
13 30 0 0 47 -1 -9
13 31 0 0 -88 -4 16
13 32 0 0 -54 9 1
13 34 0 0 -43 34 0
13 36 0 0 -34 47 -2
13 38 0 0 -19 49 -2
13 39 0 0 -13 58 -3
13 40 0 0 -1 57 0
13 41 0 0 0 0 0
13 42 0 0 0 0 0
13 43 0 0 0 0 0
13 66 0 0 0 0 0
13 67 0 0 0 0 0
13 68 0 0 0 0 0
13 69 0 0 0 0 0
13 70 0 0 0 0 0
13 71 0 0 0 0 0
13 96 0 0 0 0 0
13 97 0 0 0 0 0
14 12 0 0 -32 1 6
14 13 0 0 -31 2 0
14 14 0 0 -32 17 0
14 16 0 0 -26 26 0
14 19 0 0 -16 34 0
14 21 0 0 -5 38 0
14 23 0 0 7 38 0
14 25 0 0 21 33 0
14 27 0 0 30 25 0
14 29 0 0 40 8 0
14 30 0 0 41 -2 1
14 31 0 0 -76 -4 -1
14 38 0 0 -30 69 -5
14 39 0 0 -14 78 -5
14 40 0 0 0 71 0
14 41 0 0 0 0 0
14 42 0 0 0 0 0
14 43 0 0 0 0 0
14 46 0 0 0 0 0
14 48 0 0 0 0 0
14 50 0 0 0 0 0
14 52 0 0 0 0 0
14 54 0 0 0 0 0
14 57 0 0 0 0 0
14 59 0 0 0 0 0
14 61 0 0 0 0 0
14 63 0 0 0 0 0
14 65 0 0 0 0 0
14 66 0 0 0 0 0
14 67 0 0 0 0 0
14 68 0 0 0 0 0
14 69 0 0 0 0 0
14 70 0 0 0 0 0
14 71 0 0 0 0 0
14 72 0 0 0 0 0
14 74 0 0 0 0 0
14 76 0 0 0 0 0
14 78 0 0 0 0 0
14 80 0 0 0 0 0
14 82 0 0 0 0 0
14 84 0 0 0 0 0
14 87 0 0 0 0 0
14 89 0 0 0 0 0
14 91 0 0 0 0 0
14 93 0 0 0 0 0
14 95 0 0 0 0 0
14 96 0 0 0 0 0
14 97 0 0 0 0 0
15 12 0 0 -36 0 -4
15 13 0 0 -38 12 1
15 30 0 0 65 -2 -12
15 31 0 0 -121 -5 21
15 32 0 0 -76 12 1
15 34 0 0 -61 48 0
15 36 0 0 -47 64 -2
15 38 0 0 -28 67 -3
15 39 0 0 -18 79 -5
15 40 0 0 -2 78 0
15 41 0 0 0 0 0
15 42 0 0 0 0 0
15 43 0 0 0 0 0
15 44 0 0 0 0 0
15 66 0 0 0 0 0
15 67 0 0 0 0 0
15 68 0 0 0 0 0
15 69 0 0 0 0 0
15 70 0 0 0 0 0
15 71 0 0 0 0 0
15 96 0 0 0 0 0
15 97 0 0 0 0 0
16 12 0 0 -45 1 8
16 13 0 0 -44 3 0
16 14 0 0 -45 22 0
16 16 0 0 -37 35 0
16 19 0 0 -24 47 0
16 21 0 0 -7 52 0
16 23 0 0 9 53 0
16 25 0 0 28 46 0
16 27 0 0 43 38 0
16 29 0 0 55 12 0
16 30 0 0 59 -3 1
16 31 0 0 -108 -6 -1
16 32 0 0 -103 18 1
16 34 0 0 -87 66 -1
16 38 0 0 -42 95 -7
16 39 0 0 -20 106 -8
16 40 0 0 -1 98 0
16 41 0 0 0 0 0
16 42 0 0 0 0 0
16 43 0 0 0 0 0
16 46 0 0 0 0 0
16 48 0 0 0 0 0
16 50 0 0 0 0 0
16 52 0 0 0 0 0
16 54 0 0 0 0 0
16 57 0 0 0 0 0
16 59 0 0 0 0 0
16 61 0 0 0 0 0
16 63 0 0 0 0 0
16 65 0 0 0 0 0
16 66 0 0 0 0 0
16 67 0 0 0 0 0
16 68 0 0 0 0 0
16 69 0 0 0 0 0
16 70 0 0 0 0 0
16 71 0 0 0 0 0
16 72 0 0 0 0 0
16 74 0 0 0 0 0
16 76 0 0 0 0 0
16 78 0 0 0 0 0
16 80 0 0 0 0 0
16 82 0 0 0 0 0
16 84 0 0 0 0 0
16 87 0 0 0 0 0
16 89 0 0 0 0 0
16 91 0 0 0 0 0
16 93 0 0 0 0 0
16 95 0 0 0 0 0
16 96 0 0 0 0 0
16 97 0 0 0 0 0
17 12 0 0 -49 2 -3
17 13 0 0 -53 17 2
17 30 0 0 88 -1 -14
17 31 0 0 -160 -5 26
17 36 0 0 -63 89 -3
17 38 0 0 -39 93 -4
17 39 0 0 -25 109 -7
17 40 0 0 -4 108 0
17 41 0 0 0 0 0
17 42 0 0 0 0 0
17 43 0 0 0 0 0
17 44 0 0 0 0 0
17 66 0 0 0 0 0
17 67 0 0 0 0 0
17 68 0 0 0 0 0
17 69 0 0 0 0 0
17 70 0 0 0 0 0
17 71 0 0 0 0 0
17 96 0 0 0 0 0
17 97 0 0 0 0 0
18 12 0 0 -63 1 11
18 13 0 0 -60 5 0
18 15 0 0 -62 31 0
18 17 0 0 -50 48 0
18 19 0 0 -33 63 0
18 21 0 0 -12 72 0
18 23 0 0 11 75 0
18 25 0 0 38 67 0
18 27 0 0 62 56 0
18 29 0 0 77 20 0
18 30 0 0 85 -4 2
18 31 0 0 -152 -7 -2
18 32 0 0 -141 29 2
18 34 0 0 -123 90 -2
18 36 0 0 -87 123 -4
18 38 0 0 -59 128 -9
18 39 0 0 -28 145 -11
18 40 0 0 -3 134 0
18 41 0 0 0 0 0
18 42 0 0 0 0 0
18 43 0 0 0 0 0
18 48 0 0 0 0 0
18 50 0 0 0 0 0
18 52 0 0 0 0 0
18 54 0 0 0 0 0
18 57 0 0 0 0 0
18 59 0 0 0 0 0
18 61 0 0 0 0 0
18 63 0 0 0 0 0
18 65 0 0 0 0 0
18 66 0 0 0 0 0
18 67 0 0 0 0 0
18 68 0 0 0 0 0
18 69 0 0 0 0 0
18 70 0 0 0 0 0
18 71 0 0 0 0 0
18 72 0 0 0 0 0
18 74 0 0 0 0 0
18 76 0 0 0 0 0
18 78 0 0 0 0 0
18 80 0 0 0 0 0
18 82 0 0 0 0 0
18 84 0 0 0 0 0
18 87 0 0 0 0 0
18 96 0 0 0 0 0
18 97 0 0 0 0 0
19 12 0 0 -68 2 -3
19 13 0 0 -72 22 3
19 30 0 0 116 0 -14
19 31 0 0 -209 -2 25
19 38 0 0 -55 128 -6
19 39 0 0 -34 149 -9
19 40 0 0 -7 148 0
19 41 0 0 0 0 0
19 42 0 0 0 0 0
19 43 0 0 0 0 0
19 44 0 0 0 0 0
19 46 0 0 0 0 0
19 66 0 0 0 0 0
19 67 0 0 0 0 0
19 68 0 0 0 0 0
19 69 0 0 0 0 0
19 70 0 0 0 0 0
19 71 0 0 0 0 0
19 89 0 0 0 0 0
19 91 0 0 0 0 0
19 93 0 0 0 0 0
19 95 0 0 0 0 0
19 96 0 0 0 0 0
19 97 0 0 0 0 0
20 2 0 0 0 0 0
20 3 0 0 -1 2 0
20 4 0 0 0 7 -1
20 5 0 0 0 7 0
20 6 0 0 0 9 0
20 7 0 0 -1 8 1
20 8 0 0 0 6 -1
20 9 0 0 1 4 0
20 10 0 0 0 2 0
20 11 0 0 0 0 0
20 12 0 0 -86 4 12
20 13 0 0 -80 8 0
20 19 0 0 -47 85 0
20 21 0 0 -19 97 0
20 23 0 0 12 104 0
20 25 0 0 48 97 0
20 27 0 0 87 80 0
20 29 0 0 110 39 0
20 30 0 0 124 -5 2
20 31 0 0 -214 -3 -3
20 32 0 0 -192 52 2
20 34 0 0 -170 120 -3
20 36 0 0 -117 171 -6
20 38 0 0 -81 177 -12
20 39 0 0 -39 198 -15
20 40 0 0 -6 185 -1
20 41 0 0 0 0 0
20 42 0 0 0 0 0
20 43 0 0 0 0 0
20 52 0 0 0 0 0
20 54 0 0 0 0 0
20 57 0 0 0 0 0
20 59 0 0 0 0 0
20 61 0 0 0 0 0
20 63 0 0 0 0 0
20 65 0 0 0 0 0
20 66 0 0 0 0 0
20 67 0 0 0 0 0
20 68 0 0 0 0 0
20 69 0 0 0 0 0
20 70 0 0 0 0 0
20 71 0 0 0 0 0
20 72 0 0 0 0 0
20 74 0 0 0 0 0
20 76 0 0 0 0 0
20 78 0 0 0 0 0
20 80 0 0 0 0 0
20 96 0 0 0 0 0
20 97 0 0 0 0 0
21 2 0 0 -1 0 0
21 3 0 0 -1 2 0
21 4 0 0 -1 6 0
21 5 0 0 -1 8 0
21 6 0 0 0 8 0
21 7 0 0 -2 9 0
21 8 0 0 3 11 0
21 9 0 0 0 5 0
21 10 0 0 1 2 0
21 11 0 0 2 0 0
21 12 0 0 -93 5 -2
21 13 0 0 -102 33 4
21 15 0 0 -85 42 0
21 17 0 0 -69 65 0
21 30 0 0 148 23 -12
21 31 0 0 -268 30 17
21 38 0 0 -75 177 -8
21 39 0 0 -45 204 -13
21 40 0 0 -11 202 0
21 41 0 0 0 0 0
21 42 0 0 0 0 0
21 43 0 0 0 0 0
21 44 0 0 0 0 0
21 46 0 0 0 0 0
21 48 0 0 0 0 0
21 50 0 0 0 0 0
21 66 0 0 0 0 0
21 67 0 0 0 0 0
21 68 0 0 0 0 0
21 69 0 0 0 0 0
21 70 0 0 0 0 0
21 71 0 0 0 0 0
21 82 0 0 0 0 0
21 84 0 0 0 0 0
21 87 0 0 0 0 0
21 89 0 0 0 0 0
21 91 0 0 0 0 0
21 93 0 0 0 0 0
21 95 0 0 0 0 0
21 96 0 0 0 0 0
21 97 0 0 0 0 0
22 2 0 0 -4 0 0
22 3 0 0 -4 4 0
22 4 0 0 -3 6 0
22 5 0 0 -2 7 0
22 6 0 0 -2 14 0
22 8 0 0 4 9 0
22 9 0 0 3 7 0
22 10 0 0 7 3 0
22 11 0 0 5 0 0
22 12 0 0 -118 4 15
22 13 0 0 -111 11 1
22 21 0 0 -31 132 0
22 23 0 0 9 143 0
22 25 0 0 62 141 0
22 27 0 0 117 121 -2
22 29 0 0 167 68 -10
22 30 0 0 181 0 1
22 31 0 0 -302 -4 2
22 33 0 0 -274 86 16
22 35 0 0 -228 171 0
22 37 0 0 -159 237 -6
22 38 0 0 -108 237 -14
22 39 0 0 -54 268 -21
22 40 0 0 -10 252 -1
22 41 0 0 0 0 0
22 42 0 0 0 0 0
22 43 0 0 0 0 0
22 59 0 0 0 0 0
22 61 0 0 0 0 0
22 63 0 0 0 0 0
22 65 0 0 0 0 0
22 66 0 0 0 0 0
22 67 0 0 0 0 0
22 68 0 0 0 0 0
22 69 0 0 1 0 0
22 70 0 0 1 0 0
22 71 0 0 0 0 0
22 72 0 0 0 0 0
22 74 0 0 0 0 0
22 76 0 0 0 0 0
22 78 0 0 0 0 0
22 96 0 0 0 0 0
22 97 0 0 0 0 0
23 2 0 0 -7 1 0
23 3 0 0 -9 5 0
23 4 0 0 -3 7 0
23 5 0 0 -5 8 0
23 8 0 0 6 10 0
23 9 0 0 7 8 0
23 10 0 0 8 1 0
23 11 0 0 9 0 0
23 12 0 0 -131 7 0
23 13 0 0 -139 42 3
23 14 0 0 -113 56 0
23 16 0 0 -94 86 0
23 19 0 0 -66 113 0
23 30 0 0 190 26 -20
23 31 0 0 -354 7 37
23 38 0 0 -101 240 -10
23 39 0 0 -61 275 -17
23 40 0 0 -18 273 0
23 41 0 0 0 0 0
23 42 0 0 0 0 0
23 43 0 0 0 0 0
23 44 0 0 0 0 0
23 46 0 0 0 0 0
23 48 0 0 0 0 0
23 50 0 0 0 0 0
23 52 0 0 0 0 0
23 54 0 0 0 0 0
23 57 0 0 0 0 0
23 66 0 0 0 0 0
23 67 0 0 0 0 0
23 68 0 0 0 0 0
23 69 0 0 0 0 0
23 70 0 0 1 0 0
23 71 0 0 1 0 0
23 80 0 0 0 0 0
23 82 0 0 0 0 0
23 84 0 0 0 0 0
23 87 0 0 0 0 0
23 89 0 0 0 0 0
23 91 0 0 0 0 0
23 93 0 0 0 0 0
23 95 0 0 0 0 0
23 96 0 0 0 0 0
23 97 0 0 0 0 0
24 2 0 0 -10 1 0
24 3 0 0 -9 5 0
24 4 0 0 -8 12 0
24 8 0 0 7 16 -1
24 9 0 0 10 12 -1
24 10 0 0 17 6 -1
24 11 0 0 14 1 0
24 12 0 0 -163 6 19
24 13 0 0 -151 19 1
24 21 0 0 -50 173 0
24 23 0 0 0 197 1
24 25 0 0 71 201 -1
24 27 0 0 153 200 -8
24 28 0 0 170 99 -13
24 29 0 0 246 96 -10
24 30 0 0 319 -16 -39
24 31 0 0 -440 -37 23
24 32 0 0 -386 87 0
24 33 0 0 -337 131 15
24 34 0 0 -304 267 9
24 37 0 0 -202 327 -8
24 38 0 0 -140 325 -18
24 39 0 0 -74 358 -29
24 40 0 0 -23 346 -6
24 41 0 0 0 0 0
24 42 0 0 0 0 0
24 43 0 0 0 0 0
24 66 0 0 0 0 0
24 67 0 0 -1 0 0
24 68 0 0 -1 0 0
24 69 0 0 2 0 0
24 70 0 0 1 0 0
24 71 0 0 1 0 0
24 96 0 0 0 0 0
24 97 0 0 0 0 0
25 2 0 0 -15 1 0
25 3 0 0 -18 7 0
25 7 0 0 -3 21 0
25 8 0 0 11 18 -1
25 9 0 0 14 16 -1
25 10 0 0 19 4 0
25 11 0 0 20 0 0
25 12 0 0 -180 9 7
25 13 0 0 -187 58 4
25 14 0 0 -154 77 0
25 16 0 0 -127 114 0
25 18 0 0 -93 148 0
25 28 0 0 250 189 -22
25 29 0 0 329 120 -11
25 30 0 0 350 -40 37
25 31 0 0 -436 17 -16
25 32 0 0 -484 63 -4
25 33 0 0 -438 225 25
25 38 0 0 -125 326 -13
25 39 0 0 -73 363 -24
25 40 0 0 -27 362 0
25 41 0 0 0 0 0
25 42 0 0 0 0 0
25 43 0 0 0 0 0
25 44 0 0 0 0 0
25 46 0 0 0 0 0
25 48 0 0 0 0 0
25 50 0 0 0 0 0
25 52 0 0 0 0 0
25 54 0 0 0 0 0
25 56 0 0 0 0 0
25 59 0 0 0 0 0
25 61 0 0 0 0 0
25 63 0 0 0 0 0
25 64 0 0 0 0 0
25 66 0 0 0 0 0
25 67 0 0 0 -1 0
25 68 0 0 0 -3 0
25 69 0 0 2 -3 0
25 70 0 0 1 -1 0
25 71 0 0 1 -1 0
25 72 0 0 0 -1 0
25 74 0 0 0 -1 0
25 76 0 0 0 -1 0
25 78 0 0 0 -1 0
25 80 0 0 0 0 0
25 82 0 0 0 0 0
25 85 0 0 0 0 0
25 87 0 0 0 0 0
25 89 0 0 0 0 0
25 91 0 0 0 0 0
25 93 0 0 0 0 0
25 95 0 0 0 0 0
25 96 0 0 0 0 0
25 97 0 0 0 0 0
26 2 0 0 -20 2 1
26 3 0 0 -18 7 1
26 4 0 0 -17 20 0
26 6 0 0 -7 36 -1
26 8 0 0 13 29 -3
26 9 0 0 20 25 -2
26 10 0 0 36 12 -1
26 11 0 0 31 1 0
26 12 0 0 -226 5 19
26 13 0 0 -205 27 0
26 18 0 0 -125 190 0
26 21 0 0 -79 226 0
26 28 0 0 264 230 -14
26 29 0 0 466 198 -22
26 30 0 0 196 10 5
26 31 0 0 -409 -80 103
26 32 0 0 -584 158 -59
26 33 0 0 -525 303 6
26 38 0 0 -167 428 -21
26 39 0 0 -93 464 -38
26 40 0 0 -26 444 -5
26 41 0 0 0 0 0
26 42 0 0 0 0 0
26 43 0 0 0 0 0
26 66 0 0 0 0 0
26 67 0 0 0 -1 0
26 68 0 0 0 -1 0
26 69 0 0 0 -1 0
26 70 0 0 0 -1 0
26 71 0 0 0 -1 0
26 82 0 0 0 0 0
26 84 0 0 0 0 0
26 86 0 0 0 0 0
26 89 0 0 0 0 0
26 91 0 0 0 0 0
26 93 0 0 0 0 0
26 95 0 0 0 0 0
26 96 0 0 0 0 0
26 97 0 0 0 0 0
27 2 0 0 -28 2 0
27 3 0 0 -34 12 0
27 8 0 0 16 35 -2
27 9 0 0 28 36 -2
27 10 0 0 44 10 0
27 11 0 0 48 0 0
27 12 0 0 -254 11 18
27 13 0 0 -250 81 5
27 14 0 0 -201 104 2
27 16 0 0 -166 151 1
27 23 0 0 -21 264 1
27 25 0 0 56 294 -1
27 27 0 0 165 346 -11
27 28 0 0 350 425 -18
27 29 0 0 514 436 -12
27 30 0 0 898 201 18
27 31 0 0 -799 711 326
27 32 0 0 -825 263 -9
27 33 0 0 -669 454 7
27 35 0 0 -392 429 4
27 37 0 0 -240 448 -10
27 38 0 0 -140 431 -16
27 39 0 0 -83 467 -30
27 40 0 0 -37 464 -3
27 41 0 0 0 0 0
27 42 0 0 0 0 0
27 43 0 0 0 0 0
27 44 0 0 0 0 0
27 46 0 0 0 0 0
27 48 0 0 0 0 0
27 50 0 0 0 0 0
27 52 0 0 0 0 0
27 54 0 0 0 0 0
27 56 0 0 0 0 0
27 59 0 0 0 0 0
27 61 0 0 0 0 0
27 62 0 0 0 0 0
27 64 0 0 0 0 0
27 66 0 0 0 0 0
27 67 0 0 0 -1 0
27 68 0 0 0 -1 0
27 69 0 0 0 -1 0
27 70 0 0 0 -1 0
27 71 0 0 1 -1 0
27 73 0 0 0 -1 0
27 74 0 0 0 -1 0
27 76 0 0 0 -1 0
27 78 0 0 0 -1 0
27 80 0 0 0 -1 0
27 96 0 0 0 0 0
27 97 0 0 0 0 0
28 2 0 0 -38 3 3
28 3 0 0 -34 11 1
28 4 0 0 -34 32 0
28 6 0 0 -17 63 -1
28 8 0 0 17 59 -6
28 9 0 0 36 57 -2
28 10 0 0 75 60 0
28 11 0 0 108 4 -1
28 12 0 0 -341 -19 0
28 13 0 0 -272 66 3
28 18 0 0 -170 237 0
28 21 0 0 -125 277 0
28 28 0 0 206 510 -23
28 29 0 0 297 739 -44
28 30 0 0 161 1224 -114
28 31 0 0 -746 918 161
28 32 0 0 -466 819 -20
28 33 0 0 -552 619 -23
28 38 0 0 -176 564 -27
28 39 0 0 -109 582 -47
28 40 0 0 -30 555 -5
28 41 0 0 0 0 0
28 42 0 0 0 0 0
28 43 0 0 0 0 0
28 82 0 0 -1 -1 0
28 84 0 0 -1 0 0
28 86 0 0 -1 0 0
28 89 0 0 0 0 0
28 91 0 0 0 0 0
28 93 0 0 0 0 0
28 95 0 0 0 0 0
28 96 0 0 0 0 0
28 97 0 0 0 0 0
29 2 0 0 -52 3 0
29 3 0 0 -59 19 0
29 8 0 0 11 70 -4
29 9 0 0 38 97 -4
29 10 0 0 111 51 -4
29 11 0 0 130 7 -1
29 12 0 0 -268 -71 -1
29 13 0 0 -376 167 12
29 14 0 0 -275 150 3
29 16 0 0 -215 194 1
29 23 0 0 -70 332 1
29 25 0 0 -12 387 -1
29 26 0 0 78 490 -12
29 28 0 0 151 580 -13
29 29 0 0 59 719 -27
29 30 0 0 56 899 -3
29 31 0 0 -379 1049 -34
29 32 0 0 -380 920 -14
29 33 0 0 -391 791 -1
29 35 0 0 -361 628 2
29 37 0 0 -224 608 -15
29 38 0 0 -114 561 -18
29 39 0 0 -68 584 -39
29 40 0 0 -40 574 -9
29 41 0 0 0 0 0
29 42 0 0 0 0 0
29 43 0 0 0 0 0
29 44 0 0 0 0 0
29 46 0 0 0 0 0
29 48 0 0 0 0 0
29 50 0 0 0 0 0
29 52 0 0 0 0 0
29 54 0 0 0 0 0
29 56 0 0 0 0 0
29 58 0 0 0 0 0
29 61 0 0 0 0 0
29 62 0 0 0 0 0
29 64 0 0 0 0 0
29 66 0 0 0 -1 0
29 69 0 0 0 -1 0
29 71 0 0 0 -1 0
29 73 0 0 0 -1 0
29 75 0 0 0 -1 0
29 76 0 0 0 -1 0
29 78 0 0 0 -1 0
29 81 0 0 0 -1 0
29 96 0 0 0 0 0
29 97 0 0 0 0 0
30 2 0 0 -65 6 2
30 3 0 0 -62 17 3
30 8 0 0 -8 107 -6
30 9 0 0 32 146 -7
30 10 0 0 135 305 -7
30 11 0 0 461 648 13
30 12 0 0 63 348 25
30 13 0 0 -409 226 5
30 18 0 0 -208 283 0
30 21 0 0 -173 326 0
30 38 0 0 -155 653 -26
30 39 0 0 -100 679 -50
30 40 0 0 -39 649 -12
30 41 0 0 0 0 0
30 42 0 0 0 0 0
30 43 0 0 0 0 0
30 83 0 0 -1 -1 0
30 84 0 0 -1 0 0
30 86 0 0 -1 0 0
30 87 0 0 -1 0 0
30 88 0 0 0 0 0
30 89 0 0 0 0 0
30 90 0 0 0 0 0
30 91 0 0 0 0 0
30 93 0 0 0 0 0
30 95 0 0 0 0 0
30 96 0 0 0 0 0
30 97 0 0 0 0 0
31 2 0 0 -88 5 1
31 3 0 0 -96 27 2
31 4 0 0 -68 51 0
31 6 0 0 -51 97 -3
31 8 0 0 -31 122 -8
31 9 0 0 -32 201 -8
31 10 0 0 61 251 -8
31 11 0 0 134 358 -5
31 12 0 0 -334 369 -2
31 13 0 0 -309 312 13
31 15 0 0 -290 238 5
31 16 0 0 -248 257 2
31 23 0 0 -134 377 0
31 24 0 0 -98 453 0
31 26 0 0 -47 535 -6
31 28 0 0 -53 696 -11
31 31 0 0 -148 836 -9
31 33 0 0 -275 793 0
31 35 0 0 -257 711 1
31 37 0 0 -187 691 -16
31 38 0 0 -100 649 -18
31 39 0 0 -61 680 -43
31 40 0 0 -40 667 -12
31 41 0 0 0 0 0
31 42 0 0 0 0 0
31 43 0 0 0 0 0
31 44 0 0 0 0 0
31 46 0 0 0 0 0
31 48 0 0 0 0 0
31 50 0 0 0 0 0
31 52 0 0 0 0 0
31 54 0 0 0 0 0
31 56 0 0 0 0 0
31 58 0 0 0 0 0
31 60 0 0 0 0 0
31 62 0 0 0 0 0
31 64 0 0 0 0 0
31 66 0 0 0 0 0
31 69 0 0 0 -1 0
31 71 0 0 1 -1 0
31 73 0 0 0 -1 0
31 75 0 0 0 -2 0
31 76 0 0 0 -2 0
31 79 0 0 0 -2 0
31 81 0 0 0 -1 0
31 86 0 0 -2 0 0
31 87 0 0 -1 0 0
31 88 0 0 0 1 0
31 89 0 0 0 0 0
31 90 0 0 0 0 0
31 91 0 0 0 0 0
31 96 0 0 0 0 0
31 97 0 0 0 0 0
32 2 0 0 -109 9 0
32 3 0 0 -103 26 6
32 8 0 0 -83 136 -10
32 9 0 0 -76 190 -11
32 10 0 0 -100 253 -7
32 11 0 0 -148 313 -10
32 12 0 0 -254 366 -4
32 13 0 0 -259 269 0
32 21 0 0 -220 353 0
32 38 0 0 -150 733 -26
32 39 0 0 -96 768 -53
32 40 0 0 -43 736 -16
32 41 0 0 0 0 0
32 42 0 0 0 0 0
32 43 0 0 0 0 0
32 86 0 0 -3 0 0
32 87 0 0 -4 3 0
32 88 0 0 0 2 0
32 89 0 0 0 1 0
32 90 0 0 0 0 0
32 91 0 0 0 0 0
32 96 0 0 0 0 0
32 97 0 0 0 0 0
33 2 0 0 -132 7 0
33 3 0 0 -141 31 3
33 4 0 0 -113 58 0
33 6 0 0 -102 108 -2
33 8 0 0 -94 120 -12
33 9 0 0 -122 200 -11
33 10 0 0 -107 231 -11
33 11 0 0 -162 306 -17
33 12 0 0 -197 295 -8
33 13 0 0 -259 302 -2
33 15 0 0 -261 284 3
33 17 0 0 -260 283 0
33 18 0 0 -240 313 0
33 23 0 0 -197 408 0
33 25 0 0 -175 477 0
33 26 0 0 -157 561 0
33 28 0 0 -143 673 0
33 31 0 0 -216 753 0
33 33 0 0 -262 776 2
33 35 0 0 -242 749 -2
33 37 0 0 -180 763 -20
33 38 0 0 -98 725 -18
33 39 0 0 -60 765 -46
33 40 0 0 -41 753 -15
33 41 0 0 0 0 0
33 42 0 0 0 0 0
33 43 0 0 0 0 0
33 44 0 0 0 0 0
33 46 0 0 0 0 0
33 48 0 0 0 0 0
33 50 0 0 0 0 0
33 52 0 0 0 0 0
33 54 0 0 0 0 0
33 56 0 0 0 0 0
33 58 0 0 0 0 0
33 60 0 0 0 0 0
33 63 0 0 0 0 0
33 65 0 0 0 0 0
33 67 0 0 1 0 0
33 69 0 0 1 -1 0
33 71 0 0 1 -1 0
33 73 0 0 1 -2 0
33 74 0 0 0 -2 0
33 77 0 0 0 -2 0
33 79 0 0 0 -2 0
33 81 0 0 -1 -2 0
33 83 0 0 -2 -2 0
33 85 0 0 -3 -1 0
33 86 0 0 -4 0 0
33 87 0 0 -4 0 0
33 88 0 0 1 0 0
33 89 0 0 0 0 0
33 90 0 0 0 0 0
33 91 0 0 0 0 0
33 93 0 0 0 0 0
33 95 0 0 0 0 0
33 96 0 0 0 0 0
33 97 0 0 0 0 0
34 2 0 0 -157 9 1
34 3 0 0 -151 29 5
34 21 0 0 -268 370 0
34 23 0 0 -259 423 0
34 38 0 0 -157 805 -25
34 39 0 0 -103 851 -57
34 40 0 0 -35 901 -22
34 41 0 0 0 0 0
34 42 0 0 0 0 0
34 43 0 0 0 0 0
34 86 0 0 -4 0 0
34 87 0 0 -4 0 0
34 88 0 0 0 0 0
34 89 0 0 0 0 0
34 90 0 0 0 0 0
34 91 0 0 0 0 0
34 96 0 0 0 0 0
34 97 0 0 0 0 0
35 2 0 0 -181 7 0
35 3 0 0 -187 30 3
35 4 0 0 -155 62 1
35 6 0 0 -154 103 -1
35 8 0 0 -181 161 -4
35 10 0 0 -210 223 -6
35 13 0 0 -257 269 -1
35 15 0 0 -281 278 0
35 17 0 0 -279 297 0
35 18 0 0 -276 326 0
35 25 0 0 -251 493 0
35 27 0 0 -242 564 0
35 29 0 0 -245 660 2
35 31 0 0 -261 734 0
35 33 0 0 -274 774 2
35 35 0 0 -246 785 -5
35 37 0 0 -190 824 -24
35 38 0 0 -115 798 -17
35 39 0 0 -70 850 -48
35 40 0 0 -49 839 -17
35 41 0 0 0 0 0
35 42 0 0 0 0 0
35 43 0 0 0 0 0
35 44 0 0 0 0 0
35 46 0 0 0 0 0
35 48 0 0 0 0 0
35 50 0 0 0 0 0
35 52 0 0 0 0 0
35 54 0 0 0 0 0
35 56 0 0 0 0 0
35 58 0 0 0 0 0
35 60 0 0 0 0 0
35 63 0 0 0 0 0
35 65 0 0 1 0 0
35 67 0 0 1 0 0
35 69 0 0 1 0 0
35 70 0 0 1 -1 0
35 72 0 0 1 -2 0
35 74 0 0 1 -2 0
35 77 0 0 0 -3 0
35 79 0 0 0 -3 0
35 81 0 0 -1 -3 0
35 83 0 0 -3 -3 0
35 85 0 0 -4 -2 0
35 86 0 0 -5 -1 0
35 87 0 0 -5 0 0
35 88 0 0 0 0 0
35 89 0 0 0 0 0
35 90 0 0 0 0 0
35 91 0 0 0 0 0
35 93 0 0 0 0 0
35 95 0 0 0 0 0
35 96 0 0 0 0 0
35 97 0 0 0 0 0
36 2 0 0 -204 9 1
36 3 0 0 -201 28 5
36 21 0 0 -318 371 0
36 23 0 0 -319 426 0
36 25 0 0 -319 494 0
36 27 0 0 -321 566 1
36 29 0 0 -320 653 1
36 31 0 0 -324 725 0
36 33 0 0 -314 790 4
36 35 0 0 -282 829 -3
36 37 0 0 -218 894 -26
36 38 0 0 -183 888 -26
36 39 0 0 -122 944 -61
36 40 0 0 -59 914 -22
36 41 0 0 0 0 0
36 42 0 0 0 0 0
36 43 0 0 0 0 0
36 86 0 0 -6 0 0
36 87 0 0 -7 0 1
36 88 0 0 0 0 0
36 89 0 0 0 0 0
36 90 0 0 0 0 0
36 91 0 0 0 0 0
36 96 0 0 0 0 0
36 97 0 0 0 0 0
37 2 0 0 -227 7 0
37 3 0 0 -235 31 3
37 4 0 0 -198 62 0
37 6 0 0 -204 104 1
37 8 0 0 -215 154 -4
37 10 0 0 -234 199 0
37 13 0 0 -273 233 0
37 15 0 0 -295 256 0
37 17 0 0 -308 286 0
37 18 0 0 -315 324 0
37 38 0 0 -146 882 -18
37 39 0 0 -89 947 -51
37 40 0 0 -62 938 -19
37 41 0 0 0 0 0
37 42 0 0 0 0 0
37 43 0 0 0 0 0
37 44 0 0 0 0 0
37 46 0 0 0 0 0
37 48 0 0 0 0 0
37 50 0 0 0 0 0
37 52 0 0 0 0 0
37 54 0 0 0 0 0
37 56 0 0 0 0 0
37 58 0 0 0 0 0
37 60 0 0 0 0 0
37 63 0 0 0 0 0
37 65 0 0 1 0 0
37 67 0 0 1 0 0
37 69 0 0 2 0 0
37 71 0 0 2 -1 0
37 73 0 0 2 -2 0
37 75 0 0 2 -3 0
37 77 0 0 1 -4 0
37 79 0 0 0 -5 0
37 81 0 0 -1 -5 0
37 83 0 0 -3 -4 0
37 85 0 0 -5 -3 0
37 86 0 0 -7 -3 0
37 87 0 0 -8 0 -1
37 88 0 0 0 0 0
37 89 0 0 0 0 0
37 90 0 0 0 0 0
37 91 0 0 0 0 0
37 93 0 0 0 0 0
37 95 0 0 0 0 0
37 96 0 0 0 0 0
37 97 0 0 0 0 0
38 2 0 0 -249 8 0
38 3 0 0 -248 23 4
38 8 0 0 -265 132 0
38 10 0 0 -285 173 0
38 12 0 0 -311 211 0
38 19 0 0 -360 317 0
38 21 0 0 -371 366 0
38 23 0 0 -383 421 0
38 25 0 0 -392 491 0
38 27 0 0 -403 564 0
38 29 0 0 -408 656 0
38 31 0 0 -401 736 -1
38 33 0 0 -385 815 3
38 35 0 0 -346 874 -6
38 37 0 0 -277 972 -30
38 38 0 0 -227 979 -25
38 39 0 0 -155 1051 -64
38 40 0 0 -76 1032 -24
38 41 0 0 0 0 0
38 42 0 0 0 0 0
38 43 0 0 0 0 0
38 62 0 0 0 0 0
38 64 0 0 1 0 0
38 66 0 0 1 0 0
38 69 0 0 2 0 0
38 71 0 0 3 -1 0
38 73 0 0 3 -2 0
38 75 0 0 3 -4 0
38 86 0 0 -8 -3 0
38 87 0 0 -11 0 2
38 88 0 0 0 0 0
38 89 0 0 0 0 0
38 90 0 0 0 0 0
38 91 0 0 0 0 0
38 92 0 0 0 0 0
38 93 0 0 0 0 0
38 94 0 0 0 0 0
38 95 0 0 0 0 0
38 96 0 0 0 0 0
38 97 0 0 0 0 0
39 2 0 0 -269 7 0
39 3 0 0 -274 28 2
39 4 0 0 -239 56 1
39 6 0 0 -249 90 2
39 14 0 0 -331 242 0
39 16 0 0 -346 277 0
39 38 0 0 -202 978 -18
39 39 0 0 -127 1062 -52
39 40 0 0 -86 1061 -20
39 41 0 0 0 0 0
39 42 0 0 0 0 0
39 43 0 0 0 0 0
39 44 0 0 0 0 0
39 46 0 0 0 0 0
39 48 0 0 0 0 0
39 50 0 0 0 0 0
39 52 0 0 0 0 0
39 54 0 0 0 0 0
39 56 0 0 0 0 0
39 58 0 0 0 0 0
39 60 0 0 0 0 0
39 77 0 0 1 -5 0
39 79 0 0 0 -6 0
39 81 0 0 -1 -7 0
39 83 0 0 -4 -7 0
39 85 0 0 -7 -6 0
39 86 0 0 -12 -7 0
39 87 0 0 -14 -1 -2
39 88 0 0 0 0 0
39 89 0 0 0 0 0
39 90 0 0 0 0 0
39 91 0 0 0 0 0
39 92 0 0 0 0 0
39 93 0 0 0 0 0
39 94 0 0 0 0 0
39 95 0 0 0 0 0
39 96 0 0 0 0 0
39 97 0 0 0 0 0
40 2 0 0 -289 8 0
40 3 0 0 -288 19 4
40 4 0 0 -274 50 0
40 6 0 0 -285 80 1
40 8 0 0 -300 118 0
40 10 0 0 -317 153 0
40 12 0 0 -342 188 0
40 14 0 0 -363 221 0
40 16 0 0 -384 258 0
40 19 0 0 -404 299 0
40 21 0 0 -423 348 0
40 23 0 0 -444 405 0
40 24 0 0 -462 473 0
40 26 0 0 -481 550 1
40 28 0 0 -492 650 1
40 31 0 0 -477 745 8
40 33 0 0 -454 839 19
40 35 0 0 -429 926 7
40 37 0 0 -356 1056 -28
40 38 0 0 -298 1094 -26
40 39 0 0 -213 1185 -70
40 40 0 0 -110 1183 -28
40 41 0 0 0 0 0
40 42 0 0 0 0 0
40 43 0 0 0 0 0
40 62 0 0 0 0 0
40 64 0 0 1 0 0
40 66 0 0 2 1 0
40 69 0 0 3 1 0
40 71 0 0 5 0 0
40 73 0 0 5 -3 0
40 75 0 0 5 -5 0
40 76 0 0 3 -7 0
40 81 0 0 -1 -9 0
40 86 0 0 -13 -10 0
40 87 0 0 -23 -5 -2
40 88 0 0 0 -26 0
40 89 0 0 -2 -19 0
40 90 0 0 0 -17 0
40 91 0 0 -1 -14 0
40 92 0 0 0 -12 0
40 93 0 0 -1 -9 0
40 94 0 0 0 -7 0
40 95 0 0 0 -4 0
40 96 0 0 0 -3 0
40 97 0 0 0 0 0
41 2 0 0 -306 6 0
41 3 0 0 -310 25 1
41 38 0 0 -288 1103 -20
41 39 0 0 -186 1213 -54
41 40 0 0 -128 1229 -20
41 41 0 0 0 0 0
41 42 0 0 0 0 0
41 43 0 0 0 0 0
41 44 0 0 0 0 0
41 46 0 0 0 0 0
41 48 0 0 0 0 0
41 50 0 0 0 0 0
41 52 0 0 0 0 0
41 54 0 0 0 0 0
41 56 0 0 0 0 0
41 58 0 0 0 0 0
41 61 0 0 0 0 0
41 79 0 0 1 -8 0
41 83 0 0 -4 -10 0
41 84 0 0 -7 -11 0
41 86 0 0 -12 -14 1
41 87 0 0 -12 -14 0
41 88 0 0 -2 -21 0
41 89 0 0 -2 -18 0
41 90 0 0 0 -13 0
41 91 0 0 -1 -13 0
41 92 0 0 0 -9 0
41 93 0 0 -1 -9 0
41 94 0 0 0 -5 0
41 95 0 0 -1 -5 0
41 96 0 0 0 -1 0
41 97 0 0 -1 0 0
42 2 0 0 -324 7 0
42 3 0 0 -323 14 3
42 8 0 0 -335 100 0
42 10 0 0 -355 132 0
42 12 0 0 -378 166 0
42 14 0 0 -401 200 0
42 16 0 0 -425 237 0
42 19 0 0 -451 278 0
42 21 0 0 -476 326 0
42 23 0 0 -510 382 0
42 24 0 0 -538 454 -2
42 26 0 0 -584 538 -4
42 28 0 0 -604 647 -14
42 31 0 0 -600 781 0
42 33 0 0 -591 845 17
42 35 0 0 -561 953 16
42 37 0 0 -500 1159 -22
42 38 0 0 -413 1230 -19
42 39 0 0 -301 1353 -67
42 40 0 0 -175 1376 -28
42 41 0 0 0 0 0
42 42 0 0 0 0 0
42 43 0 0 0 0 0
42 62 0 0 0 0 0
42 64 0 0 0 1 0
42 66 0 0 1 1 0
42 67 0 0 2 2 0
42 68 0 0 3 3 0
42 69 0 0 6 4 0
42 70 0 0 6 1 0
42 71 0 0 7 0 0
42 73 0 0 8 -4 0
42 75 0 0 7 -6 0
42 76 0 0 5 -9 0
42 78 0 0 2 -11 0
42 86 0 0 -8 -13 0
42 87 0 0 -7 -18 0
42 88 0 0 -7 -18 0
42 89 0 0 -4 -17 0
42 90 0 0 -5 -14 0
42 91 0 0 -2 -12 0
42 92 0 0 -4 -11 0
42 93 0 0 -2 -8 0
42 94 0 0 -4 -7 0
42 95 0 0 -3 -4 0
42 96 0 0 -3 -3 0
42 97 0 0 -3 0 1
43 2 0 0 -338 5 0
43 3 0 0 -339 22 0
43 4 0 0 -306 41 0
43 6 0 0 -319 67 1
43 38 0 0 -430 1263 -18
43 39 0 0 -284 1408 -51
43 40 0 0 -203 1449 -15
43 41 0 0 0 0 0
43 42 0 0 0 0 0
43 43 0 0 0 0 0
43 45 0 0 0 0 0
43 46 0 0 0 0 0
43 48 0 0 0 0 0
43 50 0 0 0 0 0
43 52 0 0 0 0 0
43 54 0 0 0 0 0
43 56 0 0 0 0 0
43 58 0 0 0 0 0
43 61 0 0 0 0 0
43 66 0 0 0 2 0
43 67 0 0 0 2 0
43 68 0 0 3 6 0
43 69 0 0 5 6 0
43 70 0 0 10 1 0
43 71 0 0 10 -1 0
43 81 0 0 0 -12 0
43 82 0 0 -3 -13 0
43 84 0 0 -5 -15 0
43 86 0 0 -9 -16 0
43 87 0 0 -5 -17 0
43 88 0 0 -8 -18 0
43 89 0 0 -4 -16 0
43 90 0 0 -6 -15 0
43 91 0 0 -4 -13 0
43 92 0 0 -6 -12 0
43 93 0 0 -4 -9 0
43 94 0 0 -6 -8 0
43 95 0 0 -5 -4 0
43 96 0 0 -6 -4 0
43 97 0 0 -5 0 -1
44 2 0 0 -351 7 1
44 3 0 0 -351 10 3
44 19 0 0 -493 248 0
44 21 0 0 -526 288 0
44 23 0 0 -569 344 3
44 24 0 0 -614 390 -1
44 26 0 0 -660 487 -1
44 28 0 0 -716 546 -15
44 29 0 0 -635 630 -8
44 30 0 0 -680 787 10
44 31 0 0 -563 833 11
44 32 0 0 -604 837 28
44 33 0 0 -575 824 52
44 35 0 0 -740 993 15
44 37 0 0 -732 1252 -9
44 38 0 0 -597 1416 -15
44 39 0 0 -417 1574 -69
44 40 0 0 -288 1621 -35
44 41 0 0 0 0 0
44 42 0 0 0 0 0
44 43 0 0 0 0 0
44 64 0 0 0 1 0
44 66 0 0 0 1 0
44 67 0 0 -1 1 0
44 68 0 0 -7 2 0
44 69 0 0 16 3 -3
44 70 0 0 13 0 0
44 71 0 0 12 0 0
44 73 0 0 12 -5 0
44 75 0 0 10 -8 0
44 78 0 0 4 -14 0
44 96 0 0 -7 -1 0
44 97 0 0 -7 0 2
45 2 0 0 -366 4 0
45 3 0 0 -360 19 0
45 4 0 0 -330 32 0
45 6 0 0 -346 54 0
45 8 0 0 -364 82 0
45 10 0 0 -385 111 0
45 12 0 0 -409 142 0
45 14 0 0 -434 174 0
45 16 0 0 -462 208 0
45 28 0 0 -783 490 -20
45 29 0 0 -794 573 -28
45 30 0 0 -793 759 -20
45 31 0 0 -633 893 -20
45 32 0 0 -683 795 1
45 33 0 0 -740 801 52
45 38 0 0 -651 1502 -15
45 39 0 0 -384 1664 -52
45 40 0 0 -299 1709 -19
45 41 0 0 0 0 0
45 42 0 0 0 0 0
45 43 0 0 0 0 0
45 45 0 0 0 0 0
45 46 0 0 0 0 0
45 48 0 0 0 0 0
45 50 0 0 0 0 0
45 52 0 0 0 0 0
45 54 0 0 0 0 0
45 56 0 0 0 0 0
45 59 0 0 0 0 0
45 61 0 0 0 0 0
45 62 0 0 0 0 0
45 66 0 0 0 1 0
45 67 0 0 -1 1 0
45 68 0 0 -2 0 0
45 69 0 0 20 0 -7
45 70 0 0 16 -1 0
45 71 0 0 15 -4 0
45 76 0 0 7 -11 0
45 80 0 0 1 -15 0
45 82 0 0 -1 -16 0
45 84 0 0 -5 -17 0
45 86 0 0 -7 -17 0
45 89 0 0 -8 -16 0
45 91 0 0 -8 -13 0
45 93 0 0 -9 -10 0
45 95 0 0 -9 -6 0
45 96 0 0 -10 -4 0
45 97 0 0 -9 0 -1
46 2 0 0 -375 3 1
46 3 0 0 -367 1 4
46 19 0 0 -533 214 0
46 21 0 0 -572 250 0
46 23 0 0 -621 295 1
46 25 0 0 -677 334 0
46 26 0 0 -750 393 -12
46 28 0 0 -852 449 -16
46 29 0 0 -882 509 -17
46 30 0 0 -1105 889 -27
46 31 0 0 -539 -431 52
46 32 0 0 -636 538 25
46 33 0 0 -763 694 31
46 34 0 0 -1016 884 16
46 36 0 0 -1130 1221 -4
46 38 0 0 -885 1685 9
46 39 0 0 -496 1883 -45
46 40 0 0 -361 1875 -24
46 41 0 0 0 0 0
46 42 0 0 0 0 0
46 43 0 0 0 0 0
46 66 0 0 0 0 0
46 67 0 0 0 0 0
46 68 0 0 -1 0 0
46 69 0 0 20 -2 -1
46 70 0 0 17 -1 0
46 71 0 0 16 -2 0
46 78 0 0 6 -17 0
46 96 0 0 -12 -1 0
46 97 0 0 -12 0 3
47 2 0 0 -380 1 0
47 3 0 0 -384 12 0
47 4 0 0 -352 22 0
47 6 0 0 -370 37 0
47 8 0 0 -391 62 0
47 10 0 0 -414 88 0
47 12 0 0 -440 116 0
47 14 0 0 -468 147 0
47 16 0 0 -498 178 0
47 28 0 0 -871 357 -8
47 29 0 0 -990 385 -2
47 30 0 0 -1184 211 6
47 31 0 0 -666 9 41
47 32 0 0 -805 356 29
47 33 0 0 -1041 564 43
47 38 0 0 -1086 1942 34
47 39 0 0 -456 2131 26
47 40 0 0 -284 1903 34
47 41 0 0 0 0 0
47 42 0 0 0 0 0
47 43 0 0 0 0 0
47 45 0 0 0 0 0
47 46 0 0 0 0 0
47 48 0 0 0 0 0
47 50 0 0 0 0 0
47 52 0 0 0 0 0
47 54 0 0 0 0 0
47 57 0 0 0 0 0
47 59 0 0 0 0 0
47 61 0 0 0 0 0
47 62 0 0 0 0 0
47 64 0 0 0 0 0
47 66 0 0 0 0 0
47 67 0 0 0 0 0
47 68 0 0 0 0 0
47 69 0 0 25 0 -9
47 70 0 0 19 -3 0
47 71 0 0 19 -5 0
47 72 0 0 16 -7 0
47 74 0 0 13 -11 0
47 76 0 0 10 -15 0
47 80 0 0 2 -19 0
47 82 0 0 -1 -20 0
47 84 0 0 -5 -20 0
47 86 0 0 -8 -19 0
47 89 0 0 -9 -17 0
47 91 0 0 -11 -14 0
47 93 0 0 -12 -11 0
47 95 0 0 -13 -7 0
47 96 0 0 -15 -5 0
47 97 0 0 -14 0 -2
48 2 0 0 -385 2 1
48 3 0 0 -386 0 1
48 21 0 0 -606 200 0
48 23 0 0 -654 238 2
48 28 0 0 -861 289 -16
48 29 0 0 -951 229 -8
48 30 0 0 -897 39 23
48 31 0 0 -445 -113 -25
48 32 0 0 -1367 324 16
48 33 0 0 -1296 478 20
48 35 0 0 -1442 672 -14
48 36 0 0 -1592 812 -63
48 37 0 0 -1806 1300 -75
48 38 0 0 -1595 2151 -46
48 39 0 0 -386 2406 -4
48 40 0 0 -103 2223 53
48 41 0 0 0 0 0
48 42 0 0 0 0 0
48 43 0 0 0 0 0
48 44 0 0 0 0 0
48 45 0 0 0 0 0
48 46 0 0 0 0 0
48 47 0 0 0 0 0
48 48 0 0 0 0 0
48 49 0 0 0 0 0
48 50 0 0 0 0 0
48 51 0 0 0 0 0
48 52 0 0 0 0 0
48 53 0 0 0 0 0
48 54 0 0 0 0 0
48 55 0 0 0 0 0
48 56 0 0 0 0 0
48 57 0 0 0 0 0
48 58 0 0 0 0 0
48 59 0 0 0 0 0
48 60 0 0 0 0 0
48 61 0 0 0 0 0
48 62 0 0 0 0 0
48 63 0 0 0 0 0
48 64 0 0 0 0 0
48 65 0 0 0 0 0
48 66 0 0 0 0 0
48 67 0 0 0 0 0
48 68 0 0 0 0 0
48 69 0 0 24 -3 -2
48 70 0 0 21 -2 0
48 71 0 0 21 -3 0
48 80 0 0 3 -23 0
48 82 0 0 -1 -24 0
48 85 0 0 -5 -23 0
48 87 0 0 -9 -22 0
48 89 0 0 -12 -20 0
48 91 0 0 -15 -16 0
48 93 0 0 -17 -12 0
48 95 0 0 -18 -7 0
48 96 0 0 -16 0 0
48 97 0 0 -17 0 4
49 2 0 0 -393 0 0
49 3 0 0 -385 9 -1
49 4 0 0 -361 5 0
49 6 0 0 -386 18 0
49 8 0 0 -411 38 0
49 10 0 0 -439 62 0
49 12 0 0 -467 89 0
49 14 0 0 -496 117 0
49 16 0 0 -529 144 0
49 19 0 0 -565 175 0
49 25 0 0 -712 247 -2
49 27 0 0 -763 297 -13
49 28 0 0 -807 206 -17
49 29 0 0 -780 210 -20
49 30 0 0 -692 -8 43
49 31 0 0 223 97 -178
49 32 0 0 -1523 434 33
49 33 0 0 -1476 449 -15
49 36 0 0 -1858 787 -83
49 37 0 0 -2099 1029 -109
49 38 0 0 -2699 963 96
49 39 0 0 -210 5 89
49 40 0 0 296 647 274
49 41 0 0 0 0 0
49 42 0 0 0 0 0
49 43 0 0 0 0 0
49 44 0 0 0 0 0
49 45 0 0 0 0 0
49 46 0 0 0 0 0
49 47 0 0 0 0 0
49 48 0 0 0 0 0
49 49 0 0 0 0 0
49 50 0 0 0 0 0
49 51 0 0 0 0 0
49 52 0 0 0 0 0
49 53 0 0 0 0 0
49 54 0 0 0 0 0
49 55 0 0 0 0 0
49 56 0 0 0 0 0
49 57 0 0 0 0 0
49 58 0 0 0 0 0
49 59 0 0 0 0 0
49 60 0 0 0 0 0
49 61 0 0 0 0 0
49 62 0 0 0 0 0
49 63 0 0 0 0 0
49 64 0 0 0 0 0
49 65 0 0 0 0 0
49 66 0 0 0 0 0
49 67 0 0 0 0 0
49 68 0 0 0 0 0
49 69 0 0 26 3 0
49 70 0 0 24 -4 0
49 71 0 0 25 -7 0
49 72 0 0 20 -10 0
49 74 0 0 17 -15 0
49 76 0 0 13 -19 0
49 78 0 0 8 -21 0
49 96 0 0 -20 -6 0
49 97 0 0 -19 0 -3
50 2 0 0 -391 -3 1
50 3 0 0 -384 -13 2
50 10 0 0 -466 33 0
50 12 0 0 -494 59 -1
50 21 0 0 -634 162 0
50 28 0 0 -798 249 -36
50 29 0 0 -745 242 -38
50 30 0 0 -794 319 -16
50 31 0 0 -828 487 -4
50 32 0 0 -1170 418 -9
50 33 0 0 -1360 299 -67
50 36 0 0 -1749 366 -36
50 37 0 0 -1914 -168 -31
50 38 0 0 -2792 -2365 111
50 39 0 0 -164 -737 24
50 40 0 0 -61 5 -7
50 69 0 0 33 -1 -11
50 70 0 0 27 -4 0
50 71 0 0 26 -5 0
50 72 0 0 26 -13 0
50 80 0 0 4 -29 0
50 82 0 0 -1 -29 0
50 85 0 0 -6 -28 0
50 87 0 0 -11 -26 0
50 89 0 0 -15 -23 0
50 91 0 0 -19 -19 0
50 93 0 0 -21 -13 0
50 95 0 0 -23 -8 0
50 96 0 0 -22 0 0
50 97 0 0 -27 -3 0
51 2 0 0 -383 -5 -1
51 3 0 0 -392 -4 0
51 4 0 0 -368 -9 -1
51 6 0 0 -403 -8 0
51 8 0 0 -434 10 -1
51 14 0 0 -523 86 0
51 16 0 0 -556 111 0
51 19 0 0 -591 138 0
51 23 0 0 -675 189 2
51 25 0 0 -733 207 -1
51 27 0 0 -765 223 -14
51 28 0 0 -766 176 -28
51 29 0 0 -802 241 -30
51 30 0 0 -853 370 -17
51 31 0 0 -1032 421 -34
51 32 0 0 -1211 387 -25
51 33 0 0 -1132 372 -26
51 34 0 0 -1400 285 -54
51 36 0 0 -1502 143 -4
51 37 0 0 -1686 -130 -56
51 38 0 0 -1016 -1156 -45
51 39 0 0 -453 -769 -37
51 40 0 0 -149 -7 15
51 69 0 0 39 -1 -13
51 70 0 0 31 -5 0
51 71 0 0 32 -10 0
51 74 0 0 22 -19 0
51 76 0 0 17 -24 0
51 78 0 0 11 -27 0
51 96 0 0 -26 -7 1
51 97 0 0 -25 0 -4
52 2 0 0 -370 -6 0
52 3 0 0 -385 -24 -4
52 4 0 0 -353 -49 0
52 6 0 0 -407 -46 4
52 8 0 0 -447 -18 5
52 11 0 0 -488 4 3
52 13 0 0 -517 30 0
52 14 0 0 -547 54 0
52 21 0 0 -657 118 0
52 36 0 0 -1293 37 -51
52 37 0 0 -1280 -182 -54
52 38 0 0 -1216 -391 -5
52 39 0 0 -805 -311 -2
52 40 0 0 -802 -80 -1
52 69 0 0 39 -4 -3
52 70 0 0 34 -4 0
52 71 0 0 33 -7 -1
52 82 0 0 -1 -36 0
52 84 0 0 -8 -34 0
52 87 0 0 -15 -31 0
52 89 0 0 -20 -27 0
52 91 0 0 -24 -22 0
52 93 0 0 -27 -16 0
52 95 0 0 -29 -10 0
52 96 0 0 -28 0 0
52 97 0 0 -29 0 6
53 2 0 0 -352 -10 -1
53 3 0 0 -347 -19 -9
53 16 0 0 -580 76 0
53 19 0 0 -615 98 0
53 23 0 0 -702 139 1
53 24 0 0 -749 162 -1
53 26 0 0 -805 174 -9
53 28 0 0 -886 231 -19
53 31 0 0 -1006 255 -20
53 33 0 0 -1150 209 -29
53 35 0 0 -1230 153 -32
53 36 0 0 -1186 -35 -6
53 37 0 0 -1181 -67 -5
53 38 0 0 -1111 -178 6
53 39 0 0 -937 -144 6
53 40 0 0 -914 -40 -8
53 69 0 0 50 -1 -16
53 70 0 0 39 -7 0
53 71 0 0 40 -13 -1
53 72 0 0 33 -17 0
53 74 0 0 28 -24 0
53 76 0 0 21 -30 0
53 78 0 0 13 -34 0
53 80 0 0 5 -36 0
53 96 0 0 -32 -8 1
53 97 0 0 -31 0 -5
54 2 0 0 -321 -11 -2
54 3 0 0 -331 -48 -5
54 4 0 0 -342 -91 3
54 6 0 0 -435 -99 12
54 9 0 0 -490 -62 3
54 11 0 0 -520 -35 7
54 13 0 0 -545 -1 0
54 14 0 0 -569 22 0
54 21 0 0 -676 74 0
54 38 0 0 -1113 -90 11
54 39 0 0 -995 -44 -1
54 40 0 0 -1002 -32 5
54 69 0 0 50 -5 -3
54 70 0 0 43 -6 0
54 71 0 0 43 -10 -2
54 82 0 0 -2 -44 0
54 84 0 0 -11 -41 0
54 87 0 0 -19 -37 0
54 89 0 0 -25 -32 0
54 91 0 0 -30 -26 0
54 93 0 0 -34 -19 0
54 95 0 0 -36 -11 0
54 96 0 0 -35 0 0
54 97 0 0 -36 0 7
55 2 0 0 -263 -14 0
55 3 0 0 -272 -47 0
55 16 0 0 -600 41 0
55 19 0 0 -634 59 0
55 23 0 0 -721 93 0
55 24 0 0 -770 106 0
55 26 0 0 -829 134 0
55 28 0 0 -881 144 -1
55 31 0 0 -969 157 -1
55 33 0 0 -1067 130 -1
55 35 0 0 -1130 56 -10
55 37 0 0 -1177 4 -2
55 38 0 0 -1100 -62 14
55 39 0 0 -1032 -53 -1
55 40 0 0 -1048 -16 -3
55 69 0 0 64 -2 -19
55 70 0 0 50 -9 0
55 71 0 0 51 -16 -2
55 72 0 0 43 -22 0
55 74 0 0 35 -31 0
55 76 0 0 26 -39 0
55 78 0 0 16 -42 0
55 80 0 0 6 -44 0
55 96 0 0 -40 -10 1
55 97 0 0 -38 0 -6
56 2 0 0 -242 -21 2
56 3 0 0 -268 -84 5
56 4 0 0 -261 -125 9
56 5 0 0 -321 -206 16
56 6 0 0 -400 -190 18
56 7 0 0 -459 -187 29
56 8 0 0 -473 -118 20
56 9 0 0 -511 -100 14
56 11 0 0 -552 -36 9
56 13 0 0 -570 -20 3
56 14 0 0 -587 0 0
56 21 0 0 -690 30 0
56 38 0 0 -1101 -25 9
56 39 0 0 -1072 -1 2
56 40 0 0 -1050 -20 11
56 69 0 0 64 -6 -4
56 70 0 0 57 -8 1
56 71 0 0 56 -13 -2
56 82 0 0 -4 -54 0
56 84 0 0 -15 -50 0
56 87 0 0 -24 -45 0
56 89 0 0 -31 -38 0
56 91 0 0 -37 -31 0
56 93 0 0 -42 -22 0
56 95 0 0 -44 -13 0
56 96 0 0 -43 0 0
56 97 0 0 -44 0 9
57 2 0 0 -151 -22 1
57 3 0 0 -166 -116 -1
57 4 0 0 -198 -175 2
57 5 0 0 -285 -302 4
57 6 0 0 -460 -317 10
57 7 0 0 -541 -193 2
57 8 0 0 -565 -130 -3
57 9 0 0 -584 -55 -4
57 16 0 0 -615 9 0
57 19 0 0 -648 21 0
57 23 0 0 -735 38 0
57 25 0 0 -788 49 1
57 27 0 0 -844 59 1
57 29 0 0 -910 71 2
57 31 0 0 -982 86 2
57 33 0 0 -1058 76 -2
57 35 0 0 -1087 62 1
57 37 0 0 -1083 18 -7
57 38 0 0 -1097 -1 6
57 39 0 0 -1078 -14 3
57 40 0 0 -1077 -14 1
57 69 0 0 82 -3 -22
57 70 0 0 65 -13 -1
57 71 0 0 67 -21 -2
57 72 0 0 54 -30 0
57 74 0 0 45 -41 0
57 76 0 0 32 -50 0
57 78 0 0 19 -54 0
57 80 0 0 6 -55 0
57 96 0 0 -49 -12 1
57 97 0 0 -47 0 -7
58 2 0 0 -46 -20 -4
58 3 0 0 -48 -88 3
58 4 0 0 -3 -248 -2
58 5 0 0 23 -341 -9
58 6 0 0 -795 -598 -41
58 7 0 0 -791 -312 -35
58 8 0 0 -640 -139 -9
58 9 0 0 -636 -87 -10
58 27 0 0 -852 5 0
58 29 0 0 -914 11 0
58 38 0 0 -1090 19 1
58 39 0 0 -1072 11 1
58 40 0 0 -1055 -22 9
58 69 0 0 84 -7 -4
58 70 0 0 74 -12 1
58 71 0 0 73 -18 -2
58 82 0 0 -7 -66 0
58 84 0 0 -20 -61 0
58 87 0 0 -30 -54 0
58 89 0 0 -39 -46 0
58 91 0 0 -46 -36 0
58 93 0 0 -51 -26 0
58 96 0 0 -53 0 0
58 97 0 0 -54 0 11
59 2 0 0 -8 -42 -3
59 3 0 0 -15 -153 -2
59 4 0 0 2 -207 2
59 5 0 0 70 77 18
59 6 0 0 -619 -80 -133
59 7 0 0 -1028 -240 -48
59 8 0 0 -723 -43 -20
59 9 0 0 -663 -18 -4
59 11 0 0 -592 -38 -7
59 13 0 0 -586 -29 -1
59 14 0 0 -601 -21 0
59 16 0 0 -623 -19 0
59 19 0 0 -655 -15 0
59 21 0 0 -695 -12 0
59 23 0 0 -741 -8 0
59 25 0 0 -794 -3 0
59 31 0 0 -978 23 0
59 33 0 0 -1045 24 1
59 35 0 0 -1075 26 0
59 37 0 0 -1083 31 2
59 38 0 0 -1080 38 -4
59 39 0 0 -1061 -1 2
59 40 0 0 -1075 -9 0
59 69 0 0 107 -5 -26
59 70 0 0 85 -17 -1
59 71 0 0 86 -30 -2
59 72 0 0 69 -40 0
59 74 0 0 56 -54 0
59 76 0 0 38 -64 0
59 78 0 0 22 -68 0
59 80 0 0 6 -69 0
59 95 0 0 -54 -16 0
59 96 0 0 -60 -14 2
59 97 0 0 -58 0 -7
60 2 0 0 -58 15 9
60 3 0 0 -33 111 2
60 4 0 0 -46 256 -3
60 5 0 0 -113 387 -6
60 6 0 0 -351 833 39
60 7 0 0 -527 101 -18
60 8 0 0 -594 51 -28
60 9 0 0 -608 16 -21
60 33 0 0 -1062 -15 0
60 35 0 0 -1089 16 0
60 37 0 0 -1089 54 -2
60 38 0 0 -1065 62 -9
60 39 0 0 -1039 29 0
60 40 0 0 -1025 -19 8
60 69 0 0 111 -7 -4
60 70 0 0 98 -17 0
60 71 0 0 96 -25 -3
60 72 0 0 88 -57 -1
60 74 0 0 70 -72 0
60 76 0 0 45 -83 0
60 78 0 0 24 -86 0
60 80 0 0 4 -85 0
60 82 0 0 -12 -81 0
60 84 0 0 -27 -74 0
60 87 0 0 -39 -65 0
60 89 0 0 -49 -54 0
60 91 0 0 -57 -43 0
60 96 0 0 -64 0 0
60 97 0 0 -66 -1 13
61 2 0 0 -125 12 0
61 3 0 0 -165 107 5
61 4 0 0 -183 158 0
61 5 0 0 -273 267 -12
61 6 0 0 -471 236 -22
61 7 0 0 -537 186 -16
61 8 0 0 -504 120 -12
61 9 0 0 -524 88 -10
61 11 0 0 -566 -14 -10
61 13 0 0 -583 -15 -7
61 14 0 0 -595 -35 0
61 16 0 0 -621 -44 0
61 18 0 0 -654 -51 0
61 21 0 0 -696 -56 0
61 23 0 0 -743 -60 0
61 25 0 0 -800 -60 0
61 27 0 0 -859 -59 0
61 29 0 0 -928 -51 0
61 31 0 0 -992 -37 0
61 38 0 0 -1041 95 -16
61 39 0 0 -1001 21 1
61 40 0 0 -1038 -6 0
61 69 0 0 142 -8 -28
61 70 0 0 112 -24 -2
61 71 0 0 113 -43 -3
61 93 0 0 -63 -31 0
61 95 0 0 -66 -18 0
61 96 0 0 -73 -17 2
61 97 0 0 -70 0 -8
62 2 0 0 -200 11 24
62 3 0 0 -197 41 -1
62 28 0 0 0 0 0
62 29 0 1 0 0 0
62 30 0 6 0 0 0
62 31 0 15 -1013 -105 -1
62 32 0 25 0 0 0
62 33 0 27 -1098 -67 2
62 34 0 20 0 0 0
62 35 0 9 -1144 -9 9
62 36 0 3 0 0 0
62 37 0 0 -1145 122 8
62 38 0 0 -1012 132 -18
62 39 0 0 -954 64 0
62 40 0 0 -948 -11 11
62 69 0 0 150 -7 -4
62 70 0 0 132 -27 0
62 71 0 0 128 -39 -4
62 72 0 0 112 -82 -2
62 74 0 0 85 -98 0
62 76 0 0 51 -109 0
62 78 0 0 25 -109 0
62 80 0 0 0 -106 0
62 82 0 0 -19 -98 0
62 84 0 0 -36 -88 0
62 87 0 0 -50 -76 0
62 96 0 0 -78 0 0
62 97 0 0 -80 -1 15
63 2 0 0 -233 2 -21
63 3 0 0 -254 65 8
63 4 0 0 -287 124 -4
63 6 0 0 -437 95 -13
63 9 0 0 -510 17 -10
63 11 0 0 -524 6 -6
63 13 0 0 -551 -43 2
63 14 0 0 -576 -59 0
63 16 0 0 -607 -79 1
63 18 0 0 -644 -92 0
63 21 0 0 -687 -104 0
63 23 0 0 -738 -115 0
63 25 0 0 -796 -122 0
63 27 0 0 -862 -126 0
63 28 0 1 0 0 0
63 29 0 9 -937 -120 -1
63 30 0 34 0 0 0
63 31 0 85 0 0 0
63 32 0 139 0 0 0
63 33 0 152 0 0 0
63 34 0 111 0 0 0
63 35 0 53 0 0 0
63 36 0 17 0 0 0
63 37 0 3 0 0 0
63 38 0 0 -956 196 -25
63 39 0 0 -882 60 4
63 40 0 0 -946 -5 1
63 69 0 0 192 -11 -27
63 70 0 0 153 -37 -3
63 71 0 0 148 -64 -3
63 89 0 0 -61 -64 0
63 91 0 0 -70 -50 0
63 93 0 0 -76 -35 0
63 95 0 0 -79 -21 0
63 96 0 0 -88 -19 3
63 97 0 0 -84 0 -9
64 2 0 0 -275 7 27
64 3 0 0 -271 -3 -2
64 28 0 6 0 0 0
64 29 0 34 0 0 0
64 30 0 128 0 0 0
64 31 0 316 -1038 -195 -3
64 32 0 523 0 0 0
64 33 0 582 -1148 -139 5
64 34 0 440 -1270 -71 19
64 35 0 227 0 0 0
64 36 0 80 0 0 0
64 37 0 19 -1283 214 -2
64 38 0 3 -917 319 -9
64 39 0 0 -798 153 7
64 40 0 0 -749 24 8
64 69 0 0 210 -8 -3
64 70 0 0 188 -48 -2
64 71 0 0 171 -61 -5
64 72 0 0 140 -125 -4
64 74 0 0 99 -135 -1
64 76 0 0 53 -144 0
64 78 0 0 21 -137 0
64 80 0 0 -7 -130 0
64 82 0 0 -29 -118 0
64 84 0 0 -48 -105 0
64 96 0 0 -93 0 0
64 97 0 0 -97 -2 18
65 2 0 0 -281 0 -21
65 3 0 0 -286 36 5
65 4 0 0 -298 46 0
65 6 0 0 -397 26 0
65 8 0 0 -438 -20 -5
65 11 0 0 -496 -46 0
65 13 0 0 -524 -73 -1
65 14 0 0 -558 -93 0
65 16 0 0 -590 -113 0
65 18 0 0 -629 -132 0
65 21 0 0 -673 -151 0
65 23 0 0 -725 -170 0
65 25 0 0 -787 -186 0
65 27 0 0 -859 -202 0
65 28 0 15 0 0 0
65 29 0 85 -944 -204 -1
65 30 0 316 0 0 0
65 31 0 785 0 0 0
65 32 0 1320 0 0 0
65 33 0 1521 0 0 0
65 34 0 1222 0 0 0
65 35 0 696 0 0 0
65 36 0 287 0 0 0
65 37 0 90 0 0 0
65 38 0 23 -810 545 -6
65 39 0 5 -628 203 11
65 40 0 0 -689 8 -7
65 69 0 0 274 -14 -20
65 70 0 0 217 -63 -3
65 71 0 0 199 -101 -5
65 87 0 0 -63 -90 0
65 89 0 0 -76 -74 0
65 91 0 0 -85 -58 0
65 93 0 0 -92 -41 0
65 95 0 0 -95 -25 0
65 96 0 0 -105 -23 3
65 97 0 0 -101 0 -10
66 2 0 0 -294 4 28
66 3 0 0 -287 -30 -5
66 4 0 0 -305 -13 0
66 6 0 0 -375 -35 0
66 8 0 0 -429 -63 2
66 28 0 25 0 0 0
66 29 0 139 0 0 0
66 30 0 523 0 0 0
66 31 0 1320 0 0 0
66 32 0 2299 0 0 0
66 33 0 2829 -1230 -293 5
66 34 0 2521 -1507 -210 5
66 35 0 1648 0 0 0
66 36 0 801 -1597 -9 -26
66 37 0 301 -1632 596 -51
66 38 0 95 -754 874 -14
66 39 0 25 -339 426 -22
66 40 0 0 -188 137 -77
66 69 0 0 317 -9 -3
66 70 0 0 277 -98 -3
66 71 0 0 232 -113 -7
66 74 0 0 111 -184 -1
66 76 0 0 51 -185 1
66 78 0 0 12 -170 0
66 80 0 0 -19 -157 0
66 82 0 0 -44 -139 0
66 84 0 0 -64 -122 0
66 96 0 0 -111 0 0
66 97 0 0 -116 -3 20
67 2 0 0 -283 -1 -18
67 3 0 0 -279 12 3
67 10 0 0 -470 -81 0
67 12 0 0 -503 -106 0
67 14 0 0 -536 -126 0
67 16 0 0 -569 -149 0
67 18 0 0 -607 -173 0
67 20 0 0 -650 -199 0
67 23 0 0 -703 -227 0
67 25 0 0 -766 -255 0
67 27 0 0 -844 -284 0
67 28 0 27 0 0 0
67 29 0 152 -942 -307 0
67 30 0 582 0 0 0
67 31 0 1521 -1070 -319 -1
67 32 0 2829 0 0 0
67 33 0 3882 0 0 0
67 34 0 3990 0 0 0
67 35 0 3052 0 0 0
67 36 0 1743 -1995 -167 -64
67 37 0 776 -2210 516 -57
67 38 0 286 -445 731 20
67 39 0 77 -5 530 17
67 40 0 0 -46 6 14
67 69 0 0 459 -19 0
67 70 0 0 327 -140 -7
67 71 0 0 270 -186 -11
67 73 0 0 172 -193 -8
67 87 0 0 -80 -104 0
67 89 0 0 -93 -85 0
67 91 0 0 -103 -66 0
67 93 0 0 -110 -47 0
67 95 0 0 -113 -28 0
67 96 0 0 -125 -26 3
67 97 0 0 -120 -1 -10
68 2 0 0 -272 2 30
68 3 0 0 -267 -50 -7
68 4 0 0 -273 -60 0
68 6 0 0 -343 -94 3
68 8 0 0 -400 -114 2
68 11 0 0 -451 -120 2
68 12 0 0 -481 -139 0
68 27 0 0 0 0 0
68 28 0 21 0 0 0
68 29 0 117 0 0 0
68 30 0 455 0 0 0
68 31 0 1246 0 0 0
68 32 0 2548 0 0 0
68 33 0 4010 0 0 0
68 34 0 4799 0 0 0
68 35 0 4261 0 0 0
68 36 0 2829 -2192 -510 -84
68 37 0 1471 -2550 -730 -104
68 38 0 0 -121 -969 199
68 39 0 0 147 -687 2
68 40 0 0 18 -31 0
68 69 0 0 624 -5 -3
68 70 0 0 432 -229 -14
68 71 0 0 288 -215 -14
68 76 0 0 35 -242 1
68 78 0 0 -6 -209 0
68 80 0 0 -38 -187 0
68 82 0 0 -64 -163 0
68 85 0 0 -84 -141 0
68 96 0 0 -131 0 0
68 97 0 0 -138 -4 21
69 2 0 0 -245 -1 -20
69 3 0 0 -242 -7 0
69 14 0 0 -514 -159 0
69 16 0 0 -544 -183 0
69 18 0 0 -580 -213 0
69 20 0 0 -620 -245 0
69 22 0 0 -670 -284 0
69 25 0 0 -730 -326 0
69 27 0 1 -807 -376 0
69 28 0 18 0 0 0
69 29 0 87 -908 -433 1
69 30 0 309 0 0 0
69 31 0 830 -1045 -498 2
69 32 0 1796 -1239 -583 8
69 33 0 3163 0 0 0
69 34 0 4312 -1549 -671 -11
69 35 0 4397 0 0 0
69 36 0 3395 -1772 -1217 -77
69 37 0 2045 -2274 -1348 -96
69 38 0 0 -1827 -3945 198
69 39 0 0 -7 -2423 6
69 40 0 125 -19 -2265 -24
69 41 0 0 -2 -2116 -9
69 42 0 0 -5 -1986 -6
69 43 0 0 4 -1757 -11
69 44 0 0 -6 -1819 9
69 45 0 186 6 -1682 -19
69 46 0 0 -5 -1709 7
69 47 0 0 4 -1556 -9
69 48 0 0 -5 -1626 8
69 49 0 0 -5 -1594 -12
69 50 0 594 -5 -1558 8
69 51 0 0 6 -1434 -14
69 52 0 0 -4 -1489 8
69 53 0 0 8 -1369 -16
69 54 0 0 -4 -1417 9
69 55 0 2 10 -1301 -18
69 56 0 0 -3 -1337 11
69 57 0 0 12 -1217 -20
69 58 0 0 -2 -1248 10
69 59 0 0 13 -1132 -21
69 60 0 0 -1 -1156 10
69 61 0 0 13 -1046 -22
69 62 0 0 1 -1066 6
69 63 0 0 11 -974 -25
69 64 0 0 2 -994 6
69 65 0 0 7 -899 -27
69 66 0 0 7 -961 2
69 67 0 0 -104 -477 -108
69 68 0 0 -94 90 45
69 69 0 0 1003 -829 1
69 70 0 0 395 -502 -20
69 71 0 0 308 -398 -23
69 73 0 0 175 -323 -11
69 74 0 0 94 -260 -1
69 87 0 0 -101 -119 0
69 89 0 0 -113 -97 0
69 91 0 0 -123 -75 0
69 93 0 0 -130 -52 0
69 95 0 0 -134 -32 0
69 96 0 0 -147 -30 3
69 97 0 0 -143 -1 -10
70 2 0 0 -214 0 30
70 3 0 0 -220 -71 -7
70 4 0 0 -231 -107 4
70 6 0 0 -324 -168 7
70 9 0 0 -405 -168 6
70 11 0 0 -447 -159 4
70 13 0 0 -465 -169 0
70 27 0 6 0 0 0
70 28 0 36 0 0 0
70 29 0 138 0 0 0
70 30 0 379 0 0 0
70 31 0 782 0 0 0
70 32 0 1361 0 0 0
70 33 0 2191 0 0 0
70 34 0 3104 0 0 0
70 35 0 3542 0 0 0
70 36 0 3140 -1455 -1366 -93
70 37 0 2144 -1530 -1864 -103
70 38 0 1132 -972 -2261 -37
70 39 0 530 -454 -2258 -23
70 40 0 368 -275 -2010 -6
70 41 0 467 -172 -1897 -7
70 42 0 649 -111 -1771 -1
70 43 0 798 -75 -1693 -7
70 44 0 849 -56 -1613 -7
70 45 0 871 -42 -1570 -5
70 46 0 1031 -40 -1521 -4
70 47 0 1424 -30 -1487 0
70 48 0 1843 -35 -1450 -2
70 49 0 1954 -27 -1419 0
70 50 0 1653 -36 -1386 -2
70 51 0 1082 -29 -1353 -1
70 52 0 519 -40 -1319 -3
70 53 0 174 -33 -1284 -1
70 54 0 40 -44 -1247 -4
70 55 0 6 -36 -1210 -1
70 56 0 0 -48 -1170 -5
70 57 0 0 -38 -1132 -2
70 58 0 0 -49 -1091 -4
70 59 0 0 -37 -1056 0
70 60 0 0 -49 -1011 -4
70 61 0 0 -33 -975 2
70 62 0 0 -42 -944 2
70 63 0 0 -22 -924 10
70 64 0 0 -32 -881 -4
70 65 0 0 -18 -871 -4
70 66 0 0 -36 -857 -11
70 67 0 0 -39 -827 -22
70 68 0 0 -26 -951 -22
70 69 0 0 308 -710 -19
70 70 0 0 226 -516 -31
70 71 0 0 192 -407 -21
70 76 0 0 -3 -290 2
70 78 0 0 -40 -244 0
70 80 0 0 -66 -215 0
70 82 0 0 -90 -185 0
70 96 0 0 -153 0 0
70 97 0 0 -162 -5 23
71 2 0 0 -174 -3 -20
71 3 0 0 -167 -27 3
71 14 0 0 -491 -188 0
71 16 0 0 -515 -214 0
71 18 0 0 -546 -249 0
71 20 0 0 -580 -288 0
71 22 0 0 -623 -336 0
71 25 0 0 -675 -391 0
71 27 0 14 -740 -460 0
71 28 0 82 0 0 0
71 29 0 301 -822 -544 1
71 30 0 754 0 0 0
71 31 0 1321 -928 -659 2
71 32 0 1740 -1061 -822 8
71 33 0 2036 0 0 0
71 34 0 2410 -1171 -1087 -6
71 35 0 2699 0 0 0
71 36 0 2524 -1020 -1411 -39
71 37 0 1879 -965 -1672 -48
71 38 0 1209 -843 -1928 -15
71 39 0 940 -489 -1917 -5
71 40 0 1162 -393 -1864 -7
71 41 0 1723 -221 -1817 4
71 42 0 2321 -211 -1766 10
71 43 0 2691 -136 -1731 14
71 44 0 2822 -127 -1672 10
71 45 0 3017 -86 -1643 11
71 46 0 3681 -89 -1606 6
71 47 0 4835 -67 -1586 3
71 48 0 5552 -74 -1550 -1
71 49 0 4969 -63 -1527 -1
71 50 0 3547 -73 -1492 -3
71 51 0 2113 -62 -1470 -3
71 52 0 1028 -79 -1434 -4
71 53 0 431 -67 -1404 -5
71 54 0 239 -84 -1365 -6
71 55 0 187 -71 -1333 -7
71 56 0 122 -98 -1290 -8
71 57 0 59 -79 -1245 -9
71 58 0 20 -98 -1200 -8
71 59 0 5 -81 -1157 -10
71 60 0 0 -106 -1113 -11
71 61 0 0 -78 -1064 -13
71 62 0 0 -94 -1022 -12
71 63 0 0 -75 -979 -15
71 64 0 0 -94 -936 -14
71 65 0 0 -51 -888 -13
71 66 0 0 -61 -867 -10
71 67 0 0 -13 -828 -9
71 68 0 0 -57 -851 -11
71 69 0 0 206 -776 0
71 70 0 0 108 -576 -22
71 71 0 0 176 -478 -18
71 73 0 0 98 -424 -4
71 75 0 0 34 -324 -4
71 85 0 0 -109 -159 0
71 87 0 0 -125 -133 0
71 89 0 0 -137 -108 0
71 91 0 0 -147 -83 0
71 93 0 0 -154 -58 0
71 95 0 0 -156 -36 0
71 96 0 0 -171 -33 4
71 97 0 0 -168 -1 -9
72 2 0 0 -136 0 23
72 3 0 0 -149 -65 -1
72 4 0 0 -139 -105 7
72 5 0 0 -192 -187 9
72 6 0 0 -217 -280 10
72 7 0 0 -362 -295 19
72 8 0 0 -393 -214 9
72 9 0 0 -433 -214 6
72 11 0 0 -450 -174 1
72 12 0 0 -453 -184 0
72 27 0 24 0 0 0
72 28 0 134 0 0 0
72 29 0 490 0 0 0
72 30 0 1222 0 0 0
72 31 0 2111 0 0 0
72 32 0 2702 0 0 0
72 33 0 2953 0 0 0
72 34 0 3124 0 0 0
72 35 0 3084 0 0 0
72 36 0 2631 0 0 0
72 37 0 2028 0 0 0
72 38 0 1743 0 0 0
72 39 0 2045 0 0 0
72 40 0 3029 0 0 0
72 41 0 4550 -374 -1679 -14
72 42 0 5963 0 0 0
72 43 0 6715 -235 -1633 -10
72 44 0 7141 0 0 0
72 45 0 8058 -173 -1585 -11
72 46 0 10073 0 0 0
72 47 0 12690 -134 -1529 -4
72 48 0 13355 0 0 0
72 49 0 10486 -116 -1480 -3
72 50 0 6504 0 0 0
72 51 0 3827 -110 -1432 0
72 52 0 2307 0 0 0
72 53 0 1575 -121 -1377 0
72 54 0 1530 0 0 0
72 55 0 1478 -130 -1316 1
72 56 0 1055 -153 -1237 0
72 57 0 588 0 0 0
72 58 0 267 -151 -1147 1
72 59 0 89 0 0 0
72 60 0 20 -151 -1057 2
72 61 0 3 0 0 0
72 62 0 0 -137 -972 4
72 63 0 0 0 0 0
72 64 0 0 -121 -886 1
72 76 0 0 -51 -319 0
72 78 0 0 -79 -273 0
72 80 0 0 -99 -238 0
72 96 0 0 -178 0 0
72 97 0 0 -189 -6 24
73 2 0 0 -90 -5 -11
73 3 0 0 -77 -62 -3
73 4 0 0 -74 -117 0
73 5 0 0 -78 -160 12
73 6 0 0 -231 -516 3
73 7 0 0 -474 -413 -7
73 8 0 0 -476 -220 -6
73 9 0 0 -455 -148 -2
73 14 0 0 -468 -208 0
73 16 0 0 -483 -237 0
73 18 0 0 -506 -278 0
73 20 0 0 -533 -323 0
73 22 0 0 -567 -378 0
73 24 0 0 -608 -442 0
73 27 0 27 -656 -521 0
73 28 0 148 0 0 0
73 29 0 542 -712 -617 0
73 30 0 1370 0 0 0
73 31 0 2453 -775 -742 0
73 32 0 3454 -834 -908 2
73 33 0 4406 0 0 0
73 34 0 5210 -882 -1134 -9
73 35 0 5146 0 0 0
73 36 0 4139 -874 -1399 -23
73 37 0 3186 0 0 0
73 38 0 3065 0 0 0
73 39 0 3851 -631 -1640 -20
73 40 0 5632 0 0 0
73 41 0 8293 0 0 0
73 42 0 10762 0 0 0
73 43 0 12266 0 0 0
73 44 0 13758 0 0 0
73 45 0 16468 0 0 0
73 46 0 20666 0 0 0
73 47 0 24755 0 0 0
73 48 0 24303 0 0 0
73 49 0 17759 0 0 0
73 50 0 10942 0 0 0
73 51 0 7984 0 0 0
73 52 0 6801 0 0 0
73 53 0 6216 0 0 0
73 54 0 6774 0 0 0
73 55 0 6711 0 0 0
73 56 0 5103 0 0 0
73 57 0 3288 0 0 0
73 58 0 1804 0 0 0
73 59 0 727 0 0 0
73 60 0 203 0 0 0
73 61 0 40 0 0 0
73 62 0 5 0 0 0
73 63 0 0 0 0 0
73 66 0 0 -89 -819 1
73 69 0 0 -41 -724 -7
73 71 0 0 4 -568 0
73 73 0 0 11 -455 -6
73 75 0 0 -32 -374 0
73 82 0 0 -120 -206 0
73 85 0 0 -137 -176 0
73 87 0 0 -152 -147 0
73 89 0 0 -163 -119 0
73 91 0 0 -173 -91 0
73 93 0 0 -179 -64 0
73 95 0 0 -182 -39 0
73 96 0 0 -198 -37 4
73 97 0 0 -196 -2 -8
74 2 0 0 -45 -2 10
74 3 0 0 -39 -32 0
74 4 0 0 -21 -81 1
74 5 0 0 22 -74 2
74 6 0 0 -33 -281 20
74 7 0 0 -828 -136 10
74 8 0 0 -512 -216 -14
74 9 0 0 -490 -198 -11
74 11 0 0 -448 -168 -6
74 12 0 0 -434 -183 0
74 27 0 20 0 0 0
74 28 0 110 0 0 0
74 29 0 402 0 0 0
74 30 0 1049 0 0 0
74 31 0 2022 0 0 0
74 32 0 3348 0 0 0
74 33 0 5237 0 0 0
74 34 0 7083 0 0 0
74 35 0 7365 0 0 0
74 36 0 5982 0 0 0
74 37 0 4609 0 0 0
74 38 0 4377 0 0 0
74 39 0 5207 0 0 0
74 40 0 7168 0 0 0
74 41 0 10296 -341 -1553 0
74 42 0 13586 0 0 0
74 43 0 16597 -253 -1556 1
74 44 0 20612 0 0 0
74 45 0 26123 -191 -1538 0
74 46 0 32112 0 0 0
74 47 0 36043 -161 -1514 0
74 48 0 33115 0 0 0
74 49 0 23585 -151 -1485 -1
74 50 0 16476 0 0 0
74 51 0 15987 -155 -1448 0
74 52 0 16827 0 0 0
74 53 0 16894 -177 -1399 -2
74 54 0 18260 0 0 0
74 55 0 18215 -199 -1343 0
74 56 0 15256 -244 -1260 -1
74 57 0 11628 0 0 0
74 58 0 7471 -248 -1154 -1
74 59 0 3485 0 0 0
74 60 0 1120 -251 -1055 -1
74 61 0 239 0 0 0
74 62 0 31 -234 -953 -1
74 63 0 2 0 0 0
74 64 0 0 -208 -862 -1
74 66 0 0 -174 -773 -1
74 69 0 0 -119 -682 -1
74 76 0 0 -106 -337 1
74 78 0 0 -120 -291 0
74 96 0 0 -206 0 0
74 97 0 0 -218 -7 24
75 2 0 0 -28 0 -1
75 3 0 0 -16 -18 0
75 4 0 0 -10 -38 -1
75 5 0 0 26 -39 1
75 6 0 0 42 3 4
75 7 0 0 -596 -20 -1
75 8 0 0 -527 -105 -8
75 9 0 0 -485 -103 -4
75 14 0 0 -438 -218 0
75 16 0 0 -446 -252 0
75 18 0 0 -461 -299 0
75 20 0 0 -480 -349 0
75 22 0 0 -505 -410 0
75 24 0 0 -533 -480 0
75 26 0 0 -566 -565 0
75 27 0 10 0 0 0
75 28 0 54 0 0 0
75 29 0 200 -602 -665 0
75 30 0 551 0 0 0
75 31 0 1194 -637 -790 0
75 32 0 2406 -667 -939 1
75 33 0 4486 0 0 0
75 34 0 6676 -674 -1116 -1
75 35 0 7277 0 0 0
75 36 0 6081 -623 -1321 -6
75 37 0 4725 0 0 0
75 38 0 4334 -497 -1491 0
75 39 0 4810 0 0 0
75 40 0 6204 0 0 0
75 41 0 8781 0 0 0
75 42 0 12330 0 0 0
75 43 0 17338 0 0 0
75 44 0 24677 0 0 0
75 45 0 32704 0 0 0
75 46 0 38734 0 0 0
75 47 0 40635 0 0 0
75 48 0 35351 0 0 0
75 49 0 25727 0 0 0
75 50 0 21613 0 0 0
75 51 0 25003 0 0 0
75 52 0 28503 0 0 0
75 53 0 29750 0 0 0
75 54 0 32063 0 0 0
75 55 0 32923 0 0 0
75 56 0 30707 0 0 0
75 57 0 26572 0 0 0
75 58 0 19121 0 0 0
75 59 0 10241 0 0 0
75 60 0 3760 0 0 0
75 61 0 861 0 0 0
75 62 0 114 0 0 0
75 63 0 7 0 0 0
75 71 0 0 -91 -577 -5
75 73 0 0 -90 -471 1
75 75 0 0 -100 -393 -1
75 80 0 0 -134 -256 0
75 83 0 0 -152 -223 0
75 85 0 0 -167 -191 0
75 87 0 0 -182 -160 0
75 89 0 0 -193 -129 0
75 91 0 0 -201 -99 0
75 93 0 0 -207 -69 0
75 95 0 0 -209 -42 0
75 96 0 0 -226 -39 4
75 97 0 0 -227 -2 -7
76 2 0 0 -13 -1 4
76 3 0 0 -11 -13 0
76 4 0 0 -1 -23 0
76 5 0 0 9 -14 1
76 6 0 0 20 0 0
76 7 0 0 -518 5 24
76 8 0 0 -456 -84 -7
76 9 0 0 -454 -132 -8
76 27 0 3 0 0 0
76 28 0 18 0 0 0
76 29 0 67 0 0 0
76 30 0 201 0 0 0
76 31 0 510 0 0 0
76 32 0 1244 0 0 0
76 33 0 2638 0 0 0
76 34 0 4195 0 0 0
76 35 0 4774 0 0 0
76 36 0 4134 0 0 0
76 37 0 3254 -479 -1257 0
76 38 0 2880 0 0 0
76 39 0 3003 -401 -1384 0
76 40 0 3694 0 0 0
76 41 0 5359 -308 -1456 2
76 42 0 8592 0 0 0
76 43 0 14567 -243 -1484 1
76 44 0 23354 0 0 0
76 45 0 31509 -200 -1498 0
76 46 0 35724 0 0 0
76 47 0 35616 -181 -1495 0
76 48 0 30917 0 0 0
76 49 0 25845 -176 -1483 0
76 50 0 27244 0 0 0
76 51 0 32475 -191 -1467 0
76 52 0 35109 0 0 0
76 53 0 36880 -227 -1428 0
76 54 0 42416 0 0 0
76 55 0 47485 -263 -1389 2
76 56 0 47805 -349 -1296 1
76 57 0 42532 0 0 0
76 58 0 31528 -353 -1162 0
76 59 0 18220 0 0 0
76 60 0 7232 -358 -1050 1
76 61 0 1726 0 0 0
76 62 0 232 -333 -934 1
76 63 0 13 0 0 0
76 64 0 0 -307 -833 1
76 66 0 0 -268 -737 1
76 68 0 0 -231 -644 0
76 70 0 0 -193 -544 1
76 72 0 0 -174 -461 0
76 74 0 0 -163 -390 0
76 96 0 0 -235 0 -1
76 97 0 0 -250 -7 24
77 2 0 0 -7 0 0
77 3 0 0 -3 -5 0
77 4 0 0 -1 -10 0
77 5 0 0 7 -9 0
77 6 0 0 12 -1 0
77 7 0 0 -466 -14 3
77 8 0 0 -425 -47 -6
77 9 0 0 -426 -75 -2
77 10 0 0 -412 -142 -6
77 12 0 0 -404 -171 0
77 14 0 0 -398 -219 0
77 16 0 0 -403 -260 0
77 18 0 0 -410 -312 0
77 20 0 0 -423 -366 0
77 22 0 0 -437 -431 0
77 24 0 0 -454 -503 0
77 26 0 0 -472 -590 0
77 27 0 0 0 0 0
77 28 0 4 0 0 0
77 29 0 15 -490 -690 0
77 30 0 51 0 0 0
77 31 0 157 -504 -810 0
77 32 0 450 0 0 0
77 33 0 1046 -513 -947 0
77 34 0 1753 0 0 0
77 35 0 2088 -505 -1102 -1
77 36 0 1885 0 0 0
77 37 0 1503 0 0 0
77 38 0 1280 0 0 0
77 39 0 1271 0 0 0
77 40 0 1562 0 0 0
77 41 0 2527 0 0 0
77 42 0 4912 0 0 0
77 43 0 9739 0 0 0
77 44 0 16556 0 0 0
77 45 0 22048 0 0 0
77 46 0 23854 0 0 0
77 47 0 23208 0 0 0
77 48 0 22146 0 0 0
77 49 0 24767 0 0 0
77 50 0 32378 0 0 0
77 51 0 36741 0 0 0
77 52 0 34686 0 0 0
77 53 0 35971 0 0 0
77 54 0 46842 0 0 0
77 55 0 57664 0 0 0
77 56 0 58206 0 0 0
77 57 0 48471 0 0 0
77 58 0 33765 0 0 0
77 59 0 19187 0 0 0
77 60 0 7700 0 0 0
77 61 0 1865 0 0 0
77 62 0 254 0 0 0
77 63 0 14 0 0 0
77 76 0 0 -156 -340 0
77 78 0 0 -159 -301 0
77 80 0 0 -168 -269 0
77 83 0 0 -184 -239 0
77 85 0 0 -200 -206 0
77 87 0 0 -214 -172 0
77 89 0 0 -224 -138 0
77 91 0 0 -232 -106 0
77 93 0 0 -237 -73 0
77 95 0 0 -239 -45 0
77 96 0 0 -256 -41 5
77 97 0 0 -296 1 -1
78 2 0 0 -3 0 0
78 3 0 0 -3 -4 0
78 4 0 0 0 -6 0
78 5 0 0 2 -4 0
78 6 0 0 4 0 0
78 7 0 0 -413 7 23
78 8 0 0 -380 -57 -8
78 9 0 0 -391 -101 -7
78 27 0 0 0 0 0
78 28 0 0 0 0 0
78 29 0 2 0 0 0
78 30 0 9 0 0 0
78 31 0 34 0 0 0
78 32 0 112 0 0 0
78 33 0 279 0 0 0
78 34 0 492 0 0 0
78 35 0 617 0 0 0
78 36 0 582 0 0 0
78 37 0 469 0 0 0
78 38 0 381 0 0 0
78 39 0 369 -297 -1326 -1
78 40 0 499 0 0 0
78 41 0 1000 -251 -1401 0
78 42 0 2326 0 0 0
78 43 0 4957 -215 -1446 0
78 44 0 8413 0 0 0
78 45 0 10773 -187 -1472 0
78 46 0 11041 0 0 0
78 47 0 10723 -175 -1489 0
78 48 0 12346 0 0 0
78 49 0 18920 -179 -1496 -1
78 50 0 28256 0 0 0
78 51 0 30910 -204 -1501 0
78 52 0 26599 0 0 0
78 53 0 28124 -259 -1470 -2
78 54 0 40650 -316 -1456 3
78 55 0 50916 0 0 0
78 56 0 47633 -488 -1336 1
78 57 0 35282 0 0 0
78 58 0 22166 -487 -1162 0
78 59 0 11771 0 0 0
78 60 0 4566 -486 -1036 0
78 61 0 1097 0 0 0
78 62 0 151 -447 -901 0
78 63 0 9 0 0 0
78 64 0 0 -408 -797 0
78 66 0 0 -363 -698 0
78 68 0 0 -317 -607 0
78 70 0 0 -277 -519 -1
78 72 0 0 -247 -441 0
78 96 0 0 -266 1 -1
78 97 0 0 -283 -7 23
79 2 0 0 -1 0 0
79 3 0 0 0 -1 0
79 4 0 0 0 -3 0
79 5 0 0 2 -2 0
79 6 0 0 3 0 0
79 7 0 0 -389 -13 2
79 8 0 0 -342 -34 -2
79 9 0 0 -364 -58 -1
79 10 0 0 -358 -124 -2
79 12 0 0 -357 -166 0
79 14 0 0 -350 -217 0
79 16 0 0 -353 -264 0
79 18 0 0 -355 -319 0
79 20 0 0 -362 -375 0
79 22 0 0 -368 -441 0
79 24 0 0 -375 -514 0
79 26 0 0 -379 -600 0
79 28 0 0 -383 -697 0
79 30 0 0 0 0 0
79 31 0 4 -380 -813 0
79 32 0 18 0 0 0
79 33 0 50 -375 -941 -1
79 34 0 94 0 0 0
79 35 0 125 -359 -1082 -2
79 36 0 123 0 0 0
79 37 0 99 -343 -1216 -1
79 38 0 76 0 0 0
79 39 0 76 0 0 0
79 40 0 131 0 0 0
79 41 0 340 0 0 0
79 42 0 876 0 0 0
79 43 0 1862 0 0 0
79 44 0 3027 0 0 0
79 45 0 3648 0 0 0
79 46 0 3490 0 0 0
79 47 0 3410 0 0 0
79 48 0 4921 0 0 0
79 49 0 9494 0 0 0
79 50 0 15177 0 0 0
79 51 0 16497 0 0 0
79 52 0 14017 0 0 0
79 53 0 15861 0 0 0
79 54 0 24238 0 0 0
79 55 0 29144 0 0 0
79 56 0 24248 0 0 0
79 57 0 15579 0 0 0
79 58 0 8954 0 0 0
79 59 0 4543 0 0 0
79 60 0 1663 0 0 0
79 61 0 380 0 0 0
79 62 0 52 0 0 0
79 63 0 3 0 0 0
79 74 0 0 -220 -374 0
79 76 0 0 -195 -333 0
79 78 0 0 -191 -303 0
79 81 0 0 -195 -281 0
79 83 0 0 -215 -256 0
79 85 0 0 -234 -221 0
79 87 0 0 -250 -184 0
79 89 0 0 -259 -147 0
79 91 0 0 -266 -112 0
79 93 0 0 -270 -77 0
79 95 0 0 -270 -47 0
79 96 0 0 -286 -42 6
79 97 0 0 -293 -2 -2
80 2 0 0 0 0 0
80 3 0 0 0 -1 0
80 4 0 0 0 -1 0
80 5 0 0 0 -1 0
80 6 0 0 1 0 0
80 7 0 0 -340 8 22
80 8 0 0 -313 -46 -4
80 9 0 0 -336 -85 -5
80 30 0 0 0 0 0
80 31 0 0 0 0 0
80 32 0 1 0 0 0
80 33 0 5 0 0 0
80 34 0 11 0 0 0
80 35 0 16 0 0 0
80 36 0 17 0 0 0
80 37 0 14 0 0 0
80 38 0 10 0 0 0
80 39 0 12 0 0 0
80 40 0 30 0 0 0
80 41 0 96 -190 -1370 -1
80 42 0 254 0 0 0
80 43 0 515 -169 -1419 -1
80 44 0 778 0 0 0
80 45 0 864 -155 -1459 -2
80 46 0 759 0 0 0
80 47 0 752 -152 -1490 -1
80 48 0 1360 0 0 0
80 49 0 3020 -167 -1513 -1
80 50 0 4978 0 0 0
80 51 0 5470 -209 -1548 -3
80 52 0 4812 0 0 0
80 53 0 5891 -288 -1534 -3
80 54 0 9291 0 0 0
80 55 0 10857 -386 -1590 3
80 56 0 8305 0 0 0
80 57 0 4747 -670 -1393 1
80 58 0 2620 0 0 0
80 59 0 1339 -640 -1153 -2
80 60 0 455 -626 -1007 0
80 61 0 91 0 0 0
80 62 0 11 -566 -854 0
80 63 0 0 0 0 0
80 64 0 0 -512 -748 0
80 66 0 0 -456 -647 -1
80 68 0 0 -408 -559 -1
80 70 0 0 -355 -474 -2
80 96 0 0 -299 1 -1
80 97 0 0 -317 -7 22
81 2 0 0 0 0 0
81 3 0 0 0 0 0
81 4 0 0 0 0 0
81 5 0 0 0 0 0
81 6 0 0 0 0 0
81 7 0 0 -324 -9 1
81 8 0 0 -287 -29 -1
81 9 0 0 -303 -51 -6
81 10 0 0 -308 -113 -2
81 12 0 0 -307 -160 0
81 14 0 0 -302 -215 0
81 16 0 0 -301 -265 0
81 18 0 0 -300 -321 0
81 20 0 0 -300 -378 0
81 22 0 0 -299 -444 0
81 24 0 0 -296 -514 0
81 26 0 0 -288 -598 0
81 28 0 0 -278 -690 0
81 30 0 0 -258 -802 -1
81 32 0 0 -243 -929 -1
81 34 0 0 -226 -1073 -2
81 36 0 0 -230 -1199 -2
81 38 0 0 -212 -1297 0
81 39 0 1 0 0 0
81 40 0 5 0 0 0
81 41 0 20 0 0 0
81 42 0 54 0 0 0
81 43 0 102 0 0 0
81 44 0 140 0 0 0
81 45 0 138 0 0 0
81 46 0 108 0 0 0
81 47 0 116 0 0 0
81 48 0 279 0 0 0
81 49 0 676 0 0 0
81 50 0 1118 0 0 0
81 51 0 1237 0 0 0
81 52 0 1129 0 0 0
81 53 0 1465 0 0 0
81 54 0 2394 0 0 0
81 55 0 2872 0 0 0
81 56 0 2206 0 0 0
81 57 0 1200 0 0 0
81 58 0 615 0 0 0
81 59 0 299 0 0 0
81 60 0 93 0 0 0
81 61 0 15 0 0 0
81 62 0 1 0 0 0
81 63 0 0 0 0 0
81 72 0 0 -321 -403 -1
81 74 0 0 -270 -337 0
81 76 0 0 -226 -310 0
81 79 0 0 -210 -299 -1
81 81 0 0 -215 -292 -1
81 83 0 0 -243 -277 -1
81 85 0 0 -273 -240 0
81 87 0 0 -289 -197 0
81 89 0 0 -297 -154 0
81 91 0 0 -301 -116 0
81 93 0 0 -303 -80 0
81 95 0 0 -302 -48 0
81 96 0 0 -319 -43 6
81 97 0 0 -328 -2 0
82 2 0 0 0 0 0
82 3 0 0 0 0 0
82 4 0 0 0 0 0
82 5 0 0 0 0 0
82 6 0 0 0 0 0
82 7 0 0 -282 5 28
82 8 0 0 -260 -44 -3
82 9 0 0 -279 -81 -5
82 32 0 0 -104 -911 2
82 36 0 0 -119 -1197 0
82 38 0 0 -123 -1284 1
82 39 0 0 0 0 0
82 40 0 0 -129 -1356 1
82 41 0 3 0 0 0
82 42 0 8 0 0 0
82 43 0 15 -123 -1412 1
82 44 0 19 0 0 0
82 45 0 16 -115 -1459 0
82 46 0 12 0 0 0
82 47 0 16 -113 -1505 0
82 48 0 48 0 0 0
82 49 0 120 -118 -1551 -2
82 50 0 196 0 0 0
82 51 0 214 -151 -1620 -3
82 52 0 198 0 0 0
82 53 0 268 -239 -1651 -2
82 54 0 461 0 0 0
82 55 0 586 -372 -1783 10
82 56 0 472 0 0 0
82 57 0 249 -988 -1472 0
82 58 0 104 0 0 0
82 59 0 40 -868 -1076 -2
82 60 0 10 0 0 0
82 61 0 1 -799 -954 -1
82 62 0 0 -708 -786 -3
82 63 0 0 0 0 0
82 64 0 0 -623 -686 -2
82 66 0 0 -552 -593 -2
82 68 0 0 -495 -507 0
82 70 0 0 -432 -431 2
82 72 0 0 -380 -340 7
82 85 0 0 -313 -265 1
82 87 0 0 -335 -206 0
82 89 0 0 -339 -159 0
82 96 0 0 -332 2 -2
82 97 0 0 -352 -7 19
83 2 0 0 0 0 0
83 3 0 0 0 0 0
83 4 0 0 0 0 0
83 5 0 0 0 0 0
83 6 0 0 0 0 0
83 7 0 0 -263 -4 0
83 8 0 0 -237 -26 0
83 9 0 0 -244 -50 -6
83 10 0 0 -251 -107 -1
83 12 0 0 -253 -158 0
83 14 0 0 -247 -211 0
83 16 0 0 -246 -263 0
83 18 0 0 -242 -318 0
83 20 0 0 -239 -374 0
83 22 0 0 -231 -437 0
83 24 0 0 -222 -503 0
83 26 0 0 -203 -582 0
83 28 0 0 -178 -669 2
83 30 0 0 -137 -783 2
83 34 0 0 -78 -1064 -1
83 46 0 0 0 0 0
83 47 0 1 0 0 0
83 48 0 6 0 0 0
83 49 0 16 0 0 0
83 50 0 25 0 0 0
83 51 0 26 0 0 0
83 52 0 21 0 0 0
83 53 0 29 0 0 0
83 54 0 57 0 0 0
83 55 0 80 0 0 0
83 56 0 69 0 0 0
83 57 0 36 0 0 0
83 58 0 12 0 0 0
83 59 0 3 0 0 0
83 60 0 0 0 0 0
83 61 0 0 0 0 0
83 62 0 0 0 0 0
83 74 0 0 -313 -275 5
83 76 0 0 -233 -274 2
83 79 0 0 -209 -291 1
83 81 0 0 -214 -313 1
83 83 0 0 -267 -313 2
83 91 0 0 -341 -119 0
83 93 0 0 -339 -81 0
83 95 0 0 -337 -50 0
83 96 0 0 -353 -44 7
83 97 0 0 -365 -2 1
84 2 0 0 0 0 0
84 3 0 0 0 0 0
84 4 0 0 0 0 0
84 5 0 0 0 0 0
84 6 0 0 0 0 0
84 7 0 0 -213 2 15
84 8 0 0 -208 -43 -3
84 9 0 0 -223 -75 -6
84 30 0 0 -16 -732 12
84 32 0 0 33 -871 4
84 34 0 0 63 -1072 -14
84 36 0 0 -14 -1234 -7
84 38 0 0 -56 -1296 0
84 40 0 0 -69 -1361 -2
84 43 0 0 -69 -1398 -4
84 45 0 0 -64 -1446 -3
84 47 0 0 -62 -1490 -2
84 49 0 0 -62 -1537 0
84 51 0 0 -99 -1603 -1
84 52 0 0 0 0 0
84 53 0 2 -191 -1794 -22
84 54 0 6 0 0 0
84 55 0 9 -536 -2296 -1
84 56 0 7 0 0 0
84 57 0 4 -1426 -1355 -4
84 58 0 1 0 0 0
84 59 0 0 -1103 -980 -1
84 60 0 0 0 0 0
84 61 0 0 -918 -810 -1
84 62 0 0 -807 -675 -3
84 68 0 0 -567 -437 2
84 70 0 0 -509 -375 12
84 72 0 0 -491 -279 13
84 74 0 0 -339 -166 8
84 83 0 0 -293 -379 4
84 85 0 0 -383 -299 3
84 87 0 0 -396 -218 1
84 89 0 0 -384 -160 -1
84 96 0 0 -365 3 -2
84 97 0 0 -387 -7 16
85 2 0 0 0 0 0
85 3 0 0 0 0 0
85 4 0 0 0 0 0
85 5 0 0 0 0 0
85 6 0 0 0 0 0
85 7 0 0 -205 -1 0
85 8 0 0 -188 -25 3
85 9 0 0 -189 -46 -5
85 10 0 0 -204 -101 -1
85 12 0 0 -202 -154 0
85 14 0 0 -199 -207 0
85 16 0 0 -195 -260 0
85 18 0 0 -190 -314 0
85 20 0 0 -182 -367 0
85 22 0 0 -170 -426 0
85 24 0 0 -150 -485 -1
85 26 0 0 -122 -555 -2
85 28 0 0 -79 -627 4
85 64 0 0 -697 -586 -4
85 66 0 0 -623 -517 -4
85 76 0 0 -212 -200 4
85 78 0 0 -174 -282 2
85 81 0 0 -193 -351 3
85 91 0 0 -380 -117 -1
85 93 0 0 -373 -78 -1
85 95 0 0 -369 -47 -1
85 96 0 0 -385 -44 7
85 97 0 0 -400 -2 1
86 2 0 0 0 0 0
86 3 0 0 0 0 0
86 4 0 0 0 0 0
86 5 0 0 0 0 0
86 6 0 0 0 0 0
86 7 0 0 -161 2 7
86 8 0 0 -163 -43 -4
86 9 0 0 -171 -73 -8
86 30 0 0 103 -647 6
86 32 0 0 185 -760 40
86 33 0 0 216 -935 15
86 34 0 0 271 -1081 -6
86 35 0 0 226 -1216 -25
86 36 0 0 93 -1325 -9
86 37 0 0 20 -1326 2
86 38 0 0 -2 -1359 -1
86 39 0 0 -34 -1389 8
86 40 0 0 -18 -1408 8
86 41 0 0 -40 -1419 18
86 42 0 0 -28 -1448 14
86 43 0 0 -48 -1483 12
86 44 0 0 -25 -1512 4
86 45 0 0 -44 -1536 2
86 46 0 0 -27 -1571 0
86 47 0 0 -37 -1587 -4
86 48 0 0 -16 -1614 -8
86 49 0 0 -12 -1629 -18
86 50 0 0 31 -1674 -18
86 51 0 0 101 -1740 -21
86 52 0 0 266 -1862 -36
86 53 0 0 371 -2121 -91
86 54 0 0 73 -2590 -113
86 55 0 0 -1298 -2455 -84
86 56 0 0 -2172 -1740 -51
86 57 0 0 -1933 -878 -23
86 59 0 0 -1477 -826 -9
86 61 0 0 -1146 -666 -7
86 68 0 0 -652 -395 -1
86 70 0 0 -602 -374 16
86 72 0 0 -577 -218 39
86 73 0 0 -510 -191 22
86 74 0 0 -490 23 13
86 75 0 0 -267 35 32
86 76 0 0 -149 -114 12
86 77 0 0 -135 -197 17
86 78 0 0 -64 -256 0
86 79 0 0 -113 -308 5
86 80 0 0 -91 -365 2
86 81 0 0 -170 -462 8
86 82 0 0 -202 -554 -4
86 83 0 0 -408 -490 11
86 84 0 0 -417 -363 -1
86 85 0 0 -479 -289 3
86 87 0 0 -475 -198 -1
86 89 0 0 -439 -139 -1
86 96 0 0 -397 5 -2
86 97 0 0 -421 -6 13
87 2 0 0 0 0 0
87 3 0 0 0 0 0
87 4 0 0 0 0 0
87 5 0 0 0 0 0
87 6 0 0 0 0 0
87 7 0 0 -147 1 0
87 8 0 0 -132 -25 -2
87 9 0 0 -128 -48 -2
87 10 0 0 -145 -104 -1
87 12 0 0 -146 -151 0
87 14 0 0 -140 -203 2
87 16 0 0 -138 -253 2
87 18 0 0 -133 -304 1
87 20 0 0 -125 -354 1
87 22 0 0 -111 -405 0
87 24 0 0 -90 -453 0
87 26 0 0 -54 -507 0
87 28 0 0 -6 -561 6
87 32 0 0 241 -633 23
87 33 0 0 366 -769 -7
87 34 0 0 762 -1269 -20
87 35 0 0 764 -1674 139
87 36 0 0 17 -1455 -14
87 37 0 0 23 -1398 11
87 38 0 0 -28 -1377 24
87 39 0 0 -37 -1409 28
87 40 0 0 12 -1456 7
87 41 0 0 -3 -1470 4
87 42 0 0 -4 -1510 26
87 43 0 0 -11 -1519 1
87 44 0 0 -3 -1550 17
87 45 0 0 -10 -1563 1
87 46 0 0 -4 -1601 8
87 47 0 0 -9 -1612 0
87 48 0 0 0 -1648 7
87 49 0 0 -4 -1647 1
87 50 0 0 -5 -1599 -6
87 51 0 0 -3 -1529 -4
87 52 0 0 186 -959 12
87 53 0 0 247 -541 51
87 54 0 0 392 1297 -137
87 55 0 0 -1110 273 -67
87 56 0 0 -3308 -606 231
87 57 0 0 -2249 -1013 -23
87 62 0 0 -951 -582 -4
87 64 0 0 -798 -511 -9
87 66 0 0 -704 -463 -7
87 72 0 0 -717 -247 32
87 73 0 0 -794 -297 14
87 74 0 0 -753 40 -155
87 75 0 0 18 -183 -21
87 76 0 0 0 -70 13
87 77 0 0 -10 -155 5
87 78 0 0 -11 -254 21
87 79 0 0 -15 -309 22
87 80 0 0 3 -392 23
87 81 0 0 18 -412 -6
87 82 0 0 -809 -143 -141
87 83 0 0 -343 -811 -30
87 84 0 0 -588 -365 -2
87 85 0 0 -562 -218 -1
87 91 0 0 -424 -107 -2
87 93 0 0 -409 -71 0
87 95 0 0 -403 -46 -1
87 96 0 0 -416 -43 7
87 97 0 0 -469 9 2
88 2 0 0 0 0 0
88 3 0 0 0 0 0
88 4 0 0 0 0 0
88 5 0 0 0 0 0
88 6 0 0 0 0 0
88 7 0 0 -106 0 -1
88 8 0 0 -109 -38 -1
88 9 0 0 -114 -67 -5
88 10 0 0 -105 -96 3
88 30 0 0 142 -498 -2
88 32 0 0 332 -514 21
88 33 0 0 515 -535 -6
88 34 0 0 677 -494 55
88 35 0 0 102 555 -85
88 36 0 0 0 0 0
88 37 0 0 0 0 0
88 38 0 0 0 0 0
88 39 0 0 0 0 0
88 40 0 0 0 0 0
88 41 0 0 -2 4 1
88 42 0 0 -2 70 -1
88 43 0 0 -4 115 1
88 44 0 0 -6 168 1
88 45 0 0 -4 236 1
88 46 0 0 -5 308 -3
88 47 0 0 -4 380 1
88 48 0 0 -9 474 -4
88 49 0 0 -8 548 1
88 50 0 0 -12 680 -4
88 51 0 0 -13 764 1
88 52 0 0 -21 978 -1
88 53 0 0 -22 1119 1
88 54 0 0 -73 1694 0
88 55 0 0 -3582 3167 110
88 56 0 0 -1986 551 -69
88 57 0 0 -2015 10 -40
88 72 0 0 -686 -353 14
88 73 0 0 -820 -459 1
88 74 0 0 -1035 -1124 -54
88 75 0 0 -77 -970 -26
88 76 0 0 -32 -571 -29
88 77 0 0 -30 -489 -13
88 78 0 0 1 -334 -8
88 79 0 0 -11 -283 -20
88 80 0 0 -21 -137 0
88 81 0 0 -5 -77 0
88 82 0 0 63 -109 58
88 83 0 0 -798 -557 -58
88 84 0 0 -753 -142 1
88 85 0 0 -618 -239 -7
88 96 0 0 -426 9 -2
88 97 0 0 -449 -5 11
89 2 0 0 0 0 0
89 3 0 0 0 0 0
89 4 0 0 0 0 0
89 5 0 0 0 0 0
89 6 0 0 0 0 0
89 7 0 0 -89 2 0
89 8 0 0 -82 -28 0
89 9 0 0 -81 -52 0
89 12 0 0 -104 -148 4
89 14 0 0 -102 -200 5
89 16 0 0 -99 -248 4
89 18 0 0 -93 -298 3
89 20 0 0 -85 -342 2
89 22 0 0 -73 -389 0
89 24 0 0 -49 -425 -2
89 26 0 0 -16 -464 -7
89 28 0 0 56 -473 -9
89 32 0 0 294 -373 11
89 33 0 0 424 -314 -1
89 34 0 0 490 8 -28
89 35 0 0 0 0 0
89 36 0 0 0 0 0
89 37 0 0 0 0 0
89 38 0 0 0 0 0
89 39 0 0 0 0 0
89 40 0 0 0 0 0
89 41 0 0 -49 3 1
89 42 0 0 -47 79 0
89 43 0 0 -25 101 -5
89 44 0 0 -45 193 -8
89 45 0 0 -25 210 -5
89 46 0 0 -47 314 -5
89 47 0 0 -33 334 -7
89 48 0 0 -53 462 -5
89 49 0 0 -47 474 -6
89 50 0 0 -74 643 -6
89 51 0 0 -73 669 -7
89 52 0 0 -138 906 -18
89 53 0 0 -164 1010 -22
89 54 0 0 -524 1484 -36
89 55 0 0 -729 1743 -31
89 56 0 0 -1647 567 -63
89 57 0 0 -1519 278 -20
89 59 0 0 -1397 -81 -23
89 61 0 0 -1097 -199 -5
89 62 0 0 -922 -295 -6
89 64 0 0 -780 -339 -5
89 66 0 0 -715 -371 -14
89 68 0 0 -644 -372 -1
89 70 0 0 -665 -395 -7
89 72 0 0 -670 -400 15
89 73 0 0 -641 -495 -7
89 74 0 0 -715 -805 -41
89 75 0 0 -310 -870 -16
89 76 0 0 -129 -486 -14
89 77 0 0 -117 -464 0
89 78 0 0 -121 -329 0
89 79 0 0 -86 -265 14
89 80 0 0 -74 -121 -3
89 81 0 0 -66 -105 0
89 82 0 0 -87 -2 -3
89 83 0 0 -710 435 22
89 84 0 0 -752 -111 -1
89 85 0 0 -625 -68 -18
89 87 0 0 -538 -132 -4
89 89 0 0 -475 -102 -2
89 91 0 0 -447 -86 -2
89 93 0 0 -436 -59 0
89 95 0 0 -425 -32 0
89 96 0 0 -441 -41 6
89 97 0 0 -462 -1 5
90 2 0 0 0 0 0
90 3 0 0 0 0 0
90 4 0 0 0 0 0
90 5 0 0 0 0 0
90 6 0 0 0 0 0
90 7 0 0 -58 -2 -1
90 8 0 0 -60 -37 0
90 9 0 0 -69 -73 3
90 10 0 0 -59 -87 4
90 11 0 0 -68 -125 9
90 12 0 0 -53 -137 9
90 13 0 0 -69 -180 12
90 14 0 0 -48 -190 6
90 15 0 0 -68 -228 15
90 16 0 0 -48 -243 6
90 17 0 0 -67 -280 17
90 18 0 0 -48 -296 5
90 19 0 0 -62 -332 17
90 20 0 0 -41 -346 4
90 21 0 0 -54 -382 17
90 22 0 0 -25 -389 4
90 23 0 0 -43 -419 16
90 24 0 0 -7 -426 0
90 25 0 0 -28 -442 12
90 26 0 0 3 -450 -2
90 27 0 0 -4 -460 7
90 28 0 0 56 -459 -10
90 29 0 0 31 -437 -4
90 30 0 0 101 -422 -15
90 31 0 0 113 -381 10
90 32 0 0 213 -370 6
90 33 0 0 240 -205 -7
90 34 0 0 251 -33 6
90 35 0 0 0 0 0
90 36 0 0 0 0 0
90 37 0 0 0 0 0
90 38 0 0 0 0 0
90 39 0 0 0 0 0
90 40 0 0 0 0 0
90 41 0 0 -129 7 3
90 42 0 0 -136 61 8
90 43 0 0 -124 132 0
90 44 0 0 -99 156 -2
90 45 0 0 -129 238 -10
90 46 0 0 -102 288 -13
90 47 0 0 -149 351 -12
90 48 0 0 -118 432 -18
90 49 0 0 -176 475 -14
90 50 0 0 -165 576 -24
90 51 0 0 -240 625 -19
90 52 0 0 -280 763 -35
90 53 0 0 -391 824 -35
90 54 0 0 -607 989 -47
90 55 0 0 -927 964 -42
90 56 0 0 -1172 705 -76
90 57 0 0 -1218 363 -62
90 72 0 0 -569 -376 -4
90 73 0 0 -550 -450 -20
90 74 0 0 -515 -536 -25
90 75 0 0 -376 -570 -22
90 76 0 0 -283 -465 -19
90 77 0 0 -194 -408 -9
90 78 0 0 -189 -323 -6
90 79 0 0 -169 -219 -9
90 80 0 0 -194 -173 -9
90 81 0 0 -187 -77 -5
90 82 0 0 -158 2 -2
90 83 0 0 -171 437 -26
90 84 0 0 -521 81 -7
90 85 0 0 -538 -62 -18
90 96 0 0 -451 13 -3
90 97 0 0 -473 -4 11
91 2 0 0 0 0 0
91 3 0 0 0 0 0
91 4 0 0 0 0 0
91 5 0 0 0 0 0
91 6 0 0 0 0 0
91 7 0 0 -26 -1 1
91 8 0 0 -31 -31 1
91 9 0 0 -34 -64 1
91 10 0 0 -26 -81 1
91 11 0 0 -42 -116 7
91 12 0 0 -29 -139 3
91 13 0 0 -47 -169 8
91 14 0 0 -29 -192 3
91 15 0 0 -52 -221 9
91 16 0 0 -26 -244 1
91 17 0 0 -55 -272 8
91 18 0 0 -20 -294 0
91 19 0 0 -54 -322 8
91 20 0 0 -17 -341 0
91 21 0 0 -53 -368 8
91 22 0 0 -20 -384 1
91 23 0 0 -49 -408 7
91 24 0 0 -11 -418 0
91 25 0 0 -37 -433 4
91 26 0 0 10 -436 -3
91 27 0 0 -23 -443 0
91 28 0 0 37 -429 -5
91 29 0 0 14 -407 -5
91 30 0 0 75 -382 -14
91 31 0 0 43 -339 1
91 32 0 0 133 -301 -2
91 33 0 0 121 -166 -2
91 34 0 0 117 -31 -1
91 35 0 0 0 0 0
91 36 0 0 0 0 0
91 37 0 0 0 0 0
91 38 0 0 0 0 0
91 39 0 0 0 0 0
91 40 0 0 0 0 0
91 41 0 0 -169 3 0
91 42 0 0 -170 68 9
91 43 0 0 -189 156 1
91 44 0 0 -181 168 1
91 45 0 0 -194 258 -7
91 46 0 0 -178 288 -10
91 47 0 0 -219 383 -11
91 48 0 0 -200 424 -12
91 49 0 0 -248 507 -10
91 50 0 0 -253 553 -13
91 51 0 0 -326 635 -12
91 52 0 0 -363 681 -14
91 53 0 0 -479 734 -18
91 54 0 0 -605 754 -15
91 55 0 0 -788 784 -23
91 56 0 0 -924 595 -18
91 57 0 0 -970 458 -16
91 59 0 0 -1078 131 -13
91 61 0 0 -969 -46 -2
91 62 0 0 -835 -188 -1
91 64 0 0 -748 -255 0
91 66 0 0 -664 -310 -1
91 68 0 0 -650 -340 -8
91 70 0 0 -578 -374 -4
91 72 0 0 -562 -441 -5
91 73 0 0 -511 -441 -19
91 74 0 0 -502 -493 -22
91 75 0 0 -392 -450 -13
91 76 0 0 -352 -425 -19
91 77 0 0 -281 -357 -13
91 78 0 0 -284 -315 -14
91 79 0 0 -254 -216 -14
91 80 0 0 -281 -196 -15
91 81 0 0 -272 -75 -17
91 82 0 0 -305 -14 -11
91 83 0 0 -426 68 -30
91 84 0 0 -537 28 -7
91 85 0 0 -494 61 -8
91 87 0 0 -540 -51 -11
91 89 0 0 -486 -60 -1
91 91 0 0 -464 -63 0
91 93 0 0 -467 -49 0
91 95 0 0 -456 -35 -3
91 96 0 0 -466 -31 7
91 97 0 0 -482 0 7
92 2 0 0 0 0 0
92 3 0 0 0 0 0
92 4 0 0 0 0 0
92 5 0 0 0 0 0
92 6 0 0 0 0 0
92 7 0 0 -2 -9 1
92 8 0 0 -5 -22 -1
92 9 0 0 -3 -55 1
92 10 0 0 -3 -94 0
92 11 0 0 -7 -106 -1
92 12 0 0 -4 -140 -10
92 13 0 0 -8 -159 -1
92 14 0 0 -8 -178 -9
92 15 0 0 -13 -203 -2
92 16 0 0 -8 -226 -10
92 17 0 0 -12 -255 -3
92 18 0 0 -8 -274 -9
92 19 0 0 -11 -308 -2
92 20 0 0 -9 -318 -10
92 21 0 0 -11 -356 -2
92 22 0 0 -10 -357 -11
92 23 0 0 -10 -398 -3
92 24 0 0 -8 -390 -10
92 25 0 0 -5 -427 -3
92 26 0 0 -4 -407 -8
92 27 0 0 -2 -435 -3
92 28 0 0 4 -408 0
92 29 0 0 5 -425 6
92 30 0 0 16 -331 7
92 31 0 0 11 -334 13
92 32 0 0 14 -232 3
92 33 0 0 13 -122 6
92 34 0 0 10 -62 -1
92 35 0 0 0 0 0
92 36 0 0 0 0 0
92 37 0 0 0 0 0
92 38 0 0 0 0 0
92 39 0 0 0 0 0
92 40 0 0 0 0 0
92 41 0 0 -250 5 4
92 42 0 0 -248 58 6
92 43 0 0 -238 86 2
92 96 0 0 -476 37 0
92 97 0 0 -482 0 9
93 2 0 0 0 0 0
93 3 0 0 0 0 0
93 4 0 0 0 0 0
93 5 0 0 0 0 0
93 6 0 0 0 0 0
93 7 0 0 0 0 0
93 8 0 0 0 0 0
93 9 0 0 0 0 0
93 10 0 0 0 0 0
93 11 0 0 0 0 0
93 12 0 0 0 0 0
93 13 0 0 0 0 0
93 14 0 0 0 0 0
93 15 0 0 0 0 0
93 16 0 0 0 0 0
93 17 0 0 0 0 0
93 18 0 0 0 0 0
93 19 0 0 0 0 0
93 20 0 0 0 0 0
93 21 0 0 0 0 0
93 22 0 0 0 0 0
93 23 0 0 0 0 0
93 24 0 0 0 0 0
93 25 0 0 0 0 0
93 26 0 0 0 0 0
93 27 0 0 0 0 0
93 28 0 0 0 0 0
93 29 0 0 0 0 0
93 30 0 0 0 0 0
93 31 0 0 0 0 0
93 32 0 0 0 0 0
93 33 0 0 0 0 0
93 34 0 0 0 0 0
93 35 0 0 0 0 0
93 36 0 0 0 0 0
93 37 0 0 0 0 0
93 38 0 0 0 0 0
93 39 0 0 0 0 0
93 40 0 0 0 0 0
93 41 0 0 -283 3 1
93 42 0 0 -282 68 9
93 43 0 0 -303 131 10
93 45 0 0 -281 188 2
93 47 0 0 -307 297 -4
93 49 0 0 -330 409 0
93 51 0 0 -390 509 0
93 53 0 0 -488 586 -3
93 55 0 0 -674 580 -11
93 57 0 0 -845 399 3
93 59 0 0 -814 176 5
93 61 0 0 -772 17 23
93 63 0 0 -704 -120 25
93 64 0 0 -668 -199 19
93 66 0 0 -609 -254 19
93 68 0 0 -581 -305 21
93 70 0 0 -544 -339 2
93 72 0 0 -538 -352 10
93 74 0 0 -463 -377 1
93 77 0 0 -387 -330 -1
93 78 0 0 -363 -234 -8
93 81 0 0 -359 -141 -3
93 83 0 0 -383 -44 -1
93 85 0 0 -476 -46 1
93 87 0 0 -474 -59 0
93 89 0 0 -464 -60 8
93 91 0 0 -466 -44 18
93 93 0 0 -472 -35 11
93 95 0 0 -460 -10 10
93 96 0 0 -477 -32 7
93 97 0 0 -492 -1 12
94 2 0 0 0 0 0
94 3 0 0 0 0 0
94 4 0 0 0 0 0
94 5 0 0 0 0 0
94 6 0 0 0 0 0
94 7 0 0 0 0 0
94 8 0 0 0 0 0
94 9 0 0 0 0 0
94 10 0 0 0 0 0
94 11 0 0 0 0 0
94 12 0 0 0 0 0
94 13 0 0 0 0 0
94 14 0 0 0 0 0
94 15 0 0 0 0 0
94 16 0 0 0 0 0
94 17 0 0 0 0 0
94 18 0 0 0 0 0
94 19 0 0 0 0 0
94 20 0 0 0 0 0
94 21 0 0 0 0 0
94 22 0 0 0 0 0
94 23 0 0 0 0 0
94 24 0 0 0 0 0
94 25 0 0 0 0 0
94 26 0 0 0 0 0
94 27 0 0 0 0 0
94 28 0 0 0 0 0
94 29 0 0 0 0 0
94 30 0 0 0 0 0
94 31 0 0 0 0 0
94 32 0 0 0 0 0
94 33 0 0 0 0 0
94 34 0 0 0 0 0
94 35 0 0 0 0 0
94 36 0 0 0 0 0
94 37 0 0 0 0 0
94 38 0 0 0 0 0
94 39 0 0 0 0 0
94 40 0 0 0 0 0
94 41 0 0 -368 7 3
94 42 0 0 -343 83 7
94 43 0 0 -353 110 14
94 96 0 0 -496 8 3
94 97 0 0 -494 4 11
95 2 0 0 0 0 0
95 3 0 0 0 0 0
95 4 0 0 0 0 0
95 5 0 0 0 0 0
95 6 0 0 0 0 0
95 7 0 0 0 0 0
95 8 0 0 0 0 0
95 9 0 0 0 0 0
95 10 0 0 0 0 0
95 11 0 0 0 0 0
95 12 0 0 0 0 0
95 13 0 0 0 0 0
95 14 0 0 0 0 0
95 15 0 0 0 0 0
95 16 0 0 0 0 0
95 17 0 0 0 0 0
95 18 0 0 0 0 0
95 19 0 0 0 0 0
95 20 0 0 0 0 0
95 21 0 0 0 0 0
95 22 0 0 0 0 0
95 23 0 0 0 0 0
95 24 0 0 0 0 0
95 25 0 0 0 0 0
95 26 0 0 0 0 0
95 27 0 0 0 0 0
95 28 0 0 0 0 0
95 29 0 0 0 0 0
95 30 0 0 0 0 0
95 31 0 0 0 0 0
95 32 0 0 0 0 0
95 33 0 0 0 0 0
95 34 0 0 0 0 0
95 35 0 0 0 0 0
95 36 0 0 0 0 0
95 37 0 0 0 0 0
95 38 0 0 0 0 0
95 39 0 0 0 0 0
95 40 0 0 0 0 0
95 41 0 0 -412 9 0
95 42 0 0 -380 100 11
95 43 0 0 -438 175 32
95 45 0 0 -394 226 -5
95 47 0 0 -406 303 -8
95 49 0 0 -427 390 -9
95 51 0 0 -462 464 -9
95 53 0 0 -513 500 -1
95 55 0 0 -603 490 -2
95 57 0 0 -682 351 13
95 59 0 0 -708 182 -6
95 61 0 0 -695 52 12
95 63 0 0 -642 -83 20
95 64 0 0 -626 -169 -4
95 66 0 0 -588 -230 8
95 68 0 0 -573 -282 11
95 70 0 0 -549 -302 1
95 72 0 0 -530 -326 11
95 74 0 0 -499 -329 -1
95 77 0 0 -460 -290 5
95 79 0 0 -438 -219 -7
95 81 0 0 -455 -163 14
95 83 0 0 -476 -88 -8
95 85 0 0 -511 -82 20
95 87 0 0 -528 -71 -9
95 89 0 0 -519 -64 22
95 91 0 0 -512 -61 19
95 93 0 0 -523 -57 -4
95 95 0 0 -514 -58 -14
95 96 0 0 -513 -40 27
95 97 0 0 -524 -2 24
96 2 0 0 0 0 0
96 3 0 0 0 0 0
96 4 0 0 0 0 0
96 5 0 0 0 0 0
96 6 0 0 0 0 0
96 7 0 0 0 0 0
96 8 0 0 0 0 0
96 9 0 0 0 0 0
96 10 0 0 0 0 0
96 11 0 0 0 0 0
96 12 0 0 0 0 0
96 13 0 0 0 0 0
96 14 0 0 0 0 0
96 15 0 0 0 0 0
96 16 0 0 0 0 0
96 17 0 0 0 0 0
96 18 0 0 0 0 0
96 19 0 0 0 0 0
96 20 0 0 0 0 0
96 21 0 0 0 0 0
96 22 0 0 0 0 0
96 23 0 0 0 0 0
96 24 0 0 0 0 0
96 25 0 0 0 0 0
96 26 0 0 0 0 0
96 27 0 0 0 0 0
96 28 0 0 0 0 0
96 29 0 0 0 0 0
96 30 0 0 0 0 0
96 31 0 0 0 0 0
96 32 0 0 0 0 0
96 33 0 0 0 0 0
96 34 0 0 0 0 0
96 35 0 0 0 0 0
96 36 0 0 0 0 0
96 37 0 0 0 0 0
96 38 0 0 0 0 0
96 39 0 0 0 0 0
96 40 0 0 0 0 0
96 41 0 0 -352 -6 -15
96 42 0 0 -407 69 13
96 43 0 0 -495 88 5
96 44 0 0 -468 136 14
96 45 0 0 -453 194 10
96 46 0 0 -470 246 22
96 47 0 0 -447 288 12
96 48 0 0 -499 345 21
96 49 0 0 -448 353 13
96 50 0 0 -514 415 19
96 51 0 0 -460 402 11
96 52 0 0 -535 457 19
96 53 0 0 -488 422 13
96 54 0 0 -564 456 24
96 55 0 0 -526 377 16
96 56 0 0 -608 392 28
96 57 0 0 -566 255 22
96 58 0 0 -587 248 33
96 59 0 0 -561 117 24
96 60 0 0 -593 122 22
96 61 0 0 -588 -14 29
96 62 0 0 -575 -12 29
96 63 0 0 -554 -114 38
96 64 0 0 -546 -113 27
96 65 0 0 -562 -197 29
96 66 0 0 -530 -200 20
96 67 0 0 -554 -254 24
96 68 0 0 -525 -249 19
96 69 0 0 -556 -296 21
96 70 0 0 -513 -287 18
96 71 0 0 -537 -322 22
96 72 0 0 -505 -305 18
96 73 0 0 -545 -336 21
96 74 0 0 -489 -311 16
96 75 0 0 -523 -321 21
96 76 0 0 -477 -284 16
96 77 0 0 -512 -279 21
96 78 0 0 -470 -230 16
96 79 0 0 -495 -217 23
96 80 0 0 -488 -159 17
96 81 0 0 -514 -161 24
96 82 0 0 -495 -107 16
96 83 0 0 -505 -113 24
96 84 0 0 -518 -62 20
96 85 0 0 -534 -100 26
96 86 0 0 -519 -56 16
96 87 0 0 -524 -89 23
96 88 0 0 -523 -42 13
96 89 0 0 -532 -74 25
96 90 0 0 -530 -33 26
96 91 0 0 -525 -65 14
96 92 0 0 -526 -14 9
96 93 0 0 -512 -39 21
96 94 0 0 -496 0 30
96 95 0 0 -491 -30 21
96 96 0 0 -517 42 6
96 97 0 0 -440 47 44
97 2 0 0 0 0 0
97 3 0 0 0 0 0
97 4 0 0 0 0 0
97 5 0 0 0 0 0
97 6 0 0 0 0 0
97 7 0 0 0 0 0
97 8 0 0 0 0 0
97 9 0 0 0 0 0
97 10 0 0 0 0 0
97 11 0 0 0 0 0
97 12 0 0 0 0 0
97 13 0 0 0 0 0
97 14 0 0 0 0 0
97 15 0 0 0 0 0
97 16 0 0 0 0 0
97 17 0 0 0 0 0
97 18 0 0 0 0 0
97 19 0 0 0 0 0
97 20 0 0 0 0 0
97 21 0 0 0 0 0
97 22 0 0 0 0 0
97 23 0 0 0 0 0
97 24 0 0 0 0 0
97 25 0 0 0 0 0
97 26 0 0 0 0 0
97 27 0 0 0 0 0
97 28 0 0 0 0 0
97 29 0 0 0 0 0
97 30 0 0 0 0 0
97 31 0 0 0 0 0
97 32 0 0 0 0 0
97 33 0 0 0 0 0
97 34 0 0 0 0 0
97 35 0 0 0 0 0
97 36 0 0 0 0 0
97 37 0 0 0 0 0
97 38 0 0 0 0 0
97 39 0 0 0 0 0
97 40 0 0 0 0 0
97 41 0 0 -432 6 6
97 42 0 0 -483 23 13
97 43 0 0 -486 4 -1
97 44 0 0 -491 10 -17
97 45 0 0 -483 11 -11
97 46 0 0 -487 19 -15
97 47 0 0 -479 21 -3
97 48 0 0 -484 28 -13
97 49 0 0 -479 29 -3
97 50 0 0 -482 37 -13
97 51 0 0 -480 34 -3
97 52 0 0 -480 42 -12
97 53 0 0 -480 36 -3
97 54 0 0 -480 42 -13
97 55 0 0 -479 31 -3
97 56 0 0 -483 31 -15
97 57 0 0 -477 19 -3
97 58 0 0 -483 16 -14
97 59 0 0 -467 8 -2
97 60 0 0 -465 3 8
97 61 0 0 -456 8 12
97 62 0 0 -474 22 10
97 63 0 0 -475 7 -8
97 64 0 0 -470 1 0
97 65 0 0 -481 -5 -15
97 66 0 0 -472 -5 0
97 67 0 0 -484 -10 -16
97 68 0 0 -475 -9 -1
97 69 0 0 -483 -13 -16
97 70 0 0 -476 -14 -1
97 71 0 0 -482 -16 -12
97 72 0 0 -477 -16 -2
97 73 0 0 -483 -17 -13
97 74 0 0 -477 -18 -3
97 75 0 0 -483 -17 -13
97 76 0 0 -477 -16 -3
97 77 0 0 -484 -13 -13
97 78 0 0 -476 -10 -3
97 79 0 0 -486 -10 -17
97 80 0 0 -475 -4 -2
97 81 0 0 -486 -7 -18
97 82 0 0 -473 0 -2
97 83 0 0 -484 0 -22
97 84 0 0 -468 5 -2
97 85 0 0 -483 2 -26
97 86 0 0 -471 6 1
97 87 0 0 -482 4 -25
97 88 0 0 -477 11 9
97 89 0 0 -476 6 -14
97 90 0 0 -477 8 10
97 91 0 0 -473 4 -9
97 92 0 0 -474 3 18
97 93 0 0 -461 5 -16
97 94 0 0 -462 5 39
97 95 0 0 -450 11 -5
97 96 0 0 -467 -4 -28
97 97 0 0 -524 9 -36
