-0.004536 0.003910 -0.001373 -0.000710 -0.001247 0.002452 -0.002123 0.002501 -0.004765 -0.001614 -0.000706 0.000638 0.001970 0.001472 -0.006250 0.001585 -0.014455 0.001407 -0.006649 0.000222 -0.003464 -0.003215 -0.009306 0.014609 -0.002676 0.004594 -0.008717 -0.008958 -0.004905 0.006623 -0.006008 -0.003801 -0.001191 0.010153 -0.007301 -0.013382 -0.009521 -0.001994 -0.001811 -0.003037 0.013911 -0.007448 -0.007233 0.015811 -0.003906 -0.007702 0.004124 0.004510 0.002627 0.007386
-0.000105 -0.001047 0.001734 -0.008038 -0.009072 -0.009872 -0.010746 0.001892 -0.012589 -0.013604 -0.013686 0.000367 -0.009478 -0.000564 -0.011182 -0.012183 -0.001473 -0.013678 -0.014993 -0.015772 -0.016681 -0.017642 -0.018642 -0.019607 -0.026456 -0.021442 -0.004175 -0.023033 -0.023684 -0.024237 -0.024616 -0.024909 -0.024867 -0.002043 -0.001164 0.000056 -0.038661 -0.037254 -0.038208 -0.036924 0.007590 -0.017902 -0.030000 -0.004427 -0.001304 -0.024638 0.013142 0.024074 -0.000231 -0.002499
-0.005925 -0.002088 -0.004780 -0.005006 -0.004503 -0.006743 -0.007757 -0.009228 -0.010464 -0.011943 -0.013318 -0.014886 -0.016455 -0.017962 -0.019550 -0.021316 -0.022943 -0.024727 -0.026656 -0.028394 -0.030008 -0.031852 -0.033818 -0.035610 -0.037043 -0.038658 -0.040050 -0.041229 -0.042410 -0.042988 -0.043569 -0.044006 -0.043875 -0.043185 -0.042229 -0.041136 -0.039375 -0.037554 -0.034919 -0.032466 -0.029922 -0.026278 -0.023003 -0.020952 -0.015016 -0.016292 -0.012626 -0.005595 -0.022158 -0.033976
0.002370 -0.007551 -0.005766 -0.003217 -0.004648 -0.007023 -0.007830 -0.009538 -0.011019 -0.012351 -0.013730 -0.015289 -0.016936 -0.018613 -0.020188 -0.021898 -0.023804 -0.025331 -0.027250 -0.029273 -0.031213 -0.032744 -0.034473 -0.036537 -0.038300 -0.039843 -0.041377 -0.042596 -0.043529 -0.044612 -0.044834 -0.045272 -0.045162 -0.044906 -0.043798 -0.042569 -0.041052 -0.038904 -0.036832 -0.033960 -0.030898 -0.028377 -0.024171 -0.021774 -0.017232 -0.015957 -0.012757 -0.009855 0.011437 0.005607
0.001307 0.004564 -0.006124 -0.005382 -0.007447 -0.009065 -0.010788 -0.012743 -0.014633 -0.016648 -0.018567 -0.020579 -0.022676 -0.025035 -0.027315 -0.029450 -0.031945 -0.034301 -0.036670 -0.039188 -0.042207 -0.044408 -0.046620 -0.048991 -0.051614 -0.053511 -0.055548 -0.057280 -0.058438 -0.059962 -0.060427 -0.060660 -0.060467 -0.060023 -0.058873 -0.056728 -0.054655 -0.052020 -0.049104 -0.045453 -0.040697 -0.038001 -0.032583 -0.028926 -0.023290 -0.018715 -0.013120 -0.009834 0.006694 0.000796
0.003667 -0.009221 -0.006374 -0.005942 -0.008752 -0.011022 -0.013308 -0.015758 -0.017767 -0.020381 -0.022928 -0.025406 -0.027858 -0.030676 -0.033651 -0.036378 -0.039382 -0.042463 -0.045344 -0.048270 -0.051740 -0.054905 -0.057974 -0.060634 -0.063881 -0.066552 -0.068908 -0.071325 -0.072896 -0.074518 -0.075606 -0.075643 -0.075669 -0.074621 -0.073347 -0.070886 -0.068305 -0.064691 -0.060795 -0.056573 -0.050899 -0.046421 -0.039990 -0.035296 -0.028717 -0.024182 -0.018126 -0.016762 0.009661 -0.002179
-0.008468 -0.009163 -0.007563 -0.007616 -0.010652 -0.013124 -0.015824 -0.018587 -0.021330 -0.024288 -0.027270 -0.030351 -0.033473 -0.036723 -0.040155 -0.043551 -0.047125 -0.050791 -0.054464 -0.058199 -0.061998 -0.065911 -0.069663 -0.073346 -0.076852 -0.080355 -0.083256 -0.086220 -0.088426 -0.090142 -0.091500 -0.092084 -0.091706 -0.090793 -0.088905 -0.086420 -0.082618 -0.078669 -0.073429 -0.068553 -0.062351 -0.056700 -0.049287 -0.043180 -0.035263 -0.029068 -0.020775 -0.020156 0.008479 0.005041
-0.000140 -0.008641 -0.008543 -0.008597 -0.012095 -0.015144 -0.018285 -0.021617 -0.024741 -0.028187 -0.031518 -0.035154 -0.038808 -0.042500 -0.046505 -0.050516 -0.054649 -0.058997 -0.063297 -0.067587 -0.072221 -0.076804 -0.081221 -0.085587 -0.089838 -0.094133 -0.097647 -0.101373 -0.103970 -0.106511 -0.107977 -0.108758 -0.108537 -0.107432 -0.105271 -0.102157 -0.097917 -0.093076 -0.086965 -0.080736 -0.073128 -0.066079 -0.057614 -0.050152 -0.041201 -0.034008 -0.024497 -0.024512 -0.014131 0.000301
0.003356 -0.009824 -0.009622 -0.009898 -0.013692 -0.017003 -0.020666 -0.024274 -0.027968 -0.031813 -0.035723 -0.039789 -0.043965 -0.048261 -0.052742 -0.057392 -0.062090 -0.067030 -0.072063 -0.077128 -0.082301 -0.087652 -0.092940 -0.098077 -0.103107 -0.108064 -0.112742 -0.116685 -0.120578 -0.123046 -0.125411 -0.126211 -0.126237 -0.124922 -0.122513 -0.118819 -0.113889 -0.108076 -0.101266 -0.093818 -0.085145 -0.076668 -0.067081 -0.058167 -0.048016 -0.039306 -0.028281 -0.027974 0.006104 -0.001621
-0.000681 0.001461 -0.010842 -0.011138 -0.015321 -0.018903 -0.023025 -0.026937 -0.031132 -0.035397 -0.039752 -0.044290 -0.048950 -0.053793 -0.058842 -0.064032 -0.069402 -0.074968 -0.080672 -0.086518 -0.092500 -0.098577 -0.104667 -0.110724 -0.116674 -0.122419 -0.127865 -0.132851 -0.137239 -0.140851 -0.143491 -0.144971 -0.145130 -0.143836 -0.141074 -0.136768 -0.131005 -0.123947 -0.115830 -0.106846 -0.097063 -0.087021 -0.076067 -0.065833 -0.054097 -0.044300 -0.031621 -0.031820 0.004950 -0.021516
-0.011815 -0.009874 -0.011702 -0.012101 -0.016747 -0.020685 -0.025195 -0.029550 -0.034143 -0.038808 -0.043660 -0.048660 -0.053844 -0.059215 -0.064792 -0.070580 -0.076577 -0.082795 -0.089214 -0.095816 -0.102587 -0.109507 -0.116498 -0.123506 -0.130445 -0.137227 -0.143682 -0.149691 -0.155049 -0.159528 -0.162958 -0.164988 -0.165516 -0.164232 -0.161155 -0.156180 -0.149421 -0.141191 -0.131561 -0.121096 -0.109661 -0.098061 -0.085609 -0.073864 -0.060708 -0.049603 -0.035502 -0.035428 0.004217 0.004963
-0.000959 -0.010721 -0.012651 -0.013087 -0.018131 -0.022421 -0.027308 -0.032030 -0.037026 -0.042105 -0.047389 -0.052845 -0.058513 -0.064397 -0.070523 -0.076895 -0.083520 -0.090406 -0.097546 -0.104931 -0.112544 -0.120355 -0.128311 -0.136351 -0.144388 -0.152305 -0.159964 -0.167168 -0.173721 -0.179316 -0.183735 -0.186543 -0.187591 -0.186416 -0.183052 -0.177295 -0.169331 -0.159603 -0.148251 -0.135974 -0.122708 -0.109287 -0.095181 -0.081780 -0.067150 -0.054722 -0.039073 -0.038912 0.002307 -0.020705
-0.000725 -0.011651 -0.013589 -0.014037 -0.019436 -0.024024 -0.029291 -0.034360 -0.039759 -0.045227 -0.050937 -0.056833 -0.062974 -0.069361 -0.076023 -0.082971 -0.090218 -0.097776 -0.105647 -0.113828 -0.122310 -0.131068 -0.140058 -0.149219 -0.158468 -0.167682 -0.176716 -0.185339 -0.193346 -0.200329 -0.206067 -0.209919 -0.211759 -0.210819 -0.207209 -0.200524 -0.191056 -0.179532 -0.166060 -0.151697 -0.136284 -0.120893 -0.104903 -0.089783 -0.073549 -0.059651 -0.042572 -0.042380 0.001432 0.001003
-0.012108 -0.003276 -0.014441 -0.014922 -0.020644 -0.025548 -0.031154 -0.036572 -0.042319 -0.048164 -0.054269 -0.060587 -0.067178 -0.074048 -0.081231 -0.088743 -0.096605 -0.104834 -0.113442 -0.122434 -0.131809 -0.141552 -0.151638 -0.162009 -0.172594 -0.183261 -0.193879 -0.204176 -0.213951 -0.222680 -0.230141 -0.235425 -0.238452 -0.237957 -0.234225 -0.226395 -0.214971 -0.201189 -0.185051 -0.168143 -0.150228 -0.132589 -0.114542 -0.097599 -0.079722 -0.064443 -0.045853 -0.045644 -0.019371 -0.018840
-0.001183 -0.004004 -0.015256 -0.015779 -0.021771 -0.026963 -0.032894 -0.038598 -0.044701 -0.050884 -0.057369 -0.064081 -0.071101 -0.078430 -0.086113 -0.094169 -0.102630 -0.111519 -0.120860 -0.130668 -0.140956 -0.151722 -0.162955 -0.174613 -0.186655 -0.198944 -0.211378 -0.223640 -0.235575 -0.246488 -0.256246 -0.263477 -0.268299 -0.268557 -0.264875 -0.255572 -0.241459 -0.224797 -0.205208 -0.185280 -0.164379 -0.144234 -0.123923 -0.105078 -0.085533 -0.068833 -0.049039 -0.048548 -0.020558 -0.017859
-0.006410 -0.003735 -0.016003 -0.016550 -0.022783 -0.028270 -0.034445 -0.040471 -0.046859 -0.053378 -0.060203 -0.067284 -0.074701 -0.082463 -0.090616 -0.099190 -0.108224 -0.117751 -0.127806 -0.138421 -0.149623 -0.161430 -0.173853 -0.186871 -0.200468 -0.214532 -0.229018 -0.243565 -0.258086 -0.271739 -0.284469 -0.294421 -0.301940 -0.303503 -0.300451 -0.289134 -0.271200 -0.250738 -0.226501 -0.202912 -0.178428 -0.155490 -0.132732 -0.111944 -0.090764 -0.072743 -0.051780 -0.051253 -0.025080 -0.018619
-0.008832 -0.004516 -0.016698 -0.017230 -0.023716 -0.029413 -0.035899 -0.042132 -0.048832 -0.055613 -0.062761 -0.070171 -0.077954 -0.086111 -0.094702 -0.103759 -0.113333 -0.123466 -0.134206 -0.145603 -0.157701 -0.170544 -0.184177 -0.198599 -0.213853 -0.229839 -0.246586 -0.263739 -0.281390 -0.298399 -0.315159 -0.328790 -0.340538 -0.344237 -0.342504 -0.328363 -0.304527 -0.278957 -0.248525 -0.220568 -0.191877 -0.165907 -0.140554 -0.117835 -0.095020 -0.075832 -0.053482 -0.053191 -0.017378 -0.016903
-0.000789 -0.005028 -0.017312 -0.017897 -0.024528 -0.030546 -0.037088 -0.043617 -0.050512 -0.057579 -0.064995 -0.072706 -0.080814 -0.089326 -0.098308 -0.107803 -0.117870 -0.128560 -0.139936 -0.152070 -0.165017 -0.178862 -0.193680 -0.209512 -0.226459 -0.244461 -0.263678 -0.283739 -0.304920 -0.326124 -0.347791 -0.366711 -0.385245 -0.392207 -0.394407 -0.375846 -0.342522 -0.309791 -0.270888 -0.237541 -0.203971 -0.174776 -0.146853 -0.122354 -0.098258 -0.078079 -0.055298 -0.054767 -0.020963 0.001510
-0.001304 -0.005696 -0.017897 -0.018326 -0.025230 -0.031274 -0.038154 -0.044846 -0.051994 -0.059251 -0.066922 -0.074868 -0.083266 -0.092085 -0.101416 -0.111294 -0.121800 -0.132992 -0.144941 -0.157744 -0.171478 -0.186254 -0.202212 -0.219378 -0.238006 -0.258069 -0.279893 -0.303086 -0.328441 -0.354290 -0.382780 -0.408560 -0.438092 -0.450830 -0.459669 -0.434682 -0.384024 -0.341582 -0.291822 -0.252548 -0.213661 -0.181349 -0.150987 -0.124953 -0.099751 -0.078834 -0.055419 -0.055149 -0.018841 0.009588
-0.004784 -0.006375 -0.018213 -0.018863 -0.025786 -0.032040 -0.039065 -0.045917 -0.053171 -0.060609 -0.068466 -0.076628 -0.085261 -0.094331 -0.103932 -0.114130 -0.125013 -0.136617 -0.149045 -0.162433 -0.176822 -0.192436 -0.209388 -0.227835 -0.247972 -0.269904 -0.294255 -0.320733 -0.350231 -0.381945 -0.417096 -0.452477 -0.495704 -0.521240 -0.547836 -0.511808 -0.430009 -0.374404 -0.309663 -0.263475 -0.219296 -0.184159 -0.152044 -0.125070 -0.099479 -0.078384 -0.055364 -0.054827 -0.019874 0.009886
-0.003011 -0.007111 -0.018762 -0.019149 -0.026237 -0.032721 -0.039656 -0.046731 -0.054103 -0.061676 -0.069684 -0.077932 -0.086770 -0.096040 -0.105894 -0.116320 -0.127493 -0.139446 -0.152256 -0.166099 -0.181013 -0.197278 -0.215182 -0.234458 -0.256003 -0.279806 -0.306351 -0.335745 -0.369695 -0.406873 -0.451592 -0.498744 -0.572113 -0.613098 -0.673517 -0.609227 -0.472806 -0.399219 -0.319757 -0.267845 -0.219367 -0.182562 -0.149491 -0.122246 -0.096765 -0.075682 -0.053246 -0.053055 -0.016317 -0.006400
-0.001781 -0.007928 -0.019303 -0.019074 -0.026323 -0.032478 -0.039619 -0.046567 -0.054077 -0.061677 -0.069786 -0.078124 -0.087036 -0.096340 -0.106150 -0.116668 -0.127956 -0.140035 -0.152949 -0.167101 -0.182177 -0.198785 -0.216933 -0.237486 -0.259441 -0.283637 -0.312214 -0.343685 -0.380534 -0.422989 -0.474400 -0.533710 -0.618027 -0.721916 -0.911144 -0.735654 -0.511711 -0.412161 -0.318053 -0.260011 -0.210809 -0.173873 -0.142003 -0.115754 -0.091485 -0.071636 -0.050541 -0.050305 -0.017307 0.010030
-0.004767 -0.008667 -0.017874 -0.024750 -0.031612 -0.038667 -0.041146 -0.050278 -0.055759 -0.064997 -0.070011 -0.078293 -0.091099 -0.086355 -0.108522 -0.115859 -0.127565 -0.149223 -0.167158 -0.199706 -0.195685 -0.192260 -0.193909 -0.258435 -0.319343 -0.314728 -0.306602 -0.388129 -0.445255 -0.420545 -0.492307 -0.576512 -0.771267 -0.783977 -0.378402 -0.637678 -0.640999 -0.378127 -0.299040 -0.238102 -0.194104 -0.159352 -0.130324 -0.106111 -0.083919 -0.065481 -0.046199 -0.046084 -0.015338 -0.003327
0.000000 0.000000 0.000000 0.000000 0.000000 0.000000 0.000000 0.000000 0.000000 0.000000 0.000000 0.000000 0.000000 0.000000 0.000000 0.000000 0.000000 0.000000 0.000000 0.000000 0.000000 0.000000 0.000000 0.000000 0.000000 0.000000 0.000000 0.000000 0.000000 0.000000 0.000000 0.000000 0.000000 0.000000 0.000000 -0.258709 -0.222738 -0.254339 -0.227942 -0.190784 -0.162964 -0.135972 -0.113028 -0.092647 -0.073584 -0.057765 -0.040625 -0.040685 -0.036865 -0.001030
0.000000 0.000000 0.000000 0.000000 0.000000 0.000000 0.000000 0.000000 0.000000 0.000000 0.000000 0.000000 0.000000 0.000000 0.000000 0.000000 0.000000 0.000000 0.000000 0.000000 0.000000 0.000000 0.000000 0.000000 0.000000 0.000000 0.000000 0.000000 0.000000 0.000000 0.000000 0.000000 0.000000 0.000000 0.000000 -0.032846 -0.065445 -0.164266 -0.168431 -0.148054 -0.132206 -0.112199 -0.094880 -0.078138 -0.062394 -0.049067 -0.034226 -0.034669 -0.010833 0.001750
0.000000 0.000000 0.000000 0.000000 0.000000 0.000000 0.000000 0.000000 0.000000 0.000000 0.000000 0.000000 0.000000 0.000000 0.000000 0.000000 0.000000 0.000000 0.000000 0.000000 0.000000 0.000000 0.000000 0.000000 0.000000 0.000000 0.000000 0.000000 0.000000 0.000000 0.000000 0.000000 0.000000 0.000000 0.000000 -0.026078 -0.082866 -0.111930 -0.115425 -0.109906 -0.098463 -0.086829 -0.073974 -0.061990 -0.049883 -0.039475 -0.027275 -0.027852 -0.003709 0.001027
0.000000 0.000000 0.000000 0.000000 0.000000 0.000000 0.000000 0.000000 0.000000 0.000000 0.000000 0.000000 0.000000 0.000000 0.000000 0.000000 0.000000 0.000000 0.000000 0.000000 0.000000 0.000000 0.000000 0.000000 0.000000 0.000000 0.000000 0.000000 0.000000 0.000000 0.000000 0.000000 0.000000 0.000000 0.000000 -0.020259 -0.005930 -0.067892 -0.077959 -0.073946 -0.070256 -0.061930 -0.053948 -0.045308 -0.036749 -0.029171 -0.020135 -0.020660 -0.006835 -0.023312
0.000000 0.000000 0.000000 0.000000 0.000000 0.000000 0.000000 0.000000 0.000000 0.000000 0.000000 0.000000 0.000000 0.000000 0.000000 0.000000 0.000000 0.000000 0.000000 0.000000 0.000000 0.000000 0.000000 0.000000 0.000000 0.000000 0.000000 0.000000 0.000000 0.000000 0.000000 0.000000 0.000000 0.000000 0.000000 -0.016824 0.006738 -0.040786 -0.044634 -0.044777 -0.041602 -0.037561 -0.032605 -0.027610 -0.022426 -0.017887 -0.012214 -0.013130 -0.008858 0.004446
0.000000 0.000000 0.000000 0.000000 0.000000 0.000000 0.000000 0.000000 0.000000 0.000000 0.000000 0.000000 0.000000 0.000000 0.000000 0.000000 0.000000 0.000000 0.000000 0.000000 0.000000 0.000000 0.000000 0.000000 0.000000 0.000000 0.000000 0.000000 0.000000 0.000000 0.000000 0.000000 0.000000 0.000000 0.000000 0.007227 0.016750 -0.016515 -0.018683 -0.017878 -0.017311 -0.015026 -0.013288 -0.010981 -0.009094 -0.006975 -0.005179 -0.005561 -0.006282 0.010948
0.000000 0.000000 0.000000 0.000000 0.000000 0.000000 0.000000 0.000000 0.000000 0.000000 0.000000 0.000000 0.000000 0.000000 0.000000 0.000000 0.000000 0.000000 0.000000 0.000000 0.000000 0.000000 0.000000 0.000000 0.000000 0.000000 0.000000 0.000000 0.000000 0.000000 0.000000 0.000000 0.000000 0.000000 0.000000 -0.011834 0.027585 0.004878 0.007176 0.007953 0.007882 0.007695 0.006754 0.006096 0.004794 0.004261 0.002558 0.002265 -0.012384 -0.001506
0.000000 0.000000 0.000000 0.000000 0.000000 0.000000 0.000000 0.000000 0.000000 0.000000 0.000000 0.000000 0.000000 0.000000 0.000000 0.000000 0.000000 0.000000 0.000000 0.000000 0.000000 0.000000 0.000000 0.000000 0.000000 0.000000 0.000000 0.000000 0.000000 0.000000 0.000000 0.000000 0.000000 0.000000 0.000000 -0.013089 0.040280 0.026291 0.030765 0.034184 0.032213 0.030706 0.026753 0.023406 0.018750 0.015623 0.010183 0.009663 -0.004882 -0.013055
0.000000 0.000000 0.000000 0.000000 0.000000 0.000000 0.000000 0.000000 0.000000 0.000000 0.000000 0.000000 0.000000 0.000000 0.000000 0.000000 0.000000 0.000000 0.000000 0.000000 0.000000 0.000000 0.000000 0.000000 0.000000 0.000000 0.000000 0.000000 0.000000 0.000000 0.000000 0.000000 0.000000 0.000000 0.000000 0.003073 0.053003 0.053417 0.061905 0.063753 0.060102 0.054935 0.047447 0.040645 0.032526 0.026588 0.017888 0.017358 -0.002715 -0.002510
0.000000 0.000000 0.000000 0.000000 0.000000 0.000000 0.000000 0.000000 0.000000 0.000000 0.000000 0.000000 0.000000 0.000000 0.000000 0.000000 0.000000 0.000000 0.000000 0.000000 0.000000 0.000000 0.000000 0.000000 0.000000 0.000000 0.000000 0.000000 0.000000 0.000000 0.000000 0.000000 0.000000 0.000000 0.000000 0.002166 0.053225 0.088499 0.095567 0.097240 0.087931 0.079344 0.067344 0.057151 0.045431 0.036830 0.024973 0.024492 -0.004807 0.036687
0.000000 0.000000 0.000000 0.000000 0.000000 0.000000 0.000000 0.000000 0.000000 0.000000 0.000000 0.000000 0.000000 0.000000 0.000000 0.000000 0.000000 0.000000 0.000000 0.000000 0.000000 0.000000 0.000000 0.000000 0.000000 0.000000 0.000000 0.000000 0.000000 0.000000 0.000000 0.000000 0.000000 0.000000 0.000000 -0.058872 0.082506 0.141942 0.142726 0.137135 0.119250 0.104909 0.087826 0.073597 0.058437 0.047097 0.031883 0.031715 0.002285 0.011575
0.000000 0.000000 0.000000 0.000000 0.000000 0.000000 0.000000 0.000000 0.000000 0.000000 0.000000 0.000000 0.000000 0.000000 0.000000 0.000000 0.000000 0.000000 0.000000 0.000000 0.000000 0.000000 0.000000 0.000000 0.000000 0.000000 0.000000 0.000000 0.000000 0.000000 0.000000 0.000000 0.000000 0.000000 0.000000 0.160138 0.424235 0.256228 0.200792 0.185053 0.151315 0.130275 0.107121 0.089022 0.070312 0.056275 0.038322 0.037865 0.005731 0.000498
0.000000 0.000000 0.000000 0.000000 0.000000 0.000000 0.000000 0.000000 0.000000 0.000000 0.000000 0.000000 0.000000 0.000000 0.000000 0.000000 0.000000 0.000000 0.000000 0.000000 0.000000 0.000000 0.000000 0.007892 0.064435 0.094533 0.184028 0.196856 0.254868 0.318696 0.390721 0.487134 0.622286 0.781410 1.094415 0.979156 0.535729 0.398122 0.298499 0.235845 0.189640 0.155109 0.126244 0.103246 0.081228 0.064532 0.044241 0.043578 0.008023 -0.009977
0.000000 0.000000 0.000000 0.000000 0.000000 0.000000 0.000000 0.000000 0.000000 0.000000 0.000000 0.000000 0.000000 0.000000 0.000000 0.000000 0.000000 0.000000 0.000000 0.000000 0.000000 0.000000 0.000000 -0.001055 0.054862 0.113750 0.168901 0.223985 0.284081 0.349389 0.421862 0.513512 0.613314 0.782842 1.000576 0.920832 0.777777 0.397856 0.309641 0.250879 0.203796 0.168569 0.137741 0.113051 0.089131 0.070811 0.048788 0.047951 0.039459 0.015697
0.000000 0.000000 0.000000 0.000000 0.000000 0.000000 0.000000 0.000000 0.000000 0.000000 0.000000 0.000000 0.000000 0.000000 0.000000 0.000000 0.000000 0.000000 0.000000 0.000000 0.000000 0.000000 0.000000 -0.003810 0.047654 0.099937 0.137950 0.189762 0.239557 0.294861 0.355176 0.416707 0.482089 0.545856 0.592086 0.541013 0.441377 0.376778 0.308283 0.257836 0.213236 0.177844 0.146302 0.120419 0.095181 0.075640 0.052328 0.051352 0.029146 0.003654
0.000000 0.000000 0.000000 0.000000 0.000000 0.000000 0.000000 0.000000 0.000000 0.000000 0.000000 0.000000 0.000000 0.000000 0.000000 0.000000 0.000000 0.000000 0.000000 0.000000 0.000000 0.000000 0.000000 0.012185 0.039079 0.094581 0.130207 0.178954 0.223963 0.272745 0.321553 0.371108 0.419841 0.455878 0.482675 0.458272 0.401317 0.349741 0.296372 0.252817 0.213030 0.180036 0.149558 0.124082 0.098528 0.078622 0.054671 0.053579 0.031027 0.002898
0.000000 0.000000 0.000000 0.000000 0.000000 0.000000 0.000000 0.000000 0.000000 0.000000 0.000000 0.000000 0.000000 0.000000 0.000000 0.000000 0.000000 0.000000 0.000000 0.000000 0.000000 0.000000 0.000000 0.032999 0.033463 0.089315 0.121874 0.166819 0.207300 0.249691 0.291722 0.330248 0.367513 0.391768 0.404327 0.387558 0.352487 0.318334 0.278224 0.243234 0.208944 0.178930 0.150284 0.125479 0.100027 0.080089 0.055615 0.054575 0.032639 0.012077
0.000000 0.000000 0.000000 0.000000 0.000000 0.000000 0.000000 0.000000 0.000000 0.000000 0.000000 0.000000 0.000000 0.000000 0.000000 0.000000 0.000000 0.000000 0.000000 0.000000 0.000000 0.000000 0.000000 0.024102 0.054839 0.082081 0.112293 0.153663 0.189595 0.227149 0.261730 0.293485 0.320800 0.339014 0.348027 0.339206 0.317057 0.291161 0.260278 0.231416 0.201378 0.174124 0.147765 0.123969 0.099907 0.080340 0.056402 0.055412 0.031415 -0.003511
0.000000 0.000000 0.000000 0.000000 0.000000 0.000000 0.000000 0.000000 0.000000 0.000000 0.000000 0.000000 0.000000 0.000000 0.000000 0.000000 0.000000 0.000000 0.000000 0.000000 0.000000 0.000000 0.000000 -0.001728 0.023652 0.076767 0.104472 0.142954 0.174435 0.207920 0.237094 0.263034 0.284777 0.298752 0.304538 0.299076 0.283947 0.265319 0.241411 0.218005 0.191567 0.168940 0.143443 0.122480 0.098453 0.079764 0.055560 0.054770 0.008067 -0.004926
0.000000 0.000000 0.000000 0.000000 0.000000 0.000000 0.000000 0.000000 0.000000 0.000000 0.000000 0.000000 0.000000 0.000000 0.000000 0.000000 0.000000 0.000000 0.000000 0.000000 0.000000 0.000000 0.000000 0.021713 0.017962 0.068932 0.093668 0.128854 0.156639 0.188446 0.213893 0.236491 0.254226 0.266268 0.271669 0.268751 0.258663 0.244792 0.225365 0.205910 0.182845 0.159810 0.138765 0.117224 0.096497 0.077869 0.057747 0.054598 0.037969 -0.010684
0.000000 0.000000 0.000000 0.000000 0.000000 0.000000 0.000000 0.000000 0.000000 0.000000 0.000000 0.000000 0.000000 0.000000 0.000000 0.000000 0.000000 0.000000 0.000000 0.000000 0.000000 0.000000 0.000000 0.022311 0.016438 0.068878 0.090179 0.120280 0.148178 0.176133 0.197472 0.215923 0.229588 0.240354 0.244640 0.242598 0.234958 0.223413 0.207273 0.191952 0.171111 0.155628 0.132947 0.116459 0.094107 0.076249 0.056503 0.052532 0.030485 -0.017751
0.000000 0.000000 0.000000 0.000000 0.000000 0.000000 0.000000 0.000000 0.000000 0.000000 0.000000 0.000000 0.000000 0.000000 0.000000 0.000000 0.000000 0.000000 0.000000 0.000000 0.000000 0.000000 0.000000 -0.007301 0.011646 0.053589 0.079614 0.106847 0.130032 0.157470 0.179128 0.195894 0.210754 0.219422 0.223558 0.223178 0.217568 0.208619 0.195945 0.181810 0.166109 0.149135 0.132289 0.113597 0.092525 0.076143 0.059651 0.052649 0.044849 0.035707
0.000000 0.000000 0.000000 0.000000 0.000000 0.000000 0.000000 0.000000 0.000000 0.000000 0.000000 0.000000 0.000000 0.000000 0.000000 0.000000 0.000000 0.000000 0.000000 0.000000 0.000000 0.000000 0.000000 -0.009887 0.019358 0.072814 0.086848 0.105598 0.125099 0.149393 0.165839 0.181292 0.193449 0.200954 0.204894 0.205257 0.201006 0.194891 0.183409 0.172880 0.156801 0.143970 0.125847 0.110217 0.091417 0.073510 0.054800 0.037059 0.009327 -0.002166
0.000000 0.000000 0.000000 0.000000 0.000000 0.000000 0.000000 0.000000 0.000000 0.000000 0.000000 0.000000 0.000000 0.000000 0.000000 0.000000 0.000000 0.000000 0.000000 0.000000 0.000000 0.000000 0.000000 0.016229 0.046591 0.025927 0.053489 0.082738 0.118627 0.138060 0.158068 0.170310 0.184564 0.190506 0.195647 0.195039 0.193787 0.186838 0.178936 0.167643 0.155095 0.141871 0.127021 0.113455 0.099828 0.086394 0.068430 0.030452 0.061195 -0.018980
0.000000 0.000000 0.000000 0.000000 0.000000 0.000000 0.000000 0.000000 0.000000 0.000000 0.000000 0.000000 0.000000 0.000000 0.000000 0.000000 0.000000 0.000000 0.000000 0.000000 0.000000 0.000000 0.000000 0.017274 0.014795 0.036242 0.063174 0.099354 0.119624 0.133404 0.152532 0.170857 0.181728 0.191974 0.196586 0.197299 0.194183 0.187516 0.179400 0.167772 0.155917 0.141652 0.127203 0.114008 0.093166 0.083467 0.089761 0.059291 0.031446 -0.008357
0.000000 0.000000 0.000000 0.000000 0.000000 0.000000 0.000000 0.000000 0.000000 0.000000 0.000000 0.000000 0.000000 0.000000 0.000000 0.000000 0.000000 0.000000 0.000000 0.000000 0.000000 0.000000 0.000000 0.012805 0.033584 0.019850 0.052761 0.078971 0.103103 0.124737 0.135833 0.151568 0.162632 0.172391 0.171234 0.174135 0.212082 0.166721 0.169406 0.174391 0.186338 0.129900 0.158732 0.142459 0.126146 0.064566 0.093915 0.072794 0.073988 -0.002088
0.000000 0.000000 0.000000 0.000000 0.000000 0.000000 0.000000 0.000000 0.000000 0.000000 0.000000 0.000000 0.000000 0.000000 0.000000 0.000000 0.000000 0.000000 0.000000 0.000000 0.000000 0.000000 0.000000 0.000701 -0.003978 0.003206 0.010562 0.041540 0.027030 0.064934 0.006036 0.048816 0.003433 0.054800 0.061538 0.053652 0.044354 0.044743 0.047579 0.050505 0.043088 0.027782 0.027912 0.019145 0.011813 -0.004254 0.011831 0.004939 -0.029957 0.004854
