0.001498 0.000909 0.001495 0.003829 -0.000303 -0.002885 0.001691 0.002034 0.004939 0.003930 -0.006214 -0.002577 0.002781 -0.005633 -0.006209 0.004241 -0.022394 -0.023221 0.006940 -0.003441 -0.003670 0.001020 -0.003807 0.004761 -0.000992 0.005150 0.003853 0.003640 0.003558 0.006457 0.003948 0.004110 0.004101 0.001595 0.003882 0.003613 0.003198 0.002747 0.002240 -0.007167 -0.006402 0.001178 0.000722 0.000909 0.000550 0.000570 -0.000581 -0.000444 0.001404 -0.000894
0.015340 0.014591 0.011433 0.014602 0.007405 0.008237 0.004323 0.005584 0.004866 0.000780 0.014433 0.002407 0.014550 0.013839 0.012955 0.010587 0.013482 0.010910 0.010149 0.010604 0.010171 0.009479 0.009384 0.007290 -0.007195 0.007505 0.006573 0.005813 0.005123 0.005567 0.003028 0.002036 0.000973 -0.000109 -0.001102 -0.002017 -0.014257 -0.014195 -0.014100 -0.013923 -0.013625 -0.012562 -0.005802 -0.011434 -0.011369 -0.010381 -0.010294 -0.008940 -0.011624 -0.010492
0.018090 0.021860 0.025990 0.025060 0.025610 0.025063 0.024434 0.023787 0.022891 0.021893 0.020797 0.019436 0.018022 0.016389 0.014737 0.012952 0.011539 0.009510 0.007823 0.006079 0.004452 0.002763 0.001253 -0.000386 -0.001846 -0.003509 -0.004965 -0.006503 -0.008001 -0.009506 -0.010946 -0.012360 -0.013682 -0.015038 -0.016162 -0.017251 -0.018176 -0.018938 -0.019547 -0.019918 -0.020138 -0.020149 -0.020005 -0.019771 -0.019392 -0.019129 -0.018681 -0.018700 -0.016057 -0.012318
0.032302 0.032630 0.035670 0.026447 0.026369 0.025744 0.025182 0.024510 0.023585 0.022315 0.021327 0.019815 0.018627 0.016769 0.014970 0.013437 0.015811 0.009885 0.007973 0.006152 0.004473 0.002747 0.001230 -0.000474 -0.001744 -0.003571 -0.005158 -0.006394 -0.008124 -0.009671 -0.011072 -0.012582 -0.014037 -0.015405 -0.016514 -0.017650 -0.018575 -0.019432 -0.020019 -0.020613 -0.020759 -0.020774 -0.020692 -0.020377 -0.019976 -0.019793 -0.019098 -0.025346 -0.022933 -0.015718
0.035050 0.039080 0.036349 0.036517 0.035989 0.035537 0.034644 0.033898 0.032592 0.031320 0.029754 0.027819 0.025746 0.023348 0.021062 0.018379 0.016046 0.013398 0.011093 0.008584 0.006353 0.003901 0.001803 -0.000566 -0.002693 -0.005057 -0.007105 -0.009359 -0.011359 -0.013640 -0.015694 -0.017625 -0.019570 -0.021546 -0.023185 -0.024759 -0.026116 -0.027165 -0.028044 -0.028531 -0.028819 -0.028769 -0.028494 -0.027976 -0.027374 -0.026727 -0.026050 -0.025784 -0.029399 -0.018036
0.040105 0.052241 0.045280 0.045332 0.044874 0.044221 0.043371 0.042264 0.040855 0.039108 0.037109 0.034700 0.032102 0.029138 0.026086 0.022926 0.019750 0.016584 0.013502 0.010464 0.007577 0.004691 0.001971 -0.000782 -0.003417 -0.006166 -0.008818 -0.011480 -0.014171 -0.016851 -0.019466 -0.022025 -0.024480 -0.026820 -0.028950 -0.030911 -0.032616 -0.034029 -0.035121 -0.035814 -0.036132 -0.035979 -0.035551 -0.034748 -0.033819 -0.032851 -0.031895 -0.031764 -0.033515 -0.031314
0.050066 0.062073 0.055128 0.054998 0.054621 0.053947 0.052986 0.051735 0.050084 0.048036 0.045581 0.042623 0.039345 0.035648 0.031841 0.027828 0.023916 0.019986 0.016229 0.012557 0.009053 0.005592 0.002292 -0.001002 -0.004227 -0.007514 -0.010736 -0.014015 -0.017287 -0.020581 -0.023820 -0.026961 -0.029988 -0.032881 -0.035549 -0.037991 -0.040146 -0.041907 -0.043299 -0.044104 -0.044490 -0.044177 -0.043528 -0.042308 -0.040990 -0.039567 -0.038209 -0.038099 -0.036077 -0.027407
0.048875 0.062394 0.064713 0.064762 0.064147 0.063476 0.062469 0.061089 0.059272 0.056898 0.054019 0.050478 0.046515 0.041999 0.037332 0.032491 0.027742 0.023067 0.018613 0.014325 0.010249 0.006284 0.002486 -0.001259 -0.004970 -0.008723 -0.012476 -0.016293 -0.020170 -0.024062 -0.027927 -0.031692 -0.035312 -0.038767 -0.041993 -0.044956 -0.047609 -0.049791 -0.051545 -0.052526 -0.053004 -0.052456 -0.051531 -0.049680 -0.047819 -0.045743 -0.043895 -0.043740 -0.047118 -0.042001
0.072803 0.080851 0.074696 0.074681 0.074201 0.073566 0.072583 0.071156 0.069207 0.066547 0.063246 0.059045 0.054308 0.048791 0.043167 0.037282 0.031642 0.026132 0.020952 0.016034 0.011393 0.006923 0.002650 -0.001553 -0.005734 -0.009987 -0.014277 -0.018678 -0.023218 -0.027780 -0.032362 -0.036773 -0.041022 -0.045092 -0.048922 -0.052478 -0.055719 -0.058398 -0.060620 -0.061800 -0.062415 -0.061531 -0.060220 -0.057514 -0.054912 -0.051984 -0.049442 -0.049248 -0.047705 -0.045931
0.078684 0.090109 0.084587 0.084421 0.084274 0.083801 0.082983 0.081633 0.079677 0.076810 0.073135 0.068214 0.062578 0.055821 0.048958 0.041909 0.035223 0.028824 0.022935 0.017399 0.012257 0.007374 0.002716 -0.001838 -0.006430 -0.011079 -0.015871 -0.020844 -0.026014 -0.031336 -0.036648 -0.041831 -0.046739 -0.051507 -0.055999 -0.060250 -0.064212 -0.067534 -0.070423 -0.071921 -0.072846 -0.071509 -0.069805 -0.065644 -0.062063 -0.057794 -0.054313 -0.054086 -0.049713 -0.047087
0.089346 0.094824 0.094826 0.094875 0.094698 0.094528 0.093945 0.092790 0.090945 0.087937 0.083947 0.078185 0.071557 0.063170 0.054950 0.046344 0.038596 0.031232 0.024589 0.018492 0.012905 0.007654 0.002694 -0.002188 -0.007077 -0.012163 -0.017424 -0.022976 -0.029001 -0.035134 -0.041474 -0.047325 -0.052861 -0.058282 -0.063426 -0.068433 -0.073241 -0.077348 -0.081124 -0.083040 -0.084408 -0.082457 -0.079995 -0.074083 -0.068846 -0.063206 -0.058481 -0.058123 -0.057774 -0.053920
0.110255 0.107352 0.105013 0.104960 0.105337 0.105574 0.105503 0.104806 0.103365 0.100494 0.096363 0.089771 0.081814 0.071190 0.060719 0.050509 0.041267 0.032909 0.025649 0.019001 0.013083 0.007692 0.002567 -0.002388 -0.007574 -0.012799 -0.018494 -0.024668 -0.031273 -0.038586 -0.045761 -0.052782 -0.058895 -0.065163 -0.071013 -0.076957 -0.082863 -0.088091 -0.093251 -0.096004 -0.098434 -0.095841 -0.093127 -0.083258 -0.076650 -0.067784 -0.061622 -0.061300 -0.058353 -0.045783
0.143172 0.112002 0.115300 0.115252 0.116140 0.116924 0.117534 0.117488 0.116705 0.114116 0.110133 0.102462 0.093262 0.079249 0.066619 0.053647 0.043320 0.033936 0.025954 0.018992 0.012931 0.007436 0.002339 -0.002742 -0.007863 -0.013944 -0.019384 -0.025981 -0.034025 -0.042542 -0.051924 -0.059256 -0.065612 -0.072371 -0.078701 -0.085588 -0.092744 -0.099331 -0.106338 -0.110198 -0.114229 -0.110677 -0.106013 -0.092762 -0.082090 -0.071479 -0.063190 -0.062636 -0.056923 -0.048323
0.109364 0.114845 0.125538 0.125663 0.127082 0.128705 0.130371 0.131544 0.132061 0.130665 0.127352 0.119339 0.107649 0.088641 0.070792 0.056081 0.043431 0.033310 0.025257 0.017946 0.011835 0.006853 0.002015 -0.002584 -0.007933 -0.013633 -0.019175 -0.026541 -0.034711 -0.045645 -0.055956 -0.065650 -0.071881 -0.079457 -0.086260 -0.094318 -0.103123 -0.111753 -0.121629 -0.127980 -0.135099 -0.131115 -0.128283 -0.103284 -0.089271 -0.073530 -0.062873 -0.062577 -0.054342 -0.049714
0.135673 0.132630 0.135259 0.135335 0.137732 0.140317 0.143301 0.145931 0.148238 0.148285 0.146970 0.138119 0.125913 0.097781 0.075419 0.055291 0.042466 0.031687 0.023150 0.015991 0.010550 0.005940 0.001677 -0.002771 -0.007424 -0.014031 -0.018417 -0.025054 -0.036012 -0.049950 -0.067364 -0.075174 -0.079088 -0.086571 -0.092984 -0.102183 -0.112786 -0.123799 -0.137416 -0.146834 -0.159157 -0.155223 -0.147465 -0.113974 -0.093183 -0.072107 -0.059382 -0.058284 -0.045494 -0.047320
0.143198 0.140260 0.144535 0.144694 0.148126 0.152086 0.156916 0.162023 0.167325 0.171409 0.173331 0.168537 0.149000 0.107154 0.071000 0.051717 0.036049 0.026359 0.019718 0.012664 0.007138 0.004411 0.001397 -0.001900 -0.008192 -0.010812 -0.015553 -0.023392 -0.032762 -0.052254 -0.071741 -0.084978 -0.086310 -0.092826 -0.099041 -0.109084 -0.122042 -0.136509 -0.155465 -0.171594 -0.192448 -0.189967 -0.196727 -0.131113 -0.090813 -0.067259 -0.050202 -0.050411 -0.036592 -0.019150
0.182367 0.149581 0.152772 0.152926 0.157566 0.162914 0.169680 0.177297 0.186125 0.194268 0.204499 0.202717 0.192932 0.120995 0.068474 0.041342 0.029428 0.020313 0.014444 0.007368 0.004223 0.003677 0.001605 -0.001579 -0.006389 -0.013857 -0.011964 -0.013050 -0.024539 -0.057134 -0.103137 -0.104877 -0.089903 -0.097224 -0.101149 -0.112734 -0.128111 -0.146470 -0.171586 -0.195437 -0.228439 -0.250422 -0.243935 -0.137359 -0.087118 -0.053237 -0.037990 -0.035173 -0.020597 -0.016628
0.139142 0.154092 0.159975 0.160282 0.165968 0.172921 0.181978 0.193044 0.207067 0.224698 0.249191 0.327894 0.230153 0.009972 0.009132 0.003348 -0.004372 -0.004664 -0.003295 -0.001880 -0.005874 -0.016243 -0.003398 -0.001389 0.011370 -0.004449 -0.006756 -0.007344 -0.010535 0.000201 -0.258101 -0.122177 -0.105071 -0.098069 -0.101949 -0.112518 -0.130989 -0.152973 -0.186672 -0.222332 -0.280482 -0.338761 -0.799436 -0.724140 -0.006708 -0.010073 -0.014267 0.001345 -0.003443 -0.002566
0.148824 0.154150 0.165481 0.165924 0.172588 0.180931 0.191696 0.205520 0.222091 0.246417 0.273654 0.325251 0.387450 0.000000 0.000000 0.000000 0.000000 0.000000 0.000000 0.000000 0.000000 0.000000 0.000000 0.000000 0.000000 0.000000 0.000000 0.000000 0.000000 0.000000 -0.154291 -0.106688 -0.095752 -0.085298 -0.092692 -0.105043 -0.126908 -0.152853 -0.191114 -0.236109 -0.299687 -0.400666 -0.497415 -0.541611 0.000000 0.000000 0.000000 0.000000 0.000000 0.000000
0.141484 0.145615 0.169139 0.169432 0.177148 0.186217 0.198164 0.212417 0.229949 0.250825 0.275990 0.313018 0.307120 0.000000 0.000000 0.000000 0.000000 0.000000 0.000000 0.000000 0.000000 0.000000 0.000000 0.000000 0.000000 0.000000 0.000000 0.000000 0.000000 0.000000 -0.060528 -0.065138 -0.058178 -0.061362 -0.072838 -0.089416 -0.114092 -0.139376 -0.179056 -0.210896 -0.282536 -0.329955 -0.451451 -0.156717 0.000000 0.000000 0.000000 0.000000 0.000000 0.000000
0.142928 0.155041 0.170698 0.171037 0.179532 0.189513 0.202488 0.217726 0.235670 0.255970 0.277981 0.290921 0.279928 0.000000 0.000000 0.000000 0.000000 0.000000 0.000000 0.000000 0.000000 0.000000 0.000000 0.000000 0.000000 0.000000 0.000000 0.000000 0.000000 0.000000 0.005679 -0.013402 -0.019653 -0.029354 -0.047503 -0.068448 -0.096181 -0.122442 -0.160207 -0.184112 -0.243608 -0.245342 -0.304149 -0.098490 0.000000 0.000000 0.000000 0.000000 0.000000 0.000000
0.158436 0.143562 0.169835 0.170380 0.179233 0.189880 0.203474 0.219281 0.237273 0.257271 0.277459 0.276879 0.284725 0.000000 0.000000 0.000000 0.000000 0.000000 0.000000 0.000000 0.000000 0.000000 0.000000 0.000000 0.000000 0.000000 0.000000 0.000000 0.000000 0.000000 0.070594 0.039231 0.028075 0.006736 -0.016566 -0.043678 -0.073729 -0.102934 -0.135250 -0.156507 -0.202215 -0.210622 -0.238681 -0.079916 0.000000 0.000000 0.000000 0.000000 0.000000 0.000000
0.149294 0.150556 0.166571 0.167160 0.176783 0.188405 0.203210 0.220429 0.240122 0.261549 0.283451 0.299740 0.308291 0.000000 0.000000 0.000000 0.000000 0.000000 0.000000 0.000000 0.000000 0.000000 0.000000 0.000000 0.000000 0.000000 0.000000 0.000000 0.000000 0.000000 0.121869 0.103699 0.080504 0.050029 0.017791 -0.015573 -0.049322 -0.081649 -0.107565 -0.124556 -0.168107 -0.162763 -0.204623 -0.048075 0.000000 0.000000 0.000000 0.000000 0.000000 0.000000
0.135164 0.133464 0.160444 0.160847 0.171263 0.183487 0.199186 0.217418 0.238564 0.261831 0.287487 0.305692 0.296661 0.000000 0.000000 0.000000 0.000000 0.000000 0.000000 0.000000 0.000000 0.000000 0.000000 0.000000 0.000000 0.000000 0.000000 0.000000 0.000000 0.000000 0.249326 0.167991 0.138759 0.091208 0.052225 0.010301 -0.026484 -0.063683 -0.084262 -0.100163 -0.135792 -0.134653 -0.166326 -0.048027 0.000000 0.000000 0.000000 0.000000 0.000000 0.000000
0.124544 0.128625 0.151975 0.152528 0.163299 0.176649 0.193755 0.214556 0.238741 0.267619 0.299585 0.351708 0.362297 0.000000 0.000000 0.000000 0.000000 0.000000 0.000000 0.000000 0.000000 0.000000 0.000000 0.000000 0.000000 0.000000 0.000000 0.000000 0.000000 0.000000 0.336342 0.263728 0.204094 0.141119 0.086807 0.038119 -0.003583 -0.040202 -0.066028 -0.088457 -0.113121 -0.117572 -0.139557 -0.043343 0.000000 0.000000 0.000000 0.000000 0.000000 0.000000
0.109137 0.129801 0.139995 0.141045 0.151670 0.165600 0.183345 0.205036 0.230369 0.262008 0.301881 0.392222 0.403984 0.000000 0.000000 0.000000 0.000000 0.000000 0.000000 0.000000 0.000000 0.000000 0.000000 0.000000 0.000000 0.000000 0.000000 0.000000 0.000000 0.000000 0.528194 0.342214 0.270657 0.176299 0.114787 0.057452 0.013610 -0.022393 -0.057035 -0.077334 -0.097164 -0.104041 -0.134925 -0.038793 0.000000 0.000000 0.000000 0.000000 0.000000 0.000000
0.107729 0.117294 0.124990 0.125316 0.136408 0.151088 0.169765 0.193549 0.221642 0.259960 0.312246 0.448126 0.556306 0.000000 0.000000 0.000000 0.000000 0.000000 0.000000 0.000000 0.000000 0.000000 0.000000 0.000000 0.000000 0.000000 0.000000 0.000000 0.000000 0.000000 0.805299 0.491388 0.331339 0.211283 0.130147 0.068827 0.022015 -0.010923 -0.054967 -0.075990 -0.086858 -0.095150 -0.094514 -0.025273 0.000000 0.000000 0.000000 0.000000 0.000000 0.000000
0.079993 0.089858 0.106628 0.107458 0.118764 0.133433 0.152227 0.175728 0.197991 0.230252 0.271276 0.460170 1.100006 -0.023730 -0.928021 -0.689901 -0.649846 -0.611302 -0.642827 -0.650149 -0.727887 -0.722934 -0.817647 -0.878294 -1.111573 -1.362529 -1.503303 -2.022896 -2.458778 1.894852 1.822036 0.528180 0.340663 0.208325 0.125975 0.064265 0.018165 -0.011012 -0.050329 -0.074833 -0.083196 -0.096683 -0.116006 -0.027527 0.000000 0.000000 0.000000 0.000000 0.000000 0.000000
0.051344 0.064323 0.085286 0.083327 0.093451 0.108456 0.126449 0.148157 0.164243 0.176780 0.184588 0.117476 0.083134 -0.447361 -0.644264 -0.666342 -0.622292 -0.541513 -0.531276 -0.532886 -0.576157 -0.634461 -0.712017 -0.803866 -0.981762 -1.049247 -1.178465 -1.111829 -0.938588 0.186112 0.346824 0.314728 0.203219 0.139412 0.076463 0.035130 -0.002174 -0.028457 -0.055537 -0.074310 -0.083548 -0.096681 -0.112651 0.001675 0.000000 0.000000 0.000000 0.000000 0.000000 0.000000
0.076968 0.040548 0.060310 0.065146 0.073021 0.088134 0.110764 0.135953 0.140925 0.132422 0.112468 0.086090 -0.043126 -0.274689 -0.460233 -0.530969 -0.546080 -0.548078 -0.561249 -0.572781 -0.613491 -0.659822 -0.714994 -0.791504 -0.882766 -0.971226 -1.038587 -1.001467 -0.754423 -0.382048 -0.026053 0.148997 0.087119 0.068953 0.027453 0.001710 -0.026527 -0.046224 -0.065769 -0.080984 -0.089402 -0.098998 -0.123507 -0.022208 0.000000 0.000000 0.000000 0.000000 0.000000 0.000000
0.014317 0.013234 0.016673 0.019495 0.024541 0.049811 0.139249 0.147282 0.119918 0.098187 0.064031 0.013881 -0.054989 -0.217178 -0.329751 -0.391403 -0.426775 -0.446629 -0.473295 -0.492414 -0.531692 -0.569719 -0.616181 -0.663269 -0.716753 -0.789739 -0.775266 -0.724501 -0.594832 -0.269633 -0.051032 -0.027871 -0.015348 -0.014169 -0.026262 -0.040883 -0.056266 -0.069101 -0.081376 -0.092428 -0.098443 -0.106181 -0.129699 -0.023506 0.000000 0.000000 0.000000 0.000000 0.000000 0.000000
0.002190 0.002020 -0.000054 0.003575 -0.001397 0.023065 0.296299 0.165519 0.123656 0.080597 0.041071 -0.016940 -0.080324 -0.198652 -0.278011 -0.343593 -0.381266 -0.412190 -0.437435 -0.464624 -0.494731 -0.529471 -0.566316 -0.604412 -0.636949 -0.657819 -0.661686 -0.614489 -0.527838 -0.362647 -0.229379 -0.126211 -0.104605 -0.078868 -0.080302 -0.079975 -0.086581 -0.092420 -0.098989 -0.105350 -0.110367 -0.111517 -0.149302 0.007071 0.000000 0.000000 0.000000 0.000000 0.000000 0.000000
0.000000 0.000000 0.000000 0.000000 0.000000 0.000000 0.104137 0.105745 0.096106 0.052261 0.014147 -0.037126 -0.087484 -0.164733 -0.223447 -0.274015 -0.312757 -0.342869 -0.372450 -0.396604 -0.426610 -0.453467 -0.481734 -0.506153 -0.527496 -0.544786 -0.527926 -0.488488 -0.423304 -0.319061 -0.227311 -0.182381 -0.148639 -0.130142 -0.120221 -0.115807 -0.114743 -0.115925 -0.117306 -0.120646 -0.122291 -0.124987 -0.148847 -0.048489 0.000000 0.000000 0.000000 0.000000 0.000000 0.000000
0.000000 0.000000 0.000000 0.000000 0.000000 0.000000 0.057683 0.059927 0.055477 0.030425 -0.000633 -0.043467 -0.083748 -0.145041 -0.190100 -0.236386 -0.270076 -0.300889 -0.326468 -0.351831 -0.375689 -0.399709 -0.422245 -0.442306 -0.456623 -0.463196 -0.457376 -0.430866 -0.394120 -0.329597 -0.278884 -0.227512 -0.199975 -0.173946 -0.159899 -0.148656 -0.141915 -0.138495 -0.135518 -0.136000 -0.135667 -0.135983 -0.169048 0.006978 0.000000 0.000000 0.000000 0.000000 0.000000 0.000000
0.000000 0.000000 0.000000 0.000000 0.000000 0.000000 0.033260 0.035703 0.033172 0.011674 -0.012810 -0.046559 -0.079005 -0.121855 -0.157036 -0.192717 -0.221910 -0.248171 -0.272131 -0.293540 -0.314875 -0.334136 -0.352141 -0.366944 -0.378237 -0.385527 -0.379407 -0.364386 -0.341589 -0.309538 -0.279819 -0.252539 -0.227746 -0.207104 -0.189950 -0.176683 -0.165549 -0.159485 -0.152903 -0.151527 -0.149166 -0.147490 -0.169602 -0.049210 0.000000 0.000000 0.000000 0.000000 0.000000 0.000000
0.000000 0.000000 0.000000 0.000000 0.000000 0.000000 0.016854 0.016230 0.015472 0.001259 -0.017764 -0.043488 -0.068748 -0.101644 -0.129343 -0.158570 -0.182406 -0.205381 -0.225222 -0.244168 -0.261416 -0.277636 -0.292380 -0.304971 -0.314699 -0.323149 -0.322766 -0.318492 -0.313955 -0.302034 -0.300087 -0.279209 -0.260979 -0.238679 -0.219376 -0.202247 -0.186362 -0.178030 -0.168814 -0.165156 -0.161495 -0.158126 -0.189310 -0.025966 0.000000 0.000000 0.000000 0.000000 0.000000 0.000000
0.000000 0.000000 0.000000 0.000000 0.000000 0.000000 0.006894 0.012638 0.005717 -0.005408 -0.019617 -0.038894 -0.058189 -0.081897 -0.102869 -0.124793 -0.143799 -0.161903 -0.178053 -0.193132 -0.207081 -0.220440 -0.232390 -0.243137 -0.252784 -0.261891 -0.268250 -0.274167 -0.284090 -0.296588 -0.315946 -0.309378 -0.290558 -0.269046 -0.245401 -0.225218 -0.205033 -0.196285 -0.182517 -0.178243 -0.171984 -0.165559 -0.171058 -0.023683 0.000000 0.000000 0.000000 0.000000 0.000000 0.000000
0.000000 0.000000 0.000000 0.000000 0.000000 0.000000 0.006828 0.007366 0.000302 -0.007000 -0.017031 -0.030286 -0.043825 -0.060136 -0.074866 -0.090781 -0.104405 -0.118097 -0.129897 -0.141814 -0.152490 -0.161305 -0.171585 -0.179245 -0.187483 -0.199002 -0.206208 -0.219513 -0.242811 -0.276177 -0.355412 -0.347648 -0.328211 -0.299157 -0.271096 -0.245321 -0.220408 -0.209269 -0.193643 -0.186730 -0.180316 -0.173015 -0.192315 -0.147465 0.000000 0.000000 0.000000 0.000000 0.000000 0.000000
0.000000 0.000000 0.000000 0.000000 0.000000 0.000000 0.002075 0.000524 -0.001310 -0.006417 -0.013019 -0.021642 -0.032407 -0.043506 -0.053686 -0.064843 -0.074633 -0.083531 -0.091501 -0.098462 -0.104179 -0.114507 -0.119545 -0.128878 -0.131772 -0.140274 -0.164535 -0.182748 -0.218916 -0.297601 -0.400703 -0.415505 -0.370575 -0.335433 -0.295162 -0.263724 -0.234143 -0.220660 -0.201799 -0.193314 -0.182692 -0.177561 -0.171183 -0.136909 0.000000 0.000000 0.000000 0.000000 0.000000 0.000000
0.000000 0.000000 0.000000 0.000000 0.000000 0.000000 -0.000157 -0.000079 -0.004413 -0.008234 -0.013434 -0.017692 -0.021507 -0.029976 -0.037158 -0.045020 -0.051902 -0.058950 -0.062663 -0.073202 -0.077608 -0.086480 -0.087525 -0.094441 -0.051677 -0.110698 -0.124084 -0.116663 -0.158910 -0.343695 -0.534075 -0.486806 -0.427527 -0.364826 -0.316450 -0.276605 -0.244854 -0.224239 -0.204026 -0.192540 -0.181421 -0.174567 -0.192643 -0.151350 0.000000 0.000000 0.000000 0.000000 0.000000 0.000000
0.000000 0.000000 0.000000 0.000000 0.000000 0.000000 -0.000191 -0.000165 -0.000168 -0.001516 0.000441 0.000591 -0.001306 -0.001747 0.001620 0.011388 0.015790 0.005614 0.015206 0.016868 0.017822 -0.009950 -0.000274 0.011097 0.000912 -0.001119 -0.015752 -0.014011 -0.023836 -0.253003 -1.515875 -0.596562 -0.480407 -0.393062 -0.330148 -0.284170 -0.248527 -0.222227 -0.202123 -0.189188 -0.178038 -0.169349 -0.165045 -0.109379 0.000000 0.000000 0.000000 0.000000 0.000000 0.000000
0.000000 0.000000 0.000000 0.000000 0.000000 0.000000 0.000000 0.000000 0.000000 0.000000 0.000000 0.000000 0.000000 0.000000 0.000000 0.000000 0.000000 0.000000 0.000000 0.000000 0.000000 0.000000 0.000000 0.000000 0.000000 0.000000 0.000000 0.000000 0.000000 0.000000 -0.748682 -0.569081 -0.465100 -0.383437 -0.322115 -0.277727 -0.242822 -0.214447 -0.194783 -0.180379 -0.167765 -0.164413 -0.187369 -0.144084 0.000000 0.000000 0.000000 0.000000 0.000000 0.000000
0.000000 0.000000 0.000000 0.000000 0.000000 0.000000 0.000000 0.000000 0.000000 0.000000 0.000000 0.000000 0.000000 0.000000 0.000000 0.000000 0.000000 0.000000 0.000000 0.000000 0.000000 0.000000 0.000000 0.000000 0.000000 0.000000 0.000000 0.000000 0.000000 0.000000 -0.532566 -0.458951 -0.400146 -0.339698 -0.294304 -0.256339 -0.227638 -0.199578 -0.180866 -0.167142 -0.155294 -0.150754 -0.142912 -0.034347 0.000000 0.000000 0.000000 0.000000 0.000000 0.000000
0.000000 0.000000 0.000000 0.000000 0.000000 0.000000 0.000000 0.000000 0.000000 0.000000 0.000000 0.000000 0.000000 0.000000 0.000000 0.000000 0.000000 0.000000 0.000000 0.000000 0.000000 0.000000 0.000000 0.000000 0.000000 0.000000 0.000000 0.000000 0.000000 0.000000 -0.408023 -0.381928 -0.341184 -0.300131 -0.262123 -0.231065 -0.205965 -0.180996 -0.163836 -0.151048 -0.139210 -0.133727 -0.130227 -0.036852 0.000000 0.000000 0.000000 0.000000 0.000000 0.000000
0.000000 0.000000 0.000000 0.000000 0.000000 0.000000 0.000000 0.000000 0.000000 0.000000 0.000000 0.000000 0.000000 0.000000 0.000000 0.000000 0.000000 0.000000 0.000000 0.000000 0.000000 0.000000 0.000000 0.000000 0.000000 0.000000 0.000000 0.000000 0.000000 0.000000 -0.366693 -0.296993 -0.276372 -0.245699 -0.219918 -0.195901 -0.176328 -0.156496 -0.142258 -0.131448 -0.120126 -0.117119 -0.111854 -0.037357 0.000000 0.000000 0.000000 0.000000 0.000000 0.000000
0.000000 0.000000 0.000000 0.000000 0.000000 0.000000 0.000000 0.000000 0.000000 0.000000 0.000000 0.000000 0.000000 0.000000 0.000000 0.000000 0.000000 0.000000 0.000000 0.000000 0.000000 0.000000 0.000000 0.000000 0.000000 0.000000 0.000000 0.000000 0.000000 0.000000 -0.303937 -0.235982 -0.219677 -0.200542 -0.180621 -0.162856 -0.147285 -0.131087 -0.116718 -0.109930 -0.092540 -0.104069 -0.141181 -0.011717 0.000000 0.000000 0.000000 0.000000 0.000000 0.000000
0.000000 0.000000 0.000000 0.000000 0.000000 0.000000 0.000000 0.000000 0.000000 0.000000 0.000000 0.000000 0.000000 0.000000 0.000000 0.000000 0.000000 0.000000 0.000000 0.000000 0.000000 0.000000 0.000000 0.000000 0.000000 0.000000 0.000000 0.000000 0.000000 0.000000 -0.174945 -0.165166 -0.157797 -0.144924 -0.131317 -0.119921 -0.108580 -0.098644 -0.086495 -0.086916 -0.068275 -0.092955 -0.052597 -0.008273 0.000000 0.000000 0.000000 0.000000 0.000000 0.000000
0.000000 0.000000 0.000000 0.000000 0.000000 0.000000 0.000000 0.000000 0.000000 0.000000 0.000000 0.000000 0.000000 0.000000 0.000000 0.000000 0.000000 0.000000 0.000000 0.000000 0.000000 0.000000 0.000000 0.000000 0.000000 0.000000 0.000000 0.000000 0.000000 0.000000 -0.125589 -0.167054 -0.152603 -0.141931 -0.126887 -0.117063 -0.104435 -0.097864 -0.088479 -0.088231 -0.069635 -0.099930 -0.030872 -0.010882 0.000000 0.000000 0.000000 0.000000 0.000000 0.000000
0.000000 0.000000 0.000000 0.000000 0.000000 0.000000 0.000000 0.000000 0.000000 0.000000 0.000000 0.000000 0.000000 0.000000 0.000000 0.000000 0.000000 0.000000 0.000000 0.000000 0.000000 0.000000 0.000000 0.000000 0.000000 0.000000 0.000000 0.000000 0.000000 0.000000 -0.090210 -0.079725 -0.074766 -0.073812 -0.067367 -0.063337 -0.037761 -0.036476 -0.017654 -0.021258 0.010452 -0.036543 -0.078607 -0.018426 0.000000 0.000000 0.000000 0.000000 0.000000 0.000000
0.000000 0.000000 0.000000 0.000000 0.000000 0.000000 0.000000 0.000000 0.000000 0.000000 0.000000 0.000000 0.000000 0.000000 0.000000 0.000000 0.000000 0.000000 0.000000 0.000000 0.000000 0.000000 0.000000 0.000000 0.000000 0.000000 0.000000 0.000000 0.000000 0.000000 -0.000546 -0.010220 0.006388 -0.008707 0.003223 -0.042930 -0.024961 0.000218 0.000464 -0.016266 -0.000666 -0.005833 -0.084978 0.000446 0.000000 0.000000 0.000000 0.000000 0.000000 0.000000
