0.000000 0.000000 0.000000 0.000000 0.000000 0.000000 0.000000 0.000000 0.000000 -0.000032 -0.000450 -0.000865 -0.000903 -0.000924 -0.001563 -0.001548 -0.004198 -0.005321 -0.003540 -0.006195 -0.007872 -0.009979 -0.012626 -0.015922 -0.017629 -0.029043 -0.031215 -0.022698 -0.045627 -0.052136 -0.071604 -0.082926 -0.099520 -0.118311 -0.131080 -0.152661 -0.187454 -0.170657 -0.194878 -0.245153 -0.265127 -0.279605 -0.313055 -0.343546 -0.335106 -0.368060 -0.456549 -0.424714 -0.432832 -0.463613
0.000000 0.000000 0.000000 0.000000 0.000000 0.000000 0.000000 0.000000 0.000000 -0.000019 -0.000422 -0.000675 -0.000976 -0.001175 -0.001585 -0.002083 -0.002694 -0.003475 -0.004459 -0.005682 -0.007237 -0.009186 -0.011645 -0.014724 -0.018552 -0.025527 -0.031820 -0.039566 -0.048796 -0.060045 -0.073202 -0.081415 -0.097447 -0.124835 -0.146183 -0.169186 -0.175552 -0.193911 -0.227251 -0.253482 -0.281243 -0.307629 -0.336107 -0.361508 -0.381590 -0.405863 -0.425256 -0.443615 -0.478110 -0.512787
0.000000 0.000000 0.000000 0.000000 0.000000 0.000000 0.000000 0.000000 0.000000 -0.000050 -0.000181 -0.000390 -0.000607 -0.000853 -0.001161 -0.001536 -0.002005 -0.002594 -0.003338 -0.004282 -0.005479 -0.007001 -0.008932 -0.011377 -0.014463 -0.019123 -0.023204 -0.029269 -0.036760 -0.045942 -0.057125 -0.070418 -0.086000 -0.103774 -0.123358 -0.144763 -0.167308 -0.191163 -0.215606 -0.241130 -0.266595 -0.293698 -0.316576 -0.348789 -0.366043 -0.404951 -0.416461 -0.437674 -0.485027 -0.511087
0.000000 0.000000 0.000000 0.000000 0.000000 0.000000 0.000000 0.000000 0.000000 -0.000097 -0.000111 -0.000435 -0.000583 -0.000842 -0.001135 -0.001508 -0.001965 -0.002544 -0.003273 -0.004198 -0.005373 -0.006863 -0.008752 -0.011146 -0.014179 -0.015550 -0.022830 -0.028808 -0.036284 -0.045418 -0.056601 -0.069860 -0.085445 -0.103205 -0.122823 -0.144246 -0.166851 -0.190780 -0.215095 -0.240746 -0.265075 -0.292605 -0.313338 -0.343998 -0.356275 -0.402927 -0.396420 -0.415109 -0.491281 -0.500922
0.000000 0.000000 0.000000 0.000000 0.000000 0.000000 0.000000 0.000000 0.000000 -0.000032 -0.000059 -0.000286 -0.000421 -0.000610 -0.000826 -0.001097 -0.001433 -0.001861 -0.002403 -0.003098 -0.003991 -0.005146 -0.006628 -0.008537 -0.010998 -0.011058 -0.018270 -0.023474 -0.030238 -0.038638 -0.049393 -0.062463 -0.078313 -0.096642 -0.116987 -0.139396 -0.162823 -0.187730 -0.212795 -0.239888 -0.265282 -0.295561 -0.320266 -0.355088 -0.373545 -0.419789 -0.418393 -0.414069 -0.502690 -0.501067
0.000000 0.000000 0.000000 0.000000 0.000000 0.000000 0.000000 0.000000 0.000000 -0.000034 -0.000169 -0.000184 -0.000249 -0.000364 -0.000492 -0.000657 -0.000864 -0.001130 -0.001473 -0.001918 -0.002501 -0.003268 -0.004271 -0.005604 -0.007365 -0.005404 -0.012902 -0.017183 -0.022869 -0.030464 -0.040381 -0.053205 -0.069162 -0.088443 -0.109688 -0.133312 -0.157720 -0.183686 -0.209264 -0.236969 -0.261574 -0.292735 -0.312649 -0.353547 -0.366048 -0.421367 -0.417174 -0.414140 -0.500841 -0.509792
0.000000 0.000000 0.000000 0.000000 0.000000 0.000000 0.000000 0.000000 0.000000 0.000041 0.000177 -0.000030 -0.000056 -0.000082 -0.000111 -0.000156 -0.000208 -0.000285 -0.000387 -0.000531 -0.000734 -0.001010 -0.001435 -0.002022 -0.002970 0.001110 -0.006335 -0.009117 -0.013567 -0.019430 -0.028579 -0.040269 -0.057054 -0.077442 -0.100341 -0.125766 -0.151675 -0.179188 -0.205963 -0.234877 -0.260467 -0.292405 -0.313842 -0.352289 -0.360573 -0.413460 -0.400961 -0.412531 -0.500084 -0.508047
0.000000 0.000000 0.000000 0.000000 0.000000 0.000000 0.000000 0.000000 0.000000 0.000120 -0.000051 0.000101 0.000144 0.000204 0.000275 0.000358 0.000459 0.000582 0.000728 0.000902 0.001102 0.001325 0.001549 0.001760 0.001873 0.001193 0.001369 0.000426 -0.001987 -0.005874 -0.013208 -0.024284 -0.041329 -0.064754 -0.088948 -0.117061 -0.144694 -0.174012 -0.201866 -0.231893 -0.257623 -0.290426 -0.310586 -0.352949 -0.363278 -0.418938 -0.409177 -0.414400 -0.500547 -0.509585
0.000000 0.000000 0.000000 0.000000 0.000000 0.000000 0.000000 0.000000 0.000000 0.000016 0.000227 0.000243 0.000332 0.000486 0.000647 0.000857 0.001110 0.001429 0.001824 0.002318 0.002927 0.003679 0.004583 0.005680 0.006900 0.007968 0.009665 0.011016 0.011126 0.010966 0.006141 -0.003141 -0.021547 -0.048216 -0.075739 -0.107246 -0.137236 -0.168894 -0.198224 -0.229675 -0.256245 -0.289877 -0.309536 -0.352079 -0.359670 -0.417712 -0.402587 -0.415088 -0.493921 -0.506709
0.000000 0.000000 0.000000 0.000000 0.000000 0.000000 0.000000 0.000000 0.000000 0.000018 0.000141 0.000355 0.000501 0.000729 0.000981 0.001300 0.001692 0.002189 0.002812 0.003604 0.004603 0.005866 0.007450 0.009439 0.011870 0.015057 0.018385 0.022654 0.026597 0.030396 0.030647 0.026501 0.005901 -0.026716 -0.060333 -0.096684 -0.129732 -0.163960 -0.194839 -0.227603 -0.254754 -0.289306 -0.309074 -0.352526 -0.358659 -0.418904 -0.403859 -0.416948 -0.492507 -0.491722
0.000000 0.000000 0.000000 0.000000 0.000000 0.000000 0.000000 0.000000 0.000000 -0.000044 0.000297 0.000455 0.000642 0.000933 0.001255 0.001668 0.002177 0.002823 0.003640 0.004684 0.006010 0.007740 0.009904 0.012781 0.016302 0.021327 0.026782 0.034628 0.043020 0.054397 0.062586 0.066045 0.040106 -0.006776 -0.043798 -0.087448 -0.122735 -0.160175 -0.192368 -0.226595 -0.254416 -0.289744 -0.309680 -0.353486 -0.360045 -0.421128 -0.406367 -0.416607 -0.499314 -0.529374
0.000000 0.000000 0.000000 0.000000 0.000000 0.000000 0.000000 0.000000 0.000000 0.000064 0.000414 0.000707 0.001057 0.001309 0.001768 0.002347 0.003043 0.003977 0.005126 0.006604 0.008497 0.010900 0.014258 0.018437 0.023836 0.031638 0.041464 0.055854 0.074471 0.102345 0.151772 0.230296 0.152594 0.025470 -0.028398 -0.078714 -0.118634 -0.158179 -0.191773 -0.226832 -0.255005 -0.290850 -0.310437 -0.354869 -0.359755 -0.423422 -0.406918 -0.416733 -0.495447 -0.423001
0.000000 0.000000 0.000000 0.000000 0.000000 0.000000 0.000000 0.000000 0.000000 0.000106 0.000443 0.000458 0.001086 0.001485 0.001482 0.002628 0.003511 0.003392 0.004348 0.005629 0.007294 0.009468 0.012346 0.015894 0.020890 0.027499 0.035676 0.050112 0.073689 0.094485 0.180952 0.250465 0.185337 0.032605 -0.014395 -0.077183 -0.116378 -0.158608 -0.192601 -0.228482 -0.256819 -0.293023 -0.312277 -0.356886 -0.360541 -0.424466 -0.406578 -0.418487 -0.470585 -0.467208
0.000000 0.000000 0.000000 0.000000 0.000000 0.000000 0.000000 0.000000 0.000000 0.000000 0.000000 0.000000 0.000000 0.000000 0.000000 0.000000 0.000000 0.000000 0.000000 0.000000 0.000000 0.000000 0.000000 0.000000 0.000000 0.000000 0.000000 0.000000 0.000000 0.000000 0.000000 0.000000 -0.079378 -0.002611 -0.042225 -0.087356 -0.125404 -0.163899 -0.197203 -0.232445 -0.260367 -0.296470 -0.315124 -0.359832 -0.362510 -0.426896 -0.407396 -0.419390 -0.469984 -0.403056
0.000000 0.000000 0.000000 0.000000 0.000000 0.000000 0.000000 0.000000 0.000000 0.000000 0.000000 0.000000 0.000000 0.000000 0.000000 0.000000 0.000000 0.000000 0.000000 0.000000 0.000000 0.000000 0.000000 0.000000 0.000000 0.000000 0.000000 0.000000 0.000000 0.000000 0.000000 0.000000 0.002726 -0.025394 -0.060655 -0.095989 -0.133287 -0.169452 -0.202788 -0.237412 -0.265109 -0.300997 -0.319051 -0.363590 -0.365319 -0.429552 -0.410020 -0.421750 -0.469252 -0.481345
0.000000 0.000000 0.000000 0.000000 0.000000 0.000000 0.000000 0.000000 0.000000 0.000000 0.000000 0.000000 0.000000 0.000000 0.000000 0.000000 0.000000 0.000000 0.000000 0.000000 0.000000 0.000000 0.000000 0.000000 0.000000 0.000000 0.000000 0.000000 0.000000 0.000000 0.000000 0.000000 -0.006775 -0.039331 -0.072521 -0.109324 -0.142306 -0.178478 -0.210189 -0.244496 -0.271371 -0.306915 -0.324102 -0.368270 -0.368732 -0.432629 -0.411485 -0.423835 -0.495541 -0.520469
0.000000 0.000000 0.000000 0.000000 0.000000 0.000000 0.000000 0.000000 0.000000 0.000000 0.000000 0.000000 0.000000 0.000000 0.000000 0.000000 0.000000 0.000000 0.000000 0.000000 0.000000 0.000000 0.000000 0.000000 0.000000 0.000000 0.000000 0.000000 0.000000 0.000000 0.000000 0.000000 0.012909 -0.046883 -0.082255 -0.116346 -0.151531 -0.186392 -0.218607 -0.252345 -0.278888 -0.313985 -0.330406 -0.374003 -0.373511 -0.436627 -0.415084 -0.427116 -0.494397 -0.552943
0.000000 0.000000 0.000000 0.000000 0.000000 0.000000 0.000000 0.000000 0.000000 0.000000 0.000000 0.000000 0.000000 0.000000 0.000000 0.000000 0.000000 0.000000 0.000000 0.000000 0.000000 0.000000 0.000000 0.000000 0.000000 0.000000 0.000000 0.000000 0.000000 0.000000 0.000000 0.000000 -0.003430 -0.052782 -0.089195 -0.126170 -0.161233 -0.196757 -0.228541 -0.262079 -0.287958 -0.322511 -0.337941 -0.380721 -0.378857 -0.441068 -0.417819 -0.430562 -0.494735 -0.507493
0.000000 0.000000 0.000000 0.000000 0.000000 0.000000 0.000000 0.000000 0.000000 0.000000 0.000000 0.000000 0.000000 0.000000 0.000000 0.000000 0.000000 0.000000 0.000000 0.000000 0.000000 0.000000 0.000000 0.000000 0.000000 0.000000 0.000000 0.000000 0.000000 0.000000 0.000000 0.000000 -0.003817 -0.059635 -0.096326 -0.135401 -0.171811 -0.207758 -0.239904 -0.273208 -0.298612 -0.332516 -0.346971 -0.388741 -0.385668 -0.446540 -0.421975 -0.434710 -0.469837 -0.489900
0.000000 0.000000 0.000000 0.000000 0.000000 0.000000 0.000000 0.000000 0.000000 0.000000 0.000000 0.000000 0.000000 0.000000 0.000000 0.000000 0.000000 0.000000 0.000000 0.000000 0.000000 0.000000 0.000000 0.000000 0.000000 0.000000 0.000000 0.000000 0.000000 0.000000 0.000000 0.000000 0.002888 -0.065374 -0.105758 -0.146644 -0.184371 -0.221105 -0.253388 -0.286465 -0.311212 -0.344259 -0.357535 -0.398012 -0.393555 -0.452610 -0.426205 -0.439483 -0.470962 -0.512237
0.000000 0.000000 0.000000 0.000000 0.000000 0.000000 0.000000 0.000000 0.000000 0.000000 0.000000 0.000000 0.000000 0.000000 0.000000 0.000000 0.000000 0.000000 0.000000 0.000000 0.000000 0.000000 0.000000 0.000000 0.000000 0.000000 0.000000 0.000000 0.000000 0.000000 0.000000 0.000000 0.004762 -0.072654 -0.115642 -0.159415 -0.198906 -0.236606 -0.269207 -0.301977 -0.325977 -0.357951 -0.369893 -0.408809 -0.402863 -0.459830 -0.431830 -0.444781 -0.472649 -0.509396
0.000000 0.000000 0.000000 0.000000 0.000000 0.000000 0.000000 0.000000 0.000000 0.000000 0.000000 0.000000 0.000000 0.000000 0.000000 0.000000 0.000000 0.000000 0.000000 0.000000 0.000000 0.000000 0.000000 0.000000 0.000000 0.000000 0.000000 0.000000 0.000000 0.000000 0.000000 0.000000 -0.005478 -0.081147 -0.128045 -0.175197 -0.216572 -0.255328 -0.288048 -0.320300 -0.343265 -0.373847 -0.384160 -0.421150 -0.413394 -0.467942 -0.438178 -0.450872 -0.474681 -0.484157
0.000000 0.000000 0.000000 0.000000 0.000000 0.000000 0.000000 0.000000 0.000000 0.000000 0.000000 0.000000 0.000000 0.000000 0.000000 0.000000 0.000000 0.000000 0.000000 0.000000 0.000000 0.000000 0.000000 0.000000 0.000000 0.000000 0.000000 0.000000 0.000000 0.000000 0.000000 0.000000 -0.006560 -0.091755 -0.143761 -0.194645 -0.238333 -0.277970 -0.310600 -0.341941 -0.363521 -0.392288 -0.400603 -0.435285 -0.425326 -0.477330 -0.445310 -0.457713 -0.477049 -0.400187
0.000000 0.000000 0.000000 0.000000 0.000000 0.000000 0.000000 0.000000 0.000000 0.000000 0.000000 0.000000 0.000000 0.000000 0.000000 0.000000 0.000000 0.000000 0.000000 0.000000 0.000000 0.000000 0.000000 0.000000 0.000000 0.000000 0.000000 0.000000 0.000000 0.000000 0.000000 0.000000 -0.009311 -0.106590 -0.163781 -0.219529 -0.264896 -0.305352 -0.337268 -0.367303 -0.386960 -0.413416 -0.419300 -0.451210 -0.438722 -0.487662 -0.453258 -0.465353 -0.479761 -0.508271
0.000000 0.000000 0.000000 0.000000 0.000000 0.000000 0.000000 0.000000 0.000000 0.000000 0.000000 0.000000 0.000000 0.000000 0.000000 0.000000 0.000000 0.000000 0.000000 0.000000 0.000000 0.000000 0.000000 0.000000 0.000000 0.000000 0.000000 0.000000 0.000000 0.000000 0.000000 0.000000 -0.012646 -0.124483 -0.191678 -0.251195 -0.299084 -0.339119 -0.369808 -0.397439 -0.414392 -0.437703 -0.440549 -0.469112 -0.453677 -0.499016 -0.461887 -0.473600 -0.500098 -0.499218
0.000000 0.000000 0.000000 0.000000 0.000000 0.000000 0.000000 0.000000 0.000000 0.000000 0.000000 0.000000 0.000000 0.000000 0.000000 0.000000 0.000000 0.000000 0.000000 0.000000 0.000000 0.000000 0.000000 0.000000 0.000000 0.000000 0.000000 0.000000 0.000000 0.000000 0.000000 0.000000 -0.027040 -0.153067 -0.225866 -0.292759 -0.339813 -0.379960 -0.407487 -0.432120 -0.445377 -0.464868 -0.464108 -0.488807 -0.470065 -0.511328 -0.471238 -0.482332 -0.506613 -0.493912
0.000000 0.000000 0.000000 0.000000 0.000000 0.000000 0.000000 0.000000 0.000000 0.000000 0.000000 0.000000 0.000000 0.000000 0.000000 0.000000 0.000000 0.000000 0.000000 0.000000 0.000000 0.000000 0.000000 0.000000 0.000000 0.000000 0.000000 0.000000 0.000000 0.000000 0.000000 0.000000 -0.019616 -0.191936 -0.279060 -0.347311 -0.395748 -0.430889 -0.454217 -0.473089 -0.481341 -0.495605 -0.490378 -0.510435 -0.487931 -0.524647 -0.481242 -0.491584 -0.489350 -0.507791
0.000000 0.000000 0.000000 0.000000 0.000000 0.000000 0.000000 0.000000 0.000000 0.000000 0.000000 0.000000 0.000000 0.000000 0.000000 0.000000 0.000000 0.000000 0.000000 0.000000 0.000000 0.000000 0.000000 0.000000 0.000000 0.000000 0.000000 0.000000 0.000000 0.000000 0.000000 0.000000 -0.027110 -0.253975 -0.345718 -0.420902 -0.458677 -0.491022 -0.505252 -0.518424 -0.520048 -0.528676 -0.518423 -0.533347 -0.506875 -0.538752 -0.491874 -0.501256 -0.513388 -0.482108
0.000000 0.000000 0.000000 0.000000 0.000000 0.000000 0.000000 0.000000 0.000000 0.000000 0.000000 0.000000 0.000000 0.000000 0.000000 0.000000 0.000000 0.000000 0.000000 0.000000 0.000000 0.000000 0.000000 0.000000 0.000000 0.000000 0.000000 0.000000 0.000000 0.000000 0.000000 0.000000 -0.016335 -0.348564 -0.459611 -0.519056 -0.550725 -0.564981 -0.568964 -0.570517 -0.563970 -0.564923 -0.548773 -0.557810 -0.526840 -0.553708 -0.503050 -0.511331 -0.496967 -0.518831
0.000000 0.000000 0.000000 0.000000 0.000000 0.000000 0.000000 0.000000 0.000000 0.000000 0.000000 0.000000 0.000000 0.000000 0.000000 0.000000 0.000000 0.000000 0.000000 0.000000 0.000000 0.000000 0.000000 0.000000 0.000000 0.000000 0.000000 0.000000 0.000000 0.000000 0.000000 0.000000 -0.332841 -0.529571 -0.582476 -0.646473 -0.640566 -0.646198 -0.631569 -0.624177 -0.607773 -0.601669 -0.579378 -0.582663 -0.547099 -0.568948 -0.514319 -0.521748 -0.501659 -0.403763
0.016876 0.005838 0.004126 0.000661 0.005011 -0.008481 -0.000303 -0.000358 -0.005672 0.000906 -0.001196 -0.001674 -0.003204 0.001381 -0.018414 -0.013223 -0.015659 -0.037656 -0.032742 -0.052696 -0.030332 -0.085609 -0.087769 -0.057325 -0.107186 -0.233265 -0.391145 -0.829392 -1.661532 -2.160986 -3.928786 -2.156776 -2.030882 -0.980509 -0.891242 -0.831869 -0.778918 -0.740148 -0.705980 -0.681054 -0.654381 -0.639380 -0.610719 -0.607898 -0.567658 -0.584163 -0.525770 -0.532400 -0.506962 -0.480199
0.007838 0.009384 0.008847 0.008223 0.008077 0.008782 0.007891 -0.030564 -0.018677 -0.025690 -0.022455 -0.024439 -0.026524 -0.029319 -0.041927 -0.000105 -0.039926 -0.051215 -0.052167 -0.060778 -0.022839 -0.087842 -0.110697 -0.145741 -0.116193 -0.301378 -0.486130 -0.857111 -1.739334 -3.613343 -4.095104 -2.619494 -1.725115 -1.379000 -1.112862 -0.993777 -0.882595 -0.823822 -0.768116 -0.732772 -0.696458 -0.674774 -0.640350 -0.632303 -0.587740 -0.599250 -0.537305 -0.543078 -0.511993 -0.406510
0.007880 0.007670 -0.011017 -0.013317 -0.013475 -0.017707 -0.020548 -0.024869 -0.028783 -0.033950 -0.039383 -0.045116 -0.051618 -0.058919 -0.067978 -0.078964 -0.091400 -0.106635 -0.125574 -0.149022 -0.179502 -0.219698 -0.273845 -0.349322 -0.457703 -0.615128 -0.850509 -1.195749 -1.696491 -2.290641 -2.724476 -2.328196 -1.763058 -1.413377 -1.223394 -1.056661 -0.959157 -0.878546 -0.820307 -0.775306 -0.734326 -0.707076 -0.668362 -0.655683 -0.607187 -0.614007 -0.548417 -0.553539 -0.516609 -0.407428
0.004233 0.003708 -0.016040 -0.015361 -0.018632 -0.024393 -0.029205 -0.035238 -0.041199 -0.048128 -0.055549 -0.063813 -0.073088 -0.083677 -0.095916 -0.110252 -0.127155 -0.147457 -0.172204 -0.202764 -0.241280 -0.290511 -0.354843 -0.439863 -0.554051 -0.707789 -0.915135 -1.189901 -1.531171 -1.860730 -2.061786 -2.031911 -1.776380 -1.461114 -1.267136 -1.115724 -1.004249 -0.923143 -0.858635 -0.810699 -0.766340 -0.735838 -0.694019 -0.677678 -0.625816 -0.628269 -0.559393 -0.563792 -0.520450 -0.408011
-0.000637 0.006918 -0.019125 -0.017889 -0.025825 -0.031912 -0.038568 -0.046312 -0.054130 -0.063057 -0.072618 -0.083232 -0.095071 -0.108445 -0.123800 -0.141632 -0.162333 -0.186868 -0.216270 -0.251926 -0.295906 -0.350707 -0.419832 -0.507673 -0.619921 -0.762243 -0.940389 -1.152165 -1.383822 -1.590173 -1.736763 -1.660575 -1.495409 -1.341796 -1.214057 -1.098659 -1.011547 -0.938656 -0.881229 -0.835083 -0.792102 -0.760771 -0.717510 -0.698414 -0.643807 -0.642527 -0.570165 -0.574199 -0.524639 -0.408533
0.001899 0.003940 -0.021691 -0.022319 -0.029725 -0.038347 -0.046745 -0.056031 -0.065649 -0.076268 -0.087703 -0.100340 -0.114343 -0.130066 -0.147874 -0.168272 -0.191805 -0.219291 -0.251710 -0.290294 -0.336668 -0.392757 -0.460999 -0.544034 -0.644770 -0.765144 -0.905624 -1.061557 -1.220390 -1.362476 -1.451337 -1.458831 -1.387869 -1.281976 -1.179261 -1.085641 -1.009482 -0.946665 -0.895314 -0.853786 -0.814033 -0.783490 -0.739777 -0.718594 -0.661686 -0.656533 -0.580920 -0.584684 -0.528496 -0.499713
0.019452 -0.018733 -0.024939 -0.024859 -0.035384 -0.044817 -0.054887 -0.065588 -0.076827 -0.089053 -0.102221 -0.116665 -0.132579 -0.150301 -0.170199 -0.192744 -0.218457 -0.248060 -0.282394 -0.322478 -0.369582 -0.425113 -0.490711 -0.567929 -0.658129 -0.761523 -0.876660 -0.998341 -1.117343 -1.215189 -1.281217 -1.282414 -1.227990 -1.169001 -1.104769 -1.040860 -0.986205 -0.938233 -0.898654 -0.865772 -0.832683 -0.805193 -0.761834 -0.738610 -0.679675 -0.671702 -0.590805 -0.595251 -0.553924 -0.505871
0.002376 -0.020126 -0.028076 -0.029091 -0.039683 -0.050761 -0.062228 -0.074233 -0.086933 -0.100557 -0.115223 -0.131187 -0.148671 -0.167978 -0.189448 -0.213500 -0.240611 -0.271373 -0.306466 -0.346670 -0.392883 -0.446021 -0.507015 -0.576527 -0.654798 -0.741039 -0.833019 -0.926149 -1.013112 -1.086117 -1.134300 -1.148406 -1.128313 -1.089644 -1.045422 -1.000199 -0.960506 -0.926043 -0.898902 -0.876140 -0.852843 -0.828817 -0.785643 -0.760512 -0.699530 -0.685755 -0.602015 -0.605886 -0.556554 -0.497134
0.003915 -0.022479 -0.031291 -0.031715 -0.044727 -0.056309 -0.069146 -0.082258 -0.096254 -0.111117 -0.127083 -0.144335 -0.163111 -0.183673 -0.206329 -0.231435 -0.259395 -0.290677 -0.325804 -0.365338 -0.409876 -0.459959 -0.516034 -0.578243 -0.646275 -0.719003 -0.794208 -0.868223 -0.935860 -0.990985 -1.028024 -1.039727 -1.028533 -1.006811 -0.979473 -0.950288 -0.925622 -0.905445 -0.892308 -0.885027 -0.875823 -0.857901 -0.813405 -0.782703 -0.719851 -0.700903 -0.612579 -0.618186 -0.567241 -0.497748
-0.020105 -0.022424 -0.033972 -0.034772 -0.048309 -0.061301 -0.075259 -0.089445 -0.104564 -0.120494 -0.137552 -0.155855 -0.175646 -0.197140 -0.220609 -0.246342 -0.274662 -0.305923 -0.340496 -0.378751 -0.421036 -0.467598 -0.518542 -0.573671 -0.632373 -0.693419 -0.754806 -0.813566 -0.866162 -0.909287 -0.938845 -0.951780 -0.949404 -0.936557 -0.919493 -0.901229 -0.888915 -0.881610 -0.887421 -0.898055 -0.912167 -0.897452 -0.846318 -0.812436 -0.743432 -0.716429 -0.624591 -0.632156 -0.555629 -0.462638
-0.018947 -0.025265 -0.036812 -0.037531 -0.052608 -0.065933 -0.080894 -0.095922 -0.111995 -0.128824 -0.146785 -0.165933 -0.186509 -0.208681 -0.232680 -0.258726 -0.287070 -0.317962 -0.351638 -0.388315 -0.428153 -0.471192 -0.517315 -0.566144 -0.616956 -0.668567 -0.719297 -0.766812 -0.808709 -0.842629 -0.865830 -0.876591 -0.876605 -0.868675 -0.858136 -0.846732 -0.842586 -0.847285 -0.866692 -0.911380 -0.963516 -0.958804 -0.893077 -0.836024 -0.762430 -0.700220 -0.630565 -0.643134 -0.531903 -0.425183
-0.002657 -0.022461 -0.038831 -0.039629 -0.055222 -0.069868 -0.085700 -0.101568 -0.118463 -0.136056 -0.154754 -0.174566 -0.195726 -0.218357 -0.242652 -0.268768 -0.296883 -0.327168 -0.359737 -0.394690 -0.432046 -0.471695 -0.513383 -0.556631 -0.600699 -0.644488 -0.686611 -0.725157 -0.758645 -0.785384 -0.803276 -0.811744 -0.812055 -0.805067 -0.796707 -0.786876 -0.788802 -0.799617 -0.851371 -0.928257 -1.047856 -1.042882 -0.933350 -0.870112 -0.778445 -0.729450 -0.652256 -0.662894 -0.523312 -0.516806
-0.017178 -0.028147 -0.041123 -0.042188 -0.058443 -0.073484 -0.090021 -0.106509 -0.124078 -0.142292 -0.161575 -0.181894 -0.203480 -0.226404 -0.250830 -0.276844 -0.304576 -0.334140 -0.365520 -0.398742 -0.433742 -0.470287 -0.508031 -0.546483 -0.584923 -0.622295 -0.657509 -0.689027 -0.715788 -0.736438 -0.749362 -0.754536 -0.752883 -0.744079 -0.733931 -0.720930 -0.715804 -0.725950 -0.751134 -0.894709 -1.412857 -1.139669 -1.034027 -0.885975 -0.806104 -0.739624 -0.655742 -0.584439 -0.629610 -0.531378
0.000419 -0.008069 -0.042816 -0.043637 -0.060958 -0.087963 -0.105647 -0.105802 -0.123895 -0.142513 -0.162028 -0.182540 -0.204244 -0.227255 -0.251718 -0.277747 -0.305452 -0.334914 -0.366167 -0.399201 -0.433924 -0.470131 -0.507485 -0.545477 -0.583402 -0.620318 -0.655095 -0.685414 -0.679255 -0.694708 -0.703110 -0.749352 -0.747190 -0.738578 -0.727442 -0.638115 -0.614219 -0.562253 -0.553052 -0.818258 -1.810742 -1.236044 -1.028509 -1.063629 -0.958508 -0.790249 -0.702397 -0.636607 -0.590882 -0.506472
0.006969 -0.025567 -0.044448 -0.045565 -0.063177 -0.079039 -0.096712 -0.114164 -0.132732 -0.151897 -0.171976 -0.192911 -0.215013 -0.238183 -0.262615 -0.288092 -0.314851 -0.343025 -0.372104 -0.402151 -0.433198 -0.464669 -0.496014 -0.527066 -0.557211 -0.584932 -0.610050 -0.631562 -0.648170 -0.659040 -0.662941 -0.660401 -0.651086 -0.631895 -0.607845 -0.569596 -0.531288 -0.459291 -0.404882 -0.299883 -0.006608 0.000000 0.000000 0.000000 0.000000 0.000000 0.000000 0.000000 0.000000 0.000000
0.005619 -0.024583 -0.045566 -0.046347 -0.064857 -0.081064 -0.099162 -0.116904 -0.135821 -0.155230 -0.175563 -0.196740 -0.218929 -0.242139 -0.266471 -0.291749 -0.317943 -0.345518 -0.373684 -0.402574 -0.432132 -0.461639 -0.490969 -0.519204 -0.546053 -0.570963 -0.592487 -0.610454 -0.623424 -0.631138 -0.632124 -0.625937 -0.612189 -0.588392 -0.558740 -0.513661 -0.464004 -0.384080 -0.309977 -0.200276 -0.021613 0.000000 0.000000 0.000000 0.000000 0.000000 0.000000 0.000000 0.000000 0.000000
-0.011812 -0.025083 -0.044840 -0.047630 -0.066276 -0.082648 -0.100979 -0.118987 -0.137976 -0.158313 -0.178694 -0.199421 -0.221968 -0.245180 -0.270003 -0.294134 -0.319793 -0.347878 -0.374944 -0.401803 -0.430745 -0.459375 -0.485091 -0.511688 -0.538677 -0.558431 -0.577592 -0.594195 -0.604023 -0.607768 -0.602345 -0.595296 -0.581576 -0.553778 -0.517539 -0.468492 -0.413295 -0.330405 -0.264159 -0.151945 -0.018479 0.000000 0.000000 0.000000 0.000000 0.000000 0.000000 0.000000 0.000000 0.000000
-0.003944 -0.023715 -0.046955 -0.064991 -0.065985 -0.082713 -0.101206 -0.119309 -0.138550 -0.158339 -0.178879 -0.200138 -0.222465 -0.245650 -0.269939 -0.294829 -0.320656 -0.347697 -0.375014 -0.402721 -0.430944 -0.458869 -0.485910 -0.512167 -0.536852 -0.558489 -0.577373 -0.592515 -0.602281 -0.606614 -0.603877 -0.594869 -0.577936 -0.550499 -0.515766 -0.466783 -0.409716 -0.334075 -0.243860 -0.135672 -0.021622 0.000000 0.000000 0.000000 0.000000 0.000000 0.000000 0.000000 0.000000 0.000000
-0.001056 -0.020002 -0.030385 -0.048649 -0.076418 -0.080868 -0.112368 -0.119006 -0.137548 -0.150734 -0.173070 -0.187835 -0.214169 -0.230047 -0.249660 -0.284618 -0.292102 -0.312253 -0.340645 -0.360674 -0.370869 -0.395980 -0.410095 -0.416397 -0.462034 -0.467842 -0.464478 -0.474811 -0.493694 -0.460152 -0.492317 -0.436006 -0.491962 -0.401386 -0.449160 -0.356216 -0.348501 -0.333442 -0.237874 -0.117372 -0.016849 0.000000 0.000000 0.000000 0.000000 0.000000 0.000000 0.000000 0.000000 0.000000
-0.000154 -0.029578 -0.027335 -0.032754 -0.052345 -0.080005 -0.086999 -0.117761 -0.134361 -0.141881 -0.172993 -0.176482 -0.261414 -0.252803 -0.238317 -0.306505 -0.327363 -0.385755 -0.315050 -0.405290 -0.467773 -0.404803 -0.480244 -0.504637 -0.467218 -0.539302 -0.539882 -0.565678 -0.570635 -0.583653 -0.624893 -0.482983 -0.545312 -0.495755 -0.453773 -0.411157 -0.314840 -0.245045 -0.223328 -0.166150 -0.011404 0.000000 0.000000 0.000000 0.000000 0.000000 0.000000 0.000000 0.000000 0.000000
