0.000000 0.000000 0.000000 0.000000 0.000000 0.000000 0.000000 0.000000 0.000000 0.000000 0.000000 0.000000 -0.010528 -0.000034 0.000991 0.001430 0.006089 0.001768 0.002504 0.009668 0.008488 0.008860 -0.001193 0.003032 0.000543 0.000000 0.000000 0.000000 0.000000 0.000000 0.000000 0.000000 0.000000 0.000000 0.000000 0.000000 0.000000 0.000000 0.000000 0.000000 0.000000 0.000000 0.000000 0.000000 0.000000 0.000000 0.000000 0.000000 0.000000 0.000000
0.000000 0.000000 0.000000 0.000000 0.000000 0.000000 0.000000 0.000000 0.000000 0.000000 0.000000 0.000000 -0.011378 -0.018915 -0.016255 -0.016653 -0.016098 -0.015711 -0.013953 -0.013076 -0.010099 -0.012390 -0.014389 -0.000499 0.001116 0.000000 0.000000 0.000000 0.000000 0.000000 0.000000 0.000000 0.000000 0.000000 0.000000 0.000000 0.000000 0.000000 0.000000 0.000000 0.000000 0.000000 0.000000 0.000000 0.000000 0.000000 0.000000 0.000000 0.000000 0.000000
0.000000 0.000000 0.000000 0.000000 0.000000 0.000000 0.000000 0.000000 0.000000 0.000000 0.000000 0.000000 -0.031780 -0.025282 -0.033801 -0.031794 -0.029548 -0.027097 -0.024279 -0.021036 -0.018144 -0.014424 -0.009907 -0.004458 0.000181 0.000000 0.000000 0.000000 0.000000 0.000000 0.000000 0.000000 0.000000 0.000000 0.000000 0.000000 0.000000 0.000000 0.000000 0.000000 0.000000 0.000000 0.000000 0.000000 0.000000 0.000000 0.000000 0.000000 0.000000 0.000000
0.000000 0.000000 0.000000 0.000000 0.000000 0.000000 0.000000 0.000000 0.000000 0.000000 0.000000 0.000000 -0.033808 -0.041946 -0.033226 -0.032206 -0.030104 -0.027666 -0.024853 -0.021633 -0.018047 -0.014066 -0.011087 -0.005281 -0.000404 0.000000 0.000000 0.000000 0.000000 0.000000 0.000000 0.000000 0.000000 0.000000 0.000000 0.000000 0.000000 0.000000 0.000000 0.000000 0.000000 0.000000 0.000000 0.000000 0.000000 0.000000 0.000000 0.000000 0.000000 0.000000
0.000000 0.000000 0.000000 0.000000 0.000000 0.000000 0.000000 0.000000 0.000000 0.000000 0.000000 0.000000 -0.051620 -0.047515 -0.046708 -0.045344 -0.042423 -0.038909 -0.034687 -0.029631 -0.025259 -0.018714 -0.013558 -0.006103 -0.006991 0.000000 0.000000 0.000000 0.000000 0.000000 0.000000 0.000000 0.000000 0.000000 0.000000 0.000000 0.000000 0.000000 0.000000 0.000000 0.000000 0.000000 0.000000 0.000000 0.000000 0.000000 0.000000 0.000000 0.000000 0.000000
0.000000 0.000000 0.000000 0.000000 0.000000 0.000000 0.000000 0.000000 0.000000 0.000000 0.000000 0.000000 -0.059475 -0.061013 -0.059575 -0.057570 -0.054026 -0.049640 -0.044489 -0.038395 -0.032092 -0.024414 -0.017517 -0.007379 -0.001085 0.000000 0.000000 0.000000 0.000000 0.000000 0.000000 0.000000 0.000000 0.000000 0.000000 0.000000 0.000000 0.000000 0.000000 0.000000 0.000000 0.000000 0.000000 0.000000 0.000000 0.000000 0.000000 0.000000 0.000000 0.000000
0.000000 0.000000 0.000000 0.000000 0.000000 0.000000 0.000000 0.000000 0.000000 0.000000 0.000000 0.000000 -0.075307 -0.075735 -0.073980 -0.071697 -0.067260 -0.061816 -0.055305 -0.047657 -0.039640 -0.030106 -0.021265 -0.010360 -0.003137 0.000000 0.000000 0.000000 0.000000 0.000000 0.000000 0.000000 0.000000 0.000000 0.000000 0.000000 0.000000 0.000000 0.000000 0.000000 0.000000 0.000000 0.000000 0.000000 0.000000 0.000000 0.000000 0.000000 0.000000 0.000000
0.000000 0.000000 0.000000 0.000000 0.000000 0.000000 0.000000 0.000000 0.000000 0.000000 0.000000 0.000000 -0.089242 -0.092428 -0.089417 -0.086544 -0.081215 -0.074716 -0.066933 -0.057799 -0.048111 -0.036656 -0.025323 -0.012330 -0.001437 0.000000 0.000000 0.000000 0.000000 0.000000 0.000000 0.000000 0.000000 0.000000 0.000000 0.000000 0.000000 0.000000 0.000000 0.000000 0.000000 0.000000 0.000000 0.000000 0.000000 0.000000 0.000000 0.000000 0.000000 0.000000
0.000000 0.000000 0.000000 0.000000 0.000000 0.000000 0.000000 0.000000 0.000000 0.000000 0.000000 0.000000 -0.111207 -0.109806 -0.106387 -0.103049 -0.096725 -0.089038 -0.079780 -0.068929 -0.057350 -0.043741 -0.030172 -0.014624 -0.001838 0.000000 0.000000 0.000000 0.000000 0.000000 0.000000 0.000000 0.000000 0.000000 0.000000 0.000000 0.000000 0.000000 0.000000 0.000000 0.000000 0.000000 0.000000 0.000000 0.000000 0.000000 0.000000 0.000000 0.000000 0.000000
0.000000 0.000000 0.000000 0.000000 0.000000 0.000000 0.000000 0.000000 0.000000 0.000000 0.000000 0.000000 -0.145088 -0.129876 -0.124667 -0.121053 -0.113685 -0.104773 -0.093993 -0.081327 -0.067760 -0.051784 -0.038023 -0.016870 -0.005317 0.000000 0.000000 0.000000 0.000000 0.000000 0.000000 0.000000 0.000000 0.000000 0.000000 0.000000 0.000000 0.000000 0.000000 0.000000 0.000000 0.000000 0.000000 0.000000 0.000000 0.000000 0.000000 0.000000 0.000000 0.000000
0.000000 0.000000 0.000000 0.000000 0.000000 0.000000 0.000000 0.000000 0.000000 0.000000 0.000000 0.000000 -0.144724 -0.148480 -0.145351 -0.141105 -0.132664 -0.122347 -0.109896 -0.095210 -0.079448 -0.060838 -0.044707 -0.022948 0.013973 0.000000 0.000000 0.000000 0.000000 0.000000 0.000000 0.000000 0.000000 0.000000 0.000000 0.000000 0.000000 0.000000 0.000000 0.000000 0.000000 0.000000 0.000000 0.000000 0.000000 0.000000 0.000000 0.000000 0.000000 0.000000
0.000000 0.000000 0.000000 0.000000 0.000000 0.000000 0.000000 0.000000 0.000000 0.000000 0.000000 0.000000 -0.150796 -0.171821 -0.168280 -0.163376 -0.153774 -0.141954 -0.127739 -0.110873 -0.092728 -0.071209 -0.053808 -0.020610 -0.005927 0.000000 0.000000 0.000000 0.000000 0.000000 0.000000 0.000000 0.000000 0.000000 0.000000 0.000000 0.000000 0.000000 0.000000 0.000000 0.000000 0.000000 0.000000 0.000000 0.000000 0.000000 0.000000 0.000000 0.000000 0.000000
0.000000 0.000000 0.000000 0.000000 0.000000 0.000000 0.000000 0.000000 0.000000 0.000000 0.000000 0.000000 -0.209418 -0.204683 -0.194220 -0.188413 -0.177526 -0.164024 -0.147908 -0.128657 -0.107884 -0.083142 -0.062964 -0.025018 -0.025250 0.000000 0.000000 0.000000 0.000000 0.000000 0.000000 0.000000 0.000000 0.000000 0.000000 0.000000 0.000000 0.000000 0.000000 0.000000 0.000000 0.000000 0.000000 0.000000 0.000000 0.000000 0.000000 0.000000 0.000000 0.000000
0.000000 0.000000 0.000000 0.000000 0.000000 0.000000 0.000000 0.000000 0.000000 0.000000 0.000000 0.000000 -0.206645 -0.243615 -0.222987 -0.216125 -0.204061 -0.188748 -0.170714 -0.148927 -0.125385 -0.097006 -0.075153 -0.028552 -0.002921 0.000000 0.000000 0.000000 0.000000 0.000000 0.000000 0.000000 0.000000 0.000000 0.000000 0.000000 0.000000 0.000000 0.000000 0.000000 0.000000 0.000000 0.000000 0.000000 0.000000 0.000000 0.000000 0.000000 0.000000 0.000000
0.000000 0.000000 0.000000 0.000000 0.000000 0.000000 0.000000 0.000000 0.000000 0.000000 0.000000 0.000000 -0.255658 -0.277659 -0.255248 -0.247149 -0.233895 -0.216672 -0.196659 -0.172215 -0.145684 -0.113345 -0.088164 -0.033906 -0.005902 0.000000 0.000000 0.000000 0.000000 0.000000 0.000000 0.000000 0.000000 0.000000 0.000000 0.000000 0.000000 0.000000 0.000000 0.000000 0.000000 0.000000 0.000000 0.000000 0.000000 0.000000 0.000000 0.000000 0.000000 0.000000
0.000000 0.000000 0.000000 0.000000 0.000000 0.000000 0.000000 0.000000 0.000000 0.000000 0.000000 0.000000 -0.296371 -0.314179 -0.291301 -0.281480 -0.267166 -0.247897 -0.226077 -0.198977 -0.169376 -0.132791 -0.104783 -0.040574 -0.016316 0.000000 0.000000 0.000000 0.000000 0.000000 0.000000 0.000000 0.000000 0.000000 0.000000 0.000000 0.000000 0.000000 0.000000 0.000000 0.000000 0.000000 0.000000 0.000000 0.000000 0.000000 0.000000 0.000000 0.000000 0.000000
0.000000 0.000000 0.000000 0.000000 0.000000 0.000000 0.000000 0.000000 0.000000 0.000000 0.000000 0.000000 -0.396079 -0.355046 -0.332333 -0.319960 -0.304374 -0.283201 -0.259632 -0.230095 -0.197485 -0.156372 -0.124349 -0.049186 -0.033823 0.000000 0.000000 0.000000 0.000000 0.000000 0.000000 0.000000 0.000000 0.000000 0.000000 0.000000 0.000000 0.000000 0.000000 0.000000 0.000000 0.000000 0.000000 0.000000 0.000000 0.000000 0.000000 0.000000 0.000000 0.000000
0.000000 0.000000 0.000000 0.000000 0.000000 0.000000 0.000000 0.000000 0.000000 0.000000 0.000000 0.000000 -0.385000 -0.372797 -0.375471 -0.362151 -0.345041 -0.322186 -0.297579 -0.266147 -0.231043 -0.185318 -0.149402 -0.060643 -0.016489 0.000000 0.000000 0.000000 0.000000 0.000000 0.000000 0.000000 0.000000 0.000000 0.000000 0.000000 0.000000 0.000000 0.000000 0.000000 0.000000 0.000000 0.000000 0.000000 0.000000 0.000000 0.000000 0.000000 0.000000 0.000000
0.000000 0.000000 0.000000 0.000000 0.000000 0.000000 0.000000 0.000000 0.000000 0.000000 0.000000 0.000000 -0.446277 -0.450167 -0.426323 -0.408793 -0.389153 -0.365759 -0.340484 -0.308450 -0.271817 -0.221767 -0.181723 -0.076619 -0.056328 0.000000 0.000000 0.000000 0.000000 0.000000 0.000000 0.000000 0.000000 0.000000 0.000000 0.000000 0.000000 0.000000 0.000000 0.000000 0.000000 0.000000 0.000000 0.000000 0.000000 0.000000 0.000000 0.000000 0.000000 0.000000
0.000000 0.000000 0.000000 0.000000 0.000000 0.000000 0.000000 0.000000 0.000000 0.000000 0.000000 0.000000 -0.546323 -0.516131 -0.477973 -0.457015 -0.435415 -0.412482 -0.388562 -0.357806 -0.321834 -0.268401 -0.224679 -0.099865 -0.075855 0.000000 0.000000 0.000000 0.000000 0.000000 0.000000 0.000000 0.000000 0.000000 0.000000 0.000000 0.000000 0.000000 0.000000 0.000000 0.000000 0.000000 0.000000 0.000000 0.000000 0.000000 0.000000 0.000000 0.000000 0.000000
0.000000 0.000000 0.000000 0.000000 0.000000 0.000000 0.000000 0.000000 0.000000 0.000000 0.000000 0.000000 -0.551236 -0.594060 -0.521393 -0.509492 -0.480299 -0.462387 -0.441538 -0.415691 -0.384108 -0.329995 -0.285689 -0.135971 -0.107214 0.000000 0.000000 0.000000 0.000000 0.000000 0.000000 0.000000 0.000000 0.000000 0.000000 0.000000 0.000000 0.000000 0.000000 0.000000 0.000000 0.000000 0.000000 0.000000 0.000000 0.000000 0.000000 0.000000 0.000000 0.000000
0.000000 0.000000 0.000000 0.000000 0.000000 0.000000 0.000000 0.000000 0.000000 0.000000 0.000000 0.000000 -0.749613 -0.710190 -0.586422 -0.556510 -0.526028 -0.512793 -0.499854 -0.483024 -0.462075 -0.412373 -0.370492 -0.194700 -0.067861 0.000000 0.000000 0.000000 0.000000 0.000000 0.000000 0.000000 0.000000 0.000000 0.000000 0.000000 0.000000 0.000000 0.000000 0.000000 0.000000 0.000000 0.000000 0.000000 0.000000 0.000000 0.000000 0.000000 0.000000 0.000000
-0.008538 -0.003443 -0.011955 -0.016028 -0.017480 0.003015 0.002548 -0.022051 -0.013955 -0.022147 -0.043658 -0.222269 -0.632203 -0.665764 -0.616889 -0.573032 -0.561646 -0.557182 -0.561142 -0.559871 -0.560217 -0.524870 -0.502697 -0.302356 -0.240915 0.000000 0.000000 0.000000 0.000000 0.000000 0.000000 0.000000 0.000000 0.000000 0.000000 0.000000 0.000000 0.000000 0.000000 0.000000 0.000000 0.000000 0.000000 0.000000 0.000000 0.000000 0.000000 0.000000 0.000000 0.000000
-0.038441 -0.021539 -0.023568 -0.011886 -0.012100 -0.044590 -0.051972 -0.065370 -0.078738 -0.067215 -0.123138 -0.259094 -0.458943 -0.548053 -0.570377 -0.566132 -0.580725 -0.595948 -0.622875 -0.645707 -0.679482 -0.676009 -0.693563 -0.389733 -0.340582 0.000000 0.000000 0.000000 0.000000 0.000000 0.000000 0.000000 0.000000 0.000000 0.000000 0.000000 0.000000 0.000000 0.000000 0.000000 0.000000 0.000000 0.000000 0.000000 0.000000 0.000000 0.000000 0.000000 0.000000 0.000000
-0.025721 -0.049225 -0.046067 -0.049761 -0.051876 -0.061301 -0.071581 -0.085983 -0.109483 -0.138684 -0.186213 -0.265201 -0.390858 -0.488417 -0.529230 -0.553360 -0.591662 -0.629564 -0.683716 -0.736925 -0.821735 -0.880132 -0.991037 -0.750333 -0.489557 0.000000 0.000000 0.000000 0.000000 0.000000 0.000000 0.000000 0.000000 0.000000 0.000000 0.000000 0.000000 0.000000 0.000000 0.000000 0.000000 0.000000 0.000000 0.000000 0.000000 0.000000 0.000000 0.000000 0.000000 0.000000
-0.052868 -0.063138 -0.063903 -0.064822 -0.072337 -0.081131 -0.093951 -0.111963 -0.135376 -0.169882 -0.216245 -0.276644 -0.356614 -0.434339 -0.499705 -0.546336 -0.600005 -0.657091 -0.734691 -0.823152 -0.958066 -1.113032 -1.340968 -1.919285 -1.690872 0.000000 0.000000 0.000000 0.000000 0.000000 0.000000 0.000000 0.000000 0.000000 0.000000 0.000000 0.000000 0.000000 0.000000 0.000000 0.000000 0.000000 0.000000 0.000000 0.000000 0.000000 0.000000 0.000000 0.000000 0.000000
-0.065444 -0.071325 -0.085145 -0.085799 -0.094120 -0.105133 -0.119871 -0.139670 -0.165078 -0.199018 -0.241546 -0.297657 -0.365405 -0.429109 -0.484906 -0.538903 -0.600663 -0.671023 -0.767191 -0.882847 -1.079736 -1.299613 -1.777875 -3.224747 -3.102420 0.000000 0.000000 0.000000 0.000000 0.000000 0.000000 0.000000 0.000000 0.000000 0.000000 0.000000 0.000000 0.000000 0.000000 0.000000 0.000000 0.000000 0.000000 0.000000 0.000000 0.000000 0.000000 0.000000 0.000000 0.000000
-0.082020 -0.077673 -0.100057 -0.100451 -0.109594 -0.121177 -0.136845 -0.156987 -0.182518 -0.214631 -0.254152 -0.300409 -0.354395 -0.410704 -0.466851 -0.523505 -0.587759 -0.662925 -0.760247 -0.888292 -1.065893 -1.324657 -1.602982 -1.876499 -2.284223 0.000000 0.000000 0.000000 0.000000 0.000000 0.000000 0.000000 0.000000 0.000000 0.000000 0.000000 0.000000 0.000000 0.000000 0.000000 0.000000 0.000000 0.000000 0.000000 0.000000 0.000000 0.000000 0.000000 0.000000 0.000000
-0.121296 -0.085550 -0.114096 -0.114721 -0.123808 -0.135647 -0.151195 -0.170933 -0.195107 -0.225168 -0.260360 -0.302206 -0.348909 -0.397861 -0.447740 -0.501131 -0.559242 -0.629872 -0.705990 -0.823040 -0.921952 -1.154027 -1.173500 -1.002218 -0.902708 0.371588 0.504347 0.512673 0.500256 0.508609 0.511901 0.514081 0.515165 0.514163 0.550110 0.515070 0.515929 0.513212 0.523368 0.517812 0.514592 0.516880 0.512011 0.516714 0.520126 0.520164 0.517577 0.525777 0.524402 0.521108
-0.099955 -0.104847 -0.124107 -0.124978 -0.133716 -0.145360 -0.160508 -0.179252 -0.202053 -0.229208 -0.260877 -0.296703 -0.336599 -0.379386 -0.424014 -0.471991 -0.522384 -0.582006 -0.640578 -0.721954 -0.779422 -0.877800 -0.836297 -0.849963 -0.521395 -0.035036 0.174680 0.286891 0.352789 0.388897 0.416842 0.432719 0.447778 0.454895 0.464925 0.467754 0.475654 0.476953 0.484441 0.482982 0.486554 0.482580 0.486287 0.486882 0.486067 0.485433 0.485308 0.478206 0.460379 0.492632
-0.147381 -0.101177 -0.131896 -0.132616 -0.141215 -0.152248 -0.166504 -0.183884 -0.204635 -0.229123 -0.257026 -0.288645 -0.323117 -0.360010 -0.398421 -0.439242 -0.481172 -0.528014 -0.572324 -0.625289 -0.656461 -0.697079 -0.663366 -0.551541 -0.358879 -0.058974 0.070236 0.188161 0.255823 0.296769 0.334059 0.356261 0.375757 0.388877 0.398188 0.408060 0.413935 0.420251 0.421788 0.425813 0.425084 0.427994 0.425652 0.426367 0.427400 0.428702 0.428404 0.406305 0.460030 0.451336
-0.112171 -0.105663 -0.136702 -0.137294 -0.145550 -0.155863 -0.169114 -0.184987 -0.203802 -0.225507 -0.250045 -0.277201 -0.306622 -0.337827 -0.370020 -0.403676 -0.436967 -0.472178 -0.501904 -0.534527 -0.544108 -0.555518 -0.502847 -0.451507 -0.293001 -0.109175 0.027900 0.136697 0.209040 0.254743 0.297710 0.325530 0.351033 0.368019 0.382899 0.394592 0.404507 0.411643 0.415737 0.419231 0.420422 0.423465 0.423071 0.426002 0.427106 0.427159 0.422910 0.427845 0.400394 0.421299
-0.114298 -0.113590 -0.139387 -0.139827 -0.147610 -0.156990 -0.169054 -0.183315 -0.200042 -0.219142 -0.240418 -0.263726 -0.288600 -0.314723 -0.341357 -0.368443 -0.394339 -0.419624 -0.439584 -0.456432 -0.457909 -0.448253 -0.410332 -0.336059 -0.245538 -0.106169 -0.021056 0.072016 0.126091 0.166468 0.214750 0.245453 0.279089 0.296726 0.317791 0.328639 0.341782 0.349552 0.357655 0.362661 0.367005 0.370872 0.372196 0.375907 0.375731 0.378793 0.376519 0.374485 0.410098 0.371338
-0.115606 -0.119101 -0.139801 -0.140119 -0.147361 -0.155763 -0.166628 -0.179289 -0.194014 -0.210579 -0.228858 -0.248588 -0.269427 -0.290978 -0.312441 -0.333507 -0.352699 -0.370080 -0.381713 -0.389085 -0.382607 -0.368125 -0.327605 -0.278687 -0.198863 -0.104031 -0.022694 0.056052 0.100938 0.152529 0.192422 0.224079 0.255665 0.270091 0.295306 0.302190 0.319271 0.325463 0.335396 0.339880 0.345103 0.349285 0.352420 0.356943 0.359752 0.359174 0.365297 0.361838 0.375338 0.405025
-0.121853 -0.109813 -0.138300 -0.138667 -0.145072 -0.152574 -0.162185 -0.173290 -0.186095 -0.200355 -0.215937 -0.232567 -0.249815 -0.267261 -0.284276 -0.300398 -0.314389 -0.325810 -0.332079 -0.333063 -0.324126 -0.305493 -0.273298 -0.225922 -0.172152 -0.098207 -0.041088 0.020326 0.069392 0.113249 0.151191 0.182943 0.209869 0.232943 0.251490 0.267316 0.280773 0.291129 0.300311 0.307363 0.313436 0.318401 0.322215 0.325897 0.327119 0.330784 0.330834 0.330316 0.323086 0.331181
-0.115279 -0.106446 -0.133422 -0.138555 -0.145602 -0.154656 -0.164679 -0.165064 -0.176590 -0.189008 -0.202085 -0.215855 -0.229923 -0.243888 -0.257134 -0.269150 -0.278899 -0.285843 -0.288076 -0.285318 -0.274385 -0.256018 -0.226364 -0.189181 -0.142808 -0.086630 -0.036056 0.016381 0.057710 0.098377 0.131522 0.160279 0.186447 0.206835 0.225960 0.240280 0.253553 0.263887 0.273215 0.280658 0.287106 0.292618 0.297041 0.301381 0.303999 0.307483 0.308972 0.309506 0.321461 0.310399
-0.110057 -0.117193 -0.130249 -0.130581 -0.135471 -0.141302 -0.148602 -0.156921 -0.166343 -0.176602 -0.187539 -0.198866 -0.210242 -0.221267 -0.231411 -0.240168 -0.246709 -0.250455 -0.250109 -0.245175 -0.233968 -0.216260 -0.191291 -0.159155 -0.123284 -0.078569 -0.038257 0.004129 0.041623 0.076431 0.106412 0.133621 0.157240 0.177410 0.195074 0.210011 0.223012 0.234259 0.243954 0.252337 0.259438 0.265227 0.270151 0.274267 0.277106 0.280434 0.281856 0.281161 0.315316 0.299952
-0.110058 -0.106136 -0.123359 -0.127224 -0.132198 -0.138439 -0.145767 -0.153999 -0.154047 -0.162981 -0.172280 -0.181705 -0.190897 -0.199568 -0.207157 -0.213348 -0.217441 -0.218912 -0.216837 -0.210770 -0.199647 -0.183364 -0.161377 -0.134492 -0.103882 -0.067815 -0.032970 0.002679 0.034661 0.065920 0.092723 0.117085 0.138814 0.157833 0.174609 0.188920 0.201401 0.212020 0.221202 0.229015 0.235678 0.241391 0.246110 0.250286 0.253440 0.256445 0.258346 0.258634 0.295324 0.284687
-0.098500 -0.108162 -0.116915 -0.116939 -0.120796 -0.125100 -0.130446 -0.136427 -0.143090 -0.150194 -0.157586 -0.165009 -0.172182 -0.178773 -0.184384 -0.188603 -0.190903 -0.190830 -0.187738 -0.181240 -0.170730 -0.156042 -0.137175 -0.114391 -0.089145 -0.059788 -0.030791 -0.001209 0.026582 0.053806 0.077707 0.099669 0.119468 0.137131 0.152759 0.166378 0.178273 0.188544 0.197432 0.205066 0.211594 0.217188 0.221853 0.225875 0.229033 0.231803 0.233749 0.233789 0.268441 0.251916
-0.100361 -0.096497 -0.108853 -0.108969 -0.112090 -0.115728 -0.120206 -0.125200 -0.130721 -0.136549 -0.142539 -0.148457 -0.154054 -0.159038 -0.163071 -0.165802 -0.166813 -0.165727 -0.162084 -0.155577 -0.145833 -0.132744 -0.116366 -0.097027 -0.075554 -0.051220 -0.026479 -0.001459 0.022313 0.045762 0.066700 0.086104 0.103755 0.119709 0.133967 0.146547 0.157615 0.167274 0.175683 0.182960 0.189219 0.194598 0.199123 0.202989 0.206096 0.208683 0.210606 0.210850 0.223557 0.219931
-0.091379 -0.088459 -0.099772 -0.100061 -0.102464 -0.105573 -0.109287 -0.113425 -0.117957 -0.122692 -0.127497 -0.132166 -0.136479 -0.140187 -0.143004 -0.144638 -0.144761 -0.143066 -0.139229 -0.133011 -0.124191 -0.112698 -0.098645 -0.082290 -0.064262 -0.044108 -0.023321 -0.002358 0.017990 0.038127 0.056410 0.073454 0.089117 0.103419 0.116297 0.127771 0.137932 0.146868 0.154686 0.161489 0.167365 0.172423 0.176699 0.180329 0.183277 0.185658 0.187513 0.187688 0.211659 0.181700
-0.081356 -0.082439 -0.090187 -0.090395 -0.092416 -0.094978 -0.098037 -0.101422 -0.105103 -0.108913 -0.112728 -0.116376 -0.119656 -0.122370 -0.124269 -0.125121 -0.124665 -0.122656 -0.118865 -0.113106 -0.105252 -0.095259 -0.083224 -0.069396 -0.054191 -0.037383 -0.019862 -0.002233 0.015039 0.032183 0.047949 0.062728 0.076417 0.089024 0.100460 0.110730 0.119881 0.127986 0.135113 0.141345 0.146753 0.151421 0.155385 0.158751 0.161488 0.163714 0.165326 0.165565 0.186973 0.186233
-0.069991 -0.077657 -0.079714 -0.079851 -0.081550 -0.083673 -0.086173 -0.088907 -0.091857 -0.094882 -0.097870 -0.100684 -0.103132 -0.105082 -0.106301 -0.106617 -0.105829 -0.103728 -0.100172 -0.095002 -0.088167 -0.079628 -0.069467 -0.057900 -0.045259 -0.031366 -0.016806 -0.002156 0.012326 0.026736 0.040138 0.052748 0.064527 0.075448 0.085409 0.094420 0.102486 0.109675 0.116022 0.121596 0.126452 0.130657 0.134228 0.137281 0.139724 0.141713 0.143198 0.143343 0.162873 0.136556
-0.061321 -0.068675 -0.069183 -0.069051 -0.070772 -0.072409 -0.074427 -0.076607 -0.078935 -0.081332 -0.083632 -0.085801 -0.087611 -0.088993 -0.089733 -0.089718 -0.088779 -0.086738 -0.083532 -0.079002 -0.073161 -0.065978 -0.057485 -0.047890 -0.037467 -0.026042 -0.014019 -0.001909 0.010117 0.022125 0.033357 0.043984 0.053976 0.063294 0.071826 0.079590 0.086557 0.092815 0.098350 0.103222 0.107486 0.111182 0.114344 0.117052 0.119243 0.121080 0.122130 0.122333 0.139389 0.171861
-0.052948 -0.060595 -0.057682 -0.057798 -0.058986 -0.060243 -0.061813 -0.063476 -0.065247 -0.067045 -0.068781 -0.070405 -0.071645 -0.072633 -0.073019 -0.072800 -0.071888 -0.070026 -0.067289 -0.063463 -0.058710 -0.052881 -0.046012 -0.038258 -0.029980 -0.020838 -0.011252 -0.001582 0.008063 0.017685 0.026771 0.035372 0.043548 0.051173 0.058175 0.064623 0.070402 0.075634 0.080276 0.084378 0.088006 0.091160 0.093844 0.096285 0.097955 0.099320 0.100611 0.100514 0.117422 0.111197
-0.042915 -0.051551 -0.046843 -0.047218 -0.047883 -0.049023 -0.049998 -0.051376 -0.052619 -0.054149 -0.055329 -0.056656 -0.057589 -0.058254 -0.058471 -0.058232 -0.057452 -0.055796 -0.053573 -0.050399 -0.046540 -0.042048 -0.036491 -0.030348 -0.023994 -0.016777 -0.009165 -0.001455 0.006191 0.013933 0.021038 0.027960 0.034596 0.040796 0.046473 0.051730 0.056367 0.060706 0.064497 0.067788 0.070750 0.073281 0.075550 0.077410 0.078709 0.080283 0.080990 0.079656 0.097870 0.090828
-0.041715 -0.036892 -0.045974 -0.034313 -0.035335 -0.035837 -0.036718 -0.037455 -0.038297 -0.039051 -0.040036 -0.041026 -0.041199 -0.042026 -0.041912 -0.041552 -0.041155 -0.039759 -0.038094 -0.035519 -0.033225 -0.029984 -0.025911 -0.021439 -0.017031 -0.011747 -0.006417 -0.000980 0.004475 0.009817 0.015006 0.019936 0.024718 0.029116 0.033060 0.036996 0.040389 0.043564 0.046397 0.048895 0.051270 0.053223 0.055038 0.056341 0.057573 0.058519 0.059245 0.079516 0.073865 0.065694
-0.027083 -0.025941 -0.033827 -0.033620 -0.034317 -0.034903 -0.035594 -0.036430 -0.037239 -0.038204 -0.039005 -0.039831 -0.040360 -0.040819 -0.040878 -0.040641 -0.040051 -0.038834 -0.037236 -0.035002 -0.032336 -0.029225 -0.025304 -0.021059 -0.016520 -0.011501 -0.006322 -0.000990 0.004315 0.009557 0.014560 0.019369 0.024028 0.028308 0.032257 0.036055 0.039281 0.042425 0.045106 0.047426 0.049622 0.051452 0.053132 0.054523 0.055773 0.056885 0.055723 0.057869 0.050858 0.042744
-0.012226 -0.019843 -0.012244 -0.012928 -0.008862 -0.011232 -0.009436 -0.008953 -0.008909 -0.011567 -0.023237 -0.009171 -0.025018 -0.026665 -0.027992 -0.027885 -0.029666 -0.029360 -0.028300 -0.026675 -0.021939 -0.027108 -0.021557 -0.019254 0.009495 -0.021013 -0.016161 -0.014797 -0.011510 -0.011424 -0.008258 -0.006121 -0.004397 -0.003821 -0.001126 0.001034 0.027043 0.029495 0.030701 0.030771 0.009251 0.032590 0.033556 0.032520 0.032865 0.017429 0.032178 0.028791 0.038277 0.039579
-0.011304 0.000919 -0.002092 -0.001747 -0.002580 -0.008129 -0.008404 -0.000517 -0.005857 -0.003407 0.000051 0.015724 -0.001815 -0.013189 0.007040 0.000554 0.029853 0.030418 -0.017093 -0.018201 -0.018834 -0.021194 0.005829 0.006501 -0.001841 -0.017678 -0.007842 0.007136 -0.020541 0.007809 0.007634 -0.001390 0.007468 0.009366 -0.001015 -0.015977 -0.005232 -0.007672 0.007229 0.015899 0.003061 0.001130 0.013852 0.000607 0.013957 -0.001385 0.003431 0.003292 0.001581 0.010098
