-0.001048 -0.001730 -0.001140 -0.000624 -0.000832 0.001095 -0.002016 -0.005365 0.001673 -0.003930 0.000066 -0.007107 -0.002602 0.001840 0.000075 0.002070 -0.000655 0.002278 0.005654 -0.000695 -0.001494 0.002611 0.002680 0.001140 -0.001999 0.001989 0.002896 0.002691 0.002970 0.005540 0.003017 -0.001414 0.001648 0.005393 0.002478 -0.001145 -0.005063 0.018128 0.001998 -0.001228 -0.000215 0.013763 0.005544 0.012641 0.006538 0.007033 0.006091 0.006228 0.005911 0.005818
-0.007891 -0.005808 -0.004824 -0.004535 -0.004256 -0.004006 -0.003738 -0.009066 -0.003156 -0.002998 -0.010150 -0.001771 -0.001400 -0.011111 -0.011394 -0.011586 -0.011794 -0.012005 -0.013608 -0.013910 -0.012562 -0.014414 -0.014635 -0.012991 -0.013091 0.000932 -0.013244 -0.013307 -0.015439 -0.015462 -0.015448 -0.015416 -0.015365 -0.015295 -0.015182 -0.015015 0.005867 0.006382 0.006859 0.007274 0.008535 0.009136 0.010942 0.008606 0.010413 0.008611 0.014134 0.011148 -0.001238 -0.001639
-0.009138 -0.012953 -0.013563 -0.013241 -0.013621 -0.013548 -0.013611 -0.013644 -0.013684 -0.013771 -0.013872 -0.013935 -0.014015 -0.014077 -0.014131 -0.014166 -0.014185 -0.014183 -0.014159 -0.014108 -0.014032 -0.013928 -0.013793 -0.013625 -0.013417 -0.013166 -0.012874 -0.012546 -0.012185 -0.011794 -0.011367 -0.010931 -0.010396 -0.009935 -0.009447 -0.008870 -0.008303 -0.007724 -0.007119 -0.006544 -0.005902 -0.005415 -0.004659 -0.004508 -0.003732 -0.004724 -0.004415 -0.004015 -0.012270 -0.001895
-0.013690 -0.017558 -0.018463 -0.013888 -0.013925 -0.013984 -0.014035 -0.014139 -0.014177 -0.014275 -0.014367 -0.014420 -0.014486 -0.014536 -0.014584 -0.014612 -0.014625 -0.014620 -0.014594 -0.014539 -0.014452 -0.014333 -0.014181 -0.013995 -0.013771 -0.013505 -0.013206 -0.012869 -0.012497 -0.012086 -0.011637 -0.011140 -0.010583 -0.010165 -0.009693 -0.009125 -0.008510 -0.007916 -0.007306 -0.006747 -0.006100 -0.005684 -0.004598 -0.004465 -0.002952 -0.003277 -0.000988 -0.003108 0.008051 -0.003613
-0.028520 -0.022013 -0.018635 -0.018926 -0.019043 -0.018955 -0.019199 -0.019235 -0.019429 -0.019554 -0.019694 -0.019816 -0.019940 -0.020047 -0.020134 -0.020198 -0.020237 -0.020244 -0.020215 -0.020149 -0.020044 -0.019896 -0.019701 -0.019457 -0.019162 -0.018814 -0.018413 -0.017962 -0.017463 -0.016921 -0.016335 -0.015725 -0.015040 -0.014309 -0.013542 -0.012752 -0.011955 -0.011136 -0.010286 -0.009441 -0.008562 -0.007708 -0.006648 -0.006090 -0.004755 -0.004551 -0.002175 -0.001696 0.002155 0.004263
-0.024831 -0.027679 -0.023241 -0.023270 -0.023345 -0.023469 -0.023602 -0.023749 -0.023912 -0.024065 -0.024233 -0.024381 -0.024529 -0.024658 -0.024769 -0.024852 -0.024905 -0.024919 -0.024892 -0.024817 -0.024690 -0.024508 -0.024267 -0.023965 -0.023598 -0.023165 -0.022668 -0.022105 -0.021482 -0.020799 -0.020058 -0.019264 -0.018416 -0.017541 -0.016625 -0.015661 -0.014666 -0.013648 -0.012618 -0.011568 -0.010543 -0.009411 -0.008950 -0.007505 -0.006035 -0.005109 -0.004780 -0.004185 -0.013175 0.003739
-0.029520 -0.032708 -0.027961 -0.028065 -0.028242 -0.028197 -0.028527 -0.028591 -0.028899 -0.029097 -0.029315 -0.029518 -0.029716 -0.029893 -0.030046 -0.030165 -0.030245 -0.030279 -0.030259 -0.030181 -0.030039 -0.029828 -0.029545 -0.029186 -0.028748 -0.028231 -0.027632 -0.026956 -0.026203 -0.025377 -0.024481 -0.023522 -0.022495 -0.021413 -0.020279 -0.019099 -0.017883 -0.016631 -0.015352 -0.014048 -0.012728 -0.011399 -0.010072 -0.008692 -0.007294 -0.006152 -0.003679 -0.004211 -0.013849 0.003197
-0.031162 -0.037782 -0.032549 -0.032545 -0.032632 -0.032866 -0.033036 -0.033303 -0.033577 -0.033809 -0.034074 -0.034324 -0.034568 -0.034790 -0.034984 -0.035139 -0.035248 -0.035301 -0.035293 -0.035214 -0.035059 -0.034822 -0.034498 -0.034083 -0.033575 -0.032972 -0.032275 -0.031483 -0.030601 -0.029630 -0.028577 -0.027446 -0.026242 -0.024974 -0.023648 -0.022268 -0.020845 -0.019385 -0.017905 -0.016392 -0.014916 -0.013337 -0.012077 -0.010169 -0.008932 -0.006983 -0.005338 -0.005292 -0.013966 0.001507
-0.035009 -0.041836 -0.037142 -0.037142 -0.037360 -0.037515 -0.037822 -0.038057 -0.038394 -0.038702 -0.039024 -0.039339 -0.039643 -0.039924 -0.040171 -0.040373 -0.040522 -0.040606 -0.040616 -0.040545 -0.040383 -0.040125 -0.039765 -0.039297 -0.038720 -0.038032 -0.037233 -0.036323 -0.035306 -0.034186 -0.032968 -0.031658 -0.030263 -0.028792 -0.027251 -0.025649 -0.023996 -0.022297 -0.020565 -0.018801 -0.017020 -0.015216 -0.013396 -0.011529 -0.009701 -0.007820 -0.005881 -0.005709 0.008207 -0.007301
-0.032983 -0.047619 -0.041669 -0.041658 -0.041788 -0.042106 -0.042372 -0.042740 -0.043112 -0.043482 -0.043871 -0.044255 -0.044628 -0.044974 -0.045283 -0.045541 -0.045738 -0.045860 -0.045897 -0.045839 -0.045677 -0.045403 -0.045010 -0.044493 -0.043849 -0.043076 -0.042174 -0.041144 -0.039989 -0.038715 -0.037329 -0.035836 -0.034247 -0.032569 -0.030814 -0.028989 -0.027108 -0.025179 -0.023214 -0.021217 -0.019213 -0.017176 -0.015173 -0.012967 -0.011272 -0.008759 -0.006591 -0.006454 0.000460 -0.000769
-0.041499 -0.051505 -0.046122 -0.046103 -0.046366 -0.046672 -0.047028 -0.047428 -0.047858 -0.048311 -0.048779 -0.049245 -0.049698 -0.050123 -0.050507 -0.050834 -0.051090 -0.051262 -0.051336 -0.051302 -0.051147 -0.050864 -0.050443 -0.049880 -0.049199 -0.048312 -0.047305 -0.046151 -0.044854 -0.043419 -0.041855 -0.040170 -0.038375 -0.036479 -0.034494 -0.032432 -0.030306 -0.028125 -0.025902 -0.023644 -0.021364 -0.019064 -0.016749 -0.014358 -0.011999 -0.009675 -0.007476 -0.007065 0.000135 -0.000153
-0.063164 -0.056888 -0.050525 -0.050483 -0.050766 -0.051140 -0.051557 -0.052035 -0.052552 -0.053094 -0.053655 -0.054215 -0.054764 -0.055282 -0.055754 -0.056163 -0.056492 -0.056727 -0.056850 -0.056849 -0.056712 -0.056426 -0.055984 -0.055378 -0.054645 -0.053661 -0.052548 -0.051267 -0.049822 -0.048220 -0.046471 -0.044585 -0.042573 -0.040450 -0.038227 -0.035919 -0.033540 -0.031103 -0.028622 -0.026108 -0.023573 -0.021021 -0.018446 -0.015790 -0.013534 -0.010631 -0.008006 -0.007720 -0.000064 -0.006364
-0.050121 -0.054522 -0.054711 -0.055037 -0.055468 -0.056005 -0.056067 -0.056661 -0.057244 -0.057869 -0.058510 -0.059164 -0.059809 -0.060436 -0.061016 -0.061540 -0.061960 -0.062292 -0.062506 -0.062572 -0.062483 -0.062159 -0.061702 -0.061059 -0.060256 -0.059196 -0.057973 -0.056559 -0.054959 -0.053182 -0.051237 -0.049138 -0.046898 -0.044532 -0.042088 -0.039498 -0.036820 -0.034069 -0.031253 -0.028390 -0.025487 -0.022587 -0.019809 -0.019691 -0.016819 -0.013785 -0.010852 -0.007978 -0.005650 -0.003042
-0.079209 -0.065170 -0.059055 -0.059010 -0.059425 -0.059913 -0.060497 -0.061150 -0.061867 -0.062628 -0.063419 -0.064218 -0.065007 -0.065763 -0.066465 -0.067090 -0.067616 -0.068023 -0.068288 -0.068394 -0.068323 -0.068062 -0.067598 -0.066922 -0.066072 -0.064915 -0.063580 -0.062029 -0.060266 -0.058303 -0.056151 -0.053825 -0.051342 -0.048719 -0.045975 -0.043130 -0.040203 -0.037213 -0.034177 -0.031111 -0.028027 -0.024940 -0.021854 -0.018705 -0.015440 -0.012510 -0.009423 -0.009193 -0.007088 -0.001240
-0.084058 -0.069365 -0.063174 -0.063127 -0.063616 -0.064177 -0.064859 -0.065621 -0.066462 -0.067356 -0.068289 -0.069236 -0.070176 -0.071083 -0.071931 -0.072696 -0.073351 -0.073872 -0.074234 -0.074418 -0.074402 -0.074170 -0.073708 -0.073005 -0.072103 -0.070856 -0.069406 -0.067710 -0.065776 -0.063614 -0.061240 -0.058672 -0.055927 -0.053028 -0.049998 -0.046858 -0.043631 -0.040341 -0.037006 -0.033646 -0.030270 -0.026903 -0.023529 -0.020134 -0.016771 -0.013482 -0.010502 -0.009542 0.007128 -0.001504
-0.063357 -0.073461 -0.067159 -0.067117 -0.067686 -0.068335 -0.069129 -0.070016 -0.070999 -0.072047 -0.073144 -0.074262 -0.075377 -0.076459 -0.077480 -0.078409 -0.079217 -0.079876 -0.080358 -0.080638 -0.080693 -0.080504 -0.080054 -0.079332 -0.078388 -0.077044 -0.075475 -0.073626 -0.071509 -0.069135 -0.066523 -0.063692 -0.060666 -0.057469 -0.054129 -0.050672 -0.047124 -0.043515 -0.039863 -0.036193 -0.032516 -0.028861 -0.025199 -0.021551 -0.018267 -0.014480 -0.010432 -0.010410 -0.007747 -0.001684
-0.093189 -0.077376 -0.071007 -0.070974 -0.071626 -0.072376 -0.073296 -0.074324 -0.075468 -0.076692 -0.077978 -0.079294 -0.080611 -0.081898 -0.083120 -0.084243 -0.085234 -0.086058 -0.086683 -0.087082 -0.087228 -0.087097 -0.086672 -0.085938 -0.084953 -0.083514 -0.081820 -0.079811 -0.077497 -0.074894 -0.072023 -0.068907 -0.065575 -0.062054 -0.058377 -0.054577 -0.050685 -0.046731 -0.042741 -0.038744 -0.034755 -0.030809 -0.026909 -0.022992 -0.018920 -0.015314 -0.011288 -0.011161 -0.008173 -0.001421
-0.097367 -0.081085 -0.074689 -0.074666 -0.075413 -0.076275 -0.077337 -0.078527 -0.079854 -0.081279 -0.082781 -0.084324 -0.085877 -0.087402 -0.088859 -0.090210 -0.091415 -0.092436 -0.093234 -0.093778 -0.094036 -0.093982 -0.093595 -0.092859 -0.091835 -0.090303 -0.088479 -0.086297 -0.083772 -0.080920 -0.077767 -0.074340 -0.070670 -0.066795 -0.062750 -0.058575 -0.054308 -0.049982 -0.045629 -0.041283 -0.036959 -0.032694 -0.028472 -0.024336 -0.020176 -0.016189 -0.011904 -0.011767 -0.008511 -0.001676
-0.101276 -0.084579 -0.078180 -0.078167 -0.079023 -0.080009 -0.081232 -0.082603 -0.084139 -0.085793 -0.087542 -0.089348 -0.091172 -0.092973 -0.094705 -0.096323 -0.097781 -0.099034 -0.100039 -0.100758 -0.101154 -0.101199 -0.100866 -0.100138 -0.099081 -0.097453 -0.095491 -0.093125 -0.090370 -0.087246 -0.083783 -0.080012 -0.075972 -0.071705 -0.067255 -0.062670 -0.057991 -0.053261 -0.048517 -0.043798 -0.039117 -0.034522 -0.029960 -0.025639 -0.021224 -0.017041 -0.012767 -0.012235 0.006705 -0.007829
-0.076885 -0.087849 -0.081446 -0.081447 -0.082429 -0.083552 -0.084955 -0.086530 -0.088302 -0.090215 -0.092248 -0.094354 -0.096492 -0.098613 -0.100665 -0.102595 -0.104350 -0.105878 -0.107129 -0.108057 -0.108622 -0.108789 -0.108529 -0.107821 -0.106736 -0.105012 -0.102905 -0.100340 -0.097333 -0.093910 -0.090104 -0.085952 -0.081500 -0.076797 -0.071898 -0.066859 -0.061727 -0.056555 -0.051386 -0.046267 -0.041208 -0.036272 -0.031368 -0.026863 -0.022237 -0.017838 -0.013207 -0.012724 -0.008794 -0.000098
-0.079685 -0.090867 -0.084461 -0.084472 -0.085599 -0.086870 -0.088475 -0.090278 -0.092316 -0.094524 -0.096880 -0.099331 -0.101830 -0.104322 -0.106746 -0.109042 -0.111146 -0.112998 -0.114539 -0.115718 -0.116486 -0.116803 -0.116637 -0.115963 -0.114857 -0.113035 -0.110774 -0.107992 -0.104710 -0.100956 -0.096767 -0.092190 -0.087277 -0.082088 -0.076688 -0.071140 -0.065505 -0.059848 -0.054214 -0.048665 -0.043204 -0.037913 -0.032675 -0.027950 -0.023058 -0.018493 -0.013823 -0.013221 0.006598 -0.003715
-0.087335 -0.093629 -0.087181 -0.087199 -0.088485 -0.089932 -0.091761 -0.093817 -0.096153 -0.098693 -0.101416 -0.104262 -0.107179 -0.110100 -0.112958 -0.115680 -0.118192 -0.120426 -0.122310 -0.123786 -0.124796 -0.125297 -0.125249 -0.124626 -0.123503 -0.121584 -0.119159 -0.116141 -0.112555 -0.108432 -0.103816 -0.098761 -0.093329 -0.087590 -0.081626 -0.075507 -0.069311 -0.063114 -0.056973 -0.050957 -0.045069 -0.039411 -0.033828 -0.028952 -0.023608 -0.019043 -0.014228 -0.013541 0.006630 0.002139
-0.089906 -0.096004 -0.089604 -0.089598 -0.091054 -0.092677 -0.094759 -0.097105 -0.099773 -0.102691 -0.105831 -0.109129 -0.112525 -0.115944 -0.119306 -0.122527 -0.125518 -0.128201 -0.130488 -0.132316 -0.133615 -0.134337 -0.134435 -0.133881 -0.132751 -0.130734 -0.128132 -0.124857 -0.120934 -0.116399 -0.111304 -0.105708 -0.099687 -0.093326 -0.086718 -0.079954 -0.073125 -0.066327 -0.059625 -0.053102 -0.046759 -0.040714 -0.034764 -0.029718 -0.024150 -0.019475 -0.014557 -0.013782 -0.009588 -0.000603
-0.084127 -0.097873 -0.091617 -0.091663 -0.093248 -0.095101 -0.097429 -0.100099 -0.103137 -0.106477 -0.110089 -0.113901 -0.117850 -0.121846 -0.125796 -0.129601 -0.133152 -0.136362 -0.139122 -0.141366 -0.143005 -0.143990 -0.144267 -0.143803 -0.142570 -0.140559 -0.137769 -0.134211 -0.129915 -0.124918 -0.119281 -0.113070 -0.106379 -0.099307 -0.091964 -0.084463 -0.076916 -0.069443 -0.062119 -0.055044 -0.048220 -0.041776 -0.035478 -0.030232 -0.024460 -0.019682 -0.014720 -0.013896 -0.009695 -0.007522
-0.092355 -0.097820 -0.093248 -0.093282 -0.095046 -0.097119 -0.099741 -0.102745 -0.106191 -0.109998 -0.114146 -0.118551 -0.123137 -0.127801 -0.132438 -0.136929 -0.141137 -0.144970 -0.148284 -0.151018 -0.153056 -0.154355 -0.154845 -0.154498 -0.153277 -0.151170 -0.148180 -0.144313 -0.139603 -0.134087 -0.127838 -0.120926 -0.113466 -0.105573 -0.097377 -0.089027 -0.080654 -0.072413 -0.064391 -0.056714 -0.049376 -0.042529 -0.035887 -0.030438 -0.024483 -0.019716 -0.014753 -0.013833 -0.002157 -0.000662
-0.093437 -0.099972 -0.094392 -0.094422 -0.096417 -0.098686 -0.101627 -0.104990 -0.108881 -0.113203 -0.117941 -0.123007 -0.128335 -0.133785 -0.139220 -0.144516 -0.149494 -0.154059 -0.158018 -0.161327 -0.163829 -0.165495 -0.166238 -0.166033 -0.164962 -0.162634 -0.159428 -0.155219 -0.150050 -0.143949 -0.137008 -0.129292 -0.120948 -0.112105 -0.102923 -0.093589 -0.084260 -0.075146 -0.066339 -0.058002 -0.050116 -0.042874 -0.035900 -0.030222 -0.024162 -0.019327 -0.014523 -0.013539 -0.009596 -0.000898
-0.091389 -0.100235 -0.095007 -0.095049 -0.097253 -0.099752 -0.103009 -0.106761 -0.111134 -0.116026 -0.121436 -0.127259 -0.133426 -0.139780 -0.146179 -0.152442 -0.158317 -0.163760 -0.168466 -0.172458 -0.175496 -0.177598 -0.178637 -0.178614 -0.177462 -0.175171 -0.171746 -0.167172 -0.161503 -0.154749 -0.147026 -0.138383 -0.129015 -0.119048 -0.108694 -0.098194 -0.087731 -0.077597 -0.067887 -0.058813 -0.050337 -0.042665 -0.035407 -0.029535 -0.023464 -0.018733 -0.014100 -0.012963 0.007932 -0.003061
-0.082357 -0.099920 -0.095049 -0.095102 -0.097500 -0.100228 -0.103800 -0.107950 -0.112830 -0.118337 -0.124498 -0.131182 -0.138323 -0.145726 -0.153218 -0.160595 -0.167556 -0.174023 -0.179599 -0.184385 -0.188032 -0.190602 -0.191989 -0.192172 -0.191075 -0.188685 -0.185018 -0.180035 -0.173808 -0.166314 -0.157705 -0.148001 -0.137453 -0.126185 -0.114468 -0.102609 -0.090813 -0.079515 -0.068790 -0.058924 -0.049847 -0.041776 -0.034284 -0.028228 -0.022209 -0.017635 -0.013178 -0.012044 -0.009244 0.000056
-0.081905 -0.098912 -0.094461 -0.094529 -0.097093 -0.100052 -0.103928 -0.108485 -0.113896 -0.120069 -0.127066 -0.134732 -0.143055 -0.151743 -0.160568 -0.169341 -0.177483 -0.185265 -0.191784 -0.197550 -0.201885 -0.205103 -0.206829 -0.207313 -0.206298 -0.203853 -0.199976 -0.194595 -0.187802 -0.179510 -0.169924 -0.158981 -0.147051 -0.134185 -0.120768 -0.107218 -0.093770 -0.081037 -0.069107 -0.058310 -0.048596 -0.040108 -0.032463 -0.026305 -0.020375 -0.016017 -0.011969 -0.010861 -0.008654 0.000216
-0.080202 -0.097222 -0.093183 -0.093284 -0.095950 -0.099116 -0.103264 -0.108204 -0.114137 -0.120975 -0.128846 -0.137562 -0.147196 -0.157336 -0.167811 -0.178037 -0.187837 -0.196897 -0.204698 -0.211508 -0.216674 -0.220118 -0.222535 -0.223244 -0.222401 -0.219736 -0.215587 -0.209716 -0.202260 -0.193046 -0.182352 -0.170016 -0.156505 -0.141849 -0.126498 -0.111023 -0.095569 -0.081277 -0.068015 -0.056334 -0.046021 -0.037259 -0.029627 -0.023561 -0.017937 -0.013813 -0.010246 -0.009260 -0.007743 -0.001300
-0.083627 -0.094747 -0.091180 -0.091297 -0.094028 -0.097364 -0.101756 -0.107063 -0.113532 -0.121100 -0.129995 -0.139960 -0.151240 -0.163212 -0.175730 -0.188430 -0.199215 -0.210807 -0.219132 -0.227593 -0.233352 -0.238470 -0.240840 -0.242148 -0.241618 -0.238765 -0.234501 -0.228308 -0.220331 -0.210222 -0.198385 -0.184403 -0.169005 -0.151967 -0.133962 -0.115818 -0.097831 -0.081265 -0.066399 -0.053406 -0.042669 -0.033368 -0.025788 -0.019944 -0.014792 -0.011050 -0.008101 -0.007269 -0.006783 -0.001412
-0.118069 -0.091496 -0.088391 -0.088505 -0.091248 -0.094651 -0.099167 -0.104696 -0.111552 -0.119693 -0.129517 -0.140673 -0.153707 -0.167606 -0.182660 -0.197581 -0.210952 -0.223905 -0.234277 -0.243709 -0.250993 -0.255592 -0.258945 -0.260217 -0.259083 -0.256782 -0.252162 -0.245383 -0.236623 -0.225450 -0.212286 -0.196584 -0.179132 -0.159680 -0.138871 -0.118033 -0.096347 -0.077919 -0.061293 -0.047601 -0.036280 -0.027391 -0.020237 -0.014974 -0.010620 -0.007535 -0.005447 -0.004775 0.013259 0.000808
-0.082109 -0.087499 -0.084824 -0.084934 -0.087626 -0.091032 -0.095609 -0.101348 -0.108584 -0.117418 -0.128368 -0.141093 -0.156659 -0.173335 -0.192166 -0.210875 -0.224393 -0.242445 -0.251747 -0.265993 -0.271740 -0.280146 -0.281731 -0.285198 -0.284739 -0.282059 -0.277675 -0.270977 -0.262021 -0.250054 -0.235694 -0.217880 -0.197775 -0.174651 -0.149329 -0.123460 -0.098367 -0.075136 -0.056742 -0.040748 -0.029881 -0.020124 -0.013605 -0.009024 -0.005609 -0.003479 -0.002376 -0.001894 0.015446 -0.003438
-0.077839 -0.082851 -0.080411 -0.080500 -0.083012 -0.086214 -0.090566 -0.096082 -0.103293 -0.112124 -0.123695 -0.137328 -0.155083 -0.174383 -0.197603 -0.220338 -0.237922 -0.255343 -0.269085 -0.282325 -0.292758 -0.298255 -0.301391 -0.303997 -0.301532 -0.300584 -0.295397 -0.288030 -0.278179 -0.265394 -0.249707 -0.230218 -0.207883 -0.181628 -0.152157 -0.122605 -0.088309 -0.064990 -0.044448 -0.028293 -0.017541 -0.009793 -0.004184 -0.001190 0.000736 0.001533 0.001384 0.001522 -0.003368 -0.001073
-0.063756 -0.077528 -0.075294 -0.075352 -0.077602 -0.080531 -0.084604 -0.090108 -0.097048 -0.106523 -0.118722 -0.134193 -0.155473 -0.178842 -0.210748 -0.239748 -0.259343 -0.281426 -0.294783 -0.314466 -0.326331 -0.333497 -0.334215 -0.337950 -0.339555 -0.336009 -0.332939 -0.326409 -0.317253 -0.304074 -0.287001 -0.265376 -0.238899 -0.207333 -0.170498 -0.129283 -0.088612 -0.054310 -0.036168 -0.014658 -0.005682 0.002502 0.005505 0.007436 0.007366 0.006976 0.005164 0.005282 -0.000632 0.001423
-0.059699 -0.076143 -0.069395 -0.069433 -0.071197 -0.073512 -0.076856 -0.081061 -0.087469 -0.094771 -0.107210 -0.120992 -0.144877 -0.171768 -0.211694 -0.249223 -0.271763 -0.295945 -0.311547 -0.327716 -0.337284 -0.347101 -0.345964 -0.353439 -0.346315 -0.343594 -0.345326 -0.330697 -0.324440 -0.307137 -0.294179 -0.270336 -0.246985 -0.209949 -0.172976 -0.124642 -0.059383 -0.033803 -0.002017 0.004996 0.014910 0.018270 0.019853 0.018223 0.016033 0.013371 0.010085 0.009456 0.006902 0.001679
-0.072454 -0.069864 -0.063000 -0.063023 -0.064221 -0.065851 -0.068260 -0.071790 -0.076497 -0.084368 -0.094358 -0.110847 -0.134914 -0.172011 -0.228569 -0.273613 -0.315858 -0.345950 -0.368284 -0.388870 -0.398983 -0.405950 -0.404661 -0.409689 -0.416569 -0.407235 -0.404133 -0.398738 -0.390341 -0.378846 -0.361237 -0.338542 -0.303540 -0.261189 -0.203017 -0.131489 -0.041508 -0.001938 0.016863 0.033218 0.033725 0.036510 0.032360 0.029115 0.022966 0.019588 0.013256 0.013790 0.008455 -0.000507
-0.081559 -0.063223 -0.056116 -0.056107 -0.056560 -0.057219 -0.058418 -0.059537 -0.063570 -0.064254 -0.074873 -0.079642 -0.105807 -0.143595 -0.234844 -0.308007 -0.333789 -0.367111 -0.384333 -0.395391 -0.404672 -0.407260 -0.407875 -0.412901 -0.405613 -0.412966 -0.411156 -0.409179 -0.404581 -0.393933 -0.380957 -0.357279 -0.335284 -0.281094 -0.231142 -0.129822 0.022375 0.055799 0.076618 0.068446 0.067070 0.057569 0.050545 0.041542 0.033521 0.025861 0.019148 0.018039 -0.006291 -0.000069
-0.045415 -0.056124 -0.049153 -0.049106 -0.048863 -0.048619 -0.048412 -0.048056 -0.047753 -0.046563 -0.050994 -0.048055 -0.068481 -0.116816 -0.248900 -0.338402 -0.409190 -0.435750 -0.461528 -0.483722 -0.493243 -0.495436 -0.487287 -0.478381 -0.513798 -0.477106 -0.474479 -0.472515 -0.467514 -0.462310 -0.451676 -0.438909 -0.406948 -0.364666 -0.272162 -0.117011 0.070505 0.125338 0.132956 0.111036 0.095650 0.079525 0.064946 0.052336 0.038700 0.031764 0.021548 0.021729 0.011978 0.001119
-0.043695 -0.049065 -0.042218 -0.042125 -0.041133 -0.039866 -0.038221 -0.035983 -0.032909 -0.024766 -0.015181 0.001466 -0.005504 -0.194357 -0.443711 -0.473425 -0.516418 -0.520181 -0.518778 -0.531419 -0.507463 -0.532002 -0.523064 -0.522550 -0.529806 -0.534437 -0.525235 -0.527777 -0.528860 -0.529002 -0.527093 -0.490860 -0.513248 -0.488891 -0.374968 -0.225985 0.004178 0.230025 0.222289 0.164442 0.126852 0.098709 0.077813 0.058984 0.047225 0.036504 0.025999 0.024717 0.013471 -0.002531
-0.034120 -0.041943 -0.035618 -0.035496 -0.033990 -0.031916 -0.029082 -0.024183 -0.018389 -0.006746 0.009676 0.037794 0.228008 0.204590 -0.502420 -0.499709 -0.495630 -0.493721 -0.494623 -0.493294 -0.491301 -0.491816 -0.496980 -0.493106 -0.493404 -0.489280 -0.498108 -0.495784 -0.499599 -0.498335 -0.493149 -0.493429 -0.495514 -0.502294 -0.497693 -0.313926 0.146513 0.719410 0.264779 0.193514 0.144722 0.111429 0.086040 0.067737 0.051210 0.039733 0.026970 0.026518 -0.002312 -0.001381
-0.031922 -0.035635 -0.029663 -0.029533 -0.027793 -0.025381 -0.022148 -0.017239 -0.011234 -0.000712 0.011130 0.034024 0.099898 0.117005 0.000000 0.000000 0.000000 0.000000 0.000000 0.000000 0.000000 0.000000 0.000000 0.000000 0.000000 0.000000 0.000000 0.000000 0.000000 0.000000 0.000000 0.000000 0.000000 0.000000 0.000000 0.000000 0.348188 0.369616 0.229728 0.175790 0.138979 0.109078 0.086271 0.067515 0.052720 0.038265 0.027557 0.027239 -0.001381 0.003001
-0.025668 -0.029784 -0.024139 -0.024006 -0.022104 -0.019501 -0.015887 -0.010810 -0.004284 0.005154 0.016384 0.032348 0.066738 0.073426 0.000000 0.000000 0.000000 0.000000 0.000000 0.000000 0.000000 0.000000 0.000000 0.000000 0.000000 0.000000 0.000000 0.000000 0.000000 0.000000 0.000000 0.000000 0.000000 0.000000 0.000000 0.000000 0.272510 0.287314 0.202476 0.163397 0.131996 0.105283 0.083626 0.066506 0.051006 0.038483 0.027716 0.027006 -0.000724 0.003000
-0.018375 -0.024508 -0.019496 -0.019393 -0.017554 -0.015134 -0.011898 -0.007492 -0.002172 0.005277 0.013217 0.024510 0.052630 0.043738 0.000000 0.000000 0.000000 0.000000 0.000000 0.000000 0.000000 0.000000 0.000000 0.000000 0.000000 0.000000 0.000000 0.000000 0.000000 0.000000 0.000000 0.000000 0.000000 0.000000 0.000000 0.000000 0.206965 0.222854 0.163919 0.137165 0.114103 0.093200 0.075450 0.060151 0.047058 0.035787 0.025796 0.024803 0.023621 0.003004
-0.026147 -0.020536 -0.015095 -0.017839 -0.015193 -0.011840 -0.011857 -0.007414 -0.001989 0.005356 0.014036 0.019828 0.039252 0.040683 0.000000 0.000000 0.000000 0.000000 0.000000 0.000000 0.000000 0.000000 0.000000 0.000000 0.000000 0.000000 0.000000 0.000000 0.000000 0.000000 0.000000 0.000000 0.000000 0.000000 0.000000 0.000000 0.187245 0.199929 0.133012 0.136983 0.112319 0.091927 0.073937 0.058450 0.057791 0.044578 0.031505 0.022835 0.007376 0.001404
-0.014844 -0.015353 -0.011672 -0.011702 -0.010164 -0.008320 -0.005972 -0.002975 0.000542 0.004883 0.009334 0.014475 0.023367 0.028209 0.000000 0.000000 0.000000 0.000000 0.000000 0.000000 0.000000 0.000000 0.000000 0.000000 0.000000 0.000000 0.000000 0.000000 0.000000 0.000000 0.000000 0.000000 0.000000 0.000000 0.000000 0.000000 0.124714 0.135880 0.103250 0.090771 0.077799 0.065503 0.053807 0.043819 0.034377 0.027938 0.019159 0.017708 0.010599 -0.000668
-0.011844 -0.011621 -0.011396 -0.008114 -0.007112 -0.005634 -0.003838 -0.001656 0.000943 0.003945 0.007010 0.010257 0.019808 0.015773 0.000000 0.000000 0.000000 0.000000 0.000000 0.000000 0.000000 0.000000 0.000000 0.000000 0.000000 0.000000 0.000000 0.000000 0.000000 0.000000 0.000000 0.000000 0.000000 0.000000 0.000000 0.000000 0.118896 0.102223 0.074366 0.066035 0.057343 0.048533 0.040042 0.032375 0.025851 0.020968 0.012243 0.017712 0.009248 0.002458
-0.007007 -0.007761 -0.007987 -0.006678 -0.006940 -0.005440 -0.003678 -0.001570 0.000932 0.003814 0.006842 0.009993 0.010547 0.013050 0.000000 0.000000 0.000000 0.000000 0.000000 0.000000 0.000000 0.000000 0.000000 0.000000 0.000000 0.000000 0.000000 0.000000 0.000000 0.000000 0.000000 0.000000 0.000000 0.000000 0.000000 0.000000 0.083133 0.065428 0.072809 0.064081 0.055390 0.046983 0.038937 0.032180 0.025714 0.021310 0.019918 0.016438 0.006043 0.005570
-0.005724 -0.005876 -0.004033 -0.001999 -0.001155 -0.000091 0.000887 0.002152 0.003201 0.000259 0.005472 0.005627 0.005271 0.007780 0.000000 0.000000 0.000000 0.000000 0.000000 0.000000 0.000000 0.000000 0.000000 0.000000 0.000000 0.000000 0.000000 0.000000 0.000000 0.000000 0.000000 0.000000 0.000000 0.000000 0.000000 0.000000 0.032659 0.034134 0.028016 0.022011 0.035589 0.012503 0.029943 0.005716 0.023519 -0.001970 -0.009472 0.007104 0.000047 -0.005422
-0.000334 -0.000327 -0.000691 -0.001761 -0.001085 -0.001056 0.000095 0.000049 0.000161 0.000253 0.000758 -0.000101 0.000679 0.000747 0.000000 0.000000 0.000000 0.000000 0.000000 0.000000 0.000000 0.000000 0.000000 0.000000 0.000000 0.000000 0.000000 0.000000 0.000000 0.000000 0.000000 0.000000 0.000000 0.000000 0.000000 0.000000 0.005240 -0.001481 -0.002973 0.004008 0.013805 0.005643 -0.005282 0.007271 0.005785 0.007870 0.001425 0.005421 -0.005880 0.001915
