0.003538 0.009096 0.012346 0.013387 0.020859 0.022585 0.027093 0.031878 0.041878 0.058348 0.047200 0.048319 0.061620 0.064568 0.068384 0.074623 0.075180 0.084687 0.119940 0.089217 0.092180 0.104667 0.109578 0.114074 0.110921 0.117864 0.128541 0.127437 0.137427 0.153606 0.145728 0.140433 0.154550 0.153525 0.152425 0.156350 0.163948 0.188853 0.173929 0.166444 0.169360 0.169186 0.176673 0.171698 0.174263 0.190941 0.190999 0.188654 0.190319 0.186724
0.001301 0.009049 0.012851 0.017547 0.022617 0.027859 0.033052 0.037410 0.043583 0.048899 0.053121 0.059363 0.064652 0.069259 0.074516 0.079725 0.084961 0.090235 0.087639 0.092579 0.105943 0.102342 0.107155 0.121311 0.126336 0.118664 0.136188 0.140955 0.134375 0.138521 0.142526 0.146381 0.150065 0.153570 0.156883 0.160001 0.161534 0.164360 0.167002 0.169376 0.184684 0.186963 0.188463 0.190020 0.192394 0.193079 0.196690 0.188656 0.171107 0.174823
0.000849 0.004770 0.013508 0.018441 0.018498 0.023261 0.028105 0.032842 0.037667 0.042481 0.047358 0.052226 0.057155 0.062093 0.067067 0.072058 0.077064 0.082077 0.087090 0.092093 0.097077 0.102031 0.106943 0.111802 0.116594 0.121307 0.125925 0.130435 0.134828 0.139085 0.143212 0.147161 0.150979 0.154628 0.158044 0.161295 0.164331 0.167190 0.169772 0.172246 0.174293 0.176441 0.177870 0.179972 0.180445 0.183669 0.180602 0.183276 0.174420 0.184849
0.001061 0.004457 0.013067 0.013812 0.018840 0.023263 0.028132 0.032814 0.037628 0.042443 0.047311 0.052173 0.057098 0.062028 0.066991 0.071977 0.076980 0.081990 0.087001 0.092007 0.096993 0.101947 0.106856 0.111711 0.116501 0.121212 0.125830 0.130344 0.134743 0.139011 0.143154 0.147102 0.150855 0.154472 0.157914 0.161196 0.164251 0.167093 0.169662 0.172113 0.174140 0.176155 0.177363 0.178891 0.178746 0.180486 0.176550 0.182458 0.174652 0.164523
-0.002496 0.007660 0.013385 0.013689 0.018856 0.023072 0.028125 0.032580 0.037558 0.042282 0.047180 0.052039 0.056974 0.061924 0.066913 0.071923 0.076955 0.081998 0.087044 0.092083 0.097105 0.102099 0.107053 0.111954 0.116789 0.121546 0.126211 0.130768 0.135205 0.139509 0.143671 0.147673 0.151530 0.155216 0.158676 0.161950 0.165021 0.167930 0.170530 0.173096 0.174962 0.177351 0.177338 0.182486 0.178805 0.187476 0.177492 0.184806 0.195544 0.164617
0.002312 0.003727 0.013263 0.013675 0.018518 0.023073 0.027870 0.032573 0.037387 0.042175 0.047047 0.051927 0.056867 0.061833 0.066840 0.071875 0.076936 0.082013 0.087098 0.092182 0.097252 0.102296 0.107303 0.112258 0.117151 0.121965 0.126685 0.131297 0.135789 0.140145 0.144358 0.148405 0.152280 0.155980 0.159482 0.162794 0.165879 0.168773 0.171368 0.173847 0.175833 0.177883 0.179030 0.180302 0.180222 0.183516 0.177378 0.185485 0.180826 0.166344
-0.001697 0.003691 0.013198 0.013543 0.018626 0.022840 0.027830 0.032273 0.037237 0.041958 0.046860 0.051740 0.056696 0.061683 0.066718 0.071786 0.076887 0.082010 0.087147 0.092287 0.097418 0.102527 0.107601 0.112628 0.117592 0.122479 0.127271 0.131954 0.136513 0.140936 0.145210 0.149321 0.153258 0.157013 0.160563 0.163916 0.167041 0.169985 0.172617 0.175178 0.177143 0.179456 0.180231 0.182410 0.180868 0.188645 0.179252 0.187029 0.182410 0.167733
0.001913 0.002989 0.013035 0.013486 0.018302 0.022775 0.027489 0.032195 0.036995 0.041757 0.046629 0.051524 0.056491 0.061502 0.066567 0.071675 0.076823 0.082000 0.087197 0.092404 0.097607 0.102794 0.107949 0.113060 0.118110 0.123083 0.127961 0.132727 0.137369 0.141870 0.146217 0.150396 0.154394 0.158202 0.161802 0.165197 0.168353 0.171311 0.173958 0.176477 0.178488 0.180543 0.181640 0.182783 0.182828 0.186825 0.179595 0.188414 0.184718 0.181724
0.001885 0.008896 0.012874 0.013302 0.018301 0.022541 0.027390 0.031907 0.036730 0.041470 0.046343 0.051244 0.056228 0.061267 0.066368 0.071522 0.076725 0.081966 0.087236 0.092522 0.097812 0.103091 0.108343 0.113554 0.118706 0.123782 0.128762 0.133629 0.138367 0.142962 0.147397 0.151660 0.155734 0.159611 0.163274 0.166723 0.169928 0.172929 0.175614 0.178171 0.180201 0.182292 0.183347 0.184389 0.183959 0.190803 0.182573 0.190261 0.184629 0.166745
0.000438 0.002301 0.012740 0.013151 0.018011 0.022313 0.027032 0.031622 0.036384 0.041125 0.045991 0.050903 0.055905 0.060974 0.066117 0.071324 0.076590 0.081905 0.087259 0.092638 0.098029 0.103415 0.108780 0.114107 0.119377 0.124572 0.129671 0.134655 0.139507 0.144209 0.148747 0.153104 0.157264 0.161218 0.164948 0.168455 0.171708 0.174745 0.177457 0.180025 0.182074 0.184163 0.185307 0.186541 0.186566 0.190496 0.183696 0.191974 0.206294 0.191956
-0.001758 0.009060 0.012556 0.012919 0.017859 0.022021 0.026755 0.031252 0.035987 0.040708 0.045568 0.050487 0.055509 0.060611 0.065800 0.071067 0.076406 0.081806 0.087257 0.092743 0.098250 0.103760 0.109255 0.114717 0.120232 0.125458 0.130694 0.135813 0.140796 0.145623 0.150278 0.154744 0.159004 0.163046 0.166856 0.170431 0.173741 0.176826 0.179577 0.182173 0.184243 0.186329 0.187418 0.188483 0.188087 0.194475 0.186697 0.194369 0.208820 0.199641
-0.010549 0.000872 0.012331 0.012688 0.017554 0.021652 0.026337 0.030791 0.035500 0.040203 0.045056 0.049982 0.055025 0.060164 0.065406 0.070740 0.076162 0.081659 0.087219 0.092828 0.098468 0.104120 0.109765 0.115381 0.121055 0.126438 0.131833 0.137106 0.142239 0.147208 0.151997 0.156585 0.160958 0.165100 0.168996 0.172645 0.176017 0.179150 0.181940 0.184563 0.186657 0.188775 0.189936 0.191188 0.191236 0.195302 0.188330 0.196610 0.211941 0.174543
0.003248 0.006006 0.010598 0.015275 0.020152 0.025114 0.025857 0.030234 0.034819 0.039497 0.044324 0.049290 0.054386 0.059606 0.064934 0.070368 0.075895 0.081512 0.087205 0.092959 0.098757 0.104488 0.110304 0.116097 0.121950 0.127516 0.133090 0.138540 0.143842 0.148974 0.153914 0.158642 0.163140 0.167394 0.171557 0.175295 0.178797 0.182025 0.185028 0.187748 0.190241 0.192370 0.193989 0.194320 0.195921 0.196978 0.199573 0.196705 0.202391 0.191108
-0.011560 0.009481 0.011764 0.012099 0.016790 0.020736 0.025286 0.029625 0.034246 0.038891 0.043717 0.048651 0.053738 0.058959 0.064321 0.069814 0.075431 0.081161 0.086987 0.092893 0.098857 0.104856 0.110866 0.116860 0.122920 0.128690 0.134470 0.140120 0.145616 0.150931 0.156041 0.160925 0.165564 0.169942 0.174041 0.177861 0.181371 0.184612 0.187481 0.190161 0.192285 0.194422 0.195557 0.196836 0.196754 0.201062 0.193894 0.202201 0.211340 0.205780
-0.012530 0.009442 0.011412 0.011736 0.016310 0.020162 0.024621 0.028886 0.033448 0.038052 0.042854 0.047788 0.052896 0.058161 0.063591 0.069177 0.074910 0.080777 0.086763 0.092846 0.099005 0.105214 0.111445 0.117667 0.123959 0.129965 0.135977 0.141854 0.147568 0.153090 0.158392 0.163452 0.168247 0.172761 0.176976 0.180891 0.184475 0.187771 0.190677 0.193376 0.195503 0.197614 0.198693 0.199724 0.199338 0.205825 0.197647 0.205531 0.200247 0.209112
-0.000972 0.009412 0.011006 0.011322 0.015751 0.019496 0.023845 0.028023 0.032511 0.037064 0.041836 0.046764 0.051892 0.057204 0.062707 0.068394 0.074255 0.080277 0.086441 0.092726 0.099105 0.105551 0.112031 0.118513 0.125070 0.131341 0.137616 0.143751 0.149712 0.155466 0.160984 0.166239 0.171208 0.175872 0.180212 0.184227 0.187888 0.191239 0.194178 0.196896 0.199026 0.201153 0.202267 0.203542 0.203468 0.207615 0.201028 0.208824 0.218407 0.212864
-0.014355 0.009338 0.010540 0.010838 0.015105 0.018723 0.022944 0.027019 0.031418 0.035907 0.040639 0.045555 0.050699 0.056059 0.061641 0.067439 0.073442 0.079636 0.086001 0.092512 0.099140 0.105853 0.112617 0.119392 0.126249 0.132821 0.139395 0.145820 0.152060 0.158076 0.163836 0.169309 0.174470 0.179298 0.183774 0.187894 0.191632 0.195034 0.197999 0.200721 0.202832 0.204920 0.205966 0.207076 0.206916 0.211132 0.203995 0.212396 0.222468 0.216221
-0.015148 0.009231 0.010005 0.010280 0.014363 0.017832 0.021901 0.025853 0.030145 0.034556 0.039236 0.044131 0.049288 0.054695 0.060362 0.066281 0.072441 0.078827 0.085417 0.092182 0.099091 0.106107 0.113190 0.120298 0.127492 0.134409 0.141320 0.148074 0.154628 0.160940 0.166971 0.172688 0.178061 0.183069 0.187689 0.191920 0.195736 0.199183 0.202164 0.204878 0.206956 0.208987 0.209938 0.210814 0.210439 0.215948 0.208311 0.216299 0.226940 0.220230
-0.015951 0.009068 0.009391 0.009641 0.013512 0.016807 0.020699 0.024506 0.028669 0.032983 0.037595 0.042460 0.047623 0.053077 0.058833 0.064883 0.071217 0.077817 0.084659 0.091710 0.098936 0.106295 0.113740 0.121225 0.128804 0.136107 0.143401 0.150528 0.157437 0.164081 0.170417 0.176406 0.182014 0.187218 0.191992 0.196338 0.200228 0.203712 0.206697 0.209389 0.211417 0.213393 0.214267 0.215159 0.214862 0.219361 0.211577 0.220330 0.214675 0.215756
-0.001599 0.008875 0.008701 0.008913 0.012540 0.015632 0.019315 0.022951 0.026960 0.031157 0.035683 0.040503 0.045664 0.051164 0.057013 0.063205 0.069731 0.076569 0.083693 0.091067 0.098651 0.106396 0.114252 0.122163 0.130177 0.137920 0.145648 0.153196 0.160507 0.167527 0.174206 0.180499 0.186368 0.191785 0.196724 0.201187 0.205145 0.208656 0.211625 0.214275 0.216226 0.218130 0.218886 0.219723 0.219056 0.224339 0.216306 0.224612 0.235366 0.222280
-0.001782 0.008642 0.007938 0.008101 0.011434 0.014292 0.017730 0.021165 0.024989 0.029042 0.033460 0.038218 0.043366 0.048907 0.054852 0.061199 0.067935 0.075039 0.082480 0.090217 0.098205 0.106388 0.114709 0.123104 0.131612 0.139854 0.148073 0.156100 0.163867 0.171311 0.178376 0.185010 0.191169 0.196818 0.201933 0.206513 0.210531 0.214052 0.216982 0.219563 0.221407 0.223219 0.223839 0.224748 0.223989 0.228091 0.220066 0.228980 0.223088 0.221399
-0.002978 0.008394 0.007132 0.007202 0.010182 0.012773 0.015918 0.019118 0.022721 0.026598 0.030881 0.035556 0.040676 0.046251 0.052295 0.058808 0.065776 0.073177 0.080974 0.089121 0.097566 0.106245 0.115093 0.124036 0.133103 0.141912 0.150691 0.159260 0.167544 0.175471 0.182973 0.189990 0.196470 0.202374 0.207676 0.212371 0.216436 0.219945 0.222805 0.225281 0.226971 0.228645 0.229055 0.229824 0.228847 0.233230 0.224891 0.233574 0.227576 0.213218
0.002725 0.008128 0.006089 0.006226 0.008772 0.011084 0.013860 0.016785 0.020121 0.023785 0.027897 0.032461 0.037533 0.043132 0.049276 0.055967 0.063191 0.070923 0.079121 0.087732 0.096695 0.105936 0.115382 0.124948 0.134651 0.144103 0.153517 0.162704 0.171577 0.180051 0.188048 0.195499 0.202338 0.208524 0.214021 0.218828 0.222922 0.226387 0.229137 0.231462 0.232947 0.234446 0.234571 0.235368 0.233849 0.238293 0.229228 0.238277 0.249639 0.237184
0.006774 0.007860 0.004847 0.005091 0.007144 0.009104 0.011529 0.014122 0.017150 0.020552 0.024453 0.028870 0.033869 0.039476 0.045717 0.052600 0.060107 0.068210 0.076860 0.085996 0.095547 0.105426 0.115550 0.125823 0.136146 0.146432 0.156569 0.166459 0.176003 0.185103 0.193666 0.201608 0.208851 0.215348 0.221052 0.225964 0.230062 0.233442 0.236027 0.238142 0.239353 0.240626 0.240390 0.241199 0.239069 0.243725 0.234270 0.243115 0.254635 0.217832
0.002478 -0.005454 0.003574 0.003674 0.005379 0.006889 0.008907 0.011115 0.013779 0.016866 0.020498 0.024716 0.029602 0.035198 0.041532 0.048619 0.056437 0.064958 0.074121 0.083852 0.094072 0.104676 0.115571 0.126645 0.137790 0.148906 0.159866 0.170560 0.180871 0.190686 0.199897 0.208401 0.216102 0.222945 0.228869 0.233876 0.237941 0.241182 0.243531 0.245354 0.246207 0.247163 0.246490 0.247227 0.244400 0.249005 0.238777 0.247968 0.263548 0.251095
0.002494 0.007428 0.002161 0.002179 0.003323 0.004409 0.005916 0.007692 0.009930 0.012647 0.015964 0.019932 0.024652 0.030200 0.036608 0.043916 0.052078 0.061072 0.070819 0.081229 0.092213 0.103639 0.115410 0.127393 0.139569 0.151530 0.163428 0.175038 0.186231 0.196869 0.206828 0.215979 0.224208 0.231445 0.237600 0.242688 0.246673 0.249701 0.251720 0.253148 0.253532 0.254064 0.252879 0.253534 0.249891 0.254841 0.243865 0.252802 0.264703 0.250988
-0.001275 0.007139 0.000599 0.000595 0.001064 0.001678 0.002596 0.003850 0.005555 0.007797 0.010699 0.014373 0.018915 0.024375 0.030844 0.038377 0.046917 0.056450 0.066864 0.078049 0.089910 0.102270 0.115035 0.128049 0.141186 0.154315 0.167283 0.179940 0.192144 0.203731 0.214556 0.224458 0.233296 0.240981 0.247386 0.252537 0.256381 0.259097 0.260666 0.261567 0.261342 0.261372 0.259505 0.259946 0.255446 0.260334 0.248603 0.257474 0.250734 0.252322
0.002685 0.006393 -0.001103 -0.001125 -0.001384 -0.001323 -0.001075 -0.000428 0.000654 0.002316 0.004689 0.007915 0.012126 0.017519 0.024055 0.031848 0.040807 0.050954 0.062140 0.074210 0.087080 0.100503 0.114396 0.128572 0.142908 0.157246 0.171430 0.185283 0.198656 0.211349 0.223197 0.233990 0.243554 0.251775 0.258455 0.263649 0.267266 0.269536 0.270493 0.270685 0.269670 0.269017 0.266332 0.266466 0.260991 0.265817 0.253298 0.261975 0.274518 0.257910
0.004154 0.005516 -0.002937 -0.002973 -0.004038 -0.004600 -0.005107 -0.005165 -0.004818 -0.003858 -0.002137 0.000521 0.004307 0.009455 0.015981 0.024148 0.033597 0.044473 0.056538 0.069636 0.083705 0.098316 0.113469 0.128973 0.144666 0.160367 0.175934 0.191152 0.205867 0.219834 0.232871 0.244710 0.255124 0.263976 0.270963 0.276190 0.279467 0.281109 0.281244 0.280493 0.278474 0.276924 0.273253 0.272860 0.266437 0.271220 0.257512 0.266245 0.279050 0.261773
0.003888 0.004472 -0.004884 -0.004965 -0.006859 -0.008159 -0.009519 -0.010412 -0.010942 -0.010849 -0.009960 -0.008051 -0.004862 -0.000032 0.006351 0.015010 0.024953 0.036805 0.049935 0.064140 0.079534 0.095380 0.112200 0.129118 0.146401 0.163561 0.180691 0.197460 0.213746 0.229232 0.243731 0.256879 0.268378 0.278071 0.285426 0.290648 0.293436 0.294185 0.293201 0.291174 0.287853 0.285131 0.280237 0.279054 0.271644 0.276213 0.261461 0.270213 0.282812 0.266414
-0.008868 0.003643 -0.006914 -0.007077 -0.009808 -0.011906 -0.014198 -0.016058 -0.017628 -0.018627 -0.018773 -0.017836 -0.015438 -0.011107 -0.004889 0.004063 0.014896 0.027601 0.042116 0.057724 0.074707 0.092384 0.110709 0.129240 0.148201 0.167050 0.185956 0.204479 0.222536 0.239739 0.255896 0.270552 0.283312 0.294002 0.301793 0.307118 0.309190 0.308633 0.306155 0.302452 0.297374 0.293290 0.287005 0.284809 0.276293 0.280506 0.264831 0.273588 0.285395 0.268753
0.005960 0.002610 -0.009001 -0.009247 -0.012871 -0.015842 -0.019179 -0.022165 -0.024979 -0.027349 -0.028880 -0.029377 -0.028161 -0.024514 -0.018794 -0.008703 0.002487 0.016786 0.032566 0.050170 0.069078 0.088014 0.108790 0.128331 0.149866 0.170254 0.191151 0.211637 0.231844 0.251192 0.269580 0.286327 0.300891 0.313146 0.321594 0.326795 0.327953 0.325575 0.321016 0.315021 0.307864 0.301805 0.293709 0.290222 0.280451 0.284143 0.267498 0.276288 0.267083 0.270162
-0.003319 0.001555 -0.011061 -0.011399 -0.015910 -0.019779 -0.024201 -0.028410 -0.032593 -0.036562 -0.039761 -0.042111 -0.042500 -0.040157 -0.034795 -0.024196 -0.010632 0.004276 0.022313 0.040986 0.062286 0.084421 0.106121 0.128861 0.151981 0.174215 0.197344 0.220013 0.242453 0.264049 0.284716 0.303649 0.320233 0.334314 0.343467 0.349660 0.348396 0.343524 0.336254 0.327363 0.317354 0.309285 0.299452 0.294579 0.283685 0.286762 0.269341 0.278017 0.268224 0.268109
-0.003274 0.000506 -0.013088 -0.013518 -0.018937 -0.023791 -0.029453 -0.035098 -0.041018 -0.047097 -0.052524 -0.057589 -0.060385 -0.060140 -0.056367 -0.043849 -0.029366 -0.011526 0.008110 0.029681 0.054621 0.079510 0.104563 0.127562 0.153534 0.176663 0.202076 0.227213 0.252729 0.277499 0.301830 0.324390 0.344318 0.361714 0.372814 0.378779 0.376076 0.366269 0.354332 0.342481 0.328288 0.317048 0.304834 0.298262 0.286022 0.288334 0.270082 0.278729 0.290446 0.271578
0.001677 -0.000561 -0.014872 -0.015376 -0.021597 -0.027311 -0.034037 -0.040945 -0.048577 -0.056578 -0.064917 -0.072711 -0.079615 -0.082038 -0.080387 -0.065786 -0.048757 -0.027653 -0.004273 0.019537 0.046530 0.073932 0.100024 0.126755 0.154119 0.180352 0.208437 0.236196 0.264581 0.291858 0.319235 0.344685 0.368632 0.390003 0.400808 0.413773 0.402282 0.388718 0.370404 0.351806 0.336453 0.321805 0.307957 0.299569 0.286627 0.288257 0.269709 0.277861 0.291729 0.270720
-0.000902 -0.012383 -0.016509 -0.017078 -0.024104 -0.030772 -0.038811 -0.047539 -0.057449 -0.068752 -0.080543 -0.094257 -0.106067 -0.116538 -0.116272 -0.102793 -0.082841 -0.054532 -0.023307 0.007023 0.038044 0.067628 0.097867 0.124637 0.157870 0.187298 0.216523 0.246811 0.277419 0.307614 0.338730 0.371453 0.404040 0.435301 0.452256 0.463668 0.449954 0.418404 0.394850 0.367360 0.345266 0.326722 0.309838 0.299865 0.285715 0.286801 0.267644 0.275812 0.287864 0.268615
0.005089 -0.012606 -0.017578 -0.018192 -0.025678 -0.032949 -0.041555 -0.051493 -0.062218 -0.075772 -0.090844 -0.108672 -0.129807 -0.148649 -0.156507 -0.125053 -0.094591 -0.064811 -0.028209 0.003072 0.030246 0.059669 0.090827 0.121505 0.153987 0.186369 0.218699 0.251198 0.285664 0.319870 0.357242 0.392548 0.431772 0.468276 0.492953 0.524871 0.494979 0.445775 0.409770 0.372296 0.347726 0.324071 0.307661 0.295932 0.282859 0.282939 0.265521 0.271681 0.284643 0.263736
0.003832 -0.012622 -0.018399 -0.019060 -0.026933 -0.034788 -0.044130 -0.055484 -0.067655 -0.086629 -0.104241 -0.135124 -0.163788 -0.208392 -0.216859 -0.193969 -0.153195 -0.108172 -0.066033 -0.023597 0.018142 0.057639 0.094968 0.128043 0.155991 0.193096 0.225626 0.260885 0.297434 0.337516 0.380281 0.430301 0.482115 0.539041 0.588588 0.606202 0.569759 0.496629 0.433047 0.383581 0.348693 0.322685 0.302309 0.290754 0.276278 0.277607 0.258759 0.266348 0.254157 0.258468
-0.001713 -0.012170 -0.018377 -0.019045 -0.026801 -0.034448 -0.043803 -0.054064 -0.067322 -0.081987 -0.106924 -0.135091 -0.189370 -0.267270 -0.321335 -0.235644 -0.149907 -0.112811 -0.055866 -0.014851 0.020683 0.054572 0.081698 0.116747 0.146660 0.182179 0.220315 0.257210 0.299426 0.341343 0.391453 0.435552 0.506347 0.562561 0.665114 0.754636 0.656898 0.508842 0.410264 0.364236 0.323783 0.304552 0.286696 0.278672 0.270300 0.269107 0.254719 0.258679 0.273780 0.255160
-0.000532 -0.011628 -0.018148 -0.018832 -0.026438 -0.033990 -0.043197 -0.053971 -0.067387 -0.084031 -0.108051 -0.143750 -0.293436 -0.661137 -0.401668 -0.364843 -0.183053 -0.083242 -0.042991 -0.038402 0.034827 0.053910 0.087171 0.111465 0.126832 0.178709 0.179852 0.216048 0.247926 0.283071 0.325229 0.347434 0.417700 0.469018 0.755951 0.980464 1.244936 0.701125 0.394966 0.341307 0.308366 0.289849 0.274255 0.269578 0.256342 0.259719 0.243753 0.250303 0.265491 0.235549
-0.005647 -0.010704 -0.016991 -0.017614 -0.024539 -0.030771 -0.038931 -0.045726 -0.057679 -0.065091 -0.081309 -0.087477 -0.136123 -0.050027 -0.044075 -0.016434 -0.004258 -0.004220 -0.003879 -0.000354 0.001021 0.011026 -0.002171 0.006908 0.001532 0.004405 0.010841 0.002629 0.012551 0.007472 0.014311 0.010635 0.014127 0.027035 0.032864 0.604402 -0.233409 0.308587 0.258216 0.265349 0.256883 0.254989 0.249734 0.248501 0.243358 0.247609 0.237845 0.239896 0.235367 0.242340
-0.000772 -0.009834 -0.015930 -0.016503 -0.022864 -0.028574 -0.035399 -0.041889 -0.049334 -0.056268 -0.061965 -0.063212 -0.052700 -0.009006 0.000000 0.000000 0.000000 0.000000 0.000000 0.000000 0.000000 0.000000 0.000000 0.000000 0.000000 0.000000 0.000000 0.000000 0.000000 0.000000 0.000000 0.000000 0.000000 0.000000 0.000000 0.000000 -0.003158 0.108787 0.196692 0.219168 0.225103 0.230619 0.230133 0.233810 0.230067 0.236158 0.228424 0.229813 0.226373 0.232270
-0.000117 -0.008777 -0.014390 -0.014899 -0.020399 -0.025063 -0.030396 -0.034857 -0.039855 -0.042683 -0.045942 -0.042382 -0.032930 -0.013179 0.000000 0.000000 0.000000 0.000000 0.000000 0.000000 0.000000 0.000000 0.000000 0.000000 0.000000 0.000000 0.000000 0.000000 0.000000 0.000000 0.000000 0.000000 0.000000 0.000000 0.000000 0.000000 0.008572 0.086378 0.147407 0.176278 0.190808 0.202379 0.208519 0.215292 0.218049 0.226280 0.214241 0.219430 0.217332 0.223387
-0.003572 -0.007720 -0.013063 -0.013507 -0.018381 -0.022379 -0.026710 -0.030154 -0.033356 -0.034720 -0.034797 -0.030779 -0.015533 -0.006548 0.000000 0.000000 0.000000 0.000000 0.000000 0.000000 0.000000 0.000000 0.000000 0.000000 0.000000 0.000000 0.000000 0.000000 0.000000 0.000000 0.000000 0.000000 0.000000 0.000000 0.000000 0.000000 0.009449 0.064161 0.117852 0.148090 0.166896 0.182258 0.191365 0.201084 0.204719 0.212672 0.208934 0.209559 0.212257 0.215706
-0.004545 -0.004224 -0.011652 -0.016658 -0.021469 -0.025860 -0.026128 -0.029791 -0.032912 -0.034345 -0.034223 -0.022305 -0.007357 -0.004090 0.000000 0.000000 0.000000 0.000000 0.000000 0.000000 0.000000 0.000000 0.000000 0.000000 0.000000 0.000000 0.000000 0.000000 0.000000 0.000000 0.000000 0.000000 0.000000 0.000000 0.000000 0.000000 0.020094 0.024190 0.098185 0.145583 0.165609 0.180874 0.190689 0.198730 0.198589 0.203641 0.206952 0.200709 0.226056 0.214890
-0.000432 -0.006090 -0.010712 -0.011033 -0.014559 -0.017284 -0.019988 -0.021729 -0.022845 -0.022507 -0.020984 -0.017182 -0.009315 -0.002760 0.000000 0.000000 0.000000 0.000000 0.000000 0.000000 0.000000 0.000000 0.000000 0.000000 0.000000 0.000000 0.000000 0.000000 0.000000 0.000000 0.000000 0.000000 0.000000 0.000000 0.000000 0.000000 0.000069 0.043647 0.084873 0.111973 0.132832 0.150851 0.163852 0.176536 0.183610 0.193830 0.193366 0.193631 0.209848 0.198520
-0.000212 -0.005542 -0.010298 -0.009773 -0.013132 -0.015233 -0.017420 -0.018595 -0.019192 -0.018505 -0.016909 -0.013535 -0.003679 0.000429 0.000000 0.000000 0.000000 0.000000 0.000000 0.000000 0.000000 0.000000 0.000000 0.000000 0.000000 0.000000 0.000000 0.000000 0.000000 0.000000 0.000000 0.000000 0.000000 0.000000 0.000000 0.000000 0.009599 0.039666 0.075468 0.101023 0.121339 0.139641 0.153361 0.166370 0.173994 0.187210 0.179939 0.197641 0.201694 0.196037
0.000515 -0.004444 -0.009540 -0.012477 -0.012981 -0.015104 -0.017282 -0.018434 -0.018987 -0.018390 -0.016626 -0.013547 -0.005086 -0.000478 0.000000 0.000000 0.000000 0.000000 0.000000 0.000000 0.000000 0.000000 0.000000 0.000000 0.000000 0.000000 0.000000 0.000000 0.000000 0.000000 0.000000 0.000000 0.000000 0.000000 0.000000 0.000000 0.006929 0.029353 0.075392 0.099861 0.120947 0.138894 0.152781 0.165307 0.173149 0.182253 0.183938 0.186321 0.194461 0.184328
-0.001185 -0.004008 -0.007095 -0.011161 -0.013877 -0.016216 -0.017420 -0.018010 -0.017316 -0.016531 -0.013407 -0.009302 -0.005991 -0.000489 0.000000 0.000000 0.000000 0.000000 0.000000 0.000000 0.000000 0.000000 0.000000 0.000000 0.000000 0.000000 0.000000 0.000000 0.000000 0.000000 0.000000 0.000000 0.000000 0.000000 0.000000 0.000000 0.004021 0.033690 0.063132 0.086864 0.106999 0.134181 0.146655 0.167067 0.173145 0.184779 0.194174 0.187062 0.190221 0.172060
-0.000227 -0.005447 -0.006680 -0.010718 -0.011819 -0.013432 -0.014431 -0.014224 -0.013843 -0.012978 -0.011560 -0.010595 -0.006921 -0.001016 0.000000 0.000000 0.000000 0.000000 0.000000 0.000000 0.000000 0.000000 0.000000 0.000000 0.000000 0.000000 0.000000 0.000000 0.000000 0.000000 0.000000 0.000000 0.000000 0.000000 0.000000 0.000000 0.005064 0.031412 0.072583 0.084696 0.090872 0.120001 0.129750 0.154750 0.166892 0.174510 0.190440 0.187736 0.208861 0.172816
