0.013845 0.045131 0.023892 0.023886 0.026327 0.025316 0.023546 0.020813 0.016436 -0.011156 -0.003404 0.021932 -0.005027 -0.006047 0.009688 -0.019808 0.014866 0.011496 -0.030153 0.011696 -0.029848 0.012355 -0.010968 0.012982 -0.011264 0.001051 0.011714 0.005319 0.008858 -0.020198 0.012942 -0.019016 0.003442 0.003389 0.015661 0.018652 0.012786 -0.006050 -0.032437 -0.011212 -0.010980 -0.011060 -0.010597 0.015109 -0.000419 0.020860 0.000776 0.005139 0.006273 0.012835
-0.002140 -0.036311 -0.000275 -0.008707 0.007841 -0.001491 -0.002275 0.000537 0.000403 -0.025839 0.002533 -0.022534 0.008411 -0.024410 -0.019810 -0.018759 -0.018065 -0.017357 -0.023499 -0.023194 -0.022791 -0.022382 0.010122 -0.021385 0.010976 0.006728 -0.016897 -0.019359 -0.017267 -0.017419 -0.017517 -0.017614 -0.017702 -0.017887 -0.018031 -0.016180 0.000716 -0.017547 0.015271 0.006630 0.007106 0.006815 0.007703 0.004317 -0.018190 -0.013582 0.011654 0.033567 -0.016728 0.016590
-0.001397 -0.055712 -0.023112 -0.003118 -0.008076 -0.020733 -0.019200 -0.021186 -0.021787 -0.020600 -0.020038 -0.019234 -0.018488 -0.017839 -0.017102 -0.016371 -0.015624 -0.014883 -0.014138 -0.013375 -0.012641 -0.011756 -0.011028 -0.010373 -0.009709 -0.009054 -0.008411 -0.007793 -0.007200 -0.006635 -0.006095 -0.005574 -0.005094 -0.004614 -0.004224 -0.003694 -0.003605 -0.002834 -0.002854 -0.002323 -0.001807 -0.001805 -0.001573 -0.002262 -0.002261 -0.006275 -0.005918 -0.007425 -0.036868 0.008830
0.002376 -0.042637 -0.049134 -0.036736 -0.020217 -0.029165 -0.024019 -0.024804 -0.022560 -0.022038 -0.020451 -0.019873 -0.018887 -0.018261 -0.017485 -0.016720 -0.015939 -0.015166 -0.014379 -0.018733 -0.012737 -0.012238 -0.011670 -0.010926 -0.010239 -0.009593 -0.008972 -0.008387 -0.007825 -0.007289 -0.006774 -0.006270 -0.005805 -0.005290 -0.004884 -0.004241 -0.004313 -0.003910 -0.003508 -0.003167 -0.002450 -0.002614 -0.001362 -0.002408 -0.000215 -0.002516 0.001571 -0.001849 -0.022374 -0.000048
0.040573 -0.048689 -0.042110 -0.040778 -0.031417 -0.034661 -0.032261 -0.032120 -0.030845 -0.030179 -0.029204 -0.028434 -0.027335 -0.026354 -0.025314 -0.024278 -0.023217 -0.022153 -0.021068 -0.023839 -0.018865 -0.017769 -0.016681 -0.015688 -0.014703 -0.013747 -0.012818 -0.011923 -0.011062 -0.010238 -0.009455 -0.008712 -0.008018 -0.007355 -0.006768 -0.006099 -0.005637 -0.004809 -0.004588 -0.004045 -0.003723 -0.003336 -0.002828 -0.002824 -0.001882 -0.003083 0.000619 0.001668 -0.028224 0.000094
0.003991 -0.028833 -0.040388 -0.049004 -0.038265 -0.042041 -0.039879 -0.038954 -0.037488 -0.036718 -0.035432 -0.034267 -0.033029 -0.031807 -0.030550 -0.029256 -0.027936 -0.026609 -0.025265 -0.028862 -0.022599 -0.021339 -0.020085 -0.018865 -0.017674 -0.016528 -0.015420 -0.014358 -0.013339 -0.012365 -0.011438 -0.010551 -0.009721 -0.008907 -0.008185 -0.007417 -0.006867 -0.006235 -0.005697 -0.005293 -0.004739 -0.004485 -0.004039 -0.004043 -0.003390 -0.003118 -0.002527 -0.004964 -0.026283 0.007695
-0.000367 -0.085090 -0.046920 -0.056747 -0.053839 -0.051134 -0.051197 -0.047894 -0.046861 -0.045013 -0.043753 -0.042167 -0.040671 -0.039093 -0.037487 -0.035873 -0.034242 -0.032608 -0.030965 -0.028972 -0.027710 -0.026122 -0.024555 -0.023044 -0.021570 -0.020151 -0.018782 -0.017470 -0.016214 -0.015016 -0.013876 -0.012792 -0.011769 -0.010792 -0.009887 -0.008996 -0.008210 -0.007381 -0.006808 -0.005983 -0.005685 -0.004736 -0.004654 -0.003526 -0.003587 -0.002480 -0.002073 -0.001864 0.022853 -0.000021
0.008747 -0.044933 -0.064999 -0.064122 -0.059199 -0.057601 -0.055518 -0.053748 -0.052905 -0.051613 -0.050354 -0.048631 -0.047031 -0.045207 -0.043401 -0.041524 -0.039617 -0.037695 -0.035767 -0.033729 -0.031959 -0.030108 -0.028291 -0.026528 -0.024817 -0.023169 -0.021583 -0.020064 -0.018613 -0.017229 -0.015915 -0.014667 -0.013490 -0.012370 -0.011329 -0.010327 -0.009431 -0.008548 -0.007799 -0.007147 -0.006517 -0.005941 -0.005609 -0.004889 -0.004666 -0.003650 -0.003133 -0.003454 -0.027071 0.015147
-0.008222 -0.052248 -0.073377 -0.071386 -0.068566 -0.066014 -0.065180 -0.063477 -0.062472 -0.060168 -0.058375 -0.056340 -0.054278 -0.052136 -0.049970 -0.047761 -0.045528 -0.043283 -0.041040 -0.038574 -0.036620 -0.034469 -0.032229 -0.030319 -0.028339 -0.026433 -0.024603 -0.022852 -0.021183 -0.019595 -0.018087 -0.016657 -0.015307 -0.014027 -0.012826 -0.011683 -0.010621 -0.009600 -0.008791 -0.007741 -0.007246 -0.006052 -0.005771 -0.004198 -0.004219 -0.003244 -0.002677 -0.002936 -0.025912 -0.002147
-0.006162 -0.114762 -0.082049 -0.079830 -0.077121 -0.074988 -0.073765 -0.071284 -0.069134 -0.067039 -0.065484 -0.063180 -0.061083 -0.058679 -0.056226 -0.053708 -0.051159 -0.048594 -0.046033 -0.043415 -0.040996 -0.038549 -0.036124 -0.033842 -0.031602 -0.029448 -0.027385 -0.025414 -0.023537 -0.021754 -0.020064 -0.018465 -0.016956 -0.015531 -0.014194 -0.012929 -0.011756 -0.010622 -0.009641 -0.008736 -0.007924 -0.007123 -0.006710 -0.005599 -0.005333 -0.003887 -0.002716 -0.003055 0.020745 0.000433
-0.017917 -0.086658 -0.091137 -0.088068 -0.086057 -0.083322 -0.081663 -0.079270 -0.078003 -0.075748 -0.073381 -0.070873 -0.068234 -0.065491 -0.062704 -0.059842 -0.056946 -0.054036 -0.051134 -0.048190 -0.045439 -0.042678 -0.039932 -0.037384 -0.034871 -0.032460 -0.030154 -0.027955 -0.025865 -0.023884 -0.022010 -0.020239 -0.018569 -0.016994 -0.015514 -0.014117 -0.012809 -0.011565 -0.010498 -0.009300 -0.008557 -0.007271 -0.006691 -0.005285 -0.004795 -0.003886 -0.002926 -0.003326 -0.007794 -0.001923
-0.012830 -0.081797 -0.098532 -0.097432 -0.094900 -0.092050 -0.090579 -0.088348 -0.086234 -0.083121 -0.081057 -0.078110 -0.075373 -0.072296 -0.069155 -0.065931 -0.062672 -0.059400 -0.056142 -0.052909 -0.049763 -0.046678 -0.043680 -0.040782 -0.037995 -0.035324 -0.032776 -0.030354 -0.028055 -0.025878 -0.023823 -0.021885 -0.020060 -0.018345 -0.016734 -0.015219 -0.013804 -0.012453 -0.011245 -0.010110 -0.009103 -0.008158 -0.007415 -0.006236 -0.005072 -0.004117 -0.003159 -0.003451 -0.026898 -0.016535
-0.022017 -0.110188 -0.107303 -0.105876 -0.104315 -0.101272 -0.099739 -0.096487 -0.094806 -0.092057 -0.089094 -0.085874 -0.082657 -0.079226 -0.075705 -0.072093 -0.068442 -0.064782 -0.061143 -0.057555 -0.054038 -0.050612 -0.047292 -0.044093 -0.041024 -0.038090 -0.035296 -0.032644 -0.030134 -0.027764 -0.025530 -0.023430 -0.021456 -0.019602 -0.017862 -0.016229 -0.014700 -0.013258 -0.011910 -0.010628 -0.009536 -0.008320 -0.007433 -0.006341 -0.005318 -0.004305 -0.003352 -0.003153 -0.002479 -0.001424
-0.034971 -0.115204 -0.116350 -0.115709 -0.113409 -0.110524 -0.108944 -0.106282 -0.103762 -0.100655 -0.097350 -0.093720 -0.090109 -0.086264 -0.082318 -0.078282 -0.074207 -0.070129 -0.066084 -0.062127 -0.058211 -0.054431 -0.050780 -0.047268 -0.043907 -0.040704 -0.037663 -0.034785 -0.032068 -0.029509 -0.027103 -0.024843 -0.022724 -0.020739 -0.018881 -0.017139 -0.015510 -0.013980 -0.012559 -0.011216 -0.010000 -0.008904 -0.007791 -0.006686 -0.005591 -0.004578 -0.003489 -0.003112 0.022993 -0.000191
-0.037683 -0.125827 -0.126820 -0.125288 -0.123068 -0.120571 -0.118648 -0.115326 -0.112659 -0.108793 -0.105661 -0.101776 -0.097711 -0.093425 -0.089017 -0.084517 -0.079982 -0.075453 -0.070970 -0.066609 -0.062284 -0.058130 -0.054128 -0.050293 -0.046636 -0.043162 -0.039873 -0.036770 -0.033848 -0.031103 -0.028529 -0.026119 -0.023863 -0.021754 -0.019782 -0.017937 -0.016212 -0.014596 -0.013078 -0.011653 -0.010314 -0.009122 -0.008045 -0.006772 -0.005557 -0.004754 -0.003445 -0.003663 0.022103 -0.001733
-0.047509 -0.173746 -0.137382 -0.135891 -0.133260 -0.130736 -0.128590 -0.125398 -0.122292 -0.118480 -0.114458 -0.110067 -0.105500 -0.100717 -0.095800 -0.090790 -0.085750 -0.080729 -0.075777 -0.070978 -0.066220 -0.061672 -0.057308 -0.053142 -0.049182 -0.045434 -0.041898 -0.038572 -0.035450 -0.032527 -0.029792 -0.027238 -0.024854 -0.022630 -0.020555 -0.018618 -0.016808 -0.015115 -0.013531 -0.012044 -0.010668 -0.009429 -0.008199 -0.007016 -0.005881 -0.004890 -0.003675 -0.003084 0.022463 -0.001861
-0.041527 -0.149793 -0.148612 -0.146221 -0.143940 -0.141657 -0.138906 -0.135414 -0.131905 -0.127284 -0.123347 -0.118583 -0.113492 -0.108156 -0.102672 -0.097097 -0.091501 -0.085948 -0.080484 -0.075207 -0.069995 -0.065034 -0.060294 -0.055786 -0.051520 -0.047497 -0.043715 -0.040171 -0.036856 -0.033761 -0.030876 -0.028189 -0.025687 -0.023358 -0.021190 -0.019170 -0.017285 -0.015525 -0.013873 -0.012324 -0.010836 -0.009569 -0.008254 -0.007103 -0.005887 -0.004873 -0.003511 -0.003329 0.022592 -0.010692
-0.070959 -0.160252 -0.160387 -0.158315 -0.155338 -0.153341 -0.149860 -0.146012 -0.142270 -0.137701 -0.132808 -0.127386 -0.121706 -0.115749 -0.109634 -0.103429 -0.097224 -0.091080 -0.085058 -0.079268 -0.073573 -0.068180 -0.063049 -0.058192 -0.053615 -0.049318 -0.045296 -0.041541 -0.038042 -0.034787 -0.031762 -0.028953 -0.026345 -0.023925 -0.021678 -0.019588 -0.017642 -0.015828 -0.014133 -0.012545 -0.011182 -0.009697 -0.008455 -0.007132 -0.005957 -0.004830 -0.003733 -0.003498 0.022614 -0.010596
-0.076326 -0.173194 -0.173533 -0.170017 -0.167008 -0.164809 -0.161088 -0.157155 -0.152841 -0.147537 -0.142588 -0.136542 -0.130182 -0.123516 -0.116684 -0.109777 -0.102887 -0.096091 -0.089461 -0.083118 -0.076913 -0.071065 -0.065531 -0.060320 -0.055433 -0.050867 -0.046612 -0.042656 -0.038985 -0.035583 -0.032432 -0.029516 -0.026819 -0.024321 -0.022007 -0.019861 -0.017868 -0.016012 -0.014276 -0.012652 -0.011100 -0.009874 -0.008247 -0.007209 -0.005920 -0.004818 -0.003567 -0.003456 0.023312 -0.000731
-0.051899 -0.186827 -0.186838 -0.182797 -0.179485 -0.177893 -0.173292 -0.168840 -0.164255 -0.158840 -0.152797 -0.146059 -0.138927 -0.131463 -0.123819 -0.116117 -0.108456 -0.100940 -0.093648 -0.086709 -0.079964 -0.073642 -0.067695 -0.062126 -0.056933 -0.052105 -0.047629 -0.043486 -0.039659 -0.036126 -0.032868 -0.029862 -0.027089 -0.024531 -0.022168 -0.019982 -0.017957 -0.016077 -0.014325 -0.012692 -0.011355 -0.009778 -0.008556 -0.007216 -0.005951 -0.004840 -0.003770 -0.003419 0.022597 -0.001730
-0.086204 -0.200430 -0.200637 -0.196234 -0.192722 -0.191108 -0.186040 -0.181385 -0.176286 -0.170353 -0.163561 -0.156031 -0.147995 -0.139607 -0.131035 -0.122419 -0.113891 -0.105574 -0.097558 -0.089975 -0.082662 -0.075851 -0.069484 -0.063560 -0.058068 -0.052993 -0.048312 -0.044002 -0.040038 -0.036395 -0.033047 -0.029972 -0.027145 -0.024544 -0.022149 -0.019939 -0.017896 -0.016005 -0.014244 -0.012604 -0.011059 -0.009878 -0.008312 -0.007174 -0.005904 -0.004758 -0.003837 -0.003029 0.022517 -0.001606
-0.092649 -0.250817 -0.214452 -0.210861 -0.206821 -0.205451 -0.199903 -0.194644 -0.189170 -0.182771 -0.175025 -0.166541 -0.157433 -0.147966 -0.138293 -0.128630 -0.119120 -0.109916 -0.101109 -0.092842 -0.084932 -0.077620 -0.070834 -0.064564 -0.058791 -0.053488 -0.048625 -0.044171 -0.040095 -0.036367 -0.032956 -0.029833 -0.026972 -0.024349 -0.021940 -0.019723 -0.017679 -0.015791 -0.014038 -0.012411 -0.011090 -0.009491 -0.008186 -0.007006 -0.005496 -0.004642 -0.003677 -0.003282 -0.008079 0.014921
-0.127541 -0.231906 -0.229761 -0.225347 -0.221648 -0.220430 -0.214318 -0.209088 -0.203080 -0.195932 -0.187211 -0.177622 -0.167256 -0.156532 -0.145570 -0.134702 -0.124078 -0.113883 -0.104212 -0.095204 -0.086685 -0.078867 -0.071700 -0.065074 -0.059043 -0.053540 -0.048526 -0.043960 -0.039804 -0.036019 -0.032571 -0.029428 -0.026559 -0.023936 -0.021532 -0.019327 -0.017296 -0.015424 -0.013686 -0.012081 -0.010550 -0.009390 -0.007898 -0.006740 -0.005581 -0.004436 -0.003713 -0.002746 0.023610 -0.001429
-0.082162 -0.282334 -0.245282 -0.242058 -0.237493 -0.236667 -0.230328 -0.224145 -0.217873 -0.210130 -0.200296 -0.189393 -0.177511 -0.165258 -0.152756 -0.140490 -0.128596 -0.117309 -0.106714 -0.096940 -0.087805 -0.079495 -0.071928 -0.065023 -0.058772 -0.053108 -0.047983 -0.043343 -0.039142 -0.035336 -0.031885 -0.028751 -0.025901 -0.023304 -0.020931 -0.018760 -0.016765 -0.014931 -0.013265 -0.011670 -0.010351 -0.008905 -0.007674 -0.006472 -0.005296 -0.004164 -0.003110 -0.002719 0.023919 -0.001018
-0.087316 -0.250047 -0.262695 -0.257937 -0.254241 -0.253815 -0.246652 -0.240503 -0.234650 -0.225745 -0.214505 -0.201997 -0.188249 -0.174181 -0.159848 -0.145963 -0.132615 -0.120114 -0.108515 -0.097900 -0.088181 -0.079396 -0.071465 -0.064323 -0.057902 -0.052129 -0.046942 -0.042275 -0.038076 -0.034290 -0.030874 -0.027784 -0.024984 -0.022441 -0.020123 -0.018006 -0.016059 -0.014273 -0.012598 -0.011164 -0.009534 -0.008516 -0.006605 -0.005844 -0.004957 -0.003946 -0.002982 -0.002568 0.004935 0.013790
-0.063370 -0.316618 -0.280445 -0.275691 -0.271672 -0.271633 -0.264708 -0.259773 -0.252784 -0.242712 -0.230014 -0.215597 -0.199462 -0.183082 -0.166455 -0.150663 -0.135680 -0.121886 -0.109279 -0.097865 -0.087623 -0.078438 -0.070188 -0.062919 -0.056399 -0.050582 -0.045395 -0.040757 -0.036609 -0.032888 -0.029547 -0.026538 -0.023822 -0.021363 -0.019130 -0.017098 -0.015237 -0.013539 -0.012119 -0.010569 -0.009289 -0.008117 -0.006798 -0.006322 -0.004936 -0.003917 -0.002994 -0.001933 0.023956 -0.001277
-0.098688 -0.294753 -0.298519 -0.294161 -0.290739 -0.291303 -0.284592 -0.280436 -0.272790 -0.261677 -0.247262 -0.230519 -0.211283 -0.192179 -0.172828 -0.154829 -0.137967 -0.122724 -0.109021 -0.096818 -0.086031 -0.076494 -0.068011 -0.060679 -0.054144 -0.048363 -0.043252 -0.038709 -0.034676 -0.031074 -0.027857 -0.024971 -0.022377 -0.020036 -0.017914 -0.015986 -0.014212 -0.012615 -0.011060 -0.009926 -0.008278 -0.007362 -0.005549 -0.005022 -0.003395 -0.003286 -0.002404 -0.002065 -0.008139 0.001020
-0.072751 -0.353550 -0.318180 -0.312324 -0.310418 -0.311935 -0.306082 -0.303822 -0.295561 -0.283594 -0.267051 -0.247236 -0.223576 -0.200545 -0.177561 -0.156932 -0.138099 -0.121508 -0.106939 -0.094089 -0.083103 -0.073422 -0.064794 -0.057631 -0.051200 -0.045556 -0.040604 -0.036227 -0.032368 -0.028935 -0.025885 -0.023160 -0.020720 -0.018526 -0.016545 -0.014754 -0.013110 -0.011643 -0.010436 -0.009089 -0.007913 -0.006981 -0.005687 -0.005380 -0.003965 -0.003110 -0.002696 -0.001244 0.022939 -0.001246
-0.127674 -0.372256 -0.337637 -0.333020 -0.331618 -0.334648 -0.330130 -0.329669 -0.321405 -0.309017 -0.289950 -0.266317 -0.236223 -0.208887 -0.181836 -0.158337 -0.137220 -0.119062 -0.103481 -0.090107 -0.078776 -0.069030 -0.060605 -0.053490 -0.047297 -0.041893 -0.037214 -0.033087 -0.029494 -0.026296 -0.023480 -0.020969 -0.018734 -0.016728 -0.014919 -0.013279 -0.011774 -0.010555 -0.009115 -0.008168 -0.006747 -0.005938 -0.004437 -0.003837 -0.002540 -0.002128 -0.001015 -0.000682 -0.006033 0.016792
-0.116823 -0.390597 -0.357845 -0.352364 -0.353541 -0.358575 -0.356288 -0.359251 -0.352060 -0.339948 -0.318339 -0.289061 -0.249678 -0.214141 -0.181317 -0.154310 -0.131568 -0.112613 -0.096978 -0.083793 -0.072768 -0.063395 -0.055173 -0.048654 -0.042844 -0.037832 -0.033513 -0.029716 -0.026434 -0.023513 -0.020950 -0.018677 -0.016661 -0.014860 -0.013242 -0.011791 -0.010483 -0.009291 -0.008309 -0.007256 -0.006263 -0.005522 -0.004442 -0.004035 -0.002925 -0.002702 -0.002061 -0.002061 0.023611 0.001768
-0.122796 -0.374120 -0.378011 -0.373401 -0.375865 -0.384089 -0.385437 -0.392273 -0.387730 -0.377752 -0.353224 -0.316325 -0.258931 -0.217548 -0.179538 -0.150053 -0.124885 -0.104606 -0.088536 -0.075388 -0.064712 -0.055830 -0.048455 -0.042230 -0.037064 -0.032511 -0.028722 -0.025332 -0.022533 -0.019957 -0.017766 -0.015815 -0.014106 -0.012577 -0.011207 -0.009975 -0.008837 -0.007927 -0.006821 -0.006072 -0.005071 -0.004309 -0.003420 -0.002361 -0.001809 -0.001097 -0.000473 0.001933 0.026299 -0.014706
-0.128343 -0.390373 -0.397094 -0.392232 -0.398476 -0.410692 -0.416833 -0.430725 -0.431853 -0.427414 -0.401998 -0.353522 -0.275118 -0.212322 -0.164914 -0.132965 -0.109510 -0.090389 -0.076446 -0.064937 -0.055638 -0.047870 -0.041423 -0.035949 -0.031364 -0.027614 -0.024399 -0.021497 -0.019130 -0.016911 -0.014974 -0.013301 -0.011835 -0.010536 -0.009375 -0.008338 -0.007425 -0.006554 -0.005882 -0.005106 -0.004514 -0.003760 -0.003408 -0.002334 -0.002466 -0.000260 -0.003199 -0.004195 0.022691 0.016686
-0.162216 -0.398055 -0.409028 -0.415749 -0.431877 -0.449349 -0.470716 -0.472392 -0.486553 -0.495474 -0.485098 -0.435911 -0.256939 -0.194713 -0.147084 -0.117619 -0.091114 -0.072297 -0.059912 -0.050041 -0.042397 -0.036183 -0.030984 -0.026744 -0.023643 -0.020250 -0.017836 -0.015457 -0.013955 -0.012082 -0.010735 -0.009539 -0.008547 -0.007637 -0.006819 -0.006097 -0.005422 -0.004865 -0.004252 -0.003668 -0.003521 -0.002728 -0.003144 -0.001607 -0.002878 -0.000115 -0.003246 0.006029 -0.020486 -0.004435
-0.153579 -0.448888 -0.430031 -0.425346 -0.438631 -0.462808 -0.484269 -0.519545 -0.545527 -0.580059 -0.562248 -0.478446 -0.286203 -0.162652 -0.157906 -0.122735 -0.089922 -0.070449 -0.056073 -0.040120 -0.033702 -0.028700 -0.028199 -0.024305 -0.021122 -0.018447 -0.016214 -0.014247 -0.012618 -0.011146 -0.009887 -0.008783 -0.007818 -0.006962 -0.006203 -0.005535 -0.004927 -0.004427 -0.003932 -0.003602 -0.003115 -0.002812 -0.002384 -0.000981 -0.003495 -0.000067 0.004505 -0.009813 0.016870 0.009691
-0.106808 -0.454093 -0.440519 -0.436167 -0.453796 -0.483893 -0.516258 -0.563128 -0.614823 -0.785111 -0.800934 -0.226728 -0.140572 -0.045782 -0.052311 -0.031695 -0.026869 -0.023181 -0.019625 -0.015306 -0.012243 -0.009404 -0.034796 -0.006310 -0.029719 -0.031229 -0.001598 0.002106 0.001359 0.003003 0.001475 0.001320 0.001687 0.002208 0.002666 0.003183 -0.020799 -0.020067 -0.019628 -0.019390 -0.019432 -0.019590 0.004499 -0.024979 -0.020478 -0.018481 -0.016348 -0.012046 0.018656 -0.010208
-0.100512 -0.453865 -0.445364 -0.441375 -0.462473 -0.497724 -0.537875 -0.595292 -0.676980 -1.019678 -1.996421 -0.454338 0.168409 0.006976 0.007025 0.014168 0.008489 0.001404 -0.029817 0.013302 0.015790 0.002871 0.016376 0.012910 -0.022090 -0.004855 0.012382 -0.009333 -0.011483 -0.015902 0.001523 -0.020513 0.003943 -0.020076 -0.021720 -0.005873 -0.019168 -0.013589 -0.002485 -0.017105 -0.019125 -0.001873 -0.002111 -0.027690 -0.004555 -0.017245 -0.018029 -0.015762 -0.002159 -0.012787
-0.105562 -0.423019 -0.442558 -0.439073 -0.462282 -0.497523 -0.541296 -0.597651 -0.687862 -1.001091 -1.241525 -1.145536 0.000000 0.000000 0.000000 0.000000 0.000000 0.000000 0.000000 0.000000 0.000000 0.000000 0.000000 0.000000 0.000000 0.000000 0.000000 0.000000 0.000000 0.000000 0.000000 0.000000 0.000000 0.000000 0.000000 0.000000 0.000000 0.000000 0.000000 0.000000 0.000000 0.000000 0.000000 0.000000 0.000000 0.000000 0.000000 0.000000 0.000000 0.000000
-0.097996 -0.414179 -0.431570 -0.428903 -0.451590 -0.484003 -0.522192 -0.572411 -0.638282 -0.935264 -0.917071 -0.901160 0.000000 0.000000 0.000000 0.000000 0.000000 0.000000 0.000000 0.000000 0.000000 0.000000 0.000000 0.000000 0.000000 0.000000 0.000000 0.000000 0.000000 0.000000 0.000000 0.000000 0.000000 0.000000 0.000000 0.000000 0.000000 0.000000 0.000000 0.000000 0.000000 0.000000 0.000000 0.000000 0.000000 0.000000 0.000000 0.000000 0.000000 0.000000
-0.160712 -0.398349 -0.413916 -0.411726 -0.432966 -0.461703 -0.493579 -0.537031 -0.582763 -0.708150 -0.770297 -0.888456 0.000000 0.000000 0.000000 0.000000 0.000000 0.000000 0.000000 0.000000 0.000000 0.000000 0.000000 0.000000 0.000000 0.000000 0.000000 0.000000 0.000000 0.000000 0.000000 0.000000 0.000000 0.000000 0.000000 0.000000 0.000000 0.000000 0.000000 0.000000 0.000000 0.000000 0.000000 0.000000 0.000000 0.000000 0.000000 0.000000 0.000000 0.000000
-0.085630 -0.366486 -0.388963 -0.406953 -0.407701 -0.430811 -0.457708 -0.490501 -0.526088 -0.558764 -0.591910 -0.646037 0.000000 0.000000 0.000000 0.000000 0.000000 0.000000 0.000000 0.000000 0.000000 0.000000 0.000000 0.000000 0.000000 0.000000 0.000000 0.000000 0.000000 0.000000 0.000000 0.000000 0.000000 0.000000 0.000000 0.000000 0.000000 0.000000 0.000000 0.000000 0.000000 0.000000 0.000000 0.000000 0.000000 0.000000 0.000000 0.000000 0.000000 0.000000
-0.070335 -0.392508 -0.359932 -0.358665 -0.376430 -0.395164 -0.416406 -0.442378 -0.465906 -0.545817 -0.487553 -0.593554 0.000000 0.000000 0.000000 0.000000 0.000000 0.000000 0.000000 0.000000 0.000000 0.000000 0.000000 0.000000 0.000000 0.000000 0.000000 0.000000 0.000000 0.000000 0.000000 0.000000 0.000000 0.000000 0.000000 0.000000 0.000000 0.000000 0.000000 0.000000 0.000000 0.000000 0.000000 0.000000 0.000000 0.000000 0.000000 0.000000 0.000000 0.000000
-0.073971 -0.318224 -0.325148 -0.325611 -0.342572 -0.355732 -0.373622 -0.391909 -0.410044 -0.505730 -0.424345 -0.422594 0.000000 0.000000 0.000000 0.000000 0.000000 0.000000 0.000000 0.000000 0.000000 0.000000 0.000000 0.000000 0.000000 0.000000 0.000000 0.000000 0.000000 0.000000 0.000000 0.000000 0.000000 0.000000 0.000000 0.000000 0.000000 0.000000 0.000000 0.000000 0.000000 0.000000 0.000000 0.000000 0.000000 0.000000 0.000000 0.000000 0.000000 0.000000
-0.002853 -0.280058 -0.288195 -0.289063 -0.304830 -0.313714 -0.328840 -0.341507 -0.354202 -0.406580 -0.359601 -0.405512 0.000000 0.000000 0.000000 0.000000 0.000000 0.000000 0.000000 0.000000 0.000000 0.000000 0.000000 0.000000 0.000000 0.000000 0.000000 0.000000 0.000000 0.000000 0.000000 0.000000 0.000000 0.000000 0.000000 0.000000 0.000000 0.000000 0.000000 0.000000 0.000000 0.000000 0.000000 0.000000 0.000000 0.000000 0.000000 0.000000 0.000000 0.000000
-0.054087 -0.292766 -0.249014 -0.251453 -0.265157 -0.268787 -0.282968 -0.291672 -0.301903 -0.365922 -0.347711 -0.344008 0.000000 0.000000 0.000000 0.000000 0.000000 0.000000 0.000000 0.000000 0.000000 0.000000 0.000000 0.000000 0.000000 0.000000 0.000000 0.000000 0.000000 0.000000 0.000000 0.000000 0.000000 0.000000 0.000000 0.000000 0.000000 0.000000 0.000000 0.000000 0.000000 0.000000 0.000000 0.000000 0.000000 0.000000 0.000000 0.000000 0.000000 0.000000
-0.044846 -0.218942 -0.207086 -0.210141 -0.223889 -0.225960 -0.238264 -0.241150 -0.248990 -0.289554 -0.244625 -0.285515 0.000000 0.000000 0.000000 0.000000 0.000000 0.000000 0.000000 0.000000 0.000000 0.000000 0.000000 0.000000 0.000000 0.000000 0.000000 0.000000 0.000000 0.000000 0.000000 0.000000 0.000000 0.000000 0.000000 0.000000 0.000000 0.000000 0.000000 0.000000 0.000000 0.000000 0.000000 0.000000 0.000000 0.000000 0.000000 0.000000 0.000000 0.000000
-0.061683 -0.182492 -0.165620 -0.165160 -0.179936 -0.174860 -0.190169 -0.192977 -0.200059 -0.232938 -0.193071 -0.232978 0.000000 0.000000 0.000000 0.000000 0.000000 0.000000 0.000000 0.000000 0.000000 0.000000 0.000000 0.000000 0.000000 0.000000 0.000000 0.000000 0.000000 0.000000 0.000000 0.000000 0.000000 0.000000 0.000000 0.000000 0.000000 0.000000 0.000000 0.000000 0.000000 0.000000 0.000000 0.000000 0.000000 0.000000 0.000000 0.000000 0.000000 0.000000
-0.038634 -0.116506 -0.160024 -0.116930 -0.136912 -0.129707 -0.139845 -0.139753 -0.146554 -0.181085 -0.144385 -0.187845 0.000000 0.000000 0.000000 0.000000 0.000000 0.000000 0.000000 0.000000 0.000000 0.000000 0.000000 0.000000 0.000000 0.000000 0.000000 0.000000 0.000000 0.000000 0.000000 0.000000 0.000000 0.000000 0.000000 0.000000 0.000000 0.000000 0.000000 0.000000 0.000000 0.000000 0.000000 0.000000 0.000000 0.000000 0.000000 0.000000 0.000000 0.000000
-0.034110 -0.134571 -0.126534 -0.137186 -0.145836 -0.132270 -0.139600 -0.135081 -0.143949 -0.124665 -0.122492 -0.120142 0.000000 0.000000 0.000000 0.000000 0.000000 0.000000 0.000000 0.000000 0.000000 0.000000 0.000000 0.000000 0.000000 0.000000 0.000000 0.000000 0.000000 0.000000 0.000000 0.000000 0.000000 0.000000 0.000000 0.000000 0.000000 0.000000 0.000000 0.000000 0.000000 0.000000 0.000000 0.000000 0.000000 0.000000 0.000000 0.000000 0.000000 0.000000
-0.001688 -0.064848 -0.049829 -0.063495 -0.073404 -0.073038 -0.062509 -0.077364 -0.069572 -0.058689 -0.099048 -0.085526 0.000000 0.000000 0.000000 0.000000 0.000000 0.000000 0.000000 0.000000 0.000000 0.000000 0.000000 0.000000 0.000000 0.000000 0.000000 0.000000 0.000000 0.000000 0.000000 0.000000 0.000000 0.000000 0.000000 0.000000 0.000000 0.000000 0.000000 0.000000 0.000000 0.000000 0.000000 0.000000 0.000000 0.000000 0.000000 0.000000 0.000000 0.000000
0.014462 -0.011531 -0.018662 -0.027790 -0.024451 -0.022594 -0.022018 -0.017859 -0.016328 -0.002611 -0.001007 -0.014297 0.000000 0.000000 0.000000 0.000000 0.000000 0.000000 0.000000 0.000000 0.000000 0.000000 0.000000 0.000000 0.000000 0.000000 0.000000 0.000000 0.000000 0.000000 0.000000 0.000000 0.000000 0.000000 0.000000 0.000000 0.000000 0.000000 0.000000 0.000000 0.000000 0.000000 0.000000 0.000000 0.000000 0.000000 0.000000 0.000000 0.000000 0.000000
