0.549795 0.528125 0.575931 0.584915 0.596066 0.615375 0.628253 0.608988 0.566451 0.578645 0.677701 0.666660 0.692072 0.698842 0.573488 0.688367 0.670547 0.652153 0.678696 0.663255 0.687733 0.673021 0.650452 0.681866 0.751323 0.710027 0.626379 0.690351 0.729121 0.689447 0.637537 0.693983 0.719442 0.721727 0.645347 0.688929 0.670479 0.736588 0.704863 0.691034 0.692103 0.692553 0.694031 0.738584 0.658813 0.721133 0.729943 0.728083 0.716351 0.735028
0.459327 0.462399 0.529319 0.555702 0.567565 0.591479 0.592919 0.603758 0.607807 0.609180 0.620563 0.621790 0.592339 0.595302 0.640054 0.646188 0.652192 0.658193 0.625650 0.630805 0.635664 0.640188 0.643053 0.648307 0.650866 0.694610 0.697238 0.661704 0.703023 0.705611 0.708073 0.710363 0.712456 0.714583 0.716651 0.719004 0.722645 0.717151 0.681274 0.724961 0.726575 0.727430 0.729432 0.730459 0.728417 0.721232 0.731929 0.681362 0.667384 0.699954
0.496493 0.458306 0.536229 0.546165 0.536438 0.530981 0.550283 0.548609 0.557951 0.566198 0.574563 0.582186 0.589517 0.596179 0.602691 0.608776 0.614630 0.620151 0.625454 0.630432 0.635222 0.639694 0.643788 0.647748 0.651425 0.654910 0.658148 0.661174 0.663979 0.666587 0.668986 0.671222 0.673233 0.675165 0.676761 0.678500 0.679630 0.681097 0.682004 0.683282 0.683618 0.685088 0.684183 0.686966 0.683906 0.688460 0.687910 0.685702 0.680065 0.680109
0.507623 0.543829 0.479535 0.488677 0.526921 0.517758 0.539115 0.545803 0.558975 0.565949 0.574796 0.581776 0.589086 0.595677 0.602154 0.608226 0.614061 0.619578 0.624835 0.631339 0.634457 0.638892 0.643168 0.647177 0.650850 0.654309 0.657532 0.660542 0.663339 0.665940 0.668347 0.670586 0.672627 0.674547 0.676149 0.677767 0.678907 0.679979 0.681583 0.682302 0.682884 0.683474 0.682658 0.684127 0.679817 0.686610 0.670507 0.687258 0.679334 0.680950
0.511309 0.550844 0.521139 0.510224 0.552420 0.535102 0.558205 0.553492 0.566777 0.568196 0.578250 0.582872 0.590785 0.596825 0.603286 0.609271 0.615090 0.620602 0.625878 0.632524 0.635583 0.640086 0.644241 0.648160 0.651827 0.655262 0.658460 0.661438 0.664200 0.666763 0.669123 0.671315 0.673302 0.675178 0.676806 0.678483 0.679739 0.681227 0.681913 0.683780 0.683725 0.686628 0.685127 0.690550 0.684132 0.697103 0.675860 0.689257 0.683260 0.681752
0.516794 0.532040 0.527072 0.492204 0.540750 0.521810 0.545835 0.548476 0.562228 0.567922 0.577066 0.583763 0.591147 0.597719 0.604249 0.610345 0.616209 0.621750 0.627021 0.633977 0.636691 0.641117 0.645272 0.649173 0.652809 0.656210 0.659372 0.662313 0.665038 0.667561 0.669887 0.672036 0.673997 0.675811 0.677421 0.678933 0.680207 0.681383 0.682405 0.683155 0.683608 0.684449 0.683185 0.685358 0.679615 0.689585 0.671262 0.687977 0.688105 0.704243
0.498990 0.542906 0.516553 0.506572 0.552700 0.533528 0.559821 0.555383 0.568963 0.570294 0.580551 0.585063 0.593110 0.599295 0.605842 0.611890 0.617745 0.623281 0.628544 0.634061 0.638193 0.642599 0.646717 0.650572 0.654166 0.657519 0.660632 0.663521 0.666194 0.668664 0.670937 0.673033 0.674946 0.676714 0.678296 0.679796 0.681030 0.682400 0.683025 0.684784 0.684483 0.687298 0.685558 0.691011 0.684400 0.698335 0.675459 0.688354 0.686601 0.683704
0.513276 0.567045 0.514066 0.512587 0.552211 0.534068 0.558818 0.554048 0.568135 0.571495 0.580774 0.586983 0.594405 0.600925 0.607475 0.613597 0.619483 0.625038 0.630300 0.635776 0.639912 0.644276 0.648354 0.652162 0.655705 0.659001 0.662056 0.664885 0.667496 0.669903 0.672115 0.674146 0.675999 0.677697 0.679220 0.680622 0.681824 0.682959 0.683816 0.684553 0.684903 0.685572 0.684371 0.686457 0.680648 0.692178 0.673577 0.689235 0.690548 0.688626
0.528869 0.559571 0.513096 0.506893 0.550166 0.533330 0.559438 0.557480 0.570873 0.573332 0.583231 0.588472 0.596328 0.602922 0.609528 0.615679 0.621579 0.627136 0.632388 0.637837 0.641948 0.646271 0.650868 0.654048 0.657528 0.660756 0.663740 0.666495 0.669032 0.671364 0.673503 0.675461 0.677245 0.678876 0.680340 0.681695 0.682830 0.684019 0.684599 0.686083 0.685820 0.688164 0.686604 0.691295 0.685310 0.698667 0.675847 0.688935 0.690841 0.688032
0.514583 0.562960 0.512776 0.513741 0.552959 0.537463 0.562524 0.559277 0.572852 0.575719 0.584888 0.591099 0.598620 0.605220 0.611851 0.618042 0.623963 0.629529 0.634771 0.640247 0.644267 0.648538 0.653108 0.656186 0.659591 0.662737 0.665638 0.668307 0.670757 0.673002 0.675055 0.676928 0.678631 0.680179 0.681566 0.682831 0.683913 0.684937 0.685685 0.686350 0.686656 0.687093 0.686237 0.687981 0.683441 0.694266 0.675821 0.690289 0.693751 0.688928
0.514460 0.540782 0.510777 0.516063 0.555450 0.537700 0.564245 0.559651 0.573318 0.577328 0.587007 0.593103 0.601028 0.607780 0.614500 0.620746 0.626693 0.632263 0.637489 0.642952 0.646902 0.651111 0.655612 0.658605 0.661921 0.664973 0.667774 0.670343 0.672692 0.674838 0.676793 0.678570 0.680181 0.681640 0.682946 0.684135 0.685142 0.686148 0.686711 0.687817 0.687637 0.689341 0.688122 0.691208 0.686416 0.696676 0.676555 0.690614 0.729483 0.715609
0.479681 0.549586 0.511423 0.514764 0.552871 0.538248 0.564211 0.563040 0.576536 0.580165 0.589286 0.596183 0.603861 0.610725 0.617499 0.623799 0.629769 0.635342 0.640545 0.645998 0.649857 0.653992 0.657801 0.661301 0.664513 0.667454 0.670142 0.672595 0.674829 0.676860 0.678702 0.680371 0.681876 0.683234 0.684444 0.685536 0.686466 0.687342 0.687956 0.688563 0.688754 0.689072 0.688415 0.689890 0.686081 0.696146 0.677329 0.691180 0.694936 0.719995
0.512064 0.509545 0.511883 0.518579 0.553860 0.539339 0.565425 0.563877 0.576741 0.582534 0.591660 0.599081 0.606967 0.613999 0.620864 0.627229 0.633224 0.638794 0.643967 0.649378 0.653151 0.657196 0.660902 0.664289 0.667378 0.670191 0.672747 0.675067 0.677169 0.679070 0.680786 0.682332 0.683721 0.684967 0.686072 0.687066 0.687907 0.688706 0.689246 0.689968 0.689910 0.690927 0.689764 0.691818 0.687563 0.698478 0.678722 0.691689 0.716811 0.720016
0.509215 0.537294 0.512389 0.518504 0.552686 0.541472 0.566256 0.567279 0.580965 0.585090 0.594640 0.602497 0.610453 0.617673 0.624630 0.631061 0.637080 0.642641 0.647774 0.653137 0.656801 0.660738 0.664321 0.667573 0.670519 0.673183 0.675588 0.677756 0.679709 0.681463 0.683037 0.684447 0.685705 0.686828 0.687816 0.688698 0.689438 0.690131 0.690585 0.691160 0.691135 0.691654 0.690761 0.692334 0.688233 0.698918 0.680239 0.692228 0.695153 0.720135
0.507089 0.538257 0.514227 0.519962 0.551849 0.542481 0.567120 0.569118 0.581587 0.588934 0.598211 0.606279 0.614408 0.621788 0.628844 0.635338 0.641375 0.646916 0.651993 0.657294 0.660826 0.664633 0.668069 0.671162 0.673941 0.676434 0.678666 0.680662 0.682446 0.684036 0.685452 0.686710 0.687825 0.688811 0.689673 0.690436 0.691066 0.691658 0.692021 0.692526 0.692430 0.693056 0.692048 0.693707 0.689495 0.699907 0.680560 0.693752 0.698934 0.720136
0.511579 0.545327 0.514258 0.519591 0.553548 0.545355 0.569674 0.572424 0.586182 0.591910 0.602072 0.610444 0.618797 0.626364 0.633535 0.640095 0.646144 0.651652 0.656657 0.661866 0.665247 0.668895 0.672157 0.675064 0.677650 0.679945 0.681980 0.683782 0.685376 0.686782 0.688022 0.689114 0.690071 0.690910 0.691633 0.692269 0.692781 0.693266 0.693527 0.693955 0.693764 0.694269 0.693184 0.694653 0.691161 0.700955 0.681257 0.694629 0.701274 0.720806
0.512538 0.552485 0.518410 0.521085 0.552172 0.546945 0.570755 0.575565 0.587821 0.596756 0.606645 0.615174 0.623749 0.631487 0.638770 0.645386 0.651433 0.656891 0.661799 0.666884 0.670085 0.673544 0.676598 0.679287 0.681649 0.683718 0.685528 0.687111 0.688492 0.689695 0.690741 0.691649 0.692434 0.693112 0.693686 0.694184 0.694569 0.694935 0.695094 0.695401 0.695157 0.695614 0.694378 0.695803 0.691783 0.701474 0.682941 0.695287 0.700281 0.734011
0.507781 0.549015 0.518828 0.521805 0.555691 0.549984 0.574647 0.578901 0.592715 0.600333 0.611361 0.620335 0.629223 0.637181 0.644592 0.651262 0.657296 0.662677 0.667455 0.672385 0.675366 0.678595 0.681404 0.683837 0.685939 0.687750 0.689306 0.690642 0.691786 0.692763 0.693597 0.694304 0.694902 0.695407 0.695822 0.696175 0.696427 0.696680 0.696730 0.696991 0.696623 0.697218 0.695964 0.697515 0.693826 0.702830 0.683679 0.696579 0.702233 0.711294
0.507421 0.547838 0.521643 0.523869 0.556166 0.552287 0.576030 0.583443 0.596140 0.606298 0.616881 0.626252 0.635381 0.643558 0.651086 0.657799 0.663793 0.669062 0.673670 0.678410 0.681114 0.684067 0.686584 0.688719 0.690522 0.692037 0.693306 0.694366 0.695247 0.695976 0.696576 0.697067 0.697463 0.697782 0.698025 0.698220 0.698329 0.698445 0.698378 0.698470 0.698047 0.698157 0.696921 0.698086 0.694476 0.703819 0.685522 0.697552 0.701977 0.725009
0.509661 0.545748 0.523848 0.524516 0.558198 0.554874 0.580167 0.586728 0.600744 0.611695 0.622890 0.632768 0.642245 0.650673 0.658330 0.665071 0.670989 0.676103 0.680491 0.684977 0.687353 0.689975 0.692148 0.693935 0.695393 0.696572 0.697518 0.698270 0.698861 0.699318 0.699664 0.699920 0.700100 0.700221 0.700283 0.700316 0.700278 0.700273 0.700091 0.700167 0.699623 0.700135 0.698901 0.700540 0.696525 0.705352 0.686219 0.698777 0.704188 0.725894
0.507079 0.544366 0.525769 0.525651 0.560495 0.558098 0.581726 0.592672 0.606375 0.617957 0.629676 0.640119 0.649972 0.658662 0.666442 0.673173 0.678970 0.683868 0.687967 0.692127 0.694109 0.696333 0.698099 0.699481 0.700543 0.701342 0.701927 0.702338 0.702610 0.702770 0.702843 0.702847 0.702796 0.702705 0.702576 0.702433 0.702236 0.702078 0.701762 0.701640 0.701004 0.700882 0.699491 0.700631 0.696344 0.706202 0.686747 0.699626 0.705010 0.726252
0.506869 0.537793 0.528801 0.526497 0.563317 0.561139 0.587529 0.596011 0.611971 0.624612 0.637213 0.648328 0.658656 0.667642 0.675537 0.682215 0.687829 0.692432 0.696157 0.699917 0.701405 0.703149 0.704437 0.705350 0.705960 0.706330 0.706511 0.706547 0.706470 0.706310 0.706089 0.705825 0.705531 0.705219 0.704890 0.704569 0.704213 0.703926 0.703490 0.703347 0.702641 0.702947 0.701336 0.702822 0.698185 0.707925 0.687632 0.701456 0.741433 0.722595
0.429184 0.545998 0.531198 0.528224 0.565991 0.565214 0.589025 0.603545 0.619285 0.632460 0.645920 0.657703 0.668542 0.677819 0.685788 0.692341 0.697677 0.701875 0.705114 0.708368 0.709254 0.710426 0.711974 0.711523 0.711621 0.711510 0.711245 0.710869 0.710416 0.709913 0.709379 0.708832 0.708282 0.707740 0.707204 0.706695 0.706169 0.705719 0.705141 0.704816 0.703969 0.703753 0.702277 0.703873 0.699210 0.709941 0.689788 0.701951 0.707555 0.728299
0.508641 0.539137 0.533674 0.528560 0.568771 0.568503 0.596952 0.607106 0.625934 0.640737 0.655531 0.668269 0.679757 0.689356 0.697365 0.703699 0.708639 0.712291 0.714901 0.717534 0.717671 0.718160 0.719112 0.717977 0.717495 0.716849 0.716094 0.715272 0.714414 0.713546 0.712683 0.711841 0.711026 0.710248 0.709502 0.708808 0.708119 0.707539 0.706838 0.706481 0.705588 0.705643 0.704108 0.704809 0.700089 0.710401 0.691111 0.703851 0.707575 0.729788
0.508476 0.540973 0.535813 0.531222 0.573183 0.573091 0.599106 0.614722 0.634677 0.650526 0.666682 0.680482 0.692701 0.702601 0.710551 0.716488 0.720845 0.723747 0.725546 0.727341 0.726632 0.726316 0.726518 0.724667 0.723537 0.722303 0.721016 0.719714 0.718427 0.717174 0.715968 0.714820 0.713733 0.712714 0.711751 0.710864 0.710001 0.709245 0.708406 0.707865 0.706781 0.706414 0.704625 0.705857 0.701584 0.711532 0.691892 0.704368 0.743659 0.735154
0.501445 0.541471 0.537741 0.531560 0.573606 0.576920 0.603632 0.622542 0.643814 0.661444 0.679307 0.694531 0.707610 0.717781 0.725574 0.730913 0.734472 0.736380 0.737138 0.737948 0.736149 0.734876 0.734281 0.731545 0.729695 0.727816 0.725955 0.724144 0.722405 0.720754 0.719195 0.717735 0.716374 0.715114 0.713940 0.712876 0.711856 0.711005 0.710070 0.709558 0.708443 0.708694 0.706759 0.708951 0.703193 0.713637 0.692597 0.706004 0.708680 0.730348
0.508358 0.511560 0.539393 0.533264 0.578497 0.581051 0.610363 0.629964 0.653526 0.673555 0.693805 0.711070 0.725274 0.735617 0.742946 0.747235 0.749602 0.750132 0.749553 0.749157 0.746072 0.743708 0.742067 0.738514 0.735885 0.733318 0.730852 0.728510 0.726304 0.724244 0.722326 0.720552 0.718914 0.717410 0.716021 0.714763 0.713565 0.712535 0.711398 0.710660 0.709244 0.708933 0.706365 0.707590 0.701447 0.712286 0.692201 0.707214 0.746855 0.731431
0.501503 0.543489 0.540583 0.534213 0.579576 0.584317 0.614678 0.637617 0.663575 0.687117 0.710453 0.730571 0.746028 0.756240 0.762894 0.765736 0.766554 0.765309 0.763039 0.760960 0.756487 0.752828 0.750136 0.745511 0.742029 0.738726 0.735625 0.732734 0.730053 0.727584 0.725307 0.723225 0.721318 0.719585 0.717997 0.716582 0.715237 0.714163 0.713025 0.712385 0.711051 0.711522 0.709190 0.712500 0.705900 0.718223 0.695606 0.707899 0.712621 0.731906
0.512272 0.543896 0.540956 0.533974 0.581623 0.586287 0.620589 0.644356 0.674411 0.702128 0.730175 0.754693 0.772059 0.781583 0.786472 0.786623 0.784996 0.781274 0.776877 0.772970 0.766865 0.761841 0.757809 0.752338 0.747988 0.743940 0.740203 0.736766 0.733614 0.730743 0.728114 0.725729 0.723557 0.721594 0.719801 0.718206 0.716684 0.715495 0.713990 0.713177 0.711347 0.711145 0.707939 0.709485 0.702092 0.713793 0.694131 0.709767 0.746689 0.717071
0.508057 0.543858 0.540250 0.533640 0.582607 0.586793 0.623506 0.650167 0.684831 0.718624 0.753136 0.784501 0.803597 0.810472 0.813260 0.810194 0.805797 0.799048 0.792001 0.784718 0.777648 0.770968 0.765610 0.758945 0.753668 0.748845 0.744461 0.740480 0.736866 0.733618 0.730650 0.727986 0.725574 0.723413 0.721457 0.719736 0.718152 0.716851 0.715549 0.714793 0.713315 0.713907 0.711356 0.715065 0.707985 0.720275 0.697155 0.709975 0.710907 0.727770
0.507948 0.542011 0.537936 0.530614 0.581074 0.584378 0.625408 0.653095 0.694245 0.735782 0.781176 0.823924 0.847316 0.849712 0.845757 0.835969 0.826563 0.815881 0.805789 0.796260 0.787351 0.779236 0.771787 0.765022 0.758873 0.753325 0.748365 0.743882 0.739850 0.736256 0.732974 0.730040 0.727392 0.725027 0.722882 0.721000 0.719199 0.717854 0.716058 0.715221 0.713079 0.712920 0.709421 0.710877 0.703422 0.713089 0.693492 0.710674 0.710634 0.710003
0.507714 0.540031 0.533559 0.526097 0.577670 0.578572 0.621524 0.652422 0.700017 0.752784 0.814149 0.876765 0.901955 0.889070 0.880705 0.864930 0.851026 0.835350 0.821424 0.808778 0.797383 0.787370 0.778435 0.770441 0.763478 0.757259 0.751689 0.746723 0.742286 0.738426 0.734827 0.731684 0.728846 0.726348 0.724097 0.722134 0.720361 0.718890 0.717507 0.716579 0.715155 0.715615 0.713332 0.716693 0.710001 0.721160 0.699654 0.712937 0.701801 0.725127
0.509745 0.536012 0.503202 0.561712 0.555331 0.606151 0.635943 0.639551 0.693728 0.757716 0.844937 0.955281 0.988576 0.956872 0.922698 0.892673 0.866994 0.848317 0.831429 0.817407 0.804685 0.793675 0.783889 0.775204 0.767330 0.760380 0.754608 0.749238 0.744615 0.740511 0.736635 0.733221 0.730191 0.727512 0.725091 0.722968 0.720992 0.719394 0.717560 0.716583 0.714428 0.713992 0.710844 0.711504 0.705409 0.711899 0.694574 0.710029 0.702929 0.740798
0.507854 0.535877 0.517449 0.506842 0.557840 0.549933 0.594768 0.624332 0.681934 0.767323 0.877095 1.065551 1.105706 0.985808 0.928609 0.907493 0.871269 0.853992 0.833855 0.822285 0.806848 0.794183 0.785720 0.776873 0.768993 0.762070 0.755929 0.750480 0.745642 0.741385 0.737539 0.734158 0.731121 0.728432 0.726005 0.723874 0.721875 0.720218 0.718458 0.717232 0.715260 0.715199 0.712431 0.713850 0.706188 0.708978 0.714836 0.723336 0.690753 0.708730
0.505703 0.531027 0.504709 0.492584 0.542570 0.524880 0.566354 0.587553 0.630497 0.771642 0.914612 1.627407 1.236656 1.080241 1.029709 0.972587 0.950673 0.925823 0.902466 0.880564 0.863354 0.846565 0.839670 0.823665 0.820358 0.811095 0.799447 0.792260 0.785273 0.783574 0.780126 0.776798 0.773760 0.771093 0.768786 0.766847 0.767023 0.765590 0.764317 0.763148 0.761930 0.760456 0.758279 0.755630 0.749952 0.741742 0.738076 0.730714 0.732953 0.725831
0.503519 0.525133 0.489627 0.476080 0.522180 0.493343 0.523991 0.528341 0.548793 0.524220 0.449868 -0.458214 1.397651 1.020764 1.049900 0.978797 0.995285 0.896429 0.907047 0.884033 0.847499 0.892114 0.842449 0.871293 0.841175 0.868074 0.845637 0.756261 0.781416 0.763098 0.816592 0.780106 0.749049 0.773867 0.763572 0.835221 0.766158 0.751709 0.794965 0.723641 0.760660 0.792159 0.766854 0.745031 0.694299 0.737584 0.749411 0.728116 0.755940 0.774911
0.505814 0.512551 0.472452 0.457360 0.497933 0.455085 0.470103 0.447429 0.432749 0.441351 0.133443 0.063748 0.000000 0.000000 0.000000 0.000000 0.000000 0.000000 0.000000 0.000000 0.000000 0.000000 0.000000 0.000000 0.000000 0.000000 0.000000 0.000000 0.000000 0.000000 0.000000 0.000000 0.000000 0.000000 0.000000 0.000000 0.000000 0.000000 0.000000 0.000000 0.000000 0.000000 0.000000 0.000000 0.000000 0.000000 0.000000 0.000000 0.000000 0.000000
0.503241 0.506534 0.454770 0.439036 0.474063 0.418590 0.424473 0.379907 0.351868 0.294000 0.153315 0.028472 0.000000 0.000000 0.000000 0.000000 0.000000 0.000000 0.000000 0.000000 0.000000 0.000000 0.000000 0.000000 0.000000 0.000000 0.000000 0.000000 0.000000 0.000000 0.000000 0.000000 0.000000 0.000000 0.000000 0.000000 0.000000 0.000000 0.000000 0.000000 0.000000 0.000000 0.000000 0.000000 0.000000 0.000000 0.000000 0.000000 0.000000 0.000000
0.506555 0.500110 0.439038 0.422785 0.450418 0.387499 0.382470 0.331443 0.288645 0.162530 0.058070 -0.000548 0.000000 0.000000 0.000000 0.000000 0.000000 0.000000 0.000000 0.000000 0.000000 0.000000 0.000000 0.000000 0.000000 0.000000 0.000000 0.000000 0.000000 0.000000 0.000000 0.000000 0.000000 0.000000 0.000000 0.000000 0.000000 0.000000 0.000000 0.000000 0.000000 0.000000 0.000000 0.000000 0.000000 0.000000 0.000000 0.000000 0.000000 0.000000
0.487231 0.510108 0.423536 0.423543 0.430814 0.360452 0.350127 0.291316 0.246359 0.188964 0.064174 0.039123 0.000000 0.000000 0.000000 0.000000 0.000000 0.000000 0.000000 0.000000 0.000000 0.000000 0.000000 0.000000 0.000000 0.000000 0.000000 0.000000 0.000000 0.000000 0.000000 0.000000 0.000000 0.000000 0.000000 0.000000 0.000000 0.000000 0.000000 0.000000 0.000000 0.000000 0.000000 0.000000 0.000000 0.000000 0.000000 0.000000 0.000000 0.000000
0.511496 0.501694 0.412309 0.396124 0.412347 0.339367 0.323487 0.263319 0.216703 0.116703 -0.002713 0.008781 0.000000 0.000000 0.000000 0.000000 0.000000 0.000000 0.000000 0.000000 0.000000 0.000000 0.000000 0.000000 0.000000 0.000000 0.000000 0.000000 0.000000 0.000000 0.000000 0.000000 0.000000 0.000000 0.000000 0.000000 0.000000 0.000000 0.000000 0.000000 0.000000 0.000000 0.000000 0.000000 0.000000 0.000000 0.000000 0.000000 0.000000 0.000000
0.500685 0.485590 0.400676 0.386036 0.398650 0.322269 0.303625 0.241920 0.196197 0.085477 0.023056 0.019034 0.000000 0.000000 0.000000 0.000000 0.000000 0.000000 0.000000 0.000000 0.000000 0.000000 0.000000 0.000000 0.000000 0.000000 0.000000 0.000000 0.000000 0.000000 0.000000 0.000000 0.000000 0.000000 0.000000 0.000000 0.000000 0.000000 0.000000 0.000000 0.000000 0.000000 0.000000 0.000000 0.000000 0.000000 0.000000 0.000000 0.000000 0.000000
0.498531 0.480219 0.393133 0.380408 0.387774 0.310362 0.287909 0.227024 0.181198 0.096250 0.024786 0.004318 0.000000 0.000000 0.000000 0.000000 0.000000 0.000000 0.000000 0.000000 0.000000 0.000000 0.000000 0.000000 0.000000 0.000000 0.000000 0.000000 0.000000 0.000000 0.000000 0.000000 0.000000 0.000000 0.000000 0.000000 0.000000 0.000000 0.000000 0.000000 0.000000 0.000000 0.000000 0.000000 0.000000 0.000000 0.000000 0.000000 0.000000 0.000000
0.501233 0.483278 0.385103 0.374303 0.377291 0.300867 0.276647 0.216638 0.171011 0.062918 -0.008351 0.002877 0.000000 0.000000 0.000000 0.000000 0.000000 0.000000 0.000000 0.000000 0.000000 0.000000 0.000000 0.000000 0.000000 0.000000 0.000000 0.000000 0.000000 0.000000 0.000000 0.000000 0.000000 0.000000 0.000000 0.000000 0.000000 0.000000 0.000000 0.000000 0.000000 0.000000 0.000000 0.000000 0.000000 0.000000 0.000000 0.000000 0.000000 0.000000
0.500900 0.466104 0.379530 0.373532 0.370186 0.294732 0.266530 0.208384 0.162774 0.087494 0.030000 0.001897 0.000000 0.000000 0.000000 0.000000 0.000000 0.000000 0.000000 0.000000 0.000000 0.000000 0.000000 0.000000 0.000000 0.000000 0.000000 0.000000 0.000000 0.000000 0.000000 0.000000 0.000000 0.000000 0.000000 0.000000 0.000000 0.000000 0.000000 0.000000 0.000000 0.000000 0.000000 0.000000 0.000000 0.000000 0.000000 0.000000 0.000000 0.000000
0.507717 0.484935 0.379869 0.379111 0.365369 0.301636 0.263569 0.206166 0.158278 0.081359 0.030110 0.000376 0.000000 0.000000 0.000000 0.000000 0.000000 0.000000 0.000000 0.000000 0.000000 0.000000 0.000000 0.000000 0.000000 0.000000 0.000000 0.000000 0.000000 0.000000 0.000000 0.000000 0.000000 0.000000 0.000000 0.000000 0.000000 0.000000 0.000000 0.000000 0.000000 0.000000 0.000000 0.000000 0.000000 0.000000 0.000000 0.000000 0.000000 0.000000
0.514640 0.446620 0.373844 0.353051 0.345123 0.281823 0.250579 0.200266 0.151926 0.081879 0.030826 0.001495 0.000000 0.000000 0.000000 0.000000 0.000000 0.000000 0.000000 0.000000 0.000000 0.000000 0.000000 0.000000 0.000000 0.000000 0.000000 0.000000 0.000000 0.000000 0.000000 0.000000 0.000000 0.000000 0.000000 0.000000 0.000000 0.000000 0.000000 0.000000 0.000000 0.000000 0.000000 0.000000 0.000000 0.000000 0.000000 0.000000 0.000000 0.000000
0.507540 0.444777 0.387551 0.356508 0.343102 0.288672 0.249678 0.202091 0.148311 0.072122 0.008050 0.006241 0.000000 0.000000 0.000000 0.000000 0.000000 0.000000 0.000000 0.000000 0.000000 0.000000 0.000000 0.000000 0.000000 0.000000 0.000000 0.000000 0.000000 0.000000 0.000000 0.000000 0.000000 0.000000 0.000000 0.000000 0.000000 0.000000 0.000000 0.000000 0.000000 0.000000 0.000000 0.000000 0.000000 0.000000 0.000000 0.000000 0.000000 0.000000
0.471346 0.446777 0.397344 0.343468 0.298579 0.257735 0.223380 0.170322 0.113823 0.089238 -0.009823 -0.020799 0.000000 0.000000 0.000000 0.000000 0.000000 0.000000 0.000000 0.000000 0.000000 0.000000 0.000000 0.000000 0.000000 0.000000 0.000000 0.000000 0.000000 0.000000 0.000000 0.000000 0.000000 0.000000 0.000000 0.000000 0.000000 0.000000 0.000000 0.000000 0.000000 0.000000 0.000000 0.000000 0.000000 0.000000 0.000000 0.000000 0.000000 0.000000
0.524064 0.476716 0.373559 0.374094 0.331810 0.287276 0.239334 0.158398 0.143922 0.101415 0.054274 0.010549 0.000000 0.000000 0.000000 0.000000 0.000000 0.000000 0.000000 0.000000 0.000000 0.000000 0.000000 0.000000 0.000000 0.000000 0.000000 0.000000 0.000000 0.000000 0.000000 0.000000 0.000000 0.000000 0.000000 0.000000 0.000000 0.000000 0.000000 0.000000 0.000000 0.000000 0.000000 0.000000 0.000000 0.000000 0.000000 0.000000 0.000000 0.000000
