0.000000 0.000000 0.000000 0.000000 0.000000 0.000000 0.000000 0.000000 0.000000 0.000000 0.000000 0.000000 0.000000 0.000000 0.000000 0.000000 0.000000 0.000000 0.000000 0.000000 0.000000 0.000000 0.000000 0.000000 0.000000 0.000000 0.000000 -0.002465 -0.001713 -0.002398 0.000330 -0.000873 -0.001464 -0.009497 0.002080 0.002019 -0.002414 0.000946 0.001402 0.001267 0.002085 0.000000 0.000000 0.000000 0.000000 0.000000 0.000000 0.000000 0.000000 0.000000
0.000000 0.000000 0.000000 0.000000 0.000000 0.000000 0.000000 0.000000 0.000000 0.000000 0.000000 0.000000 0.000000 0.000000 0.000000 0.000000 0.000000 0.000000 0.000000 0.000000 0.000000 0.000000 0.000000 0.000000 0.000000 0.000000 0.000000 -0.012521 -0.020552 -0.013351 -0.013376 -0.009278 -0.008034 -0.004486 -0.001727 0.002043 0.009626 0.012384 0.008095 0.017817 0.016243 0.000000 0.000000 0.000000 0.000000 0.000000 0.000000 0.000000 0.000000 0.000000
0.000000 0.000000 0.000000 0.000000 0.000000 0.000000 0.000000 0.000000 0.000000 0.000000 0.000000 0.000000 0.000000 0.000000 0.000000 0.000000 0.000000 0.000000 0.000000 0.000000 0.000000 0.000000 0.000000 0.000000 0.000000 0.000000 0.000000 -0.031998 -0.031559 -0.030311 -0.024010 -0.016978 -0.009157 -0.001629 0.005531 0.012264 0.018041 0.023155 0.027388 0.026966 0.031666 0.000000 0.000000 0.000000 0.000000 0.000000 0.000000 0.000000 0.000000 0.000000
0.000000 0.000000 0.000000 0.000000 0.000000 0.000000 0.000000 0.000000 0.000000 0.000000 0.000000 0.000000 0.000000 0.000000 0.000000 0.000000 0.000000 0.000000 0.000000 0.000000 0.000000 0.000000 0.000000 0.000000 0.000000 0.000000 0.000000 -0.034204 -0.042339 -0.029412 -0.024465 -0.017474 -0.009460 -0.001659 0.005773 0.012717 0.018945 0.024039 0.027120 0.037366 0.032984 0.000000 0.000000 0.000000 0.000000 0.000000 0.000000 0.000000 0.000000 0.000000
0.000000 0.000000 0.000000 0.000000 0.000000 0.000000 0.000000 0.000000 0.000000 0.000000 0.000000 0.000000 0.000000 0.000000 0.000000 0.000000 0.000000 0.000000 0.000000 0.000000 0.000000 0.000000 0.000000 0.000000 0.000000 0.000000 0.000000 -0.058027 -0.062821 -0.043190 -0.035484 -0.024435 -0.012983 -0.001834 0.008857 0.018807 0.027446 0.035226 0.039385 0.054588 0.037032 0.000000 0.000000 0.000000 0.000000 0.000000 0.000000 0.000000 0.000000 0.000000
0.000000 0.000000 0.000000 0.000000 0.000000 0.000000 0.000000 0.000000 0.000000 0.000000 0.000000 0.000000 0.000000 0.000000 0.000000 0.000000 0.000000 0.000000 0.000000 0.000000 0.000000 0.000000 0.000000 0.000000 0.000000 0.000000 0.000000 -0.068234 -0.085180 -0.058003 -0.046330 -0.031832 -0.016450 -0.001628 0.012165 0.025107 0.035776 0.046006 0.051716 0.071580 0.067821 0.000000 0.000000 0.000000 0.000000 0.000000 0.000000 0.000000 0.000000 0.000000
0.000000 0.000000 0.000000 0.000000 0.000000 0.000000 0.000000 0.000000 0.000000 0.000000 0.000000 0.000000 0.000000 0.000000 0.000000 0.000000 0.000000 0.000000 0.000000 0.000000 0.000000 0.000000 0.000000 0.000000 0.000000 0.000000 0.000000 -0.134246 -0.113332 -0.077731 -0.060786 -0.040746 -0.019810 -0.000632 0.017201 0.033525 0.048075 0.060483 0.067688 0.092588 0.078513 0.000000 0.000000 0.000000 0.000000 0.000000 0.000000 0.000000 0.000000 0.000000
0.000000 0.000000 0.000000 0.000000 0.000000 0.000000 0.000000 0.000000 0.000000 0.000000 0.000000 0.000000 0.000000 0.000000 0.000000 0.000000 0.000000 0.000000 0.000000 0.000000 0.000000 0.000000 0.000000 0.000000 0.000000 0.000000 0.000000 -0.127077 -0.154661 -0.100140 -0.076725 -0.048872 -0.022469 0.001907 0.023383 0.043268 0.059763 0.077002 0.086006 0.110351 0.103844 0.000000 0.000000 0.000000 0.000000 0.000000 0.000000 0.000000 0.000000 0.000000
0.000000 0.000000 0.000000 0.000000 0.000000 0.000000 0.000000 0.000000 0.000000 0.000000 0.000000 0.000000 0.000000 0.000000 0.000000 0.000000 0.000000 0.000000 0.000000 0.000000 0.000000 0.000000 0.000000 0.000000 0.000000 0.000000 0.000000 -0.199464 -0.173673 -0.133015 -0.096316 -0.057187 -0.023543 0.006458 0.032242 0.055694 0.075760 0.095744 0.108714 0.149380 0.139825 0.000000 0.000000 0.000000 0.000000 0.000000 0.000000 0.000000 0.000000 0.000000
0.000000 0.000000 0.000000 0.000000 0.000000 0.000000 0.000000 0.000000 0.000000 0.000000 0.000000 0.000000 0.000000 0.000000 0.000000 0.000000 0.000000 0.000000 0.000000 0.000000 0.000000 0.000000 0.000000 0.000000 0.000000 0.000000 0.000000 -0.319187 -0.296093 -0.163372 -0.115334 -0.060883 -0.020465 0.015015 0.044069 0.070432 0.093081 0.117406 0.134173 0.187710 0.195937 0.000000 0.000000 0.000000 0.000000 0.000000 0.000000 0.000000 0.000000 0.000000
0.000000 0.000000 0.000000 0.000000 0.000000 0.000000 0.000000 0.000000 0.000000 0.000000 0.000000 0.000000 0.000000 0.000000 0.000000 0.000000 0.000000 0.000000 0.000000 0.000000 0.000000 0.000000 0.000000 0.000000 0.000000 0.000000 0.000000 -0.034046 -0.433277 -0.219929 -0.129824 -0.059930 -0.011512 0.028177 0.059483 0.087191 0.110774 0.138459 0.161924 0.217352 0.364287 0.000000 0.000000 0.000000 0.000000 0.000000 0.000000 0.000000 0.000000 0.000000
0.453825 0.412536 0.514059 0.515406 0.511000 0.507554 0.508943 0.465541 0.511245 0.516765 0.468769 0.472241 0.522583 0.510204 0.503208 0.503472 0.512871 0.504628 0.541236 0.495774 0.466378 0.556596 0.513302 0.454228 0.503277 0.497449 0.478347 -0.310493 -0.150433 -0.214073 -0.109818 -0.037607 0.011475 0.049473 0.080454 0.105928 0.129812 0.153860 0.181440 0.196604 0.392274 0.001732 0.009944 0.010457 0.009746 0.010164 0.006548 -0.003014 0.006325 0.005227
0.435561 0.402060 0.424173 0.462463 0.410034 0.430112 0.427798 0.432810 0.431694 0.437474 0.435576 0.440875 0.439671 0.412692 0.406930 0.406937 0.410271 0.418815 0.413204 0.413765 0.411210 0.403279 0.394197 0.379551 0.397785 0.299170 0.219179 -0.071464 -0.114391 -0.093562 -0.035292 0.008937 0.049078 0.079845 0.105636 0.125960 0.146131 0.160649 0.184201 0.189418 0.155572 0.103905 0.062897 0.046437 0.037516 0.031903 0.028365 0.022580 0.023572 0.023244
0.485658 0.429454 0.419909 0.458743 0.451754 0.462838 0.454516 0.466844 0.464546 0.468115 0.457219 0.474066 0.470447 0.459153 0.470754 0.471443 0.472214 0.462837 0.473279 0.468335 0.459875 0.462116 0.451343 0.435556 0.407653 0.356173 0.267876 0.125966 0.045970 0.019220 0.045772 0.068681 0.094705 0.116325 0.134892 0.148866 0.162024 0.167497 0.180174 0.179075 0.153376 0.117448 0.087549 0.070086 0.059231 0.051314 0.046466 0.043224 0.047608 0.043935
0.452656 0.406849 0.442273 0.405759 0.392890 0.406712 0.391728 0.406632 0.398426 0.402198 0.395220 0.406053 0.402158 0.398533 0.407182 0.407185 0.407747 0.403190 0.409470 0.405280 0.400419 0.399027 0.388095 0.372682 0.348088 0.308578 0.252151 0.181546 0.122700 0.108001 0.116804 0.128103 0.142946 0.155723 0.167417 0.175654 0.182561 0.183209 0.184240 0.172017 0.150603 0.127311 0.104199 0.088240 0.076021 0.067782 0.060433 0.061962 0.065949 0.078786
0.348411 0.396072 0.367371 0.373828 0.371143 0.377613 0.372746 0.379630 0.376673 0.379800 0.376961 0.382147 0.381404 0.380304 0.384342 0.384518 0.386152 0.384286 0.387209 0.385368 0.382354 0.379973 0.371796 0.359697 0.341297 0.313206 0.276560 0.231262 0.195471 0.180818 0.179101 0.182817 0.189989 0.196482 0.202233 0.205271 0.206515 0.203368 0.198654 0.188585 0.170107 0.148958 0.128629 0.111675 0.097795 0.087238 0.078408 0.077999 0.081129 0.065224
0.393247 0.357892 0.358639 0.352295 0.350806 0.353498 0.350472 0.353836 0.352399 0.353995 0.353324 0.355877 0.356238 0.356960 0.359531 0.360665 0.362481 0.362979 0.365107 0.365118 0.364420 0.362742 0.357880 0.349745 0.337172 0.319403 0.296751 0.271227 0.248483 0.238458 0.235076 0.235147 0.237166 0.238681 0.239273 0.237407 0.233662 0.226159 0.216230 0.201721 0.183773 0.164024 0.144644 0.127711 0.112871 0.101550 0.091722 0.091769 0.094706 0.070628
0.364486 0.331876 0.312866 0.314342 0.316186 0.316046 0.316258 0.317352 0.317497 0.318665 0.318833 0.320526 0.321435 0.322533 0.324646 0.326206 0.328487 0.330101 0.332789 0.334520 0.336179 0.337314 0.337153 0.335385 0.331335 0.324688 0.315307 0.304101 0.294218 0.289379 0.286541 0.285221 0.283981 0.281718 0.277992 0.272118 0.263996 0.252877 0.239278 0.222684 0.203152 0.182430 0.162082 0.143796 0.127427 0.114766 0.103670 0.103140 0.105521 0.132323
0.289144 0.295895 0.289428 0.288585 0.290432 0.289643 0.290260 0.290659 0.291162 0.292059 0.292789 0.294255 0.295618 0.297304 0.299600 0.301937 0.304901 0.307930 0.311789 0.315650 0.320020 0.324500 0.328942 0.333067 0.336309 0.338725 0.339493 0.339569 0.338246 0.338205 0.337189 0.335155 0.331711 0.326325 0.318933 0.309043 0.296799 0.281661 0.264018 0.243705 0.221448 0.198451 0.176245 0.156094 0.138263 0.124143 0.112023 0.111485 0.111776 0.091116
0.254483 0.263260 0.254397 0.254332 0.255833 0.255078 0.256037 0.256226 0.256977 0.257797 0.258742 0.260127 0.261672 0.263574 0.266032 0.268840 0.272387 0.276426 0.281532 0.287339 0.294404 0.302537 0.312078 0.322801 0.334789 0.347535 0.360150 0.372176 0.381142 0.386149 0.388256 0.386272 0.381157 0.372957 0.362131 0.348559 0.332440 0.313486 0.291912 0.267819 0.241607 0.215062 0.189617 0.166947 0.146778 0.131165 0.117637 0.116937 0.114761 0.134181
0.223247 0.227222 0.224387 0.224263 0.225583 0.224995 0.226064 0.226150 0.226973 0.227790 0.228885 0.230309 0.232045 0.234198 0.236921 0.240227 0.244399 0.249467 0.255899 0.263742 0.273571 0.285631 0.300242 0.317960 0.338067 0.361598 0.385026 0.408751 0.427456 0.438567 0.442948 0.440646 0.433618 0.422387 0.408045 0.390647 0.370592 0.347402 0.321286 0.292060 0.260923 0.229444 0.200139 0.174090 0.151442 0.133987 0.119131 0.118331 0.114106 0.097737
0.191201 0.192575 0.192641 0.192338 0.193322 0.192970 0.193642 0.193938 0.194690 0.195512 0.196619 0.198044 0.199833 0.202085 0.204931 0.208522 0.213078 0.218796 0.226185 0.235481 0.247535 0.262669 0.282053 0.305888 0.335807 0.370820 0.410188 0.451207 0.482198 0.498152 0.504346 0.500373 0.490319 0.475280 0.457004 0.435721 0.411846 0.384771 0.354341 0.320525 0.282618 0.243904 0.208472 0.178351 0.152640 0.133492 0.117251 0.116841 0.110174 0.127858
0.159790 0.157083 0.159218 0.159676 0.160443 0.160301 0.161144 0.161310 0.162003 0.162795 0.163813 0.165109 0.166817 0.168955 0.171704 0.175281 0.179910 0.185917 0.193842 0.204216 0.217971 0.236189 0.259732 0.290954 0.329509 0.379700 0.432861 0.494843 0.542362 0.565877 0.573143 0.565984 0.551538 0.531633 0.508856 0.483374 0.455709 0.424356 0.389385 0.346634 0.300149 0.251985 0.210932 0.175851 0.147535 0.126683 0.109819 0.108982 0.100123 0.087664
0.118283 0.122099 0.128414 0.129678 0.129955 0.129942 0.130335 0.130773 0.131343 0.132077 0.133007 0.134278 0.135972 0.138089 0.140706 0.144355 0.148862 0.154790 0.162767 0.173322 0.187827 0.207077 0.233733 0.268890 0.318301 0.381772 0.464691 0.566735 0.635867 0.656019 0.657801 0.641958 0.619021 0.592056 0.563698 0.534049 0.503689 0.470557 0.432003 0.387285 0.326914 0.262640 0.210903 0.170355 0.138146 0.116824 0.099574 0.098634 0.084139 0.096047
0.105750 0.090109 0.092513 0.095060 0.095519 0.095482 0.095376 0.095993 0.096145 0.096991 0.097517 0.098262 0.099505 0.100860 0.102734 0.105281 0.108892 0.113790 0.120546 0.129881 0.143047 0.161636 0.188624 0.226758 0.282299 0.365826 0.466016 0.621083 0.730314 0.759446 0.753995 0.724129 0.689565 0.653716 0.619201 0.585999 0.554092 0.518520 0.477228 0.411084 0.337316 0.253684 0.193516 0.148167 0.116828 0.096065 0.080137 0.078401 0.081880 0.066601
0.060571 0.062859 0.063770 0.069667 0.067130 0.068164 0.067438 0.068378 0.068691 0.069143 0.069344 0.070157 0.071862 0.073329 0.074572 0.078314 0.081077 0.084909 0.090529 0.098546 0.109847 0.126596 0.150676 0.191088 0.247960 0.343672 0.506209 0.780592 0.947971 0.920069 0.871864 0.817016 0.764335 0.716600 0.674876 0.639009 0.607466 0.575442 0.540565 0.505740 0.393067 0.258899 0.177838 0.125630 0.095024 0.075320 0.064369 0.059335 0.047811 0.042016
0.021024 0.020777 0.015545 0.015816 0.013622 0.031663 0.034634 0.033728 0.000957 0.007208 0.037261 0.040024 0.037183 0.000361 0.042908 0.040392 0.044477 0.046304 0.048672 0.051632 0.055577 0.060738 0.063206 0.080245 0.072431 0.190530 0.414642 1.310310 1.177829 1.099045 1.012241 0.910120 0.830868 0.770687 0.723995 0.688389 0.661442 0.643527 0.622139 0.605785 0.576873 0.201710 0.137073 0.047850 0.039609 0.036080 0.031058 0.022751 0.021076 0.014572
0.004496 0.005893 0.007160 0.004276 0.003922 -0.004200 0.020944 -0.010038 -0.001805 0.014046 0.006477 0.006350 -0.036643 0.014087 0.007724 -0.008667 0.006997 -0.009107 0.011730 0.011840 0.011553 0.023985 0.004278 -0.001917 0.018550 0.048466 0.069771 0.833363 1.881537 1.346777 1.153244 0.996474 0.891416 0.818916 0.765720 0.730000 0.711082 0.704306 0.727438 0.801806 0.282111 0.151101 0.018632 0.003814 0.003196 0.004746 0.004587 0.003815 0.001077 0.001486
0.003888 0.002063 0.003751 0.005844 -0.008469 0.004512 0.002832 -0.001631 0.009330 -0.001439 -0.009749 0.004452 0.006371 0.012238 0.018317 -0.007081 0.004567 0.018028 0.020558 0.023069 0.042100 0.036594 0.051746 0.058083 0.020562 -0.000776 -0.151672 0.613686 1.518128 1.386409 1.153677 1.009451 0.905506 0.834245 0.784952 0.753225 0.738268 0.736945 0.763356 0.792114 0.851720 0.000000 0.000000 0.000000 0.000000 0.000000 0.000000 0.000000 0.000000 0.000000
0.020230 0.025466 0.018295 0.020697 0.019711 0.020887 0.021503 0.022628 0.023575 0.025111 0.026508 0.028049 0.029689 0.032378 0.035848 0.040072 0.044304 0.048399 0.054531 0.063807 0.073715 0.088241 0.108024 0.132042 0.171067 0.234342 0.405966 0.775405 1.143969 1.118089 1.020960 0.932398 0.870236 0.818956 0.782615 0.757830 0.744192 0.742863 0.747308 0.782834 0.800790 0.000000 0.000000 0.000000 0.000000 0.000000 0.000000 0.000000 0.000000 0.000000
0.030090 0.038597 0.031444 0.031430 0.032549 0.033165 0.034451 0.035651 0.037453 0.039465 0.041904 0.044768 0.048303 0.052253 0.056630 0.062053 0.068662 0.077168 0.087144 0.099342 0.115458 0.135023 0.161382 0.198210 0.247892 0.337756 0.461888 0.699516 0.904322 0.941969 0.917337 0.873896 0.833441 0.798158 0.771273 0.751782 0.741110 0.737277 0.736476 0.773396 0.743772 0.000000 0.000000 0.000000 0.000000 0.000000 0.000000 0.000000 0.000000 0.000000
0.047374 0.051262 0.043858 0.044119 0.044908 0.046338 0.047941 0.049934 0.052292 0.055137 0.058416 0.062252 0.066710 0.072059 0.078338 0.085811 0.094565 0.105018 0.117770 0.133708 0.153371 0.178190 0.210073 0.251614 0.308024 0.387467 0.495339 0.630958 0.762846 0.810273 0.819213 0.805017 0.786880 0.766684 0.749956 0.736957 0.729229 0.725838 0.720874 0.760695 0.760013 0.000000 0.000000 0.000000 0.000000 0.000000 0.000000 0.000000 0.000000 0.000000
0.060063 0.063800 0.055860 0.055761 0.057239 0.058769 0.060848 0.063188 0.066206 0.069697 0.073812 0.078605 0.084205 0.090723 0.098284 0.107215 0.117739 0.130321 0.145325 0.163435 0.185427 0.212573 0.245938 0.289152 0.341317 0.411694 0.491101 0.593416 0.680854 0.727837 0.747728 0.749945 0.744442 0.735295 0.726356 0.718975 0.713960 0.711830 0.704923 0.743139 0.754370 0.000000 0.000000 0.000000 0.000000 0.000000 0.000000 0.000000 0.000000 0.000000
0.070984 0.075378 0.067674 0.067717 0.069179 0.071045 0.073441 0.076340 0.079897 0.084023 0.088855 0.094457 0.100950 0.108496 0.117243 0.127442 0.139328 0.153293 0.169733 0.189276 0.212561 0.240639 0.274327 0.315308 0.364036 0.422863 0.488510 0.560928 0.625407 0.666724 0.691364 0.702075 0.705416 0.704077 0.701189 0.698215 0.695793 0.694942 0.688012 0.727611 0.746631 0.000000 0.000000 0.000000 0.000000 0.000000 0.000000 0.000000 0.000000 0.000000
0.081588 0.087369 0.078732 0.078688 0.080586 0.082693 0.085458 0.088750 0.092762 0.097436 0.102890 0.109192 0.116466 0.124848 0.134493 0.145636 0.158511 0.173432 0.190759 0.211013 0.234656 0.262482 0.294724 0.332980 0.375874 0.426398 0.478523 0.535918 0.585048 0.622380 0.647472 0.662770 0.671223 0.675184 0.676666 0.677197 0.677085 0.677687 0.671531 0.708649 0.720515 0.000000 0.000000 0.000000 0.000000 0.000000 0.000000 0.000000 0.000000 0.000000
0.082132 0.098874 0.089574 0.089552 0.091509 0.093875 0.096935 0.100618 0.105062 0.110208 0.116195 0.123081 0.130985 0.140037 0.150388 0.162227 0.175757 0.191259 0.209047 0.229487 0.252906 0.279833 0.310404 0.345355 0.383834 0.426783 0.470744 0.516249 0.556405 0.588982 0.613283 0.630311 0.641671 0.648938 0.653431 0.656452 0.658180 0.659811 0.654500 0.690355 0.700429 0.000000 0.000000 0.000000 0.000000 0.000000 0.000000 0.000000 0.000000 0.000000
0.096505 0.097370 0.099628 0.099655 0.101768 0.104361 0.107734 0.111725 0.116511 0.122057 0.128480 0.135839 0.144242 0.153803 0.164651 0.176947 0.190883 0.206674 0.224544 0.244756 0.267528 0.293196 0.321700 0.353524 0.387629 0.424803 0.461920 0.499888 0.533601 0.562620 0.585548 0.603161 0.616067 0.625399 0.631937 0.636790 0.639927 0.642617 0.637917 0.645883 0.642652 0.000000 0.000000 0.000000 0.000000 0.000000 0.000000 0.000000 0.000000 0.000000
0.118991 0.099995 0.108726 0.110884 0.113668 0.117368 0.121791 0.121926 0.127047 0.133087 0.139951 0.147760 0.156521 0.166477 0.177519 0.190265 0.204409 0.220374 0.238138 0.258043 0.280054 0.304482 0.330999 0.360007 0.390622 0.422976 0.454675 0.487245 0.516494 0.541990 0.563397 0.580763 0.594274 0.604726 0.612518 0.618593 0.622717 0.626177 0.621540 0.670968 0.707695 0.000000 0.000000 0.000000 0.000000 0.000000 0.000000 0.000000 0.000000 0.000000
0.103545 0.120079 0.117988 0.117962 0.120443 0.123382 0.127221 0.131684 0.137037 0.143177 0.150242 0.158264 0.167330 0.177513 0.188937 0.201667 0.215848 0.231565 0.248955 0.268110 0.289096 0.311985 0.336624 0.363050 0.390597 0.419305 0.447685 0.475768 0.501578 0.524893 0.544841 0.561654 0.575298 0.586325 0.594878 0.601750 0.606521 0.610606 0.606625 0.658823 0.655829 0.000000 0.000000 0.000000 0.000000 0.000000 0.000000 0.000000 0.000000 0.000000
0.116951 0.130633 0.126212 0.126172 0.129010 0.131916 0.135992 0.140603 0.146153 0.152503 0.159784 0.168018 0.177287 0.187646 0.199190 0.211963 0.226075 0.241595 0.258572 0.277088 0.297130 0.318704 0.341656 0.365916 0.390951 0.416663 0.442055 0.466963 0.490145 0.511352 0.529941 0.546017 0.559442 0.570656 0.579542 0.586945 0.592290 0.596444 0.593750 0.640077 0.598562 0.000000 0.000000 0.000000 0.000000 0.000000 0.000000 0.000000 0.000000 0.000000
0.124313 0.138745 0.133612 0.133409 0.136382 0.139336 0.143698 0.148300 0.154126 0.160617 0.168051 0.176446 0.185865 0.196281 0.207916 0.220590 0.234612 0.249776 0.266323 0.284114 0.303216 0.323556 0.344959 0.367325 0.390227 0.413501 0.436382 0.458762 0.479807 0.499255 0.516643 0.531963 0.545048 0.556269 0.565350 0.573006 0.578077 0.583389 0.580596 0.626883 0.585646 0.000000 0.000000 0.000000 0.000000 0.000000 0.000000 0.000000 0.000000 0.000000
0.127765 0.145740 0.140423 0.140527 0.143708 0.146741 0.151116 0.156033 0.161758 0.168405 0.175950 0.184459 0.193945 0.204431 0.216024 0.228702 0.242451 0.257534 0.273510 0.290809 0.309069 0.328333 0.348468 0.369365 0.390367 0.411703 0.432732 0.453263 0.472676 0.490699 0.507029 0.521597 0.534106 0.545221 0.553901 0.561113 0.567179 0.572317 0.569655 0.614126 0.636189 0.000000 0.000000 0.000000 0.000000 0.000000 0.000000 0.000000 0.000000 0.000000
0.137181 0.153512 0.146321 0.145726 0.149637 0.151610 0.157273 0.161243 0.167522 0.174388 0.181889 0.190485 0.200126 0.210395 0.222360 0.234538 0.248563 0.262901 0.278623 0.295112 0.312542 0.330865 0.349718 0.369183 0.388942 0.408407 0.427324 0.446051 0.464007 0.480739 0.496177 0.510053 0.522117 0.533131 0.541696 0.549845 0.555148 0.561131 0.557681 0.605402 0.563952 0.000000 0.000000 0.000000 0.000000 0.000000 0.000000 0.000000 0.000000 0.000000
0.143109 0.156435 0.151829 0.151871 0.156005 0.158542 0.163628 0.168093 0.174438 0.181231 0.188795 0.197492 0.206986 0.217647 0.229016 0.241581 0.254770 0.269412 0.284360 0.300816 0.317297 0.334910 0.353012 0.371561 0.390428 0.408851 0.427056 0.444822 0.461752 0.477446 0.492206 0.505311 0.516534 0.527437 0.534629 0.543705 0.547230 0.552730 0.551195 0.597010 0.555254 0.000000 0.000000 0.000000 0.000000 0.000000 0.000000 0.000000 0.000000 0.000000
0.148036 0.163550 0.155377 0.153721 0.158655 0.159766 0.166459 0.170097 0.177023 0.184280 0.191281 0.200309 0.209928 0.219266 0.232093 0.242374 0.257439 0.269131 0.286179 0.299638 0.317723 0.334333 0.351147 0.368570 0.384614 0.403462 0.419057 0.435911 0.451566 0.465850 0.480142 0.492209 0.503476 0.514354 0.522408 0.531222 0.535570 0.542745 0.539183 0.590170 0.591244 0.000000 0.000000 0.000000 0.000000 0.000000 0.000000 0.000000 0.000000 0.000000
0.147838 0.161942 0.160649 0.160946 0.166707 0.168730 0.174724 0.178807 0.185650 0.192491 0.199963 0.209013 0.218231 0.229239 0.240726 0.252470 0.265989 0.279232 0.294781 0.309258 0.325705 0.342087 0.358973 0.376177 0.392880 0.410202 0.426710 0.442874 0.458533 0.472188 0.486229 0.497731 0.508447 0.518788 0.524975 0.534610 0.536410 0.544564 0.541979 0.581954 0.585296 0.000000 0.000000 0.000000 0.000000 0.000000 0.000000 0.000000 0.000000 0.000000
0.153762 0.157503 0.160714 0.156478 0.161905 0.162808 0.168752 0.173805 0.179284 0.186628 0.193618 0.202580 0.211228 0.222212 0.232606 0.244287 0.257067 0.269121 0.284763 0.297651 0.314428 0.329451 0.345193 0.361640 0.376623 0.393735 0.408515 0.423966 0.438090 0.451515 0.465026 0.475574 0.487023 0.495783 0.503158 0.513215 0.515798 0.523753 0.523314 0.576292 0.601800 0.000000 0.000000 0.000000 0.000000 0.000000 0.000000 0.000000 0.000000 0.000000
0.141587 0.167260 0.162191 0.165247 0.166015 0.169115 0.173833 0.179103 0.185208 0.192241 0.199856 0.208653 0.217851 0.228389 0.239261 0.251536 0.263926 0.277691 0.291865 0.306616 0.322238 0.337841 0.354054 0.370461 0.386598 0.402944 0.418768 0.434132 0.448839 0.462446 0.475408 0.487175 0.498692 0.508749 0.516881 0.523808 0.530647 0.534818 0.536168 0.555667 0.564203 0.000000 0.000000 0.000000 0.000000 0.000000 0.000000 0.000000 0.000000 0.000000
0.177049 0.164668 0.156794 0.159580 0.161027 0.170222 0.175576 0.180661 0.187416 0.194811 0.204824 0.213922 0.224442 0.224130 0.234251 0.245969 0.258831 0.272041 0.286769 0.299300 0.315550 0.330205 0.345806 0.362661 0.377245 0.393464 0.411805 0.427246 0.441309 0.451707 0.465388 0.478759 0.488252 0.498020 0.506140 0.512899 0.511297 0.511820 0.507568 0.519080 0.594706 0.000000 0.000000 0.000000 0.000000 0.000000 0.000000 0.000000 0.000000 0.000000
0.169717 0.146669 0.163921 0.155270 0.146807 0.155860 0.167905 0.163711 0.172314 0.167814 0.193365 0.194230 0.204019 0.213239 0.243105 0.253800 0.249845 0.286725 0.278410 0.317285 0.297659 0.336776 0.357114 0.345719 0.395305 0.403705 0.416445 0.425089 0.449051 0.474956 0.477796 0.453268 0.511008 0.518881 0.519072 0.518699 0.517848 0.528986 0.522806 0.524479 0.576661 0.000000 0.000000 0.000000 0.000000 0.000000 0.000000 0.000000 0.000000 0.000000
