0.000000 0.000000 0.000000 0.000000 0.000000 0.000000 0.000000 0.000000 0.000000 0.000000 0.000000 0.000000 0.000000 0.000000 0.000000 0.000000 0.000000 0.000000 0.000000 0.000000 0.000000 0.000000 0.000000 0.000000 0.000000 0.000000 0.000000 0.006739 0.013482 0.022262 0.021674 0.031022 0.035207 0.057409 0.041979 0.038988 0.029860 0.019062 0.022885 0.011267 0.007266 0.000000 0.000000 0.000000 0.000000 0.000000 0.000000 0.000000 0.000000 0.000000
0.000000 0.000000 0.000000 0.000000 0.000000 0.000000 0.000000 0.000000 0.000000 0.000000 0.000000 0.000000 0.000000 0.000000 0.000000 0.000000 0.000000 0.000000 0.000000 0.000000 0.000000 0.000000 0.000000 0.000000 0.000000 0.000000 0.000000 0.000864 0.015317 0.028276 0.038089 0.043980 0.048380 0.049309 0.047901 0.043013 0.041826 0.034747 0.027923 0.011867 0.000245 0.000000 0.000000 0.000000 0.000000 0.000000 0.000000 0.000000 0.000000 0.000000
0.000000 0.000000 0.000000 0.000000 0.000000 0.000000 0.000000 0.000000 0.000000 0.000000 0.000000 0.000000 0.000000 0.000000 0.000000 0.000000 0.000000 0.000000 0.000000 0.000000 0.000000 0.000000 0.000000 0.000000 0.000000 0.000000 0.000000 0.005306 0.016749 0.028333 0.036996 0.047084 0.050531 0.052969 0.051609 0.048030 0.041873 0.033988 0.024056 0.012327 0.006440 0.000000 0.000000 0.000000 0.000000 0.000000 0.000000 0.000000 0.000000 0.000000
0.000000 0.000000 0.000000 0.000000 0.000000 0.000000 0.000000 0.000000 0.000000 0.000000 0.000000 0.000000 0.000000 0.000000 0.000000 0.000000 0.000000 0.000000 0.000000 0.000000 0.000000 0.000000 0.000000 0.000000 0.000000 0.000000 0.000000 0.004208 0.021859 0.031359 0.037814 0.047801 0.051098 0.053453 0.052146 0.048138 0.042826 0.033129 0.026006 0.016888 -0.003018 0.000000 0.000000 0.000000 0.000000 0.000000 0.000000 0.000000 0.000000 0.000000
0.000000 0.000000 0.000000 0.000000 0.000000 0.000000 0.000000 0.000000 0.000000 0.000000 0.000000 0.000000 0.000000 0.000000 0.000000 0.000000 0.000000 0.000000 0.000000 0.000000 0.000000 0.000000 0.000000 0.000000 0.000000 0.000000 0.000000 0.011494 0.023110 0.036710 0.046875 0.056797 0.061262 0.063201 0.061466 0.056555 0.049722 0.039357 0.029653 0.015173 -0.001286 0.000000 0.000000 0.000000 0.000000 0.000000 0.000000 0.000000 0.000000 0.000000
0.000000 0.000000 0.000000 0.000000 0.000000 0.000000 0.000000 0.000000 0.000000 0.000000 0.000000 0.000000 0.000000 0.000000 0.000000 0.000000 0.000000 0.000000 0.000000 0.000000 0.000000 0.000000 0.000000 0.000000 0.000000 0.000000 0.000000 0.014103 0.029238 0.046444 0.056890 0.069331 0.073645 0.075378 0.072871 0.066744 0.058683 0.045727 0.035404 0.018176 -0.004809 0.000000 0.000000 0.000000 0.000000 0.000000 0.000000 0.000000 0.000000 0.000000
0.000000 0.000000 0.000000 0.000000 0.000000 0.000000 0.000000 0.000000 0.000000 0.000000 0.000000 0.000000 0.000000 0.000000 0.000000 0.000000 0.000000 0.000000 0.000000 0.000000 0.000000 0.000000 0.000000 0.000000 0.000000 0.000000 0.000000 0.003979 0.038051 0.059202 0.073710 0.086614 0.091243 0.091838 0.088289 0.080224 0.071445 0.055369 0.043256 0.023009 0.007253 0.000000 0.000000 0.000000 0.000000 0.000000 0.000000 0.000000 0.000000 0.000000
0.000000 0.000000 0.000000 0.000000 0.000000 0.000000 0.000000 0.000000 0.000000 0.000000 0.000000 0.000000 0.000000 0.000000 0.000000 0.000000 0.000000 0.000000 0.000000 0.000000 0.000000 0.000000 0.000000 0.000000 0.000000 0.000000 0.000000 0.005395 0.055104 0.078239 0.096291 0.109513 0.113470 0.112394 0.107019 0.097175 0.085781 0.069194 0.053512 0.036545 0.001289 0.000000 0.000000 0.000000 0.000000 0.000000 0.000000 0.000000 0.000000 0.000000
0.000000 0.000000 0.000000 0.000000 0.000000 0.000000 0.000000 0.000000 0.000000 0.000000 0.000000 0.000000 0.000000 0.000000 0.000000 0.000000 0.000000 0.000000 0.000000 0.000000 0.000000 0.000000 0.000000 0.000000 0.000000 0.000000 0.000000 0.018343 0.071788 0.107235 0.127520 0.140524 0.141633 0.137669 0.129749 0.116589 0.104011 0.082044 0.067608 0.042458 0.002639 0.000000 0.000000 0.000000 0.000000 0.000000 0.000000 0.000000 0.000000 0.000000
0.000000 0.000000 0.000000 0.000000 0.000000 0.000000 0.000000 0.000000 0.000000 0.000000 0.000000 0.000000 0.000000 0.000000 0.000000 0.000000 0.000000 0.000000 0.000000 0.000000 0.000000 0.000000 0.000000 0.000000 0.000000 0.000000 0.000000 -0.003473 0.143036 0.155008 0.171972 0.181118 0.176805 0.168056 0.156209 0.140500 0.126092 0.104030 0.088550 0.064057 0.024988 0.000000 0.000000 0.000000 0.000000 0.000000 0.000000 0.000000 0.000000 0.000000
0.000000 0.000000 0.000000 0.000000 0.000000 0.000000 0.000000 0.000000 0.000000 0.000000 0.000000 0.000000 0.000000 0.000000 0.000000 0.000000 0.000000 0.000000 0.000000 0.000000 0.000000 0.000000 0.000000 0.000000 0.000000 0.000000 0.000000 -0.215634 0.283882 0.244564 0.237660 0.234787 0.217622 0.202125 0.184710 0.165552 0.150707 0.127556 0.119543 0.093777 0.039434 0.000000 0.000000 0.000000 0.000000 0.000000 0.000000 0.000000 0.000000 0.000000
-0.038651 -0.016299 0.011123 0.032117 0.024799 0.041191 0.041631 0.147172 0.090091 0.074060 0.202265 0.225810 0.104712 0.094456 0.155867 0.175306 0.153779 0.140266 0.130881 0.142435 0.179629 0.490261 0.171923 0.478880 0.222181 0.338326 0.620095 0.492733 0.564253 0.397982 0.330920 0.299641 0.265492 0.239037 0.214861 0.192234 0.177049 0.154507 0.157778 0.161393 0.081163 0.249216 0.182269 0.136920 0.106171 0.094653 0.063519 0.040772 0.039778 0.001311
0.004257 0.022155 0.076317 0.115924 0.165287 0.192305 0.219684 0.250696 0.281208 0.313905 0.345253 0.376737 0.408910 0.409353 0.439923 0.475792 0.511255 0.548456 0.570914 0.604060 0.637429 0.665003 0.708654 0.747141 0.778541 0.879814 0.937494 0.855065 0.622376 0.516971 0.411354 0.354797 0.306484 0.270628 0.240853 0.215406 0.199382 0.180572 0.191164 0.190940 0.199449 0.232316 0.200599 0.149342 0.120570 0.092698 0.068878 0.048232 0.030485 0.009224
0.007810 0.002466 0.087154 0.106942 0.122399 0.158259 0.183073 0.213709 0.245578 0.279181 0.304514 0.336170 0.370948 0.394674 0.425977 0.456151 0.489801 0.514160 0.544963 0.576534 0.603699 0.636612 0.668642 0.702895 0.740149 0.777855 0.806794 0.783072 0.659443 0.544983 0.454851 0.389381 0.336778 0.295069 0.261138 0.232537 0.212258 0.195153 0.193112 0.194373 0.197349 0.180128 0.146925 0.121298 0.094996 0.074158 0.052516 0.052359 0.025044 0.002856
0.004978 0.021639 0.094854 0.099570 0.122795 0.156829 0.185675 0.216324 0.249794 0.282057 0.310411 0.339011 0.376117 0.401280 0.430327 0.461526 0.493172 0.519676 0.547073 0.579065 0.603619 0.631059 0.659146 0.684086 0.707786 0.725061 0.733994 0.701596 0.624521 0.539640 0.465337 0.405423 0.353599 0.310477 0.273964 0.242771 0.217863 0.197212 0.182583 0.175647 0.169485 0.155982 0.133956 0.110607 0.087730 0.068876 0.048535 0.046826 0.025937 0.010392
0.014211 0.021024 0.094196 0.098084 0.126336 0.159556 0.189552 0.219526 0.252265 0.282844 0.312632 0.342256 0.375216 0.402873 0.432591 0.463064 0.492943 0.520684 0.548306 0.576975 0.602077 0.627115 0.650530 0.670323 0.684972 0.691553 0.684372 0.654434 0.599503 0.532915 0.471156 0.414735 0.364391 0.319972 0.281351 0.247765 0.219844 0.196393 0.177853 0.164678 0.149721 0.133410 0.114229 0.094871 0.075906 0.059355 0.042754 0.040867 0.022322 -0.003277
-0.019787 0.025236 0.092240 0.095602 0.126753 0.158968 0.189100 0.220765 0.251942 0.283372 0.313972 0.344214 0.375945 0.405182 0.435116 0.464852 0.494184 0.522114 0.549219 0.575879 0.599626 0.621543 0.640289 0.654354 0.662284 0.662013 0.649836 0.622406 0.577026 0.523345 0.469775 0.416888 0.368055 0.323110 0.282949 0.247174 0.216118 0.189305 0.166456 0.147944 0.131118 0.114295 0.096673 0.080017 0.063441 0.049994 0.035040 0.034135 0.020600 0.000400
-0.011652 0.023466 0.091912 0.094198 0.127679 0.159214 0.190024 0.221516 0.252613 0.283832 0.314664 0.345288 0.376357 0.406330 0.436466 0.466173 0.495364 0.523490 0.550614 0.576463 0.599924 0.620780 0.637790 0.649759 0.654556 0.650598 0.635358 0.608010 0.567566 0.519088 0.468175 0.416923 0.368016 0.322112 0.280238 0.242306 0.208682 0.179138 0.153496 0.131538 0.112072 0.094412 0.077940 0.063255 0.049680 0.038310 0.027165 0.026450 0.017552 -0.010833
0.007627 0.031719 0.091509 0.094605 0.128382 0.159016 0.190416 0.222008 0.253268 0.284699 0.315856 0.346835 0.377935 0.408416 0.438807 0.468711 0.498077 0.526443 0.553667 0.579290 0.602470 0.622569 0.638391 0.648602 0.651598 0.645861 0.629467 0.601749 0.562194 0.515676 0.465699 0.414449 0.364719 0.317336 0.273420 0.233178 0.196955 0.164678 0.136354 0.111950 0.091067 0.073328 0.058152 0.045600 0.034642 0.026231 0.017900 0.017291 0.012817 -0.006426
0.004223 0.027378 0.091149 0.093997 0.128631 0.159009 0.191048 0.222430 0.254016 0.285460 0.316875 0.348127 0.379402 0.410326 0.441111 0.471484 0.501357 0.530390 0.558340 0.584692 0.608773 0.629684 0.646299 0.657048 0.660242 0.653846 0.636243 0.607256 0.566183 0.517524 0.465165 0.411495 0.359282 0.309429 0.263040 0.220272 0.181428 0.146505 0.115721 0.089216 0.067224 0.049697 0.035958 0.025526 0.017725 0.012205 0.007852 0.007347 0.011860 -0.005981
0.004937 0.034034 0.092012 0.094621 0.128918 0.159120 0.191576 0.222971 0.254856 0.286472 0.318196 0.349771 0.381381 0.412780 0.444074 0.475068 0.505661 0.535594 0.564581 0.592160 0.617662 0.640233 0.658599 0.671336 0.676373 0.671348 0.654178 0.622649 0.576747 0.522849 0.465471 0.407384 0.351468 0.298391 0.249128 0.203623 0.162074 0.124419 0.091103 0.062354 0.038862 0.021397 0.010033 0.002715 -0.001129 -0.003041 -0.003119 -0.003165 0.006131 -0.001399
0.004759 0.030711 0.090101 0.093818 0.129349 0.158816 0.192209 0.223380 0.255685 0.287391 0.319410 0.351299 0.383299 0.415212 0.447150 0.478972 0.510605 0.541900 0.572622 0.602367 0.630655 0.656376 0.678672 0.694963 0.703933 0.700805 0.683656 0.649749 0.595925 0.533017 0.467243 0.402160 0.341046 0.283928 0.231437 0.183033 0.138538 0.097822 0.061103 0.029104 0.004586 -0.011338 -0.019524 -0.023182 -0.021997 -0.020012 -0.014973 -0.014351 0.000845 -0.005872
0.003915 0.031019 0.092246 0.094714 0.128991 0.159582 0.192537 0.224073 0.256470 0.288430 0.320747 0.353000 0.385436 0.417892 0.450528 0.483233 0.515956 0.548723 0.581286 0.613524 0.644848 0.674865 0.702037 0.725268 0.741362 0.745747 0.734495 0.694742 0.623994 0.545086 0.467631 0.393326 0.326376 0.265168 0.209772 0.158810 0.111803 0.067399 0.026824 -0.009598 -0.037761 -0.052605 -0.055581 -0.053053 -0.045938 -0.037345 -0.027927 -0.027164 -0.004755 0.005856
0.011604 0.032110 0.090558 0.093945 0.130083 0.158597 0.193290 0.224310 0.257222 0.289238 0.321750 0.354324 0.387163 0.420120 0.453500 0.487208 0.521280 0.555878 0.590970 0.626546 0.662664 0.698401 0.734064 0.765234 0.792718 0.804168 0.797811 0.758976 0.666079 0.563273 0.467100 0.380306 0.306637 0.241388 0.183530 0.130496 0.079995 0.031010 -0.016887 -0.058881 -0.089425 -0.099912 -0.095767 -0.086791 -0.070850 -0.057861 -0.040996 -0.039730 -0.011493 0.012384
0.008232 0.033418 0.093393 0.095435 0.129228 0.160152 0.193279 0.225152 0.257829 0.290134 0.322977 0.355988 0.389278 0.422672 0.456854 0.491459 0.526474 0.562719 0.599909 0.638682 0.678678 0.721163 0.764770 0.810959 0.854676 0.893164 0.915590 0.865058 0.715053 0.565022 0.451479 0.354487 0.276699 0.210210 0.152371 0.099466 0.047495 -0.004007 -0.053599 -0.109110 -0.161061 -0.169344 -0.150946 -0.125415 -0.099806 -0.076303 -0.054574 -0.053653 -0.029148 -0.001047
0.002772 0.039146 0.093536 0.094533 0.129872 0.159691 0.192689 0.223599 0.256435 0.288545 0.320773 0.353810 0.387015 0.420465 0.454828 0.489951 0.526175 0.563726 0.603024 0.644740 0.689808 0.739107 0.794545 0.855125 0.925297 0.981597 1.041686 1.004057 0.774070 0.570185 0.426747 0.315171 0.236595 0.171760 0.116926 0.064760 0.011626 -0.045138 -0.117067 -0.187616 -0.245527 -0.242445 -0.200993 -0.161866 -0.124407 -0.094040 -0.065221 -0.066908 -0.025778 -0.006551
0.002258 0.056670 0.076258 0.122982 0.158498 0.186493 0.220288 0.255942 0.278719 0.330138 0.359030 0.393838 0.430799 0.454761 0.489991 0.518133 0.557328 0.597822 0.640099 0.685088 0.734931 0.787495 0.849682 0.922150 0.967929 1.150119 1.417651 1.374641 0.716510 0.525670 0.365183 0.249060 0.177904 0.122370 0.074902 0.030939 -0.016583 -0.074404 -0.137585 -0.196544 -0.303253 -0.421786 -0.376060 -0.220056 -0.190085 -0.118592 -0.085909 -0.057734 -0.034391 -0.001390
0.000553 0.056336 0.054136 0.115383 0.135114 0.183215 0.176623 0.270880 0.256412 0.272780 0.341826 0.373710 0.431046 0.438097 0.482409 0.600124 0.556094 0.586054 0.647352 0.693570 0.745190 0.801381 0.833390 0.980774 1.116719 1.316397 1.806011 2.846435 0.346738 0.274668 0.217633 0.147194 0.103413 0.066364 0.033131 0.001656 -0.033951 -0.078173 -0.122385 -0.136578 -1.026630 -0.828033 -0.318535 -0.294130 -0.154287 -0.138910 -0.097183 -0.076535 -0.041367 -0.005076
-0.012694 -0.016099 -0.019787 -0.045680 -0.066188 -0.049294 -0.089253 -0.095254 -0.111367 -0.118804 -0.137514 -0.165694 -0.186879 -0.207637 -0.207714 -0.238972 -0.277606 -0.332049 -0.372488 -0.416846 -0.450260 -0.502175 -0.587053 -0.686669 -0.778435 -0.815118 -0.748676 -0.399276 -0.425102 -0.183634 -0.101699 -0.036634 -0.021003 -0.009930 -0.016532 -0.024646 -0.043116 -0.054149 -0.081432 -0.053070 0.036907 0.000000 0.000000 0.000000 0.000000 0.000000 0.000000 0.000000 0.000000 0.000000
-0.002760 -0.017649 -0.036839 -0.036285 -0.050139 -0.061780 -0.076136 -0.089359 -0.104186 -0.119257 -0.135531 -0.152801 -0.171201 -0.190367 -0.211577 -0.235290 -0.261587 -0.290107 -0.321354 -0.357391 -0.398085 -0.444022 -0.503749 -0.566673 -0.657788 -0.754082 -1.000694 -1.116462 -0.632895 -0.355102 -0.211907 -0.129043 -0.083347 -0.059054 -0.049487 -0.046010 -0.049249 -0.046845 -0.051789 -0.008502 0.009752 0.000000 0.000000 0.000000 0.000000 0.000000 0.000000 0.000000 0.000000 0.000000
-0.001521 -0.018731 -0.035892 -0.036280 -0.049633 -0.062041 -0.075582 -0.089119 -0.103630 -0.118579 -0.134470 -0.151271 -0.169404 -0.188861 -0.209809 -0.232402 -0.256942 -0.284151 -0.314664 -0.348311 -0.386213 -0.429058 -0.478201 -0.533404 -0.599476 -0.669817 -0.752545 -0.762615 -0.591383 -0.395064 -0.270043 -0.185760 -0.133831 -0.098246 -0.078571 -0.063199 -0.056471 -0.044782 -0.041400 -0.006762 -0.010837 0.000000 0.000000 0.000000 0.000000 0.000000 0.000000 0.000000 0.000000 0.000000
-0.008989 -0.019470 -0.035128 -0.035769 -0.048660 -0.060605 -0.074075 -0.087154 -0.101359 -0.115913 -0.131427 -0.147764 -0.165180 -0.183691 -0.203647 -0.225209 -0.248619 -0.274048 -0.301759 -0.332083 -0.365623 -0.401394 -0.442338 -0.482896 -0.531239 -0.569825 -0.601670 -0.591629 -0.496887 -0.378116 -0.282027 -0.210473 -0.158526 -0.120972 -0.095528 -0.075042 -0.062957 -0.045646 -0.038707 -0.000384 -0.015429 0.000000 0.000000 0.000000 0.000000 0.000000 0.000000 0.000000 0.000000 0.000000
0.001048 -0.019555 -0.033520 -0.034328 -0.047751 -0.059059 -0.072109 -0.084715 -0.098441 -0.112466 -0.127375 -0.143008 -0.159636 -0.177285 -0.196127 -0.216266 -0.237870 -0.261117 -0.286189 -0.313013 -0.341854 -0.372006 -0.404262 -0.435608 -0.467062 -0.489891 -0.499370 -0.482545 -0.422623 -0.344505 -0.274479 -0.215792 -0.169678 -0.133164 -0.106158 -0.082976 -0.067367 -0.046912 -0.038672 -0.000145 -0.014723 0.000000 0.000000 0.000000 0.000000 0.000000 0.000000 0.000000 0.000000 0.000000
0.001500 -0.018901 -0.032863 -0.033236 -0.045725 -0.056982 -0.069415 -0.081711 -0.094839 -0.108292 -0.122504 -0.137356 -0.153049 -0.169599 -0.187150 -0.205764 -0.225526 -0.246468 -0.268626 -0.291821 -0.316185 -0.340691 -0.365967 -0.388378 -0.409467 -0.421102 -0.423060 -0.406883 -0.364416 -0.311584 -0.258486 -0.211467 -0.171418 -0.137886 -0.111337 -0.087359 -0.070110 -0.048268 -0.038674 0.000848 0.005489 0.000000 0.000000 0.000000 0.000000 0.000000 0.000000 0.000000 0.000000 0.000000
0.001784 -0.019328 -0.030973 -0.031826 -0.044081 -0.054590 -0.066582 -0.078241 -0.090755 -0.103502 -0.116935 -0.130904 -0.145589 -0.160985 -0.177175 -0.194180 -0.212022 -0.230670 -0.250071 -0.270008 -0.290371 -0.310271 -0.329638 -0.346105 -0.359638 -0.365593 -0.362994 -0.347981 -0.317274 -0.279087 -0.238753 -0.200865 -0.166862 -0.136822 -0.111794 -0.088325 -0.070569 -0.048519 -0.038185 -0.003893 -0.001025 0.000000 0.000000 0.000000 0.000000 0.000000 0.000000 0.000000 0.000000 0.000000
-0.002756 -0.019954 -0.029791 -0.030361 -0.041867 -0.051960 -0.063270 -0.074369 -0.086155 -0.098165 -0.110747 -0.123779 -0.137393 -0.151572 -0.166363 -0.181747 -0.197704 -0.214142 -0.230985 -0.247922 -0.264760 -0.280679 -0.295521 -0.307316 -0.316098 -0.318489 -0.314288 -0.301263 -0.278013 -0.249610 -0.218186 -0.187515 -0.158701 -0.132162 -0.109156 -0.086844 -0.069449 -0.047576 -0.037194 0.003247 -0.013994 0.000000 0.000000 0.000000 0.000000 0.000000 0.000000 0.000000 0.000000 0.000000
-0.004523 -0.020700 -0.027860 -0.028654 -0.039551 -0.048990 -0.059728 -0.070119 -0.081168 -0.092371 -0.104063 -0.116114 -0.128633 -0.141583 -0.154980 -0.168783 -0.182940 -0.197353 -0.211855 -0.226166 -0.240033 -0.252791 -0.264131 -0.272695 -0.278228 -0.278712 -0.273864 -0.262617 -0.244523 -0.222433 -0.197551 -0.172456 -0.148127 -0.124921 -0.104166 -0.083480 -0.066995 -0.046015 -0.036166 -0.018528 -0.003458 0.000000 0.000000 0.000000 0.000000 0.000000 0.000000 0.000000 0.000000 0.000000
-0.021896 -0.020895 -0.024077 -0.033673 -0.043612 -0.053735 -0.064141 -0.064674 -0.074786 -0.085619 -0.096650 -0.107913 -0.119443 -0.131252 -0.143161 -0.155585 -0.168025 -0.180497 -0.192835 -0.204795 -0.216105 -0.226263 -0.234938 -0.241157 -0.244574 -0.243974 -0.239394 -0.229679 -0.215267 -0.197743 -0.177741 -0.157019 -0.136430 -0.116224 -0.097697 -0.078782 -0.063422 -0.043569 -0.034138 -0.016262 0.013468 0.000000 0.000000 0.000000 0.000000 0.000000 0.000000 0.000000 0.000000 0.000000
-0.005034 -0.018665 -0.024093 -0.024755 -0.034440 -0.042571 -0.051839 -0.060783 -0.070204 -0.079717 -0.089546 -0.099590 -0.109905 -0.120435 -0.131177 -0.142048 -0.152962 -0.163794 -0.174374 -0.184460 -0.193797 -0.201954 -0.208622 -0.213119 -0.215182 -0.214002 -0.209444 -0.201249 -0.189483 -0.175154 -0.158870 -0.141600 -0.124154 -0.106641 -0.090259 -0.073229 -0.059161 -0.041097 -0.031972 0.003344 -0.001958 0.000000 0.000000 0.000000 0.000000 0.000000 0.000000 0.000000 0.000000 0.000000
-0.004098 -0.001336 -0.022104 -0.022727 -0.031839 -0.039080 -0.047637 -0.055781 -0.064341 -0.072997 -0.081878 -0.090920 -0.100166 -0.109545 -0.119045 -0.128582 -0.138068 -0.147386 -0.156361 -0.164796 -0.172444 -0.178979 -0.184125 -0.187401 -0.188576 -0.187138 -0.182985 -0.175983 -0.166269 -0.154466 -0.141024 -0.126584 -0.111757 -0.096622 -0.082248 -0.067055 -0.054406 -0.037552 -0.029621 -0.021282 -0.008734 0.000000 0.000000 0.000000 0.000000 0.000000 0.000000 0.000000 0.000000 0.000000
-0.003928 0.000722 -0.020144 -0.020595 -0.028711 -0.035555 -0.043172 -0.050621 -0.058309 -0.066086 -0.074020 -0.082077 -0.090275 -0.098537 -0.106856 -0.115155 -0.123321 -0.131286 -0.138869 -0.145888 -0.152166 -0.157410 -0.161393 -0.163808 -0.164428 -0.162898 -0.159165 -0.153189 -0.145118 -0.135347 -0.124182 -0.112133 -0.099509 -0.086524 -0.073955 -0.060443 -0.048333 -0.033798 -0.026954 -0.015853 -0.007885 0.000000 0.000000 0.000000 0.000000 0.000000 0.000000 0.000000 0.000000 0.000000
-0.009015 0.002364 -0.017920 -0.018462 -0.025805 -0.032042 -0.038570 -0.045597 -0.052019 -0.059065 -0.066047 -0.073109 -0.080334 -0.087490 -0.094731 -0.101932 -0.108880 -0.115766 -0.122035 -0.127928 -0.132989 -0.137212 -0.140302 -0.142039 -0.142363 -0.140982 -0.137736 -0.132577 -0.125793 -0.117635 -0.108298 -0.098198 -0.087474 -0.076304 -0.065488 -0.053132 -0.043743 -0.029811 -0.023874 -0.013318 0.001134 0.000000 0.000000 0.000000 0.000000 0.000000 0.000000 0.000000 0.000000 0.000000
0.004848 0.003132 -0.016164 -0.016110 -0.022846 -0.028092 -0.034371 -0.040025 -0.045880 -0.052072 -0.058112 -0.064270 -0.070529 -0.076678 -0.082969 -0.088990 -0.094950 -0.100547 -0.105758 -0.110512 -0.114545 -0.117818 -0.120165 -0.121400 -0.121374 -0.120107 -0.117421 -0.113198 -0.107671 -0.100977 -0.093254 -0.085016 -0.075898 -0.066711 -0.057165 -0.047034 -0.039029 -0.025676 -0.021461 -0.011691 -0.006367 0.000000 0.000000 0.000000 0.000000 0.000000 0.000000 0.000000 0.000000 0.000000
-0.002368 -0.012668 -0.014080 -0.014254 -0.019758 -0.024641 -0.029189 -0.034703 -0.039313 -0.044834 -0.049978 -0.055227 -0.060686 -0.065819 -0.071100 -0.076146 -0.081010 -0.085706 -0.089835 -0.093860 -0.096770 -0.099924 -0.101671 -0.102894 -0.102395 -0.101285 -0.099068 -0.095397 -0.090969 -0.085395 -0.078885 -0.072150 -0.063894 -0.056620 -0.047794 -0.039939 -0.031947 -0.022571 -0.016067 -0.010954 -0.005809 0.000000 0.000000 0.000000 0.000000 0.000000 0.000000 0.000000 0.000000 0.000000
0.001600 0.006139 -0.011846 -0.011163 -0.016467 -0.020318 -0.024866 -0.029035 -0.033197 -0.037602 -0.041833 -0.046189 -0.050562 -0.054579 -0.059141 -0.063056 -0.067240 -0.070761 -0.074387 -0.077393 -0.079906 -0.081956 -0.083275 -0.083900 -0.083890 -0.082500 -0.080997 -0.077894 -0.074457 -0.070212 -0.064854 -0.059559 -0.053028 -0.046662 -0.040232 -0.033131 -0.027956 -0.019204 -0.018152 -0.011008 -0.012243 0.000000 0.000000 0.000000 0.000000 0.000000 0.000000 0.000000 0.000000 0.000000
-0.005189 -0.010219 -0.011147 -0.010092 -0.013750 -0.016932 -0.019963 -0.023658 -0.026990 -0.030607 -0.033785 -0.037531 -0.040785 -0.044127 -0.047894 -0.050803 -0.054515 -0.056921 -0.060017 -0.061991 -0.064075 -0.065727 -0.066559 -0.067143 -0.066855 -0.066043 -0.064607 -0.062398 -0.059803 -0.056057 -0.052277 -0.047861 -0.042720 -0.038244 -0.031692 -0.026126 -0.021105 -0.013010 -0.006979 -0.008977 0.001323 0.000000 0.000000 0.000000 0.000000 0.000000 0.000000 0.000000 0.000000 0.000000
0.006935 -0.012729 -0.010674 -0.006065 -0.009459 -0.012736 -0.014833 -0.017754 -0.020206 -0.022712 -0.025227 -0.027876 -0.030365 -0.033043 -0.035542 -0.037955 -0.040578 -0.042124 -0.044583 -0.046078 -0.047741 -0.049094 -0.049525 -0.049971 -0.049922 -0.049159 -0.048309 -0.046396 -0.044720 -0.041598 -0.038652 -0.035592 -0.031765 -0.028274 -0.023671 -0.021369 -0.017886 -0.014833 -0.022050 0.012422 0.022884 0.000000 0.000000 0.000000 0.000000 0.000000 0.000000 0.000000 0.000000 0.000000
0.010077 0.008207 -0.008774 -0.009341 -0.008556 -0.012579 -0.014623 -0.017121 -0.019417 -0.021989 -0.024437 -0.026916 -0.029490 -0.032097 -0.034356 -0.036809 -0.038895 -0.041234 -0.043156 -0.044862 -0.046580 -0.047393 -0.048250 -0.048499 -0.048511 -0.047867 -0.046765 -0.045313 -0.043080 -0.040937 -0.037717 -0.034635 -0.031029 -0.027327 -0.023502 -0.019721 -0.016253 -0.013614 -0.012287 -0.015957 -0.008442 0.000000 0.000000 0.000000 0.000000 0.000000 0.000000 0.000000 0.000000 0.000000
-0.004546 0.025967 -0.013851 -0.013439 0.004123 -0.016805 -0.018659 -0.020219 -0.021487 -0.023358 -0.024761 -0.025879 -0.027832 -0.001960 -0.002447 -0.002880 -0.003377 -0.003546 -0.003986 -0.003936 -0.004099 -0.003768 -0.003589 -0.003575 -0.042994 -0.002258 -0.001583 -0.000533 0.001217 0.002182 0.003453 0.005378 0.007473 0.010550 0.009995 0.011103 -0.029376 -0.022174 -0.013223 0.009720 -0.016215 0.000000 0.000000 0.000000 0.000000 0.000000 0.000000 0.000000 0.000000 0.000000
0.009922 -0.006374 -0.000755 0.002267 0.003732 -0.006348 -0.002111 0.004809 0.001210 0.003805 0.000660 0.005982 0.006126 0.005544 -0.007345 -0.008228 0.004250 -0.012023 0.003384 -0.004938 -0.006617 0.002415 -0.017418 -0.008654 -0.004896 -0.005228 -0.010500 -0.009091 -0.004337 -0.005604 0.004206 -0.003054 -0.004664 -0.002492 -0.006192 -0.023363 -0.013772 -0.013425 -0.018469 -0.003159 0.004174 0.000000 0.000000 0.000000 0.000000 0.000000 0.000000 0.000000 0.000000 0.000000
