env_min(m) 0.0000 0.0000 0.0000
env_max(m) 10.0000 10.0000 3.0000
NumCells_XYZ 100 100 30
CellSizes_XYZ[m] 0.1000 0.1000 0.1000
GasSourceLocation_XYZ[m] 6.9286 1.2143 0.5000
GasType ethanol
Cell_x	 Cell_y	 Cell_z	 Gas_conc[10^⁻3ppm]	 Wind_u[10^⁻3m/s]	 Wind_v[10^⁻3m/s]	 Wind_w[10^⁻3m/s]
2 2 0 0 484 -1 -13
2 3 0 0 474 -3 -44
2 4 0 0 473 5 -8
2 5 0 0 476 1 -2
2 6 0 0 485 8 -16
2 7 0 0 476 9 -3
2 8 0 0 486 13 -15
2 9 0 0 477 16 -2
2 10 0 0 485 19 -14
2 11 0 0 478 22 -3
2 12 0 0 484 26 -14
2 13 0 0 479 29 -4
2 14 0 0 482 33 -13
2 15 0 0 479 35 -4
2 16 0 0 480 40 -12
2 17 0 0 479 42 -4
2 18 0 0 479 48 -11
2 19 0 0 479 48 -4
2 20 0 0 479 56 -11
2 21 0 0 479 55 -4
2 22 0 0 478 64 -10
2 23 0 0 480 62 -4
2 24 0 0 477 71 -9
2 25 0 0 479 69 -5
2 26 0 0 477 79 -8
2 27 0 0 479 77 -5
2 28 0 0 477 86 -8
2 29 0 0 479 84 -5
2 30 0 0 477 93 -7
2 31 0 0 479 91 -5
2 32 0 0 477 101 -7
2 33 0 0 480 97 -5
2 34 0 0 477 107 -7
2 35 0 0 480 102 -5
2 36 0 0 477 114 -7
2 37 0 0 480 107 -5
2 38 0 0 477 120 -7
2 39 0 0 480 112 -5
2 40 0 0 478 125 -8
2 41 0 0 480 116 -6
2 42 0 0 478 130 -8
2 43 0 0 480 120 -6
2 44 0 0 484 93 -6
2 45 0 0 480 123 -6
2 46 0 0 486 137 -8
2 47 0 0 480 126 -6
2 48 0 0 478 137 -9
2 49 0 0 479 129 -6
2 50 0 0 478 135 -9
2 51 0 0 489 95 -8
2 52 0 0 477 131 -10
2 53 0 0 478 126 -6
2 54 0 0 477 125 -10
2 55 0 0 479 121 -6
2 56 0 0 477 120 -10
2 57 0 0 480 115 -6
2 58 0 0 477 117 -10
2 59 0 0 480 112 -6
2 60 0 0 477 114 -10
2 61 0 0 480 109 -6
2 62 0 0 477 111 -10
2 63 0 0 480 107 -6
2 64 0 0 477 109 -10
2 65 0 0 480 105 -6
2 66 0 0 477 108 -9
2 67 0 0 480 104 -6
2 68 0 0 477 106 -9
2 69 0 0 480 102 -6
2 70 0 0 477 105 -9
2 71 0 0 480 102 -6
2 72 0 0 477 103 -9
2 73 0 0 480 101 -6
2 74 0 0 477 102 -9
2 75 0 0 480 101 -6
2 76 0 0 477 101 -9
2 77 0 0 480 101 -6
2 78 0 0 477 101 -9
2 79 0 0 480 102 -6
2 80 0 0 478 101 -9
2 81 0 0 480 103 -6
2 82 0 0 478 101 -9
2 83 0 0 480 104 -6
2 84 0 0 478 103 -9
2 85 0 0 480 107 -6
2 86 0 0 478 105 -9
2 87 0 0 479 110 -6
2 88 0 0 479 109 -9
2 89 0 0 479 115 -6
2 90 0 0 479 114 -9
2 91 0 0 479 121 -6
2 92 0 0 480 122 -10
2 93 0 0 480 131 -6
2 94 0 0 484 137 -11
2 95 0 0 481 148 -9
2 96 0 0 484 171 -2
2 97 0 0 499 1260 -14
3 2 0 0 412 53 8
3 3 0 0 521 28 0
3 4 0 0 482 86 11
3 5 0 0 461 102 15
3 6 0 0 471 159 24
3 7 0 0 468 175 16
3 8 0 0 485 229 23
3 9 0 0 464 248 16
3 10 0 0 489 297 21
3 11 0 0 457 319 14
3 12 0 0 496 366 20
3 13 0 0 450 386 14
3 14 0 0 501 436 19
3 15 0 0 444 452 13
3 16 0 0 503 504 18
3 17 0 0 440 515 12
3 18 0 0 503 571 18
3 19 0 0 439 580 12
3 20 0 0 502 638 17
3 21 0 0 439 648 12
3 22 0 0 500 705 17
3 23 0 0 440 715 12
3 24 0 0 500 772 16
3 25 0 0 441 784 11
3 26 0 0 499 840 15
3 27 0 0 442 851 11
3 28 0 0 497 907 15
3 29 0 0 444 919 11
3 30 0 0 496 974 15
3 31 0 0 445 985 11
3 32 0 0 495 1039 14
3 33 0 0 447 1051 11
3 34 0 0 494 1103 14
3 35 0 0 449 1116 11
3 36 0 0 493 1167 14
3 37 0 0 451 1179 11
3 38 0 0 492 1227 14
3 39 0 0 453 1239 11
3 40 0 0 493 1285 14
3 41 0 0 457 1296 12
3 42 0 0 494 1338 14
3 43 0 0 460 1347 12
3 44 0 0 497 1385 14
3 45 0 0 465 1391 12
3 46 0 0 500 1423 15
3 47 0 0 471 1425 13
3 48 0 0 508 1451 15
3 49 0 0 480 1444 14
3 50 0 0 514 1460 16
3 51 0 0 489 1449 14
3 52 0 0 525 1456 17
3 53 0 0 499 1431 15
3 54 0 0 530 1429 17
3 55 0 0 504 1399 15
3 56 0 0 534 1395 17
3 57 0 0 505 1363 15
3 58 0 0 534 1357 17
3 59 0 0 503 1327 15
3 60 0 0 533 1323 17
3 61 0 0 500 1295 15
3 62 0 0 531 1294 17
3 63 0 0 497 1268 15
3 64 0 0 529 1271 17
3 65 0 0 494 1248 14
3 66 0 0 527 1253 16
3 67 0 0 492 1232 14
3 68 0 0 525 1239 16
3 69 0 0 490 1221 14
3 70 0 0 524 1229 16
3 71 0 0 488 1213 14
3 72 0 0 522 1221 16
3 73 0 0 486 1208 14
3 74 0 0 521 1216 16
3 75 0 0 485 1205 14
3 76 0 0 519 1214 16
3 77 0 0 483 1207 14
3 78 0 0 516 1216 16
3 79 0 0 481 1212 14
3 80 0 0 514 1223 15
3 81 0 0 478 1222 13
3 82 0 0 509 1234 15
3 83 0 0 475 1238 13
3 84 0 0 506 1253 15
3 85 0 0 471 1261 13
3 86 0 0 496 1279 15
3 87 0 0 465 1294 13
3 88 0 0 495 1317 14
3 89 0 0 460 1337 14
3 90 0 0 475 1365 14
3 91 0 0 447 1398 13
3 92 0 0 470 1442 16
3 93 0 0 443 1476 16
3 94 0 0 440 1542 25
3 95 0 0 424 1596 24
3 96 0 0 345 1687 -4
3 97 0 0 377 1886 -1
4 2 0 0 437 34 0
4 3 0 0 468 101 25
4 5 0 0 426 130 -3
4 7 0 0 435 187 -6
4 8 0 0 433 252 0
4 10 0 0 437 318 0
4 12 0 0 438 389 0
4 14 0 0 440 460 0
4 17 0 0 442 531 0
4 19 0 0 443 602 0
4 21 0 0 444 674 0
4 23 0 0 444 746 0
4 25 0 0 446 818 0
4 27 0 0 447 889 -1
4 29 0 0 449 961 -2
4 31 0 0 450 1032 -2
4 33 0 0 453 1102 -3
4 35 0 0 455 1171 -3
4 37 0 0 460 1237 -4
4 39 0 0 463 1301 -4
4 41 0 0 471 1362 -5
4 43 0 0 480 1417 -5
4 45 0 0 493 1464 -5
4 46 0 0 509 1500 -5
4 48 0 0 530 1522 -5
4 50 0 0 553 1526 -5
4 52 0 0 575 1506 -4
4 54 0 0 585 1469 -3
4 56 0 0 587 1428 -1
4 58 0 0 583 1387 0
4 60 0 0 575 1351 0
4 63 0 0 567 1322 0
4 65 0 0 560 1299 0
4 67 0 0 555 1282 0
4 69 0 0 551 1268 0
4 71 0 0 547 1257 0
4 73 0 0 543 1249 0
4 75 0 0 539 1243 1
4 77 0 0 535 1241 1
4 79 0 0 529 1242 1
4 81 0 0 522 1248 2
4 83 0 0 513 1261 2
4 85 0 0 502 1278 5
4 87 0 0 492 1307 2
4 89 0 0 473 1339 9
4 91 0 0 458 1391 -1
4 93 0 0 428 1444 3
4 95 0 0 357 1532 -23
4 96 0 0 272 1654 -25
4 97 0 0 240 1683 -15
5 2 0 0 400 17 -8
5 3 0 0 409 41 3
5 96 0 0 281 1576 -53
5 97 0 0 252 1613 -54
6 2 0 0 374 38 8
6 3 0 0 372 75 1
6 5 0 0 328 97 6
6 48 0 0 457 1565 14
6 50 0 0 501 1567 14
6 52 0 0 550 1537 14
6 54 0 0 571 1487 14
6 56 0 0 577 1436 14
6 58 0 0 570 1389 13
6 60 0 0 557 1351 13
6 62 0 0 543 1322 13
6 65 0 0 531 1300 13
6 67 0 0 521 1285 12
6 69 0 0 514 1272 12
6 71 0 0 507 1262 12
6 73 0 0 502 1253 12
6 75 0 0 495 1246 12
6 77 0 0 487 1242 12
6 79 0 0 477 1242 12
6 81 0 0 465 1247 12
6 83 0 0 450 1257 12
6 85 0 0 432 1274 12
6 87 0 0 413 1300 12
6 89 0 0 384 1333 13
6 91 0 0 359 1380 11
6 93 0 0 316 1433 7
6 95 0 0 240 1519 -23
6 96 0 0 172 1575 -29
6 97 0 0 135 1582 -24
7 2 0 0 335 18 -3
7 3 0 0 334 20 -2
7 7 0 0 341 167 5
7 8 0 0 340 242 5
7 10 0 0 335 314 9
7 12 0 0 331 386 9
7 14 0 0 330 459 9
7 17 0 0 329 532 9
7 19 0 0 328 606 10
7 21 0 0 327 678 10
7 23 0 0 327 751 10
7 25 0 0 326 824 11
7 27 0 0 327 897 11
7 29 0 0 328 969 11
7 31 0 0 330 1041 11
7 33 0 0 331 1113 12
7 35 0 0 335 1183 12
7 37 0 0 340 1252 12
7 39 0 0 347 1319 12
7 41 0 0 357 1383 13
7 43 0 0 371 1443 13
7 45 0 0 392 1496 13
7 46 0 0 419 1539 13
7 96 0 0 202 1559 -35
7 97 0 0 164 1545 -38
8 2 0 0 300 40 11
8 3 0 0 306 79 4
8 50 0 0 558 1629 -3
8 52 0 0 633 1583 -3
8 54 0 0 662 1505 -6
8 56 0 0 661 1439 -5
8 58 0 0 644 1380 -5
8 60 0 0 619 1337 -5
8 62 0 0 595 1309 -6
8 64 0 0 575 1290 -6
8 67 0 0 561 1277 -6
8 69 0 0 552 1267 -6
8 71 0 0 545 1257 -6
8 73 0 0 538 1248 -6
8 75 0 0 529 1240 -6
8 77 0 0 518 1234 -6
8 79 0 0 504 1232 -6
8 81 0 0 487 1232 -7
8 83 0 0 467 1241 -7
8 85 0 0 440 1250 -6
8 87 0 0 415 1272 -7
8 89 0 0 378 1293 -5
8 91 0 0 340 1328 -5
8 93 0 0 291 1363 -8
8 95 0 0 211 1415 -45
8 96 0 0 118 1442 -35
8 97 0 0 95 1436 -17
9 2 0 0 264 22 0
9 3 0 0 254 37 4
9 5 0 0 269 119 -2
9 7 0 0 278 178 0
9 8 0 0 280 254 -5
9 10 0 0 281 326 -4
9 12 0 0 281 397 -5
9 14 0 0 282 468 -5
9 16 0 0 282 540 -6
9 19 0 0 283 611 -6
9 21 0 0 283 683 -6
9 23 0 0 283 756 -6
9 25 0 0 284 828 -7
9 27 0 0 284 900 -6
9 29 0 0 286 973 -7
9 31 0 0 286 1045 -6
9 33 0 0 291 1117 -7
9 35 0 0 295 1190 -6
9 37 0 0 303 1260 -6
9 39 0 0 310 1330 -6
9 41 0 0 325 1398 -6
9 43 0 0 344 1464 -6
9 44 0 0 376 1525 -6
9 46 0 0 417 1578 -6
9 48 0 0 478 1612 -5
9 96 0 0 168 1425 -52
9 97 0 0 128 1408 -38
10 2 0 0 219 43 11
10 3 0 0 230 71 6
10 53 0 0 682 1650 -3
10 55 0 0 715 1517 -2
10 57 0 0 708 1417 0
10 58 0 0 675 1347 -1
10 60 0 0 632 1304 -1
10 62 0 0 594 1281 0
10 64 0 0 566 1269 0
10 66 0 0 547 1264 0
10 69 0 0 539 1259 0
10 71 0 0 531 1250 0
10 73 0 0 525 1240 0
10 75 0 0 514 1230 0
10 77 0 0 501 1221 -1
10 79 0 0 483 1215 -1
10 81 0 0 461 1213 -1
10 83 0 0 437 1218 0
10 85 0 0 406 1226 -1
10 87 0 0 374 1241 0
10 89 0 0 333 1260 0
10 91 0 0 290 1287 1
10 93 0 0 238 1312 -1
10 95 0 0 168 1357 -35
10 96 0 0 87 1376 -33
10 97 0 0 61 1353 -20
11 2 0 0 184 31 2
11 3 0 0 181 36 3
11 5 0 0 192 105 2
11 7 0 0 193 171 2
11 8 0 0 190 246 0
11 10 0 0 187 319 0
11 12 0 0 186 392 0
11 14 0 0 185 465 0
11 17 0 0 184 537 -1
11 19 0 0 183 610 -1
11 21 0 0 183 682 -1
11 23 0 0 183 755 -1
11 25 0 0 183 827 0
11 27 0 0 183 901 -1
11 29 0 0 184 973 0
11 31 0 0 186 1048 -1
11 33 0 0 186 1123 0
11 35 0 0 193 1196 0
11 37 0 0 201 1269 1
11 39 0 0 209 1343 0
11 41 0 0 224 1419 1
11 43 0 0 245 1497 0
11 44 0 0 279 1573 0
11 46 0 0 333 1647 1
11 48 0 0 409 1710 2
11 51 0 0 528 1733 2
11 96 0 0 143 1373 -40
11 97 0 0 108 1335 -34
12 2 0 0 135 36 10
12 3 0 0 161 76 6
12 50 0 0 595 1875 -27
12 53 0 0 850 1760 -28
12 55 0 0 885 1535 -13
12 57 0 0 823 1375 1
12 58 0 0 751 1295 -1
12 60 0 0 679 1255 -1
12 62 0 0 622 1244 -1
12 64 0 0 585 1243 -1
12 66 0 0 562 1250 -1
12 69 0 0 558 1252 -1
12 70 0 0 555 1244 -1
12 72 0 0 551 1232 -1
12 74 0 0 541 1217 -1
12 76 0 0 526 1204 -1
12 79 0 0 505 1193 -1
12 81 0 0 479 1187 -2
12 83 0 0 449 1187 -1
12 85 0 0 413 1190 -2
12 87 0 0 375 1201 -1
12 89 0 0 329 1211 -1
12 91 0 0 281 1232 -1
12 93 0 0 226 1246 -2
12 95 0 0 155 1277 -34
12 96 0 0 71 1286 -33
12 97 0 0 49 1257 -17
13 2 0 0 112 28 2
13 3 0 0 96 47 4
13 5 0 0 124 112 0
13 7 0 0 128 176 -2
13 8 0 0 128 250 -4
13 10 0 0 129 320 -3
13 12 0 0 131 391 -3
13 14 0 0 131 463 -3
13 17 0 0 131 534 -4
13 19 0 0 132 606 -4
13 21 0 0 132 677 -4
13 23 0 0 132 749 -4
13 25 0 0 132 822 -5
13 27 0 0 132 893 -4
13 29 0 0 133 968 -7
13 31 0 0 133 1038 -5
13 33 0 0 135 1116 -9
13 35 0 0 138 1196 -4
13 37 0 0 143 1265 -5
13 39 0 0 147 1343 -4
13 41 0 0 161 1423 -7
13 43 0 0 180 1507 -8
13 45 0 0 217 1598 -12
13 46 0 0 272 1696 -14
13 48 0 0 376 1794 -24
13 96 0 0 125 1279 -44
13 97 0 0 91 1244 -27
14 2 0 0 66 17 -1
14 3 0 0 83 54 0
14 4 0 0 58 74 -4
14 5 0 0 87 123 -8
14 6 0 0 50 150 -7
14 7 0 0 96 189 -11
14 8 0 0 40 225 -7
14 9 0 0 99 258 -11
14 10 0 0 32 300 -11
14 11 0 0 101 327 -12
14 12 0 0 29 372 -10
14 13 0 0 101 397 -12
14 14 0 0 28 445 -11
14 15 0 0 101 467 -13
14 16 0 0 28 518 -12
14 17 0 0 100 537 -14
14 18 0 0 28 589 -12
14 19 0 0 99 607 -15
14 20 0 0 29 660 -12
14 21 0 0 98 678 -15
14 22 0 0 30 731 -13
14 23 0 0 97 748 -15
14 24 0 0 34 798 -11
14 25 0 0 96 817 -14
14 26 0 0 33 869 -11
14 27 0 0 94 888 -14
14 28 0 0 45 923 -6
14 29 0 0 96 970 -10
14 30 0 0 35 1013 -8
14 31 0 0 90 1029 -12
14 32 0 0 45 1075 -7
14 33 0 0 94 1103 -11
14 34 0 0 45 1152 -12
14 35 0 0 94 1177 -14
14 36 0 0 62 1200 -8
14 37 0 0 100 1269 -14
14 38 0 0 57 1305 -12
14 39 0 0 102 1331 -12
14 40 0 0 73 1362 -9
14 41 0 0 111 1439 -12
14 42 0 0 77 1477 -12
14 43 0 0 126 1531 -10
14 44 0 0 94 1584 -16
14 45 0 0 151 1649 -16
14 46 0 0 128 1730 -24
14 47 0 0 205 1798 -22
14 48 0 0 203 1895 -26
14 49 0 0 352 1974 -22
14 50 0 0 436 2071 -23
14 51 0 0 702 2144 -25
14 52 0 0 943 2002 -38
14 53 0 0 1063 1795 -30
14 55 0 0 1114 1452 0
14 57 0 0 943 1244 9
14 58 0 0 799 1187 0
14 60 0 0 685 1171 0
14 62 0 0 608 1187 0
14 64 0 0 564 1208 0
14 67 0 0 541 1237 0
14 69 0 0 551 1252 0
14 70 0 0 556 1243 0
14 72 0 0 558 1227 0
14 74 0 0 547 1204 0
14 76 0 0 530 1184 0
14 78 0 0 504 1168 0
14 81 0 0 473 1157 0
14 83 0 0 438 1152 0
14 85 0 0 398 1152 0
14 87 0 0 355 1158 0
14 89 0 0 307 1166 0
14 91 0 0 256 1180 0
14 93 0 0 201 1189 -1
14 95 0 0 134 1216 -33
14 96 0 0 56 1223 -34
14 97 0 0 37 1188 -16
15 2 0 0 30 8 3
15 3 0 0 44 37 -2
15 4 0 0 44 96 -7
15 5 0 0 43 101 -4
15 6 0 0 36 165 -6
15 7 0 0 38 171 -4
15 8 0 0 33 242 -3
15 9 0 0 33 241 -2
15 10 0 0 35 318 0
15 11 0 0 32 309 -2
15 12 0 0 37 395 2
15 13 0 0 32 384 -3
15 14 0 0 32 474 2
15 15 0 0 30 464 -1
15 16 0 0 29 553 2
15 17 0 0 29 544 -1
15 18 0 0 28 631 2
15 19 0 0 29 623 0
15 20 0 0 28 710 2
15 21 0 0 29 702 0
15 22 0 0 30 787 2
15 23 0 0 30 780 0
15 24 0 0 31 866 2
15 25 0 0 27 860 1
15 26 0 0 34 941 2
15 27 0 0 32 936 1
15 28 0 0 35 1024 1
15 29 0 0 21 1021 2
15 30 0 0 41 1094 0
15 31 0 0 33 1094 0
15 32 0 0 49 1181 -4
15 33 0 0 31 1187 2
15 34 0 0 48 1258 -2
15 35 0 0 38 1264 0
15 36 0 0 46 1340 0
15 37 0 0 25 1347 4
15 38 0 0 59 1416 -2
15 39 0 0 48 1431 0
15 40 0 0 59 1512 -2
15 41 0 0 38 1530 2
15 42 0 0 74 1604 -6
15 43 0 0 58 1629 0
15 44 0 0 88 1715 -9
15 45 0 0 73 1749 -2
15 46 0 0 102 1751 12
15 47 0 0 111 1896 -11
15 48 0 0 195 2032 -20
15 49 0 0 196 2105 -18
15 50 0 0 428 2300 -16
15 51 0 0 800 2487 74
15 52 0 0 1301 2218 -14
15 53 0 0 1298 1750 -62
15 96 0 0 115 1222 -39
15 97 0 0 83 1176 -25
16 2 0 0 0 2 1
16 3 0 0 2 42 0
16 4 0 0 4 80 0
16 5 0 0 1 113 0
16 6 0 0 2 149 -3
16 7 0 0 0 188 -1
16 8 0 0 2 219 -4
16 9 0 0 0 265 0
16 10 0 0 2 293 -5
16 11 0 0 3 342 -1
16 12 0 0 3 371 -6
16 13 0 0 4 420 -1
16 14 0 0 6 454 -6
16 15 0 0 4 497 -1
16 16 0 0 7 536 -6
16 17 0 0 5 575 0
16 18 0 0 7 619 -6
16 19 0 0 5 652 0
16 20 0 0 6 701 -6
16 21 0 0 5 729 -1
16 22 0 0 5 784 -5
16 23 0 0 5 805 -1
16 24 0 0 5 865 -5
16 25 0 0 5 882 -1
16 26 0 0 4 943 -4
16 27 0 0 4 957 -2
16 28 0 0 3 1024 -4
16 29 0 0 4 1035 -2
16 30 0 0 3 1099 -3
16 31 0 0 4 1111 -2
16 32 0 0 2 1183 -3
16 33 0 0 3 1202 -2
16 34 0 0 2 1267 -2
16 35 0 0 3 1282 -2
16 36 0 0 0 1345 -2
16 37 0 0 2 1358 -2
16 38 0 0 0 1416 -1
16 39 0 0 3 1444 -2
16 40 0 0 0 1513 0
16 41 0 0 2 1542 -1
16 42 0 0 1 1604 0
16 43 0 0 2 1645 0
16 44 0 0 2 1709 -13
16 45 0 0 3 1770 1
16 46 0 0 7 1790 -1
16 47 0 0 6 1926 4
16 48 0 0 12 2059 4
16 49 0 0 16 2189 6
16 50 0 0 35 2507 6
16 51 0 0 259 3382 55
16 52 0 0 1637 3630 117
16 53 0 0 2142 1988 -95
16 56 0 0 1083 1018 11
16 58 0 0 830 1030 6
16 60 0 0 675 1065 0
16 62 0 0 580 1122 0
16 65 0 0 528 1175 0
16 67 0 0 508 1237 0
16 69 0 0 548 1266 0
16 70 0 0 574 1250 0
16 72 0 0 587 1223 0
16 74 0 0 579 1189 0
16 76 0 0 559 1160 0
16 78 0 0 528 1137 0
16 81 0 0 492 1121 0
16 83 0 0 450 1112 0
16 85 0 0 405 1107 0
16 87 0 0 357 1110 0
16 89 0 0 305 1113 0
16 91 0 0 252 1124 0
16 93 0 0 195 1128 -1
16 95 0 0 128 1149 -32
16 96 0 0 50 1152 -33
16 97 0 0 32 1117 -12
17 34 0 0 0 0 0
17 51 0 0 141 726 -85
17 52 0 0 -1720 -358 186
17 53 0 0 2301 491 -134
17 54 0 0 1577 1067 -3
17 96 0 0 106 1148 -41
17 97 0 0 75 1105 -19
18 34 0 0 0 0 0
18 35 0 0 5 -4 0
18 36 0 0 2 -15 0
18 37 0 0 2 -24 0
18 38 0 0 3 -27 0
18 39 0 0 1 -37 1
18 40 0 0 4 -46 2
18 41 0 0 2 -58 1
18 42 0 0 7 -72 2
18 43 0 0 3 -87 0
18 44 0 0 7 -99 1
18 45 0 0 2 -114 1
18 46 0 0 8 -138 2
18 47 0 0 2 -161 0
18 48 0 0 0 -193 -2
18 49 0 0 -6 -168 -5
18 50 0 0 -57 -262 -34
18 51 0 0 3 -640 -24
18 52 0 0 1001 -700 -66
18 53 0 0 1649 -122 -98
18 58 0 0 735 810 -1
18 60 0 0 590 920 0
18 62 0 0 498 1037 0
18 65 0 0 454 1131 1
18 67 0 0 450 1255 5
18 69 0 0 546 1316 3
18 71 0 0 602 1283 0
18 72 0 0 624 1232 -1
18 74 0 0 613 1177 -1
18 76 0 0 586 1134 0
18 78 0 0 546 1100 0
18 80 0 0 502 1078 0
18 83 0 0 453 1065 0
18 85 0 0 402 1059 0
18 87 0 0 350 1059 0
18 89 0 0 296 1060 0
18 91 0 0 240 1068 0
18 93 0 0 184 1070 -1
18 96 0 0 44 1092 -34
18 97 0 0 27 1053 -11
19 34 0 0 9 -1 0
19 35 0 0 12 -8 0
19 36 0 0 10 -12 0
19 37 0 0 9 -23 1
19 38 0 0 10 -28 1
19 39 0 0 12 -39 1
19 40 0 0 12 -46 2
19 41 0 0 16 -57 0
19 42 0 0 17 -69 2
19 43 0 0 20 -83 0
19 44 0 0 23 -99 2
19 45 0 0 28 -114 0
19 46 0 0 41 -141 5
19 47 0 0 48 -174 1
19 48 0 0 42 -219 2
19 49 0 0 75 -271 12
19 50 0 0 133 -387 -2
19 51 0 0 188 -552 -17
19 52 0 0 529 -608 -28
19 53 0 0 1101 -110 -6
19 55 0 0 1218 408 2
19 57 0 0 937 615 3
19 95 0 0 118 1089 -31
19 96 0 0 101 1091 -37
19 97 0 0 69 1041 -17
20 34 0 0 21 -2 -1
20 35 0 0 14 -4 0
20 36 0 0 19 -13 0
20 38 0 0 24 -25 0
20 40 0 0 31 -38 0
20 42 0 0 43 -58 0
20 44 0 0 61 -77 -1
20 47 0 0 98 -120 0
20 48 0 0 151 -144 -2
20 50 0 0 282 -269 -2
20 53 0 0 578 -201 -4
20 58 0 0 547 686 -5
20 60 0 0 443 833 -1
20 62 0 0 363 984 0
20 64 0 0 307 1122 0
20 66 0 0 293 1333 1
20 69 0 0 522 1411 0
20 71 0 0 653 1328 -2
20 73 0 0 697 1234 -1
20 75 0 0 676 1151 0
20 76 0 0 635 1094 0
20 78 0 0 582 1052 0
20 80 0 0 525 1027 0
20 82 0 0 467 1012 0
20 85 0 0 410 1004 0
20 87 0 0 353 1003 0
20 89 0 0 295 1003 0
20 91 0 0 238 1010 0
20 93 0 0 180 1010 -1
20 96 0 0 41 1029 -34
20 97 0 0 24 990 -9
21 34 0 0 25 0 0
21 35 0 0 23 -10 0
21 55 0 0 745 224 8
21 57 0 0 684 481 1
21 95 0 0 114 1027 -30
21 96 0 0 97 1027 -38
21 97 0 0 63 977 -13
22 34 0 0 35 -3 -1
22 35 0 0 24 0 0
22 36 0 0 28 -11 0
22 38 0 0 34 -20 0
22 40 0 0 42 -29 1
22 42 0 0 56 -42 1
22 44 0 0 78 -53 2
22 46 0 0 110 -72 3
22 48 0 0 171 -76 3
22 51 0 0 239 -86 1
22 53 0 0 428 -10 6
22 59 0 0 389 584 -1
22 61 0 0 298 729 1
22 62 0 0 212 895 2
22 64 0 0 123 1073 -9
22 66 0 0 158 1390 -23
22 69 0 0 554 1601 -38
22 71 0 0 787 1432 -25
22 73 0 0 802 1257 -4
22 75 0 0 753 1116 1
22 76 0 0 686 1038 0
22 78 0 0 614 989 0
22 80 0 0 544 964 0
22 82 0 0 476 950 0
22 85 0 0 412 944 0
22 87 0 0 351 944 0
22 89 0 0 291 945 0
22 91 0 0 232 951 0
22 96 0 0 38 969 -34
22 97 0 0 22 929 -8
23 34 0 0 38 1 0
23 35 0 0 32 -10 -1
23 55 0 0 505 200 5
23 57 0 0 471 411 0
23 93 0 0 174 952 -1
23 95 0 0 109 967 -29
23 96 0 0 93 968 -36
23 97 0 0 58 916 -10
24 34 0 0 44 -3 -1
24 35 0 0 33 3 0
24 36 0 0 36 -6 0
24 38 0 0 42 -12 0
24 40 0 0 51 -16 0
24 42 0 0 66 -23 0
24 44 0 0 87 -23 0
24 46 0 0 116 -29 0
24 48 0 0 162 -13 0
24 50 0 0 213 0 -1
24 52 0 0 300 71 -1
24 54 0 0 329 214 -3
24 57 0 0 302 366 -1
24 59 0 0 232 505 -1
24 61 0 0 123 654 3
24 62 0 0 4 809 0
24 64 0 0 -201 1059 -31
24 66 0 0 -287 1197 -35
24 67 0 0 20 1524 -79
24 68 0 0 431 1899 -44
24 69 0 0 767 1940 -69
24 70 0 0 895 1639 -45
24 71 0 0 988 1461 -10
24 73 0 0 1030 1186 0
24 74 0 0 897 1022 6
24 76 0 0 769 949 0
24 78 0 0 657 907 0
24 80 0 0 565 889 0
24 82 0 0 486 880 0
24 85 0 0 415 879 0
24 87 0 0 350 882 0
24 89 0 0 288 884 0
24 96 0 0 36 910 -34
24 97 0 0 21 870 -7
25 34 0 0 45 2 1
25 35 0 0 37 -9 -1
25 66 0 0 -335 1249 -52
25 67 0 0 -343 1472 -82
25 68 0 0 380 2362 -167
25 69 0 0 755 2297 -148
25 70 0 0 1301 1776 -71
25 71 0 0 1217 1393 -64
25 91 0 0 228 892 0
25 93 0 0 169 893 -1
25 95 0 0 105 908 -28
25 96 0 0 90 908 -35
25 97 0 0 52 857 -8
26 34 0 0 49 -3 -1
26 35 0 0 38 5 0
26 36 0 0 39 -2 0
26 38 0 0 45 -5 0
26 40 0 0 53 -5 0
26 42 0 0 66 -6 0
26 44 0 0 84 -1 0
26 46 0 0 105 3 0
26 48 0 0 139 24 0
26 50 0 0 166 51 0
26 52 0 0 213 112 0
26 54 0 0 216 204 -1
26 61 0 0 -5 500 2
26 63 0 0 -188 556 1
26 65 0 0 -408 699 -28
26 66 0 0 -814 832 -42
26 67 0 0 -2956 535 104
26 68 0 0 776 593 201
26 69 0 0 -84 1349 316
26 70 0 0 2012 1468 -28
26 71 0 0 1644 1168 16
26 72 0 0 1285 794 12
26 74 0 0 975 767 14
26 76 0 0 797 780 2
26 78 0 0 671 783 0
26 80 0 0 570 792 0
26 82 0 0 485 799 0
26 84 0 0 411 807 0
26 96 0 0 34 852 -34
26 97 0 0 20 812 -6
27 34 0 0 47 -7 0
27 35 0 0 39 -8 -1
27 57 0 0 182 308 0
27 59 0 0 106 398 0
27 66 0 0 -648 389 -26
27 67 0 0 -967 33 42
27 69 0 0 -409 -264 -142
27 70 0 0 1891 455 -74
27 71 0 0 1638 489 -8
27 87 0 0 344 816 0
27 89 0 0 281 822 0
27 91 0 0 221 832 0
27 93 0 0 163 835 -1
27 95 0 0 101 849 -27
27 96 0 0 86 851 -34
27 97 0 0 36 840 12
28 34 0 0 50 -2 -1
28 35 0 0 40 7 0
28 36 0 0 39 1 0
28 38 0 0 45 1 0
28 40 0 0 52 4 0
28 42 0 0 62 7 0
28 44 0 0 76 15 0
28 46 0 0 91 25 0
28 48 0 0 113 47 0
28 50 0 0 128 75 0
28 63 0 0 -197 359 -1
28 65 0 0 -358 339 -12
28 66 0 0 -552 311 -6
28 67 0 0 -713 43 8
28 69 0 0 488 -162 -55
28 70 0 0 1334 -54 -75
28 71 0 0 1381 276 -1
28 96 0 0 32 796 -33
28 97 0 0 19 756 -5
29 34 0 0 49 3 1
29 35 0 0 39 -6 0
29 52 0 0 147 122 0
29 55 0 0 137 186 -1
29 57 0 0 106 255 0
29 59 0 0 40 308 0
29 61 0 0 -48 365 1
29 66 0 0 -437 170 -5
29 67 0 0 -552 9 31
29 69 0 0 782 -153 42
29 70 0 0 1134 -61 -19
29 71 0 0 1179 240 2
29 72 0 0 1090 478 6
29 74 0 0 900 567 6
29 76 0 0 757 639 0
29 78 0 0 645 673 0
29 80 0 0 552 702 0
29 82 0 0 471 721 0
29 84 0 0 399 737 0
29 87 0 0 333 751 0
29 89 0 0 272 761 0
29 91 0 0 213 773 0
29 93 0 0 157 778 -1
29 95 0 0 97 793 -26
29 96 0 0 82 794 -33
29 97 0 0 42 742 -4
30 34 0 0 48 -2 -1
30 35 0 0 40 8 0
30 66 0 0 -346 142 0
30 67 0 0 -399 15 19
30 69 0 0 927 -13 11
30 70 0 0 1031 7 4
30 71 0 0 1009 193 3
30 96 0 0 30 741 -33
30 97 0 0 17 702 -3
31 34 0 0 47 3 1
31 35 0 0 37 -5 0
31 36 0 0 37 3 0
31 38 0 0 42 6 0
31 40 0 0 48 11 0
31 42 0 0 55 17 0
31 44 0 0 65 27 0
31 46 0 0 75 40 0
31 48 0 0 88 60 0
31 50 0 0 94 85 0
31 53 0 0 100 121 0
31 55 0 0 86 164 0
31 57 0 0 57 207 0
31 59 0 0 2 239 0
31 61 0 0 -63 261 1
31 63 0 0 -161 249 0
31 65 0 0 -253 198 -2
31 66 0 0 -292 72 0
31 67 0 0 -328 6 9
31 69 0 0 916 13 17
31 70 0 0 943 53 15
31 71 0 0 924 161 2
31 72 0 0 890 324 6
31 74 0 0 801 443 3
31 76 0 0 697 524 0
31 78 0 0 606 576 0
31 80 0 0 523 617 0
31 82 0 0 448 646 0
31 84 0 0 380 669 0
31 87 0 0 318 689 0
31 89 0 0 259 702 0
31 91 0 0 203 716 0
31 93 0 0 149 722 -1
31 95 0 0 91 738 -25
31 96 0 0 77 739 -32
31 97 0 0 36 688 -3
32 34 0 0 44 -2 -1
32 35 0 0 36 9 0
32 66 0 0 -237 96 -1
32 67 0 0 -255 7 28
32 69 0 0 865 23 -1
32 70 0 0 857 73 11
32 71 0 0 849 144 4
32 96 0 0 28 690 -32
32 97 0 0 16 651 -2
33 34 0 0 42 3 1
33 35 0 0 32 -3 0
33 36 0 0 33 6 0
33 38 0 0 37 11 0
33 40 0 0 41 17 0
33 42 0 0 47 25 0
33 44 0 0 54 35 0
33 46 0 0 60 48 0
33 48 0 0 67 66 0
33 51 0 0 68 87 0
33 53 0 0 67 113 0
33 55 0 0 52 142 0
33 57 0 0 28 169 0
33 59 0 0 -12 185 0
33 61 0 0 -61 191 0
33 63 0 0 -127 171 0
33 65 0 0 -185 127 -2
33 66 0 0 -192 41 -2
33 67 0 0 -211 5 -4
33 69 0 0 810 39 11
33 70 0 0 790 61 8
33 71 0 0 785 133 7
33 72 0 0 769 250 3
33 74 0 0 704 352 0
33 76 0 0 628 437 -1
33 78 0 0 554 495 0
33 80 0 0 483 543 0
33 82 0 0 418 579 0
33 84 0 0 356 607 0
33 87 0 0 299 630 0
33 89 0 0 244 647 0
33 91 0 0 191 662 0
33 93 0 0 140 670 -1
33 95 0 0 86 685 -24
33 96 0 0 73 687 -31
33 97 0 0 32 637 -1
34 34 0 0 37 -1 0
34 35 0 0 31 8 1
34 66 0 0 -162 63 -1
34 67 0 0 -169 3 26
34 69 0 0 745 33 0
34 70 0 0 725 70 7
34 71 0 0 730 121 10
34 72 0 0 658 205 1
34 74 0 0 617 293 1
34 76 0 0 557 371 -1
34 96 0 0 25 641 -31
34 97 0 0 14 603 -2
35 34 0 0 35 3 1
35 35 0 0 26 -1 0
35 36 0 0 28 7 0
35 38 0 0 31 14 0
35 40 0 0 34 21 0
35 42 0 0 38 30 0
35 44 0 0 42 40 0
35 46 0 0 46 53 0
35 48 0 0 49 68 0
35 51 0 0 48 85 0
35 53 0 0 45 105 0
35 55 0 0 31 125 0
35 57 0 0 12 141 0
35 59 0 0 -18 148 0
35 61 0 0 -51 145 0
35 63 0 0 -95 125 0
35 65 0 0 -126 86 0
35 66 0 0 -131 24 0
35 67 0 0 -139 4 -11
35 69 0 0 684 38 12
35 70 0 0 674 52 4
35 71 0 0 673 106 10
35 78 0 0 499 430 0
35 80 0 0 440 481 0
35 82 0 0 383 519 0
35 84 0 0 329 550 0
35 87 0 0 277 576 0
35 89 0 0 227 595 0
35 91 0 0 178 612 0
35 93 0 0 130 621 -1
35 95 0 0 79 636 -23
35 96 0 0 68 638 -30
35 97 0 0 27 590 0
36 34 0 0 28 0 0
36 35 0 0 25 8 0
36 66 0 0 -112 49 -1
36 67 0 0 -110 3 21
36 69 0 0 638 36 2
36 70 0 0 621 63 6
36 71 0 0 630 104 13
36 72 0 0 570 170 0
36 74 0 0 537 249 2
36 76 0 0 493 320 0
36 78 0 0 444 376 0
36 80 0 0 396 427 0
36 96 0 0 22 595 -31
36 97 0 0 12 558 -1
37 34 0 0 26 2 1
37 35 0 0 18 0 0
37 36 0 0 22 10 0
37 38 0 0 23 16 0
37 40 0 0 25 24 0
37 42 0 0 27 33 0
37 44 0 0 30 43 0
37 46 0 0 32 55 0
37 48 0 0 33 68 0
37 51 0 0 31 82 0
37 53 0 0 27 97 0
37 55 0 0 17 109 0
37 57 0 0 4 118 0
37 59 0 0 -16 120 0
37 61 0 0 -39 113 1
37 63 0 0 -65 94 0
37 65 0 0 -87 66 0
37 66 0 0 -86 20 -1
37 67 0 0 -88 3 -14
37 69 0 0 579 32 12
37 70 0 0 576 42 0
37 71 0 0 578 88 13
37 82 0 0 347 466 0
37 84 0 0 299 500 0
37 87 0 0 253 527 0
37 89 0 0 208 548 0
37 91 0 0 164 565 0
37 93 0 0 120 575 -1
37 95 0 0 73 590 -22
37 96 0 0 63 592 -29
37 97 0 0 23 545 0
38 34 0 0 19 0 0
38 35 0 0 18 7 0
38 36 0 0 16 9 0
38 38 0 0 17 17 -1
38 63 0 0 -47 76 2
38 65 0 0 -56 50 0
38 66 0 0 -71 34 -2
38 67 0 0 -68 3 10
38 69 0 0 544 39 6
38 70 0 0 532 57 -1
38 71 0 0 540 92 14
38 72 0 0 491 144 -1
38 74 0 0 466 213 2
38 76 0 0 431 280 -1
38 78 0 0 392 332 0
38 80 0 0 350 382 0
38 82 0 0 309 422 0
38 84 0 0 268 456 0
38 87 0 0 227 484 0
38 89 0 0 189 506 0
38 91 0 0 149 523 0
38 96 0 0 20 552 -29
38 97 0 0 10 517 0
39 34 0 0 17 2 0
39 35 0 0 11 2 0
39 40 0 0 18 25 -1
39 42 0 0 20 34 -1
39 44 0 0 21 45 -1
39 46 0 0 22 55 -1
39 49 0 0 23 67 -1
39 51 0 0 21 79 -1
39 53 0 0 18 90 0
39 54 0 0 11 100 0
39 57 0 0 1 105 0
39 59 0 0 -13 103 1
39 61 0 0 -28 96 2
39 66 0 0 -50 18 0
39 67 0 0 -51 3 -12
39 69 0 0 486 26 11
39 70 0 0 488 33 0
39 71 0 0 495 76 13
39 93 0 0 110 533 -1
39 95 0 0 67 547 -21
39 96 0 0 58 549 -28
39 97 0 0 20 504 1
40 34 0 0 10 0 0
40 35 0 0 10 6 0
40 36 0 0 9 7 0
40 37 0 0 10 15 -1
40 38 0 0 9 17 -1
40 39 0 0 12 24 -1
40 40 0 0 8 25 0
40 41 0 0 12 33 -3
40 42 0 0 8 36 0
40 43 0 0 14 43 -3
40 44 0 0 9 46 0
40 45 0 0 15 53 -4
40 46 0 0 10 56 0
40 47 0 0 16 65 -4
40 48 0 0 11 67 0
40 49 0 0 17 79 -5
40 50 0 0 9 81 0
40 51 0 0 15 91 -6
40 52 0 0 4 95 1
40 53 0 0 13 101 -6
40 54 0 0 -1 108 2
40 55 0 0 8 108 -8
40 56 0 0 -10 121 0
40 57 0 0 9 123 -1
40 58 0 0 -12 111 7
40 59 0 0 0 113 -1
40 60 0 0 -18 104 9
40 61 0 0 -13 91 0
40 62 0 0 -32 88 4
40 63 0 0 -23 74 2
40 64 0 0 -36 66 6
40 65 0 0 -32 37 1
40 66 0 0 -38 29 1
40 67 0 0 -33 2 7
40 69 0 0 469 35 6
40 70 0 0 455 49 5
40 71 0 0 467 84 13
40 74 0 0 403 186 1
40 76 0 0 374 246 -1
40 78 0 0 342 296 0
40 80 0 0 307 344 0
40 82 0 0 272 381 0
40 85 0 0 237 418 0
40 87 0 0 202 446 0
40 89 0 0 169 470 0
40 91 0 0 134 485 0
40 93 0 0 100 495 -1
40 96 0 0 17 513 -28
40 97 0 0 8 478 0
41 34 0 0 9 1 0
41 35 0 0 5 5 0
41 36 0 0 5 8 0
41 37 0 0 6 14 0
41 38 0 0 3 16 0
41 39 0 0 7 22 -1
41 40 0 0 3 25 0
41 41 0 0 9 31 -3
41 42 0 0 3 36 0
41 43 0 0 11 40 -3
41 44 0 0 3 48 0
41 45 0 0 13 51 -3
41 46 0 0 2 60 0
41 47 0 0 14 62 -4
41 48 0 0 1 72 0
41 49 0 0 14 74 -4
41 50 0 0 0 85 0
41 51 0 0 13 86 -4
41 52 0 0 0 97 0
41 53 0 0 13 98 -3
41 54 0 0 -4 104 1
41 55 0 0 11 107 -2
41 56 0 0 -7 110 0
41 57 0 0 6 112 0
41 58 0 0 -14 105 4
41 59 0 0 1 105 0
41 60 0 0 -17 96 5
41 61 0 0 -3 89 0
41 62 0 0 -24 79 4
41 63 0 0 -10 63 0
41 64 0 0 -22 56 2
41 65 0 0 -15 33 1
41 66 0 0 -21 23 0
41 67 0 0 -21 3 -5
41 69 0 0 422 21 6
41 70 0 0 416 27 5
41 71 0 0 423 62 8
41 72 0 0 421 126 0
41 95 0 0 61 508 -20
41 96 0 0 53 510 -27
41 97 0 0 16 466 1
42 34 0 0 0 0 0
42 35 0 0 0 3 0
42 36 0 0 0 12 0
42 37 0 0 1 12 0
42 38 0 0 0 20 0
42 39 0 0 1 21 0
42 40 0 0 0 27 1
42 41 0 0 2 26 0
42 42 0 0 0 36 1
42 43 0 0 3 34 0
42 44 0 0 1 45 1
42 45 0 0 4 44 0
42 46 0 0 0 75 12
42 47 0 0 4 58 0
42 48 0 0 1 70 2
42 49 0 0 5 99 -19
42 50 0 0 -1 105 14
42 51 0 0 5 113 -20
42 52 0 0 0 95 1
42 53 0 0 4 93 0
42 54 0 0 -1 102 0
42 55 0 0 1 101 -2
42 56 0 0 -2 107 0
42 57 0 0 0 101 -2
42 58 0 0 -4 99 0
42 59 0 0 -1 91 -3
42 60 0 0 -5 87 0
42 61 0 0 -3 77 -3
42 62 0 0 -3 69 -1
42 63 0 0 0 67 -1
42 64 0 0 -4 51 0
42 65 0 0 -2 45 0
42 66 0 0 -3 18 0
42 67 0 0 -1 6 0
42 69 0 0 410 32 -2
42 70 0 0 396 43 5
42 71 0 0 405 73 9
42 74 0 0 347 162 0
42 76 0 0 321 219 -1
42 78 0 0 294 266 0
42 80 0 0 265 312 0
42 82 0 0 233 351 0
42 85 0 0 203 386 0
42 87 0 0 173 416 0
42 89 0 0 152 438 0
42 91 0 0 122 453 0
42 93 0 0 91 462 -1
42 96 0 0 15 477 -27
42 97 0 0 7 443 0
43 34 0 0 0 0 0
43 35 0 0 0 0 0
43 36 0 0 0 0 0
43 37 0 0 0 0 0
43 38 0 0 0 -1 0
43 39 0 0 0 0 0
43 40 0 0 0 -1 0
43 41 0 0 0 -1 0
43 42 0 0 0 -2 0
43 43 0 0 0 -2 0
43 44 0 0 0 -2 0
43 45 0 0 0 -2 0
43 46 0 0 0 -3 0
43 47 0 0 0 -3 0
43 48 0 0 0 -4 0
43 49 0 0 0 -4 1
43 50 0 0 0 -5 0
43 51 0 0 1 -6 0
43 52 0 0 0 -6 0
43 53 0 0 1 -6 1
43 54 0 0 1 -8 0
43 55 0 0 1 -7 1
43 56 0 0 1 -9 0
43 57 0 0 1 -9 2
43 58 0 0 1 -11 0
43 59 0 0 1 -10 2
43 60 0 0 1 -11 0
43 61 0 0 2 -10 2
43 62 0 0 -2 -10 -2
43 63 0 0 -1 -11 0
43 64 0 0 -2 -6 -2
43 65 0 0 -1 -8 0
43 66 0 0 0 -2 0
43 67 0 0 -1 0 0
43 69 0 0 378 18 0
43 70 0 0 370 22 3
43 71 0 0 375 49 5
43 72 0 0 365 108 0
43 95 0 0 56 472 -19
43 96 0 0 49 474 -26
43 97 0 0 14 432 2
44 34 0 0 0 0 0
44 35 0 0 0 0 0
44 36 0 0 0 0 0
44 37 0 0 0 0 0
44 38 0 0 0 0 0
44 39 0 0 0 -1 0
44 40 0 0 0 -1 0
44 41 0 0 0 -1 0
44 42 0 0 0 -1 0
44 43 0 0 0 -2 0
44 44 0 0 0 -2 0
44 45 0 0 0 -2 0
44 46 0 0 0 -3 0
44 47 0 0 0 -3 0
44 48 0 0 0 -3 0
44 49 0 0 0 -4 0
44 50 0 0 0 -4 0
44 51 0 0 0 -5 0
44 52 0 0 0 -5 0
44 53 0 0 0 -6 0
44 54 0 0 0 -7 0
44 55 0 0 0 -7 0
44 56 0 0 0 -8 0
44 57 0 0 0 -9 0
44 58 0 0 0 -9 0
44 59 0 0 0 -10 0
44 60 0 0 0 -10 0
44 61 0 0 0 -10 0
44 62 0 0 0 -10 0
44 63 0 0 0 -10 0
44 64 0 0 -2 -9 0
44 65 0 0 -1 -8 0
44 66 0 0 -3 -4 0
44 67 0 0 -2 0 0
44 69 0 0 340 37 6
44 70 0 0 341 38 4
44 71 0 0 349 59 3
44 72 0 0 310 94 0
44 74 0 0 296 140 2
44 76 0 0 272 193 0
44 78 0 0 249 238 0
44 80 0 0 223 283 0
44 82 0 0 197 322 0
44 85 0 0 174 358 0
44 87 0 0 149 387 0
44 89 0 0 131 409 0
44 91 0 0 108 423 0
44 93 0 0 84 431 -2
44 96 0 0 13 444 -26
44 97 0 0 5 410 0
45 34 0 0 0 0 0
45 35 0 0 0 0 0
45 36 0 0 0 0 0
45 37 0 0 0 0 0
45 38 0 0 0 0 0
45 39 0 0 0 -1 0
45 40 0 0 0 -1 0
45 41 0 0 0 -1 0
45 42 0 0 0 -1 0
45 43 0 0 0 -2 0
45 44 0 0 0 -2 0
45 45 0 0 0 -3 0
45 46 0 0 0 -3 0
45 47 0 0 1 -3 0
45 48 0 0 0 -4 0
45 49 0 0 1 -4 0
45 50 0 0 0 -5 0
45 51 0 0 1 -6 0
45 52 0 0 0 -6 0
45 53 0 0 1 -7 0
45 54 0 0 1 -7 0
45 55 0 0 1 -8 0
45 56 0 0 0 -8 0
45 57 0 0 2 -10 0
45 58 0 0 0 -10 0
45 59 0 0 1 -11 0
45 60 0 0 0 -11 0
45 61 0 0 1 -12 0
45 62 0 0 -1 -12 0
45 63 0 0 0 -12 0
45 64 0 0 -3 -11 0
45 65 0 0 -3 -7 0
45 66 0 0 -6 -7 0
45 67 0 0 -7 -1 0
45 69 0 0 304 15 4
45 70 0 0 303 12 0
45 71 0 0 306 36 5
45 95 0 0 52 439 -18
45 96 0 0 46 441 -25
45 97 0 0 12 400 2
46 34 0 0 0 0 0
46 35 0 0 0 0 0
46 36 0 0 0 0 0
46 38 0 0 0 0 0
46 40 0 0 0 -1 0
46 42 0 0 1 -2 0
46 44 0 0 1 -2 0
46 46 0 0 1 -3 0
46 48 0 0 1 -4 0
46 51 0 0 1 -5 0
46 53 0 0 1 -6 0
46 55 0 0 2 -7 0
46 57 0 0 2 -9 0
46 59 0 0 2 -10 0
46 61 0 0 1 -12 0
46 63 0 0 -1 -13 0
46 64 0 0 -7 -14 0
46 66 0 0 -10 -8 0
46 67 0 0 -14 -4 0
46 69 0 0 291 27 1
46 70 0 0 298 25 1
46 71 0 0 303 47 7
46 72 0 0 262 77 0
46 76 0 0 225 173 0
46 78 0 0 203 217 0
46 80 0 0 181 260 0
46 83 0 0 157 302 0
46 85 0 0 137 338 0
46 87 0 0 117 376 0
46 89 0 0 119 394 0
46 91 0 0 98 399 0
46 93 0 0 78 404 -2
46 96 0 0 12 413 -25
46 97 0 0 4 379 0
47 34 0 0 0 0 0
47 35 0 0 0 0 0
47 66 0 0 -12 -16 0
47 67 0 0 -17 -4 0
47 69 0 0 166 0 -99
47 70 0 0 285 15 -1
47 71 0 0 271 17 4
47 74 0 0 246 122 1
47 95 0 0 48 409 -17
47 96 0 0 44 410 -24
47 97 0 0 11 370 2
48 34 0 0 1 0 0
48 35 0 0 0 0 0
48 36 0 0 1 0 0
48 38 0 0 1 0 0
48 40 0 0 1 -1 0
48 42 0 0 1 -1 0
48 44 0 0 1 -2 0
48 46 0 0 2 -3 0
48 48 0 0 2 -3 0
48 51 0 0 2 -4 0
48 53 0 0 3 -6 0
48 55 0 0 3 -7 0
48 57 0 0 3 -9 0
48 59 0 0 4 -11 0
48 61 0 0 2 -14 0
48 62 0 0 1 -19 0
48 64 0 0 -5 -25 0
48 66 0 0 -18 -24 2
48 67 0 0 -48 0 -2
48 69 0 0 230 -27 26
48 70 0 0 265 4 -1
48 71 0 0 254 21 7
48 78 0 0 162 192 0
48 80 0 0 139 237 0
48 83 0 0 119 276 0
48 85 0 0 101 318 1
48 87 0 0 89 357 0
48 89 0 0 114 388 0
48 91 0 0 96 378 0
48 93 0 0 81 382 -1
48 95 0 0 49 379 -16
48 96 0 0 12 383 -24
48 97 0 0 4 350 1
49 34 0 0 1 0 0
49 35 0 0 1 0 0
49 66 0 0 -15 -47 2
49 67 0 0 -20 -145 -1
49 68 0 0 -23 -98 0
49 69 0 0 381 -309 -17
49 70 0 0 221 -39 1
49 71 0 0 224 -10 3
49 72 0 0 213 57 0
49 74 0 0 199 101 0
49 76 0 0 180 151 -1
49 96 0 0 43 380 -23
49 97 0 0 10 341 2
50 34 0 0 1 0 0
50 35 0 0 1 0 0
50 36 0 0 1 0 0
50 38 0 0 1 0 0
50 40 0 0 1 -1 0
50 42 0 0 2 -1 0
50 44 0 0 2 -2 0
50 46 0 0 2 -2 0
50 48 0 0 3 -3 0
50 51 0 0 3 -4 0
50 53 0 0 4 -5 0
50 55 0 0 5 -7 0
50 57 0 0 6 -8 0
50 59 0 0 7 -11 0
50 61 0 0 8 -15 0
50 62 0 0 10 -22 0
50 66 0 0 11 -50 3
50 67 0 0 16 -69 3
50 68 0 0 63 -115 1
50 69 0 0 139 -95 2
50 70 0 0 166 -36 3
50 71 0 0 179 3 3
50 78 0 0 117 176 0
50 81 0 0 95 216 0
50 82 0 0 73 265 0
50 84 0 0 56 303 0
50 87 0 0 43 375 -1
50 89 0 0 95 383 0
50 91 0 0 96 363 0
50 93 0 0 81 354 0
50 95 0 0 51 347 -15
50 96 0 0 14 351 -22
50 97 0 0 4 319 1
51 34 0 0 1 0 0
51 35 0 0 1 0 0
51 64 0 0 13 -30 1
51 66 0 0 16 -40 2
51 67 0 0 41 -60 3
51 68 0 0 46 -68 3
51 69 0 0 109 -68 6
51 70 0 0 107 -24 8
51 71 0 0 127 -12 9
51 73 0 0 154 49 0
51 75 0 0 151 88 2
51 76 0 0 136 133 0
51 96 0 0 44 347 -21
51 97 0 0 10 310 2
52 34 0 0 1 0 0
52 35 0 0 1 0 0
52 36 0 0 1 0 0
52 38 0 0 1 0 0
52 40 0 0 2 0 0
52 42 0 0 2 -1 0
52 44 0 0 3 -1 0
52 46 0 0 3 -2 0
52 48 0 0 4 -2 0
52 50 0 0 4 -3 0
52 53 0 0 5 -4 0
52 55 0 0 7 -5 0
52 57 0 0 8 -7 0
52 59 0 0 10 -8 0
52 61 0 0 13 -11 0
52 62 0 0 16 -14 0
52 79 0 0 78 154 0
52 81 0 0 52 192 0
52 82 0 0 33 236 0
52 84 0 0 -6 286 -3
52 86 0 0 -3 388 -5
52 89 0 0 158 441 -11
52 91 0 0 135 374 -1
52 93 0 0 103 338 3
52 95 0 0 60 318 -12
52 96 0 0 16 318 -21
52 97 0 0 4 285 1
53 34 0 0 1 0 0
53 35 0 0 1 0 0
53 64 0 0 25 -19 0
53 66 0 0 42 -26 0
53 69 0 0 76 -25 2
53 71 0 0 105 1 1
53 73 0 0 109 37 1
53 75 0 0 108 79 0
53 76 0 0 96 116 0
53 96 0 0 50 314 -20
53 97 0 0 10 277 2
54 34 0 0 2 0 0
54 35 0 0 1 0 0
54 36 0 0 1 0 0
54 38 0 0 2 0 0
54 40 0 0 2 0 0
54 42 0 0 2 0 0
54 44 0 0 3 -1 0
54 46 0 0 4 -1 0
54 48 0 0 4 -2 0
54 50 0 0 5 -2 0
54 52 0 0 6 -3 0
54 55 0 0 8 -4 0
54 57 0 0 9 -5 0
54 59 0 0 11 -7 0
54 61 0 0 15 -8 0
54 62 0 0 19 -10 0
54 79 0 0 41 134 0
54 81 0 0 9 173 1
54 83 0 0 -23 200 0
54 85 0 0 -93 276 -7
54 86 0 0 -124 286 -3
54 87 0 0 -54 447 -19
54 88 0 0 18 529 -11
54 89 0 0 191 367 -26
54 90 0 0 147 368 -3
54 91 0 0 199 308 7
54 93 0 0 131 286 3
54 95 0 0 73 266 -11
54 96 0 0 26 272 -19
54 97 0 0 4 243 1
55 34 0 0 2 0 0
55 35 0 0 2 0 0
55 64 0 0 25 -12 0
55 66 0 0 37 -12 0
55 69 0 0 55 -4 0
55 71 0 0 68 17 1
55 73 0 0 76 45 0
55 75 0 0 72 74 0
55 77 0 0 59 106 0
55 86 0 0 -219 299 -15
55 87 0 0 -769 910 4
55 88 0 0 16 642 60
55 89 0 0 273 591 -20
55 90 0 0 255 297 -3
55 91 0 0 209 255 6
55 96 0 0 54 269 -18
55 97 0 0 10 235 2
56 34 0 0 2 0 0
56 35 0 0 2 0 0
56 38 0 0 2 0 0
56 40 0 0 2 0 0
56 42 0 0 3 0 0
56 44 0 0 3 0 0
56 46 0 0 4 0 0
56 48 0 0 5 -1 0
56 50 0 0 6 -1 0
56 52 0 0 7 -2 0
56 54 0 0 9 -2 0
56 57 0 0 10 -3 0
56 59 0 0 13 -3 0
56 61 0 0 16 -4 0
56 63 0 0 20 -3 0
56 65 0 0 26 -3 0
56 67 0 0 34 0 0
56 79 0 0 14 103 0
56 81 0 0 -15 123 0
56 83 0 0 -62 135 -1
56 84 0 0 -123 155 -7
56 86 0 0 -266 186 -19
56 87 0 0 -347 13 4
56 88 0 0 129 28 -41
56 89 0 0 307 32 -16
56 90 0 0 272 190 2
56 91 0 0 219 201 16
56 96 0 0 30 218 -15
56 97 0 0 5 197 0
57 34 0 0 2 0 0
57 35 0 0 2 0 0
57 36 0 0 2 0 0
57 69 0 0 45 7 0
57 71 0 0 53 22 0
57 73 0 0 53 41 0
57 75 0 0 47 62 0
57 77 0 0 35 84 0
57 86 0 0 -178 86 -7
57 87 0 0 -228 -11 -12
57 88 0 0 266 -2 -2
57 89 0 0 278 54 -10
57 90 0 0 203 110 2
57 91 0 0 167 150 16
57 93 0 0 131 212 6
57 95 0 0 77 207 -7
57 96 0 0 49 215 -15
57 97 0 0 7 188 2
58 34 0 0 2 0 0
58 35 0 0 2 0 0
58 36 0 0 1 0 0
58 38 0 0 2 0 0
58 40 0 0 2 0 0
58 46 0 0 4 0 0
58 48 0 0 5 0 0
58 50 0 0 6 0 0
58 52 0 0 7 -1 0
58 54 0 0 9 -1 0
58 56 0 0 10 -1 0
58 59 0 0 13 -1 0
58 61 0 0 15 -1 0
58 63 0 0 18 0 0
58 65 0 0 22 2 0
58 81 0 0 -23 93 0
58 83 0 0 -55 92 0
58 84 0 0 -96 86 -2
58 86 0 0 -161 83 -1
58 87 0 0 -163 29 1
58 88 0 0 263 13 2
58 89 0 0 209 62 1
58 96 0 0 28 171 -12
58 97 0 0 3 154 0
59 34 0 0 2 0 0
59 35 0 0 1 0 0
59 42 0 0 3 0 0
59 44 0 0 3 0 0
59 67 0 0 28 6 0
59 69 0 0 33 13 0
59 71 0 0 36 25 0
59 73 0 0 35 39 0
59 75 0 0 30 54 0
59 77 0 0 18 70 0
59 79 0 0 1 82 0
59 86 0 0 -125 34 0
59 87 0 0 -147 25 0
59 88 0 0 189 -12 28
59 89 0 0 150 31 11
59 90 0 0 167 99 1
59 92 0 0 105 139 5
59 94 0 0 65 158 -8
59 96 0 0 39 163 -13
59 97 0 0 5 145 2
60 34 0 0 1 0 0
60 35 0 0 1 0 0
60 36 0 0 1 0 0
60 38 0 0 2 0 0
60 40 0 0 2 0 0
60 50 0 0 7 0 0
60 52 0 0 8 0 0
60 54 0 0 9 0 0
60 56 0 0 10 0 0
60 58 0 0 12 0 0
60 60 0 0 14 1 0
60 62 0 0 17 3 0
60 86 0 0 -105 47 -1
60 87 0 0 -101 17 -4
60 88 0 0 161 -12 3
60 89 0 0 131 1 13
60 96 0 0 23 133 -10
60 97 0 0 2 120 0
61 34 0 0 1 0 0
61 35 0 0 1 0 0
61 42 0 0 3 1 0
61 44 0 0 4 1 0
61 46 0 0 5 1 0
61 48 0 0 6 0 0
61 64 0 0 20 5 0
61 67 0 0 23 9 0
61 69 0 0 25 16 0
61 71 0 0 26 24 0
61 73 0 0 24 34 0
61 75 0 0 17 45 0
61 77 0 0 7 54 0
61 79 0 0 -8 62 0
61 81 0 0 -26 65 0
61 83 0 0 -52 62 0
61 84 0 0 -74 51 -1
61 86 0 0 -83 15 -1
61 87 0 0 -93 9 2
61 88 0 0 125 -31 40
61 89 0 0 102 -2 8
61 90 0 0 113 67 1
61 92 0 0 76 97 1
61 94 0 0 48 120 -6
61 96 0 0 29 126 -10
61 97 0 0 3 112 2
62 34 0 0 1 0 0
62 35 0 0 1 0 0
62 36 0 0 1 0 0
62 37 0 0 1 1 0
62 38 0 0 1 0 0
62 40 0 0 2 1 0
62 42 0 0 2 1 0
62 44 0 0 3 2 0
62 47 0 0 5 2 0
62 49 0 0 6 1 0
62 51 0 0 7 1 0
62 53 0 0 8 1 0
62 54 0 0 9 1 0
62 56 0 0 10 1 0
62 58 0 0 11 2 0
62 60 0 0 13 3 0
62 62 0 0 14 5 0
62 64 0 0 16 7 0
62 66 0 0 17 11 0
62 69 0 0 18 17 0
62 71 0 0 18 23 0
62 73 0 0 15 30 0
62 75 0 0 10 37 0
62 83 0 0 -41 43 0
62 84 0 0 -56 32 0
62 86 0 0 -73 28 -1
62 87 0 0 -70 11 -3
62 88 0 0 105 -8 1
62 89 0 0 94 0 13
62 90 0 0 72 48 1
62 92 0 0 53 73 0
62 94 0 0 33 95 -6
62 96 0 0 16 105 -7
62 97 0 0 0 95 0
63 34 0 0 0 0 0
63 35 0 0 0 0 0
63 36 0 0 1 0 0
63 37 0 0 1 0 0
63 77 0 0 1 44 0
63 79 0 0 -10 47 0
63 81 0 0 -24 48 0
63 86 0 0 -60 7 -1
63 87 0 0 -66 8 0
63 88 0 0 85 -22 31
63 89 0 0 66 -1 7
63 96 0 0 19 100 -8
63 97 0 0 2 88 1
64 34 0 0 0 0 0
64 35 0 1 2 0 0
64 36 0 0 1 0 0
64 37 0 0 1 1 0
64 39 0 0 1 1 0
64 40 0 0 1 1 0
64 42 0 0 2 2 0
64 44 0 0 3 3 0
64 47 0 0 5 3 0
64 49 0 0 7 2 0
64 51 0 0 7 2 0
64 53 0 0 8 2 0
64 54 0 0 8 2 0
64 58 0 0 10 3 0
64 60 0 0 11 4 0
64 62 0 0 12 6 0
64 64 0 0 13 8 0
64 66 0 0 13 12 0
64 69 0 0 13 17 0
64 71 0 0 12 21 0
64 73 0 0 10 26 0
64 75 0 0 4 30 0
64 83 0 0 -34 29 0
64 84 0 0 -43 21 0
64 86 0 0 -55 18 -2
64 87 0 0 -52 4 -2
64 88 0 0 60 -4 0
64 89 0 0 61 4 9
64 92 0 0 31 61 0
64 96 0 0 11 87 -6
64 97 0 0 0 78 0
65 7 0 0 0 0 0
65 8 0 48626 0 0 0
65 9 0 62632 0 0 0
65 10 0 74917 0 0 0
65 11 0 84450 0 0 0
65 12 0 87653 0 0 0
65 13 0 81569 0 0 0
65 14 0 68420 0 0 0
65 15 0 53497 0 0 0
65 16 0 40779 0 0 0
65 17 0 31252 0 0 0
65 18 0 24087 0 0 0
65 19 0 18347 0 0 0
65 20 0 13665 0 0 0
65 21 0 9972 0 0 0
65 22 0 7202 0 0 0
65 23 0 5096 0 0 0
65 24 0 3459 0 0 0
65 25 0 2220 0 0 0
65 26 0 1337 0 0 0
65 27 0 757 0 0 0
65 28 0 407 0 0 0
65 29 0 210 0 0 0
65 30 0 104 0 0 0
65 31 0 48 0 0 0
65 32 0 24 0 0 0
65 33 0 10 0 0 0
65 34 0 4 0 0 0
65 35 0 2 1 0 0
65 36 0 1 1 0 0
65 37 0 0 1 0 0
65 56 0 0 9 2 0
65 77 0 0 -2 34 0
65 79 0 0 -12 35 0
65 81 0 0 -22 35 0
65 86 0 0 -44 3 -1
65 87 0 0 -50 6 0
65 88 0 0 64 -7 11
65 89 0 0 37 1 3
65 90 0 0 44 38 0
65 94 0 0 21 77 -4
65 96 0 0 10 85 -6
65 97 0 0 1 75 2
66 7 0 0 0 0 0
66 8 0 62481 0 0 0
66 9 0 82527 0 0 0
66 10 0 101809 0 0 0
66 11 0 119344 0 0 0
66 12 0 127500 0 0 0
66 13 0 119076 0 0 0
66 14 0 97734 0 0 0
66 15 0 73570 0 0 0
66 16 0 53865 0 0 0
66 17 0 39863 0 0 0
66 18 0 29836 0 0 0
66 19 0 22261 0 0 0
66 20 0 16426 0 0 0
66 21 0 11940 0 0 0
66 22 0 8575 0 0 0
66 23 0 6024 0 0 0
66 24 0 4070 0 0 0
66 25 0 2612 0 0 0
66 26 0 1585 0 0 0
66 27 0 910 0 0 0
66 28 0 501 0 0 0
66 29 0 267 0 0 0
66 30 0 137 0 0 0
66 31 0 67 0 0 0
66 32 0 35 0 0 0
66 33 0 16 0 0 0
66 34 0 7 0 0 0
66 35 0 3 0 0 0
66 36 0 1 0 0 0
66 37 0 0 1 0 0
66 38 0 0 0 0 0
66 39 0 0 1 1 0
66 40 0 0 0 1 0
66 41 0 0 1 2 0
66 42 0 0 1 2 0
66 43 0 0 2 3 0
66 44 0 0 2 4 0
66 45 0 0 4 5 0
66 46 0 0 4 5 0
66 47 0 0 7 6 0
66 48 0 0 6 4 0
66 49 0 0 7 4 0
66 51 0 0 8 2 0
66 53 0 0 8 2 0
66 54 0 0 8 2 0
66 58 0 0 9 4 0
66 60 0 0 10 5 0
66 62 0 0 11 7 0
66 64 0 0 9 5 0
66 65 0 0 11 9 0
66 66 0 0 10 8 0
66 67 0 0 12 14 -1
66 68 0 0 8 15 0
66 69 0 0 13 19 -1
66 70 0 0 7 19 0
66 71 0 0 13 21 0
66 73 0 0 6 23 0
66 75 0 0 1 24 0
66 86 0 0 -42 12 -1
66 87 0 0 -38 2 -1
66 88 0 0 23 -1 0
66 89 0 0 39 9 3
66 90 0 0 21 24 1
66 91 0 0 29 36 0
66 92 0 0 15 59 -2
66 94 0 0 1 61 -1
66 95 0 0 13 70 -7
66 96 0 0 8 82 -5
66 97 0 0 0 70 0
67 7 0 0 0 0 0
67 8 0 72721 0 0 0
67 9 0 100258 0 0 0
67 10 0 129544 0 0 0
67 11 0 159558 0 0 0
67 12 0 176071 0 0 0
67 13 0 164644 0 0 0
67 14 0 131011 0 0 0
67 15 0 93852 0 0 0
67 16 0 65803 0 0 0
67 17 0 47421 0 0 0
67 18 0 34907 0 0 0
67 19 0 25731 0 0 0
67 20 0 18822 0 0 0
67 21 0 13573 0 0 0
67 22 0 9651 0 0 0
67 23 0 6716 0 0 0
67 24 0 4516 0 0 0
67 25 0 2908 0 0 0
67 26 0 1785 0 0 0
67 27 0 1048 0 0 0
67 28 0 594 0 0 0
67 29 0 329 0 0 0
67 30 0 177 0 0 0
67 31 0 91 0 0 0
67 32 0 49 0 0 0
67 33 0 24 0 0 0
67 34 0 11 0 0 0
67 35 0 5 0 0 0
67 36 0 2 0 0 0
67 37 0 0 0 0 0
67 38 0 0 0 1 0
67 39 0 0 0 1 0
67 40 0 0 0 2 0
67 41 0 0 0 2 0
67 42 0 0 0 3 0
67 43 0 0 0 3 0
67 44 0 0 1 5 0
67 45 0 0 1 5 0
67 46 0 0 3 7 1
67 47 0 0 8 5 0
67 48 0 0 9 4 0
67 49 0 0 8 1 0
67 56 0 0 9 3 0
67 64 0 0 11 8 -1
67 65 0 0 11 9 0
67 66 0 0 7 10 -1
67 67 0 0 6 10 0
67 68 0 0 6 17 -1
67 69 0 0 7 18 0
67 70 0 0 9 19 0
67 71 0 0 8 17 1
67 77 0 0 -3 27 0
67 79 0 0 -11 27 0
67 81 0 0 -18 25 0
67 83 0 0 -27 20 0
67 84 0 0 -34 13 0
67 86 0 0 -35 0 0
67 87 0 0 -29 1 3
67 88 0 0 23 2 1
67 89 0 0 17 5 0
67 90 0 0 9 25 0
67 91 0 0 14 32 0
67 94 0 0 4 59 0
67 95 0 0 6 76 -3
67 96 0 0 6 69 -4
67 97 0 0 1 74 3
68 7 0 0 0 0 0
68 8 0 80249 0 0 0
68 9 0 113908 0 0 0
68 10 0 153019 0 0 0
68 11 0 195121 0 0 0
68 12 0 220218 0 0 0
68 13 0 206147 0 0 0
68 14 0 159340 0 0 0
68 15 0 108909 0 0 0
68 16 0 73714 0 0 0
68 17 0 52377 0 0 0
68 18 0 38396 0 0 0
68 19 0 28223 0 0 0
68 20 0 20549 0 0 0
68 21 0 14707 0 0 0
68 22 0 10355 0 0 0
68 23 0 7145 0 0 0
68 24 0 4795 0 0 0
68 25 0 3108 0 0 0
68 26 0 1940 0 0 0
68 27 0 1170 0 0 0
68 28 0 685 0 0 0
68 29 0 393 0 0 0
68 30 0 221 0 0 0
68 31 0 119 0 0 0
68 32 0 65 0 0 0
68 33 0 34 0 0 0
68 34 0 16 0 0 0
68 35 0 0 0 0 0
68 36 0 0 0 0 0
68 37 0 0 0 0 0
68 38 0 0 0 1 0
68 39 0 0 0 1 0
68 40 0 0 0 2 0
68 41 0 0 0 2 0
68 42 0 0 0 3 0
68 43 0 0 0 4 0
68 44 0 0 0 7 0
68 45 0 0 0 7 0
68 46 0 0 0 10 0
68 47 0 0 19 16 0
68 48 0 0 11 3 0
68 49 0 0 9 2 0
68 56 0 0 8 4 0
68 58 0 0 8 5 0
68 60 0 0 9 6 0
68 62 0 0 9 7 0
68 64 0 0 10 7 0
68 65 0 0 11 7 0
68 66 0 0 1 3 0
68 67 0 0 0 10 0
68 68 0 0 0 21 0
68 69 0 0 23 25 0
68 70 0 0 9 16 0
68 71 0 0 9 17 1
68 79 0 0 -10 20 0
68 81 0 0 -15 18 0
68 86 0 0 -33 6 0
68 87 0 0 -37 -1 2
68 88 0 0 0 0 0
68 89 0 0 3 8 0
68 90 0 0 10 25 -3
68 91 0 0 7 55 2
68 92 0 0 -2 49 3
68 93 0 0 11 61 -7
68 94 0 0 -10 93 -6
68 95 0 0 -12 61 5
68 96 0 0 5 71 4
68 97 0 0 6 79 2
69 2 0 0 0 0 0
69 3 0 0 0 0 0
69 4 0 0 0 0 0
69 5 0 13208 0 0 0
69 6 0 0 0 0 0
69 7 0 0 0 0 0
69 8 0 87011 0 0 0
69 9 0 122320 0 0 0
69 10 0 163900 0 0 0
69 11 0 207617 0 0 0
69 12 0 232902 0 0 0
69 13 0 217088 0 0 0
69 14 0 166033 0 0 0
69 15 0 111924 0 0 0
69 16 0 75402 0 0 0
69 17 0 53733 0 0 0
69 18 0 39539 0 0 0
69 19 0 29157 0 0 0
69 20 0 21253 0 0 0
69 21 0 15186 0 0 0
69 22 0 10647 0 0 0
69 23 0 7324 0 0 0
69 24 0 4926 0 0 0
69 25 0 3226 0 0 0
69 26 0 2052 0 0 0
69 27 0 1271 0 0 0
69 28 0 769 0 0 0
69 29 0 456 0 0 0
69 30 0 266 0 0 0
69 31 0 148 0 0 0
69 32 0 83 0 0 0
69 33 0 44 0 0 0
69 34 0 21 0 0 0
69 35 0 0 0 0 0
69 36 0 0 0 0 0
69 37 0 0 0 0 0
69 38 0 0 0 0 0
69 39 0 0 0 -1 0
69 40 0 0 0 -1 0
69 41 0 0 0 -2 0
69 42 0 0 0 -2 0
69 43 0 0 0 -3 1
69 44 0 0 0 -4 2
69 45 0 0 0 -6 2
69 46 0 0 0 -6 -3
69 47 0 0 17 -13 0
69 48 0 0 10 0 0
69 49 0 0 9 0 0
69 51 0 0 8 2 0
69 53 0 0 7 2 0
69 54 0 0 7 3 0
69 64 0 0 11 10 0
69 65 0 0 9 6 0
69 66 0 0 5 23 -6
69 67 0 0 1 16 -6
69 68 0 0 0 6 8
69 69 0 0 4 5 0
69 70 0 0 6 14 0
69 71 0 0 4 14 1
69 73 0 0 3 19 0
69 75 0 0 0 20 0
69 77 0 0 -4 21 0
69 83 0 0 -21 14 0
69 84 0 0 -26 7 0
69 86 0 0 -27 -5 0
69 87 0 0 -6 -41 0
69 88 0 0 -1 -12 0
69 89 0 0 -3 -12 0
69 90 0 0 0 -7 0
69 91 0 0 0 -5 0
69 92 0 0 0 -3 0
69 93 0 0 0 -2 0
69 94 0 0 0 -2 0
69 95 0 0 0 -1 0
69 96 0 0 0 0 0
69 97 0 0 0 0 0
70 2 0 0 0 0 0
70 3 0 8776 0 0 0
70 4 0 13445 0 0 0
70 5 0 19689 0 0 0
70 6 0 32472 0 0 0
70 7 0 56373 0 0 0
70 8 0 86424 0 0 0
70 9 0 119644 0 0 0
70 10 0 156164 0 0 0
70 11 0 190465 0 0 0
70 12 0 206431 0 0 0
70 13 0 189732 0 0 0
70 14 0 146845 0 0 0
70 15 0 102246 0 0 0
70 16 0 71132 0 0 0
70 17 0 51501 0 0 0
70 18 0 38170 0 0 0
70 19 0 28366 0 0 0
70 20 0 20843 0 0 0
70 21 0 14990 0 0 0
70 22 0 10548 0 0 0
70 23 0 7279 0 0 0
70 24 0 4927 0 0 0
70 25 0 3267 0 0 0
70 26 0 2117 0 0 0
70 27 0 1343 0 0 0
70 28 0 835 0 0 0
70 29 0 509 0 0 0
70 30 0 304 0 0 0
70 31 0 174 0 0 0
70 32 0 99 0 0 0
70 33 0 53 0 0 0
70 34 0 27 0 0 0
70 35 0 13 0 0 0
70 36 0 6 0 0 0
70 37 0 2 0 0 0
70 38 0 0 0 0 0
70 39 0 0 0 -1 0
70 40 0 0 0 -1 0
70 41 0 0 0 -1 0
70 42 0 0 0 -1 0
70 43 0 0 0 -2 0
70 44 0 0 1 -3 0
70 45 0 0 2 -3 0
70 46 0 0 4 -4 0
70 47 0 0 7 -3 0
70 48 0 0 8 -1 0
70 49 0 0 7 0 0
70 56 0 0 7 4 0
70 58 0 0 7 5 0
70 64 0 0 8 7 0
70 65 0 0 8 12 0
70 66 0 0 7 13 0
70 67 0 0 3 13 0
70 68 0 0 3 11 0
70 69 0 0 4 11 0
70 70 0 0 4 12 0
70 71 0 0 4 12 0
70 79 0 0 -8 16 0
70 81 0 0 -12 14 0
70 86 0 0 -21 0 -1
70 87 0 0 -17 -8 0
70 88 0 0 -9 -10 0
70 89 0 0 -5 -9 0
70 90 0 0 -1 -6 0
70 91 0 0 -1 -3 0
70 93 0 0 -1 -3 0
70 94 0 0 0 -1 0
70 95 0 0 0 -1 0
70 96 0 0 0 0 0
70 97 0 0 0 0 0
71 2 0 0 0 0 0
71 3 0 10203 0 0 0
71 4 0 15393 0 0 0
71 5 0 22929 0 0 0
71 6 0 34888 0 0 0
71 7 0 54601 0 0 0
71 8 0 78556 0 0 0
71 9 0 105146 0 0 0
71 10 0 131755 0 0 0
71 11 0 153097 0 0 0
71 12 0 159966 0 0 0
71 13 0 146211 0 0 0
71 14 0 117022 0 0 0
71 15 0 86472 0 0 0
71 16 0 62995 0 0 0
71 17 0 46429 0 0 0
71 18 0 34753 0 0 0
71 19 0 26185 0 0 0
71 20 0 19531 0 0 0
71 21 0 14234 0 0 0
71 22 0 10109 0 0 0
71 23 0 7028 0 0 0
71 24 0 4796 0 0 0
71 25 0 3218 0 0 0
71 26 0 2117 0 0 0
71 27 0 1369 0 0 0
71 28 0 871 0 0 0
71 29 0 541 0 0 0
71 30 0 330 0 0 0
71 31 0 193 0 0 0
71 32 0 110 0 0 0
71 33 0 59 0 0 0
71 34 0 30 0 0 0
71 35 0 15 0 0 0
71 36 0 7 0 0 0
71 37 0 3 0 0 0
71 38 0 0 0 0 0
71 39 0 0 0 0 0
71 40 0 0 0 -1 0
71 41 0 0 0 -1 0
71 42 0 0 0 -1 0
71 43 0 0 1 -2 0
71 44 0 0 1 -2 0
71 45 0 0 2 -3 0
71 46 0 0 3 -3 0
71 47 0 0 5 -3 0
71 48 0 0 5 0 0
71 49 0 0 5 0 0
71 51 0 0 7 1 0
71 53 0 0 7 2 0
71 54 0 0 7 3 0
71 60 0 0 7 6 0
71 62 0 0 8 8 0
71 64 0 0 8 10 0
71 65 0 0 5 11 0
71 66 0 0 5 13 0
71 67 0 0 3 12 0
71 68 0 0 4 12 0
71 69 0 0 3 12 0
71 70 0 0 3 12 0
71 71 0 0 1 12 1
71 73 0 0 1 16 0
71 75 0 0 0 16 0
71 77 0 0 -4 17 0
71 82 0 0 -16 10 0
71 84 0 0 -18 5 0
71 86 0 0 -14 -3 0
71 87 0 0 -12 -5 0
71 88 0 0 -9 -8 0
71 89 0 0 -5 -5 0
71 90 0 0 -4 -5 0
71 91 0 0 -3 -3 0
71 94 0 0 -1 -2 0
71 95 0 0 -1 -1 0
71 96 0 0 -1 0 0
71 97 0 0 -1 0 0
72 2 0 0 0 0 0
72 3 0 10664 0 0 0
72 4 0 15800 0 0 0
72 5 0 23205 0 0 0
72 6 0 33612 0 0 0
72 7 0 48233 0 0 0
72 8 0 66137 0 0 0
72 9 0 84971 0 0 0
72 10 0 101557 0 0 0
72 11 0 112485 0 0 0
72 12 0 114719 0 0 0
72 13 0 105978 0 0 0
72 14 0 88474 0 0 0
72 15 0 69209 0 0 0
72 16 0 52566 0 0 0
72 17 0 39609 0 0 0
72 18 0 30232 0 0 0
72 19 0 23273 0 0 0
72 20 0 17698 0 0 0
72 21 0 13097 0 0 0
72 22 0 9397 0 0 0
72 23 0 6582 0 0 0
72 24 0 4523 0 0 0
72 25 0 3063 0 0 0
72 26 0 2039 0 0 0
72 27 0 1337 0 0 0
72 28 0 863 0 0 0
72 29 0 544 0 0 0
72 30 0 337 0 0 0
72 31 0 199 0 0 0
72 32 0 115 0 0 0
72 33 0 62 0 0 0
72 34 0 32 0 0 0
72 35 0 16 0 0 0
72 36 0 7 0 0 0
72 37 0 3 0 0 0
72 39 0 0 0 0 0
72 40 0 0 0 0 0
72 42 0 0 1 -1 0
72 44 0 0 2 -1 0
72 54 0 0 6 3 0
72 56 0 0 6 4 0
72 58 0 0 6 5 0
72 79 0 0 -6 13 0
72 81 0 0 -9 11 0
72 86 0 0 -11 0 0
72 89 0 0 -7 -2 0
72 91 0 0 -4 -2 0
72 94 0 0 -2 0 0
72 96 0 0 -1 0 0
72 97 0 0 -1 0 0
73 2 0 0 0 0 0
73 3 0 10277 0 0 0
73 4 0 15010 0 0 0
73 5 0 21361 0 0 0
73 6 0 29735 0 0 0
73 7 0 40602 0 0 0
73 8 0 53460 0 0 0
73 9 0 66370 0 0 0
73 10 0 76295 0 0 0
73 11 0 81108 0 0 0
73 12 0 80543 0 0 0
73 13 0 74443 0 0 0
73 14 0 63928 0 0 0
73 15 0 52198 0 0 0
73 16 0 41352 0 0 0
73 17 0 32392 0 0 0
73 18 0 25590 0 0 0
73 19 0 20224 0 0 0
73 20 0 15653 0 0 0
73 21 0 11720 0 0 0
73 22 0 8468 0 0 0
73 23 0 5956 0 0 0
73 24 0 4108 0 0 0
73 25 0 2798 0 0 0
73 26 0 1876 0 0 0
73 27 0 1241 0 0 0
73 28 0 810 0 0 0
73 29 0 516 0 0 0
73 30 0 322 0 0 0
73 31 0 193 0 0 0
73 32 0 112 0 0 0
73 33 0 60 0 0 0
73 34 0 32 0 0 0
73 35 0 15 0 0 0
73 36 0 7 0 0 0
73 37 0 3 0 0 0
73 46 0 0 4 -1 0
73 49 0 0 5 0 0
73 51 0 0 5 1 0
73 53 0 0 5 2 0
73 60 0 0 6 6 0
73 62 0 0 6 8 0
73 64 0 0 5 9 0
73 66 0 0 4 10 0
73 69 0 0 3 11 0
73 71 0 0 2 12 0
73 73 0 0 0 13 0
73 75 0 0 -1 13 0
73 77 0 0 -4 14 0
73 82 0 0 -11 8 0
73 84 0 0 -12 3 0
73 93 0 0 -2 -1 0
73 96 0 0 -2 0 0
73 97 0 0 -1 0 0
74 2 0 0 0 0 0
74 3 0 9430 0 0 0
74 4 0 13333 0 0 0
74 5 0 18474 0 0 0
74 6 0 24963 0 0 0
74 7 0 32931 0 0 0
74 8 0 42292 0 0 0
74 9 0 51354 0 0 0
74 10 0 57563 0 0 0
74 11 0 59354 0 0 0
74 12 0 57192 0 0 0
74 13 0 52115 0 0 0
74 14 0 45293 0 0 0
74 15 0 38205 0 0 0
74 16 0 31683 0 0 0
74 17 0 26085 0 0 0
74 18 0 21415 0 0 0
74 19 0 17302 0 0 0
74 20 0 13532 0 0 0
74 21 0 10177 0 0 0
74 22 0 7365 0 0 0
74 23 0 5181 0 0 0
74 24 0 3575 0 0 0
74 25 0 2441 0 0 0
74 26 0 1643 0 0 0
74 27 0 1093 0 0 0
74 28 0 718 0 0 0
74 29 0 460 0 0 0
74 30 0 289 0 0 0
74 31 0 174 0 0 0
74 32 0 101 0 0 0
74 33 0 54 0 0 0
74 34 0 29 0 0 0
74 35 0 14 0 0 0
74 36 0 6 0 0 0
74 37 0 2 0 0 0
74 39 0 0 0 0 0
74 40 0 0 1 0 0
74 42 0 0 1 0 0
74 44 0 0 2 0 0
74 47 0 0 3 0 0
74 56 0 0 5 4 0
74 79 0 0 -5 10 0
74 81 0 0 -7 9 0
74 86 0 0 -8 1 0
74 89 0 0 -6 0 0
74 91 0 0 -4 0 0
74 93 0 0 -3 0 0
74 95 0 0 -2 0 0
74 96 0 0 -2 0 0
74 97 0 0 -2 0 0
75 2 0 0 0 0 0
75 3 0 8153 0 0 0
75 4 0 11252 0 0 0
75 5 0 15170 0 0 0
75 6 0 19938 0 0 0
75 7 0 25660 0 0 0
75 8 0 32257 0 0 0
75 9 0 38502 0 0 0
75 10 0 42521 0 0 0
75 11 0 43176 0 0 0
75 12 0 40961 0 0 0
75 13 0 37093 0 0 0
75 14 0 32640 0 0 0
75 15 0 28353 0 0 0
75 16 0 24485 0 0 0
75 17 0 20983 0 0 0
75 18 0 17689 0 0 0
75 19 0 14457 0 0 0
75 20 0 11327 0 0 0
75 21 0 8498 0 0 0
75 22 0 6130 0 0 0
75 23 0 4300 0 0 0
75 24 0 2964 0 0 0
75 25 0 2025 0 0 0
75 26 0 1366 0 0 0
75 27 0 911 0 0 0
75 28 0 599 0 0 0
75 29 0 385 0 0 0
75 30 0 242 0 0 0
75 31 0 146 0 0 0
75 32 0 85 0 0 0
75 33 0 45 0 0 0
75 34 0 24 0 0 0
75 35 0 12 0 0 0
75 36 0 5 0 0 0
75 37 0 2 0 0 0
75 49 0 0 4 0 0
75 51 0 0 4 1 0
75 53 0 0 4 2 0
75 54 0 0 5 3 0
75 58 0 0 5 5 0
75 60 0 0 5 6 0
75 62 0 0 5 7 0
75 64 0 0 4 8 0
75 66 0 0 3 9 0
75 69 0 0 2 10 0
75 71 0 0 1 11 0
75 73 0 0 0 11 0
75 75 0 0 -1 11 0
75 77 0 0 -3 11 0
75 82 0 0 -8 7 0
75 84 0 0 -9 4 0
75 96 0 0 -2 0 0
75 97 0 0 -2 0 0
76 2 0 0 0 0 0
76 3 0 6760 0 0 0
76 4 0 9069 0 0 0
76 5 0 11883 0 0 0
76 6 0 15188 0 0 0
76 7 0 19027 0 0 0
76 8 0 23316 0 0 0
76 9 0 27311 0 0 0
76 10 0 29894 0 0 0
76 11 0 30345 0 0 0
76 12 0 28938 0 0 0
76 13 0 26519 0 0 0
76 14 0 23828 0 0 0
76 15 0 21270 0 0 0
76 16 0 18890 0 0 0
76 17 0 16555 0 0 0
76 18 0 14125 0 0 0
76 19 0 11574 0 0 0
76 20 0 9035 0 0 0
76 21 0 6739 0 0 0
76 22 0 4840 0 0 0
76 23 0 3387 0 0 0
76 24 0 2334 0 0 0
76 25 0 1596 0 0 0
76 26 0 1078 0 0 0
76 27 0 719 0 0 0
76 28 0 472 0 0 0
76 29 0 303 0 0 0
76 30 0 190 0 0 0
76 31 0 115 0 0 0
76 32 0 67 0 0 0
76 33 0 35 0 0 0
76 34 0 19 0 0 0
76 35 0 9 0 0 0
76 36 0 4 0 0 0
76 37 0 1 0 0 0
76 39 0 0 0 0 0
76 40 0 0 1 0 0
76 42 0 0 1 0 0
76 44 0 0 2 0 0
76 46 0 0 2 0 0
76 48 0 0 3 1 0
76 50 0 0 3 2 0
76 64 0 0 3 8 0
76 66 0 0 3 8 0
76 69 0 0 2 9 0
76 71 0 0 1 9 0
76 73 0 0 0 10 0
76 85 0 0 -7 4 0
76 87 0 0 -6 2 0
76 89 0 0 -5 1 0
76 91 0 0 -4 0 0
76 93 0 0 -3 0 0
76 95 0 0 -2 0 0
76 96 0 0 -2 0 0
76 97 0 0 -2 0 0
77 2 0 0 0 0 0
77 3 0 5423 0 0 0
77 4 0 7065 0 0 0
77 5 0 8966 0 0 0
77 6 0 11104 0 0 0
77 7 0 13476 0 0 0
77 8 0 16013 0 0 0
77 9 0 18347 0 0 0
77 10 0 19939 0 0 0
77 11 0 20402 0 0 0
77 12 0 19817 0 0 0
77 13 0 18595 0 0 0
77 14 0 17131 0 0 0
77 15 0 15635 0 0 0
77 16 0 14110 0 0 0
77 17 0 12476 0 0 0
77 18 0 10664 0 0 0
77 19 0 8712 0 0 0
77 20 0 6763 0 0 0
77 21 0 5019 0 0 0
77 22 0 3597 0 0 0
77 23 0 2521 0 0 0
77 24 0 1742 0 0 0
77 25 0 1194 0 0 0
77 26 0 807 0 0 0
77 27 0 537 0 0 0
77 28 0 351 0 0 0
77 29 0 224 0 0 0
77 30 0 140 0 0 0
77 31 0 84 0 0 0
77 32 0 48 0 0 0
77 33 0 25 0 0 0
77 34 0 13 0 0 0
77 35 0 6 0 0 0
77 36 0 3 0 0 0
77 37 0 1 0 0 0
77 52 0 0 4 3 0
77 54 0 0 4 3 0
77 56 0 0 4 4 0
77 58 0 0 4 5 0
77 60 0 0 4 6 0
77 62 0 0 4 7 0
77 75 0 0 -1 10 0
77 77 0 0 -3 9 0
77 79 0 0 -4 9 0
77 81 0 0 -5 8 0
77 83 0 0 -6 6 0
77 96 0 0 -2 0 0
77 97 0 0 -2 0 0
78 2 0 0 0 0 0
78 3 0 4228 0 0 0
78 4 0 5366 0 0 0
78 5 0 6599 0 0 0
78 6 0 7901 0 0 0
78 7 0 9258 0 0 0
78 8 0 10636 0 0 0
78 9 0 11892 0 0 0
78 10 0 12820 0 0 0
78 11 0 13247 0 0 0
78 12 0 13159 0 0 0
78 13 0 12689 0 0 0
78 14 0 11975 0 0 0
78 15 0 11100 0 0 0
78 16 0 10073 0 0 0
78 17 0 8887 0 0 0
78 18 0 7546 0 0 0
78 19 0 6119 0 0 0
78 20 0 4724 0 0 0
78 21 0 3499 0 0 0
78 22 0 2515 0 0 0
78 23 0 1773 0 0 0
78 24 0 1233 0 0 0
78 25 0 848 0 0 0
78 26 0 573 0 0 0
78 27 0 380 0 0 0
78 28 0 246 0 0 0
78 29 0 156 0 0 0
78 30 0 96 0 0 0
78 31 0 58 0 0 0
78 32 0 33 0 0 0
78 33 0 16 0 0 0
78 34 0 9 0 0 0
78 35 0 4 0 0 0
78 36 0 2 0 0 0
78 37 0 0 0 0 0
78 38 0 0 0 0 0
78 40 0 0 0 0 0
78 42 0 0 1 0 0
78 44 0 0 1 0 0
78 46 0 0 2 1 0
78 67 0 0 2 7 0
78 69 0 0 1 8 0
78 71 0 0 0 8 0
78 73 0 0 0 8 0
78 91 0 0 -3 1 0
78 93 0 0 -2 0 0
78 95 0 0 -2 0 0
78 96 0 0 -2 0 0
78 97 0 0 -2 0 0
79 2 0 0 0 0 0
79 3 0 3218 0 0 0
79 4 0 3994 0 0 0
79 5 0 4778 0 0 0
79 6 0 5545 0 0 0
79 7 0 6283 0 0 0
79 8 0 6980 0 0 0
79 9 0 7615 0 0 0
79 10 0 8132 0 0 0
79 11 0 8470 0 0 0
79 12 0 8590 0 0 0
79 13 0 8486 0 0 0
79 14 0 8160 0 0 0
79 15 0 7624 0 0 0
79 16 0 6896 0 0 0
79 17 0 6017 0 0 0
79 18 0 5040 0 0 0
79 19 0 4043 0 0 0
79 20 0 3105 0 0 0
79 21 0 2304 0 0 0
79 22 0 1668 0 0 0
79 23 0 1186 0 0 0
79 24 0 832 0 0 0
79 25 0 574 0 0 0
79 26 0 388 0 0 0
79 27 0 256 0 0 0
79 28 0 163 0 0 0
79 29 0 102 0 0 0
79 30 0 62 0 0 0
79 31 0 37 0 0 0
79 32 0 21 0 0 0
79 33 0 10 0 0 0
79 34 0 5 0 0 0
79 35 0 2 0 0 0
79 36 0 1 0 0 0
79 37 0 0 0 0 0
79 48 0 0 2 1 0
79 50 0 0 2 2 0
79 52 0 0 3 3 0
79 54 0 0 3 4 0
79 57 0 0 3 4 0
79 59 0 0 3 5 0
79 61 0 0 3 6 0
79 63 0 0 3 6 0
79 65 0 0 3 7 0
79 74 0 0 -1 8 0
79 76 0 0 -2 8 0
79 78 0 0 -3 8 0
79 80 0 0 -4 7 0
79 83 0 0 -5 6 0
79 85 0 0 -5 4 0
79 87 0 0 -4 3 0
79 89 0 0 -4 1 0
79 96 0 0 -2 0 0
79 97 0 0 -2 0 0
80 2 0 0 0 0 0
80 3 0 2382 0 0 0
80 4 0 2907 0 0 0
80 5 0 3403 0 0 0
80 6 0 3848 0 0 0
80 7 0 4234 0 0 0
80 8 0 4570 0 0 0
80 9 0 4874 0 0 0
80 10 0 5155 0 0 0
80 11 0 5400 0 0 0
80 12 0 5568 0 0 0
80 13 0 5607 0 0 0
80 14 0 5464 0 0 0
80 15 0 5118 0 0 0
80 16 0 4590 0 0 0
80 17 0 3939 0 0 0
80 18 0 3238 0 0 0
80 19 0 2559 0 0 0
80 20 0 1952 0 0 0
80 21 0 1450 0 0 0
80 22 0 1057 0 0 0
80 23 0 757 0 0 0
80 24 0 535 0 0 0
80 25 0 370 0 0 0
80 26 0 249 0 0 0
80 27 0 163 0 0 0
80 28 0 103 0 0 0
80 29 0 63 0 0 0
80 30 0 38 0 0 0
80 31 0 22 0 0 0
80 32 0 12 0 0 0
80 33 0 5 0 0 0
80 34 0 3 0 0 0
80 35 0 1 0 0 0
80 36 0 0 0 0 0
80 37 0 0 0 0 0
80 96 0 0 -2 0 0
80 97 0 0 -2 0 0
81 2 0 0 0 0 0
81 3 0 1713 0 0 0
81 4 0 2067 0 0 0
81 5 0 2381 0 0 0
81 6 0 2638 0 0 0
81 7 0 2834 0 0 0
81 8 0 2985 0 0 0
81 9 0 3123 0 0 0
81 10 0 3274 0 0 0
81 11 0 3442 0 0 0
81 12 0 3594 0 0 0
81 13 0 3671 0 0 0
81 14 0 3609 0 0 0
81 15 0 3380 0 0 0
81 16 0 3001 0 0 0
81 17 0 2531 0 0 0
81 18 0 2039 0 0 0
81 19 0 1583 0 0 0
81 20 0 1195 0 0 0
81 21 0 884 0 0 0
81 22 0 646 0 0 0
81 23 0 463 0 0 0
81 24 0 328 0 0 0
81 25 0 226 0 0 0
81 26 0 151 0 0 0
81 27 0 98 0 0 0
81 28 0 61 0 0 0
81 29 0 37 0 0 0
81 30 0 22 0 0 0
81 31 0 12 0 0 0
81 32 0 7 0 0 0
81 33 0 3 0 0 0
81 34 0 1 0 0 0
81 35 0 0 0 0 0
81 36 0 0 0 0 0
81 37 0 0 0 0 0
81 38 0 0 0 0 0
81 40 0 0 0 0 0
81 42 0 0 1 0 0
81 44 0 0 1 1 0
81 46 0 0 1 1 0
81 48 0 0 2 2 0
81 50 0 0 2 2 0
81 53 0 0 2 3 0
81 55 0 0 2 4 0
81 57 0 0 2 5 0
81 59 0 0 2 5 0
81 61 0 0 3 6 0
81 63 0 0 3 6 0
81 65 0 0 2 7 0
81 67 0 0 2 7 0
81 69 0 0 1 7 0
81 71 0 0 0 7 0
81 73 0 0 0 7 0
81 74 0 0 -1 7 0
81 76 0 0 -2 7 0
81 78 0 0 -3 7 0
81 80 0 0 -3 6 0
81 82 0 0 -4 5 0
81 84 0 0 -4 4 0
81 87 0 0 -3 3 0
81 89 0 0 -3 2 0
81 91 0 0 -2 1 0
81 93 0 0 -2 1 0
81 95 0 0 -2 0 0
81 96 0 0 -1 0 0
81 97 0 0 -1 0 0
82 2 0 0 0 0 0
82 3 0 1188 0 0 0
82 4 0 1424 0 0 0
82 5 0 1622 0 0 0
82 6 0 1770 0 0 0
82 7 0 1866 0 0 0
82 8 0 1927 0 0 0
82 9 0 1983 0 0 0
82 10 0 2061 0 0 0
82 11 0 2170 0 0 0
82 12 0 2285 0 0 0
82 13 0 2356 0 0 0
82 14 0 2329 0 0 0
82 15 0 2178 0 0 0
82 16 0 1918 0 0 0
82 17 0 1593 0 0 0
82 18 0 1259 0 0 0
82 19 0 961 0 0 0
82 20 0 715 0 0 0
82 21 0 525 0 0 0
82 22 0 381 0 0 0
82 23 0 272 0 0 0
82 24 0 192 0 0 0
82 25 0 132 0 0 0
82 26 0 87 0 0 0
82 27 0 56 0 0 0
82 28 0 34 0 0 0
82 29 0 20 0 0 0
82 30 0 11 0 0 0
82 31 0 6 0 0 0
82 32 0 3 0 0 0
82 33 0 1 0 0 0
82 34 0 0 0 0 0
82 35 0 0 0 0 0
82 36 0 0 0 0 0
82 37 0 0 0 0 0
82 65 0 0 2 6 0
82 67 0 0 2 6 0
82 69 0 0 1 6 0
82 76 0 0 -2 6 0
82 78 0 0 -2 6 0
82 96 0 0 -1 0 0
82 97 0 0 -1 0 0
83 2 0 0 0 0 0
83 3 0 793 0 0 0
83 4 0 947 0 0 0
83 5 0 1071 0 0 0
83 6 0 1155 0 0 0
83 7 0 1198 0 0 0
83 8 0 1215 0 0 0
83 9 0 1230 0 0 0
83 10 0 1265 0 0 0
83 11 0 1330 0 0 0
83 12 0 1406 0 0 0
83 13 0 1458 0 0 0
83 14 0 1445 0 0 0
83 15 0 1348 0 0 0
83 16 0 1176 0 0 0
83 17 0 962 0 0 0
83 18 0 747 0 0 0
83 19 0 559 0 0 0
83 20 0 409 0 0 0
83 21 0 296 0 0 0
83 22 0 213 0 0 0
83 23 0 150 0 0 0
83 24 0 105 0 0 0
83 25 0 72 0 0 0
83 26 0 47 0 0 0
83 27 0 30 0 0 0
83 28 0 18 0 0 0
83 29 0 10 0 0 0
83 30 0 6 0 0 0
83 31 0 3 0 0 0
83 32 0 1 0 0 0
83 33 0 0 0 0 0
83 34 0 0 0 0 0
83 35 0 0 0 0 0
83 36 0 0 0 0 0
83 37 0 0 0 0 0
83 38 0 0 0 0 0
83 40 0 0 0 0 0
83 42 0 0 0 1 0
83 44 0 0 0 1 0
83 46 0 0 1 1 0
83 48 0 0 1 2 0
83 51 0 0 1 2 0
83 53 0 0 1 3 0
83 55 0 0 1 4 0
83 57 0 0 2 5 0
83 59 0 0 2 5 0
83 61 0 0 2 6 0
83 63 0 0 2 6 0
83 71 0 0 0 6 0
83 72 0 0 0 6 0
83 74 0 0 -1 6 0
83 80 0 0 -3 6 0
83 82 0 0 -3 5 0
83 84 0 0 -3 5 0
83 87 0 0 -2 3 0
83 89 0 0 -2 2 0
83 91 0 0 -2 2 0
83 93 0 0 -1 1 0
83 95 0 0 -1 0 0
83 96 0 0 -1 0 0
83 97 0 0 -1 0 0
84 2 0 0 0 0 0
84 3 0 506 0 0 0
84 4 0 604 0 0 0
84 5 0 679 0 0 0
84 6 0 726 0 0 0
84 7 0 743 0 0 0
84 8 0 740 0 0 0
84 9 0 737 0 0 0
84 10 0 748 0 0 0
84 11 0 780 0 0 0
84 12 0 823 0 0 0
84 13 0 853 0 0 0
84 14 0 845 0 0 0
84 15 0 786 0 0 0
84 16 0 682 0 0 0
84 17 0 553 0 0 0
84 18 0 424 0 0 0
84 19 0 313 0 0 0
84 20 0 225 0 0 0
84 21 0 160 0 0 0
84 22 0 113 0 0 0
84 23 0 78 0 0 0
84 24 0 54 0 0 0
84 25 0 36 0 0 0
84 26 0 23 0 0 0
84 27 0 14 0 0 0
84 28 0 8 0 0 0
84 29 0 4 0 0 0
84 30 0 2 0 0 0
84 31 0 1 0 0 0
84 32 0 0 0 0 0
84 33 0 0 0 0 0
84 34 0 0 0 0 0
84 35 0 0 0 0 0
84 36 0 0 0 0 0
84 37 0 0 0 0 0
84 49 0 0 0 2 0
84 63 0 0 3 7 0
84 65 0 0 2 6 0
84 67 0 0 2 6 0
84 69 0 0 1 5 0
84 76 0 0 -2 5 0
84 78 0 0 -3 5 0
84 80 0 0 -3 6 0
84 96 0 0 -1 0 0
84 97 0 0 -1 0 0
85 2 0 0 0 0 0
85 3 0 309 0 0 0
85 4 0 369 0 0 0
85 5 0 413 0 0 0
85 6 0 437 0 0 0
85 7 0 441 0 0 0
85 8 0 431 0 0 0
85 9 0 420 0 0 0
85 10 0 418 0 0 0
85 11 0 430 0 0 0
85 12 0 451 0 0 0
85 13 0 466 0 0 0
85 14 0 460 0 0 0
85 15 0 426 0 0 0
85 16 0 367 0 0 0
85 17 0 295 0 0 0
85 18 0 223 0 0 0
85 19 0 162 0 0 0
85 20 0 114 0 0 0
85 21 0 79 0 0 0
85 22 0 55 0 0 0
85 23 0 37 0 0 0
85 24 0 25 0 0 0
85 25 0 16 0 0 0
85 26 0 10 0 0 0
85 27 0 6 0 0 0
85 28 0 3 0 0 0
85 29 0 1 0 0 0
85 30 0 0 0 0 0
85 31 0 0 0 0 0
85 32 0 0 0 0 0
85 36 0 0 0 0 0
85 38 0 0 0 0 0
85 40 0 0 0 0 0
85 42 0 0 0 1 0
85 44 0 0 0 1 0
85 46 0 0 0 1 0
85 51 0 0 0 3 0
85 53 0 0 1 3 0
85 55 0 0 1 4 0
85 57 0 0 1 5 0
85 59 0 0 1 6 0
85 61 0 0 2 7 0
85 71 0 0 0 5 0
85 72 0 0 0 5 0
85 74 0 0 -1 5 0
85 82 0 0 -2 6 0
85 84 0 0 -2 5 0
85 86 0 0 -1 4 0
85 89 0 0 -1 3 0
85 91 0 0 -1 2 0
85 93 0 0 -1 1 0
85 95 0 0 -1 0 0
85 96 0 0 0 0 0
85 97 0 0 0 0 0
86 2 0 0 0 0 0
86 3 0 178 0 0 0
86 4 0 213 0 0 0
86 5 0 238 0 0 0
86 6 0 251 0 0 0
86 7 0 249 0 0 0
86 8 0 240 0 0 0
86 9 0 228 0 0 0
86 10 0 222 0 0 0
86 11 0 223 0 0 0
86 12 0 229 0 0 0
86 13 0 234 0 0 0
86 14 0 230 0 0 0
86 15 0 212 0 0 0
86 16 0 181 0 0 0
86 17 0 145 0 0 0
86 18 0 109 0 0 0
86 19 0 78 0 0 0
86 20 0 55 0 0 0
86 21 0 38 0 0 0
86 22 0 26 0 0 0
86 23 0 17 0 0 0
86 24 0 11 0 0 0
86 25 0 7 0 0 0
86 26 0 4 0 0 0
86 27 0 2 0 0 0
86 28 0 1 0 0 0
86 29 0 0 0 0 0
86 30 0 0 0 0 0
86 31 0 0 0 0 0
86 32 0 0 0 0 0
86 33 0 0 0 0 0
86 34 0 0 0 0 0
86 35 0 0 0 0 0
86 36 0 0 0 0 0
86 37 0 0 0 0 0
86 38 0 0 0 0 0
86 39 0 0 0 0 0
86 40 0 0 0 0 0
86 41 0 0 0 1 0
86 42 0 0 0 1 0
86 43 0 0 0 1 0
86 44 0 0 0 1 0
86 45 0 0 0 1 0
86 46 0 0 0 1 0
86 47 0 0 0 2 0
86 48 0 0 0 2 0
86 49 0 0 0 2 0
86 50 0 0 0 2 0
86 51 0 0 1 3 0
86 52 0 0 0 3 0
86 53 0 0 1 4 0
86 54 0 0 0 4 0
86 55 0 0 1 5 0
86 56 0 0 0 5 0
86 57 0 0 1 5 0
86 58 0 0 0 6 0
86 59 0 0 1 6 0
86 60 0 0 0 7 0
86 61 0 0 2 8 0
86 62 0 0 2 8 0
86 63 0 0 4 7 0
86 64 0 0 2 6 0
86 65 0 0 4 5 0
86 67 0 0 2 5 0
86 69 0 0 1 4 0
86 76 0 0 -2 4 0
86 78 0 0 -3 4 0
86 80 0 0 -4 5 0
86 81 0 0 -3 7 0
86 82 0 0 -4 8 0
86 83 0 0 -1 6 0
86 84 0 0 -2 6 0
86 85 0 0 0 5 0
86 86 0 0 -1 5 0
86 87 0 0 0 4 0
86 88 0 0 -1 3 0
86 89 0 0 0 3 0
86 90 0 0 -1 2 0
86 91 0 0 0 2 0
86 92 0 0 0 1 0
86 93 0 0 0 1 0
86 94 0 0 0 1 0
86 95 0 0 0 0 0
86 96 0 0 0 0 0
86 97 0 0 0 0 0
87 2 0 0 0 0 0
87 3 0 96 0 0 0
87 4 0 115 0 0 0
87 5 0 129 0 0 0
87 6 0 135 0 0 0
87 7 0 133 0 0 0
87 8 0 125 0 0 0
87 9 0 116 0 0 0
87 10 0 109 0 0 0
87 11 0 106 0 0 0
87 12 0 106 0 0 0
87 13 0 106 0 0 0
87 14 0 103 0 0 0
87 15 0 94 0 0 0
87 16 0 80 0 0 0
87 17 0 64 0 0 0
87 18 0 48 0 0 0
87 19 0 34 0 0 0
87 20 0 24 0 0 0
87 21 0 16 0 0 0
87 22 0 11 0 0 0
87 23 0 7 0 0 0
87 24 0 5 0 0 0
87 25 0 3 0 0 0
87 26 0 2 0 0 0
87 27 0 1 0 0 0
87 28 0 0 0 0 0
87 29 0 0 0 0 0
87 30 0 0 0 0 0
87 31 0 0 0 0 0
87 32 0 0 0 0 0
87 33 0 0 0 0 0
87 34 0 0 0 0 0
87 35 0 0 0 0 0
87 36 0 0 0 0 0
87 37 0 0 0 0 0
87 38 0 0 0 0 0
87 39 0 0 0 0 0
87 40 0 0 0 0 0
87 41 0 0 0 0 0
87 42 0 0 0 1 0
87 43 0 0 0 1 0
87 44 0 0 0 1 0
87 45 0 0 0 1 0
87 46 0 0 0 2 0
87 47 0 0 0 2 0
87 48 0 0 0 2 0
87 49 0 0 0 2 0
87 50 0 0 0 2 0
87 51 0 0 0 4 0
87 52 0 0 0 3 0
87 53 0 0 0 3 0
87 54 0 0 0 4 -1
87 55 0 0 0 4 1
87 56 0 0 0 5 -1
87 57 0 0 0 5 1
87 58 0 0 0 6 -1
87 59 0 0 0 6 1
87 60 0 0 0 7 -1
87 61 0 0 0 8 1
87 62 0 0 16 3 0
87 63 0 0 9 5 0
87 64 0 0 5 5 0
87 65 0 0 3 4 0
87 71 0 0 0 5 0
87 72 0 0 0 4 0
87 74 0 0 -1 4 0
87 80 0 0 -5 4 0
87 81 0 0 -6 3 0
87 82 0 0 -16 2 0
87 83 0 0 0 8 1
87 84 0 0 0 6 -1
87 85 0 0 0 5 1
87 86 0 0 0 4 -1
87 87 0 0 0 4 1
87 88 0 0 0 3 0
87 89 0 0 0 3 0
87 90 0 0 0 2 0
87 91 0 0 0 2 0
87 92 0 0 0 1 0
87 93 0 0 0 1 0
87 94 0 0 0 1 0
87 95 0 0 0 0 0
87 96 0 0 0 0 0
87 97 0 0 0 0 0
88 2 0 0 0 0 0
88 3 0 48 0 0 0
88 4 0 58 0 0 0
88 5 0 65 0 0 0
88 6 0 67 0 0 0
88 7 0 65 0 0 0
88 8 0 60 0 0 0
88 9 0 54 0 0 0
88 10 0 49 0 0 0
88 11 0 46 0 0 0
88 12 0 44 0 0 0
88 13 0 44 0 0 0
88 14 0 42 0 0 0
88 15 0 38 0 0 0
88 16 0 33 0 0 0
88 17 0 26 0 0 0
88 18 0 19 0 0 0
88 19 0 13 0 0 0
88 20 0 9 0 0 0
88 21 0 5 0 0 0
88 22 0 3 0 0 0
88 23 0 1 0 0 0
88 24 0 1 0 0 0
88 25 0 0 0 0 0
88 26 0 0 0 0 0
88 27 0 0 0 0 0
88 28 0 0 0 0 0
88 32 0 0 0 0 0
88 33 0 0 0 0 0
88 34 0 0 0 0 0
88 35 0 0 0 0 0
88 36 0 0 0 0 0
88 37 0 0 0 0 0
88 38 0 0 0 0 0
88 39 0 0 0 0 0
88 40 0 0 0 0 0
88 41 0 0 0 0 0
88 42 0 0 0 0 0
88 43 0 0 0 0 0
88 44 0 0 0 0 0
88 45 0 0 0 0 0
88 46 0 0 0 0 0
88 47 0 0 0 0 0
88 48 0 0 0 0 0
88 49 0 0 0 0 0
88 50 0 0 0 0 0
88 51 0 0 0 0 0
88 52 0 0 0 0 0
88 53 0 0 0 0 0
88 54 0 0 0 0 0
88 55 0 0 0 0 0
88 56 0 0 0 0 0
88 57 0 0 0 0 0
88 58 0 0 0 0 0
88 59 0 0 0 0 0
88 60 0 0 0 -1 0
88 61 0 0 0 -1 0
88 62 0 0 0 -7 0
88 63 0 0 9 -6 0
88 64 0 0 5 3 0
88 65 0 0 4 3 0
88 80 0 0 -5 3 0
88 81 0 0 -6 0 0
88 82 0 0 -2 -2 0
88 83 0 0 0 -1 0
88 84 0 0 0 0 0
88 85 0 0 0 0 0
88 86 0 0 0 0 0
88 87 0 0 0 0 0
88 88 0 0 0 0 0
88 89 0 0 0 0 0
88 90 0 0 0 0 0
88 91 0 0 0 0 0
88 92 0 0 0 0 0
88 93 0 0 0 0 0
88 94 0 0 0 0 0
88 95 0 0 0 0 0
88 96 0 0 0 0 0
88 97 0 0 0 0 0
89 2 0 0 0 0 0
89 3 0 21 0 0 0
89 4 0 25 0 0 0
89 5 0 28 0 0 0
89 6 0 29 0 0 0
89 7 0 27 0 0 0
89 8 0 25 0 0 0
89 9 0 21 0 0 0
89 10 0 18 0 0 0
89 11 0 16 0 0 0
89 12 0 15 0 0 0
89 13 0 15 0 0 0
89 14 0 14 0 0 0
89 15 0 12 0 0 0
89 16 0 10 0 0 0
89 17 0 8 0 0 0
89 18 0 5 0 0 0
89 19 0 3 0 0 0
89 20 0 2 0 0 0
89 21 0 1 0 0 0
89 22 0 0 0 0 0
89 23 0 0 0 0 0
89 24 0 0 0 0 0
89 25 0 0 0 0 0
89 26 0 0 0 0 0
89 27 0 0 0 0 0
89 28 0 0 0 0 0
89 30 0 0 0 0 0
89 32 0 0 0 0 0
89 33 0 0 0 0 0
89 34 0 0 0 0 0
89 35 0 0 0 0 0
89 36 0 0 0 0 0
89 37 0 0 0 0 0
89 38 0 0 0 0 0
89 39 0 0 0 0 0
89 40 0 0 0 0 0
89 41 0 0 0 0 0
89 42 0 0 0 0 0
89 43 0 0 0 0 0
89 44 0 0 0 0 0
89 45 0 0 0 0 0
89 46 0 0 0 0 0
89 47 0 0 0 0 0
89 48 0 0 0 0 0
89 49 0 0 0 0 0
89 50 0 0 0 0 0
89 51 0 0 0 0 0
89 52 0 0 0 0 0
89 53 0 0 0 0 0
89 54 0 0 0 0 0
89 55 0 0 0 0 0
89 56 0 0 0 0 0
89 57 0 0 0 0 0
89 58 0 0 0 0 0
89 59 0 0 0 0 0
89 60 0 0 0 -1 0
89 61 0 0 0 -1 0
89 62 0 0 3 -2 0
89 63 0 0 4 -1 0
89 64 0 0 3 1 0
89 65 0 0 3 2 0
89 67 0 0 2 3 0
89 69 0 0 1 3 0
89 71 0 0 0 4 0
89 72 0 0 0 4 0
89 74 0 0 -1 3 0
89 76 0 0 -1 3 0
89 78 0 0 -3 3 0
89 80 0 0 -3 1 0
89 81 0 0 -4 0 0
89 82 0 0 -1 -2 0
89 83 0 0 -1 -1 0
89 84 0 0 0 0 0
89 85 0 0 0 0 0
89 86 0 0 0 0 0
89 87 0 0 0 0 0
89 88 0 0 0 0 0
89 89 0 0 0 0 0
89 90 0 0 0 0 0
89 91 0 0 0 0 0
89 92 0 0 0 0 0
89 93 0 0 0 0 0
89 94 0 0 0 0 0
89 95 0 0 0 0 0
89 96 0 0 0 0 0
89 97 0 0 0 0 0
90 2 0 0 0 0 0
90 3 0 8 0 0 0
90 4 0 10 0 0 0
90 5 0 11 0 0 0
90 6 0 12 0 0 0
90 7 0 11 0 0 0
90 8 0 10 0 0 0
90 9 0 8 0 0 0
90 10 0 6 0 0 0
90 11 0 5 0 0 0
90 12 0 4 0 0 0
90 13 0 3 0 0 0
90 14 0 2 0 0 0
90 15 0 2 0 0 0
90 16 0 1 0 0 0
90 17 0 1 0 0 0
90 18 0 0 0 0 0
90 19 0 0 0 0 0
90 20 0 0 0 0 0
90 21 0 0 0 0 0
90 22 0 0 0 0 0
90 23 0 0 0 0 0
90 24 0 0 0 0 0
90 32 0 0 0 0 0
90 33 0 0 0 0 0
90 34 0 0 0 0 0
90 35 0 0 0 0 0
90 36 0 0 0 0 0
90 37 0 0 0 0 0
90 38 0 0 0 0 0
90 39 0 0 0 0 0
90 40 0 0 0 0 0
90 41 0 0 0 0 0
90 42 0 0 0 0 0
90 43 0 0 0 0 0
90 44 0 0 0 0 0
90 45 0 0 0 0 0
90 46 0 0 0 0 0
90 47 0 0 0 0 0
90 48 0 0 0 0 0
90 49 0 0 0 0 0
90 50 0 0 0 0 0
90 51 0 0 0 0 0
90 52 0 0 0 0 0
90 53 0 0 0 0 0
90 54 0 0 0 0 0
90 55 0 0 0 0 0
90 56 0 0 0 0 0
90 57 0 0 0 0 0
90 58 0 0 0 0 0
90 59 0 0 0 0 0
90 60 0 0 0 0 0
90 61 0 0 1 0 0
90 62 0 0 2 0 0
90 63 0 0 2 0 0
90 64 0 0 2 1 0
90 65 0 0 2 1 0
90 80 0 0 -2 1 0
90 81 0 0 -2 0 0
90 82 0 0 -2 0 0
90 83 0 0 -1 0 0
90 84 0 0 0 0 0
90 85 0 0 0 0 0
90 87 0 0 0 0 0
90 89 0 0 0 0 0
90 90 0 0 0 0 0
90 92 0 0 0 0 0
90 94 0 0 0 0 0
90 95 0 0 0 0 0
90 96 0 0 0 0 0
90 97 0 0 0 0 0
91 2 0 0 0 0 0
91 3 0 3 0 0 0
91 4 0 3 0 0 0
91 5 0 4 0 0 0
91 6 0 4 0 0 0
91 7 0 3 0 0 0
91 8 0 3 0 0 0
91 9 0 2 0 0 0
91 10 0 1 0 0 0
91 11 0 1 0 0 0
91 12 0 0 0 0 0
91 13 0 0 0 0 0
91 14 0 0 0 0 0
91 15 0 0 0 0 0
91 16 0 0 0 0 0
91 17 0 0 0 0 0
91 21 0 0 0 0 0
91 23 0 0 0 0 0
91 25 0 0 0 0 0
91 27 0 0 0 0 0
91 28 0 0 0 0 0
91 30 0 0 0 0 0
91 32 0 0 0 0 0
91 33 0 0 0 0 0
91 34 0 0 0 0 0
91 35 0 0 0 0 0
91 36 0 0 0 0 0
91 37 0 0 0 0 0
91 38 0 0 0 0 0
91 39 0 0 0 0 0
91 40 0 0 0 0 0
91 41 0 0 0 0 0
91 42 0 0 0 0 0
91 43 0 0 0 0 0
91 44 0 0 0 0 0
91 45 0 0 0 0 0
91 46 0 0 0 0 0
91 47 0 0 0 0 0
91 48 0 0 0 0 0
91 49 0 0 0 0 0
91 50 0 0 0 0 0
91 51 0 0 0 0 0
91 52 0 0 0 0 0
91 53 0 0 0 0 0
91 54 0 0 0 0 0
91 55 0 0 0 0 0
91 56 0 0 0 0 0
91 57 0 0 0 0 0
91 58 0 0 0 0 0
91 59 0 0 0 0 0
91 60 0 0 0 0 0
91 61 0 0 0 0 0
91 62 0 0 1 0 0
91 63 0 0 1 0 0
91 64 0 0 1 1 0
91 65 0 0 1 1 0
91 67 0 0 1 2 0
91 69 0 0 1 3 0
91 71 0 0 0 3 0
91 72 0 0 0 3 0
91 74 0 0 0 3 0
91 76 0 0 -1 2 0
91 78 0 0 -2 2 0
91 80 0 0 -1 1 0
91 81 0 0 -1 0 0
91 82 0 0 -1 0 0
91 83 0 0 0 0 0
91 84 0 0 0 0 0
91 85 0 0 0 0 0
91 94 0 0 0 0 0
91 95 0 0 0 0 0
91 96 0 0 0 0 0
91 97 0 0 0 0 0
92 2 0 0 0 0 0
92 3 0 1 0 0 0
92 4 0 1 0 0 0
92 5 0 1 0 0 0
92 6 0 1 0 0 0
92 7 0 1 0 0 0
92 8 0 1 0 0 0
92 9 0 0 0 0 0
92 10 0 0 0 0 0
92 11 0 0 0 0 0
92 12 0 0 0 0 0
92 13 0 0 0 0 0
92 14 0 0 0 0 0
92 15 0 0 0 0 0
92 16 0 0 0 0 0
92 17 0 0 0 0 0
92 32 0 0 0 0 0
92 33 0 0 0 0 0
92 34 0 0 0 0 0
92 35 0 0 0 0 0
92 36 0 0 0 0 0
92 37 0 0 0 0 0
92 45 0 0 0 0 0
92 46 0 0 0 0 0
92 47 0 0 0 0 0
92 48 0 0 0 0 0
92 49 0 0 0 0 0
92 50 0 0 0 0 0
92 51 0 0 0 0 0
92 85 0 0 0 0 0
92 89 0 0 0 0 0
92 90 0 0 0 0 0
92 92 0 0 0 0 0
92 94 0 0 0 0 0
92 96 0 0 0 0 0
92 97 0 0 0 0 0
93 2 0 0 0 0 0
93 3 0 0 0 0 0
93 4 0 0 0 0 0
93 6 0 0 0 0 0
93 8 0 0 0 0 0
93 10 0 0 0 0 0
93 11 0 0 0 0 0
93 12 0 0 0 0 0
93 13 0 0 0 0 0
93 14 0 0 0 0 0
93 15 0 0 0 0 0
93 16 0 0 0 0 0
93 17 0 0 0 0 0
93 19 0 0 0 0 0
93 21 0 0 0 0 0
93 23 0 0 0 0 0
93 25 0 0 0 0 0
93 27 0 0 0 0 0
93 28 0 0 0 0 0
93 30 0 0 0 0 0
93 32 0 0 0 0 0
93 33 0 0 0 0 0
93 34 0 0 0 0 0
93 35 0 0 0 0 0
93 36 0 0 0 0 0
93 37 0 0 0 0 0
93 39 0 0 0 0 0
93 41 0 0 0 0 0
93 43 0 0 0 0 0
93 46 0 0 0 0 0
93 47 0 0 0 0 0
93 48 0 0 0 0 0
93 49 0 0 0 0 0
93 50 0 0 0 0 0
93 51 0 0 0 0 0
93 52 0 0 0 0 0
93 54 0 0 0 0 0
93 56 0 0 0 0 0
93 59 0 0 0 0 0
93 61 0 0 0 0 0
93 63 0 0 1 0 0
93 65 0 0 1 1 0
93 67 0 0 0 2 0
93 69 0 0 0 2 0
93 71 0 0 0 2 0
93 72 0 0 0 2 0
93 74 0 0 0 2 0
93 76 0 0 0 2 0
93 78 0 0 -1 1 0
93 80 0 0 -1 0 0
93 82 0 0 0 0 0
93 87 0 0 0 0 0
93 96 0 0 0 0 0
93 97 0 0 0 0 0
94 2 0 0 0 0 0
94 3 0 0 0 0 0
94 10 0 0 0 0 0
94 11 0 0 0 0 0
94 12 0 0 0 0 0
94 13 0 0 0 0 0
94 14 0 0 0 0 0
94 15 0 0 0 0 0
94 16 0 0 0 0 0
94 17 0 0 0 0 0
94 32 0 0 0 0 0
94 33 0 0 0 0 0
94 34 0 0 0 0 0
94 35 0 0 0 0 0
94 36 0 0 0 0 0
94 37 0 0 0 0 0
94 46 0 0 0 0 0
94 47 0 0 0 0 0
94 48 0 0 0 0 0
94 49 0 0 0 0 0
94 50 0 0 0 0 0
94 51 0 0 0 0 0
94 89 0 0 0 0 0
94 90 0 0 0 0 0
94 92 0 0 0 0 0
94 96 0 0 0 0 0
94 97 0 0 0 0 0
95 2 0 0 0 0 0
95 3 0 0 0 0 0
95 4 0 0 0 0 0
95 6 0 0 0 0 0
95 8 0 0 0 0 0
95 10 0 0 0 0 0
95 11 0 0 0 0 0
95 12 0 0 0 0 0
95 13 0 0 0 0 0
95 14 0 0 0 0 0
95 15 0 0 0 0 0
95 16 0 0 0 0 0
95 17 0 0 0 0 0
95 19 0 0 0 0 0
95 21 0 0 0 0 0
95 23 0 0 0 0 0
95 25 0 0 0 0 0
95 27 0 0 0 0 0
95 28 0 0 0 0 0
95 30 0 0 0 0 0
95 32 0 0 0 0 0
95 33 0 0 0 0 0
95 34 0 0 0 0 0
95 35 0 0 0 0 0
95 36 0 0 0 0 0
95 37 0 0 0 0 0
95 39 0 0 0 0 0
95 41 0 0 0 0 0
95 43 0 0 0 0 0
95 44 0 0 0 0 0
95 46 0 0 0 0 0
95 47 0 0 0 0 0
95 48 0 0 0 0 0
95 49 0 0 0 0 0
95 50 0 0 0 0 0
95 51 0 0 0 0 0
95 52 0 0 0 0 0
95 54 0 0 0 0 0
95 56 0 0 0 0 0
95 59 0 0 0 0 0
95 61 0 0 0 0 0
95 63 0 0 0 0 0
95 65 0 0 0 1 0
95 67 0 0 0 1 0
95 69 0 0 0 2 0
95 71 0 0 0 2 0
95 73 0 0 0 2 0
95 74 0 0 0 2 0
95 76 0 0 0 2 0
95 78 0 0 0 1 0
95 80 0 0 0 1 0
95 82 0 0 0 0 0
95 85 0 0 0 0 0
95 87 0 0 0 0 0
95 94 0 0 0 0 0
95 96 0 0 0 0 0
95 97 0 0 0 0 0
96 2 0 0 0 0 0
96 3 0 0 0 0 0
96 4 0 0 0 0 0
96 5 0 0 0 0 0
96 6 0 0 0 0 0
96 7 0 0 0 0 0
96 8 0 0 0 0 0
96 9 0 0 0 0 0
96 10 0 0 0 0 0
96 11 0 0 0 0 0
96 12 0 0 0 0 0
96 13 0 0 0 0 0
96 14 0 0 0 0 0
96 15 0 0 0 0 0
96 16 0 0 0 0 0
96 17 0 0 0 0 0
96 18 0 0 0 0 0
96 19 0 0 0 0 0
96 20 0 0 0 0 0
96 21 0 0 0 0 0
96 22 0 0 0 0 0
96 23 0 0 0 0 0
96 24 0 0 0 0 0
96 25 0 0 0 0 0
96 26 0 0 0 0 0
96 27 0 0 0 0 0
96 28 0 0 0 0 0
96 29 0 0 0 0 0
96 30 0 0 0 0 0
96 31 0 0 0 0 0
96 32 0 0 0 0 0
96 33 0 0 0 0 0
96 34 0 0 0 0 0
96 35 0 0 0 0 0
96 36 0 0 0 0 0
96 37 0 0 0 0 0
96 38 0 0 0 0 0
96 39 0 0 0 0 0
96 40 0 0 0 0 0
96 41 0 0 0 0 0
96 42 0 0 0 0 0
96 43 0 0 0 0 0
96 44 0 0 0 0 0
96 45 0 0 0 0 0
96 46 0 0 0 0 0
96 47 0 0 0 0 0
96 48 0 0 0 0 0
96 49 0 0 0 0 0
96 50 0 0 0 0 0
96 51 0 0 0 0 0
96 52 0 0 0 0 0
96 53 0 0 0 0 0
96 54 0 0 0 0 0
96 55 0 0 0 0 0
96 56 0 0 0 0 0
96 57 0 0 0 0 0
96 58 0 0 0 0 0
96 59 0 0 0 0 0
96 60 0 0 0 0 0
96 61 0 0 0 0 0
96 62 0 0 0 0 0
96 63 0 0 0 1 0
96 64 0 0 0 1 0
96 65 0 0 0 1 0
96 66 0 0 0 1 0
96 67 0 0 0 2 0
96 68 0 0 0 2 0
96 69 0 0 0 2 0
96 70 0 0 0 2 0
96 71 0 0 0 2 0
96 72 0 0 0 2 0
96 73 0 0 0 2 0
96 74 0 0 0 2 0
96 75 0 0 0 2 0
96 76 0 0 0 2 0
96 77 0 0 0 2 0
96 78 0 0 0 1 0
96 79 0 0 0 1 0
96 80 0 0 0 1 0
96 81 0 0 0 0 0
96 82 0 0 0 0 0
96 83 0 0 0 0 0
96 84 0 0 0 0 0
96 85 0 0 0 0 0
96 86 0 0 0 0 0
96 87 0 0 0 0 0
96 88 0 0 0 0 0
96 89 0 0 0 0 0
96 90 0 0 0 0 0
96 91 0 0 0 0 0
96 92 0 0 0 0 0
96 93 0 0 0 0 0
96 94 0 0 0 0 0
96 95 0 0 0 0 0
96 96 0 0 0 0 0
96 97 0 0 0 0 0
97 2 0 0 0 0 0
97 3 0 0 0 0 0
97 4 0 0 0 0 0
97 5 0 0 0 0 0
97 6 0 0 0 0 0
97 7 0 0 0 0 0
97 8 0 0 0 0 0
97 9 0 0 0 0 0
97 10 0 0 0 0 0
97 11 0 0 0 0 0
97 12 0 0 0 0 0
97 13 0 0 0 0 0
97 14 0 0 0 0 0
97 15 0 0 0 0 0
97 16 0 0 0 0 0
97 17 0 0 0 0 0
97 18 0 0 0 0 0
97 19 0 0 0 0 0
97 20 0 0 0 0 0
97 21 0 0 0 0 0
97 22 0 0 0 0 0
97 23 0 0 0 0 0
97 24 0 0 0 0 0
97 25 0 0 0 0 0
97 26 0 0 0 0 0
97 27 0 0 0 0 0
97 28 0 0 0 0 0
97 29 0 0 0 0 0
97 30 0 0 0 0 0
97 31 0 0 0 0 0
97 32 0 0 0 0 0
97 33 0 0 0 0 0
97 34 0 0 0 0 0
97 35 0 0 0 0 0
97 36 0 0 0 0 0
97 37 0 0 0 0 0
97 38 0 0 0 0 0
97 39 0 0 0 0 0
97 40 0 0 0 0 0
97 41 0 0 0 0 0
97 42 0 0 0 0 0
97 43 0 0 0 0 0
97 44 0 0 0 0 0
97 45 0 0 0 0 0
97 46 0 0 0 0 0
97 47 0 0 0 0 0
97 48 0 0 0 0 0
97 49 0 0 0 0 0
97 50 0 0 0 0 0
97 51 0 0 0 0 0
97 52 0 0 0 0 0
97 53 0 0 0 0 0
97 54 0 0 0 0 0
97 55 0 0 0 0 0
97 56 0 0 0 0 0
97 57 0 0 0 0 0
97 58 0 0 0 0 0
97 59 0 0 0 0 0
97 60 0 0 0 0 0
97 61 0 0 0 0 0
97 62 0 0 0 0 0
97 63 0 0 0 1 0
97 64 0 0 0 1 0
97 65 0 0 0 1 0
97 66 0 0 0 1 0
97 67 0 0 0 1 0
97 68 0 0 0 2 0
97 69 0 0 0 2 0
97 70 0 0 0 2 0
97 71 0 0 0 2 0
97 72 0 0 0 2 0
97 73 0 0 0 2 0
97 74 0 0 0 2 0
97 75 0 0 0 2 0
97 76 0 0 0 2 0
97 77 0 0 0 1 0
97 78 0 0 0 1 0
97 79 0 0 0 1 0
97 80 0 0 0 1 0
97 81 0 0 0 1 0
97 82 0 0 0 0 0
97 83 0 0 0 0 0
97 84 0 0 0 0 0
97 85 0 0 0 0 0
97 86 0 0 0 0 0
97 87 0 0 0 0 0
97 88 0 0 0 0 0
97 89 0 0 0 0 0
97 90 0 0 0 0 0
97 91 0 0 0 0 0
97 92 0 0 0 0 0
97 93 0 0 0 0 0
97 94 0 0 0 0 0
97 95 0 0 0 0 0
97 96 0 0 0 0 0
97 97 0 0 0 0 0
