env_min(m) 0.0000 0.0000 0.0000
env_max(m) 10.0000 10.0000 3.0000
NumCells_XYZ 100 100 30
CellSizes_XYZ[m] 0.1000 0.1000 0.1000
GasSourceLocation_XYZ[m] 8.8571 2.0000 0.5000
GasType ethanol
Cell_x	 Cell_y	 Cell_z	 Gas_conc[10^⁻3ppm]	 Wind_u[10^⁻3m/s]	 Wind_v[10^⁻3m/s]	 Wind_w[10^⁻3m/s]
2 2 0 0 3 -1 -16
2 3 0 0 2 -1 0
2 4 0 0 9 0 -2
2 5 0 0 11 1 -1
2 6 0 0 9 0 -1
2 7 0 0 10 1 -1
2 8 0 0 9 0 -1
2 9 0 0 9 0 -1
2 10 0 0 9 0 -1
2 11 0 0 9 0 -1
2 12 0 0 9 -1 -1
2 13 0 0 9 0 -1
2 14 0 0 9 0 -1
2 15 0 0 9 0 -1
2 16 0 0 10 -1 -1
2 17 0 0 8 0 -2
2 18 0 0 1 0 -18
2 19 0 0 3 0 -7
2 20 0 0 3 0 -16
2 21 0 0 5 0 -14
2 22 0 0 5 -1 -15
2 23 0 0 5 0 -15
2 24 0 0 5 -1 -15
2 25 0 0 5 0 -15
2 26 0 0 5 -1 -14
2 27 0 0 5 0 -15
2 28 0 0 5 -1 -14
2 29 0 0 5 0 -15
2 30 0 0 5 -2 -14
2 31 0 0 5 0 -15
2 32 0 0 5 -2 -14
2 33 0 0 5 0 -15
2 34 0 0 5 -2 -14
2 35 0 0 5 0 -15
2 36 0 0 5 -1 -15
2 37 0 0 6 0 -15
2 38 0 0 1 -1 -19
2 39 0 0 3 0 -7
2 40 0 0 3 1 -6
2 41 0 0 2 0 -17
2 42 0 0 4 2 -5
2 43 0 0 5 5 -6
2 44 0 0 4 6 -5
2 45 0 0 5 8 -5
2 46 0 0 4 6 -5
2 47 0 0 4 9 -4
2 48 0 0 4 9 -5
2 49 0 0 5 9 -4
2 50 0 0 4 9 -5
2 51 0 0 5 9 -5
2 52 0 0 5 9 -5
2 53 0 0 5 7 -4
2 54 0 0 5 7 -5
2 55 0 0 5 5 -5
2 56 0 0 6 5 -6
2 57 0 0 8 3 -2
2 58 0 0 2 1 -17
2 59 0 0 3 0 -7
2 69 0 0 10 491 -12
2 70 0 0 15 536 -43
2 71 0 0 -9 456 -12
2 72 0 0 6 462 5
2 73 0 0 -3 413 10
2 74 0 0 13 398 5
2 75 0 0 4 393 5
2 76 0 0 13 376 0
2 77 0 0 6 354 9
2 78 0 0 13 328 -2
2 79 0 0 5 317 13
2 80 0 0 14 293 -2
2 81 0 0 6 280 14
2 82 0 0 14 251 -5
2 83 0 0 6 240 17
2 84 0 0 13 215 -4
2 85 0 0 6 205 16
2 86 0 0 13 177 -6
2 87 0 0 6 167 17
2 88 0 0 11 143 -4
2 89 0 0 4 128 16
2 90 0 0 10 112 -6
2 91 0 0 6 95 12
2 92 0 0 10 83 -6
2 93 0 0 8 64 3
2 94 0 0 10 51 -10
2 95 0 0 7 34 -4
2 96 0 0 9 18 -14
2 97 0 0 14 0 -17
3 2 0 0 11 -1 0
3 3 0 0 26 -1 -4
3 4 0 0 22 1 -4
3 5 0 0 24 -1 -2
3 6 0 0 22 1 -3
3 7 0 0 23 -1 -2
3 8 0 0 22 1 -2
3 9 0 0 22 -1 -2
3 10 0 0 23 1 -2
3 11 0 0 22 -1 -2
3 12 0 0 23 1 -2
3 13 0 0 22 -1 -2
3 14 0 0 23 1 -3
3 15 0 0 22 -1 -3
3 16 0 0 28 0 -4
3 17 0 0 24 0 -7
3 18 0 0 15 0 -2
3 19 0 0 20 2 -6
3 20 0 0 20 0 0
3 21 0 0 24 -1 -6
3 22 0 0 23 2 -4
3 23 0 0 22 -1 -4
3 24 0 0 22 1 -4
3 25 0 0 23 -2 -3
3 26 0 0 22 0 -4
3 27 0 0 23 -3 -3
3 28 0 0 22 0 -4
3 29 0 0 23 -3 -3
3 30 0 0 21 0 -4
3 31 0 0 23 -3 -3
3 32 0 0 21 0 -4
3 33 0 0 23 -3 -3
3 34 0 0 21 0 -4
3 35 0 0 22 -3 -5
3 36 0 0 26 -1 -5
3 37 0 0 23 0 -7
3 38 0 0 15 0 -2
3 39 0 0 20 2 -6
3 40 0 0 18 1 -1
3 41 0 0 14 4 0
3 42 0 0 22 2 -5
3 43 0 0 22 4 -4
3 44 0 0 20 7 -4
3 45 0 0 20 6 -3
3 46 0 0 20 9 -3
3 47 0 0 18 9 -3
3 48 0 0 21 11 -2
3 49 0 0 19 10 -3
3 50 0 0 21 11 -2
3 51 0 0 20 9 -2
3 52 0 0 23 11 -2
3 53 0 0 21 7 -2
3 54 0 0 22 9 -3
3 55 0 0 22 6 -4
3 56 0 0 30 5 -5
3 57 0 0 25 3 -6
3 58 0 0 17 0 -2
3 59 0 0 23 3 -5
3 69 0 0 -2 485 1
3 70 0 0 84 538 4
3 71 0 0 0 458 1
3 72 0 0 83 460 10
3 73 0 0 27 430 -2
3 74 0 0 50 393 6
3 75 0 0 -18 402 -2
3 76 0 0 83 384 4
3 77 0 0 21 357 -4
3 78 0 0 62 331 3
3 79 0 0 13 320 -4
3 80 0 0 67 305 3
3 81 0 0 22 276 -2
3 82 0 0 64 269 2
3 83 0 0 21 248 -4
3 84 0 0 66 231 4
3 85 0 0 24 203 -3
3 86 0 0 61 198 0
3 87 0 0 24 173 -3
3 88 0 0 58 166 0
3 89 0 0 27 145 -3
3 90 0 0 57 127 1
3 91 0 0 31 109 -3
3 92 0 0 55 92 1
3 93 0 0 36 69 -2
3 94 0 0 50 59 0
3 95 0 0 40 34 -4
3 96 0 0 51 25 -6
3 97 0 0 42 0 -7
4 2 0 0 38 0 -2
4 3 0 0 35 0 -4
4 16 0 0 35 -1 -6
4 17 0 0 36 -2 -6
4 18 0 0 42 2 -3
4 19 0 0 37 3 -8
4 20 0 0 38 0 -2
4 21 0 0 35 3 -3
4 22 0 0 50 -1 -16
4 24 0 0 51 0 -15
4 26 0 0 50 -1 -15
4 28 0 0 50 -1 -15
4 30 0 0 49 -1 -15
4 32 0 0 49 -1 -15
4 34 0 0 49 -1 -15
4 36 0 0 33 -2 -6
4 37 0 0 34 -3 -7
4 38 0 0 42 1 -3
4 39 0 0 36 3 -8
4 41 0 0 32 2 -3
4 42 0 0 31 0 -4
4 43 0 0 30 6 -3
4 44 0 0 48 7 -13
4 46 0 0 47 8 -13
4 48 0 0 49 9 -13
4 50 0 0 50 9 -13
4 52 0 0 52 8 -14
4 54 0 0 52 6 -14
4 56 0 0 39 2 -7
4 57 0 0 39 0 -7
4 58 0 0 46 3 -3
4 59 0 0 42 3 -8
4 69 0 0 26 494 -123
4 70 0 0 56 564 49
4 71 0 0 75 446 29
4 72 0 0 147 466 -3
4 74 0 0 85 381 -7
4 76 0 0 114 359 -10
4 78 0 0 98 314 -13
4 80 0 0 105 275 -12
4 82 0 0 98 233 -15
4 84 0 0 101 201 -15
4 87 0 0 98 166 -15
4 89 0 0 99 135 -15
4 91 0 0 99 104 -14
4 93 0 0 99 73 -14
4 95 0 0 97 45 -16
4 96 0 0 71 13 -5
4 97 0 0 73 -2 -19
5 2 0 0 59 0 -6
5 3 0 0 65 -3 -6
5 4 0 0 50 0 -15
5 6 0 0 51 0 -14
5 8 0 0 51 0 -14
5 10 0 0 51 0 -14
5 12 0 0 51 0 -14
5 14 0 0 51 0 -15
5 16 0 0 60 6 -7
5 17 0 0 58 4 -7
5 18 0 0 47 -1 -3
5 19 0 0 57 0 -8
5 20 0 0 55 2 1
5 21 0 0 58 -10 -8
5 36 0 0 59 5 -8
5 37 0 0 57 4 -7
5 38 0 0 46 -1 -3
5 39 0 0 56 0 -8
5 41 0 0 53 -2 -5
5 42 0 0 47 8 -2
5 43 0 0 45 -2 -3
5 56 0 0 68 9 -7
5 57 0 0 62 8 -8
5 58 0 0 51 0 -3
5 59 0 0 64 0 -8
5 69 0 0 64 448 -32
5 70 0 0 107 565 -1
5 71 0 0 93 466 25
5 96 0 0 118 39 -11
5 97 0 0 104 -1 7
6 2 0 0 75 -2 -6
6 3 0 0 71 -1 -7
6 16 0 0 72 -6 -7
6 17 0 0 73 -2 -8
6 18 0 0 75 4 -2
6 19 0 0 75 4 -7
6 20 0 0 73 -5 -3
6 21 0 0 72 8 -3
6 22 0 0 82 -2 -15
6 24 0 0 82 -1 -14
6 26 0 0 82 -2 -14
6 28 0 0 81 -1 -14
6 30 0 0 81 -2 -14
6 32 0 0 81 -1 -14
6 34 0 0 80 0 -14
6 36 0 0 71 -6 -7
6 37 0 0 71 -3 -7
6 38 0 0 73 3 -2
6 39 0 0 73 4 -7
6 41 0 0 59 -2 1
6 42 0 0 79 2 -15
6 46 0 0 77 9 -14
6 48 0 0 80 11 -14
6 50 0 0 82 11 -14
6 52 0 0 85 10 -14
6 54 0 0 86 9 -14
6 56 0 0 79 0 -7
6 57 0 0 80 0 -7
6 58 0 0 81 4 -2
6 59 0 0 83 4 -7
6 69 0 0 63 491 -43
6 70 0 0 111 557 4
6 71 0 0 157 456 25
6 72 0 0 189 495 -36
6 74 0 0 162 401 -11
6 76 0 0 181 372 -12
6 78 0 0 168 310 -10
6 80 0 0 177 277 -10
6 82 0 0 168 231 -13
6 84 0 0 165 200 -13
6 87 0 0 160 165 -14
6 89 0 0 158 134 -14
6 91 0 0 156 104 -14
6 93 0 0 157 73 -15
6 95 0 0 155 46 -16
6 96 0 0 140 6 -7
6 97 0 0 140 -1 -19
7 2 0 0 95 0 -6
7 3 0 0 98 -7 -6
7 4 0 0 81 0 -16
7 6 0 0 82 0 -14
7 8 0 0 82 0 -14
7 10 0 0 82 0 -14
7 12 0 0 82 0 -14
7 14 0 0 81 0 -14
7 16 0 0 95 8 -8
7 17 0 0 93 8 -7
7 18 0 0 79 -2 -3
7 19 0 0 93 0 -8
7 20 0 0 89 1 1
7 21 0 0 93 -14 -9
7 36 0 0 93 7 -7
7 37 0 0 91 7 -7
7 38 0 0 78 -3 -3
7 39 0 0 92 0 -8
7 41 0 0 85 -9 -9
7 44 0 0 77 5 -13
7 56 0 0 106 14 -8
7 57 0 0 101 11 -8
7 58 0 0 86 -2 -3
7 59 0 0 105 -1 -8
7 69 0 0 66 502 -46
7 70 0 0 174 536 -2
7 71 0 0 170 459 22
7 96 0 0 182 46 -14
7 97 0 0 173 -3 15
8 2 0 0 114 -2 -7
8 3 0 0 110 0 -8
8 4 0 0 115 0 -15
8 6 0 0 116 0 -15
8 8 0 0 117 0 -15
8 10 0 0 116 0 -15
8 12 0 0 117 0 -15
8 14 0 0 115 0 -15
8 16 0 0 108 -9 -6
8 17 0 0 110 -5 -7
8 18 0 0 107 4 -2
8 19 0 0 114 4 -7
8 20 0 0 108 -5 -3
8 21 0 0 108 13 -2
8 22 0 0 117 -2 -16
8 24 0 0 118 -1 -15
8 26 0 0 117 -2 -15
8 28 0 0 116 -2 -15
8 30 0 0 116 -2 -15
8 32 0 0 115 -2 -15
8 34 0 0 114 -2 -15
8 36 0 0 106 -10 -5
8 37 0 0 106 -5 -7
8 38 0 0 105 4 -2
8 39 0 0 112 3 -6
8 41 0 0 101 8 -3
8 42 0 0 102 3 -14
8 44 0 0 107 9 -14
8 46 0 0 110 12 -14
8 48 0 0 114 14 -14
8 50 0 0 117 14 -14
8 52 0 0 122 13 -15
8 54 0 0 123 10 -15
8 56 0 0 121 -1 -6
8 57 0 0 120 -1 -7
8 58 0 0 118 5 -2
8 59 0 0 129 4 -6
8 69 0 0 79 476 -29
8 70 0 0 185 562 17
8 71 0 0 263 440 20
8 72 0 0 270 504 -26
8 74 0 0 253 379 0
8 76 0 0 266 368 -12
8 78 0 0 248 295 -12
8 80 0 0 252 271 -15
8 82 0 0 240 225 -15
8 84 0 0 238 195 -15
8 87 0 0 232 160 -15
8 89 0 0 229 132 -15
8 91 0 0 227 104 -15
8 93 0 0 226 74 -16
8 95 0 0 222 47 -17
8 96 0 0 210 3 -6
8 97 0 0 207 -5 -13
9 2 0 0 134 0 -6
9 3 0 0 136 -6 -5
9 16 0 0 129 10 -7
9 17 0 0 129 10 -7
9 18 0 0 111 -3 -3
9 19 0 0 129 0 -7
9 20 0 0 125 4 3
9 21 0 0 127 -16 -10
9 36 0 0 126 9 -7
9 37 0 0 125 9 -7
9 38 0 0 109 -4 -3
9 39 0 0 127 -1 -8
9 41 0 0 118 -11 -11
9 56 0 0 145 18 -8
9 57 0 0 141 15 -8
9 58 0 0 122 -3 -3
9 59 0 0 147 -1 -8
9 69 0 0 98 505 -66
9 70 0 0 243 533 -14
9 71 0 0 271 478 28
9 96 0 0 250 49 -15
9 97 0 0 243 -4 18
10 2 0 0 153 -1 -7
10 3 0 0 150 1 -7
10 4 0 0 148 0 -15
10 6 0 0 150 0 -15
10 8 0 0 150 0 -14
10 10 0 0 150 0 -14
10 12 0 0 150 0 -14
10 14 0 0 149 0 -14
10 16 0 0 144 -10 -6
10 17 0 0 146 -6 -7
10 18 0 0 140 5 -1
10 19 0 0 153 3 -6
10 20 0 0 144 -4 -3
10 21 0 0 143 15 -2
10 22 0 0 151 -2 -15
10 24 0 0 152 -2 -15
10 26 0 0 151 -3 -14
10 28 0 0 150 -3 -14
10 30 0 0 149 -3 -14
10 32 0 0 148 -2 -14
10 34 0 0 146 -2 -14
10 36 0 0 141 -11 -6
10 37 0 0 141 -6 -7
10 38 0 0 137 4 -1
10 39 0 0 150 3 -6
10 41 0 0 134 11 -2
10 42 0 0 132 5 -15
10 44 0 0 137 10 -14
10 46 0 0 140 15 -14
10 48 0 0 146 18 -14
10 50 0 0 151 19 -14
10 52 0 0 158 17 -15
10 54 0 0 160 14 -15
10 56 0 0 161 0 -7
10 57 0 0 162 0 -7
10 58 0 0 155 6 -1
10 59 0 0 173 1 -8
10 69 0 0 100 481 -25
10 70 0 0 273 561 21
10 71 0 0 344 444 24
10 72 0 0 343 501 -22
10 74 0 0 334 363 5
10 76 0 0 336 363 -12
10 78 0 0 323 284 -10
10 80 0 0 321 266 -13
10 82 0 0 309 216 -14
10 84 0 0 301 191 -14
10 87 0 0 291 156 -16
10 89 0 0 283 130 -15
10 91 0 0 283 100 -15
10 93 0 0 285 70 -15
10 95 0 0 281 44 -17
10 96 0 0 279 0 -5
10 97 0 0 278 -7 -3
11 2 0 0 172 0 -6
11 3 0 0 172 -6 -4
11 16 0 0 164 12 -7
11 17 0 0 163 11 -7
11 18 0 0 142 -4 -2
11 19 0 0 165 0 -7
11 20 0 0 162 5 3
11 21 0 0 162 -19 -11
11 36 0 0 159 11 -7
11 37 0 0 158 10 -7
11 38 0 0 140 -4 -3
11 39 0 0 162 0 -7
11 41 0 0 148 -12 -11
11 56 0 0 186 24 -8
11 57 0 0 183 17 -8
11 58 0 0 159 -3 -3
11 59 0 0 192 -1 -8
11 69 0 0 124 508 -78
11 70 0 0 319 534 -10
11 71 0 0 363 479 30
11 96 0 0 317 52 -16
11 97 0 0 311 -2 16
12 2 0 0 190 0 -7
12 3 0 0 186 3 -7
12 4 0 0 182 0 -15
12 6 0 0 184 0 -15
12 8 0 0 184 0 -14
12 10 0 0 184 0 -14
12 12 0 0 184 0 -14
12 14 0 0 182 0 -14
12 16 0 0 179 -12 -6
12 17 0 0 180 -6 -7
12 18 0 0 172 5 -1
12 19 0 0 191 0 -8
12 20 0 0 182 -3 -3
12 21 0 0 178 17 -2
12 22 0 0 186 -3 -15
12 24 0 0 186 -3 -15
12 26 0 0 186 -4 -14
12 28 0 0 184 -4 -14
12 30 0 0 183 -4 -14
12 32 0 0 182 -3 -14
12 34 0 0 179 -3 -15
12 36 0 0 175 -14 -6
12 37 0 0 175 -7 -7
12 38 0 0 169 5 -1
12 39 0 0 187 0 -8
12 41 0 0 163 14 -1
12 42 0 0 158 6 -15
12 44 0 0 165 15 -14
12 46 0 0 170 21 -14
12 48 0 0 178 25 -14
12 50 0 0 185 27 -14
12 52 0 0 195 24 -15
12 54 0 0 198 20 -15
12 56 0 0 204 1 -8
12 57 0 0 207 0 -7
12 58 0 0 195 6 -1
12 59 0 0 222 0 -9
12 69 0 0 121 488 -20
12 70 0 0 351 560 14
12 71 0 0 429 450 25
12 72 0 0 428 491 -20
12 74 0 0 418 351 5
12 76 0 0 414 353 -14
12 78 0 0 400 272 -11
12 80 0 0 394 255 -14
12 82 0 0 381 203 -13
12 84 0 0 370 177 -13
12 87 0 0 364 143 -11
12 89 0 0 357 124 -12
12 91 0 0 357 105 -13
12 93 0 0 353 75 -15
12 95 0 0 349 51 -17
12 96 0 0 348 -1 -4
12 97 0 0 347 -8 4
13 2 0 0 208 0 -6
13 3 0 0 211 -4 -4
13 16 0 0 198 14 -8
13 17 0 0 198 12 -7
13 18 0 0 173 -5 -2
13 19 0 0 201 0 -7
13 20 0 0 199 5 3
13 21 0 0 196 -22 -11
13 36 0 0 192 12 -7
13 37 0 0 192 11 -7
13 38 0 0 170 -5 -2
13 39 0 0 197 0 -7
13 41 0 0 176 -13 -12
13 56 0 0 232 27 -7
13 57 0 0 227 20 -8
13 58 0 0 197 -3 -3
13 59 0 0 240 0 -10
13 69 0 0 146 497 -69
13 70 0 0 398 531 -2
13 71 0 0 445 466 30
13 96 0 0 386 54 -16
13 97 0 0 379 -1 10
14 2 0 0 227 -1 -7
14 3 0 0 225 3 -7
14 4 0 0 215 0 -15
14 6 0 0 217 0 -15
14 8 0 0 218 0 -14
14 10 0 0 217 0 -14
14 12 0 0 218 0 -14
14 14 0 0 215 0 -14
14 16 0 0 214 -14 -6
14 17 0 0 215 -7 -7
14 18 0 0 205 5 -1
14 19 0 0 230 0 -9
14 20 0 0 221 -1 -3
14 21 0 0 213 19 -1
14 22 0 0 221 -3 -15
14 24 0 0 221 -4 -15
14 26 0 0 220 -5 -14
14 28 0 0 218 -5 -14
14 30 0 0 216 -5 -14
14 32 0 0 215 -4 -14
14 34 0 0 211 -4 -14
14 36 0 0 208 -16 -6
14 37 0 0 209 -8 -7
14 38 0 0 200 4 0
14 39 0 0 224 0 -8
14 41 0 0 189 16 0
14 42 0 0 183 9 -15
14 44 0 0 191 19 -14
14 46 0 0 198 28 -14
14 48 0 0 209 32 -14
14 50 0 0 219 36 -14
14 52 0 0 233 32 -15
14 56 0 0 250 6 -10
14 57 0 0 251 1 -9
14 58 0 0 239 6 -2
14 59 0 0 276 1 -8
14 69 0 0 159 489 -22
14 70 0 0 418 562 9
14 71 0 0 511 459 26
14 72 0 0 503 481 -16
14 74 0 0 498 337 4
14 76 0 0 487 344 -14
14 78 0 0 475 260 -12
14 80 0 0 463 246 -14
14 82 0 0 448 193 -16
14 84 0 0 429 173 -14
14 86 0 0 403 142 -24
14 89 0 0 386 123 -17
14 91 0 0 396 97 -17
14 93 0 0 409 65 -16
14 95 0 0 407 43 -17
14 96 0 0 418 -1 -4
14 97 0 0 423 -7 5
15 2 0 0 244 0 -6
15 3 0 0 247 -6 -4
15 16 0 0 232 15 -8
15 17 0 0 233 13 -7
15 18 0 0 205 -5 -2
15 19 0 0 239 0 -7
15 20 0 0 237 6 4
15 21 0 0 231 -24 -12
15 36 0 0 225 13 -8
15 37 0 0 226 11 -7
15 38 0 0 200 -5 -2
15 39 0 0 232 0 -7
15 41 0 0 200 -13 -12
15 54 0 0 238 31 -16
15 56 0 0 280 34 -7
15 57 0 0 274 26 -8
15 58 0 0 242 -3 -3
15 59 0 0 293 0 -12
15 69 0 0 186 499 -72
15 70 0 0 477 533 4
15 71 0 0 527 465 30
15 96 0 0 454 55 -16
15 97 0 0 445 1 8
16 2 0 0 263 -1 -8
16 3 0 0 262 3 -7
16 6 0 0 251 0 -15
16 8 0 0 251 0 -14
16 10 0 0 251 0 -14
16 12 0 0 252 0 -14
16 14 0 0 249 0 -14
16 16 0 0 249 -15 -6
16 17 0 0 251 -8 -8
16 18 0 0 238 4 0
16 19 0 0 272 1 -7
16 20 0 0 262 0 -2
16 21 0 0 248 20 -1
16 24 0 0 257 -6 -15
16 26 0 0 255 -7 -14
16 28 0 0 252 -8 -14
16 30 0 0 250 -7 -14
16 32 0 0 247 -6 -14
16 34 0 0 243 -5 -15
16 36 0 0 241 -18 -6
16 37 0 0 242 -9 -7
16 38 0 0 231 4 0
16 39 0 0 263 2 -7
16 41 0 0 212 17 0
16 42 0 0 205 13 -15
16 44 0 0 215 25 -14
16 46 0 0 224 38 -14
16 48 0 0 237 45 -14
16 50 0 0 251 51 -14
16 56 0 0 300 15 -11
16 57 0 0 302 9 -8
16 58 0 0 290 6 -2
16 59 0 0 335 -1 -12
16 69 0 0 193 491 -23
16 70 0 0 488 559 7
16 71 0 0 605 453 27
16 72 0 0 592 462 -17
16 74 0 0 586 327 1
16 76 0 0 567 328 -15
16 78 0 0 554 245 -12
16 80 0 0 536 227 -14
16 82 0 0 522 170 -14
16 84 0 0 492 138 -22
16 86 0 0 499 108 -19
16 89 0 0 476 118 -29
16 91 0 0 488 118 -24
16 93 0 0 478 83 -22
16 95 0 0 472 56 -17
16 96 0 0 487 0 -5
16 97 0 0 492 -8 7
17 2 0 0 280 0 -7
17 3 0 0 283 -6 -4
17 4 0 0 249 0 -15
17 16 0 0 267 16 -8
17 17 0 0 268 13 -7
17 18 0 0 237 -5 -2
17 19 0 0 277 0 -8
17 20 0 0 276 7 4
17 21 0 0 267 -26 -12
17 22 0 0 256 -4 -15
17 36 0 0 258 13 -8
17 37 0 0 258 11 -7
17 38 0 0 230 -6 -2
17 39 0 0 267 0 -7
17 41 0 0 220 -13 -12
17 52 0 0 271 47 -15
17 54 0 0 282 43 -16
17 56 0 0 326 43 -8
17 57 0 0 326 36 -9
17 58 0 0 293 -1 -3
17 59 0 0 355 1 -12
17 69 0 0 232 501 -67
17 70 0 0 570 534 5
17 71 0 0 623 431 33
17 96 0 0 526 59 -18
17 97 0 0 512 0 2
18 2 0 0 300 -1 -8
18 3 0 0 299 3 -7
18 16 0 0 284 -16 -6
18 17 0 0 286 -8 -8
18 18 0 0 271 4 0
18 19 0 0 312 2 -7
18 20 0 0 303 2 -2
18 21 0 0 283 20 -1
18 28 0 0 286 -11 -14
18 30 0 0 283 -10 -14
18 32 0 0 279 -9 -14
18 36 0 0 273 -20 -6
18 37 0 0 274 -11 -8
18 38 0 0 261 3 0
18 39 0 0 300 1 -7
18 41 0 0 231 19 0
18 52 0 0 312 65 -17
18 54 0 0 328 71 -17
18 56 0 0 351 27 -10
18 57 0 0 358 18 -9
18 58 0 0 352 8 -3
18 59 0 0 407 0 -9
18 69 0 0 227 497 -17
18 70 0 0 601 571 8
18 71 0 0 718 440 33
18 74 0 0 671 302 -3
18 76 0 0 646 310 -16
18 78 0 0 631 228 -13
18 80 0 0 610 213 -13
18 82 0 0 597 147 -20
18 84 0 0 561 123 -20
18 86 0 0 476 21 -27
18 87 0 0 460 86 -25
18 88 0 0 434 67 -26
18 89 0 0 447 158 -37
18 90 0 0 472 136 -20
18 91 0 0 502 153 -33
18 93 0 0 545 90 -23
18 95 0 0 540 48 -17
18 96 0 0 563 2 -6
18 97 0 0 574 -6 5
19 2 0 0 317 0 -7
19 3 0 0 318 -6 -4
19 4 0 0 282 0 -15
19 6 0 0 285 0 -15
19 8 0 0 285 0 -14
19 10 0 0 285 0 -14
19 12 0 0 286 0 -14
19 14 0 0 283 0 -14
19 16 0 0 301 18 -8
19 17 0 0 302 13 -7
19 18 0 0 269 -6 -1
19 19 0 0 315 0 -8
19 20 0 0 316 7 4
19 21 0 0 303 -28 -13
19 22 0 0 292 -6 -15
19 24 0 0 292 -8 -15
19 26 0 0 290 -10 -14
19 34 0 0 274 -7 -14
19 36 0 0 289 13 -8
19 37 0 0 289 10 -7
19 38 0 0 259 -6 -1
19 39 0 0 302 0 -8
19 41 0 0 236 -13 -12
19 42 0 0 224 17 -15
19 44 0 0 235 33 -14
19 46 0 0 247 50 -14
19 48 0 0 265 59 -15
19 50 0 0 284 70 -14
19 56 0 0 370 67 -11
19 57 0 0 376 54 -10
19 58 0 0 359 2 -5
19 59 0 0 437 4 -9
19 69 0 0 264 489 -21
19 70 0 0 659 526 3
19 71 0 0 739 400 24
19 72 0 0 691 438 -4
19 86 0 0 545 77 -23
19 87 0 0 469 76 -33
19 88 0 0 441 84 -27
19 89 0 0 477 183 -32
19 90 0 0 536 172 -19
19 91 0 0 586 103 -35
19 96 0 0 600 59 -18
19 97 0 0 585 1 -1
20 2 0 0 336 -1 -9
20 3 0 0 335 3 -7
20 16 0 0 319 -17 -6
20 17 0 0 320 -9 -8
20 18 0 0 304 3 0
20 19 0 0 351 1 -7
20 20 0 0 347 4 -2
20 21 0 0 320 20 -1
20 36 0 0 305 -22 -6
20 37 0 0 306 -13 -8
20 38 0 0 290 2 0
20 39 0 0 336 1 -7
20 41 0 0 244 21 1
20 54 0 0 375 104 -20
20 56 0 0 410 53 -9
20 57 0 0 429 49 -10
20 58 0 0 448 16 -1
20 59 0 0 495 4 -15
20 60 0 0 -6 21 -10
20 61 0 0 -9 50 -2
20 62 0 0 -10 130 -2
20 63 0 0 -11 107 18
20 64 0 0 -5 138 0
20 65 0 0 -7 91 45
20 66 0 0 12 85 -9
20 67 0 0 8 46 -1
20 68 0 0 5 2 -7
20 69 0 0 263 504 14
20 70 0 0 676 537 21
20 71 0 0 805 407 26
20 74 0 0 756 278 -6
20 76 0 0 721 287 -16
20 78 0 0 710 209 -14
20 80 0 0 690 194 -14
20 82 0 0 684 123 -16
20 84 0 0 657 88 -20
20 86 0 0 579 -18 -14
20 87 0 0 543 -38 -11
20 88 0 0 291 76 -13
20 89 0 0 291 129 -27
20 90 0 0 579 179 -28
20 91 0 0 642 168 -12
20 93 0 0 638 72 -18
20 95 0 0 617 51 -15
20 96 0 0 636 0 -7
20 97 0 0 651 -6 2
21 2 0 0 353 0 -7
21 3 0 0 353 -7 -4
21 4 0 0 315 0 -15
21 6 0 0 318 0 -15
21 8 0 0 319 0 -14
21 10 0 0 319 0 -14
21 12 0 0 319 0 -14
21 14 0 0 316 0 -14
21 16 0 0 336 18 -8
21 17 0 0 337 14 -7
21 18 0 0 301 -6 -1
21 19 0 0 353 0 -8
21 20 0 0 358 8 5
21 21 0 0 341 -30 -13
21 22 0 0 329 -8 -14
21 24 0 0 329 -11 -15
21 26 0 0 325 -13 -14
21 28 0 0 320 -15 -14
21 30 0 0 315 -14 -14
21 32 0 0 311 -12 -14
21 34 0 0 305 -9 -14
21 36 0 0 320 12 -8
21 37 0 0 320 9 -7
21 38 0 0 287 -7 -1
21 39 0 0 335 0 -8
21 41 0 0 246 -12 -12
21 42 0 0 239 23 -14
21 44 0 0 251 43 -14
21 46 0 0 265 66 -14
21 48 0 0 285 81 -14
21 50 0 0 310 99 -13
21 52 0 0 342 97 -14
21 56 0 0 449 113 -15
21 57 0 0 475 86 -9
21 58 0 0 466 13 -2
21 59 0 0 538 3 0
21 60 0 0 -15 9 -1
21 61 0 0 -7 38 0
21 62 0 0 13 67 -4
21 63 0 0 -1 65 -5
21 64 0 0 25 72 -4
21 65 0 0 15 66 -10
21 66 0 0 24 34 -3
21 67 0 0 21 36 0
21 68 0 0 26 12 -10
21 69 0 0 283 499 -10
21 70 0 0 745 501 19
21 71 0 0 857 352 18
21 72 0 0 770 400 0
21 86 0 0 707 40 -8
21 87 0 0 534 -61 -19
21 88 0 0 265 -133 1
21 89 0 0 32 344 -15
21 90 0 0 882 441 21
21 91 0 0 767 74 -20
21 96 0 0 671 56 -18
21 97 0 0 659 1 -5
22 2 0 0 372 -1 -9
22 3 0 0 371 3 -7
22 16 0 0 353 -17 -6
22 17 0 0 355 -9 -8
22 18 0 0 338 3 0
22 19 0 0 391 1 -7
22 20 0 0 393 6 -2
22 21 0 0 358 20 -1
22 36 0 0 335 -24 -6
22 37 0 0 336 -14 -8
22 38 0 0 319 2 0
22 39 0 0 370 1 -7
22 41 0 0 251 22 1
22 56 0 0 474 111 -18
22 57 0 0 503 90 -12
22 58 0 0 571 23 4
22 59 0 0 569 6 -12
22 60 0 0 -39 29 -4
22 61 0 0 -25 82 -11
22 62 0 0 13 69 -4
22 63 0 0 26 98 -7
22 64 0 0 49 93 -1
22 65 0 0 42 57 -4
22 66 0 0 70 50 -5
22 67 0 0 75 17 0
22 68 0 0 100 19 -12
22 69 0 0 361 483 -40
22 70 0 0 809 478 7
22 71 0 0 924 350 22
22 76 0 0 793 262 -17
22 78 0 0 782 196 -14
22 81 0 0 767 188 -14
22 82 0 0 767 120 -15
22 84 0 0 772 107 -17
22 86 0 0 771 -16 -1
22 87 0 0 575 -290 46
22 88 0 0 61 -65 124
22 89 0 0 -60 275 -26
22 90 0 0 867 -400 -51
22 91 0 0 783 46 -12
22 93 0 0 684 12 -16
22 95 0 0 659 11 -14
22 96 0 0 710 -8 -6
22 97 0 0 722 -5 1
23 2 0 0 389 0 -7
23 3 0 0 389 -7 -4
23 4 0 0 348 0 -15
23 6 0 0 352 0 -15
23 8 0 0 353 1 -14
23 10 0 0 353 1 -14
23 12 0 0 353 0 -14
23 14 0 0 350 1 -14
23 16 0 0 372 19 -8
23 17 0 0 372 14 -7
23 18 0 0 334 -6 -1
23 19 0 0 391 1 -9
23 20 0 0 401 8 5
23 21 0 0 380 -33 -14
23 22 0 0 368 -10 -14
23 24 0 0 367 -15 -15
23 26 0 0 361 -18 -14
23 28 0 0 354 -20 -14
23 30 0 0 348 -20 -14
23 32 0 0 341 -16 -14
23 34 0 0 334 -13 -14
23 36 0 0 350 10 -8
23 37 0 0 349 8 -7
23 38 0 0 314 -7 -1
23 39 0 0 367 0 -8
23 41 0 0 248 -10 -11
23 42 0 0 248 29 -14
23 44 0 0 262 54 -14
23 46 0 0 278 83 -14
23 48 0 0 302 104 -15
23 50 0 0 333 130 -13
23 52 0 0 375 137 -19
23 54 0 0 420 168 -19
23 56 0 0 497 176 -18
23 57 0 0 537 170 -15
23 58 0 0 602 43 1
23 59 0 0 725 19 4
23 60 0 0 -61 16 -16
23 61 0 0 -11 132 -7
23 62 0 0 19 107 0
23 63 0 0 13 116 -7
23 64 0 0 74 119 1
23 65 0 0 82 71 -5
23 66 0 0 107 76 -3
23 67 0 0 76 23 -10
23 68 0 0 107 5 -19
23 69 0 0 5 497 0
23 70 0 0 907 405 1
23 71 0 0 987 262 11
23 72 0 0 860 339 -4
23 74 0 0 833 244 -6
23 86 0 0 832 77 -15
23 87 0 0 920 46 -9
23 88 0 0 145 -27 0
23 89 0 0 219 -149 0
23 90 0 0 587 -139 -9
23 91 0 0 680 7 -10
23 96 0 0 729 39 -15
23 97 0 0 705 -2 -2
24 2 0 0 408 -1 -9
24 3 0 0 407 3 -7
24 16 0 0 388 -18 -6
24 17 0 0 390 -9 -8
24 18 0 0 371 2 0
24 19 0 0 430 1 -7
24 20 0 0 441 8 -3
24 21 0 0 398 19 -2
24 36 0 0 364 -27 -6
24 37 0 0 365 -16 -7
24 38 0 0 345 1 0
24 39 0 0 402 1 -7
24 41 0 0 251 24 2
24 56 0 0 521 196 -14
24 57 0 0 614 250 -18
24 58 0 0 845 258 -24
24 59 0 0 983 96 -20
24 60 0 0 -255 17 12
24 61 0 0 -104 187 2
24 66 0 0 146 45 -4
24 67 0 0 153 10 -6
24 68 0 0 155 0 -5
24 69 0 0 147 530 -28
24 70 0 0 1038 289 -9
24 71 0 0 1035 227 18
24 78 0 0 845 183 -15
24 81 0 0 838 180 -15
24 82 0 0 837 133 -15
24 84 0 0 867 125 -19
24 86 0 0 862 51 -8
24 87 0 0 936 36 1
24 88 0 0 220 4 2
24 89 0 0 235 77 0
24 90 0 0 649 96 -3
24 91 0 0 677 53 0
24 93 0 0 727 22 -14
24 95 0 0 702 19 -15
24 96 0 0 748 -13 -6
24 97 0 0 767 -8 -3
25 2 0 0 425 0 -7
25 3 0 0 424 -7 -3
25 4 0 0 381 1 -15
25 6 0 0 385 1 -15
25 8 0 0 386 1 -14
25 10 0 0 387 1 -14
25 12 0 0 387 1 -14
25 14 0 0 384 1 -14
25 16 0 0 407 20 -8
25 17 0 0 407 14 -7
25 18 0 0 391 13 -5
25 19 0 0 430 1 -8
25 20 0 0 436 5 1
25 21 0 0 421 -35 -14
25 22 0 0 408 -14 -14
25 24 0 0 406 -21 -15
25 26 0 0 398 -26 -14
25 28 0 0 389 -28 -14
25 30 0 0 380 -27 -14
25 32 0 0 371 -23 -14
25 34 0 0 362 -18 -14
25 36 0 0 378 8 -7
25 37 0 0 377 6 -7
25 38 0 0 362 11 -4
25 39 0 0 396 0 -8
25 41 0 0 243 -8 -11
25 42 0 0 251 36 -14
25 44 0 0 266 68 -14
25 46 0 0 284 105 -14
25 48 0 0 308 134 -14
25 50 0 0 341 173 -14
25 52 0 0 377 196 -16
25 54 0 0 433 254 -25
25 56 0 0 526 314 -21
25 57 0 0 572 377 -21
25 58 0 0 552 528 -40
25 59 0 0 608 784 11
25 60 0 0 13 578 -30
25 61 0 0 -64 319 -1
25 63 0 0 85 183 -17
25 64 0 0 151 142 -18
25 66 0 0 249 70 17
25 67 0 0 221 -13 -60
25 68 0 0 341 -224 -28
25 69 0 0 626 -333 -35
25 70 0 0 1026 78 0
25 71 0 0 1040 69 10
25 72 0 0 899 249 -10
25 74 0 0 884 197 -13
25 76 0 0 847 234 -18
25 86 0 0 937 155 -20
25 87 0 0 1142 43 -23
25 88 0 0 9 12 -14
25 89 0 0 70 297 -18
25 90 0 0 1024 490 -20
25 91 0 0 778 12 -9
25 96 0 0 773 38 -16
25 97 0 0 787 -3 4
26 2 0 0 444 -1 -9
26 3 0 0 443 3 -7
26 16 0 0 424 -17 -6
26 17 0 0 424 -8 -8
26 18 0 0 405 2 0
26 19 0 0 470 2 -6
26 20 0 0 492 9 -4
26 21 0 0 440 17 -2
26 36 0 0 391 -30 -6
26 37 0 0 391 -18 -7
26 38 0 0 370 0 0
26 39 0 0 431 1 -6
26 41 0 0 242 26 2
26 56 0 0 473 306 -20
26 57 0 0 472 389 -20
26 58 0 0 478 494 -6
26 59 0 0 348 660 -7
26 60 0 0 209 631 -1
26 61 0 0 155 387 6
26 66 0 0 305 65 0
26 67 0 0 331 34 -15
26 68 0 0 487 -154 -4
26 69 0 0 691 -184 0
26 70 0 0 882 21 6
26 71 0 0 957 84 10
26 78 0 0 897 186 -14
26 81 0 0 888 181 -16
26 82 0 0 883 158 -16
26 84 0 0 883 156 -25
26 86 0 0 949 158 -19
26 87 0 0 1434 810 -87
26 88 0 0 177 193 -39
26 89 0 0 77 523 -47
26 90 0 0 1192 -112 16
26 91 0 0 874 -105 -14
26 93 0 0 763 -10 -18
26 96 0 0 802 -15 -5
26 97 0 0 815 -7 -6
27 2 0 0 461 0 -7
27 3 0 0 458 -7 -3
27 4 0 0 414 1 -15
27 6 0 0 419 1 -15
27 8 0 0 420 2 -14
27 10 0 0 421 2 -14
27 12 0 0 422 1 -14
27 14 0 0 418 1 -14
27 16 0 0 443 20 -7
27 17 0 0 442 14 -7
27 18 0 0 399 -5 0
27 19 0 0 469 1 -8
27 20 0 0 495 6 4
27 21 0 0 464 -38 -15
27 22 0 0 451 -19 -14
27 24 0 0 447 -29 -15
27 26 0 0 436 -36 -14
27 28 0 0 423 -38 -14
27 30 0 0 411 -37 -14
27 32 0 0 399 -31 -14
27 34 0 0 388 -24 -14
27 36 0 0 403 4 -7
27 37 0 0 401 4 -6
27 38 0 0 363 -8 0
27 39 0 0 422 0 -8
27 41 0 0 229 -5 -10
27 42 0 0 249 44 -14
27 44 0 0 263 81 -14
27 46 0 0 282 124 -14
27 48 0 0 304 160 -15
27 50 0 0 335 207 -12
27 52 0 0 365 237 -20
27 54 0 0 417 311 -10
27 56 0 0 447 340 -9
27 57 0 0 393 387 -1
27 58 0 0 396 486 9
27 59 0 0 339 498 6
27 60 0 0 256 490 15
27 61 0 0 229 360 22
27 63 0 0 234 292 -8
27 64 0 0 299 210 1
27 66 0 0 378 139 7
27 67 0 0 418 57 15
27 68 0 0 509 32 22
27 69 0 0 685 -58 34
27 70 0 0 746 44 24
27 71 0 0 848 75 26
27 73 0 0 863 228 -4
27 74 0 0 913 182 -1
27 76 0 0 886 222 -17
27 86 0 0 930 230 -18
27 87 0 0 753 174 -21
27 88 0 0 105 207 -33
27 89 0 0 215 -9 -32
27 90 0 0 817 -132 3
27 91 0 0 858 -101 -3
27 95 0 0 734 -38 -11
27 96 0 0 817 27 -13
27 97 0 0 782 -3 -6
28 2 0 0 480 -1 -9
28 3 0 0 477 4 -7
28 16 0 0 458 -17 -6
28 17 0 0 459 -8 -8
28 18 0 0 439 2 0
28 19 0 0 509 2 -6
28 20 0 0 548 9 -4
28 21 0 0 485 14 -3
28 36 0 0 414 -34 -6
28 37 0 0 414 -21 -7
28 38 0 0 391 0 0
28 39 0 0 457 0 -6
28 41 0 0 223 27 3
28 48 0 0 296 187 -15
28 78 0 0 949 185 -15
28 81 0 0 942 166 -16
28 86 0 0 915 140 9
28 87 0 0 805 189 3
28 88 0 0 692 153 -9
28 89 0 0 701 -65 -1
28 90 0 0 758 -132 -18
28 91 0 0 811 -61 4
28 96 0 0 823 -23 -6
28 97 0 0 842 -5 -10
29 2 0 0 496 0 -7
29 3 0 0 494 -6 -4
29 4 0 0 446 2 -15
29 6 0 0 452 2 -15
29 8 0 0 454 3 -14
29 10 0 0 455 3 -14
29 12 0 0 456 2 -14
29 14 0 0 452 2 -14
29 16 0 0 479 20 -7
29 17 0 0 477 14 -7
29 18 0 0 432 -5 0
29 19 0 0 508 1 -8
29 20 0 0 548 5 3
29 21 0 0 512 -42 -16
29 22 0 0 498 -26 -13
29 24 0 0 491 -41 -15
29 26 0 0 474 -49 -14
29 28 0 0 457 -53 -14
29 30 0 0 440 -51 -14
29 32 0 0 425 -42 -14
29 34 0 0 410 -33 -14
29 36 0 0 426 0 -6
29 37 0 0 422 1 -6
29 38 0 0 383 -9 0
29 39 0 0 445 0 -8
29 41 0 0 204 -1 -8
29 42 0 0 240 53 -15
29 44 0 0 256 95 -13
29 46 0 0 274 144 -15
29 50 0 0 326 235 -15
29 52 0 0 350 276 -16
29 54 0 0 393 331 -16
29 56 0 0 416 384 -18
29 59 0 0 407 439 -12
29 61 0 0 388 410 -4
29 63 0 0 367 328 -9
29 64 0 0 431 268 -10
29 66 0 0 539 193 -20
29 68 0 0 688 124 0
29 71 0 0 824 137 -22
29 73 0 0 853 200 -4
29 75 0 0 929 199 -9
29 76 0 0 925 216 -18
29 82 0 0 937 138 -12
29 84 0 0 901 103 -9
29 86 0 0 875 150 25
29 87 0 0 801 104 35
29 88 0 0 724 108 45
29 89 0 0 703 -100 47
29 90 0 0 736 -70 33
29 91 0 0 771 -91 33
29 93 0 0 760 -43 -3
29 95 0 0 744 -23 -14
29 96 0 0 843 25 -14
29 97 0 0 809 -3 -8
30 2 0 0 515 -1 -9
30 3 0 0 513 4 -7
30 16 0 0 496 -16 -6
30 17 0 0 494 -8 -8
30 18 0 0 472 2 0
30 19 0 0 548 2 -6
30 20 0 0 610 7 -3
30 21 0 0 535 10 -3
30 36 0 0 434 -40 -6
30 37 0 0 433 -25 -6
30 38 0 0 408 -1 0
30 39 0 0 477 0 -7
30 41 0 0 193 27 3
30 48 0 0 284 212 -15
30 79 0 0 1008 202 -15
30 81 0 0 1008 169 -17
30 96 0 0 862 -25 -4
30 97 0 0 856 -4 -11
31 2 0 0 531 1 -7
31 3 0 0 527 -7 -3
31 4 0 0 478 3 -15
31 6 0 0 485 4 -15
31 8 0 0 488 4 -14
31 10 0 0 489 4 -14
31 12 0 0 491 2 -14
31 14 0 0 486 2 -14
31 16 0 0 515 20 -7
31 17 0 0 512 14 -7
31 18 0 0 465 -5 0
31 19 0 0 547 1 -8
31 20 0 0 609 2 2
31 21 0 0 565 -47 -16
31 22 0 0 551 -36 -13
31 24 0 0 539 -57 -15
31 26 0 0 515 -69 -14
31 28 0 0 491 -72 -14
31 30 0 0 468 -70 -14
31 32 0 0 447 -57 -13
31 34 0 0 429 -45 -14
31 36 0 0 444 -6 -6
31 37 0 0 439 -2 -5
31 38 0 0 399 -10 0
31 39 0 0 462 0 -8
31 41 0 0 177 3 -8
31 42 0 0 227 57 -15
31 44 0 0 243 109 -13
31 46 0 0 260 163 -15
31 50 0 0 314 261 -14
31 52 0 0 341 304 -15
31 54 0 0 378 345 -13
31 56 0 0 398 388 -13
31 59 0 0 411 415 -11
31 61 0 0 407 415 -8
31 63 0 0 446 379 -10
31 64 0 0 510 324 -11
31 66 0 0 595 282 -9
31 68 0 0 699 247 -5
31 71 0 0 817 262 -1
31 73 0 0 877 260 -7
31 75 0 0 955 251 -10
31 76 0 0 976 241 -16
31 82 0 0 1000 124 -13
31 84 0 0 960 81 -5
31 86 0 0 936 49 -1
31 89 0 0 873 -54 -11
31 91 0 0 835 -104 -24
31 93 0 0 780 -83 -5
31 95 0 0 750 -53 -18
31 96 0 0 871 16 -12
31 97 0 0 805 -3 -2
32 2 0 0 549 -1 -9
32 3 0 0 546 5 -7
32 16 0 0 531 -17 -6
32 17 0 0 530 -9 -8
32 18 0 0 506 2 0
32 19 0 0 588 2 -6
32 20 0 0 678 4 -2
32 21 0 0 591 3 -4
32 36 0 0 450 -48 -5
32 37 0 0 446 -32 -6
32 38 0 0 420 -3 0
32 39 0 0 492 -1 -7
32 41 0 0 175 23 8
32 76 0 0 1048 269 -15
32 79 0 0 1089 216 -15
32 81 0 0 1099 158 -15
32 96 0 0 858 -36 -4
32 97 0 0 859 -4 -9
33 2 0 0 566 1 -7
33 3 0 0 560 -6 -3
33 4 0 0 509 5 -15
33 6 0 0 518 7 -15
33 8 0 0 521 7 -14
33 10 0 0 524 6 -14
33 12 0 0 526 3 -14
33 14 0 0 521 2 -14
33 16 0 0 551 19 -7
33 17 0 0 547 13 -7
33 18 0 0 498 -5 0
33 19 0 0 586 0 -8
33 20 0 0 678 -1 1
33 21 0 0 625 -55 -17
33 22 0 0 609 -51 -13
33 24 0 0 592 -80 -15
33 26 0 0 557 -96 -14
33 28 0 0 525 -100 -14
33 30 0 0 492 -95 -15
33 32 0 0 465 -76 -13
33 34 0 0 443 -61 -13
33 36 0 0 456 -15 -5
33 37 0 0 448 -10 -5
33 38 0 0 409 -11 0
33 39 0 0 468 -2 0
33 41 0 0 127 6 -3
33 42 0 0 205 62 -13
33 44 0 0 222 123 -13
33 46 0 0 242 184 -15
33 48 0 0 268 240 -14
33 50 0 0 300 292 -14
33 52 0 0 334 339 -15
33 54 0 0 373 382 -15
33 56 0 0 409 419 -16
33 59 0 0 441 444 -16
33 61 0 0 475 447 -15
33 63 0 0 518 426 -16
33 64 0 0 587 401 -15
33 66 0 0 670 375 -16
33 68 0 0 765 347 -15
33 70 0 0 864 338 -13
33 72 0 0 931 322 -14
33 74 0 0 1008 299 -14
33 82 0 0 1094 90 -13
33 84 0 0 1053 9 -5
33 86 0 0 998 -49 2
33 89 0 0 911 -104 9
33 91 0 0 852 -117 -2
33 93 0 0 787 -90 -7
33 95 0 0 748 -57 -13
33 96 0 0 871 8 -12
33 97 0 0 809 -4 -4
34 2 0 0 583 0 -9
34 3 0 0 577 6 -7
34 16 0 0 569 -14 -7
34 17 0 0 564 -9 -7
34 18 0 0 539 2 0
34 19 0 0 627 1 -5
34 20 0 0 757 0 -1
34 21 0 0 656 -5 -6
34 36 0 0 459 -58 -3
34 37 0 0 452 -40 -5
34 38 0 0 425 -4 0
34 39 0 0 499 -3 -7
34 41 0 0 113 23 3
34 52 0 0 322 376 -14
34 54 0 0 366 420 -14
34 57 0 0 409 456 -15
34 59 0 0 455 481 -15
34 61 0 0 501 493 -15
34 63 0 0 562 489 -15
34 65 0 0 635 476 -15
34 67 0 0 719 460 -15
34 68 0 0 810 440 -15
34 70 0 0 907 426 -15
34 72 0 0 987 402 -15
34 74 0 0 1071 367 -15
34 77 0 0 1128 322 -15
34 79 0 0 1182 253 -15
34 81 0 0 1201 172 -15
34 83 0 0 1209 75 -15
34 85 0 0 1153 -33 -14
34 87 0 0 1094 -127 -15
34 89 0 0 963 -199 -10
34 96 0 0 862 -53 0
34 97 0 0 846 -6 -11
35 2 0 0 599 1 -7
35 3 0 0 592 -4 -3
35 4 0 0 539 8 -15
35 6 0 0 551 11 -15
35 8 0 0 556 10 -14
35 10 0 0 560 9 -14
35 12 0 0 562 4 -14
35 14 0 0 557 2 -15
35 16 0 0 587 20 -7
35 17 0 0 582 13 -7
35 18 0 0 530 -5 0
35 19 0 0 625 0 -8
35 20 0 0 757 -10 0
35 21 0 0 699 -66 -17
35 22 0 0 682 -74 -14
35 24 0 0 652 -113 -15
35 26 0 0 603 -135 -14
35 28 0 0 557 -136 -14
35 30 0 0 514 -129 -15
35 32 0 0 478 -102 -12
35 34 0 0 450 -81 -14
35 36 0 0 461 -26 -3
35 37 0 0 450 -19 -5
35 38 0 0 411 -13 0
35 39 0 0 473 -2 -7
35 41 0 0 126 0 -10
35 42 0 0 176 63 -18
35 44 0 0 196 139 -14
35 46 0 0 216 207 -15
35 48 0 0 246 270 -14
35 50 0 0 283 326 -14
35 91 0 0 874 -203 -15
35 93 0 0 779 -157 -14
35 95 0 0 729 -109 -16
35 96 0 0 847 -13 -4
35 97 0 0 785 -8 -17
36 2 0 0 617 0 -9
36 3 0 0 607 8 -7
36 16 0 0 605 -16 -6
36 17 0 0 600 -11 -7
36 18 0 0 571 2 0
36 19 0 0 666 0 -5
36 20 0 0 803 0 4
36 21 0 0 735 -19 -9
36 36 0 0 461 -71 -3
36 37 0 0 450 -50 -5
36 38 0 0 420 -7 0
36 39 0 0 495 -4 -6
36 41 0 0 110 20 0
36 77 0 0 1233 380 -14
36 79 0 0 1307 289 -13
36 81 0 0 1350 183 -13
36 83 0 0 1371 40 -12
36 85 0 0 1332 -107 -10
36 96 0 0 820 -73 4
36 97 0 0 792 -9 -10
37 2 0 0 629 2 -7
37 3 0 0 622 -1 -3
37 4 0 0 567 15 -15
37 6 0 0 582 18 -15
37 8 0 0 591 17 -14
37 10 0 0 597 13 -14
37 12 0 0 600 6 -14
37 14 0 0 593 1 -15
37 16 0 0 623 15 -6
37 17 0 0 616 9 -7
37 18 0 0 561 -6 0
37 19 0 0 662 0 -8
37 20 0 0 839 -7 -12
37 21 0 0 789 -86 -20
37 22 0 0 762 -111 -15
37 24 0 0 723 -164 -16
37 26 0 0 644 -189 -13
37 28 0 0 586 -188 -14
37 30 0 0 526 -174 -15
37 32 0 0 482 -137 -12
37 34 0 0 447 -108 -13
37 36 0 0 453 -42 0
37 37 0 0 442 -31 -5
37 38 0 0 404 -16 0
37 39 0 0 461 -3 -6
37 41 0 0 100 8 -1
37 42 0 0 133 62 -15
37 44 0 0 154 157 -14
37 46 0 0 183 233 -15
37 48 0 0 218 305 -14
37 50 0 0 261 367 -14
37 52 0 0 308 422 -14
37 54 0 0 360 469 -14
37 56 0 0 413 508 -15
37 59 0 0 471 537 -15
37 61 0 0 532 554 -15
37 63 0 0 602 559 -15
37 65 0 0 682 557 -15
37 67 0 0 771 548 -15
37 68 0 0 866 533 -15
37 70 0 0 967 514 -15
37 72 0 0 1059 485 -15
37 75 0 0 1155 439 -14
37 87 0 0 1240 -237 -6
37 89 0 0 1054 -319 -10
37 91 0 0 884 -296 -13
37 93 0 0 763 -230 -11
37 95 0 0 687 -145 -10
37 96 0 0 801 -28 -1
37 97 0 0 719 -13 -24
38 2 0 0 645 1 -10
38 3 0 0 634 11 -6
38 16 0 0 642 -16 -7
38 17 0 0 631 -15 -7
38 18 0 0 598 0 0
38 19 0 0 701 0 -6
38 20 0 0 989 -19 -2
38 21 0 0 847 -41 -18
38 36 0 0 449 -88 0
38 37 0 0 435 -62 -4
38 38 0 0 402 -10 0
38 39 0 0 478 -6 -6
38 41 0 0 90 23 5
38 81 0 0 1506 233 -13
38 82 0 0 1561 53 -15
38 84 0 0 1477 -162 -11
38 86 0 0 1352 -396 -18
38 89 0 0 1071 -542 -10
38 91 0 0 852 -497 -22
38 93 0 0 688 -362 -17
38 95 0 0 598 -249 -12
38 96 0 0 721 -123 28
38 97 0 0 714 -14 -7
39 2 0 0 657 4 -8
39 3 0 0 645 4 -3
39 4 0 0 588 24 -15
39 6 0 0 617 29 -14
39 8 0 0 627 26 -14
39 10 0 0 640 17 -15
39 12 0 0 639 5 -13
39 14 0 0 635 -3 -16
39 16 0 0 654 13 -7
39 17 0 0 644 5 -6
39 18 0 0 586 -8 0
39 19 0 0 695 0 -9
39 20 0 0 1008 -23 -6
39 21 0 0 938 -130 -23
39 22 0 0 880 -171 -20
39 24 0 0 804 -235 -16
39 26 0 0 694 -270 -13
39 28 0 0 610 -254 -13
39 30 0 0 533 -232 -15
39 32 0 0 475 -178 -11
39 34 0 0 433 -140 -13
39 36 0 0 430 -63 4
39 37 0 0 420 -45 -4
39 38 0 0 384 -19 0
39 39 0 0 434 -4 -5
39 41 0 0 37 16 3
39 42 0 0 87 90 -16
39 44 0 0 105 182 -13
39 46 0 0 143 270 -15
39 48 0 0 184 347 -14
39 50 0 0 234 415 -14
39 52 0 0 289 474 -14
39 54 0 0 348 525 -14
39 56 0 0 410 568 -14
39 59 0 0 477 601 -14
39 61 0 0 548 625 -14
39 63 0 0 628 639 -14
39 65 0 0 715 645 -14
39 67 0 0 810 644 -14
39 69 0 0 912 635 -14
39 71 0 0 1021 618 -14
39 73 0 0 1128 590 -14
39 75 0 0 1241 541 -14
39 77 0 0 1340 473 -14
39 79 0 0 1443 369 -14
39 96 0 0 631 -95 17
39 97 0 0 620 -22 -29
40 2 0 0 666 5 -9
40 3 0 0 654 16 -6
40 16 0 0 675 -26 -6
40 17 0 0 658 -27 -6
40 18 0 0 622 -1 -1
40 19 0 0 732 0 -8
40 20 0 0 1148 -39 2
40 21 0 0 1028 -85 -22
40 36 0 0 420 -110 2
40 37 0 0 403 -78 -3
40 38 0 0 370 -14 0
40 39 0 0 444 -7 -7
40 41 0 0 31 27 6
40 81 0 0 1734 292 -11
40 82 0 0 1839 24 -11
40 84 0 0 1850 -262 -20
40 86 0 0 1708 -597 -43
40 89 0 0 1216 -840 -56
40 91 0 0 775 -689 -55
40 93 0 0 584 -492 -31
40 95 0 0 471 -311 -16
40 96 0 0 553 -158 13
40 97 0 0 558 -23 -6
41 2 0 0 673 8 -8
41 3 0 0 662 14 -2
41 4 0 0 610 45 -15
41 6 0 0 646 51 -13
41 8 0 0 670 39 -14
41 10 0 0 685 24 -14
41 12 0 0 687 6 -13
41 14 0 0 676 -15 -13
41 16 0 0 681 0 -7
41 17 0 0 666 -11 -6
41 18 0 0 606 -12 0
41 19 0 0 719 -2 -10
41 20 0 0 1205 -42 -1
41 21 0 0 1113 -184 -19
41 22 0 0 1001 -256 -23
41 24 0 0 895 -354 -17
41 26 0 0 724 -382 -13
41 28 0 0 616 -350 -14
41 30 0 0 516 -309 -15
41 32 0 0 450 -234 -10
41 34 0 0 401 -180 -13
41 36 0 0 389 -84 5
41 37 0 0 379 -58 -2
41 38 0 0 348 -23 0
41 39 0 0 389 -6 -5
41 41 0 0 -46 24 8
41 42 0 0 22 112 -14
41 44 0 0 51 211 -13
41 46 0 0 92 309 -15
41 48 0 0 142 395 -14
41 50 0 0 202 470 -14
41 52 0 0 265 535 -14
41 54 0 0 333 590 -14
41 56 0 0 405 637 -15
41 59 0 0 480 675 -14
41 61 0 0 561 705 -14
41 63 0 0 648 726 -14
41 65 0 0 743 739 -14
41 67 0 0 847 745 -14
41 69 0 0 958 743 -14
41 71 0 0 1079 730 -14
41 73 0 0 1204 704 -14
41 75 0 0 1339 651 -13
41 77 0 0 1474 580 -12
41 79 0 0 1616 448 -11
41 96 0 0 449 -131 12
41 97 0 0 443 -23 -18
42 2 0 0 675 9 -9
42 3 0 0 665 33 -4
42 16 0 0 706 -43 -4
42 17 0 0 675 -64 -5
42 18 0 0 629 -7 -1
42 19 0 0 741 -2 -8
42 20 0 0 1344 -146 -17
42 21 0 0 1254 -176 -28
42 36 0 0 373 -130 5
42 37 0 0 350 -101 -2
42 38 0 0 318 -21 0
42 39 0 0 391 -9 -8
42 41 0 0 -63 30 11
42 81 0 0 1980 445 -2
42 82 0 0 2186 116 -14
42 84 0 0 2130 -375 -13
42 86 0 0 1876 -805 -30
42 87 0 0 1696 -981 -18
42 88 0 0 1370 -1166 -27
42 89 0 0 945 -959 -23
42 90 0 0 729 -903 -19
42 91 0 0 562 -757 -39
42 92 0 0 450 -643 -17
42 93 0 0 381 -493 -25
42 94 0 0 320 -404 -9
42 95 0 0 301 -281 -3
42 96 0 0 340 -196 10
42 97 0 0 321 -33 11
43 2 0 0 664 17 -7
43 3 0 0 649 39 0
43 4 0 0 608 75 -10
43 6 0 0 689 82 -11
43 8 0 0 717 65 -12
43 10 0 0 742 33 -14
43 12 0 0 741 2 -12
43 14 0 0 727 -38 -15
43 16 0 0 714 -36 -1
43 17 0 0 669 -41 -8
43 18 0 0 596 -27 -5
43 19 0 0 698 0 -9
43 20 0 0 1451 -134 -11
43 21 0 0 1374 -366 -33
43 22 0 0 1214 -405 -39
43 24 0 0 1010 -513 -15
43 26 0 0 757 -530 -12
43 28 0 0 609 -460 -11
43 30 0 0 488 -398 -14
43 32 0 0 406 -292 -8
43 34 0 0 353 -221 -12
43 36 0 0 334 -107 6
43 37 0 0 313 -73 -1
43 38 0 0 292 -29 0
43 39 0 0 323 -7 -6
43 41 0 0 -147 31 28
43 42 0 0 -48 129 -13
43 44 0 0 -14 248 -13
43 46 0 0 33 359 -15
43 48 0 0 94 454 -14
43 50 0 0 162 535 -14
43 52 0 0 237 605 -14
43 54 0 0 314 665 -14
43 56 0 0 394 715 -15
43 58 0 0 477 758 -14
43 61 0 0 565 793 -14
43 63 0 0 660 821 -14
43 65 0 0 762 843 -14
43 67 0 0 873 859 -14
43 69 0 0 994 867 -14
43 71 0 0 1126 865 -14
43 73 0 0 1269 851 -14
43 75 0 0 1429 812 -14
43 77 0 0 1597 749 -13
43 79 0 0 1795 628 -10
43 86 0 0 2299 -958 -61
43 87 0 0 2069 -1495 -100
43 88 0 0 1358 -1777 -99
43 89 0 0 806 -1558 -102
43 90 0 0 527 -1187 -49
43 91 0 0 381 -999 -49
43 92 0 0 289 -778 -34
43 93 0 0 224 -577 -31
43 94 0 0 208 -467 -22
43 95 0 0 170 -294 -8
43 96 0 0 226 -220 1
43 97 0 0 213 -35 7
44 2 0 0 639 18 -8
44 3 0 0 642 59 0
44 4 0 0 616 156 -12
44 6 0 0 719 138 -7
44 8 0 0 783 84 -13
44 11 0 0 813 48 -15
44 16 0 0 747 -114 2
44 17 0 0 693 -112 -4
44 18 0 0 638 29 -5
44 19 0 0 730 -2 -17
44 20 0 0 1922 -291 -22
44 21 0 0 1554 -459 -48
44 36 0 0 308 -155 10
44 37 0 0 278 -111 -1
44 38 0 0 244 -24 1
44 39 0 0 313 -11 -8
44 41 0 0 -208 33 23
44 77 0 0 1723 942 -10
44 79 0 0 1986 811 -5
44 81 0 0 2276 658 -8
44 83 0 0 2744 278 3
44 84 0 0 3139 -240 -68
44 86 0 0 2761 -1005 -118
44 87 0 0 3100 -1832 -160
44 88 0 0 868 -3132 45
44 89 0 0 311 -2061 -11
44 90 0 0 135 -1402 -11
44 91 0 0 115 -1163 7
44 92 0 0 65 -817 -8
44 93 0 0 43 -708 -1
44 94 0 0 34 -457 -1
44 95 0 0 27 -356 -6
44 96 0 0 39 -166 0
44 97 0 0 75 -24 5
45 2 0 0 612 19 -6
45 3 0 0 597 73 6
45 12 0 0 822 -3 -13
45 14 0 0 794 -79 -14
45 16 0 0 795 -110 3
45 17 0 0 664 -214 2
45 18 0 0 303 6 -69
45 19 0 0 540 -54 -131
45 20 0 0 2334 -806 109
45 21 0 0 1595 -748 -43
45 23 0 0 1362 -695 -43
45 24 0 0 1088 -809 -18
45 26 0 0 723 -782 -14
45 28 0 0 548 -635 -15
45 30 0 0 410 -514 -17
45 32 0 0 329 -370 -10
45 34 0 0 277 -268 -11
45 36 0 0 243 -138 9
45 37 0 0 223 -85 -1
45 38 0 0 219 -32 0
45 39 0 0 229 -7 -6
45 41 0 0 -302 38 35
45 42 0 0 -147 156 -8
45 44 0 0 -98 289 -13
45 46 0 0 -39 418 -15
45 48 0 0 36 522 -13
45 50 0 0 117 609 -14
45 52 0 0 202 683 -14
45 54 0 0 290 747 -14
45 56 0 0 379 801 -15
45 58 0 0 470 847 -15
45 61 0 0 564 888 -14
45 63 0 0 665 923 -14
45 65 0 0 773 953 -14
45 67 0 0 890 977 -14
45 69 0 0 1019 997 -14
45 71 0 0 1163 1006 -14
45 73 0 0 1324 1009 -14
45 75 0 0 1510 981 -12
45 86 0 0 3853 -875 -146
45 87 0 0 2411 -1862 97
45 88 0 0 -1913 780 7
46 2 0 0 554 32 -8
46 3 0 0 565 138 16
46 4 0 0 560 286 -20
46 7 0 0 816 242 -30
46 9 0 0 858 145 -11
46 11 0 0 900 64 -17
46 16 0 0 897 -235 10
46 17 0 0 828 -353 4
46 18 0 0 873 -637 -14
46 19 0 0 1117 -1084 -27
46 20 0 0 1659 -886 -12
46 21 0 0 1566 -720 -44
46 24 0 0 1182 -1148 -52
46 36 0 0 213 -171 12
46 37 0 0 187 -117 0
46 38 0 0 153 -26 3
46 39 0 0 210 -10 -7
46 41 0 0 -385 25 20
46 46 0 0 -122 494 -16
46 77 0 0 1818 1232 -14
46 79 0 0 2136 1195 -9
46 81 0 0 2562 1166 3
46 83 0 0 3114 893 8
46 85 0 0 3965 909 -28
46 86 0 0 4669 -112 -77
46 87 0 0 4258 -962 -15
47 2 0 0 464 35 -11
47 3 0 0 422 180 5
47 12 0 0 927 -7 -7
47 14 0 0 937 -122 0
47 16 0 0 958 -195 37
47 17 0 0 984 -386 53
47 18 0 0 1086 -558 46
47 19 0 0 1281 -870 35
47 20 0 0 1550 -826 -1
47 21 0 0 1598 -826 -29
47 22 0 0 1530 -909 -53
47 26 0 0 646 -1046 -48
47 28 0 0 416 -784 -25
47 30 0 0 295 -614 -22
47 32 0 0 223 -425 -13
47 34 0 0 177 -305 -18
47 36 0 0 123 -169 3
47 37 0 0 115 -104 -5
47 38 0 0 133 -33 1
47 39 0 0 123 -5 -7
47 41 0 0 -453 39 28
47 42 0 0 -260 177 -8
47 44 0 0 -194 349 -14
47 48 0 0 -27 608 -13
47 50 0 0 68 699 -14
47 52 0 0 166 774 -14
47 54 0 0 263 839 -14
47 56 0 0 361 895 -14
47 58 0 0 458 944 -15
47 60 0 0 557 989 -14
47 63 0 0 662 1031 -14
47 65 0 0 773 1069 -14
47 67 0 0 895 1106 -14
47 69 0 0 1029 1140 -14
47 71 0 0 1181 1171 -14
47 73 0 0 1355 1200 -14
47 75 0 0 1562 1216 -14
47 86 0 0 4923 893 -19
47 87 0 0 4651 -21 41
48 2 0 0 232 26 -21
48 3 0 0 337 254 -15
48 4 0 0 351 365 -12
48 5 0 0 727 517 -64
48 6 0 0 996 433 -3
48 7 0 0 893 337 -12
48 9 0 0 1015 163 -20
48 11 0 0 1031 123 -21
48 22 0 0 1754 -963 -70
48 23 0 0 1660 -1008 -80
48 24 0 0 1506 -1426 -92
48 25 0 0 873 -1511 -47
48 26 0 0 602 -1318 -44
48 27 0 0 365 -1162 -25
48 28 0 0 310 -949 -23
48 29 0 0 174 -848 -21
48 30 0 0 217 -702 -20
48 31 0 0 112 -597 -18
48 32 0 0 168 -495 -19
48 33 0 0 80 -406 -8
48 34 0 0 132 -334 -17
48 35 0 0 69 -245 -2
48 36 0 0 112 -191 -8
48 37 0 0 85 -117 -5
48 38 0 0 58 -27 2
48 39 0 0 95 -6 -8
48 41 0 0 -553 35 4
48 44 0 0 -324 419 -9
48 46 0 0 -221 588 -12
48 48 0 0 -99 710 -14
48 79 0 0 2120 1635 -18
48 81 0 0 2575 1794 -21
48 83 0 0 3094 1934 6
48 85 0 0 4034 2184 -19
48 86 0 0 4686 1953 -42
48 87 0 0 5610 2056 284
49 2 0 0 142 39 -1
49 3 0 0 84 255 -1
49 4 0 0 126 629 -5
49 5 0 0 512 912 -46
49 6 0 0 1022 410 31
49 7 0 0 1063 208 -35
49 12 0 0 1070 41 -9
49 14 0 0 1126 -58 6
49 16 0 0 1283 -204 -4
49 18 0 0 1520 -560 9
49 20 0 0 1744 -751 -22
49 22 0 0 2039 -1000 -79
49 23 0 0 2094 -1323 -95
49 24 0 0 1939 -1868 -46
49 25 0 0 400 -2187 -14
49 26 0 0 326 -1470 -13
49 27 0 0 95 -1341 -14
49 28 0 0 43 -1034 -10
49 29 0 0 124 -919 -17
49 30 0 0 44 -746 -5
49 31 0 0 16 -681 -1
49 32 0 0 0 -486 -5
49 33 0 0 16 -443 8
49 34 0 0 0 -318 -5
49 35 0 0 11 -279 10
49 36 0 0 11 -172 -4
49 37 0 0 15 -134 -14
49 38 0 0 7 -29 -16
49 39 0 0 20 -14 -7
49 41 0 0 -587 22 -27
49 42 0 0 -432 199 -8
49 50 0 0 17 801 -14
49 52 0 0 129 875 -14
49 54 0 0 235 938 -14
49 56 0 0 341 994 -14
49 58 0 0 443 1045 -14
49 60 0 0 545 1093 -14
49 63 0 0 651 1140 -14
49 65 0 0 764 1187 -14
49 67 0 0 886 1234 -14
49 69 0 0 1020 1284 -14
49 71 0 0 1171 1335 -14
49 73 0 0 1344 1395 -15
49 75 0 0 1549 1455 -15
49 77 0 0 1803 1544 -20
49 86 0 0 4240 2889 -77
49 87 0 0 5788 3649 301
50 2 0 0 23 -70 -13
50 3 0 0 -11 -225 12
50 4 0 0 -63 -181 48
50 5 0 0 830 288 -361
50 6 0 0 1768 154 67
50 7 0 0 1344 -53 -21
50 9 0 0 1059 76 -21
50 11 0 0 1094 12 -20
50 22 0 0 2446 -748 -109
50 23 0 0 3010 -665 -185
50 24 0 0 813 -631 -202
50 25 0 0 -118 -891 -53
50 26 0 0 -6 -456 8
50 27 0 0 11 -264 -4
50 28 0 0 -4 -188 -8
50 29 0 0 11 -174 -8
50 30 0 0 4 -127 -11
50 31 0 0 5 -134 -9
50 32 0 0 0 -111 -5
50 33 0 0 13 -99 0
50 34 0 0 -3 -63 9
50 35 0 0 7 -60 -1
50 36 0 0 -9 -46 -7
50 37 0 0 5 -27 -3
50 38 0 0 1 -4 -6
50 39 0 0 0 -3 -6
50 41 0 0 -608 -6 -23
50 42 0 0 -614 232 -19
50 44 0 0 -484 566 2
50 46 0 0 -331 734 -4
50 48 0 0 -167 847 -14
50 50 0 0 -27 924 -15
50 81 0 0 2347 2216 -35
50 83 0 0 2792 2642 1
50 85 0 0 3323 3016 -139
50 86 0 0 3459 3601 -125
50 87 0 0 4695 4884 -34
51 2 0 0 113 -16 -15
51 3 0 0 67 -142 0
51 4 0 0 -73 -292 -52
51 5 0 0 138 -552 -230
51 6 0 0 1137 -362 122
51 7 0 0 1319 -124 -1
51 12 0 0 1158 81 -14
51 14 0 0 1239 17 -3
51 16 0 0 1427 -30 9
51 18 0 0 1676 -153 14
51 20 0 0 2103 -236 -32
51 22 0 0 2503 0 -101
51 23 0 0 3075 191 -191
51 24 0 0 1496 937 298
51 25 0 0 -386 -763 -137
51 26 0 0 -49 -288 7
51 27 0 0 -88 -267 -4
51 28 0 0 0 -181 -2
51 29 0 0 -20 -179 -8
51 30 0 0 5 -140 -1
51 31 0 0 -6 -134 -2
51 32 0 0 4 -103 -5
51 33 0 0 -2 -103 -15
51 34 0 0 -2 -91 -8
51 35 0 0 1 -60 -12
51 36 0 0 1 -43 -3
51 37 0 0 0 -36 -13
51 38 0 0 0 -8 -12
51 39 0 0 0 -3 -7
51 41 0 0 -612 -33 -35
51 52 0 0 97 990 -15
51 54 0 0 210 1046 -14
51 56 0 0 321 1099 -14
51 58 0 0 426 1150 -14
51 60 0 0 528 1200 -14
51 63 0 0 634 1251 -14
51 65 0 0 745 1305 -14
51 67 0 0 864 1363 -14
51 69 0 0 994 1426 -14
51 71 0 0 1137 1496 -14
51 73 0 0 1301 1580 -14
51 75 0 0 1489 1677 -15
51 77 0 0 1716 1809 -18
51 79 0 0 1985 1978 -17
51 86 0 0 3255 4032 -139
51 87 0 0 3803 4901 -166
52 2 0 0 260 -16 9
52 3 0 0 290 -165 -13
52 4 0 0 396 -353 -13
52 5 0 0 611 -550 -1
52 6 0 0 935 -380 19
52 7 0 0 1107 -105 -1
52 22 0 0 2424 267 -54
52 23 0 0 2751 320 -120
52 24 0 0 1962 839 43
52 25 0 0 306 238 13
52 26 0 0 28 -170 -30
52 27 0 0 8 -162 -12
52 28 0 0 -39 -185 -7
52 29 0 0 14 -162 -10
52 30 0 0 -15 -148 -2
52 31 0 0 8 -133 -8
52 32 0 0 -9 -121 -5
52 33 0 0 5 -95 -10
52 34 0 0 -1 -84 -5
52 35 0 0 3 -61 -8
52 36 0 0 0 -48 -7
52 37 0 0 -2 -30 -8
52 38 0 0 0 -8 -2
52 39 0 0 1 -5 -4
52 41 0 0 -581 -243 -47
52 42 0 0 -878 190 -55
52 43 0 0 -993 568 22
52 44 0 0 -741 826 -6
52 46 0 0 -438 929 2
52 48 0 0 -219 1006 -11
52 50 0 0 -59 1060 -15
52 52 0 0 74 1111 -15
52 86 0 0 2498 4152 -129
52 87 0 0 2920 5135 -123
53 2 0 0 380 -79 -24
53 3 0 0 504 -165 -7
53 4 0 0 506 -235 7
53 5 0 0 633 -330 24
53 6 0 0 780 -243 27
53 7 0 0 912 -125 24
53 9 0 0 948 53 -11
53 11 0 0 1080 72 -12
53 12 0 0 1155 171 -17
53 14 0 0 1292 173 -15
53 16 0 0 1478 196 -7
53 18 0 0 1770 213 -10
53 20 0 0 2133 205 -30
53 22 0 0 2409 443 -38
53 23 0 0 2649 372 -63
53 24 0 0 1642 299 25
53 25 0 0 613 -369 -22
53 26 0 0 54 -257 -4
53 27 0 0 38 -198 -6
53 28 0 0 39 -254 -5
53 29 0 0 9 -157 -14
53 30 0 0 1 -160 -7
53 31 0 0 3 -132 -9
53 32 0 0 3 -116 -7
53 33 0 0 2 -94 -8
53 34 0 0 0 -79 -6
53 35 0 0 -2 -59 -6
53 36 0 0 -1 -52 -7
53 37 0 0 8 -29 -3
53 38 0 0 0 -9 -14
53 39 0 0 0 -2 -10
53 40 0 0 -606 -224 -41
53 41 0 0 -156 -276 -41
53 42 0 0 -1457 354 -72
53 43 0 0 -1184 623 -8
53 54 0 0 191 1158 -14
53 56 0 0 303 1205 -14
53 58 0 0 409 1254 -14
53 60 0 0 509 1305 -14
53 63 0 0 611 1359 -14
53 65 0 0 717 1419 -14
53 67 0 0 830 1484 -13
53 69 0 0 951 1559 -13
53 71 0 0 1082 1643 -13
53 73 0 0 1228 1746 -13
53 75 0 0 1390 1869 -13
53 77 0 0 1577 2034 -14
53 79 0 0 1788 2241 -12
53 81 0 0 2034 2548 -24
53 83 0 0 2346 2976 0
53 85 0 0 2424 3594 -136
53 86 0 0 2290 4314 -130
53 87 0 0 2104 5104 -65
54 2 0 0 542 4 2
54 3 0 0 522 -28 0
54 22 0 0 2492 591 -23
54 23 0 0 2975 617 -39
54 24 0 0 3757 60 -9
54 25 0 0 256 -1023 -31
54 26 0 0 31 -184 -11
54 37 0 0 -2 -17 -18
54 38 0 0 2 -9 -9
54 39 0 0 0 -2 -9
54 40 0 0 200 1269 -374
54 41 0 0 -1530 1979 -190
54 42 0 0 -1807 1348 -52
54 43 0 0 -1318 1156 -1
54 44 0 0 -793 1268 -8
54 46 0 0 -442 1213 -1
54 48 0 0 -223 1209 -11
54 50 0 0 -62 1218 -16
54 52 0 0 69 1242 -16
54 54 0 0 183 1273 -15
54 86 0 0 1700 4297 -101
54 87 0 0 1558 4706 -43
55 2 0 0 536 -21 -14
55 3 0 0 589 -77 -12
55 5 0 0 654 -110 -5
55 7 0 0 809 -48 -15
55 9 0 0 895 72 0
55 11 0 0 1024 172 -16
55 12 0 0 1132 288 -19
55 14 0 0 1278 341 -20
55 16 0 0 1462 457 -15
55 18 0 0 1728 515 -20
55 20 0 0 2035 767 -52
55 22 0 0 2452 1131 -19
55 23 0 0 2835 1354 -110
55 24 0 0 3624 2261 -272
55 25 0 0 3734 2299 -204
55 26 0 0 -627 754 -262
55 27 0 0 -492 1036 -202
55 28 0 0 -409 1602 -93
55 29 0 0 -283 2000 -18
55 30 0 0 -116 2251 -20
55 31 0 0 -34 2350 -11
55 32 0 0 6 2442 -13
55 33 0 0 10 2454 -15
55 34 0 0 4 2500 2
55 35 0 0 -31 2505 12
55 36 0 0 -35 2548 12
55 37 0 0 -32 2577 -14
55 38 0 0 -29 2706 -10
55 39 0 0 -71 2793 -22
55 40 0 0 -443 3259 -23
55 41 0 0 -1643 3056 -103
55 42 0 0 -1217 2005 -53
55 43 0 0 -964 1581 0
55 56 0 0 291 1311 -14
55 58 0 0 392 1356 -14
55 60 0 0 488 1406 -14
55 63 0 0 584 1462 -13
55 65 0 0 684 1526 -13
55 67 0 0 788 1597 -13
55 69 0 0 897 1679 -13
55 71 0 0 1013 1773 -13
55 73 0 0 1137 1887 -12
55 75 0 0 1268 2024 -12
55 77 0 0 1409 2202 -12
55 79 0 0 1552 2426 -10
55 81 0 0 1699 2734 -15
55 83 0 0 1840 3141 0
55 85 0 0 1718 3733 -111
55 86 0 0 1564 4211 -99
55 87 0 0 1475 4582 -43
56 2 0 0 661 18 7
56 3 0 0 628 3 -4
56 22 0 0 2119 1393 -14
56 23 0 0 2247 1714 -138
56 24 0 0 2631 2627 -20
56 25 0 0 1988 3297 56
56 26 0 0 285 3137 37
56 27 0 0 -153 2441 34
56 29 0 0 -264 2152 18
56 31 0 0 -145 2205 29
56 32 0 0 -31 2172 16
56 34 0 0 -39 2260 -31
56 36 0 0 -67 2286 -17
56 37 0 0 -69 2297 -25
56 38 0 0 -126 2318 -54
56 39 0 0 -231 2416 -56
56 40 0 0 -494 2472 -59
56 41 0 0 -917 2298 -72
56 42 0 0 -853 2006 -77
56 43 0 0 -700 1733 -34
56 48 0 0 -159 1379 -11
56 50 0 0 -25 1356 -15
56 52 0 0 87 1360 -16
56 54 0 0 188 1379 -14
56 56 0 0 286 1409 -14
56 58 0 0 378 1450 -13
56 60 0 0 467 1501 -13
56 63 0 0 555 1558 -13
56 65 0 0 646 1624 -13
56 67 0 0 740 1699 -13
56 69 0 0 837 1784 -13
56 71 0 0 936 1883 -12
56 73 0 0 1037 2001 -12
56 75 0 0 1137 2141 -11
56 77 0 0 1235 2318 -11
56 79 0 0 1322 2535 -9
56 86 0 0 1122 3988 -70
56 87 0 0 1067 4255 1
57 2 0 0 633 0 -6
57 3 0 0 652 -38 -12
57 5 0 0 650 -17 -13
57 7 0 0 747 64 -9
57 9 0 0 813 180 -9
57 11 0 0 931 314 -15
57 12 0 0 1068 441 -17
57 14 0 0 1199 528 -20
57 16 0 0 1361 682 -15
57 18 0 0 1544 850 -25
57 20 0 0 1743 1168 -51
57 22 0 0 1878 1468 -38
57 23 0 0 1757 1854 -121
57 24 0 0 1871 2423 -72
57 25 0 0 1420 3207 -3
57 26 0 0 418 3162 25
57 27 0 0 119 2793 5
57 36 0 0 -33 2266 -19
57 37 0 0 -71 2260 -46
57 38 0 0 -126 2288 -44
57 39 0 0 -209 2325 -38
57 40 0 0 -359 2345 -21
57 41 0 0 -466 2208 -43
57 42 0 0 -518 1976 -41
57 43 0 0 -510 1802 -10
57 45 0 0 -491 1554 -8
57 47 0 0 -322 1430 -6
57 81 0 0 1388 2815 -9
57 83 0 0 1415 3163 1
57 85 0 0 1230 3611 -77
57 86 0 0 1073 3910 -67
57 87 0 0 942 4100 -15
58 2 0 0 716 34 7
58 3 0 0 669 36 0
58 5 0 0 647 39 -16
58 7 0 0 681 114 -19
58 8 0 0 719 269 -21
58 10 0 0 831 435 -20
58 13 0 0 1002 563 -19
58 15 0 0 1114 645 -20
58 17 0 0 1221 804 -17
58 27 0 0 384 2615 1
58 29 0 0 125 2256 0
58 31 0 0 33 2173 -7
58 32 0 0 -16 2160 -7
58 34 0 0 -25 2197 -18
58 36 0 0 -80 2198 -34
58 38 0 0 -195 2196 -49
58 50 0 0 26 1469 -15
58 52 0 0 116 1461 -15
58 54 0 0 200 1471 -14
58 56 0 0 285 1497 -13
58 58 0 0 365 1537 -13
58 61 0 0 444 1586 -13
58 63 0 0 524 1645 -13
58 65 0 0 605 1712 -13
58 67 0 0 689 1789 -13
58 69 0 0 773 1876 -12
58 71 0 0 857 1974 -12
58 73 0 0 936 2089 -11
58 75 0 0 1010 2224 -11
58 77 0 0 1072 2388 -10
58 79 0 0 1114 2582 -8
58 81 0 0 1125 2821 -6
58 83 0 0 1091 3096 0
58 86 0 0 735 3639 -58
58 87 0 0 677 3810 1
59 2 0 0 673 18 -2
59 3 0 0 657 -7 -5
59 18 0 0 1325 979 -19
59 20 0 0 1406 1300 -40
59 22 0 0 1389 1636 -23
59 24 0 0 1120 2320 -33
59 41 0 0 -343 2093 -45
59 43 0 0 -365 1884 -19
59 45 0 0 -309 1711 -6
59 47 0 0 -191 1578 -2
59 48 0 0 -75 1505 -11
59 85 0 0 897 3420 -62
59 86 0 0 762 3619 -56
59 87 0 0 632 3700 -12
60 2 0 0 709 27 7
60 3 0 0 654 47 0
60 5 0 0 626 34 -25
60 6 0 0 582 135 -34
60 8 0 0 576 339 -31
60 10 0 0 709 588 -39
60 13 0 0 934 688 -27
60 15 0 0 1035 743 -21
60 17 0 0 1094 870 -16
60 22 0 0 1074 1603 -22
60 24 0 0 888 2002 -19
60 27 0 0 412 2152 10
60 29 0 0 208 2086 4
60 31 0 0 86 2096 2
60 32 0 0 35 2095 -3
60 34 0 0 -13 2122 -16
60 36 0 0 -35 2156 -21
60 38 0 0 -72 2142 -23
60 48 0 0 13 1588 -15
60 50 0 0 85 1550 -15
60 52 0 0 151 1538 -15
60 54 0 0 218 1545 -14
60 56 0 0 285 1571 -13
60 59 0 0 351 1612 -13
60 61 0 0 421 1662 -13
60 63 0 0 492 1721 -13
60 65 0 0 564 1790 -13
60 67 0 0 638 1867 -12
60 69 0 0 712 1953 -12
60 71 0 0 782 2048 -12
60 73 0 0 844 2155 -11
60 75 0 0 895 2278 -10
60 77 0 0 929 2423 -9
60 79 0 0 940 2589 -7
60 81 0 0 918 2785 -4
60 83 0 0 854 2995 0
60 86 0 0 504 3353 -52
60 87 0 0 452 3458 -5
61 2 0 0 673 18 -2
61 3 0 0 634 -6 -11
61 18 0 0 1125 1040 -17
61 20 0 0 1149 1309 -19
61 41 0 0 -133 2052 -24
61 43 0 0 -153 1906 -21
61 45 0 0 -123 1767 -20
61 47 0 0 -58 1657 -14
61 85 0 0 672 3227 -54
61 86 0 0 564 3362 -50
61 87 0 0 445 3395 -11
62 2 0 0 739 -5 -9
62 3 0 0 665 -10 -19
62 4 0 0 621 -68 -22
62 5 0 0 600 -15 -28
62 6 0 0 495 -29 -37
62 7 0 0 447 125 -40
62 8 0 0 351 275 -26
62 9 0 0 425 453 -36
62 10 0 0 444 619 -31
62 11 0 0 700 791 -48
62 12 0 0 895 849 -38
62 13 0 0 958 825 -27
62 15 0 0 997 781 -18
62 17 0 0 999 885 -15
62 18 0 0 964 1034 -15
62 20 0 0 926 1255 -17
62 22 0 0 821 1489 -17
62 24 0 0 666 1765 -18
62 27 0 0 392 1906 -7
62 29 0 0 210 1936 -18
62 31 0 0 88 2000 -17
62 32 0 0 15 2052 -11
62 34 0 0 -9 2109 -9
62 36 0 0 -12 2128 -6
62 38 0 0 -15 2110 -10
62 40 0 0 -19 2037 -14
62 42 0 0 -4 1921 -17
62 44 0 0 21 1806 -20
62 46 0 0 59 1711 -17
62 48 0 0 101 1644 -16
62 50 0 0 143 1606 -14
62 52 0 0 189 1593 -14
62 54 0 0 232 1602 -13
62 57 0 0 282 1631 -13
62 59 0 0 334 1675 -13
62 61 0 0 397 1728 -13
62 63 0 0 457 1789 -13
62 65 0 0 520 1859 -13
62 67 0 0 584 1937 -12
62 69 0 0 648 2021 -12
62 71 0 0 711 2107 -12
62 73 0 0 760 2203 -11
62 75 0 0 794 2310 -10
62 77 0 0 809 2433 -9
62 79 0 0 799 2570 -7
62 81 0 0 758 2727 -3
62 83 0 0 680 2884 0
62 86 0 0 358 3125 -49
62 87 0 0 313 3191 -10
63 2 0 0 737 -3 -14
63 3 0 0 699 -20 -16
63 4 0 0 676 -38 -16
63 5 0 0 618 -132 -18
63 6 0 0 337 -120 -6
63 7 0 0 312 -24 -22
63 8 0 0 234 314 -17
63 9 0 0 230 431 -10
63 10 0 0 351 792 -13
63 11 0 0 435 894 -6
63 12 0 0 957 950 -31
63 13 0 0 1030 723 -24
63 85 0 0 519 3053 -50
63 86 0 0 432 3149 -47
63 87 0 0 331 3153 -12
64 2 0 0 810 0 -1
64 3 0 0 736 -19 -9
64 4 0 0 771 -55 -5
64 5 0 0 819 -32 12
64 6 0 0 187 -755 7
64 7 0 0 46 -106 13
64 8 0 0 15 293 9
64 9 0 0 32 499 -3
64 10 0 0 48 916 16
64 11 0 0 131 1288 33
64 12 0 0 -237 1206 128
64 13 0 0 1328 856 -9
64 18 0 0 830 964 -15
64 20 0 0 757 1168 -16
64 22 0 0 644 1367 -16
64 24 0 0 516 1574 -15
64 27 0 0 322 1722 -9
64 29 0 0 172 1810 -16
64 30 0 0 55 1911 -12
64 32 0 0 -18 1995 -11
64 34 0 0 -30 2089 -6
64 36 0 0 14 2149 -9
64 38 0 0 74 2138 -13
64 41 0 0 128 2065 -14
64 43 0 0 152 1947 -21
64 44 0 0 168 1830 -22
64 46 0 0 176 1735 -19
64 48 0 0 188 1670 -16
64 50 0 0 202 1634 -15
64 52 0 0 221 1625 -13
64 55 0 0 243 1640 -13
64 57 0 0 275 1674 -12
64 59 0 0 318 1726 -12
64 61 0 0 371 1784 -13
64 63 0 0 423 1845 -13
64 65 0 0 479 1917 -13
64 67 0 0 536 1995 -11
64 69 0 0 602 2081 -11
64 71 0 0 660 2160 -11
64 73 0 0 698 2239 -12
64 75 0 0 718 2327 -10
64 77 0 0 717 2427 -9
64 79 0 0 691 2536 -7
64 81 0 0 638 2660 -3
64 83 0 0 556 2775 -1
64 86 0 0 261 2943 -47
64 87 0 0 224 2985 -12
65 2 0 0 807 6 -7
65 3 0 0 771 1 5
65 4 0 0 807 -10 7
65 5 0 0 828 20 -1
65 6 0 0 738 -7 14
65 7 0 0 38 -8 -14
65 8 0 0 10 -11 0
65 9 0 0 4 -19 -1
65 10 0 0 -42 -21 -12
65 11 0 0 -180 57 1
65 12 0 0 432 -270 57
65 13 0 0 1363 426 -34
65 15 0 0 1041 612 -11
65 17 0 0 901 812 -9
65 85 0 0 415 2903 -47
65 86 0 0 342 2972 -46
65 87 0 0 257 2960 -14
66 2 0 0 849 21 -3
66 3 0 0 770 7 -1
66 4 0 0 806 6 1
66 5 0 0 831 24 10
66 6 0 0 827 1 1
66 7 0 0 31 7 -16
66 8 0 0 51 -1 -9
66 9 0 0 55 -17 -13
66 10 0 0 98 -36 -20
66 11 0 0 152 -198 -31
66 12 0 0 566 -297 -18
66 13 0 0 937 239 15
66 18 0 0 672 881 -15
66 20 0 0 597 1070 -16
66 22 0 0 493 1250 -15
66 25 0 0 378 1424 -15
66 27 0 0 226 1569 -11
66 28 0 0 90 1694 -14
66 30 0 0 -33 1824 -13
66 32 0 0 -94 1974 -13
66 34 0 0 -120 2146 -18
66 36 0 0 -2 2220 -13
66 39 0 0 130 2207 -18
66 41 0 0 240 2105 -18
66 43 0 0 310 1960 -16
66 45 0 0 312 1834 -16
66 47 0 0 291 1733 -16
66 48 0 0 271 1669 -16
66 50 0 0 254 1636 -14
66 53 0 0 247 1634 -14
66 55 0 0 245 1658 -13
66 57 0 0 258 1707 -14
66 59 0 0 282 1771 -13
66 61 0 0 340 1832 -13
66 63 0 0 384 1896 -14
66 65 0 0 428 1971 -13
66 67 0 0 473 2060 -12
66 69 0 0 531 2146 -12
66 71 0 0 606 2204 -12
66 73 0 0 643 2262 -14
66 75 0 0 656 2328 -11
66 77 0 0 644 2405 -9
66 79 0 0 608 2490 -7
66 81 0 0 548 2587 -3
66 83 0 0 466 2670 -2
66 86 0 0 197 2791 -45
66 87 0 0 166 2816 -10
67 2 0 0 843 22 -3
67 3 0 0 781 6 2
67 4 0 0 828 30 -12
67 5 0 0 844 28 22
67 6 0 0 849 -14 -7
67 7 0 0 80 -14 -11
67 8 0 0 83 4 -6
67 9 0 0 116 20 -3
67 10 0 0 186 -1 1
67 11 0 0 215 -54 -1
67 12 0 0 454 -53 14
67 13 0 0 588 154 33
67 15 0 0 819 476 0
67 17 0 0 738 681 -7
67 85 0 0 342 2768 -45
67 86 0 0 280 2822 -44
67 87 0 0 207 2801 -16
68 2 0 0 868 30 0
68 3 0 0 773 27 -6
68 4 0 0 849 51 -7
68 5 0 0 868 39 8
68 6 0 0 975 2 -9
68 7 0 0 27 15 11
68 8 0 0 65 78 -2
68 9 0 0 101 98 0
68 18 0 0 516 823 -14
68 20 0 0 455 990 -15
68 23 0 0 364 1146 -14
68 25 0 0 259 1292 -14
68 27 0 0 119 1437 -11
68 28 0 0 -22 1565 -13
68 30 0 0 -149 1735 -13
68 32 0 0 -287 1921 -31
68 34 0 0 -197 2188 -50
68 36 0 0 15 2372 -52
68 39 0 0 261 2342 -54
68 41 0 0 467 2202 -14
68 43 0 0 491 1996 -9
68 45 0 0 479 1815 -4
68 47 0 0 415 1703 -11
68 48 0 0 357 1637 -15
68 50 0 0 304 1609 -15
68 52 0 0 266 1614 -14
68 54 0 0 235 1650 -12
68 56 0 0 229 1713 -8
68 59 0 0 258 1808 -7
68 61 0 0 312 1882 -11
68 63 0 0 350 1933 -14
68 65 0 0 384 2007 -14
68 67 0 0 424 2099 -6
68 69 0 0 531 2212 -5
68 71 0 0 609 2269 -9
68 73 0 0 636 2290 -15
68 75 0 0 632 2329 -13
68 77 0 0 602 2378 -10
68 79 0 0 553 2440 -8
68 81 0 0 486 2513 -3
68 83 0 0 404 2574 -3
68 86 0 0 151 2663 -43
68 87 0 0 124 2674 -9
69 2 0 0 843 34 0
69 3 0 0 773 47 -7
69 4 0 0 860 97 -13
69 5 0 0 914 113 -32
69 6 0 0 1010 6 -9
69 7 0 0 112 -34 -17
69 8 0 0 75 87 2
69 9 0 0 106 126 0
69 11 0 0 237 134 -10
69 13 0 0 430 196 -6
69 15 0 0 547 437 -1
69 17 0 0 558 651 -7
69 85 0 0 290 2651 -43
69 86 0 0 235 2693 -43
69 87 0 0 171 2669 -17
70 2 0 0 805 57 2
70 3 0 0 751 78 -11
70 4 0 0 816 169 -18
70 5 0 0 886 214 -41
70 6 0 0 873 783 -217
70 7 0 0 85 67 -16
70 8 0 0 -54 237 9
70 9 0 0 100 182 8
70 20 0 0 341 915 -15
70 23 0 0 258 1046 -14
70 25 0 0 157 1170 -14
70 27 0 0 12 1290 -11
70 28 0 0 -133 1427 -12
70 30 0 0 -337 1563 -20
70 32 0 0 -456 1866 -44
70 34 0 0 -480 2103 -47
70 35 0 0 -359 2390 -87
70 36 0 0 -231 2545 -88
70 37 0 0 25 2596 -95
70 38 0 0 199 2604 -83
70 39 0 0 388 2580 -72
70 40 0 0 486 2512 -60
70 41 0 0 575 2325 -43
70 43 0 0 787 1967 2
70 45 0 0 657 1771 0
70 47 0 0 536 1617 -2
70 48 0 0 433 1560 -12
70 50 0 0 342 1543 -14
70 52 0 0 272 1564 -19
70 54 0 0 206 1621 -13
70 56 0 0 155 1732 -28
70 59 0 0 150 1852 -21
70 61 0 0 276 1917 -11
70 63 0 0 316 1968 -15
70 64 0 0 318 2052 -11
70 66 0 0 302 2208 -26
70 69 0 0 366 2318 -24
70 71 0 0 579 2307 -15
70 73 0 0 629 2289 -14
70 75 0 0 618 2296 -11
70 77 0 0 574 2326 -10
70 79 0 0 513 2372 -8
70 81 0 0 439 2432 -3
70 83 0 0 357 2480 -3
70 85 0 0 250 2541 -43
70 86 0 0 119 2546 -43
70 87 0 0 96 2551 -13
71 2 0 0 763 61 0
71 3 0 0 678 129 -10
71 4 0 0 715 238 -22
71 5 0 0 781 304 -30
71 6 0 0 572 893 -123
71 7 0 0 -128 804 -44
71 8 0 0 66 387 0
71 9 0 0 117 333 15
71 11 0 0 205 295 -4
71 13 0 0 335 338 -6
71 15 0 0 411 487 -11
71 17 0 0 419 633 -12
71 18 0 0 395 780 -15
71 34 0 0 -603 2129 -32
71 35 0 0 -474 2477 -39
71 36 0 0 -194 2715 -36
71 37 0 0 74 2758 -7
71 38 0 0 293 2729 -9
71 39 0 0 469 2690 -10
71 40 0 0 766 2594 -35
71 41 0 0 880 2335 -68
71 86 0 0 206 2576 -43
71 87 0 0 150 2550 -22
72 2 0 0 632 83 7
72 3 0 0 601 145 -9
72 4 0 0 604 228 -9
72 5 0 0 552 341 -6
72 6 0 0 464 531 -14
72 7 0 0 253 562 2
72 8 0 0 208 424 10
72 9 0 0 196 358 18
72 27 0 0 -71 1142 -11
72 28 0 0 -237 1208 -16
72 30 0 0 -507 1372 -33
72 32 0 0 -709 1512 -23
72 33 0 0 -836 1695 -72
72 34 0 0 -940 2152 -62
72 35 0 0 -844 2573 -115
72 36 0 0 -53 3110 -97
72 37 0 0 266 3038 -137
72 38 0 0 346 2926 -108
72 39 0 0 423 3012 -86
72 40 0 0 1125 3011 -58
72 41 0 0 1197 2317 -28
72 42 0 0 1080 1882 -34
72 43 0 0 942 1680 -5
72 45 0 0 916 1505 -40
72 47 0 0 676 1444 -24
72 48 0 0 505 1429 -18
72 50 0 0 367 1441 -15
72 52 0 0 266 1473 -14
72 54 0 0 131 1540 -29
72 56 0 0 92 1668 -19
72 59 0 0 160 1909 -34
72 61 0 0 269 2003 -8
72 63 0 0 290 1975 5
72 64 0 0 218 2013 -12
72 66 0 0 250 2176 -17
72 69 0 0 570 2446 -61
72 71 0 0 709 2464 -36
72 73 0 0 720 2333 -12
72 75 0 0 661 2285 3
72 76 0 0 579 2276 -3
72 79 0 0 492 2304 -7
72 81 0 0 406 2352 -2
72 83 0 0 320 2391 -4
72 84 0 0 218 2447 -39
72 86 0 0 98 2446 -40
72 87 0 0 81 2444 -13
73 2 0 0 577 75 0
73 3 0 0 522 116 6
73 4 0 0 497 216 6
73 5 0 0 418 296 12
73 6 0 0 397 411 15
73 7 0 0 232 431 7
73 8 0 0 236 397 15
73 9 0 0 178 350 21
73 11 0 0 228 385 -8
73 13 0 0 301 413 -9
73 14 0 0 326 517 -18
73 16 0 0 331 625 -16
73 18 0 0 304 740 -15
73 21 0 0 256 847 -14
73 23 0 0 178 952 -14
73 25 0 0 79 1041 -13
73 32 0 0 -785 1243 -24
73 33 0 0 -1136 1546 -74
73 34 0 0 -1618 2231 -85
73 35 0 0 -1512 3131 323
73 36 0 0 -36 115 342
73 37 0 0 256 775 -195
73 38 0 0 148 2408 -76
73 39 0 0 130 2966 0
73 40 0 0 1323 2369 291
73 41 0 0 1847 2774 -18
73 42 0 0 1671 1960 -32
73 43 0 0 1213 1575 16
73 86 0 0 179 2474 -41
73 87 0 0 130 2443 -19
74 2 0 0 481 82 10
74 3 0 0 463 160 10
74 28 0 0 -278 963 -18
74 30 0 0 -533 1004 -43
74 32 0 0 -861 995 -34
74 33 0 0 -1226 993 -68
74 34 0 0 -1767 564 -15
74 35 0 0 513 -1798 215
74 36 0 0 5 0 0
74 37 0 0 0 0 -3
74 38 0 0 5 -4 -11
74 39 0 0 2 0 -8
74 40 0 0 1305 1060 13
74 41 0 0 1631 526 8
74 42 0 0 1930 1259 -54
74 43 0 0 1428 1232 39
74 48 0 0 519 1242 -14
74 50 0 0 365 1290 -12
74 52 0 0 243 1326 -25
74 54 0 0 82 1442 -50
74 56 0 0 -158 1459 -35
74 57 0 0 -139 1639 -52
74 58 0 0 -137 1860 -41
74 59 0 0 -47 2127 -32
74 60 0 0 140 2138 -47
74 61 0 0 402 2010 -20
74 63 0 0 334 1879 1
74 64 0 0 182 1947 -22
74 66 0 0 -101 2025 -22
74 67 0 0 -66 2240 -78
74 68 0 0 -9 2675 -57
74 69 0 0 320 2763 -76
74 70 0 0 681 2555 -75
74 71 0 0 836 2440 -42
74 73 0 0 819 2230 -9
74 75 0 0 710 2153 -2
74 76 0 0 590 2157 -3
74 79 0 0 474 2199 -5
74 81 0 0 374 2256 -2
74 86 0 0 83 2354 -41
74 87 0 0 68 2347 -15
75 2 0 0 417 65 4
75 3 0 0 390 80 4
75 5 0 0 403 235 -16
75 6 0 0 334 336 -5
75 9 0 0 276 365 -6
75 11 0 0 237 385 -6
75 13 0 0 263 441 -13
75 14 0 0 271 524 -17
75 16 0 0 267 610 -16
75 19 0 0 241 702 -15
75 21 0 0 196 783 -14
75 23 0 0 130 860 -13
75 25 0 0 35 915 -13
75 27 0 0 -95 967 -11
75 32 0 0 -716 713 -15
75 33 0 0 -1042 603 -70
75 34 0 0 -1357 113 -1
75 35 0 0 8 0 -7
75 36 0 0 10 -6 -15
75 37 0 0 14 -1 -2
75 38 0 0 14 -1 -2
75 39 0 0 18 1 -7
75 40 0 0 -93 -356 55
75 41 0 0 1580 379 -37
75 42 0 0 1625 687 -28
75 43 0 0 1304 887 33
75 45 0 0 1025 1137 -16
75 47 0 0 710 1177 -2
75 56 0 0 -110 1402 -31
75 57 0 0 -216 1559 -61
75 58 0 0 -285 1819 -49
75 59 0 0 -104 2182 -42
75 60 0 0 485 2372 -66
75 61 0 0 482 2110 -35
75 66 0 0 -105 1961 -39
75 67 0 0 -285 2159 -79
75 68 0 0 -80 2756 -80
75 69 0 0 993 3184 -66
75 70 0 0 1016 2952 -76
75 71 0 0 919 2510 -62
75 83 0 0 285 2299 -3
75 85 0 0 190 2354 -40
75 86 0 0 158 2382 -42
75 87 0 0 116 2355 -20
76 2 0 0 360 65 7
76 3 0 0 358 116 3
76 32 0 0 -573 584 -36
76 33 0 0 -746 420 -42
76 34 0 0 -839 117 -7
76 35 0 0 32 -2 -5
76 36 0 0 41 -3 -3
76 37 0 0 36 0 -8
76 38 0 0 40 2 -3
76 39 0 0 34 3 -8
76 40 0 0 659 -223 4
76 41 0 0 1054 -219 -95
76 42 0 0 1242 396 -8
76 43 0 0 1082 654 37
76 50 0 0 342 1148 -11
76 52 0 0 212 1162 -16
76 54 0 0 52 1229 -45
76 56 0 0 -245 1235 -41
76 57 0 0 -524 1477 -72
76 58 0 0 -537 1853 0
76 59 0 0 -1273 2337 29
76 60 0 0 655 1430 101
76 61 0 0 885 2022 -30
76 63 0 0 578 1377 -7
76 64 0 0 38 1513 -22
76 66 0 0 -355 1654 -63
76 67 0 0 -752 2194 -52
76 68 0 0 -3478 3398 6
76 69 0 0 284 4136 -81
76 70 0 0 1612 3203 -28
76 71 0 0 1576 2650 -25
76 72 0 0 1197 1876 -16
76 74 0 0 816 1907 3
76 76 0 0 586 1987 1
76 79 0 0 433 2077 -4
76 86 0 0 70 2280 -41
76 87 0 0 58 2276 -12
77 2 0 0 313 49 0
77 3 0 0 304 58 0
77 5 0 0 305 184 -9
77 7 0 0 265 277 -8
77 9 0 0 229 351 -7
77 11 0 0 220 397 -13
77 13 0 0 231 454 -13
77 14 0 0 230 524 -16
77 16 0 0 223 595 -15
77 19 0 0 200 668 -15
77 21 0 0 163 730 -14
77 23 0 0 112 785 -13
77 25 0 0 37 812 -14
77 27 0 0 -60 824 -13
77 29 0 0 -199 777 -23
77 30 0 0 -371 707 -43
77 32 0 0 -444 453 -31
77 33 0 0 -553 309 -44
77 34 0 0 -665 46 -4
77 35 0 0 49 -3 -8
77 36 0 0 47 0 -3
77 37 0 0 49 0 -8
77 38 0 0 45 -2 -2
77 39 0 0 54 -1 -8
77 40 0 0 952 -60 43
77 41 0 0 950 66 -7
77 42 0 0 944 329 13
77 43 0 0 869 532 42
77 45 0 0 800 853 -4
77 47 0 0 623 983 6
77 48 0 0 477 1083 -10
77 56 0 0 -235 1010 -16
77 57 0 0 -560 1104 -78
77 58 0 0 -1390 1368 -33
77 59 0 0 -1307 177 -18
77 60 0 0 -278 219 132
77 61 0 0 1207 693 -2
77 66 0 0 -417 1390 -21
77 67 0 0 -900 1372 9
77 68 0 0 -1764 153 90
77 69 0 0 -1639 -311 1291
77 70 0 0 1934 861 -74
77 71 0 0 1829 1218 3
77 81 0 0 330 2158 -3
77 83 0 0 246 2214 -3
77 85 0 0 159 2268 -41
77 86 0 0 136 2298 -43
77 87 0 0 92 2338 7
78 2 0 0 268 60 7
78 3 0 0 278 108 3
78 22 0 0 0 0 0
78 23 0 0 0 0 0
78 24 0 3 0 0 0
78 25 0 7 0 0 0
78 26 0 13 0 0 0
78 27 0 18 0 0 0
78 28 0 17 0 0 0
78 29 0 11 0 0 0
78 30 0 5 0 0 0
78 31 0 2 0 0 0
78 32 0 0 -319 399 -33
78 33 0 0 -388 260 -34
78 34 0 0 -369 50 -2
78 35 0 0 70 2 -9
78 36 0 0 75 -3 -3
78 37 0 0 67 0 -8
78 38 0 0 72 3 -3
78 39 0 0 69 4 -7
78 40 0 0 859 -4 46
78 41 0 0 799 140 32
78 50 0 0 337 1021 -11
78 52 0 0 245 1003 -19
78 54 0 0 121 981 -37
78 56 0 0 -153 823 -26
78 57 0 0 -321 644 -69
78 58 0 0 -455 240 -29
78 59 0 0 -757 106 23
78 60 0 0 -112 -248 16
78 61 0 0 594 388 -50
78 62 0 0 337 601 -6
78 63 0 0 307 938 -35
78 64 0 0 -29 1070 -20
78 65 0 0 -42 1078 -14
78 66 0 0 -337 1057 -36
78 67 0 0 -401 788 8
78 68 0 0 -840 91 -33
78 69 0 0 -736 44 -846
78 70 0 0 1294 96 -163
78 71 0 0 1280 689 -10
78 72 0 0 933 1200 -8
78 74 0 0 640 1550 14
78 76 0 0 442 1792 4
78 78 0 0 331 1943 -5
78 86 0 0 58 2220 -43
78 87 0 0 47 2208 -13
79 2 0 0 233 40 -1
79 3 0 0 228 58 0
79 5 0 0 237 171 -13
79 7 0 0 224 256 -13
79 8 0 0 209 330 -17
79 10 0 0 200 388 -16
79 12 0 0 201 451 -16
79 14 0 0 198 516 -15
79 17 0 0 190 580 -15
79 19 0 0 173 642 -14
79 21 0 0 147 691 -14
79 22 0 0 0 0 0
79 23 0 4 112 729 -13
79 24 0 14 0 0 0
79 25 0 35 64 740 -14
79 26 0 64 0 0 0
79 27 0 83 5 729 -13
79 28 0 79 0 0 0
79 29 0 54 -77 661 -25
79 30 0 27 0 0 0
79 31 0 10 -164 560 -34
79 32 0 2 -150 338 -29
79 33 0 0 -183 218 -36
79 34 0 0 -218 42 -10
79 35 0 0 85 -4 -7
79 36 0 0 81 1 -3
79 37 0 0 82 0 -9
79 38 0 0 78 -3 -2
79 39 0 0 90 -2 -9
79 40 0 0 789 6 49
79 41 0 0 639 116 23
79 43 0 0 704 388 -25
79 45 0 0 599 658 4
79 47 0 0 519 836 -4
79 48 0 0 421 947 -13
79 56 0 0 50 753 -22
79 57 0 0 -43 567 -54
79 58 0 0 -216 181 -27
79 59 0 0 -122 59 4
79 60 0 0 -19 -52 -55
79 61 0 0 49 154 -4
79 62 0 0 35 626 -12
79 63 0 0 51 771 -8
79 64 0 0 -8 1026 3
79 65 0 0 -28 957 -2
79 66 0 0 -61 867 13
79 67 0 0 -104 469 11
79 68 0 0 -123 80 6
79 69 0 0 -52 -227 -198
79 70 0 0 625 53 -63
79 71 0 0 792 601 22
79 81 0 0 257 2056 -4
79 83 0 0 194 2129 -3
79 85 0 0 121 2195 -41
79 86 0 0 108 2228 -42
79 87 0 0 80 2201 -16
80 2 0 0 183 53 7
80 3 0 0 199 94 4
80 5 0 0 168 162 -12
80 20 0 0 0 0 0
80 21 0 0 0 0 0
80 22 0 6 0 0 0
80 23 0 21 0 0 0
80 24 0 62 0 0 0
80 25 0 138 0 0 0
80 26 0 233 0 0 0
80 27 0 293 0 0 0
80 28 0 273 0 0 0
80 29 0 186 0 0 0
80 30 0 93 0 0 0
80 31 0 34 0 0 0
80 32 0 9 -66 333 -28
80 33 0 1 -88 200 -27
80 34 0 0 -36 42 6
80 35 0 0 105 2 -9
80 36 0 0 109 -3 -3
80 37 0 0 99 0 -8
80 38 0 0 105 4 -3
80 39 0 0 107 4 -6
80 40 0 0 537 20 22
80 41 0 0 547 145 16
80 50 0 0 340 967 -12
80 52 0 0 329 956 -17
80 54 0 0 334 873 -37
80 56 0 0 214 660 -22
80 57 0 0 194 474 -41
80 58 0 0 273 146 -21
80 59 0 0 124 45 -2
80 60 0 0 -9 18 -7
80 61 0 0 -21 151 -16
80 62 0 0 0 327 -6
80 63 0 0 -13 446 -9
80 64 0 0 6 546 -8
80 65 0 0 4 512 -10
80 66 0 0 17 486 -10
80 67 0 0 38 244 -1
80 68 0 0 26 29 -6
80 69 0 0 234 14 -26
80 70 0 0 446 156 -8
80 71 0 0 474 500 31
80 72 0 0 298 1028 -1
80 74 0 0 268 1477 19
80 86 0 0 34 2175 -43
80 87 0 0 25 2156 -14
81 2 0 0 158 39 0
81 3 0 0 157 60 0
81 7 0 0 169 248 -12
81 8 0 0 170 326 -15
81 10 0 0 171 388 -15
81 12 0 0 172 451 -15
81 14 0 0 170 512 -15
81 17 0 0 165 570 -14
81 19 0 0 156 625 -14
81 20 0 0 0 0 0
81 21 0 4 143 668 -14
81 22 0 21 0 0 0
81 23 0 69 127 699 -14
81 24 0 182 0 0 0
81 25 0 381 106 704 -14
81 26 0 622 0 0 0
81 27 0 770 85 684 -14
81 28 0 711 0 0 0
81 29 0 482 57 609 -22
81 30 0 239 0 0 0
81 31 0 87 38 500 -33
81 32 0 22 96 324 -33
81 33 0 4 100 203 -34
81 34 0 0 35 42 -7
81 35 0 0 122 -3 -7
81 36 0 0 115 1 -2
81 37 0 0 114 0 -9
81 38 0 0 111 -4 -3
81 39 0 0 127 -2 -8
81 40 0 0 479 15 47
81 41 0 0 358 101 0
81 42 0 0 448 367 -18
81 45 0 0 421 575 -5
81 46 0 0 391 776 -13
81 48 0 0 359 895 -14
81 56 0 0 385 709 -34
81 57 0 0 451 515 -50
81 58 0 0 392 130 -21
81 59 0 0 503 34 8
81 60 0 0 -23 -9 -2
81 61 0 0 -35 39 -10
81 62 0 0 -51 297 1
81 63 0 0 -32 323 -6
81 64 0 0 0 460 0
81 65 0 0 27 427 -5
81 66 0 0 68 339 8
81 67 0 0 88 276 -1
81 68 0 0 151 17 -4
81 69 0 0 220 6 -24
81 70 0 0 194 144 -2
81 71 0 0 184 473 29
81 76 0 0 242 1724 3
81 78 0 0 209 1888 -6
81 81 0 0 172 2005 -5
81 83 0 0 134 2079 -4
81 85 0 0 84 2148 -42
81 86 0 0 81 2180 -42
81 87 0 0 60 2152 -15
82 2 0 0 99 48 5
82 3 0 0 132 98 6
82 5 0 0 100 171 -12
82 7 0 0 121 257 -12
82 16 0 0 0 0 0
82 17 0 2 0 0 0
82 18 0 7 0 0 0
82 19 0 20 0 0 0
82 20 0 39 0 0 0
82 21 0 70 0 0 0
82 22 0 143 0 0 0
82 23 0 284 0 0 0
82 24 0 531 0 0 0
82 25 0 915 0 0 0
82 26 0 1359 0 0 0
82 27 0 1613 0 0 0
82 28 0 1460 0 0 0
82 29 0 980 0 0 0
82 30 0 482 0 0 0
82 31 0 173 0 0 0
82 32 0 45 184 318 -28
82 33 0 8 195 183 -29
82 34 0 0 187 27 -3
82 35 0 0 138 2 -8
82 36 0 0 143 -3 -3
82 37 0 0 132 0 -9
82 38 0 0 137 5 -3
82 39 0 0 146 2 -7
82 40 0 0 158 32 15
82 41 0 0 299 146 4
82 42 0 0 222 328 -23
82 45 0 0 246 565 -9
82 46 0 0 264 765 -14
82 56 0 0 561 718 -18
82 57 0 0 710 571 -49
82 58 0 0 931 189 -18
82 59 0 0 782 71 11
82 60 0 0 -61 -186 -10
82 61 0 0 -265 126 -36
82 62 0 0 -139 284 -2
82 63 0 0 -209 515 -24
82 64 0 0 26 601 0
82 65 0 0 44 569 -14
82 66 0 0 256 532 -10
82 67 0 0 407 347 0
82 68 0 0 508 31 -12
82 69 0 0 191 -96 -24
82 70 0 0 -58 103 -5
82 71 0 0 -130 542 50
82 72 0 0 -237 1127 2
82 86 0 0 16 2146 -42
82 87 0 0 7 2122 -15
83 2 0 0 87 36 1
83 3 0 0 73 70 4
83 8 0 0 137 332 -16
83 10 0 0 143 391 -15
83 12 0 0 145 450 -15
83 15 0 0 146 509 -15
83 16 0 3 0 0 0
83 17 0 24 144 567 -15
83 18 0 105 0 0 0
83 19 0 266 141 619 -14
83 20 0 437 0 0 0
83 21 0 598 140 661 -14
83 22 0 901 0 0 0
83 23 0 1323 141 692 -14
83 24 0 1721 0 0 0
83 25 0 2147 148 698 -15
83 26 0 2636 0 0 0
83 27 0 2888 165 684 -15
83 28 0 2534 0 0 0
83 29 0 1674 189 615 -25
83 30 0 811 0 0 0
83 31 0 286 239 511 -37
83 32 0 72 338 350 -33
83 33 0 13 374 217 -35
83 34 0 0 321 17 -7
83 35 0 0 154 -2 -7
83 36 0 0 150 2 -2
83 37 0 0 147 -1 -8
83 38 0 0 143 -5 -2
83 39 0 0 169 -2 -8
83 40 0 0 161 25 7
83 41 0 0 137 98 -3
83 45 0 0 0 0 0
83 46 0 1 0 0 0
83 47 0 4 0 0 0
83 48 0 12 296 900 -15
83 49 0 24 0 0 0
83 50 0 35 335 987 -10
83 51 0 36 0 0 0
83 52 0 28 411 992 -19
83 53 0 16 0 0 0
83 54 0 7 510 975 -39
83 55 0 2 0 0 0
83 56 0 0 715 895 -24
83 57 0 0 920 731 -55
83 58 0 0 1120 232 -22
83 59 0 0 1402 95 21
83 60 0 0 -181 -310 -14
83 61 0 0 -578 136 -40
83 62 0 0 -430 364 -7
83 63 0 0 -341 684 -21
83 64 0 0 -4 767 -18
83 65 0 0 162 737 -21
83 66 0 0 374 793 -19
83 67 0 0 491 493 -8
83 68 0 0 862 63 -15
83 69 0 0 402 -138 -7
83 70 0 0 -283 -48 -58
83 71 0 0 -578 600 20
83 74 0 0 -50 1481 19
83 76 0 0 52 1714 5
83 78 0 0 85 1865 -5
83 81 0 0 88 1980 -4
83 83 0 0 77 2049 -4
83 85 0 0 51 2115 -42
83 86 0 0 56 2147 -41
83 87 0 0 42 2119 -15
84 2 0 0 15 44 3
84 3 0 0 54 92 4
84 5 0 0 26 188 -12
84 7 0 0 67 286 -11
84 9 0 0 105 347 -14
84 11 0 0 121 396 -14
84 16 0 21 0 0 0
84 17 0 177 0 0 0
84 18 0 794 0 0 0
84 19 0 1968 0 0 0
84 20 0 2906 0 0 0
84 21 0 3313 0 0 0
84 22 0 4166 0 0 0
84 23 0 5284 0 0 0
84 24 0 5597 0 0 0
84 25 0 5267 0 0 0
84 26 0 5064 0 0 0
84 27 0 4896 0 0 0
84 28 0 4109 0 0 0
84 29 0 2674 0 0 0
84 30 0 1282 0 0 0
84 31 0 447 0 0 0
84 32 0 112 459 366 -27
84 33 0 21 515 222 -27
84 34 0 1 602 27 -8
84 35 0 0 164 2 -8
84 36 0 0 181 -8 -3
84 37 0 0 165 -3 -8
84 38 0 0 164 2 -3
84 39 0 0 190 1 -7
84 40 0 0 -79 26 35
84 41 0 0 68 136 3
84 43 0 0 -6 366 -11
84 45 0 1 55 619 -2
84 46 0 6 0 0 0
84 47 0 25 115 824 -10
84 48 0 70 0 0 0
84 49 0 138 0 0 0
84 50 0 197 0 0 0
84 51 0 204 0 0 0
84 52 0 155 0 0 0
84 53 0 87 0 0 0
84 54 0 37 0 0 0
84 55 0 12 0 0 0
84 56 0 2 810 1012 -11
84 57 0 0 1169 1066 -79
84 58 0 0 2110 1069 -48
84 59 0 0 2178 222 46
84 60 0 0 897 -35 81
84 61 0 0 -1188 411 -26
84 66 0 0 408 1104 -27
84 67 0 0 1054 968 -14
84 68 0 0 2017 321 -40
84 69 0 0 722 -243 258
84 70 0 0 -1082 737 -29
84 71 0 0 -1110 844 -19
84 86 0 0 -3 2134 -41
84 87 0 0 -6 2105 -14
85 2 0 0 11 37 0
85 3 0 0 -16 89 3
85 13 0 0 122 455 -13
85 15 0 0 122 511 -14
85 16 0 99 0 0 0
85 17 0 860 124 565 -14
85 18 0 3890 0 0 0
85 19 0 9279 129 621 -14
85 20 0 12636 0 0 0
85 21 0 12753 137 668 -14
85 22 0 14203 0 0 0
85 23 0 16525 155 707 -13
85 24 0 15863 0 0 0
85 25 0 12694 183 729 -14
85 26 0 9882 0 0 0
85 27 0 8170 239 732 -12
85 28 0 6415 0 0 0
85 29 0 4106 319 687 -23
85 30 0 1979 0 0 0
85 31 0 705 459 598 -31
85 32 0 187 595 432 -22
85 33 0 41 653 296 -25
85 34 0 6 722 68 -8
85 35 0 1 164 2 -8
85 36 0 0 188 -2 -1
85 37 0 0 173 -9 -7
85 38 0 0 171 -7 -2
85 39 0 0 207 0 -8
85 40 0 0 -131 24 13
85 41 0 1 -99 111 2
85 42 0 4 0 0 0
85 43 0 10 0 0 0
85 44 0 21 0 0 0
85 45 0 36 0 0 0
85 46 0 60 0 0 0
85 47 0 123 0 0 0
85 48 0 279 205 965 -13
85 49 0 529 0 0 0
85 50 0 749 300 1085 -11
85 51 0 771 0 0 0
85 52 0 581 416 1132 -14
85 53 0 327 0 0 0
85 54 0 146 591 1246 -44
85 55 0 59 0 0 0
85 56 0 27 814 1340 -41
85 57 0 13 1092 1577 -74
85 58 0 6 1779 1984 -72
85 59 0 2 540 3230 -84
85 60 0 0 -1226 1791 -94
85 61 0 0 -952 2072 -29
85 63 0 0 -683 1224 -9
85 64 0 0 36 1285 -35
85 66 0 0 487 1483 -10
85 67 0 0 1016 1353 37
85 68 0 0 1984 2724 -76
85 69 0 0 -34 3033 -262
85 70 0 0 -1221 2608 -42
85 71 0 0 -1052 2272 0
85 72 0 0 -697 1632 -6
85 74 0 0 -283 1715 11
85 76 0 0 -101 1834 1
85 79 0 0 -17 1926 -4
85 81 0 0 17 2004 -4
85 83 0 0 29 2052 -4
85 85 0 0 22 2106 -42
85 86 0 0 38 2134 -40
85 87 0 0 28 2103 -14
86 2 0 0 -76 46 4
86 3 0 0 -35 98 2
86 5 0 0 -68 223 -10
86 7 0 0 30 333 -16
86 9 0 0 96 381 -13
86 11 0 0 103 410 -11
86 13 0 0 95 452 -15
86 15 0 4 0 0 0
86 16 0 297 0 0 0
86 17 0 2606 99 573 -17
86 18 0 11592 0 0 0
86 19 0 26316 105 632 -15
86 20 0 33538 0 0 0
86 21 0 32126 0 0 0
86 22 0 34475 0 0 0
86 23 0 38303 0 0 0
86 24 0 34923 0 0 0
86 25 0 26041 0 0 0
86 26 0 18177 0 0 0
86 27 0 13413 0 0 0
86 28 0 9891 0 0 0
86 29 0 6247 0 0 0
86 30 0 3049 0 0 0
86 31 0 1132 0 0 0
86 32 0 342 709 516 -31
86 33 0 109 875 372 -50
86 34 0 40 978 123 2
86 35 0 16 202 -1 -11
86 36 0 5 235 -46 -8
86 37 0 1 195 -23 -10
86 38 0 0 182 -6 -2
86 39 0 0 229 -1 -7
86 40 0 7 -243 -36 51
86 41 0 17 -192 85 -14
86 42 0 35 -256 251 1
86 43 0 69 -196 467 26
86 44 0 123 0 0 0
86 45 0 192 -149 786 -9
86 46 0 270 0 0 0
86 47 0 417 -25 939 1
86 48 0 797 0 0 0
86 49 0 1454 0 0 0
86 50 0 2056 0 0 0
86 51 0 2114 0 0 0
86 52 0 1579 0 0 0
86 53 0 884 0 0 0
86 54 0 407 0 0 0
86 55 0 188 0 0 0
86 56 0 103 647 1492 -29
86 57 0 59 779 1691 -69
86 58 0 28 885 1996 -53
86 59 0 10 608 2578 -51
86 60 0 2 -283 2881 -49
86 61 0 0 -437 2478 -34
86 66 0 0 230 1740 -35
86 67 0 0 398 1906 -33
86 68 0 0 580 2322 -45
86 69 0 0 -461 2947 -76
86 70 0 0 -616 2684 -84
86 71 0 0 -463 2238 -37
86 76 0 0 0 0 0
86 77 0 0 0 0 0
86 78 0 2 0 0 0
86 79 0 5 0 0 0
86 80 0 9 0 0 0
86 81 0 13 0 0 0
86 82 0 15 0 0 0
86 83 0 12 0 0 0
86 84 0 8 0 0 0
86 85 0 3 0 0 0
86 86 0 1 -15 2130 -40
86 87 0 0 -15 2098 -14
87 2 0 0 -92 47 7
87 3 0 0 -123 119 6
87 14 0 0 101 511 -18
87 15 0 16 0 0 0
87 16 0 584 0 0 0
87 17 0 4855 0 0 0
87 18 0 20748 0 0 0
87 19 0 45240 0 0 0
87 20 0 55541 0 0 0
87 21 0 52714 123 689 -15
87 22 0 56793 0 0 0
87 23 0 62275 148 740 -14
87 24 0 56111 0 0 0
87 25 0 41580 196 784 -17
87 26 0 28603 0 0 0
87 27 0 20419 273 823 -14
87 28 0 14672 0 0 0
87 29 0 9288 405 828 -29
87 30 0 4688 0 0 0
87 31 0 1914 636 785 -41
87 32 0 739 872 660 -21
87 33 0 348 1071 484 -46
87 34 0 184 1251 85 -6
87 35 0 94 269 -9 -8
87 36 0 45 233 -43 -4
87 37 0 22 152 -52 -8
87 38 0 13 188 -6 -2
87 39 0 0 238 9 -2
87 40 0 49 -207 28 24
87 41 0 89 -252 -39 -1
87 42 0 153 -438 263 -12
87 43 0 271 -395 534 36
87 44 0 476 0 0 0
87 45 0 739 0 0 0
87 46 0 956 0 0 0
87 47 0 1162 0 0 0
87 48 0 1737 101 1080 -11
87 49 0 2907 0 0 0
87 50 0 4059 222 1202 -9
87 51 0 4170 0 0 0
87 52 0 3106 326 1292 -27
87 53 0 1757 0 0 0
87 54 0 870 484 1490 -38
87 55 0 484 0 0 0
87 56 0 320 614 1595 -38
87 57 0 199 605 1778 -57
87 58 0 98 616 2046 -39
87 59 0 37 484 2419 -20
87 60 0 10 199 2441 -28
87 61 0 2 -158 2200 -7
87 62 0 0 0 0 0
87 63 0 1 -239 1948 -2
87 64 0 5 -34 1869 -23
87 65 0 13 0 0 0
87 66 0 24 336 1913 -28
87 67 0 32 347 2018 -59
87 68 0 33 396 2393 -31
87 69 0 24 -9 2579 -54
87 70 0 13 -299 2360 -65
87 71 0 5 -409 2197 -24
87 72 0 1 0 0 0
87 73 0 0 -369 2003 -14
87 74 0 0 -234 1926 2
87 76 0 0 -123 1950 -2
87 77 0 2 0 0 0
87 78 0 8 0 0 0
87 79 0 21 -53 1987 -5
87 80 0 40 0 0 0
87 81 0 57 -13 2033 -4
87 82 0 62 0 0 0
87 83 0 51 1 2061 -4
87 84 0 33 0 0 0
87 85 0 16 7 2103 -41
87 86 0 6 25 2130 -40
87 87 0 0 18 2098 -15
88 2 0 0 -198 49 2
88 3 0 0 -163 107 -1
88 4 0 0 -188 189 -2
88 5 0 0 -122 300 -18
88 6 0 0 -92 438 -12
88 7 0 0 106 476 -11
88 8 0 0 74 400 -1
88 9 0 0 128 371 3
88 11 0 0 111 401 -15
88 13 0 0 90 446 -15
88 14 0 0 75 509 -13
88 15 0 36 0 0 0
88 16 0 769 0 0 0
88 17 0 5777 75 564 -14
88 18 0 23425 0 0 0
88 19 0 50094 80 641 -17
88 20 0 61346 0 0 0
88 21 0 57976 92 707 -15
88 22 0 61782 0 0 0
88 23 0 68447 0 0 0
88 24 0 63863 0 0 0
88 25 0 49641 0 0 0
88 26 0 35697 0 0 0
88 27 0 26069 0 0 0
88 28 0 19004 0 0 0
88 29 0 12527 0 0 0
88 30 0 7060 0 0 0
88 31 0 3647 0 0 0
88 32 0 1958 989 930 -25
88 33 0 1168 1377 763 -74
88 34 0 734 1818 208 -12
88 35 0 492 576 -28 2
88 36 0 343 319 -298 -10
88 37 0 222 184 -102 -10
88 38 0 155 227 57 -5
88 39 0 0 238 0 0
88 40 0 237 255 -271 38
88 41 0 359 -34 -410 -67
88 42 0 520 -887 418 -28
88 43 0 812 -610 661 24
88 44 0 1373 0 0 0
88 45 0 2139 0 0 0
88 46 0 2672 0 0 0
88 47 0 2734 0 0 0
88 48 0 3024 0 0 0
88 49 0 4260 0 0 0
88 50 0 5726 0 0 0
88 51 0 5874 0 0 0
88 52 0 4422 0 0 0
88 53 0 2613 0 0 0
88 54 0 1482 0 0 0
88 55 0 1014 0 0 0
88 56 0 762 0 0 0
88 57 0 497 0 0 0
88 58 0 250 0 0 0
88 59 0 98 0 0 0
88 60 0 35 0 0 0
88 61 0 18 0 0 0
88 62 0 16 0 0 0
88 63 0 19 0 0 0
88 64 0 32 0 0 0
88 65 0 62 0 0 0
88 66 0 108 0 0 0
88 67 0 145 0 0 0
88 68 0 145 0 0 0
88 69 0 109 0 0 0
88 70 0 61 0 0 0
88 71 0 25 0 0 0
88 72 0 8 0 0 0
88 73 0 1 0 0 0
88 74 0 0 0 0 0
88 76 0 2 0 0 0
88 77 0 8 0 0 0
88 78 0 28 0 0 0
88 79 0 68 0 0 0
88 80 0 126 0 0 0
88 81 0 179 0 0 0
88 82 0 195 0 0 0
88 83 0 163 0 0 0
88 84 0 104 0 0 0
88 85 0 51 0 0 0
88 86 0 19 -24 2132 -39
88 87 0 0 -21 2097 -14
89 2 0 0 -226 63 8
89 3 0 0 -244 98 0
89 4 0 0 -277 174 8
89 5 0 0 -277 220 -5
89 6 0 0 -387 787 40
89 7 0 0 102 647 -18
89 8 0 0 212 377 -1
89 9 0 0 142 341 1
89 15 0 45 0 0 0
89 16 0 692 0 0 0
89 17 0 4703 0 0 0
89 18 0 18217 0 0 0
89 19 0 38730 0 0 0
89 20 0 47687 0 0 0
89 21 0 43834 0 0 0
89 22 0 45142 0 0 0
89 23 0 51708 117 779 -14
89 24 0 51850 0 0 0
89 25 0 43422 164 854 -15
89 26 0 33204 0 0 0
89 27 0 25490 265 940 -18
89 28 0 19808 0 0 0
89 29 0 14898 456 1029 -34
89 30 0 10991 823 1142 -58
89 31 0 8101 0 0 0
89 32 0 5532 1203 1174 -32
89 33 0 3493 1777 1137 -117
89 34 0 2382 2434 579 -25
89 35 0 2041 1278 -221 -80
89 36 0 1770 15 -430 -27
89 37 0 1225 -293 -47 33
89 38 0 791 157 185 -22
89 39 0 0 541 96 15
89 40 0 903 1367 -289 156
89 41 0 1154 -271 220 -63
89 42 0 1434 -1298 929 -35
89 43 0 1926 -864 988 25
89 44 0 2992 0 0 0
89 45 0 4569 -412 1011 -2
89 46 0 5603 0 0 0
89 47 0 5208 -141 1095 1
89 48 0 4413 6 1207 -11
89 49 0 4782 0 0 0
89 50 0 5913 138 1312 -14
89 51 0 6071 0 0 0
89 52 0 4764 222 1416 -13
89 53 0 3144 0 0 0
89 54 0 2187 339 1565 -29
89 55 0 1795 0 0 0
89 56 0 1455 402 1737 -18
89 57 0 970 0 0 0
89 58 0 498 277 2067 -35
89 59 0 206 0 0 0
89 60 0 92 0 0 0
89 61 0 71 71 2168 -4
89 62 0 77 0 0 0
89 63 0 90 7 2034 21
89 64 0 127 83 1977 -11
89 65 0 221 0 0 0
89 66 0 364 81 2053 0
89 67 0 479 0 0 0
89 68 0 479 0 0 0
89 69 0 359 -131 2288 -34
89 70 0 202 0 0 0
89 71 0 88 -171 2248 -24
89 72 0 36 0 0 0
89 73 0 23 -223 2113 -11
89 74 0 22 0 0 0
89 75 0 19 -177 2053 9
89 76 0 17 -115 2033 -2
89 77 0 27 0 0 0
89 78 0 70 0 0 0
89 79 0 165 -59 2043 -6
89 80 0 306 0 0 0
89 81 0 434 -31 2065 -4
89 82 0 473 0 0 0
89 83 0 394 -12 2078 -4
89 84 0 252 0 0 0
89 85 0 123 -6 2111 -41
89 86 0 46 17 2131 -40
89 87 0 0 14 2095 -15
90 2 0 0 -287 17 -3
90 3 0 0 -285 45 -8
90 4 0 0 -323 115 -17
90 5 0 0 -397 90 -3
90 6 0 0 -570 12 -4
90 7 0 0 -350 13 -30
90 8 0 0 231 256 1
90 9 0 0 156 311 0
90 10 0 0 83 333 -3
90 11 0 0 91 389 -19
90 12 0 0 47 411 -15
90 13 0 0 66 469 -15
90 14 0 0 33 498 -15
90 15 0 35 49 543 -11
90 16 0 429 21 582 -9
90 17 0 2665 48 600 -9
90 18 0 9893 30 652 -6
90 19 0 20717 68 685 -12
90 20 0 25159 43 718 -8
90 21 0 22248 81 754 -12
90 22 0 22633 69 794 -16
90 23 0 27703 110 834 -19
90 24 0 30202 96 887 -18
90 25 0 27042 148 938 -18
90 26 0 21903 143 1002 -20
90 27 0 18227 241 1079 -10
90 28 0 16294 245 1157 -13
90 29 0 15710 371 1235 -23
90 30 0 16381 524 1426 -20
90 31 0 16076 712 1620 -32
90 32 0 12502 1091 1863 -56
90 33 0 8023 1667 2283 -105
90 34 0 6122 2690 3334 -124
90 35 0 6673 1556 487 105
90 36 0 6589 -18 3159 -176
90 37 0 4639 -795 1771 14
90 38 0 2874 -118 1531 -75
90 39 0 2421 670 2405 2
90 40 0 2709 -150 2151 89
90 41 0 3108 -799 2406 -156
90 42 0 3431 -976 1782 -46
90 43 0 3910 -673 1427 1
90 44 0 5169 0 0 0
90 45 0 7296 0 0 0
90 46 0 8693 0 0 0
90 47 0 7718 0 0 0
90 48 0 5559 0 0 0
90 49 0 4605 0 0 0
90 50 0 5044 0 0 0
90 51 0 5315 0 0 0
90 52 0 4678 0 0 0
90 53 0 3751 0 0 0
90 54 0 3165 0 0 0
90 55 0 2823 0 0 0
90 56 0 2326 0 0 0
90 57 0 1577 0 0 0
90 58 0 844 0 0 0
90 59 0 390 0 0 0
90 60 0 228 0 0 0
90 61 0 221 0 0 0
90 62 0 251 0 0 0
90 63 0 282 0 0 0
90 64 0 362 0 0 0
90 65 0 575 0 0 0
90 66 0 906 0 0 0
90 67 0 1177 0 0 0
90 68 0 1171 0 0 0
90 69 0 877 0 0 0
90 70 0 496 0 0 0
90 71 0 224 0 0 0
90 72 0 113 0 0 0
90 73 0 101 0 0 0
90 74 0 108 0 0 0
90 75 0 94 0 0 0
90 76 0 69 0 0 0
90 77 0 66 0 0 0
90 78 0 135 0 0 0
90 79 0 310 0 0 0
90 80 0 573 0 0 0
90 81 0 815 0 0 0
90 82 0 891 0 0 0
90 83 0 749 0 0 0
90 84 0 487 0 0 0
90 85 0 251 0 0 0
90 86 0 108 -25 2137 -40
90 87 0 0 -22 2103 -15
91 2 0 0 -296 18 1
91 3 0 0 -285 25 -10
91 4 0 0 -314 35 -2
91 5 0 0 -384 49 -3
91 6 0 0 -439 5 0
91 7 0 0 42 -6 -5
91 8 0 0 89 171 -4
91 9 0 0 95 267 -8
91 10 0 0 27 304 -9
91 11 0 0 62 357 -14
91 12 0 0 22 400 -8
91 13 0 0 45 436 -9
91 14 0 0 28 477 -7
91 15 0 18 45 516 -9
91 16 0 181 22 561 -6
91 17 0 1017 42 579 -11
91 18 0 3546 27 630 -10
91 19 0 7141 44 672 -14
91 20 0 8401 25 708 -2
91 21 0 7292 43 734 -6
91 22 0 7849 31 773 -3
91 23 0 10598 53 811 -7
91 24 0 12403 51 875 0
91 25 0 11641 76 919 -4
91 26 0 10031 88 1005 -6
91 27 0 9478 124 1081 -8
91 28 0 10437 180 1234 -25
91 29 0 13298 217 1355 -23
91 30 0 18165 328 1583 -45
91 31 0 21333 432 1858 -52
91 32 0 18194 688 2228 -58
91 33 0 12457 978 2781 -118
91 34 0 11360 1786 3550 -96
91 35 0 14957 1565 4051 -43
91 36 0 15791 261 3901 -55
91 37 0 11478 -53 3301 -102
91 38 0 7653 -172 2561 -11
91 39 0 6716 -97 2459 6
91 40 0 6966 -340 2431 -4
91 41 0 7252 -565 2139 -54
91 42 0 7394 -492 1769 -44
91 43 0 7436 -430 1538 4
91 44 0 7934 0 0 0
91 45 0 9399 -423 1344 0
91 46 0 10436 0 0 0
91 47 0 9045 -180 1319 -2
91 48 0 6210 -43 1358 -13
91 49 0 4605 0 0 0
91 50 0 4851 70 1422 -14
91 51 0 5616 0 0 0
91 52 0 5836 142 1514 -17
91 53 0 5470 0 0 0
91 54 0 4878 220 1626 -15
91 55 0 4235 0 0 0
91 56 0 3436 259 1788 -24
91 57 0 2401 0 0 0
91 58 0 1383 0 0 0
91 59 0 729 241 1953 -19
91 60 0 514 0 0 0
91 61 0 550 74 2020 -13
91 62 0 637 0 0 0
91 63 0 694 -5 2027 -16
91 64 0 811 19 2054 -13
91 65 0 1148 0 0 0
91 66 0 1704 73 2146 -28
91 67 0 2163 0 0 0
91 68 0 2139 0 0 0
91 69 0 1605 65 2197 -28
91 70 0 923 0 0 0
91 71 0 457 -109 2160 -6
91 72 0 303 0 0 0
91 73 0 337 -135 2119 -11
91 74 0 380 0 0 0
91 75 0 330 -119 2081 -8
91 76 0 221 0 0 0
91 77 0 154 -80 2068 -9
91 78 0 223 0 0 0
91 79 0 470 -52 2068 -7
91 80 0 853 0 0 0
91 81 0 1207 -23 2083 -4
91 82 0 1323 0 0 0
91 83 0 1134 -15 2086 -3
91 84 0 784 0 0 0
91 85 0 477 -3 2114 -41
91 86 0 288 15 2140 -41
91 87 0 0 13 2105 -17
92 2 0 0 -257 -6 -9
92 3 0 0 -278 -6 -7
92 4 0 0 -315 4 -6
92 5 0 0 -345 -16 7
92 6 0 0 -355 12 -2
92 7 0 0 15 29 -18
92 8 0 0 1 104 5
92 9 0 0 9 218 1
92 10 0 0 8 322 0
92 11 0 0 8 336 -3
92 12 0 0 7 438 0
92 13 0 0 7 438 -2
92 14 0 0 6 519 0
92 15 0 0 3 522 -17
92 16 0 0 11 605 7
92 17 0 0 -26 579 -25
92 18 0 0 -21 620 -27
92 19 0 0 -9 684 -8
92 20 0 0 4 747 -6
92 21 0 0 3 788 7
92 22 0 0 10 844 -1
92 23 0 0 -2 893 -15
92 24 0 0 5 956 -10
92 25 0 0 4 1029 -11
92 26 0 0 9 1106 -5
92 27 0 0 5 1227 -17
92 28 0 0 15 1322 -14
92 29 0 0 15 1538 -9
92 30 0 0 31 1693 -8
92 31 0 0 28 2100 10
92 32 0 0 76 2444 9
92 33 0 0 144 3528 43
92 34 0 0 1720 4781 132
92 35 0 20776 2098 3762 -45
92 36 0 23367 0 0 0
92 37 0 18605 0 0 0
92 38 0 15210 0 0 0
92 39 0 15067 0 0 0
92 40 0 14866 0 0 0
92 41 0 14148 0 0 0
92 42 0 13716 0 0 0
92 43 0 13069 0 0 0
92 44 0 11843 0 0 0
92 45 0 11064 0 0 0
92 46 0 10648 0 0 0
92 47 0 8978 0 0 0
92 48 0 6490 0 0 0
92 49 0 5447 0 0 0
92 50 0 6490 0 0 0
92 51 0 8267 0 0 0
92 52 0 9241 0 0 0
92 53 0 8843 0 0 0
92 54 0 7542 0 0 0
92 55 0 6149 0 0 0
92 56 0 4942 0 0 0
92 57 0 3653 0 0 0
92 58 0 2311 0 0 0
92 59 0 1355 0 0 0
92 60 0 1019 0 0 0
92 61 0 1093 0 0 0
92 62 0 1262 0 0 0
92 63 0 1349 0 0 0
92 64 0 1447 0 0 0
92 65 0 1797 0 0 0
92 66 0 2441 0 0 0
92 67 0 2989 0 0 0
92 68 0 2924 0 0 0
92 69 0 2202 0 0 0
92 70 0 1308 0 0 0
92 71 0 744 0 0 0
92 72 0 648 0 0 0
92 73 0 824 0 0 0
92 74 0 945 0 0 0
92 75 0 818 0 0 0
92 76 0 530 0 0 0
92 77 0 314 0 0 0
92 78 0 335 0 0 0
92 79 0 619 0 0 0
92 80 0 1072 0 0 0
92 81 0 1487 0 0 0
92 82 0 1637 0 0 0
92 83 0 1473 0 0 0
92 84 0 1187 0 0 0
92 85 0 980 0 0 0
92 86 0 839 -26 2139 -42
92 87 0 0 -19 2100 -16
93 2 0 0 -246 -16 -3
93 3 0 0 -240 -30 -12
93 4 0 0 -276 -59 -8
93 5 0 0 -459 -243 -27
93 6 0 0 -309 -453 -28
93 7 0 0 -12 -276 -4
93 8 0 0 -9 -206 0
93 9 0 0 -8 -183 6
93 10 0 0 14 -156 -6
93 11 0 0 11 -145 5
93 12 0 0 12 -118 -8
93 13 0 0 9 -112 1
93 14 0 0 8 -81 -10
93 15 0 0 5 -80 -3
93 16 0 0 3 -41 -12
93 17 0 0 0 -45 -17
93 18 0 0 0 -10 -1
93 19 0 0 0 -1 -9
93 20 0 0 0 6 -16
93 21 0 0 0 21 -1
93 22 0 0 0 42 -2
93 23 0 0 1 55 -1
93 24 0 0 -1 72 -1
93 25 0 478 1 89 -1
93 26 0 0 -1 102 -1
93 27 0 0 1 120 -1
93 28 0 0 0 132 0
93 29 0 0 -2 150 -2
93 30 0 879 -3 174 -2
93 31 0 0 -5 214 -5
93 32 0 0 -17 313 -4
93 33 0 0 -40 472 2
93 34 0 0 -1977 1547 18
93 35 0 18629 2091 2427 -100
93 36 0 21882 0 0 0
93 37 0 20650 1473 2687 -94
93 38 0 21628 0 0 0
93 39 0 23969 569 2149 -58
93 40 0 23332 -100 1949 -54
93 41 0 21126 0 0 0
93 42 0 19888 0 0 0
93 43 0 18662 -214 1709 -27
93 44 0 15736 0 0 0
93 45 0 12255 -174 1531 0
93 46 0 9881 0 0 0
93 47 0 8081 -97 1454 -2
93 48 0 6796 -25 1463 -11
93 49 0 7433 0 0 0
93 50 0 10141 44 1502 -14
93 51 0 13140 0 0 0
93 52 0 14349 90 1573 -14
93 53 0 13086 0 0 0
93 54 0 10440 130 1666 -14
93 55 0 8052 0 0 0
93 56 0 6500 151 1778 -11
93 57 0 5132 0 0 0
93 58 0 3552 0 0 0
93 59 0 2239 128 1905 -12
93 60 0 1676 0 0 0
93 61 0 1719 68 1986 -12
93 62 0 1955 0 0 0
93 63 0 2066 33 2005 -16
93 64 0 2077 0 0 0
93 65 0 2250 30 2034 -16
93 66 0 2710 29 2075 -7
93 67 0 3131 0 0 0
93 68 0 3012 0 0 0
93 69 0 2301 -27 2136 -6
93 70 0 1474 0 0 0
93 71 0 1034 -65 2150 -10
93 72 0 1123 0 0 0
93 73 0 1495 -81 2119 -14
93 74 0 1696 0 0 0
93 75 0 1452 -74 2102 -12
93 76 0 931 0 0 0
93 77 0 537 -55 2091 -10
93 78 0 516 0 0 0
93 79 0 848 -35 2094 -8
93 80 0 1336 0 0 0
93 81 0 1741 -27 2100 -5
93 82 0 1901 0 0 0
93 83 0 1888 -16 2102 -5
93 84 0 1981 0 0 0
93 85 0 2286 -21 2126 -43
93 86 0 2413 21 2131 -43
93 87 0 0 21 2090 -22
94 2 0 0 -156 -22 -11
94 3 0 0 -204 -50 -11
94 4 0 0 -207 -88 -9
94 5 0 0 -172 -152 -6
94 6 0 0 -212 -393 -37
94 7 0 0 -61 -228 -8
94 8 0 0 -2 -168 -11
94 9 0 0 -7 -191 -9
94 10 0 0 -5 -144 -8
94 11 0 0 -3 -134 -4
94 12 0 0 -5 -113 -6
94 13 0 0 -2 -94 -5
94 14 0 0 -4 -80 -6
94 15 0 0 -1 -57 -5
94 16 0 0 -3 -50 -7
94 17 0 0 -4 -27 -1
94 18 0 0 0 -8 -2
94 19 0 0 1 -3 -8
94 20 0 0 0 5 0
94 21 0 0 0 18 -3
94 22 0 0 0 49 -4
94 23 0 0 2 52 -3
94 24 0 0 0 80 -4
94 25 0 0 1 84 -4
94 26 0 0 2 115 -3
94 27 0 0 0 121 -3
94 28 0 0 2 153 -5
94 29 0 0 -1 161 -2
94 30 0 0 -5 198 -3
94 31 0 23 -32 199 -6
94 32 0 165 -47 260 1
94 33 0 2193 -227 169 -25
94 34 0 6106 190 -365 -11
94 35 0 11429 1270 623 -85
94 36 0 14717 0 0 0
94 37 0 16477 0 0 0
94 38 0 20389 0 0 0
94 39 0 24242 0 0 0
94 40 0 24406 0 0 0
94 41 0 22506 0 0 0
94 42 0 21171 0 0 0
94 43 0 19632 0 0 0
94 44 0 16090 0 0 0
94 45 0 11511 0 0 0
94 46 0 8276 0 0 0
94 47 0 6900 0 0 0
94 48 0 7328 0 0 0
94 49 0 10167 0 0 0
94 50 0 14716 0 0 0
94 51 0 18458 0 0 0
94 52 0 18993 0 0 0
94 53 0 16167 0 0 0
94 54 0 12042 0 0 0
94 55 0 8886 0 0 0
94 56 0 7334 0 0 0
94 57 0 6282 0 0 0
94 58 0 4754 0 0 0
94 59 0 3139 0 0 0
94 60 0 2241 0 0 0
94 61 0 2131 0 0 0
94 62 0 2364 0 0 0
94 63 0 2489 0 0 0
94 64 0 2397 0 0 0
94 65 0 2294 0 0 0
94 66 0 2385 0 0 0
94 67 0 2526 0 0 0
94 68 0 2380 0 0 0
94 69 0 1906 0 0 0
94 70 0 1433 0 0 0
94 71 0 1305 0 0 0
94 72 0 1594 0 0 0
94 73 0 2050 0 0 0
94 74 0 2226 0 0 0
94 75 0 1862 0 0 0
94 76 0 1195 0 0 0
94 77 0 744 0 0 0
94 78 0 807 0 0 0
94 79 0 1288 0 0 0
94 80 0 1841 0 0 0
94 81 0 2188 0 0 0
94 82 0 2319 0 0 0
94 83 0 2591 0 0 0
94 84 0 3527 0 0 0
94 85 0 5040 0 0 0
94 86 0 5792 6 2141 -37
94 87 0 0 0 2138 -7
95 2 0 0 -97 -6 5
95 3 0 0 -128 -53 -7
95 4 0 0 -136 -98 -8
95 5 0 0 -129 -149 -5
95 6 0 0 -97 -181 -10
95 7 0 0 -49 -189 -5
95 8 0 0 -33 -178 -7
95 9 0 0 -5 -167 -4
95 10 0 0 -10 -148 -6
95 11 0 0 -1 -128 -5
95 12 0 0 -2 -115 -7
95 13 0 0 0 -94 -6
95 14 0 0 0 -82 -7
95 15 0 0 0 -61 -6
95 16 0 0 0 -49 -5
95 17 0 0 0 -31 -6
95 18 0 0 0 -9 -2
95 19 0 0 0 -4 -4
95 20 0 0 0 10 -2
95 21 0 0 0 26 -7
95 22 0 0 1 40 -5
95 23 0 0 -1 60 -6
95 24 0 0 5 75 -5
95 25 0 0 -2 93 -6
95 26 0 0 8 109 -6
95 27 0 0 -9 132 -6
95 28 0 0 10 144 -5
95 29 0 0 -19 172 -6
95 30 0 0 0 173 -2
95 31 0 70 -51 212 -8
95 32 0 322 -33 148 0
95 33 0 1145 -72 228 -33
95 34 0 3354 -10 -202 -22
95 35 0 6125 524 171 -19
95 36 0 8329 0 0 0
95 37 0 10120 926 1140 -36
95 38 0 12916 0 0 0
95 39 0 15879 490 1553 -21
95 40 0 17193 0 0 0
95 41 0 17069 56 1644 -21
95 42 0 16413 0 0 0
95 43 0 14907 -58 1549 -13
95 44 0 11966 0 0 0
95 45 0 8451 -99 1505 -10
95 46 0 6063 0 0 0
95 47 0 5592 -61 1475 -14
95 48 0 7337 -23 1489 -14
95 49 0 11509 0 0 0
95 50 0 16790 18 1526 -14
95 51 0 20292 0 0 0
95 52 0 19787 0 0 0
95 53 0 15858 44 1591 -15
95 54 0 11183 0 0 0
95 55 0 8108 70 1672 -14
95 56 0 7136 0 0 0
95 57 0 6813 77 1767 -14
95 58 0 5583 0 0 0
95 59 0 3716 75 1863 -13
95 60 0 2430 0 0 0
95 61 0 2078 36 1934 -14
95 62 0 2228 0 0 0
95 63 0 2348 16 1979 -17
95 64 0 2209 0 0 0
95 65 0 1920 11 2020 -15
95 66 0 1712 0 0 0
95 67 0 1616 12 2065 -13
95 68 0 1506 0 0 0
95 69 0 1371 5 2100 -13
95 70 0 1352 -34 2106 -13
95 71 0 1548 0 0 0
95 72 0 1900 -41 2098 -13
95 73 0 2209 0 0 0
95 74 0 2198 0 0 0
95 75 0 1754 -42 2089 -12
95 76 0 1133 0 0 0
95 77 0 828 -32 2085 -10
95 78 0 1116 0 0 0
95 79 0 1833 -24 2078 -7
95 80 0 2484 0 0 0
95 81 0 2750 -2 2090 -2
95 82 0 2817 0 0 0
95 83 0 3416 -8 2079 5
95 84 0 5448 0 0 0
95 85 0 8604 10 2115 -27
95 86 0 10200 17 2149 -37
95 87 0 0 25 2143 -8
96 2 0 0 -61 0 -4
96 3 0 0 -77 -50 -6
96 4 0 0 -78 -87 -5
96 5 0 0 -71 -136 -4
96 6 0 0 -49 -158 -4
96 7 0 0 -32 -174 -7
96 8 0 0 -16 -168 -8
96 9 0 0 -13 -157 -8
96 10 0 0 -4 -139 -6
96 11 0 0 -7 -127 -7
96 12 0 0 0 -109 -6
96 13 0 0 -4 -93 -7
96 14 0 0 0 -77 -6
96 15 0 0 -2 -58 -7
96 16 0 0 0 -48 -7
96 17 0 0 0 -29 -6
96 18 0 0 0 -8 -2
96 19 0 0 0 -2 -8
96 20 0 0 0 5 0
96 21 0 0 0 28 -5
96 22 0 0 0 40 -5
96 23 0 0 -3 65 -6
96 24 0 0 1 73 -7
96 25 0 0 -4 98 -4
96 26 0 0 0 110 -7
96 27 0 0 -7 134 -4
96 28 0 0 3 146 -7
96 29 0 0 -1 167 -4
96 30 0 0 1 168 -7
96 31 0 40 -15 205 -6
96 32 0 200 -19 159 -3
96 33 0 689 32 227 -10
96 34 0 1724 -4 63 -16
96 35 0 3112 304 308 -2
96 36 0 4282 339 585 -9
96 37 0 5117 369 1036 -7
96 38 0 6191 220 1273 -36
96 39 0 7654 204 1499 -38
96 40 0 8956 75 1671 -6
96 41 0 9648 -12 1657 0
96 42 0 9519 -37 1666 -1
96 43 0 8476 -41 1661 -11
96 44 0 6740 -46 1664 -1
96 45 0 4949 -40 1623 5
96 46 0 3839 -32 1607 3
96 47 0 3963 -15 1595 -4
96 48 0 5771 -17 1608 0
96 49 0 9350 -1 1601 0
96 50 0 13507 -2 1620 -1
96 51 0 15972 18 1635 -5
96 52 0 15155 9 1667 -5
96 53 0 11796 30 1692 -8
96 54 0 8162 19 1732 -7
96 55 0 6099 44 1767 -7
96 56 0 5983 27 1812 -6
96 57 0 6357 47 1849 -7
96 58 0 5463 27 1892 -6
96 59 0 3553 45 1932 -8
96 60 0 2088 16 1971 -7
96 61 0 1580 27 1998 -12
96 62 0 1629 7 2032 -8
96 63 0 1725 21 2053 -8
96 64 0 1611 3 2081 -4
96 65 0 1314 19 2097 -6
96 66 0 1025 2 2122 -3
96 67 0 859 18 2138 -6
96 68 0 834 -4 2160 -2
96 69 0 972 6 2171 -5
96 70 0 1286 -14 2186 -2
96 71 0 1670 -5 2182 -5
96 72 0 1939 -20 2190 -1
96 73 0 1966 -7 2184 -4
96 74 0 1714 -20 2190 0
96 75 0 1256 -6 2181 -3
96 76 0 813 -16 2187 0
96 77 0 735 0 2181 -2
96 78 0 1212 -13 2188 2
96 79 0 2057 1 2179 3
96 80 0 2731 -11 2183 5
96 81 0 2921 1 2183 0
96 82 0 2925 -29 2193 9
96 83 0 3666 -24 2167 9
96 84 0 6221 -49 2183 31
96 85 0 10163 -41 2162 23
96 86 0 12164 9 2159 -19
96 87 0 0 12 2153 -14
97 2 0 0 -6 -14 -14
97 3 0 0 -13 -41 -12
97 4 0 0 -15 -73 -5
97 5 0 0 -29 -120 4
97 6 0 0 -20 -169 0
97 7 0 0 -19 -175 2
97 8 0 0 -2 -166 -6
97 9 0 0 -8 -167 1
97 10 0 0 2 -139 -5
97 11 0 0 -5 -138 1
97 12 0 0 0 -107 -5
97 13 0 0 -3 -106 0
97 14 0 0 0 -73 -4
97 15 0 0 -1 -71 -1
97 16 0 0 -1 -39 -4
97 17 0 0 2 -17 0
97 18 0 0 0 -13 -17
97 19 0 0 0 -2 -8
97 20 0 0 -2 9 -17
97 21 0 0 2 14 0
97 22 0 0 0 43 -5
97 23 0 0 0 58 -6
97 24 0 0 1 72 -7
97 25 0 0 1 91 -6
97 26 0 0 1 106 -8
97 27 0 0 2 127 -6
97 28 0 0 3 145 -8
97 29 0 0 2 170 -7
97 30 0 0 7 189 -8
97 31 0 0 7 226 -6
97 32 0 0 0 212 -8
97 33 0 0 20 257 -12
97 34 0 0 43 303 -21
97 35 0 0 58 440 -10
97 36 0 0 78 670 -10
97 37 0 0 89 1020 -14
97 38 0 0 62 1262 -17
97 39 0 0 58 1442 -18
97 40 0 0 23 1618 -13
97 41 0 0 21 1644 -17
97 42 0 0 12 1670 -16
97 43 0 0 -6 1673 -12
97 44 0 0 -9 1660 -10
97 45 0 0 -13 1638 -5
97 46 0 0 -9 1618 -6
97 47 0 0 -12 1605 -5
97 48 0 0 -5 1606 -7
97 49 0 0 -7 1602 -4
97 50 0 0 0 1610 -8
97 51 0 0 -2 1623 -5
97 52 0 0 3 1647 -9
97 53 0 0 2 1671 -6
97 54 0 0 7 1705 -9
97 55 0 0 5 1740 -6
97 56 0 0 10 1781 -8
97 57 0 0 7 1820 -5
97 58 0 0 10 1861 -8
97 59 0 0 8 1902 -5
97 60 0 0 7 1940 -8
97 61 0 0 3 1969 -7
97 62 0 0 4 1997 -9
97 63 0 0 0 2021 -5
97 64 0 0 3 2044 -7
97 65 0 0 0 2065 -4
97 66 0 0 3 2086 -7
97 67 0 0 0 2107 -4
97 68 0 0 2 2125 -6
97 69 0 0 0 2140 -4
97 70 0 0 -1 2152 -6
97 71 0 0 -5 2156 -4
97 72 0 0 -3 2158 -6
97 73 0 0 -6 2159 -3
97 74 0 0 -3 2159 -5
97 75 0 0 -6 2157 -2
97 76 0 0 -3 2157 -5
97 77 0 0 -6 2158 -1
97 78 0 0 -2 2160 -3
97 79 0 0 -5 2160 0
97 80 0 0 -1 2160 -3
97 81 0 0 -8 2165 -7
97 82 0 0 -7 2164 -7
97 83 0 0 -7 2135 0
97 84 0 0 0 2109 1
97 85 0 0 22 2097 -11
97 86 0 0 -21 2091 -7
97 87 0 0 -6 2111 46
