0.000000 0.000000 0.000000 0.000000 0.000000 0.000000 -0.000534 -0.001451 -0.002930 -0.000213 -0.006833 0.002039 -0.001244 0.009617 0.001436 0.003179 0.003174 0.000000 0.000000 0.000000 0.000000 0.000000 0.000000 0.000000 0.000000 0.000000 0.000000 0.000000 0.000000 0.000000 0.000000 0.000000 0.000000 0.000000 0.000000 0.000000 0.000000 0.000000 0.000000 0.000000 0.000000 0.000000 0.000000 0.000000 0.000000 0.000000 0.000000 0.000000 0.000000 0.000000
0.000000 0.000000 0.000000 0.000000 0.000000 0.000000 -0.031393 -0.018718 -0.013190 -0.006534 -0.010906 0.008717 0.012345 0.012470 0.015930 0.029116 0.032550 0.000000 0.000000 0.000000 0.000000 0.000000 0.000000 0.000000 0.000000 0.000000 0.000000 0.000000 0.000000 0.000000 0.000000 0.000000 0.000000 0.000000 0.000000 0.000000 0.000000 0.000000 0.000000 0.000000 0.000000 0.000000 0.000000 0.000000 0.000000 0.000000 0.000000 0.000000 0.000000 0.000000
0.000000 0.000000 0.000000 0.000000 0.000000 0.000000 -0.036446 -0.045581 -0.044342 -0.034192 -0.021982 -0.007092 0.008046 0.026254 0.040931 0.050769 0.042310 0.000000 0.000000 0.000000 0.000000 0.000000 0.000000 0.000000 0.000000 0.000000 0.000000 0.000000 0.000000 0.000000 0.000000 0.000000 0.000000 0.000000 0.000000 0.000000 0.000000 0.000000 0.000000 0.000000 0.000000 0.000000 0.000000 0.000000 0.000000 0.000000 0.000000 0.000000 0.000000 0.000000
0.000000 0.000000 0.000000 0.000000 0.000000 0.000000 -0.057773 -0.071151 -0.043944 -0.035053 -0.022693 -0.007536 0.008024 0.026644 0.039556 0.069724 0.080536 0.000000 0.000000 0.000000 0.000000 0.000000 0.000000 0.000000 0.000000 0.000000 0.000000 0.000000 0.000000 0.000000 0.000000 0.000000 0.000000 0.000000 0.000000 0.000000 0.000000 0.000000 0.000000 0.000000 0.000000 0.000000 0.000000 0.000000 0.000000 0.000000 0.000000 0.000000 0.000000 0.000000
0.000000 0.000000 0.000000 0.000000 0.000000 0.000000 -0.081479 -0.085426 -0.065497 -0.052544 -0.034748 -0.011634 0.011725 0.039551 0.060763 0.103726 0.122656 0.000000 0.000000 0.000000 0.000000 0.000000 0.000000 0.000000 0.000000 0.000000 0.000000 0.000000 0.000000 0.000000 0.000000 0.000000 0.000000 0.000000 0.000000 0.000000 0.000000 0.000000 0.000000 0.000000 0.000000 0.000000 0.000000 0.000000 0.000000 0.000000 0.000000 0.000000 0.000000 0.000000
0.000000 0.000000 0.000000 0.000000 0.000000 0.000000 -0.111326 -0.137504 -0.090105 -0.073249 -0.048680 -0.018388 0.012587 0.053335 0.080566 0.171585 0.121627 0.000000 0.000000 0.000000 0.000000 0.000000 0.000000 0.000000 0.000000 0.000000 0.000000 0.000000 0.000000 0.000000 0.000000 0.000000 0.000000 0.000000 0.000000 0.000000 0.000000 0.000000 0.000000 0.000000 0.000000 0.000000 0.000000 0.000000 0.000000 0.000000 0.000000 0.000000 0.000000 0.000000
0.000000 0.000000 0.000000 0.000000 0.000000 0.000000 -0.184591 -0.186172 -0.127378 -0.100061 -0.069100 -0.027930 0.013501 0.070145 0.117280 0.268434 0.267135 0.000000 0.000000 0.000000 0.000000 0.000000 0.000000 0.000000 0.000000 0.000000 0.000000 0.000000 0.000000 0.000000 0.000000 0.000000 0.000000 0.000000 0.000000 0.000000 0.000000 0.000000 0.000000 0.000000 0.000000 0.000000 0.000000 0.000000 0.000000 0.000000 0.000000 0.000000 0.000000 0.000000
0.000000 0.000000 0.000000 0.000000 0.000000 0.000000 -0.214089 -0.248920 -0.166618 -0.134282 -0.093423 -0.044962 0.004938 0.082059 0.141215 0.400859 0.493933 0.000000 0.000000 0.000000 0.000000 0.000000 0.000000 0.000000 0.000000 0.000000 0.000000 0.000000 0.000000 0.000000 0.000000 0.000000 0.000000 0.000000 0.000000 0.000000 0.000000 0.000000 0.000000 0.000000 0.000000 0.000000 0.000000 0.000000 0.000000 0.000000 0.000000 0.000000 0.000000 0.000000
0.000000 0.000000 0.000000 0.000000 0.000000 0.000000 -0.029347 -0.381570 -0.232610 -0.173570 -0.127088 -0.068991 -0.012354 0.091126 0.195213 0.501037 1.220094 0.000000 0.000000 0.000000 0.000000 0.000000 0.000000 0.000000 0.000000 0.000000 0.000000 0.000000 0.000000 0.000000 0.000000 0.000000 0.000000 0.000000 0.000000 0.000000 0.000000 0.000000 0.000000 0.000000 0.000000 0.000000 0.000000 0.000000 0.000000 0.000000 0.000000 0.000000 0.000000 0.000000
-0.029941 -0.021552 -0.014733 -0.006998 -0.014538 -0.067715 -0.123926 -0.280339 -0.269299 -0.206511 -0.158773 -0.111218 -0.041469 0.037968 0.145057 0.616306 0.899500 -0.846124 -1.486988 -1.364304 -1.218870 -0.969884 -0.769310 -0.694770 -0.574147 -0.472512 -0.408247 -0.380318 -0.319007 -0.273646 -0.241587 -0.241942 -0.197043 -0.159636 -0.145332 -0.164357 -0.118995 -0.129676 -0.102070 -0.099665 -0.097026 -0.070529 -0.078572 -0.058254 -0.057895 -0.056785 -0.058641 -0.049829 -0.054066 -0.061969
-0.044029 -0.051546 -0.052736 -0.065489 -0.086332 -0.119823 -0.196821 -0.268897 -0.248472 -0.228454 -0.195541 -0.166584 -0.114446 -0.080323 0.020581 -0.011385 0.001782 -0.910403 -1.096395 -1.203477 -0.960786 -0.834178 -0.795148 -0.697553 -0.531858 -0.526900 -0.462761 -0.361441 -0.318728 -0.280926 -0.281296 -0.249343 -0.221338 -0.196468 -0.152497 -0.156520 -0.140968 -0.126401 -0.090132 -0.078884 -0.088898 -0.065789 -0.073179 -0.054302 -0.061842 -0.062234 -0.048380 -0.052654 -0.057074 -0.049933
-0.096829 -0.124072 -0.100828 -0.110228 -0.125080 -0.156698 -0.200974 -0.245522 -0.259685 -0.251253 -0.239724 -0.223498 -0.196759 -0.178056 -0.149573 -0.194021 -0.360704 -0.668740 -0.931073 -0.993945 -0.936033 -0.844522 -0.750355 -0.662891 -0.584514 -0.515642 -0.455357 -0.402760 -0.356973 -0.316354 -0.280942 -0.249756 -0.222152 -0.197886 -0.176573 -0.157895 -0.141275 -0.126719 -0.114007 -0.103064 -0.093421 -0.085156 -0.078282 -0.072261 -0.067574 -0.063682 -0.061035 -0.056768 -0.045584 -0.044570
-0.148188 -0.144336 -0.135141 -0.160084 -0.184884 -0.185568 -0.220806 -0.260017 -0.280498 -0.290935 -0.289847 -0.287943 -0.276640 -0.277886 -0.274232 -0.296055 -0.386971 -0.621446 -0.732174 -0.771030 -0.750297 -0.698506 -0.635832 -0.571931 -0.510752 -0.454495 -0.403506 -0.358376 -0.317828 -0.281819 -0.250224 -0.222260 -0.197613 -0.175657 -0.156552 -0.139898 -0.125087 -0.112201 -0.100798 -0.090894 -0.082443 -0.075091 -0.068853 -0.063665 -0.059370 -0.056273 -0.053316 -0.055713 -0.049999 -0.041556
-0.154603 -0.173191 -0.170239 -0.172198 -0.196601 -0.225992 -0.260306 -0.294696 -0.318849 -0.335708 -0.346419 -0.353816 -0.357253 -0.365503 -0.378664 -0.413919 -0.482594 -0.585730 -0.662265 -0.687916 -0.674533 -0.637721 -0.589036 -0.536196 -0.483646 -0.433848 -0.387895 -0.346156 -0.308583 -0.274863 -0.244849 -0.218120 -0.194393 -0.173367 -0.154777 -0.138396 -0.123926 -0.111236 -0.100107 -0.090434 -0.082021 -0.074807 -0.068637 -0.063518 -0.059143 -0.056009 -0.052833 -0.052201 -0.042810 -0.041423
-0.223297 -0.197848 -0.195508 -0.196038 -0.223979 -0.255011 -0.291477 -0.329453 -0.360741 -0.386530 -0.405601 -0.420729 -0.431240 -0.442331 -0.454001 -0.473741 -0.505830 -0.559262 -0.588517 -0.596073 -0.581851 -0.552241 -0.514022 -0.471765 -0.428772 -0.387065 -0.347772 -0.311536 -0.278445 -0.248521 -0.221718 -0.197727 -0.176372 -0.157366 -0.140557 -0.125710 -0.112598 -0.101090 -0.090983 -0.082180 -0.074546 -0.068002 -0.062371 -0.057770 -0.053773 -0.050984 -0.048306 -0.048562 -0.046012 -0.044925
-0.202903 -0.198228 -0.214529 -0.216241 -0.248005 -0.284173 -0.326285 -0.371030 -0.409249 -0.443116 -0.469939 -0.491319 -0.507348 -0.519419 -0.528766 -0.536329 -0.545337 -0.554300 -0.557545 -0.547171 -0.526197 -0.496061 -0.461003 -0.423389 -0.385600 -0.348945 -0.314392 -0.282306 -0.252958 -0.226278 -0.202256 -0.180665 -0.161369 -0.144181 -0.128897 -0.115370 -0.103410 -0.092891 -0.083652 -0.075603 -0.068598 -0.062601 -0.057433 -0.053189 -0.049519 -0.046844 -0.044449 -0.044134 -0.040371 -0.032562
-0.191353 -0.216771 -0.226176 -0.228235 -0.265186 -0.308734 -0.359848 -0.416351 -0.463754 -0.505690 -0.539495 -0.566606 -0.586319 -0.597721 -0.601414 -0.592923 -0.576011 -0.548768 -0.524537 -0.495905 -0.466153 -0.434038 -0.400990 -0.367576 -0.334860 -0.303384 -0.273879 -0.246305 -0.221151 -0.198060 -0.177305 -0.158517 -0.141720 -0.126716 -0.113377 -0.101488 -0.091022 -0.081771 -0.073678 -0.066584 -0.060439 -0.055160 -0.050621 -0.046894 -0.043668 -0.041355 -0.039182 -0.039148 -0.036186 -0.022874
-0.179842 -0.210345 -0.226661 -0.228992 -0.271056 -0.323340 -0.386863 -0.462527 -0.522452 -0.574593 -0.615822 -0.648938 -0.673677 -0.685916 -0.686194 -0.661229 -0.617473 -0.547449 -0.500179 -0.453667 -0.415621 -0.379109 -0.345904 -0.314358 -0.285067 -0.257515 -0.232263 -0.208817 -0.187493 -0.168081 -0.150559 -0.134731 -0.120511 -0.107896 -0.096511 -0.086497 -0.077576 -0.069763 -0.062839 -0.056840 -0.051582 -0.047101 -0.043234 -0.040049 -0.037316 -0.035296 -0.033517 -0.033338 -0.026718 -0.030689
-0.175226 -0.186467 -0.218277 -0.222726 -0.271860 -0.336226 -0.418689 -0.519992 -0.594710 -0.654788 -0.702920 -0.741585 -0.771623 -0.788631 -0.788272 -0.749329 -0.668751 -0.550266 -0.465905 -0.401339 -0.356258 -0.319735 -0.288327 -0.260198 -0.234890 -0.211483 -0.190821 -0.171098 -0.154185 -0.137840 -0.123896 -0.110695 -0.099083 -0.088737 -0.079670 -0.071046 -0.063923 -0.057348 -0.051850 -0.046735 -0.042534 -0.038782 -0.035670 -0.032991 -0.030793 -0.029124 -0.027739 -0.027536 -0.024000 -0.026145
-0.165568 -0.153747 -0.191304 -0.191534 -0.247102 -0.320643 -0.425597 -0.579899 -0.673021 -0.743076 -0.798304 -0.844726 -0.883784 -0.911973 -0.925423 -0.874182 -0.745577 -0.518204 -0.412119 -0.335580 -0.288147 -0.250001 -0.221053 -0.196446 -0.176099 -0.157123 -0.141586 -0.126747 -0.113337 -0.102041 -0.091278 -0.081815 -0.073052 -0.065943 -0.058465 -0.052800 -0.047152 -0.042716 -0.038235 -0.034815 -0.031444 -0.028833 -0.026488 -0.024552 -0.022967 -0.021754 -0.020533 -0.020179 -0.015639 -0.019170
-0.107646 -0.111935 -0.144640 -0.164692 -0.213794 -0.304307 -0.462587 -0.679863 -0.801385 -0.850368 -0.905308 -0.958397 -1.007601 -1.063515 -1.098766 -1.052219 -0.862825 -0.514130 -0.332662 -0.252000 -0.216167 -0.191807 -0.169161 -0.148810 -0.130460 -0.114912 -0.103449 -0.090436 -0.083624 -0.072287 -0.067241 -0.058395 -0.051892 -0.047029 -0.043925 -0.036328 -0.033861 -0.029802 -0.027998 -0.024104 -0.022603 -0.020313 -0.019074 -0.017295 -0.016339 -0.015107 -0.015158 -0.014091 -0.011122 -0.011857
-0.035110 -0.039215 -0.045212 -0.063975 -0.072810 -0.256344 -1.062969 -0.987683 -0.956121 -0.975848 -1.013417 -1.075235 -1.136404 -1.235557 -1.322916 -1.711059 -0.991413 -0.044209 -0.060525 -0.084837 -0.065688 -0.093599 -0.054585 -0.075891 -0.042085 -0.027945 -0.022154 -0.024399 -0.012565 -0.014276 -0.009251 -0.012383 -0.008943 -0.010048 -0.001570 -0.006168 -0.021268 -0.019614 -0.014270 -0.018222 -0.012695 -0.013565 -0.011796 -0.010762 -0.010137 -0.007310 -0.007075 -0.005242 -0.004374 -0.003195
-0.015588 0.008648 -0.033583 -0.048886 -0.038722 0.018805 -1.189840 -1.114204 -1.114919 -1.105044 -1.115856 -1.178330 -1.241976 -1.395350 -1.532745 -2.522883 0.149461 0.161146 0.009872 -0.057599 -0.062215 -0.064959 -0.001241 -0.005492 0.001701 -0.006101 -0.002329 -0.044328 -0.004051 -0.003702 -0.003258 -0.003395 -0.039991 -0.002837 -0.003218 -0.002545 0.001108 0.001231 0.000991 -0.005444 -0.004961 0.001637 0.000507 0.000371 0.000105 -0.005514 -0.001337 -0.000788 -0.000736 -0.000698
0.000000 0.000000 0.000000 0.000000 0.000000 0.000000 -1.424120 -1.291081 -1.193217 -1.179475 -1.175826 -1.239668 -1.287441 -1.466453 -1.558522 -1.895167 -1.386483 0.000000 0.000000 0.000000 0.000000 0.000000 0.000000 0.000000 0.000000 0.000000 0.000000 0.000000 0.000000 0.000000 0.000000 0.000000 0.000000 0.000000 0.000000 0.000000 0.000000 0.000000 0.000000 0.000000 0.000000 0.000000 0.000000 0.000000 0.000000 0.000000 0.000000 0.000000 0.000000 0.000000
0.000000 0.000000 0.000000 0.000000 0.000000 0.000000 -1.294437 -1.241969 -1.180443 -1.187998 -1.190790 -1.248733 -1.291889 -1.426550 -1.487305 -1.525198 -0.850388 0.000000 0.000000 0.000000 0.000000 0.000000 0.000000 0.000000 0.000000 0.000000 0.000000 0.000000 0.000000 0.000000 0.000000 0.000000 0.000000 0.000000 0.000000 0.000000 0.000000 0.000000 0.000000 0.000000 0.000000 0.000000 0.000000 0.000000 0.000000 0.000000 0.000000 0.000000 0.000000 0.000000
0.000000 0.000000 0.000000 0.000000 0.000000 0.000000 -1.244415 -1.226218 -1.174682 -1.185838 -1.195226 -1.234784 -1.272839 -1.360068 -1.412115 -1.294224 -0.598112 0.000000 0.000000 0.000000 0.000000 0.000000 0.000000 0.000000 0.000000 0.000000 0.000000 0.000000 0.000000 0.000000 0.000000 0.000000 0.000000 0.000000 0.000000 0.000000 0.000000 0.000000 0.000000 0.000000 0.000000 0.000000 0.000000 0.000000 0.000000 0.000000 0.000000 0.000000 0.000000 0.000000
0.000000 0.000000 0.000000 0.000000 0.000000 0.000000 -1.275153 -1.168760 -1.152022 -1.166008 -1.173949 -1.204503 -1.233144 -1.294290 -1.324270 -1.125217 -0.519870 0.000000 0.000000 0.000000 0.000000 0.000000 0.000000 0.000000 0.000000 0.000000 0.000000 0.000000 0.000000 0.000000 0.000000 0.000000 0.000000 0.000000 0.000000 0.000000 0.000000 0.000000 0.000000 0.000000 0.000000 0.000000 0.000000 0.000000 0.000000 0.000000 0.000000 0.000000 0.000000 0.000000
0.000000 0.000000 0.000000 0.000000 0.000000 0.000000 -1.211334 -1.166263 -1.130936 -1.138526 -1.146630 -1.163600 -1.184546 -1.220122 -1.239321 -1.035093 -0.360758 0.000000 0.000000 0.000000 0.000000 0.000000 0.000000 0.000000 0.000000 0.000000 0.000000 0.000000 0.000000 0.000000 0.000000 0.000000 0.000000 0.000000 0.000000 0.000000 0.000000 0.000000 0.000000 0.000000 0.000000 0.000000 0.000000 0.000000 0.000000 0.000000 0.000000 0.000000 0.000000 0.000000
0.000000 0.000000 0.000000 0.000000 0.000000 0.000000 -1.212638 -1.099686 -1.105979 -1.102116 -1.108690 -1.115529 -1.129595 -1.150626 -1.162124 -0.949858 -0.452913 0.000000 0.000000 0.000000 0.000000 0.000000 0.000000 0.000000 0.000000 0.000000 0.000000 0.000000 0.000000 0.000000 0.000000 0.000000 0.000000 0.000000 0.000000 0.000000 0.000000 0.000000 0.000000 0.000000 0.000000 0.000000 0.000000 0.000000 0.000000 0.000000 0.000000 0.000000 0.000000 0.000000
0.000000 0.000000 0.000000 0.000000 0.000000 0.000000 -1.208842 -1.081791 -1.087813 -1.064889 -1.066523 -1.063897 -1.070433 -1.079930 -1.086346 -0.915071 -0.394161 0.000000 0.000000 0.000000 0.000000 0.000000 0.000000 0.000000 0.000000 0.000000 0.000000 0.000000 0.000000 0.000000 0.000000 0.000000 0.000000 0.000000 0.000000 0.000000 0.000000 0.000000 0.000000 0.000000 0.000000 0.000000 0.000000 0.000000 0.000000 0.000000 0.000000 0.000000 0.000000 0.000000
0.000000 0.000000 0.000000 0.000000 0.000000 0.000000 -1.097796 -1.071009 -1.078602 -1.017922 -1.017359 -1.004735 -1.007093 -1.009610 -1.013503 -0.807133 -0.377789 0.000000 0.000000 0.000000 0.000000 0.000000 0.000000 0.000000 0.000000 0.000000 0.000000 0.000000 0.000000 0.000000 0.000000 0.000000 0.000000 0.000000 0.000000 0.000000 0.000000 0.000000 0.000000 0.000000 0.000000 0.000000 0.000000 0.000000 0.000000 0.000000 0.000000 0.000000 0.000000 0.000000
0.000000 0.000000 0.000000 0.000000 0.000000 0.000000 -0.532696 -1.217681 -1.061943 -0.968547 -0.960395 -0.942230 -0.939282 -0.938125 -0.939888 -0.744488 -0.354781 0.000000 0.000000 0.000000 0.000000 0.000000 0.000000 0.000000 0.000000 0.000000 0.000000 0.000000 0.000000 0.000000 0.000000 0.000000 0.000000 0.000000 0.000000 0.000000 0.000000 0.000000 0.000000 0.000000 0.000000 0.000000 0.000000 0.000000 0.000000 0.000000 0.000000 0.000000 0.000000 0.000000
-0.010498 -0.012188 -0.026887 -0.029076 -0.001891 -0.046436 -0.148211 -1.233066 -0.839923 -0.886289 -0.863142 -0.862954 -0.862236 -0.864129 -0.865869 -0.689614 -0.329077 0.000000 0.000000 0.000000 0.000000 0.000000 0.000000 0.000000 0.000000 0.000000 0.000000 0.000000 0.000000 0.000000 0.000000 0.000000 0.000000 0.000000 0.000000 0.000000 0.000000 0.000000 0.000000 0.000000 0.000000 0.000000 0.000000 0.000000 0.000000 0.000000 0.000000 0.000000 0.000000 0.000000
-0.080380 -0.094928 -0.103724 -0.114283 -0.153579 -0.229209 -0.389207 -0.641372 -0.678988 -0.736671 -0.756436 -0.772914 -0.782649 -0.789022 -0.791963 -0.625108 -0.294317 0.000000 0.000000 0.000000 0.000000 0.000000 0.000000 0.000000 0.000000 0.000000 0.000000 0.000000 0.000000 0.000000 0.000000 0.000000 0.000000 0.000000 0.000000 0.000000 0.000000 0.000000 0.000000 0.000000 0.000000 0.000000 0.000000 0.000000 0.000000 0.000000 0.000000 0.000000 0.000000 0.000000
-0.091215 -0.145481 -0.155063 -0.155441 -0.199540 -0.263849 -0.363983 -0.506900 -0.588318 -0.649485 -0.675035 -0.696375 -0.708965 -0.717383 -0.721118 -0.662185 -0.322626 0.000000 0.000000 0.000000 0.000000 0.000000 0.000000 0.000000 0.000000 0.000000 0.000000 0.000000 0.000000 0.000000 0.000000 0.000000 0.000000 0.000000 0.000000 0.000000 0.000000 0.000000 0.000000 0.000000 0.000000 0.000000 0.000000 0.000000 0.000000 0.000000 0.000000 0.000000 0.000000 0.000000
-0.138234 -0.153020 -0.187895 -0.190100 -0.230166 -0.290434 -0.363120 -0.466386 -0.515643 -0.568482 -0.597707 -0.621836 -0.637418 -0.647671 -0.653332 -0.482396 -0.191940 0.000000 0.000000 0.000000 0.000000 0.000000 0.000000 0.000000 0.000000 0.000000 0.000000 0.000000 0.000000 0.000000 0.000000 0.000000 0.000000 0.000000 0.000000 0.000000 0.000000 0.000000 0.000000 0.000000 0.000000 0.000000 0.000000 0.000000 0.000000 0.000000 0.000000 0.000000 0.000000 0.000000
-0.159344 -0.178928 -0.197524 -0.234250 -0.282581 -0.338190 -0.341810 -0.412307 -0.460454 -0.503971 -0.533953 -0.556692 -0.573082 -0.583471 -0.588955 -0.545249 -0.202708 0.000000 0.000000 0.000000 0.000000 0.000000 0.000000 0.000000 0.000000 0.000000 0.000000 0.000000 0.000000 0.000000 0.000000 0.000000 0.000000 0.000000 0.000000 0.000000 0.000000 0.000000 0.000000 0.000000 0.000000 0.000000 0.000000 0.000000 0.000000 0.000000 0.000000 0.000000 0.000000 0.000000
-0.207165 -0.197163 -0.209812 -0.236255 -0.275128 -0.318589 -0.321948 -0.371253 -0.412771 -0.450441 -0.478802 -0.497607 -0.513377 -0.525508 -0.528439 -0.539570 -0.311114 0.000000 0.000000 0.000000 0.000000 0.000000 0.000000 0.000000 0.000000 0.000000 0.000000 0.000000 0.000000 0.000000 0.000000 0.000000 0.000000 0.000000 0.000000 0.000000 0.000000 0.000000 0.000000 0.000000 0.000000 0.000000 0.000000 0.000000 0.000000 0.000000 0.000000 0.000000 0.000000 0.000000
-0.240088 -0.204936 -0.214808 -0.215921 -0.240570 -0.269115 -0.302521 -0.339096 -0.371403 -0.400685 -0.425091 -0.442250 -0.458045 -0.466162 -0.471036 -0.490904 -0.158087 0.000000 0.000000 0.000000 0.000000 0.000000 0.000000 0.000000 0.000000 0.000000 0.000000 0.000000 0.000000 0.000000 0.000000 0.000000 0.000000 0.000000 0.000000 0.000000 0.000000 0.000000 0.000000 0.000000 0.000000 0.000000 0.000000 0.000000 0.000000 0.000000 0.000000 0.000000 0.000000 0.000000
-0.171156 -0.206274 -0.209060 -0.210230 -0.230025 -0.253021 -0.279141 -0.307480 -0.333225 -0.356710 -0.377777 -0.391494 -0.407067 -0.412682 -0.419233 -0.318685 -0.104724 0.000000 0.000000 0.000000 0.000000 0.000000 0.000000 0.000000 0.000000 0.000000 0.000000 0.000000 0.000000 0.000000 0.000000 0.000000 0.000000 0.000000 0.000000 0.000000 0.000000 0.000000 0.000000 0.000000 0.000000 0.000000 0.000000 0.000000 0.000000 0.000000 0.000000 0.000000 0.000000 0.000000
-0.184505 -0.202163 -0.198154 -0.199099 -0.215125 -0.233128 -0.254047 -0.275840 -0.297254 -0.316041 -0.334885 -0.345790 -0.359233 -0.363824 -0.368926 -0.350558 -0.098543 0.000000 0.000000 0.000000 0.000000 0.000000 0.000000 0.000000 0.000000 0.000000 0.000000 0.000000 0.000000 0.000000 0.000000 0.000000 0.000000 0.000000 0.000000 0.000000 0.000000 0.000000 0.000000 0.000000 0.000000 0.000000 0.000000 0.000000 0.000000 0.000000 0.000000 0.000000 0.000000 0.000000
-0.181679 -0.188912 -0.183793 -0.184569 -0.197491 -0.211647 -0.228248 -0.245145 -0.262433 -0.277096 -0.292559 -0.300083 -0.314910 -0.316034 -0.323216 -0.249577 -0.092336 0.000000 0.000000 0.000000 0.000000 0.000000 0.000000 0.000000 0.000000 0.000000 0.000000 0.000000 0.000000 0.000000 0.000000 0.000000 0.000000 0.000000 0.000000 0.000000 0.000000 0.000000 0.000000 0.000000 0.000000 0.000000 0.000000 0.000000 0.000000 0.000000 0.000000 0.000000 0.000000 0.000000
-0.161306 -0.175392 -0.165903 -0.166639 -0.176577 -0.187933 -0.201123 -0.214401 -0.228855 -0.240277 -0.253945 -0.260733 -0.272456 -0.273222 -0.278376 -0.278639 -0.077727 0.000000 0.000000 0.000000 0.000000 0.000000 0.000000 0.000000 0.000000 0.000000 0.000000 0.000000 0.000000 0.000000 0.000000 0.000000 0.000000 0.000000 0.000000 0.000000 0.000000 0.000000 0.000000 0.000000 0.000000 0.000000 0.000000 0.000000 0.000000 0.000000 0.000000 0.000000 0.000000 0.000000
-0.144482 -0.156976 -0.146245 -0.146966 -0.155193 -0.163596 -0.174179 -0.184127 -0.195589 -0.203030 -0.216063 -0.218830 -0.233175 -0.230199 -0.237605 -0.175399 -0.070279 0.000000 0.000000 0.000000 0.000000 0.000000 0.000000 0.000000 0.000000 0.000000 0.000000 0.000000 0.000000 0.000000 0.000000 0.000000 0.000000 0.000000 0.000000 0.000000 0.000000 0.000000 0.000000 0.000000 0.000000 0.000000 0.000000 0.000000 0.000000 0.000000 0.000000 0.000000 0.000000 0.000000
-0.126596 -0.135774 -0.123604 -0.124396 -0.129277 -0.136993 -0.144871 -0.152771 -0.162497 -0.168871 -0.178178 -0.180758 -0.192110 -0.186557 -0.204194 -0.174459 -0.042096 0.000000 0.000000 0.000000 0.000000 0.000000 0.000000 0.000000 0.000000 0.000000 0.000000 0.000000 0.000000 0.000000 0.000000 0.000000 0.000000 0.000000 0.000000 0.000000 0.000000 0.000000 0.000000 0.000000 0.000000 0.000000 0.000000 0.000000 0.000000 0.000000 0.000000 0.000000 0.000000 0.000000
-0.106520 -0.112157 -0.100532 -0.101873 -0.107392 -0.111444 -0.118360 -0.123482 -0.130606 -0.132240 -0.141828 -0.141371 -0.152536 -0.144547 -0.169088 -0.109902 -0.058726 0.000000 0.000000 0.000000 0.000000 0.000000 0.000000 0.000000 0.000000 0.000000 0.000000 0.000000 0.000000 0.000000 0.000000 0.000000 0.000000 0.000000 0.000000 0.000000 0.000000 0.000000 0.000000 0.000000 0.000000 0.000000 0.000000 0.000000 0.000000 0.000000 0.000000 0.000000 0.000000 0.000000
-0.069613 -0.076805 -0.099474 -0.075960 -0.078134 -0.082290 -0.086383 -0.090247 -0.095815 -0.097575 -0.102079 -0.101610 -0.116530 -0.101347 -0.141087 -0.093801 -0.062623 0.000000 0.000000 0.000000 0.000000 0.000000 0.000000 0.000000 0.000000 0.000000 0.000000 0.000000 0.000000 0.000000 0.000000 0.000000 0.000000 0.000000 0.000000 0.000000 0.000000 0.000000 0.000000 0.000000 0.000000 0.000000 0.000000 0.000000 0.000000 0.000000 0.000000 0.000000 0.000000 0.000000
-0.067469 -0.064960 -0.074290 -0.075146 -0.075458 -0.080070 -0.083538 -0.086815 -0.093678 -0.096031 -0.105513 -0.105351 -0.125515 -0.109394 -0.137645 -0.098265 -0.028657 0.000000 0.000000 0.000000 0.000000 0.000000 0.000000 0.000000 0.000000 0.000000 0.000000 0.000000 0.000000 0.000000 0.000000 0.000000 0.000000 0.000000 0.000000 0.000000 0.000000 0.000000 0.000000 0.000000 0.000000 0.000000 0.000000 0.000000 0.000000 0.000000 0.000000 0.000000 0.000000 0.000000
-0.048816 -0.030859 -0.035941 -0.032265 -0.032925 -0.046114 -0.032240 -0.033120 -0.033142 -0.040482 -0.026157 -0.042515 -0.049672 -0.047805 -0.060217 -0.043965 -0.033975 0.000000 0.000000 0.000000 0.000000 0.000000 0.000000 0.000000 0.000000 0.000000 0.000000 0.000000 0.000000 0.000000 0.000000 0.000000 0.000000 0.000000 0.000000 0.000000 0.000000 0.000000 0.000000 0.000000 0.000000 0.000000 0.000000 0.000000 0.000000 0.000000 0.000000 0.000000 0.000000 0.000000
-0.018268 0.004674 -0.004032 -0.002563 -0.002395 -0.021900 -0.004254 -0.005194 -0.004575 -0.016248 0.004220 -0.011469 -0.007795 0.010669 -0.014953 0.016058 -0.013958 0.000000 0.000000 0.000000 0.000000 0.000000 0.000000 0.000000 0.000000 0.000000 0.000000 0.000000 0.000000 0.000000 0.000000 0.000000 0.000000 0.000000 0.000000 0.000000 0.000000 0.000000 0.000000 0.000000 0.000000 0.000000 0.000000 0.000000 0.000000 0.000000 0.000000 0.000000 0.000000 0.000000
