2.513
2.734
2.826
2.859
2.869
2.905
2.969
3.016
3.041
3.071
3.079
3.146
3.150
3.153
3.158
3.162
3.165
3.201
3.228
3.253
3.268
3.280
3.296
3.298
3.299
3.299
3.301
3.301
3.303
3.316
3.318
3.324
3.339
3.345
3.358
3.381
3.391
3.421
3.475
3.477
3.481
3.561
3.563
3.576
3.682
3.697
3.736
3.739
3.744
3.804
3.820
3.849
3.854
3.875
3.900
3.902
3.914
3.917
3.927
3.950
3.965
3.972
3.974
4.000
4.016
4.023
4.036
4.037
4.049
4.067
4.118
4.118
4.135
4.136
4.137
4.139
4.146
4.148
4.169
4.173
4.175
4.179
4.179
4.205
4.216
4.221
4.228
4.280
4.280
4.282
4.290
4.304
4.307
4.309
4.319
4.337
4.347
4.354
4.359
4.360