1.771
1.801
1.849
1.860
1.868
1.899
1.957
1.990
1.993
2.051
2.075
2.087
2.090
2.092
2.094
2.143
2.169
2.173
2.177
2.178
2.198
2.238
2.258
2.279
2.281
2.288
2.299
2.335
2.337
2.343
2.349
2.356
2.360
2.368
2.370
2.373
2.399
2.407
2.413
2.416
2.425
2.432
2.436
2.437
2.439
2.443
2.443
2.452
2.462
2.462
2.473
2.477
2.478
2.482
2.490
2.498
2.502
2.513
2.515
2.515
2.519
2.522
2.524
2.529
2.532
2.539
2.540
2.549
2.549
2.553
2.559
2.563
2.572
2.581
2.581
2.586
2.588
2.590
2.593
2.597
2.601
2.603
2.611
2.611
2.616
2.625
2.635
2.640
2.640
2.642
2.645
2.652
2.653
2.654
2.658
2.660
2.661
2.661
2.667
2.670