1.239
1.326
1.374
1.404
1.408
1.436
1.437
1.439
1.461
1.470
1.477
1.478
1.490
1.498
1.504
1.504
1.504
1.508
1.509
1.511
1.517
1.546
1.560
1.568
1.571
1.579
1.580
1.584
1.589
1.593
1.594
1.594
1.599
1.607
1.607
1.617
1.623
1.625
1.633
1.643
1.647
1.657
1.659
1.661
1.671
1.677
1.686
1.691
1.691
1.696
1.697
1.699
1.701
1.706
1.711
1.713
1.714
1.715
1.716
1.720
1.723
1.740
1.742
1.747
1.753
1.758
1.758
1.760
1.760
1.760
1.760
1.761
1.762
1.762
1.763
1.771
1.775
1.776
1.777
1.779
1.780
1.783
1.785
1.786
1.787
1.788
1.792
1.794
1.797
1.798
1.801
1.806
1.806
1.807
1.808
1.809
1.813
1.815
1.816
1.818