1.239
1.439
1.461
1.477
1.504
1.546
1.579
1.580
1.584
1.593
1.607
1.657
1.691
1.696
1.715
1.720
1.740
1.758
1.758
1.760
1.761
1.771
1.783
1.788
1.792
1.797
1.801
1.806
1.806
1.807
1.808
1.809
1.815
1.818
1.823
1.830
1.844
1.849
1.851
1.854
1.860
1.861
1.865
1.866
1.867
1.868
1.876
1.883
1.885
1.889
1.889
1.894
1.899
1.899
1.899
1.901
1.904
1.906
1.924
1.924
1.925
1.932
1.935
1.936
1.937
1.941
1.944
1.951
1.952
1.953
1.953
1.957
1.957
1.960
1.962
1.963
1.965
1.968
1.971
1.971
1.971
1.976
1.980
1.981
1.981
1.982
1.982
1.985
1.986
1.987
1.989
1.989
1.990
1.993
1.994
1.998
1.999
2.001
2.004
2.004