1.580
1.584
1.593
1.607
1.657
1.691
1.740
1.771
1.792
1.801
1.806
1.809
1.823
1.844
1.849
1.851
1.860
1.861
1.867
1.868
1.883
1.885
1.894
1.899
1.899
1.899
1.901
1.924
1.924
1.936
1.941
1.944
1.953
1.953
1.957
1.957
1.963
1.968
1.971
1.971
1.971
1.976
1.981
1.981
1.990
1.993
1.994
1.998
2.004
2.004
2.006
2.007
2.008
2.010
2.012
2.025
2.031
2.035
2.043
2.043
2.044
2.045
2.046
2.046
2.051
2.051
2.053
2.053
2.055
2.057
2.058
2.058
2.059
2.062
2.065
2.067
2.068
2.068
2.069
2.075
2.083
2.087
2.090
2.092
2.094
2.094
2.099
2.100
2.103
2.108
2.108
2.112
2.117
2.117
2.128
2.132
2.135
2.135
2.137
2.140