2.051
2.178
2.281
2.337
2.439
2.462
2.478
2.513
2.515
2.563
2.625
2.640
2.654
2.692
2.694
2.696
2.699
2.703
2.711
2.713
2.716
2.724
2.734
2.764
2.773
2.781
2.800
2.816
2.825
2.826
2.843
2.859
2.860
2.865
2.867
2.869
2.874
2.883
2.887
2.899
2.905
2.910
2.913
2.929
2.935
2.937
2.943
2.946
2.951
2.963
2.969
2.981
2.982
2.982
2.984
2.990
3.000
3.016
3.026
3.041
3.045
3.048
3.050
3.053
3.065
3.067
3.071
3.072
3.079
3.082
3.088
3.102
3.105
3.117
3.127
3.131
3.134
3.140
3.144
3.144
3.146
3.148
3.149
3.150
3.150
3.153
3.158
3.158
3.162
3.164
3.165
3.166
3.169
3.172
3.175
3.186
3.188
3.191
3.201
3.207