2.462
2.513
2.734
2.773
2.826
2.859
2.865
2.869
2.887
2.899
2.905
2.910
2.969
2.990
3.000
3.016
3.026
3.041
3.067
3.071
3.072
3.079
3.117
3.131
3.134
3.144
3.144
3.146
3.149
3.150
3.150
3.153
3.158
3.162
3.164
3.165
3.169
3.172
3.175
3.188
3.201
3.228
3.245
3.246
3.253
3.253
3.255
3.256
3.268
3.275
3.280
3.280
3.296
3.298
3.299
3.299
3.301
3.301
3.303
3.307
3.315
3.316
3.318
3.324
3.324
3.334
3.335
3.337
3.339
3.339
3.345
3.348
3.358
3.363
3.364
3.365
3.369
3.376
3.381
3.388
3.389
3.391
3.391
3.402
3.404
3.406
3.410
3.421
3.423
3.423
3.423
3.424
3.426
3.428
3.429
3.430
3.431
3.439
3.441
3.443