1.860
1.868
1.990
1.993
2.051
2.087
2.092
2.169
2.177
2.178
2.198
2.258
2.281
2.299
2.335
2.337
2.349
2.356
2.373
2.399
2.407
2.413
2.416
2.425
2.432
2.436
2.437
2.439
2.443
2.462
2.477
2.478
2.482
2.498
2.513
2.515
2.522
2.524
2.529
2.539
2.563
2.572
2.581
2.581
2.593
2.597
2.601
2.603
2.611
2.611
2.616
2.625
2.640
2.640
2.652
2.653
2.654
2.658
2.660
2.661
2.661
2.667
2.684
2.686
2.690
2.692
2.694
2.696
2.699
2.703
2.710
2.711
2.713
2.716
2.724
2.726
2.730
2.734
2.735
2.737
2.738
2.743
2.751
2.755
2.758
2.761
2.764
2.764
2.768
2.768
2.769
2.773
2.773
2.779
2.781
2.787
2.791
2.792
2.796
2.800