1.657
1.771
1.801
1.809
1.823
1.844
1.849
1.851
1.860
1.861
1.867
1.868
1.883
1.899
1.924
1.936
1.944
1.957
1.957
1.971
1.981
1.990
1.993
1.998
2.004
2.004
2.006
2.012
2.043
2.045
2.046
2.051
2.051
2.053
2.055
2.057
2.062
2.068
2.069
2.075
2.087
2.090
2.092
2.094
2.108
2.112
2.128
2.132
2.135
2.140
2.142
2.143
2.144
2.146
2.153
2.158
2.158
2.159
2.169
2.173
2.177
2.178
2.179
2.183
2.184
2.187
2.191
2.198
2.203
2.204
2.207
2.208
2.210
2.212
2.212
2.225
2.225
2.225
2.228
2.236
2.238
2.239
2.244
2.247
2.247
2.247
2.248
2.250
2.257
2.258
2.261
2.269
2.273
2.273
2.279
2.281
2.281
2.284
2.288
2.289