0.511384 0.511363 0.496498 0.435785 0.508429 0.509551 0.423980 0.510596 0.496481 0.507728 0.501553 0.508132 0.514118 0.512138 0.546321 0.394684 0.513320 0.513318 0.513183 0.513155 0.514101 0.501766 0.463970 0.466992 0.468282 0.480092 0.469633 0.470260 0.497798 0.504002 0.498747 0.496252 0.474778 0.473731 0.565165 0.571898 0.574529 0.577697 0.598789 0.610487 0.585251 0.598871 0.579315 0.577203 0.577899 0.511914 0.507560 0.516161 0.421883 0.512613
0.471539 0.483406 0.436923 0.476970 0.472067 0.483111 0.483642 0.472183 0.484737 0.483908 0.477799 0.476173 0.484016 0.476644 0.476383 0.479908 0.480533 0.462060 0.466170 0.471079 0.491957 0.498578 0.490315 0.497699 0.512184 0.516800 0.539618 0.546555 0.538833 0.542479 0.541863 0.542544 0.543487 0.547780 0.572760 0.587606 0.597807 0.600946 0.595422 0.588546 0.583763 0.586632 0.588980 0.571406 0.567107 0.553307 0.532317 0.464501 0.492105 0.547586
0.443741 0.420191 0.415687 0.392850 0.393789 0.389111 0.389241 0.386836 0.385844 0.385162 0.383627 0.383361 0.383101 0.385001 0.387996 0.392769 0.401304 0.409855 0.419881 0.431917 0.445850 0.462547 0.480346 0.501704 0.523135 0.548187 0.570641 0.593044 0.610796 0.626465 0.636053 0.641611 0.642370 0.639182 0.634307 0.625330 0.621983 0.601691 0.595602 0.577156 0.564354 0.536737 0.514269 0.501563 0.482683 0.489623 0.446821 0.482260 0.466732 0.528030
0.411054 0.399543 0.387586 0.374275 0.392445 0.391047 0.378581 0.380642 0.373207 0.373136 0.369074 0.368558 0.367729 0.368684 0.371305 0.376360 0.383758 0.392436 0.402560 0.414963 0.429494 0.446970 0.466288 0.489202 0.513124 0.540673 0.565145 0.590352 0.609724 0.626756 0.637763 0.643749 0.645134 0.642634 0.638413 0.629760 0.616640 0.599765 0.584036 0.568196 0.548853 0.533534 0.509965 0.498536 0.474265 0.466233 0.445414 0.457789 0.490886 0.437981
0.352460 0.359834 0.375269 0.374414 0.387831 0.387085 0.381781 0.382358 0.378486 0.376914 0.374295 0.372907 0.372452 0.373700 0.376788 0.382909 0.390845 0.401681 0.414924 0.430909 0.449414 0.472133 0.497320 0.528208 0.559900 0.597818 0.632481 0.670522 0.699627 0.724129 0.739242 0.747582 0.749256 0.745938 0.738776 0.728772 0.712496 0.696151 0.676375 0.653824 0.623971 0.598394 0.546345 0.535408 0.476771 0.474665 0.455501 0.479178 0.457718 0.429092
0.328012 0.342698 0.330463 0.321114 0.335329 0.322764 0.318813 0.311831 0.304999 0.300382 0.294108 0.291203 0.289107 0.290135 0.293954 0.302695 0.313586 0.328108 0.344517 0.365120 0.388648 0.418111 0.450759 0.492148 0.534828 0.588574 0.636732 0.691083 0.728724 0.761440 0.779493 0.788228 0.787941 0.780116 0.767455 0.749403 0.728359 0.703619 0.676906 0.649199 0.615329 0.579467 0.538764 0.500374 0.468556 0.448534 0.428628 0.443040 0.446134 0.383038
0.292512 0.304075 0.307186 0.301972 0.309759 0.304911 0.300510 0.294978 0.288637 0.282663 0.276850 0.272285 0.269542 0.270069 0.273977 0.283970 0.296937 0.313121 0.332145 0.355525 0.382504 0.416715 0.455255 0.505183 0.557551 0.626200 0.689642 0.764350 0.820044 0.861594 0.884097 0.892428 0.889734 0.878027 0.861104 0.839615 0.814423 0.786848 0.752450 0.712293 0.667961 0.622925 0.566392 0.517252 0.471813 0.446016 0.419823 0.430725 0.397511 0.378342
0.259218 0.276848 0.270456 0.266003 0.269569 0.257684 0.253057 0.243205 0.234731 0.225689 0.216927 0.209131 0.203511 0.202158 0.204411 0.219490 0.234155 0.253977 0.274297 0.300722 0.330556 0.369938 0.414283 0.475917 0.540687 0.632499 0.716501 0.828097 0.886357 0.941210 0.963158 0.967967 0.959842 0.940258 0.916374 0.887228 0.855747 0.821142 0.782935 0.740883 0.686905 0.632798 0.563032 0.505573 0.451640 0.416558 0.384221 0.384960 0.369553 0.406758
0.230316 0.243943 0.242793 0.240982 0.240021 0.232334 0.225445 0.215616 0.205725 0.194177 0.182985 0.171293 0.162585 0.157570 0.158534 0.175390 0.196104 0.216797 0.239771 0.266770 0.298067 0.338800 0.387123 0.454253 0.529547 0.642971 0.754701 0.905800 1.015113 1.072104 1.094138 1.087470 1.068910 1.037571 1.005362 0.968656 0.931737 0.892458 0.849500 0.800069 0.737871 0.667598 0.572202 0.495315 0.429675 0.384273 0.346700 0.347224 0.264278 0.275697
0.258749 0.199423 0.212472 0.210223 0.206435 0.196796 0.188039 0.175846 0.163082 0.147766 0.132273 0.114615 0.100241 0.087948 0.082643 0.119483 0.142565 0.165364 0.184938 0.211379 0.241533 0.282762 0.332464 0.406916 0.493493 0.634233 0.788992 1.048455 1.119951 1.209676 1.217919 1.197694 1.165466 1.120107 1.077990 1.032333 0.990100 0.947458 0.901634 0.850806 0.779155 0.703949 0.570929 0.469739 0.387546 0.334989 0.293915 0.290031 0.234869 0.225839
0.204002 0.183862 0.185295 0.184494 0.178920 0.169645 0.159190 0.145446 0.129969 0.110594 0.090522 0.064035 0.041226 0.015108 -0.002031 0.042164 0.088403 0.113540 0.135607 0.158276 0.185323 0.220404 0.268032 0.335129 0.419829 0.595100 0.790586 1.150673 1.392277 1.437309 1.413002 1.349801 1.289638 1.219972 1.163706 1.108160 1.062904 1.020242 0.979484 0.931447 0.864385 0.754973 0.550743 0.414001 0.326263 0.266063 0.227635 0.227296 0.178642 0.128117
0.175990 0.162903 0.159858 0.158638 0.151514 0.141549 0.129380 0.113656 0.095576 0.072841 0.046486 0.009965 -0.018518 -0.195645 -0.240400 -0.003241 0.048495 0.063080 0.073588 0.078167 0.099355 0.103598 0.134149 0.172144 0.229521 0.382171 0.853614 1.619298 1.587894 1.633570 1.585746 1.494603 1.401462 1.308069 1.236026 1.171794 1.123304 1.081686 1.046288 1.009916 0.945643 1.000773 0.950900 0.361664 0.187116 0.134918 0.117933 0.085149 0.095229 0.118803
0.136984 0.145180 0.136466 0.135790 0.128042 0.117557 0.104240 0.087291 0.067162 0.039276 0.008401 -0.040288 -0.089012 -0.367674 -0.344842 0.147769 0.043491 0.010767 0.000193 -0.000045 -0.004275 0.002263 0.018189 0.027195 0.053328 0.176046 0.400613 2.072276 2.177637 2.027139 1.830813 1.653289 1.511846 1.388522 1.300522 1.229209 1.180510 1.148901 1.142183 1.156139 1.184922 1.119134 1.526631 0.160736 0.043774 0.044736 -0.005670 0.033211 0.030321 0.013750
0.148171 0.123661 0.115511 0.114714 0.106491 0.096040 0.081994 0.064950 0.042735 0.016106 -0.021951 -0.067382 -0.136548 -0.312448 -0.563909 0.000000 0.000000 0.000000 0.000000 0.000000 0.000000 0.000000 0.000000 0.000000 0.000000 0.000000 0.000000 2.855530 3.036848 2.579817 2.115520 1.820517 1.613454 1.455189 1.346098 1.267281 1.216775 1.190020 1.200204 1.231467 1.368325 1.955021 -0.288829 0.000000 0.000000 0.000000 0.000000 0.000000 0.000000 0.000000
0.099321 0.099339 0.097042 0.096385 0.088340 0.077808 0.064361 0.047430 0.026794 0.000618 -0.031573 -0.071851 -0.123917 -0.225119 -0.258109 0.000000 0.000000 0.000000 0.000000 0.000000 0.000000 0.000000 0.000000 0.000000 0.000000 0.000000 0.000000 4.931536 3.422130 2.719210 2.192588 1.853735 1.620837 1.463864 1.347806 1.270400 1.218419 1.192187 1.189442 1.215098 1.250163 1.258587 1.240106 0.000000 0.000000 0.000000 0.000000 0.000000 0.000000 0.000000
0.083458 0.083619 0.081006 0.080332 0.072376 0.062629 0.049503 0.034244 0.014604 -0.008032 -0.037639 -0.067402 -0.110341 -0.155933 -0.169628 0.000000 0.000000 0.000000 0.000000 0.000000 0.000000 0.000000 0.000000 0.000000 0.000000 0.000000 0.000000 2.299705 2.792038 2.411497 1.979811 1.747553 1.545901 1.417012 1.313235 1.245770 1.198429 1.174838 1.166751 1.182324 1.187809 1.219425 1.195012 0.000000 0.000000 0.000000 0.000000 0.000000 0.000000 0.000000
0.071920 0.069968 0.067205 0.066637 0.059324 0.050198 0.038604 0.024554 0.007975 -0.012019 -0.033129 -0.059640 -0.084931 -0.117430 -0.122845 0.000000 0.000000 0.000000 0.000000 0.000000 0.000000 0.000000 0.000000 0.000000 0.000000 0.000000 0.000000 1.681994 2.021602 1.953813 1.710516 1.570407 1.426702 1.331161 1.249679 1.195603 1.155809 1.133745 1.123834 1.126717 1.125536 1.144648 1.157481 0.000000 0.000000 0.000000 0.000000 0.000000 0.000000 0.000000
0.062483 0.058222 0.055499 0.054931 0.048223 0.040125 0.029595 0.017502 0.002976 -0.013669 -0.030985 -0.051201 -0.070016 -0.088873 -0.088313 0.000000 0.000000 0.000000 0.000000 0.000000 0.000000 0.000000 0.000000 0.000000 0.000000 0.000000 0.000000 0.938390 1.367455 1.470556 1.413615 1.355274 1.279082 1.221493 1.166879 1.128920 1.099325 1.082342 1.073025 1.073350 1.064747 1.081269 1.093534 0.000000 0.000000 0.000000 0.000000 0.000000 0.000000 0.000000
0.053323 0.048176 0.045663 0.045182 0.039212 0.032034 0.023005 0.012482 0.000361 -0.013101 -0.027248 -0.042091 -0.055883 -0.068821 -0.067185 0.000000 0.000000 0.000000 0.000000 0.000000 0.000000 0.000000 0.000000 0.000000 0.000000 0.000000 0.000000 0.659830 0.952943 1.113302 1.153692 1.153870 1.127122 1.101827 1.072008 1.049753 1.031140 1.019533 1.013181 1.010855 1.003110 1.029937 1.080496 0.000000 0.000000 0.000000 0.000000 0.000000 0.000000 0.000000
0.053520 0.039708 0.037445 0.037021 0.031750 0.025553 0.017744 0.008862 -0.001245 -0.012211 -0.023321 -0.034832 -0.044785 -0.053874 -0.048566 0.000000 0.000000 0.000000 0.000000 0.000000 0.000000 0.000000 0.000000 0.000000 0.000000 0.000000 0.000000 0.333719 0.665207 0.845812 0.931157 0.970963 0.981517 0.982197 0.973815 0.965979 0.957927 0.952793 0.949923 0.948921 0.941086 0.903053 0.998202 0.000000 0.000000 0.000000 0.000000 0.000000 0.000000 0.000000
0.044141 0.032624 0.030613 0.030239 0.025700 0.020387 0.013805 0.006350 -0.001929 -0.010741 -0.019637 -0.028299 -0.035855 -0.042453 -0.041028 0.000000 0.000000 0.000000 0.000000 0.000000 0.000000 0.000000 0.000000 0.000000 0.000000 0.000000 0.000000 0.208496 0.487458 0.657101 0.756695 0.816915 0.850416 0.869274 0.877231 0.881168 0.882248 0.882974 0.883900 0.884404 0.878085 0.836354 0.882838 0.000000 0.000000 0.000000 0.000000 0.000000 0.000000 0.000000
0.028021 0.026729 0.024980 0.024650 0.020763 0.016267 0.010726 0.004549 -0.002239 -0.009327 -0.016332 -0.023056 -0.028737 -0.033617 -0.036963 0.000000 0.000000 0.000000 0.000000 0.000000 0.000000 0.000000 0.000000 0.000000 0.000000 0.000000 0.000000 0.134587 0.370172 0.518070 0.619876 0.689011 0.735894 0.766702 0.786290 0.799265 0.807720 0.813704 0.818142 0.820946 0.816048 0.772197 0.817021 0.000000 0.000000 0.000000 0.000000 0.000000 0.000000 0.000000
0.022002 0.021842 0.020329 0.020060 0.016770 0.012995 0.008387 0.003293 -0.002225 -0.007904 -0.013479 -0.018649 -0.023006 -0.026716 -0.025649 0.000000 0.000000 0.000000 0.000000 0.000000 0.000000 0.000000 0.000000 0.000000 0.000000 0.000000 0.000000 0.147840 0.289182 0.416666 0.513594 0.584199 0.637415 0.675192 0.702374 0.721789 0.735766 0.745920 0.753333 0.758165 0.754863 0.768803 0.809760 0.000000 0.000000 0.000000 0.000000 0.000000 0.000000 0.000000
0.018787 0.020126 0.016515 0.016293 0.013526 0.010383 0.006560 0.002395 -0.002093 -0.006644 -0.011057 -0.015102 -0.018462 -0.024799 -0.022665 0.000000 0.000000 0.000000 0.000000 0.000000 0.000000 0.000000 0.000000 0.000000 0.000000 0.000000 0.000000 0.094974 0.231837 0.340989 0.430307 0.498602 0.553668 0.594843 0.626449 0.650080 0.667915 0.681215 0.690976 0.697588 0.695687 0.720331 0.728374 0.000000 0.000000 0.000000 0.000000 0.000000 0.000000 0.000000
0.014431 0.018029 0.013389 0.013206 0.010904 0.008307 0.005158 0.001757 -0.001873 -0.005517 -0.009029 -0.012189 -0.014797 -0.019689 -0.016231 0.000000 0.000000 0.000000 0.000000 0.000000 0.000000 0.000000 0.000000 0.000000 0.000000 0.000000 0.000000 0.044046 0.187666 0.283149 0.364074 0.428282 0.482411 0.524560 0.558281 0.584349 0.604622 0.620066 0.631519 0.639470 0.638801 0.601604 0.598752 0.000000 0.000000 0.000000 0.000000 0.000000 0.000000 0.000000
0.012695 0.014606 0.010832 0.010679 0.008778 0.006641 0.004059 0.001297 -0.001637 -0.004554 -0.007343 -0.009836 -0.011866 -0.013215 -0.012949 0.000000 0.000000 0.000000 0.000000 0.000000 0.000000 0.000000 0.000000 0.000000 0.000000 0.000000 0.000000 0.061674 0.156928 0.238403 0.311202 0.370270 0.421880 0.463341 0.497534 0.524666 0.546242 0.562988 0.575528 0.584466 0.584688 0.542789 0.547989 0.000000 0.000000 0.000000 0.000000 0.000000 0.000000 0.000000
0.016138 0.010060 0.008741 0.008618 0.007053 0.005307 0.003205 0.000967 -0.001397 -0.003729 -0.005949 -0.007907 -0.009511 -0.010847 -0.011582 0.000000 0.000000 0.000000 0.000000 0.000000 0.000000 0.000000 0.000000 0.000000 0.000000 0.000000 0.000000 0.022334 0.131639 0.202624 0.267968 0.321900 0.370167 0.409946 0.443506 0.470705 0.492717 0.510065 0.523221 0.532731 0.533938 0.489736 0.525256 0.000000 0.000000 0.000000 0.000000 0.000000 0.000000 0.000000
0.007355 0.008077 0.007031 0.006931 0.005654 0.004234 0.002530 0.000722 -0.001175 -0.003036 -0.004799 -0.006346 -0.007608 -0.008651 -0.010133 0.000000 0.000000 0.000000 0.000000 0.000000 0.000000 0.000000 0.000000 0.000000 0.000000 0.000000 0.000000 0.015629 0.113324 0.174031 0.232292 0.281216 0.325812 0.363315 0.395525 0.422081 0.443883 0.461277 0.474637 0.484320 0.486445 0.441789 0.447445 0.000000 0.000000 0.000000 0.000000 0.000000 0.000000 0.000000
0.005823 0.006105 0.005626 0.005545 0.004512 0.003367 0.001994 0.000544 -0.000972 -0.002454 -0.003851 -0.005069 -0.006060 -0.006899 -0.004697 0.000000 0.000000 0.000000 0.000000 0.000000 0.000000 0.000000 0.000000 0.000000 0.000000 0.000000 0.000000 0.010584 0.095884 0.150473 0.202399 0.246686 0.287546 0.322471 0.352889 0.378327 0.399447 0.416490 0.429635 0.439363 0.441433 0.394116 0.432718 0.000000 0.000000 0.000000 0.000000 0.000000 0.000000 0.000000
0.008406 0.005164 0.004473 0.004406 0.003579 0.002658 0.001566 0.000407 -0.000793 -0.001964 -0.003066 -0.004023 -0.004800 -0.005343 -0.005670 0.000000 0.000000 0.000000 0.000000 0.000000 0.000000 0.000000 0.000000 0.000000 0.000000 0.000000 0.000000 0.006718 0.083191 0.130850 0.177235 0.217100 0.254352 0.286568 0.314959 0.338978 0.359107 0.375500 0.388198 0.397718 0.399879 0.359075 0.356058 0.000000 0.000000 0.000000 0.000000 0.000000 0.000000 0.000000
0.004134 0.004048 0.003516 0.003470 0.002813 0.002086 0.001221 0.000305 -0.000637 -0.001557 -0.002419 -0.003162 -0.003772 -0.004195 -0.004026 0.000000 0.000000 0.000000 0.000000 0.000000 0.000000 0.000000 0.000000 0.000000 0.000000 0.000000 0.000000 0.003744 0.072921 0.114430 0.155739 0.191551 0.225383 0.254890 0.281157 0.303582 0.322529 0.338069 0.350188 0.359298 0.361708 0.322846 0.344101 0.000000 0.000000 0.000000 0.000000 0.000000 0.000000 0.000000
0.003206 0.003086 0.002722 0.002671 0.002167 0.001596 0.000937 0.000226 -0.000501 -0.001205 -0.001865 -0.002436 -0.002902 -0.003223 -0.003079 0.000000 0.000000 0.000000 0.000000 0.000000 0.000000 0.000000 0.000000 0.000000 0.000000 0.000000 0.000000 0.001530 0.064031 0.100360 0.137369 0.169370 0.199983 0.226846 0.250970 0.271720 0.289371 0.303923 0.315333 0.323841 0.326268 0.282398 0.278878 0.000000 0.000000 0.000000 0.000000 0.000000 0.000000 0.000000
0.002429 0.002237 0.002044 0.002027 0.001639 0.001211 0.000700 0.000168 -0.000385 -0.000919 -0.001421 -0.001847 -0.002196 -0.002395 -0.002286 0.000000 0.000000 0.000000 0.000000 0.000000 0.000000 0.000000 0.000000 0.000000 0.000000 0.000000 0.000000 0.018912 0.056906 0.088201 0.121399 0.149934 0.177561 0.201914 0.223941 0.243006 0.259315 0.272818 0.283465 0.291328 0.293844 0.255066 0.259976 0.000000 0.000000 0.000000 0.000000 0.000000 0.000000 0.000000
0.001683 0.001486 0.001477 0.001419 0.001149 0.000840 0.000494 0.000115 -0.000272 -0.000643 -0.000989 -0.001290 -0.001537 -0.001625 -0.001584 0.000000 0.000000 0.000000 0.000000 0.000000 0.000000 0.000000 0.000000 0.000000 0.000000 0.000000 0.000000 0.018955 0.050688 0.077759 0.107303 0.132811 0.157658 0.179668 0.199681 0.217098 0.232061 0.244537 0.254377 0.261921 0.264175 0.305223 0.272999 0.000000 0.000000 0.000000 0.000000 0.000000 0.000000 0.000000
0.001179 0.000981 0.000968 0.001059 0.000796 0.000618 0.000339 0.000090 -0.000194 -0.000459 -0.000714 -0.000915 -0.001095 -0.001182 -0.000946 0.000000 0.000000 0.000000 0.000000 0.000000 0.000000 0.000000 0.000000 0.000000 0.000000 0.000000 0.000000 -0.002168 0.043543 0.068592 0.094776 0.117660 0.139918 0.159754 0.177848 0.193673 0.207316 0.218749 0.227791 0.234850 0.237022 0.211432 0.221109 0.000000 0.000000 0.000000 0.000000 0.000000 0.000000 0.000000
0.000601 0.000783 0.000616 0.000169 0.000018 -0.000037 -0.000132 -0.000229 -0.000274 -0.000498 -0.000459 -0.000521 -0.000475 -0.000319 -0.000718 0.000000 0.000000 0.000000 0.000000 0.000000 0.000000 0.000000 0.000000 0.000000 0.000000 0.000000 0.000000 -0.002819 0.037907 0.060526 0.083693 0.104159 0.124045 0.141855 0.158144 0.172443 0.184804 0.195178 0.203380 0.209663 0.211514 0.244697 0.201375 0.000000 0.000000 0.000000 0.000000 0.000000 0.000000 0.000000
0.000068 -0.000003 0.000019 -0.000090 -0.000085 -0.000247 -0.000333 -0.000402 -0.000458 -0.000481 -0.000436 -0.000050 -0.000057 -0.000132 -0.000084 0.000000 0.000000 0.000000 0.000000 0.000000 0.000000 0.000000 0.000000 0.000000 0.000000 0.000000 0.000000 -0.003300 0.033728 0.053297 0.073944 0.092072 0.109802 0.125714 0.140313 0.153164 0.164302 0.173666 0.181075 0.186704 0.188306 0.169221 0.172240 0.000000 0.000000 0.000000 0.000000 0.000000 0.000000 0.000000
0.000000 0.000000 0.000000 0.000000 0.000000 0.000000 0.000000 0.000000 0.000000 0.000000 0.000000 0.000000 0.000000 0.000000 0.000000 0.000000 0.000000 0.000000 0.000000 0.000000 0.000000 0.000000 0.000000 0.000000 0.000000 0.000000 0.000000 0.007515 0.029948 0.046848 0.065179 0.081191 0.096943 0.111099 0.124123 0.135615 0.145603 0.154017 0.160715 0.165796 0.167484 0.206987 0.159574 0.000000 0.000000 0.000000 0.000000 0.000000 0.000000 0.000000
0.000000 0.000000 0.000000 0.000000 0.000000 0.000000 0.000000 0.000000 0.000000 0.000000 0.000000 0.000000 0.000000 0.000000 0.000000 0.000000 0.000000 0.000000 0.000000 0.000000 0.000000 0.000000 0.000000 0.000000 0.000000 0.000000 0.000000 0.012369 0.026242 0.041087 0.057273 0.071360 0.085286 0.097811 0.109363 0.119575 0.128471 0.135992 0.141988 0.146637 0.148168 0.174031 0.145382 0.000000 0.000000 0.000000 0.000000 0.000000 0.000000 0.000000
0.000000 0.000000 0.000000 0.000000 0.000000 0.000000 0.000000 0.000000 0.000000 0.000000 0.000000 0.000000 0.000000 0.000000 0.000000 0.000000 0.000000 0.000000 0.000000 0.000000 0.000000 0.000000 0.000000 0.000000 0.000000 0.000000 0.000000 -0.000583 0.023493 0.035893 0.050107 0.062415 0.074659 0.085677 0.095862 0.104882 0.112758 0.119438 0.124791 0.129006 0.130518 0.117516 0.115786 0.000000 0.000000 0.000000 0.000000 0.000000 0.000000 0.000000
0.000000 0.000000 0.000000 0.000000 0.000000 0.000000 0.000000 0.000000 0.000000 0.000000 0.000000 0.000000 0.000000 0.000000 0.000000 0.000000 0.000000 0.000000 0.000000 0.000000 0.000000 0.000000 0.000000 0.000000 0.000000 0.000000 0.000000 -0.003139 0.020193 0.031148 0.043572 0.054265 0.064934 0.074536 0.083427 0.091314 0.098208 0.104068 0.108755 0.112461 0.113728 0.098941 0.102474 0.000000 0.000000 0.000000 0.000000 0.000000 0.000000 0.000000
0.000000 0.000000 0.000000 0.000000 0.000000 0.000000 0.000000 0.000000 0.000000 0.000000 0.000000 0.000000 0.000000 0.000000 0.000000 0.000000 0.000000 0.000000 0.000000 0.000000 0.000000 0.000000 0.000000 0.000000 0.000000 0.000000 0.000000 -0.002121 0.017034 0.026742 0.037460 0.046722 0.055944 0.064262 0.071957 0.078801 0.084790 0.089890 0.093979 0.097217 0.098348 0.085278 0.099456 0.000000 0.000000 0.000000 0.000000 0.000000 0.000000 0.000000
0.000000 0.000000 0.000000 0.000000 0.000000 0.000000 0.000000 0.000000 0.000000 0.000000 0.000000 0.000000 0.000000 0.000000 0.000000 0.000000 0.000000 0.000000 0.000000 0.000000 0.000000 0.000000 0.000000 0.000000 0.000000 0.000000 0.000000 0.004942 0.014906 0.022818 0.032026 0.039789 0.047644 0.054682 0.061217 0.067043 0.072136 0.076484 0.079941 0.082667 0.083431 0.073231 0.084802 0.000000 0.000000 0.000000 0.000000 0.000000 0.000000 0.000000
0.000000 0.000000 0.000000 0.000000 0.000000 0.000000 0.000000 0.000000 0.000000 0.000000 0.000000 0.000000 0.000000 0.000000 0.000000 0.000000 0.000000 0.000000 0.000000 0.000000 0.000000 0.000000 0.000000 0.000000 0.000000 0.000000 0.000000 -0.004487 0.012528 0.019041 0.026771 0.033269 0.039841 0.045806 0.051258 0.056182 0.060486 0.064155 0.067085 0.069328 0.070011 0.056181 0.071149 0.000000 0.000000 0.000000 0.000000 0.000000 0.000000 0.000000
0.000000 0.000000 0.000000 0.000000 0.000000 0.000000 0.000000 0.000000 0.000000 0.000000 0.000000 0.000000 0.000000 0.000000 0.000000 0.000000 0.000000 0.000000 0.000000 0.000000 0.000000 0.000000 0.000000 0.000000 0.000000 0.000000 0.000000 -0.006298 0.011178 0.015684 0.022146 0.027147 0.032519 0.037204 0.041600 0.045606 0.049049 0.052055 0.054449 0.056409 0.057142 0.049816 0.059422 0.000000 0.000000 0.000000 0.000000 0.000000 0.000000 0.000000
0.000000 0.000000 0.000000 0.000000 0.000000 0.000000 0.000000 0.000000 0.000000 0.000000 0.000000 0.000000 0.000000 0.000000 0.000000 0.000000 0.000000 0.000000 0.000000 0.000000 0.000000 0.000000 0.000000 0.000000 0.000000 0.000000 0.000000 0.001283 0.008495 0.012376 0.018020 0.021376 0.025487 0.029571 0.032686 0.035951 0.038845 0.041267 0.043199 0.044718 0.045258 0.038982 0.038769 0.000000 0.000000 0.000000 0.000000 0.000000 0.000000 0.000000
0.000000 0.000000 0.000000 0.000000 0.000000 0.000000 0.000000 0.000000 0.000000 0.000000 0.000000 0.000000 0.000000 0.000000 0.000000 0.000000 0.000000 0.000000 0.000000 0.000000 0.000000 0.000000 0.000000 0.000000 0.000000 0.000000 0.000000 0.000177 0.008577 0.009031 0.012656 0.015508 0.018759 0.020959 0.023432 0.026073 0.027709 0.029511 0.030879 0.032027 0.032484 0.028213 0.030139 0.000000 0.000000 0.000000 0.000000 0.000000 0.000000 0.000000
0.000000 0.000000 0.000000 0.000000 0.000000 0.000000 0.000000 0.000000 0.000000 0.000000 0.000000 0.000000 0.000000 0.000000 0.000000 0.000000 0.000000 0.000000 0.000000 0.000000 0.000000 0.000000 0.000000 0.000000 0.000000 0.000000 0.000000 0.005731 0.007118 0.010299 0.013295 0.015352 0.018161 0.020641 0.022920 0.025226 0.027135 0.028882 0.030270 0.031610 0.032893 0.029744 0.020777 0.000000 0.000000 0.000000 0.000000 0.000000 0.000000 0.000000
0.000000 0.000000 0.000000 0.000000 0.000000 0.000000 0.000000 0.000000 0.000000 0.000000 0.000000 0.000000 0.000000 0.000000 0.000000 0.000000 0.000000 0.000000 0.000000 0.000000 0.000000 0.000000 0.000000 0.000000 0.000000 0.000000 0.000000 0.000996 -0.003341 -0.004990 -0.003564 -0.001634 0.001962 0.001037 0.002976 0.005739 0.015876 0.015362 0.015362 0.015740 0.015328 0.012094 0.010832 0.000000 0.000000 0.000000 0.000000 0.000000 0.000000 0.000000
0.000000 0.000000 0.000000 0.000000 0.000000 0.000000 0.000000 0.000000 0.000000 0.000000 0.000000 0.000000 0.000000 0.000000 0.000000 0.000000 0.000000 0.000000 0.000000 0.000000 0.000000 0.000000 0.000000 0.000000 0.000000 0.000000 0.000000 0.002215 -0.008163 -0.003528 0.009910 -0.005848 0.002019 0.001704 -0.001794 -0.001327 0.001567 0.001642 0.001616 0.002952 0.004004 0.001162 0.001978 0.000000 0.000000 0.000000 0.000000 0.000000 0.000000 0.000000
