0.000917 0.047662 0.000266 0.029479 0.053155 0.051347 0.114712 0.081794 0.004805 0.096652 0.085891 0.170580 0.187637 0.114408 0.153882 0.293662 0.236371 0.242170 0.249929 0.256644 0.259623 0.235630 0.131581 0.123270 0.121206 0.149620 0.110461 0.106258 0.193625 0.197093 0.147152 0.118709 0.168052 0.056608 0.192765 0.143415 0.086836 0.052861 0.066501 0.059745 0.050432 -0.014420 -0.006993 -0.011495 -0.016779 0.005149 -0.008342 0.006845 0.042961 -0.006720
0.020434 -0.008159 0.062201 0.128448 0.125820 0.210439 0.227153 0.255026 0.331132 0.367307 0.379997 0.417523 0.491290 0.494632 0.528958 0.575603 0.605125 0.599673 0.626472 0.648253 0.710401 0.723385 0.677789 0.669338 0.690612 0.645797 0.663222 0.616179 0.557461 0.516887 0.469903 0.417793 0.362443 0.306985 0.219821 0.170314 0.204114 0.150884 0.113826 0.069326 -0.015759 0.000477 -0.016071 -0.018613 -0.022043 -0.059887 -0.058808 -0.000003 -0.019324 -0.000434
0.032467 0.038391 0.098737 0.126729 0.130933 0.162956 0.199811 0.239007 0.278139 0.318359 0.358240 0.399743 0.440680 0.481924 0.522168 0.561117 0.598307 0.633086 0.664529 0.691985 0.715007 0.732206 0.743490 0.746692 0.742193 0.727298 0.702189 0.665723 0.617832 0.563381 0.502581 0.439332 0.374981 0.312665 0.252743 0.198496 0.147075 0.095521 0.052083 0.013059 -0.015240 -0.035758 -0.049430 -0.052610 -0.054768 -0.038103 -0.037722 -0.038732 -0.012768 -0.003698
0.029899 0.045602 0.106425 0.089161 0.129681 0.165414 0.203839 0.238472 0.278475 0.315953 0.356918 0.397259 0.438620 0.480024 0.520670 0.560144 0.597507 0.631519 0.663033 0.691024 0.714255 0.731672 0.743365 0.746683 0.742372 0.727310 0.701565 0.664882 0.617446 0.563589 0.504095 0.441961 0.377489 0.313844 0.251826 0.195998 0.142127 0.092266 0.047922 0.009216 -0.021285 -0.048388 -0.060563 -0.060215 -0.062407 -0.032728 -0.026954 -0.068915 0.027681 -0.001465
0.029906 0.040164 0.113897 0.104560 0.136409 0.174256 0.207995 0.243056 0.281366 0.318690 0.359203 0.399617 0.441677 0.483611 0.525794 0.566561 0.605680 0.642562 0.676513 0.706817 0.733202 0.753687 0.768872 0.774714 0.772757 0.758417 0.732471 0.692975 0.640177 0.580646 0.514108 0.446650 0.378332 0.311960 0.248793 0.189519 0.134063 0.082071 0.033388 -0.006160 -0.044396 -0.066157 -0.092632 -0.088799 -0.093522 -0.078714 -0.067060 -0.069356 -0.028949 0.001270
0.009253 0.050396 0.095565 0.090548 0.127372 0.163972 0.197851 0.235145 0.272907 0.312631 0.354278 0.396847 0.441335 0.486195 0.531515 0.575629 0.617410 0.656757 0.693615 0.726958 0.757103 0.781385 0.801300 0.811273 0.813822 0.801533 0.775631 0.733310 0.672580 0.603573 0.526356 0.449570 0.372930 0.300554 0.232319 0.169903 0.111822 0.058633 0.010237 -0.029326 -0.062660 -0.085998 -0.103265 -0.108611 -0.100058 -0.092418 -0.072113 -0.067571 -0.009653 -0.028377
0.014224 0.045861 0.095956 0.092127 0.128403 0.163511 0.197703 0.234748 0.271707 0.311779 0.353221 0.396635 0.442998 0.489956 0.539369 0.586831 0.631335 0.673750 0.713730 0.750975 0.786163 0.815737 0.842864 0.858898 0.868787 0.859981 0.835590 0.785568 0.710723 0.631445 0.540837 0.454549 0.369700 0.291228 0.218356 0.151120 0.088980 0.031752 -0.020527 -0.067643 -0.104505 -0.132447 -0.147683 -0.148695 -0.139689 -0.123149 -0.097170 -0.095403 -0.057789 -0.024165
-0.004733 0.047932 0.087825 0.088692 0.120976 0.156121 0.188980 0.225932 0.262951 0.303056 0.345444 0.390903 0.440189 0.491307 0.546098 0.599095 0.647059 0.692424 0.736455 0.777811 0.818875 0.854800 0.890452 0.914717 0.935411 0.934256 0.914493 0.863589 0.770472 0.667944 0.557435 0.455248 0.358900 0.272385 0.194278 0.122891 0.058715 -0.000787 -0.053876 -0.104419 -0.147288 -0.181233 -0.197597 -0.193637 -0.179308 -0.154833 -0.120374 -0.115088 -0.040368 -0.011559
-0.004285 0.042166 0.085197 0.085453 0.119669 0.150856 0.183429 0.218463 0.254508 0.294081 0.336700 0.383277 0.436144 0.490960 0.557111 0.616570 0.665825 0.713975 0.760641 0.807371 0.855717 0.900122 0.948871 0.985557 1.024481 1.034962 1.030317 0.956326 0.824081 0.706665 0.568246 0.451567 0.343147 0.249019 0.166067 0.090642 0.023688 -0.040789 -0.099429 -0.158410 -0.205988 -0.251283 -0.271345 -0.259236 -0.232178 -0.194332 -0.146988 -0.143240 -0.085658 0.002794
0.010384 0.045625 0.078836 0.081636 0.112294 0.141749 0.173344 0.206352 0.241401 0.280182 0.322389 0.370420 0.426560 0.487472 0.564539 0.636634 0.688231 0.736231 0.786644 0.836554 0.891608 0.945125 1.006304 1.058761 1.122094 1.158190 1.172010 1.113652 0.937874 0.748289 0.572726 0.431047 0.310683 0.209953 0.125484 0.049678 -0.017486 -0.084106 -0.148018 -0.216650 -0.280450 -0.347113 -0.369692 -0.336532 -0.290871 -0.238523 -0.175431 -0.170677 -0.094511 -0.009992
0.008225 0.025643 0.074835 0.076887 0.106293 0.133034 0.162613 0.193425 0.226263 0.263041 0.303156 0.351339 0.410417 0.474303 0.590178 0.651558 0.704974 0.755559 0.807071 0.864052 0.927612 0.992668 1.074690 1.150608 1.254065 1.324162 1.398688 1.293720 0.944743 0.772483 0.558940 0.401264 0.268441 0.162345 0.079371 0.003357 -0.062109 -0.130942 -0.197014 -0.279486 -0.352555 -0.457245 -0.501416 -0.442158 -0.368310 -0.287742 -0.210137 -0.205948 -0.078555 -0.004147
-0.000554 0.035214 0.068437 0.071044 0.097925 0.122144 0.149120 0.177022 0.206278 0.239606 0.275822 0.321332 0.377028 0.441699 0.615536 0.742978 0.788207 0.828098 0.888834 0.962999 1.047459 1.135272 1.244555 1.375531 1.521728 1.755184 2.095427 1.607055 1.035248 0.736262 0.487698 0.313273 0.186392 0.085923 0.015178 -0.052102 -0.108154 -0.169019 -0.236178 -0.327482 -0.452108 -0.788297 -0.952699 -0.858059 -0.517974 -0.383678 -0.281128 -0.175764 -0.096227 -0.001949
0.004941 0.021704 0.062905 0.064944 0.089162 0.110974 0.134728 0.159502 0.183374 0.214059 0.239263 0.285355 0.313848 0.466254 0.868780 0.593835 0.748375 0.847000 0.899555 0.927603 0.974985 1.089048 1.267608 1.420387 1.619811 1.707149 2.753946 2.652041 1.268385 0.776315 0.392912 0.219861 0.087714 -0.000734 -0.057388 -0.112645 -0.155421 -0.207786 -0.268525 -0.376098 -0.494312 -0.988270 -1.736182 -0.943516 -0.510616 -0.491695 -0.302354 -0.158676 -0.084258 -0.001880
0.006727 0.019915 0.056307 0.058214 0.079736 0.098305 0.118837 0.138317 0.158065 0.177515 0.195594 0.214356 0.224484 0.155385 0.121748 0.000000 0.000000 0.000000 0.000000 0.000000 0.000000 0.000000 0.000000 0.000000 0.000000 0.000000 0.000000 1.805578 0.818041 0.403983 0.125734 -0.002607 -0.072808 -0.128034 -0.148397 -0.176420 -0.189510 -0.209255 -0.231072 -0.242604 -0.300876 -0.141576 0.226175 0.000000 0.000000 0.000000 0.000000 0.000000 0.000000 0.000000
0.002662 0.017699 0.050109 0.051687 0.070247 0.086555 0.103315 0.119782 0.133792 0.148897 0.157044 0.165719 0.154833 0.062575 0.005675 0.000000 0.000000 0.000000 0.000000 0.000000 0.000000 0.000000 0.000000 0.000000 0.000000 0.000000 0.000000 -2.006073 -0.614353 -0.571480 -0.389137 -0.371171 -0.300373 -0.284351 -0.254772 -0.243429 -0.230677 -0.222309 -0.217028 -0.185863 -0.172214 0.000365 0.130762 0.000000 0.000000 0.000000 0.000000 0.000000 0.000000 0.000000
0.005428 0.015603 0.043681 0.045072 0.061230 0.074404 0.088444 0.100284 0.111085 0.119295 0.123230 0.122466 0.110076 0.028192 0.004037 0.000000 0.000000 0.000000 0.000000 0.000000 0.000000 0.000000 0.000000 0.000000 0.000000 0.000000 0.000000 -3.053335 -1.767413 -1.094103 -0.816141 -0.612576 -0.489543 -0.409296 -0.344507 -0.303100 -0.265568 -0.236022 -0.205843 -0.164814 -0.123696 -0.012336 -0.012299 0.000000 0.000000 0.000000 0.000000 0.000000 0.000000 0.000000
0.003706 0.013635 0.037819 0.039029 0.052647 0.063740 0.074837 0.084222 0.091455 0.097131 0.096806 0.093272 0.079791 0.015987 0.002791 0.000000 0.000000 0.000000 0.000000 0.000000 0.000000 0.000000 0.000000 0.000000 0.000000 0.000000 0.000000 -3.074733 -2.223331 -1.362595 -1.078655 -0.787317 -0.629437 -0.508286 -0.420312 -0.355330 -0.300494 -0.253258 -0.209110 -0.156347 -0.108740 -0.015947 -0.014564 0.000000 0.000000 0.000000 0.000000 0.000000 0.000000 0.000000
0.006988 0.011870 0.032312 0.033289 0.044853 0.053721 0.062721 0.069426 0.074620 0.076748 0.075676 0.070165 0.058108 0.009810 0.001001 0.000000 0.000000 0.000000 0.000000 0.000000 0.000000 0.000000 0.000000 0.000000 0.000000 0.000000 0.000000 -2.654973 -2.152621 -1.419570 -1.161720 -0.881760 -0.713929 -0.578272 -0.476473 -0.395788 -0.327589 -0.268074 -0.212014 -0.153793 -0.099476 -0.025152 -0.015693 0.000000 0.000000 0.000000 0.000000 0.000000 0.000000 0.000000
0.007560 0.010341 0.027464 0.028277 0.037886 0.045142 0.052205 0.057262 0.060832 0.061623 0.059548 0.054026 0.043257 0.006343 0.001256 0.000000 0.000000 0.000000 0.000000 0.000000 0.000000 0.000000 0.000000 0.000000 0.000000 0.000000 0.000000 -2.194992 -1.894939 -1.389980 -1.169661 -0.919445 -0.758493 -0.619057 -0.512288 -0.422933 -0.347318 -0.279600 -0.217402 -0.153630 -0.096199 -0.044935 -0.010307 0.000000 0.000000 0.000000 0.000000 0.000000 0.000000 0.000000
0.006534 0.008852 0.023132 0.023773 0.031765 0.037553 0.043184 0.046880 0.049224 0.049198 0.046839 0.041584 0.033101 0.004210 0.003043 0.000000 0.000000 0.000000 0.000000 0.000000 0.000000 0.000000 0.000000 0.000000 0.000000 0.000000 0.000000 -1.764698 -1.641732 -1.288908 -1.118241 -0.908880 -0.765379 -0.632939 -0.528316 -0.436573 -0.357815 -0.285958 -0.220154 -0.153822 -0.095663 -0.049118 -0.043522 0.000000 0.000000 0.000000 0.000000 0.000000 0.000000 0.000000
0.005808 0.007498 0.019414 0.019903 0.026467 0.031156 0.035559 0.038323 0.039838 0.039394 0.037015 0.032437 0.025302 0.002885 0.000843 0.000000 0.000000 0.000000 0.000000 0.000000 0.000000 0.000000 0.000000 0.000000 0.000000 0.000000 0.000000 -1.468182 -1.423536 -1.167477 -1.042790 -0.870762 -0.747599 -0.626766 -0.528429 -0.438706 -0.360423 -0.287488 -0.220787 -0.153311 -0.094958 -0.047291 -0.016210 0.000000 0.000000 0.000000 0.000000 0.000000 0.000000 0.000000
-0.001145 0.006299 0.016170 0.016559 0.021954 0.025692 0.029182 0.031209 0.032175 0.031535 0.029322 0.025389 0.019682 0.002031 0.006374 0.000000 0.000000 0.000000 0.000000 0.000000 0.000000 0.000000 0.000000 0.000000 0.000000 0.000000 0.000000 -1.242440 -1.238739 -1.044505 -0.956001 -0.816727 -0.713519 -0.606387 -0.516483 -0.431512 -0.355937 -0.284190 -0.218256 -0.151248 -0.093993 -0.045926 -0.016507 0.000000 0.000000 0.000000 0.000000 0.000000 0.000000 0.000000
0.000745 0.005261 0.013417 0.013722 0.018130 0.021140 0.023875 0.025400 0.025996 0.025296 0.023325 0.020050 0.015396 0.001466 0.000265 0.000000 0.000000 0.000000 0.000000 0.000000 0.000000 0.000000 0.000000 0.000000 0.000000 0.000000 0.000000 -1.096494 -1.083940 -0.930200 -0.868825 -0.755721 -0.670266 -0.576696 -0.495998 -0.417313 -0.345962 -0.276990 -0.213133 -0.147728 -0.091924 -0.041913 -0.025554 0.000000 0.000000 0.000000 0.000000 0.000000 0.000000 0.000000
0.001856 0.007212 0.011074 0.011332 0.014927 0.017343 0.019508 0.020637 0.020999 0.020309 0.018598 0.015869 0.012129 0.007754 -0.000442 0.000000 0.000000 0.000000 0.000000 0.000000 0.000000 0.000000 0.000000 0.000000 0.000000 0.000000 0.000000 -0.904648 -0.952676 -0.828709 -0.785454 -0.693410 -0.622733 -0.541701 -0.470023 -0.398197 -0.331826 -0.266590 -0.205668 -0.142740 -0.089143 -0.048582 -0.041684 0.000000 0.000000 0.000000 0.000000 0.000000 0.000000 0.000000
0.002839 0.005666 0.009141 0.009341 0.012261 0.014218 0.015911 0.016774 0.016980 0.016343 0.014886 0.012649 0.009627 0.006143 0.000202 0.000000 0.000000 0.000000 0.000000 0.000000 0.000000 0.000000 0.000000 0.000000 0.000000 0.000000 0.000000 -0.799782 -0.841164 -0.738007 -0.708309 -0.632471 -0.574111 -0.504107 -0.440873 -0.375935 -0.314874 -0.253931 -0.196484 -0.136651 -0.085601 -0.036719 -0.027836 0.000000 0.000000 0.000000 0.000000 0.000000 0.000000 0.000000
0.000603 0.004660 0.007513 0.007682 0.010054 0.011638 0.012979 0.013630 0.013741 0.013170 0.011938 0.010098 0.007642 0.004901 0.000130 0.000000 0.000000 0.000000 0.000000 0.000000 0.000000 0.000000 0.000000 0.000000 0.000000 0.000000 0.000000 -0.686221 -0.746004 -0.658234 -0.638046 -0.574883 -0.526433 -0.465959 -0.410314 -0.351935 -0.296168 -0.239722 -0.186052 -0.129670 -0.081562 -0.038877 -0.032355 0.000000 0.000000 0.000000 0.000000 0.000000 0.000000 0.000000
0.003091 0.002028 0.006187 0.006320 0.008246 0.009533 0.010591 0.011092 0.011142 0.010645 0.009616 0.008114 0.006127 0.000497 -0.000132 0.000000 0.000000 0.000000 0.000000 0.000000 0.000000 0.000000 0.000000 0.000000 0.000000 0.000000 0.000000 -0.617563 -0.664675 -0.588008 -0.574776 -0.521369 -0.480914 -0.428538 -0.379605 -0.327293 -0.276616 -0.224694 -0.174857 -0.122264 -0.076896 -0.034451 -0.015904 0.000000 0.000000 0.000000 0.000000 0.000000 0.000000 0.000000
0.001002 0.001657 0.005082 0.005195 0.006765 0.007810 0.008650 0.009046 0.009057 0.008628 0.007769 0.006537 0.004918 0.000409 -0.001295 0.000000 0.000000 0.000000 0.000000 0.000000 0.000000 0.000000 0.000000 0.000000 0.000000 0.000000 0.000000 -0.546388 -0.592858 -0.526625 -0.517749 -0.472257 -0.438182 -0.392672 -0.349594 -0.302776 -0.256868 -0.209270 -0.163272 -0.114156 -0.072073 -0.034239 -0.012885 0.000000 0.000000 0.000000 0.000000 0.000000 0.000000 0.000000
0.000680 0.001715 0.004196 0.004283 0.005565 0.006424 0.007098 0.007399 0.007393 0.007027 0.006314 0.005305 0.003988 0.000351 0.000154 0.000000 0.000000 0.000000 0.000000 0.000000 0.000000 0.000000 0.000000 0.000000 0.000000 0.000000 0.000000 -0.485097 -0.531404 -0.471773 -0.466736 -0.427426 -0.398594 -0.358847 -0.320866 -0.278976 -0.237473 -0.193988 -0.151712 -0.106106 -0.067143 -0.020834 -0.026480 0.000000 0.000000 0.000000 0.000000 0.000000 0.000000 0.000000
-0.000696 0.001149 0.003475 0.003542 0.004601 0.005293 0.005840 0.006088 0.006069 0.005757 0.005160 0.004329 0.003237 0.000227 0.000644 0.000000 0.000000 0.000000 0.000000 0.000000 0.000000 0.000000 0.000000 0.000000 0.000000 0.000000 0.000000 -0.431990 -0.476831 -0.423662 -0.421069 -0.386817 -0.362229 -0.327332 -0.293759 -0.256250 -0.218755 -0.179138 -0.140328 -0.098351 -0.061992 -0.021932 -0.015187 0.000000 0.000000 0.000000 0.000000 0.000000 0.000000 0.000000
0.000223 0.001000 0.002899 0.002960 0.003831 0.004417 0.004862 0.005046 0.005025 0.004761 0.004261 0.003570 0.002669 0.000241 0.000049 0.000000 0.000000 0.000000 0.000000 0.000000 0.000000 0.000000 0.000000 0.000000 0.000000 0.000000 0.000000 -0.385755 -0.428766 -0.380754 -0.380142 -0.350090 -0.329000 -0.298224 -0.268473 -0.234854 -0.200995 -0.164951 -0.129449 -0.090876 -0.057233 -0.027433 -0.014290 0.000000 0.000000 0.000000 0.000000 0.000000 0.000000 0.000000
0.000177 0.000892 0.002446 0.002480 0.003230 0.003693 0.004081 0.004236 0.004210 0.003981 0.003558 0.002979 0.002223 0.000269 0.000075 0.000000 0.000000 0.000000 0.000000 0.000000 0.000000 0.000000 0.000000 0.000000 0.000000 0.000000 0.000000 -0.345352 -0.386590 -0.342544 -0.343573 -0.316982 -0.298796 -0.271527 -0.245082 -0.214899 -0.184304 -0.151529 -0.119074 -0.083684 -0.052607 -0.013108 -0.010903 0.000000 0.000000 0.000000 0.000000 0.000000 0.000000 0.000000
0.000116 0.000803 0.002091 0.002152 0.002770 0.003187 0.003497 0.003619 0.003594 0.003398 0.003034 0.002536 0.001888 0.000291 0.000065 0.000000 0.000000 0.000000 0.000000 0.000000 0.000000 0.000000 0.000000 0.000000 0.000000 0.000000 0.000000 -0.319312 -0.348941 -0.309442 -0.310916 -0.287361 -0.271463 -0.247209 -0.223613 -0.196468 -0.168820 -0.139026 -0.109505 -0.077120 -0.049258 -0.008285 -0.001720 0.000000 0.000000 0.000000 0.000000 0.000000 0.000000 0.000000
0.000068 0.000818 0.001825 0.001856 0.002424 0.002758 0.003046 0.003151 0.003126 0.002950 0.002634 0.002208 0.001641 0.000335 0.000080 0.000000 0.000000 0.000000 0.000000 0.000000 0.000000 0.000000 0.000000 0.000000 0.000000 0.000000 0.000000 -0.321061 -0.315428 -0.280023 -0.281705 -0.260750 -0.246777 -0.225123 -0.204002 -0.179537 -0.154514 -0.127405 -0.100525 -0.070811 -0.045700 0.015640 -0.019386 0.000000 0.000000 0.000000 0.000000 0.000000 0.000000 0.000000
0.000105 0.000691 0.001657 0.001660 0.002177 0.002479 0.002742 0.002826 0.002807 0.002650 0.002362 0.001971 0.001459 0.000934 0.000186 0.000000 0.000000 0.000000 0.000000 0.000000 0.000000 0.000000 0.000000 0.000000 0.000000 0.000000 0.000000 -0.251530 -0.285855 -0.253809 -0.255666 -0.236933 -0.224574 -0.205167 -0.186194 -0.164099 -0.141403 -0.116742 -0.092105 -0.064974 -0.041148 -0.018845 -0.007051 0.000000 0.000000 0.000000 0.000000 0.000000 0.000000 0.000000
0.000066 0.000785 0.001429 0.002039 0.002385 0.002700 0.002895 0.002914 0.002767 0.002613 0.002122 0.001621 0.001044 0.000617 0.000120 0.000000 0.000000 0.000000 0.000000 0.000000 0.000000 0.000000 0.000000 0.000000 0.000000 0.000000 0.000000 -0.227478 -0.259853 -0.230032 -0.232527 -0.215569 -0.204663 -0.187180 -0.170093 -0.150079 -0.129457 -0.106960 -0.084421 -0.059456 -0.037406 0.026655 -0.026972 0.000000 0.000000 0.000000 0.000000 0.000000 0.000000 0.000000
0.000086 0.000495 0.001547 0.002173 0.001948 0.002870 0.003042 0.003054 0.002901 0.002625 0.002224 0.001393 0.001007 0.000796 0.000152 0.000000 0.000000 0.000000 0.000000 0.000000 0.000000 0.000000 0.000000 0.000000 0.000000 0.000000 0.000000 -0.206317 -0.236789 -0.209126 -0.211953 -0.196561 -0.186866 -0.171061 -0.155616 -0.137448 -0.118684 -0.098188 -0.077607 -0.054987 -0.034965 -0.010256 -0.004441 0.000000 0.000000 0.000000 0.000000 0.000000 0.000000 0.000000
0.000000 0.000000 0.000000 0.000000 0.000000 0.000000 0.000000 0.000000 0.000000 0.000000 0.000000 0.000000 0.000000 0.000000 0.000000 0.000000 0.000000 0.000000 0.000000 0.000000 0.000000 0.000000 0.000000 0.000000 0.000000 0.000000 0.000000 -0.199254 -0.216193 -0.190889 -0.193697 -0.179702 -0.171014 -0.156668 -0.142651 -0.126097 -0.108971 -0.090209 -0.071373 -0.050589 -0.032433 -0.027260 -0.012981 0.000000 0.000000 0.000000 0.000000 0.000000 0.000000 0.000000
0.000000 0.000000 0.000000 0.000000 0.000000 0.000000 0.000000 0.000000 0.000000 0.000000 0.000000 0.000000 0.000000 0.000000 0.000000 0.000000 0.000000 0.000000 0.000000 0.000000 0.000000 0.000000 0.000000 0.000000 0.000000 0.000000 0.000000 -0.191341 -0.198068 -0.174756 -0.177562 -0.164789 -0.156954 -0.143883 -0.131107 -0.115976 -0.100297 -0.083098 -0.065818 -0.046777 -0.030201 0.020669 0.000160 0.000000 0.000000 0.000000 0.000000 0.000000 0.000000 0.000000
0.000000 0.000000 0.000000 0.000000 0.000000 0.000000 0.000000 0.000000 0.000000 0.000000 0.000000 0.000000 0.000000 0.000000 0.000000 0.000000 0.000000 0.000000 0.000000 0.000000 0.000000 0.000000 0.000000 0.000000 0.000000 0.000000 0.000000 -0.159274 -0.182170 -0.160655 -0.163366 -0.151673 -0.144560 -0.132595 -0.120891 -0.106996 -0.092569 -0.076715 -0.060727 -0.043068 -0.027463 -0.002215 -0.007393 0.000000 0.000000 0.000000 0.000000 0.000000 0.000000 0.000000
0.000000 0.000000 0.000000 0.000000 0.000000 0.000000 0.000000 0.000000 0.000000 0.000000 0.000000 0.000000 0.000000 0.000000 0.000000 0.000000 0.000000 0.000000 0.000000 0.000000 0.000000 0.000000 0.000000 0.000000 0.000000 0.000000 0.000000 -0.165820 -0.168364 -0.148513 -0.150958 -0.140216 -0.133687 -0.122681 -0.111903 -0.099084 -0.085755 -0.071088 -0.056255 -0.039866 -0.025230 -0.010929 0.001758 0.000000 0.000000 0.000000 0.000000 0.000000 0.000000 0.000000
0.000000 0.000000 0.000000 0.000000 0.000000 0.000000 0.000000 0.000000 0.000000 0.000000 0.000000 0.000000 0.000000 0.000000 0.000000 0.000000 0.000000 0.000000 0.000000 0.000000 0.000000 0.000000 0.000000 0.000000 0.000000 0.000000 0.000000 -0.134635 -0.156217 -0.137901 -0.140221 -0.130307 -0.124285 -0.114101 -0.104112 -0.092217 -0.079827 -0.066192 -0.052349 -0.037083 -0.023240 -0.009911 -0.010120 0.000000 0.000000 0.000000 0.000000 0.000000 0.000000 0.000000
0.000000 0.000000 0.000000 0.000000 0.000000 0.000000 0.000000 0.000000 0.000000 0.000000 0.000000 0.000000 0.000000 0.000000 0.000000 0.000000 0.000000 0.000000 0.000000 0.000000 0.000000 0.000000 0.000000 0.000000 0.000000 0.000000 0.000000 -0.139651 -0.145868 -0.128759 -0.130965 -0.121733 -0.116144 -0.106660 -0.097357 -0.086249 -0.074676 -0.061922 -0.048951 -0.034646 -0.021548 -0.001163 -0.009624 0.000000 0.000000 0.000000 0.000000 0.000000 0.000000 0.000000
0.000000 0.000000 0.000000 0.000000 0.000000 0.000000 0.000000 0.000000 0.000000 0.000000 0.000000 0.000000 0.000000 0.000000 0.000000 0.000000 0.000000 0.000000 0.000000 0.000000 0.000000 0.000000 0.000000 0.000000 0.000000 0.000000 0.000000 -0.125259 -0.136924 -0.121179 -0.123192 -0.114667 -0.109383 -0.100513 -0.091738 -0.081293 -0.070394 -0.058409 -0.046182 -0.032882 -0.020600 -0.002646 -0.008789 0.000000 0.000000 0.000000 0.000000 0.000000 0.000000 0.000000
0.000000 0.000000 0.000000 0.000000 0.000000 0.000000 0.000000 0.000000 0.000000 0.000000 0.000000 0.000000 0.000000 0.000000 0.000000 0.000000 0.000000 0.000000 0.000000 0.000000 0.000000 0.000000 0.000000 0.000000 0.000000 0.000000 0.000000 -0.111605 -0.129765 -0.114606 -0.116638 -0.108613 -0.103584 -0.095213 -0.086958 -0.077010 -0.066708 -0.055349 -0.043814 -0.031181 -0.019800 -0.001358 -0.000270 0.000000 0.000000 0.000000 0.000000 0.000000 0.000000 0.000000
0.000000 0.000000 0.000000 0.000000 0.000000 0.000000 0.000000 0.000000 0.000000 0.000000 0.000000 0.000000 0.000000 0.000000 0.000000 0.000000 0.000000 0.000000 0.000000 0.000000 0.000000 0.000000 0.000000 0.000000 0.000000 0.000000 0.000000 -0.111665 -0.123513 -0.110302 -0.111640 -0.104246 -0.099290 -0.091393 -0.083303 -0.073826 -0.063949 -0.053041 -0.041878 -0.029743 -0.018210 -0.001509 -0.003410 0.000000 0.000000 0.000000 0.000000 0.000000 0.000000 0.000000
0.000000 0.000000 0.000000 0.000000 0.000000 0.000000 0.000000 0.000000 0.000000 0.000000 0.000000 0.000000 0.000000 0.000000 0.000000 0.000000 0.000000 0.000000 0.000000 0.000000 0.000000 0.000000 0.000000 0.000000 0.000000 0.000000 0.000000 -0.110795 -0.119339 -0.105262 -0.107510 -0.101112 -0.095341 -0.087964 -0.080541 -0.070828 -0.061393 -0.051031 -0.040418 -0.028832 -0.018705 -0.002454 -0.002808 0.000000 0.000000 0.000000 0.000000 0.000000 0.000000 0.000000
0.000000 0.000000 0.000000 0.000000 0.000000 0.000000 0.000000 0.000000 0.000000 0.000000 0.000000 0.000000 0.000000 0.000000 0.000000 0.000000 0.000000 0.000000 0.000000 0.000000 0.000000 0.000000 0.000000 0.000000 0.000000 0.000000 0.000000 -0.097815 -0.111054 -0.109631 -0.106120 -0.100812 -0.095158 -0.087875 -0.080095 -0.070956 -0.061445 -0.051059 -0.040196 -0.028884 -0.016695 -0.011278 0.002220 0.000000 0.000000 0.000000 0.000000 0.000000 0.000000 0.000000
0.000000 0.000000 0.000000 0.000000 0.000000 0.000000 0.000000 0.000000 0.000000 0.000000 0.000000 0.000000 0.000000 0.000000 0.000000 0.000000 0.000000 0.000000 0.000000 0.000000 0.000000 0.000000 0.000000 0.000000 0.000000 0.000000 0.000000 -0.098198 -0.104635 -0.098511 -0.085968 -0.081664 -0.081066 -0.071229 -0.066183 -0.062514 -0.063144 -0.055445 -0.045218 -0.034033 -0.020662 -0.013194 -0.002071 0.000000 0.000000 0.000000 0.000000 0.000000 0.000000 0.000000
0.000000 0.000000 0.000000 0.000000 0.000000 0.000000 0.000000 0.000000 0.000000 0.000000 0.000000 0.000000 0.000000 0.000000 0.000000 0.000000 0.000000 0.000000 0.000000 0.000000 0.000000 0.000000 0.000000 0.000000 0.000000 0.000000 0.000000 -0.077523 -0.112824 -0.108515 -0.092543 -0.079317 -0.067556 -0.053956 -0.048661 -0.054814 -0.062329 -0.053080 -0.043663 -0.030657 -0.014203 -0.009761 -0.002066 0.000000 0.000000 0.000000 0.000000 0.000000 0.000000 0.000000
