0.000983 -0.019149 -0.035196 -0.052297 -0.075022 -0.058484 -0.091688 -0.082240 -0.116690 -0.131222 -0.247592 -0.269524 -0.282751 -0.184507 -0.129910 -0.155235 -0.171187 -0.128010 -0.256009 -0.235257 -0.261223 -0.235782 -0.233292 -0.396892 -0.150510 -0.161969 -0.499389 -0.361928 -0.185179 -0.178047 -0.200192 -0.324798 -0.299212 -0.175047 -0.257548 -0.171982 -0.235210 -0.078307 -0.092929 -0.185892 -0.164357 -0.150593 -0.058694 -0.071890 -0.035817 -0.000803 -0.100195 -0.008636 -0.037236 0.017446
-0.002013 -0.069815 -0.115112 -0.184878 -0.219720 -0.265477 -0.296591 -0.347121 -0.407583 -0.452847 -0.478649 -0.525288 -0.571354 -0.614074 -0.648594 -0.682521 -0.709893 -0.735660 -0.755618 -0.773910 -0.782322 -0.785114 -0.784334 -0.780172 -0.763781 -0.760945 -0.733441 -0.716031 -0.696088 -0.669793 -0.642511 -0.613654 -0.584238 -0.552945 -0.522018 -0.488263 -0.451040 -0.417779 -0.421963 -0.347157 -0.309912 -0.275171 -0.237215 -0.201036 -0.166001 -0.123175 -0.085520 -0.116827 -0.038043 -0.006130
0.003492 -0.074973 -0.132686 -0.196492 -0.196706 -0.232194 -0.278465 -0.320052 -0.367675 -0.411359 -0.456893 -0.500283 -0.543095 -0.584385 -0.622988 -0.658524 -0.690582 -0.718300 -0.740861 -0.757833 -0.769366 -0.774999 -0.775100 -0.769937 -0.760559 -0.746862 -0.729686 -0.709302 -0.686151 -0.660761 -0.633808 -0.605062 -0.574913 -0.544018 -0.512368 -0.479780 -0.446568 -0.412488 -0.378112 -0.343589 -0.309548 -0.274085 -0.237881 -0.201601 -0.168229 -0.133648 -0.129254 -0.099851 -0.012762 -0.008927
-0.031091 -0.051992 -0.112267 -0.142338 -0.195784 -0.233908 -0.279756 -0.319751 -0.364938 -0.408504 -0.453089 -0.496280 -0.537995 -0.579116 -0.618328 -0.655267 -0.687698 -0.715422 -0.738636 -0.756441 -0.768289 -0.773919 -0.773786 -0.768338 -0.758852 -0.744912 -0.727798 -0.706233 -0.683114 -0.658360 -0.631011 -0.602682 -0.572510 -0.541586 -0.510122 -0.477921 -0.444721 -0.411151 -0.377065 -0.342836 -0.308266 -0.274219 -0.239419 -0.205340 -0.168678 -0.128935 -0.089952 -0.109693 -0.050104 0.002872
-0.007503 -0.043022 -0.117009 -0.132769 -0.180777 -0.223707 -0.271715 -0.314449 -0.362702 -0.406268 -0.453530 -0.497951 -0.542565 -0.585451 -0.627650 -0.666095 -0.701283 -0.731153 -0.755656 -0.774725 -0.786484 -0.792278 -0.791273 -0.784573 -0.773084 -0.757564 -0.738601 -0.716007 -0.690736 -0.664843 -0.636191 -0.606677 -0.576350 -0.544780 -0.512812 -0.480436 -0.447597 -0.414242 -0.380646 -0.346861 -0.312439 -0.278528 -0.244420 -0.210535 -0.175881 -0.140029 -0.109032 -0.117648 -0.045729 0.009120
-0.010404 -0.040241 -0.129683 -0.136107 -0.177787 -0.222978 -0.276083 -0.320910 -0.369930 -0.415662 -0.463445 -0.510257 -0.556070 -0.601453 -0.645026 -0.685650 -0.723265 -0.755329 -0.781926 -0.801461 -0.812727 -0.816981 -0.813908 -0.805147 -0.791396 -0.773485 -0.752228 -0.727791 -0.701235 -0.673423 -0.643539 -0.613026 -0.581402 -0.549099 -0.516428 -0.483367 -0.449781 -0.415908 -0.381731 -0.347227 -0.312648 -0.277497 -0.243119 -0.207483 -0.172677 -0.135661 -0.098845 -0.101726 -0.026115 -0.027140
-0.012717 -0.036571 -0.126858 -0.130480 -0.180720 -0.223166 -0.275091 -0.317540 -0.369916 -0.414280 -0.466500 -0.513420 -0.563832 -0.611270 -0.659087 -0.703549 -0.745429 -0.781097 -0.811226 -0.832550 -0.844083 -0.847018 -0.841711 -0.830194 -0.813279 -0.792423 -0.768244 -0.741487 -0.712785 -0.682872 -0.651614 -0.619728 -0.587127 -0.554072 -0.520653 -0.487026 -0.453089 -0.419019 -0.384826 -0.350374 -0.316185 -0.281225 -0.247196 -0.212228 -0.177426 -0.141567 -0.102673 -0.105470 -0.039659 -0.001990
0.017073 -0.035003 -0.128209 -0.131008 -0.179802 -0.224232 -0.271263 -0.320783 -0.369923 -0.420800 -0.472330 -0.523503 -0.575903 -0.626948 -0.678615 -0.727621 -0.774635 -0.815434 -0.850360 -0.874021 -0.884660 -0.885351 -0.876493 -0.860882 -0.839721 -0.814832 -0.786919 -0.757023 -0.725618 -0.693342 -0.660173 -0.626638 -0.592656 -0.558464 -0.524093 -0.489617 -0.455001 -0.420297 -0.385548 -0.350635 -0.315795 -0.280658 -0.245738 -0.210187 -0.175399 -0.137605 -0.102463 -0.100175 -0.053654 -0.002392
0.009163 -0.033112 -0.124749 -0.127022 -0.180015 -0.223042 -0.273428 -0.322473 -0.372374 -0.423916 -0.475956 -0.529265 -0.584132 -0.639675 -0.696483 -0.752112 -0.806836 -0.855438 -0.897401 -0.925362 -0.935426 -0.932481 -0.918033 -0.896899 -0.869850 -0.840101 -0.807635 -0.774103 -0.739552 -0.704691 -0.669424 -0.634152 -0.598792 -0.563485 -0.528203 -0.492994 -0.457808 -0.422678 -0.387584 -0.352480 -0.317463 -0.282346 -0.247345 -0.212409 -0.177112 -0.142546 -0.104646 -0.102449 -0.036091 0.007782
-0.027733 -0.031582 -0.124687 -0.127249 -0.179185 -0.221828 -0.272730 -0.320604 -0.372030 -0.423756 -0.477949 -0.533649 -0.592172 -0.652615 -0.716114 -0.780308 -0.846091 -0.905936 -0.960178 -0.993564 -0.998234 -0.989248 -0.967019 -0.937765 -0.903884 -0.867693 -0.830032 -0.792104 -0.754000 -0.716245 -0.678652 -0.641522 -0.604664 -0.568144 -0.531881 -0.495892 -0.460050 -0.424369 -0.388798 -0.353334 -0.317892 -0.282600 -0.247055 -0.212149 -0.175861 -0.142568 -0.103122 -0.099590 -0.054252 -0.008962
-0.011576 -0.049323 -0.122501 -0.125084 -0.176469 -0.219041 -0.269355 -0.317336 -0.369120 -0.421834 -0.477610 -0.535807 -0.597899 -0.663412 -0.734264 -0.807973 -0.887554 -0.960687 -1.035201 -1.080842 -1.081601 -1.061210 -1.025425 -0.985557 -0.940787 -0.897250 -0.852817 -0.810150 -0.768154 -0.727538 -0.687595 -0.648662 -0.610368 -0.572731 -0.535575 -0.498834 -0.462398 -0.426310 -0.390365 -0.354686 -0.319004 -0.283590 -0.247906 -0.213047 -0.176762 -0.143210 -0.104821 -0.102272 -0.053640 -0.010054
0.021544 -0.034833 -0.119512 -0.122865 -0.172531 -0.214827 -0.264315 -0.312120 -0.364019 -0.417234 -0.474062 -0.533969 -0.598923 -0.669084 -0.748001 -0.834479 -0.934407 -1.034559 -1.147257 -1.205316 -1.178521 -1.140481 -1.088688 -1.033358 -0.978588 -0.925555 -0.875154 -0.827352 -0.781682 -0.738040 -0.695687 -0.655047 -0.615406 -0.576634 -0.538585 -0.501379 -0.464432 -0.427777 -0.391486 -0.355462 -0.319532 -0.284001 -0.247977 -0.213129 -0.175612 -0.142332 -0.102258 -0.101822 -0.036160 -0.013066
-0.002744 -0.048599 -0.115949 -0.118930 -0.167555 -0.208900 -0.257513 -0.304913 -0.356619 -0.410069 -0.467561 -0.528671 -0.595834 -0.669565 -0.755249 -0.852600 -0.972271 -1.093232 -1.271342 -1.372396 -1.325621 -1.247737 -1.164048 -1.089120 -1.015696 -0.953890 -0.894817 -0.841812 -0.792430 -0.746690 -0.702384 -0.660234 -0.619440 -0.579948 -0.541436 -0.503313 -0.465757 -0.429152 -0.392483 -0.356557 -0.320431 -0.284555 -0.248505 -0.213739 -0.177096 -0.143802 -0.105548 -0.103642 -0.048373 -0.014971
-0.018202 -0.064999 -0.110915 -0.113844 -0.160855 -0.201046 -0.248426 -0.294966 -0.345903 -0.398683 -0.455450 -0.515475 -0.581556 -0.654131 -0.742727 -0.850330 -0.993908 -1.184490 -1.799862 -1.845821 -1.602163 -1.409799 -1.234966 -1.144152 -1.060541 -0.990516 -0.929451 -0.870332 -0.815635 -0.767268 -0.741396 -0.691869 -0.633399 -0.593721 -0.552180 -0.512015 -0.499945 -0.453395 -0.418081 -0.381847 -0.358828 -0.281968 -0.272602 -0.234293 -0.192900 -0.157266 -0.120232 -0.094721 -0.042396 -0.009915
-0.022352 -0.046321 -0.104946 -0.107699 -0.152683 -0.191272 -0.237173 -0.282640 -0.332712 -0.384782 -0.440853 -0.499728 -0.564118 -0.634219 -0.719409 -0.828312 -0.996868 -1.212091 -1.380155 -2.040212 -1.634447 -1.417808 -1.255894 -1.152181 -1.130228 -1.059443 -0.925121 -0.933395 -0.801678 -0.775952 -0.779440 -0.725817 -0.682012 -0.592988 -0.589709 -0.505445 -0.527233 -0.460508 -0.423372 -0.356322 -0.349479 -0.298283 -0.244145 -0.213799 -0.168527 -0.149373 -0.106766 -0.075763 -0.045720 -0.038433
-0.007224 -0.038897 -0.097662 -0.099772 -0.142604 -0.179146 -0.223182 -0.267147 -0.315876 -0.366376 -0.420263 -0.474099 -0.529366 -0.576621 -0.625756 -0.641440 -0.688516 -0.808267 0.815195 0.000000 0.000000 0.000000 0.000000 0.000000 0.000000 0.000000 0.000000 0.000000 0.000000 0.000000 0.000000 0.000000 0.000000 0.000000 0.000000 0.000000 0.000000 0.000000 0.000000 0.000000 0.000000 0.000000 0.000000 0.000000 0.000000 0.000000 0.000000 0.000000 0.000000 0.000000
0.035810 -0.037403 -0.088573 -0.090744 -0.130253 -0.164627 -0.206495 -0.248986 -0.296771 -0.346639 -0.400192 -0.452410 -0.503203 -0.540278 -0.560125 -0.540799 -0.446589 -0.424280 0.333205 0.000000 0.000000 0.000000 0.000000 0.000000 0.000000 0.000000 0.000000 0.000000 0.000000 0.000000 0.000000 0.000000 0.000000 0.000000 0.000000 0.000000 0.000000 0.000000 0.000000 0.000000 0.000000 0.000000 0.000000 0.000000 0.000000 0.000000 0.000000 0.000000 0.000000 0.000000
-0.010648 -0.038841 -0.079879 -0.114313 -0.115717 -0.147212 -0.186497 -0.227260 -0.274349 -0.324370 -0.379939 -0.434153 -0.488963 -0.525158 -0.544154 -0.507816 -0.407216 -0.213131 -0.011903 0.000000 0.000000 0.000000 0.000000 0.000000 0.000000 0.000000 0.000000 0.000000 0.000000 0.000000 0.000000 0.000000 0.000000 0.000000 0.000000 0.000000 0.000000 0.000000 0.000000 0.000000 0.000000 0.000000 0.000000 0.000000 0.000000 0.000000 0.000000 0.000000 0.000000 0.000000
-0.018504 -0.028226 -0.067033 -0.097045 -0.098246 -0.126494 -0.162696 -0.201569 -0.248351 -0.299522 -0.359825 -0.420354 -0.487087 -0.534323 -0.565835 -0.540702 -0.423233 -0.216092 -0.008283 0.000000 0.000000 0.000000 0.000000 0.000000 0.000000 0.000000 0.000000 0.000000 0.000000 0.000000 0.000000 0.000000 0.000000 0.000000 0.000000 0.000000 0.000000 0.000000 0.000000 0.000000 0.000000 0.000000 0.000000 0.000000 0.000000 0.000000 0.000000 0.000000 0.000000 0.000000
0.003940 -0.030500 -0.052345 -0.076436 -0.077329 -0.101815 -0.133854 -0.169880 -0.215954 -0.268632 -0.336667 -0.409198 -0.501002 -0.574555 -0.652669 -0.621703 -0.485784 -0.275377 -0.041898 0.000000 0.000000 0.000000 0.000000 0.000000 0.000000 0.000000 0.000000 0.000000 0.000000 0.000000 0.000000 0.000000 0.000000 0.000000 0.000000 0.000000 0.000000 0.000000 0.000000 0.000000 0.000000 0.000000 0.000000 0.000000 0.000000 0.000000 0.000000 0.000000 0.000000 0.000000
0.006410 -0.019802 -0.035317 -0.052445 -0.054245 -0.073769 -0.100835 -0.132649 -0.176962 -0.230334 -0.306059 -0.392170 -0.512036 -0.619732 -0.777024 -0.804834 -0.611710 -0.354677 -0.050840 0.000000 0.000000 0.000000 0.000000 0.000000 0.000000 0.000000 0.000000 0.000000 0.000000 0.000000 0.000000 0.000000 0.000000 0.000000 0.000000 0.000000 0.000000 0.000000 0.000000 0.000000 0.000000 0.000000 0.000000 0.000000 0.000000 0.000000 0.000000 0.000000 0.000000 0.000000
0.014041 -0.022455 -0.012928 -0.015039 -0.024969 -0.038233 -0.058706 -0.084405 -0.124631 -0.173643 -0.256309 -0.353838 -0.524842 -0.712127 -1.019951 -1.116872 -0.774279 -0.442015 -0.051368 0.000000 0.000000 0.000000 0.000000 0.000000 0.000000 0.000000 0.000000 0.000000 0.000000 0.000000 0.000000 0.000000 0.000000 0.000000 0.000000 0.000000 0.000000 0.000000 0.000000 0.000000 0.000000 0.000000 0.000000 0.000000 0.000000 0.000000 0.000000 0.000000 0.000000 0.000000
-0.006924 -0.013588 0.009692 0.007789 0.008117 0.003500 -0.007123 -0.023561 -0.057556 -0.099955 -0.190705 -0.297239 -0.537931 -1.210723 -3.385214 -2.283373 -0.909453 -0.451315 -0.008057 0.000000 0.000000 0.000000 0.000000 0.000000 0.000000 0.000000 0.000000 0.000000 0.000000 0.000000 0.000000 0.000000 0.000000 0.000000 0.000000 0.000000 0.000000 0.000000 0.000000 0.000000 0.000000 0.000000 0.000000 0.000000 0.000000 0.000000 0.000000 0.000000 0.000000 0.000000
0.001536 -0.001523 0.035174 0.033935 0.045192 0.051550 0.054481 0.054818 0.039895 0.029539 -0.029399 -0.048528 -0.221709 0.153995 0.059803 0.000000 0.000000 0.000000 0.000000 0.000000 0.000000 0.000000 0.000000 0.000000 0.000000 0.000000 0.000000 0.000000 0.000000 0.000000 0.000000 0.000000 0.000000 0.000000 0.000000 0.000000 0.000000 0.000000 0.000000 0.000000 0.000000 0.000000 0.000000 0.000000 0.000000 0.000000 0.000000 0.000000 0.000000 0.000000
0.001811 0.012738 0.061628 0.061379 0.085254 0.102753 0.120411 0.137189 0.146409 0.161528 0.155281 0.171433 0.159669 0.315520 0.372365 0.000000 0.000000 0.000000 0.000000 0.000000 0.000000 0.000000 0.000000 0.000000 0.000000 0.000000 0.000000 0.000000 0.000000 0.000000 0.000000 0.000000 0.000000 0.000000 0.000000 0.000000 0.000000 0.000000 0.000000 0.000000 0.000000 0.000000 0.000000 0.000000 0.000000 0.000000 0.000000 0.000000 0.000000 0.000000
-0.013414 0.030919 0.089244 0.091027 0.127976 0.159906 0.195358 0.231961 0.266332 0.307853 0.334222 0.382561 0.392448 0.390838 0.410279 0.000000 0.000000 0.000000 0.000000 0.000000 0.000000 0.000000 0.000000 0.000000 0.000000 0.000000 0.000000 0.000000 0.000000 0.000000 0.000000 0.000000 0.000000 0.000000 0.000000 0.000000 0.000000 0.000000 0.000000 0.000000 0.000000 0.000000 0.000000 0.000000 0.000000 0.000000 0.000000 0.000000 0.000000 0.000000
-0.007473 0.040093 0.115156 0.116255 0.164712 0.207630 0.259265 0.313998 0.373689 0.444040 0.509404 0.594821 0.636775 0.565394 0.210240 0.000000 0.000000 0.000000 0.000000 0.000000 0.000000 0.000000 0.000000 0.000000 0.000000 0.000000 0.000000 0.000000 0.000000 0.000000 0.000000 0.000000 0.000000 0.000000 0.000000 0.000000 0.000000 0.000000 0.000000 0.000000 0.000000 0.000000 0.000000 0.000000 0.000000 0.000000 0.000000 0.000000 0.000000 0.000000
0.026778 0.046728 0.139821 0.142786 0.199831 0.253733 0.319601 0.390684 0.477422 0.580599 0.702678 0.890584 1.023992 1.848167 2.070178 3.436641 4.444018 3.641039 2.807805 1.923997 0.630792 0.478745 0.331972 0.257045 0.082114 0.110212 0.103162 0.066096 0.014805 0.025505 0.027891 0.012213 -0.005009 0.008872 0.028631 0.000000 0.000000 0.000000 0.000000 0.000000 0.000000 0.000000 0.000000 0.000000 0.000000 0.000000 0.000000 0.000000 0.000000 0.000000
0.025744 0.051928 0.160813 0.164432 0.231043 0.293499 0.370611 0.452032 0.557201 0.667612 0.836190 0.999405 1.315419 1.626610 2.204321 3.342503 4.062989 3.957310 2.887860 1.939091 1.256585 0.863168 0.601966 0.443319 0.333595 0.254266 0.198649 0.154819 0.122229 0.095668 0.074436 0.059757 0.051263 -0.007743 0.012856 0.000000 0.000000 0.000000 0.000000 0.000000 0.000000 0.000000 0.000000 0.000000 0.000000 0.000000 0.000000 0.000000 0.000000 0.000000
0.007032 0.050277 0.178101 0.182655 0.256630 0.326666 0.412701 0.503979 0.618928 0.744947 0.917096 1.100977 1.402195 1.671151 2.178232 2.857485 3.278940 2.765972 2.514045 1.892487 1.402165 1.050348 0.792469 0.604082 0.468347 0.367541 0.290997 0.231123 0.183155 0.142553 0.108618 0.076102 0.047015 -0.006905 -0.019897 0.000000 0.000000 0.000000 0.000000 0.000000 0.000000 0.000000 0.000000 0.000000 0.000000 0.000000 0.000000 0.000000 0.000000 0.000000
0.034924 0.080448 0.197508 0.269417 0.274306 0.350166 0.440925 0.536594 0.655222 0.781922 0.951254 1.129892 1.384327 1.646822 1.992726 2.416797 2.625970 2.493901 2.140055 1.777311 1.423841 1.125093 0.888452 0.706816 0.565638 0.455248 0.367593 0.296144 0.237606 0.187096 0.145676 0.104643 0.079237 -0.000972 -0.018297 0.000000 0.000000 0.000000 0.000000 0.000000 0.000000 0.000000 0.000000 0.000000 0.000000 0.000000 0.000000 0.000000 0.000000 0.000000
0.035119 0.070716 0.200093 0.204644 0.288138 0.365347 0.458758 0.556075 0.673688 0.798420 0.955957 1.121344 1.330466 1.553393 1.785250 2.041342 2.151057 2.065247 1.870183 1.608328 1.355163 1.124099 0.925962 0.761175 0.625827 0.514602 0.422524 0.345001 0.279315 0.221223 0.171471 0.122441 0.085406 0.005058 0.017916 0.000000 0.000000 0.000000 0.000000 0.000000 0.000000 0.000000 0.000000 0.000000 0.000000 0.000000 0.000000 0.000000 0.000000 0.000000
0.003632 0.062820 0.204609 0.210292 0.293330 0.372187 0.464924 0.560905 0.673498 0.791525 0.933534 1.079301 1.250574 1.423481 1.586558 1.751648 1.819722 1.779454 1.648045 1.476135 1.288191 1.105900 0.939269 0.793108 0.666811 0.558505 0.465578 0.384807 0.314715 0.251276 0.196464 0.141318 0.100873 0.010268 0.008735 0.000000 0.000000 0.000000 0.000000 0.000000 0.000000 0.000000 0.000000 0.000000 0.000000 0.000000 0.000000 0.000000 0.000000 0.000000
0.003511 0.077537 0.205185 0.209377 0.294500 0.372021 0.462943 0.555973 0.662231 0.772760 0.899569 1.028262 1.169477 1.307039 1.430356 1.541787 1.586275 1.561506 1.473487 1.349063 1.210491 1.066918 0.929021 0.801904 0.687227 0.584970 0.494195 0.412951 0.340568 0.273698 0.214595 0.154786 0.109641 0.013977 -0.011166 0.000000 0.000000 0.000000 0.000000 0.000000 0.000000 0.000000 0.000000 0.000000 0.000000 0.000000 0.000000 0.000000 0.000000 0.000000
0.000533 0.060025 0.202941 0.208294 0.289815 0.366064 0.453245 0.541932 0.640798 0.742828 0.855737 0.968851 1.087863 1.199629 1.298097 1.379822 1.413169 1.396580 1.339015 1.249610 1.142545 1.027651 0.912102 0.801235 0.697403 0.601654 0.514118 0.433707 0.360495 0.291592 0.229751 0.166669 0.118008 0.018648 0.005504 0.000000 0.000000 0.000000 0.000000 0.000000 0.000000 0.000000 0.000000 0.000000 0.000000 0.000000 0.000000 0.000000 0.000000 0.000000
0.003056 0.077793 0.197491 0.202905 0.281206 0.355081 0.437976 0.521759 0.613385 0.707436 0.808809 0.909787 1.013352 1.108746 1.194085 1.259323 1.285656 1.276751 1.233535 1.165591 1.081458 0.987636 0.889804 0.792726 0.698865 0.609757 0.526133 0.447501 0.374416 0.304477 0.240588 0.175097 0.122724 0.019352 -0.018343 0.000000 0.000000 0.000000 0.000000 0.000000 0.000000 0.000000 0.000000 0.000000 0.000000 0.000000 0.000000 0.000000 0.000000 0.000000
0.005546 0.141107 0.190131 0.193926 0.271120 0.340147 0.418244 0.496386 0.580836 0.667215 0.759091 0.850458 0.944082 1.030434 1.109825 1.169119 1.192600 1.187914 1.154761 1.100986 1.032023 0.953128 0.868420 0.782102 0.696446 0.613168 0.533288 0.456669 0.384234 0.313884 0.248887 0.181173 0.127484 0.057992 -0.001253 0.000000 0.000000 0.000000 0.000000 0.000000 0.000000 0.000000 0.000000 0.000000 0.000000 0.000000 0.000000 0.000000 0.000000 0.000000
0.001861 0.094710 0.180721 0.186727 0.255796 0.322259 0.394706 0.467294 0.544799 0.624232 0.708213 0.792607 0.882190 0.965008 1.050476 1.107755 1.126143 1.123943 1.094788 1.050747 0.991683 0.923547 0.848457 0.770540 0.691548 0.613296 0.536873 0.462294 0.390780 0.320469 0.254814 0.185907 0.130870 0.057015 0.000044 0.000000 0.000000 0.000000 0.000000 0.000000 0.000000 0.000000 0.000000 0.000000 0.000000 0.000000 0.000000 0.000000 0.000000 0.000000
0.027336 0.128987 0.169959 0.173493 0.241866 0.301648 0.368596 0.434810 0.505236 0.577410 0.654242 0.733128 0.821711 0.904367 1.003436 1.075812 1.091453 1.085164 1.057940 1.017108 0.963555 0.901602 0.832765 0.760518 0.686359 0.611958 0.538349 0.465447 0.394749 0.324878 0.258695 0.189378 0.132385 0.057595 0.004272 0.000000 0.000000 0.000000 0.000000 0.000000 0.000000 0.000000 0.000000 0.000000 0.000000 0.000000 0.000000 0.000000 0.000000 0.000000
0.033837 0.077283 0.157995 0.162908 0.222891 0.279414 0.339999 0.400022 0.462922 0.528048 0.597282 0.672428 0.760536 0.847269 1.008518 1.084362 1.063507 1.058245 1.027167 0.991725 0.940797 0.884070 0.819466 0.751577 0.681054 0.609865 0.538735 0.467199 0.397263 0.327858 0.261626 0.191763 0.135403 0.054375 0.026540 0.000000 0.000000 0.000000 0.000000 0.000000 0.000000 0.000000 0.000000 0.000000 0.000000 0.000000 0.000000 0.000000 0.000000 0.000000
-0.005734 0.071919 0.145574 0.149341 0.205714 0.255775 0.309866 0.362473 0.416806 0.472484 0.532643 0.596193 0.680238 0.770284 0.961825 1.125296 1.103527 1.059463 1.018144 0.975199 0.924733 0.868557 0.806062 0.740093 0.672176 0.603523 0.534515 0.463758 0.394771 0.326976 0.261183 0.192110 0.133354 0.050056 0.008641 0.000000 0.000000 0.000000 0.000000 0.000000 0.000000 0.000000 0.000000 0.000000 0.000000 0.000000 0.000000 0.000000 0.000000 0.000000
0.016594 0.063281 0.133167 0.136778 0.187111 0.231989 0.279238 0.324683 0.369182 0.416417 0.459179 0.517153 0.560953 0.730728 1.304372 1.197290 1.003531 1.076887 1.051661 0.974611 0.889541 0.831724 0.764585 0.756529 0.694256 0.557917 0.480556 0.471063 0.357419 0.399385 0.230663 0.168445 0.178672 0.056200 0.004603 0.000000 0.000000 0.000000 0.000000 0.000000 0.000000 0.000000 0.000000 0.000000 0.000000 0.000000 0.000000 0.000000 0.000000 0.000000
0.008779 0.049067 0.120938 0.124098 0.169427 0.208128 0.248496 0.285305 0.319829 0.352400 0.377050 0.403313 0.402207 0.719648 0.949359 1.348103 1.091252 1.001099 1.048851 0.951110 0.878633 0.825956 0.746417 0.739184 0.658357 0.576593 0.524378 0.394109 0.367059 0.320325 0.230211 0.162723 0.098645 0.043241 0.038683 0.000000 0.000000 0.000000 0.000000 0.000000 0.000000 0.000000 0.000000 0.000000 0.000000 0.000000 0.000000 0.000000 0.000000 0.000000
0.002926 0.050654 0.109465 0.112013 0.152566 0.186213 0.220366 0.250061 0.275622 0.297612 0.307167 0.313454 0.286472 0.251053 0.196528 0.000000 0.000000 0.000000 0.000000 0.000000 0.000000 0.000000 0.000000 0.000000 0.000000 0.000000 0.000000 0.000000 0.000000 0.000000 0.000000 0.000000 0.000000 0.000000 0.000000 0.000000 0.000000 0.000000 0.000000 0.000000 0.000000 0.000000 0.000000 0.000000 0.000000 0.000000 0.000000 0.000000 0.000000 0.000000
0.000888 0.055134 0.099136 0.102081 0.137202 0.165996 0.194640 0.217653 0.236227 0.248403 0.250270 0.241835 0.211778 0.134426 0.078436 0.000000 0.000000 0.000000 0.000000 0.000000 0.000000 0.000000 0.000000 0.000000 0.000000 0.000000 0.000000 0.000000 0.000000 0.000000 0.000000 0.000000 0.000000 0.000000 0.000000 0.000000 0.000000 0.000000 0.000000 0.000000 0.000000 0.000000 0.000000 0.000000 0.000000 0.000000 0.000000 0.000000 0.000000 0.000000
0.014574 0.038716 0.090452 0.092621 0.124725 0.149702 0.173827 0.192288 0.205653 0.211802 0.207376 0.194178 0.160833 0.095137 0.008264 0.000000 0.000000 0.000000 0.000000 0.000000 0.000000 0.000000 0.000000 0.000000 0.000000 0.000000 0.000000 0.000000 0.000000 0.000000 0.000000 0.000000 0.000000 0.000000 0.000000 0.000000 0.000000 0.000000 0.000000 0.000000 0.000000 0.000000 0.000000 0.000000 0.000000 0.000000 0.000000 0.000000 0.000000 0.000000
0.001212 0.028686 0.088365 0.084733 0.113467 0.135053 0.156652 0.170889 0.179917 0.183267 0.175091 0.157480 0.127259 0.034995 0.010047 0.000000 0.000000 0.000000 0.000000 0.000000 0.000000 0.000000 0.000000 0.000000 0.000000 0.000000 0.000000 0.000000 0.000000 0.000000 0.000000 0.000000 0.000000 0.000000 0.000000 0.000000 0.000000 0.000000 0.000000 0.000000 0.000000 0.000000 0.000000 0.000000 0.000000 0.000000 0.000000 0.000000 0.000000 0.000000
0.004310 0.036156 0.083118 0.109881 0.112367 0.134344 0.154897 0.169176 0.178480 0.180011 0.173178 0.155283 0.127095 0.027808 0.005976 0.000000 0.000000 0.000000 0.000000 0.000000 0.000000 0.000000 0.000000 0.000000 0.000000 0.000000 0.000000 0.000000 0.000000 0.000000 0.000000 0.000000 0.000000 0.000000 0.000000 0.000000 0.000000 0.000000 0.000000 0.000000 0.000000 0.000000 0.000000 0.000000 0.000000 0.000000 0.000000 0.000000 0.000000 0.000000
-0.004481 0.039665 0.067947 0.082291 0.116195 0.115645 0.130360 0.125027 0.123937 0.129776 0.130428 0.112892 0.087693 0.048722 0.004936 0.000000 0.000000 0.000000 0.000000 0.000000 0.000000 0.000000 0.000000 0.000000 0.000000 0.000000 0.000000 0.000000 0.000000 0.000000 0.000000 0.000000 0.000000 0.000000 0.000000 0.000000 0.000000 0.000000 0.000000 0.000000 0.000000 0.000000 0.000000 0.000000 0.000000 0.000000 0.000000 0.000000 0.000000 0.000000
0.023420 0.036859 0.046331 0.092959 0.106454 0.102865 0.119918 0.147286 0.175585 0.090659 0.119826 0.123707 0.079286 0.045313 0.019302 0.000000 0.000000 0.000000 0.000000 0.000000 0.000000 0.000000 0.000000 0.000000 0.000000 0.000000 0.000000 0.000000 0.000000 0.000000 0.000000 0.000000 0.000000 0.000000 0.000000 0.000000 0.000000 0.000000 0.000000 0.000000 0.000000 0.000000 0.000000 0.000000 0.000000 0.000000 0.000000 0.000000 0.000000 0.000000
