0.006488 0.007619 0.016859 0.020635 0.029068 0.035325 0.037993 0.041152 0.048586 0.066442 0.069723 0.087754 0.097443 0.107668 0.103393 0.106588 0.162185 0.121144 0.130800 0.194177 0.205314 0.216380 0.181021 0.174320 0.186021 0.253005 0.220471 0.193826 0.238184 0.247153 0.242991 0.235276 0.225077 0.307680 0.260479 0.291429 0.297191 0.297560 0.283042 0.288154 0.300159 0.298683 0.302066 0.303600 0.318584 0.308509 0.319925 0.328854 0.345916 0.309519
0.001708 0.011337 0.017454 0.023544 0.030957 0.038358 0.044383 0.053502 0.057434 0.064701 0.072230 0.080041 0.095332 0.102833 0.111722 0.121364 0.130870 0.140733 0.149285 0.146061 0.155431 0.164818 0.174186 0.181846 0.201779 0.220407 0.227932 0.237094 0.246759 0.255885 0.265244 0.270639 0.278643 0.286242 0.292479 0.299429 0.300428 0.304818 0.308502 0.314478 0.318707 0.321882 0.325296 0.327251 0.327516 0.332747 0.327428 0.323906 0.342109 0.295402
0.003187 0.006354 0.018095 0.024837 0.024938 0.031518 0.038354 0.045189 0.052307 0.059579 0.067130 0.074877 0.082915 0.091165 0.099677 0.108453 0.117371 0.126553 0.135882 0.145291 0.154859 0.164456 0.174082 0.183675 0.193184 0.202589 0.211823 0.220776 0.229498 0.237859 0.245958 0.253651 0.260811 0.267646 0.273980 0.279854 0.285222 0.290116 0.294423 0.298469 0.301668 0.305087 0.307035 0.310428 0.310922 0.316198 0.310090 0.315244 0.326938 0.311516
0.000230 0.010301 0.017251 0.018493 0.025340 0.031493 0.038373 0.045107 0.052202 0.059476 0.067013 0.074772 0.082825 0.091077 0.099550 0.108322 0.117244 0.126347 0.135660 0.145103 0.154689 0.164301 0.173939 0.183559 0.193080 0.202517 0.211678 0.220544 0.229324 0.237743 0.245787 0.253419 0.260627 0.267495 0.273864 0.279741 0.285073 0.289951 0.294239 0.298202 0.301360 0.304498 0.306238 0.308855 0.308342 0.311241 0.304870 0.313338 0.303959 0.309848
0.001362 0.005276 0.017709 0.018066 0.025002 0.030866 0.037844 0.044247 0.051502 0.058599 0.066139 0.073836 0.081855 0.090130 0.098685 0.107513 0.116520 0.125800 0.135245 0.144802 0.154515 0.164269 0.174060 0.183811 0.193494 0.203046 0.212443 0.221604 0.230468 0.238991 0.247182 0.254999 0.262303 0.269188 0.275576 0.281466 0.286873 0.291810 0.296108 0.300218 0.303189 0.306850 0.307353 0.311423 0.307042 0.320956 0.305552 0.317743 0.310952 0.293402
0.005206 0.004524 0.017173 0.017714 0.024178 0.030280 0.036880 0.043523 0.050484 0.057623 0.065083 0.072792 0.080820 0.089124 0.097719 0.106601 0.115728 0.125096 0.134673 0.144412 0.154290 0.164241 0.174229 0.184196 0.194087 0.203854 0.213433 0.222763 0.231825 0.240536 0.248865 0.256771 0.264204 0.271169 0.277609 0.283530 0.288885 0.293749 0.297958 0.301835 0.304789 0.307784 0.309109 0.311150 0.310526 0.314038 0.305172 0.318673 0.313410 0.295268
0.001417 0.004630 0.016764 0.017131 0.023697 0.029366 0.036021 0.042232 0.049294 0.056250 0.063705 0.071367 0.079394 0.087729 0.096393 0.105370 0.114627 0.124158 0.133917 0.143864 0.153965 0.164158 0.174400 0.184627 0.194787 0.204819 0.214669 0.224271 0.233568 0.242501 0.251029 0.259113 0.266694 0.273764 0.280281 0.286246 0.291623 0.296489 0.300660 0.304536 0.307320 0.310402 0.311032 0.313206 0.310252 0.322831 0.308481 0.320736 0.315273 0.296295
0.001354 0.011283 0.015970 0.016541 0.022683 0.028388 0.034586 0.041031 0.047764 0.054704 0.062035 0.069671 0.077691 0.086063 0.094800 0.103887 0.113298 0.123011 0.132988 0.143184 0.153555 0.164042 0.174591 0.185137 0.195621 0.205978 0.216144 0.226051 0.235639 0.244841 0.253607 0.261891 0.269642 0.276836 0.283432 0.289432 0.294789 0.299585 0.303661 0.307352 0.310053 0.312802 0.313726 0.315402 0.314313 0.318955 0.307361 0.322622 0.315455 0.298641
0.001947 0.002146 0.015362 0.015694 0.021798 0.027150 0.033327 0.039365 0.045978 0.052769 0.060009 0.067595 0.075607 0.084019 0.092844 0.102064 0.111657 0.121593 0.131831 0.142324 0.153021 0.163859 0.174778 0.185707 0.196581 0.207328 0.217879 0.228159 0.238098 0.247625 0.256683 0.265218 0.273177 0.280525 0.287224 0.293271 0.298626 0.303372 0.307356 0.310927 0.313451 0.316014 0.316615 0.317691 0.315078 0.326247 0.312823 0.324926 0.343185 0.320852
-0.000399 0.010345 0.014425 0.014836 0.020542 0.025672 0.031535 0.037452 0.043834 0.050484 0.057603 0.065127 0.073125 0.081581 0.090505 0.099880 0.109684 0.119880 0.130427 0.141270 0.152350 0.163602 0.174955 0.186336 0.197668 0.208875 0.219879 0.230598 0.240953 0.250866 0.260270 0.269102 0.277302 0.284829 0.291640 0.297730 0.303059 0.307717 0.311557 0.314927 0.317247 0.319593 0.320089 0.321534 0.320063 0.324023 0.316316 0.327203 0.341893 0.303426
-0.000010 0.000421 0.013396 0.013795 0.019199 0.024044 0.029583 0.035202 0.041326 0.047790 0.054763 0.062206 0.070180 0.078680 0.087717 0.097271 0.107319 0.117821 0.128727 0.139978 0.151507 0.163242 0.175104 0.187012 0.198882 0.210628 0.222164 0.233399 0.244246 0.254616 0.264430 0.273615 0.282103 0.289843 0.296786 0.302925 0.308226 0.312776 0.316440 0.319578 0.321614 0.323629 0.323720 0.324430 0.322025 0.327641 0.316200 0.329615 0.323111 0.342587
-0.001861 -0.000741 0.012276 0.012648 0.017572 0.022086 0.027263 0.032554 0.038400 0.044639 0.051436 0.058772 0.066710 0.075256 0.084416 0.094176 0.104508 0.115362 0.126686 0.138412 0.150462 0.162757 0.175209 0.187727 0.200221 0.212591 0.224748 0.236585 0.248007 0.258913 0.269211 0.278814 0.287640 0.295629 0.302722 0.308913 0.314163 0.318561 0.321991 0.324830 0.326516 0.328195 0.327913 0.328719 0.326435 0.330460 0.320113 0.332415 0.351645 0.308882
0.002133 0.010557 0.010911 0.011255 0.015721 0.019873 0.024562 0.029514 0.035012 0.040977 0.047555 0.054755 0.062638 0.071227 0.080525 0.090520 0.101178 0.112442 0.124249 0.136523 0.149174 0.162116 0.175247 0.188469 0.201681 0.214774 0.227649 0.240186 0.252280 0.263816 0.274682 0.284780 0.294009 0.302290 0.309560 0.315805 0.320979 0.325184 0.328317 0.330781 0.332028 0.333270 0.332504 0.332953 0.330581 0.335832 0.324179 0.335324 0.329339 0.311505
-0.002918 0.008681 0.009395 0.009699 0.013594 0.017246 0.021492 0.026008 0.031109 0.036738 0.043044 0.050068 0.057871 0.066496 0.075947 0.086209 0.097247 0.108983 0.121350 0.134259 0.147601 0.161286 0.175196 0.189221 0.203257 0.217177 0.230880 0.244227 0.257105 0.269377 0.280916 0.291602 0.301308 0.309941 0.317423 0.323720 0.328787 0.332735 0.335479 0.337451 0.338126 0.338742 0.337321 0.336703 0.332455 0.341439 0.327412 0.338262 0.330465 0.336131
-0.004434 0.007756 0.007675 0.007914 0.011222 0.014286 0.018013 0.022016 0.026638 0.031855 0.037820 0.044617 0.052305 0.060959 0.070576 0.081146 0.092626 0.104907 0.117922 0.131561 0.145693 0.160230 0.175027 0.189971 0.204948 0.219813 0.234472 0.248752 0.262542 0.275676 0.288005 0.299392 0.309664 0.318723 0.326451 0.332797 0.337720 0.341330 0.343574 0.344932 0.344910 0.344916 0.342632 0.342543 0.337921 0.340526 0.327950 0.341178 0.356090 0.317016
0.002324 -0.003682 0.005824 0.006009 0.008616 0.011038 0.014119 0.017515 0.021555 0.026268 0.031791 0.038280 0.045792 0.054463 0.064263 0.075187 0.087188 0.100102 0.113867 0.128360 0.143394 0.158909 0.174714 0.190689 0.206728 0.222653 0.238402 0.253751 0.268604 0.282752 0.296024 0.308259 0.319224 0.328818 0.336858 0.343270 0.348024 0.351668 0.353291 0.354063 0.353400 0.352490 0.350803 0.350706 0.348476 0.346347 0.344454 0.343402 0.359536 0.349691
-0.000224 0.006173 0.003732 0.003780 0.005653 0.007384 0.009712 0.012413 0.015764 0.019879 0.024869 0.030976 0.038244 0.046887 0.056871 0.068220 0.080849 0.094500 0.109142 0.124598 0.140651 0.157280 0.174214 0.191373 0.208617 0.225763 0.242768 0.259343 0.275430 0.290755 0.305131 0.318379 0.330173 0.340408 0.348814 0.355287 0.359769 0.362341 0.363075 0.362598 0.360513 0.358556 0.354355 0.352826 0.345644 0.348070 0.333679 0.346214 0.336891 0.339981
0.005086 0.006341 0.001531 0.001558 0.002440 0.003409 0.004819 0.006678 0.009150 0.012485 0.016743 0.022410 0.029340 0.038038 0.048199 0.060002 0.073381 0.087873 0.103502 0.120078 0.137386 0.155297 0.173539 0.191952 0.210530 0.228943 0.247365 0.265314 0.282850 0.299578 0.315307 0.329825 0.342699 0.353821 0.362768 0.369385 0.373596 0.375397 0.375004 0.373147 0.369519 0.366180 0.360481 0.358057 0.349427 0.353994 0.336946 0.348254 0.362441 0.352875
-0.003171 0.005358 -0.000878 -0.000918 -0.001035 -0.000924 -0.000539 0.000349 0.001780 0.004162 0.007498 0.012427 0.018911 0.027540 0.038018 0.050498 0.064820 0.080339 0.097003 0.115103 0.133671 0.152889 0.172535 0.192463 0.212529 0.232561 0.252630 0.272167 0.291375 0.309688 0.326945 0.342955 0.357073 0.369216 0.378781 0.385501 0.389300 0.390033 0.388109 0.384470 0.378936 0.373848 0.366324 0.363042 0.352580 0.355989 0.337744 0.349141 0.363412 0.343776
-0.006129 0.003954 -0.003435 -0.003504 -0.004782 -0.005593 -0.006387 -0.006637 -0.006493 -0.005264 -0.003177 0.001186 0.006153 0.015561 0.025380 0.039210 0.055103 0.070992 0.089114 0.109423 0.128973 0.148785 0.171491 0.191457 0.214482 0.235237 0.257597 0.278764 0.300011 0.320268 0.339546 0.357592 0.373514 0.387305 0.398016 0.405175 0.408731 0.408087 0.404166 0.397944 0.389692 0.382204 0.372393 0.367418 0.355355 0.358502 0.338886 0.349486 0.337447 0.352554
-0.015887 0.002297 -0.006003 -0.006144 -0.008626 -0.010521 -0.012631 -0.014215 -0.015598 -0.015896 -0.015414 -0.012671 -0.007820 0.000218 0.011899 0.025643 0.042900 0.060791 0.080762 0.103110 0.122646 0.146846 0.169375 0.193038 0.216766 0.239997 0.264573 0.287195 0.310845 0.333095 0.354328 0.374574 0.392334 0.407898 0.419799 0.427205 0.430219 0.427537 0.420472 0.410960 0.399571 0.389469 0.377158 0.370452 0.356696 0.359202 0.338125 0.348567 0.336504 0.335166
-0.015320 0.000637 -0.008683 -0.008930 -0.012564 -0.015601 -0.019171 -0.022310 -0.025634 -0.027713 -0.029630 -0.027610 -0.026891 -0.016423 -0.007671 0.009083 0.028946 0.047878 0.071072 0.096318 0.117588 0.142403 0.168742 0.190311 0.217997 0.239902 0.268715 0.291321 0.319698 0.344671 0.369196 0.392944 0.413923 0.432870 0.447449 0.456354 0.459767 0.454264 0.443340 0.428879 0.412725 0.398658 0.382381 0.372811 0.357078 0.358274 0.336189 0.346126 0.333726 0.314548
-0.001274 -0.000951 -0.011245 -0.011558 -0.016389 -0.020603 -0.025712 -0.030590 -0.036049 -0.040694 -0.045085 -0.047023 -0.045462 -0.038730 -0.025796 -0.007836 0.014229 0.035200 0.060752 0.087209 0.110783 0.138331 0.163789 0.192892 0.217432 0.247928 0.276389 0.304132 0.333721 0.361233 0.387497 0.414284 0.437500 0.460015 0.476784 0.487210 0.490525 0.480314 0.460457 0.441812 0.420283 0.402353 0.383974 0.372136 0.354933 0.355024 0.332238 0.341981 0.328824 0.340377
-0.001412 -0.002244 -0.013634 -0.014040 -0.019980 -0.025418 -0.032151 -0.038960 -0.047198 -0.054867 -0.064374 -0.069951 -0.076463 -0.068467 -0.058919 -0.035139 -0.008772 0.018498 0.047775 0.079213 0.107383 0.135509 0.167277 0.190266 0.220446 0.246855 0.278203 0.305518 0.339488 0.370163 0.402682 0.434233 0.465670 0.493625 0.518941 0.533838 0.539767 0.526872 0.499356 0.466122 0.435400 0.407948 0.385353 0.370133 0.351111 0.349765 0.326680 0.335769 0.321488 0.333390
-0.001501 -0.012293 -0.015698 -0.016205 -0.023096 -0.029637 -0.037865 -0.046589 -0.057396 -0.068570 -0.082090 -0.093753 -0.102899 -0.098998 -0.083954 -0.050566 -0.022981 0.002986 0.035644 0.069178 0.098284 0.123583 0.159310 0.193246 0.220974 0.258840 0.297602 0.322454 0.355450 0.389925 0.421399 0.458898 0.490120 0.529087 0.553609 0.579932 0.584350 0.559875 0.515050 0.474403 0.437699 0.405768 0.379754 0.362830 0.343100 0.341060 0.317805 0.326990 0.309709 0.315335
-0.001742 -0.004714 -0.017280 -0.017868 -0.025470 -0.032949 -0.042462 -0.053176 -0.066912 -0.083035 -0.104311 -0.128256 -0.156255 -0.161041 -0.143304 -0.110199 -0.067910 -0.020617 0.023225 0.065203 0.109075 0.140956 0.171128 0.200319 0.215733 0.247284 0.285063 0.316794 0.355087 0.392884 0.435871 0.478426 0.528511 0.579479 0.628880 0.677393 0.699786 0.653234 0.568437 0.494886 0.442026 0.401975 0.372066 0.352705 0.332333 0.329721 0.307117 0.315784 0.328014 0.278189
-0.002727 -0.012838 -0.018267 -0.018925 -0.026947 -0.034962 -0.045293 -0.057054 -0.072940 -0.091932 -0.120236 -0.155998 -0.211463 -0.209321 -0.170864 -0.094781 -0.064127 -0.018501 0.012290 0.044009 0.081089 0.094000 0.154665 0.194138 0.220211 0.270759 0.356572 0.341878 0.365429 0.407627 0.443704 0.496376 0.542718 0.609526 0.665173 0.732752 0.780931 0.709703 0.580491 0.479020 0.421873 0.380168 0.352148 0.334407 0.315981 0.314208 0.293081 0.301686 0.287370 0.297733
0.004489 -0.005832 -0.018509 -0.019198 -0.027153 -0.035225 -0.045356 -0.057683 -0.073294 -0.096484 -0.127019 -0.247610 -0.411629 -0.300062 -0.125712 -0.153174 -0.084256 -0.017206 0.006964 0.068356 0.110153 0.127463 0.134253 0.243125 0.241925 0.252394 0.293762 0.328904 0.370079 0.413727 0.467271 0.522469 0.591889 0.680012 0.795772 0.958914 0.993020 1.122431 0.723743 0.462273 0.395002 0.352832 0.327852 0.312027 0.297065 0.296406 0.279070 0.285168 0.272664 0.275505
0.000712 -0.005622 -0.018185 -0.018805 -0.026500 -0.034014 -0.043400 -0.053875 -0.067678 -0.083652 -0.109748 -0.089373 0.018552 -0.154521 -0.058498 -0.056422 -0.037571 -0.032828 0.005178 0.049393 0.061826 0.050745 0.046211 0.137703 0.059456 0.049964 0.097522 0.111538 0.132033 0.134975 0.106871 0.195002 0.210934 0.199973 0.252550 0.390045 0.669898 0.010352 0.174554 0.344366 0.318337 0.300778 0.289183 0.282020 0.271980 0.275274 0.259029 0.266728 0.280988 0.242471
0.003786 -0.006274 -0.017154 -0.017748 -0.024586 -0.031101 -0.038236 -0.046196 -0.053405 -0.062686 -0.066590 -0.078201 0.088549 0.000000 0.000000 0.000000 0.000000 0.000000 0.000000 0.000000 0.000000 0.000000 0.000000 -0.000694 -0.005539 -0.009629 -0.014424 -0.019788 -0.026340 -0.034367 -0.039745 -0.058182 -0.080488 -0.099337 -0.107994 -0.195776 -0.185730 -0.392614 -0.031108 0.188827 0.228499 0.239724 0.247380 0.248969 0.251302 0.253004 0.243670 0.246850 0.262792 0.256164
-0.001438 -0.006444 -0.016052 -0.016565 -0.022674 -0.028194 -0.034281 -0.039698 -0.044984 -0.048008 -0.048100 -0.015107 -0.005959 0.000000 0.000000 0.000000 0.000000 0.000000 0.000000 0.000000 0.000000 0.000000 0.000000 -0.001335 -0.003808 -0.008958 -0.013011 -0.017855 -0.023487 -0.030219 -0.038598 -0.048506 -0.062005 -0.078102 -0.102223 -0.128132 -0.166891 -0.089698 0.057797 0.133577 0.176413 0.201192 0.212178 0.223857 0.221551 0.231181 0.221151 0.227415 0.219433 0.218224
-0.002351 -0.006017 -0.015117 -0.015528 -0.020595 -0.025026 -0.029466 -0.033238 -0.035387 -0.036718 -0.033113 -0.011010 -0.007378 0.000000 0.000000 0.000000 0.000000 0.000000 0.000000 0.000000 0.000000 0.000000 0.000000 -0.001467 -0.005365 -0.008355 -0.011835 -0.016329 -0.021275 -0.027127 -0.034043 -0.041659 -0.051599 -0.060876 -0.073561 -0.079389 -0.081911 -0.033740 0.046477 0.098706 0.142188 0.165398 0.183020 0.194397 0.201284 0.210144 0.206498 0.207944 0.204444 0.211128
0.000052 -0.005377 -0.013639 -0.013956 -0.019122 -0.022404 -0.026022 -0.028327 -0.029450 -0.028713 -0.025147 -0.007128 -0.001959 0.000000 0.000000 0.000000 0.000000 0.000000 0.000000 0.000000 0.000000 0.000000 0.000000 -0.002262 -0.004807 -0.007137 -0.010420 -0.013902 -0.017881 -0.022374 -0.027522 -0.032628 -0.039033 -0.043260 -0.049188 -0.045945 -0.040988 -0.004339 0.045395 0.086841 0.119487 0.143447 0.160053 0.174794 0.181898 0.193100 0.186067 0.190518 0.186679 0.197001
0.001284 -0.005705 -0.012844 -0.012944 -0.017350 -0.020508 -0.023309 -0.024933 -0.025125 -0.023898 -0.019817 -0.006565 -0.002223 0.000000 0.000000 0.000000 0.000000 0.000000 0.000000 0.000000 0.000000 0.000000 0.000000 -0.001407 -0.003490 -0.005967 -0.008545 -0.011238 -0.014203 -0.017429 -0.020858 -0.023752 -0.027047 -0.027605 -0.028350 -0.020839 -0.011803 0.014020 0.048107 0.076903 0.106686 0.126327 0.142142 0.155870 0.164004 0.174248 0.173464 0.173914 0.172913 0.172128
-0.000952 -0.007881 -0.009993 -0.014478 -0.020014 -0.022727 -0.024185 -0.024655 -0.023093 -0.021896 -0.013787 -0.006106 -0.002126 0.000000 0.000000 0.000000 0.000000 0.000000 0.000000 0.000000 0.000000 0.000000 0.000000 -0.001835 -0.003041 -0.004563 -0.006444 -0.008351 -0.010343 -0.012356 -0.014284 -0.015439 -0.016492 -0.014932 -0.013011 -0.004776 0.005332 0.025128 0.049704 0.072353 0.094677 0.112730 0.127706 0.140887 0.149940 0.161240 0.156160 0.159459 0.157920 0.167050
-0.000903 -0.009025 -0.008201 -0.017155 -0.019046 -0.021096 -0.031393 -0.022781 -0.020654 -0.019178 -0.016826 -0.007453 -0.001485 0.000000 0.000000 0.000000 0.000000 0.000000 0.000000 0.000000 0.000000 0.000000 0.000000 -0.001925 -0.002318 -0.003080 -0.004347 -0.005531 -0.006643 -0.007588 -0.008242 -0.008045 -0.007378 -0.004454 -0.000682 0.007636 0.017591 0.033246 0.051787 0.069637 0.087484 0.102803 0.116178 0.128463 0.136486 0.146411 0.146569 0.146360 0.162092 0.154548
0.000000 0.000000 0.000000 0.000000 0.000000 0.000000 0.000000 0.000000 0.000000 0.000000 0.000000 0.000000 0.000000 0.000000 0.000000 0.000000 0.000000 0.000000 0.000000 0.000000 0.000000 0.000000 0.000000 0.001905 0.001512 -0.001628 -0.002311 -0.002809 -0.003150 -0.003195 -0.002852 -0.001669 0.000130 0.003776 0.008384 0.016216 0.025543 0.038402 0.053084 0.067672 0.082414 0.095671 0.107263 0.118284 0.126550 0.136952 0.132275 0.135048 0.139081 0.142710
0.000000 0.000000 0.000000 0.000000 0.000000 0.000000 0.000000 0.000000 0.000000 0.000000 0.000000 0.000000 0.000000 0.000000 0.000000 0.000000 0.000000 0.000000 0.000000 0.000000 0.000000 0.000000 0.000000 0.000118 -0.000221 -0.000384 -0.000411 -0.000342 -0.000016 0.000683 0.001811 0.003722 0.006319 0.010393 0.015445 0.022772 0.031316 0.042094 0.054056 0.066242 0.078374 0.089747 0.099325 0.109514 0.114497 0.116126 0.122943 0.126314 0.134663 0.122708
0.000000 0.000000 0.000000 0.000000 0.000000 0.000000 0.000000 0.000000 0.000000 0.000000 0.000000 0.000000 0.000000 0.000000 0.000000 0.000000 0.000000 0.000000 0.000000 0.000000 0.000000 0.000000 0.000000 0.002102 0.003015 0.000802 0.001300 0.001887 0.002765 0.004070 0.005794 0.008229 0.011331 0.015599 0.020743 0.027503 0.035274 0.044530 0.054603 0.064957 0.075202 0.085122 0.093754 0.102722 0.109304 0.118445 0.114328 0.116400 0.120549 0.114577
0.000000 0.000000 0.000000 0.000000 0.000000 0.000000 0.000000 0.000000 0.000000 0.000000 0.000000 0.000000 0.000000 0.000000 0.000000 0.000000 0.000000 0.000000 0.000000 0.000000 0.000000 0.000000 0.000000 -0.001848 0.002349 0.001883 0.002807 0.003831 0.005163 0.006963 0.009138 0.011941 0.015349 0.019684 0.024789 0.031064 0.038139 0.046229 0.054863 0.063782 0.072512 0.081157 0.088590 0.096567 0.101894 0.109485 0.109982 0.108877 0.116105 0.122654
0.000000 0.000000 0.000000 0.000000 0.000000 0.000000 0.000000 0.000000 0.000000 0.000000 0.000000 0.000000 0.000000 0.000000 0.000000 0.000000 0.000000 0.000000 0.000000 0.000000 0.000000 0.000000 0.000000 0.002089 0.002474 0.002806 0.004082 0.005513 0.007214 0.009395 0.011900 0.014962 0.018554 0.022884 0.027862 0.033701 0.040165 0.047341 0.054888 0.062688 0.070265 0.077902 0.084470 0.091745 0.097000 0.105067 0.100479 0.102579 0.106304 0.099323
0.000000 0.000000 0.000000 0.000000 0.000000 0.000000 0.000000 0.000000 0.000000 0.000000 0.000000 0.000000 0.000000 0.000000 0.000000 0.000000 0.000000 0.000000 0.000000 0.000000 0.000000 0.000000 0.000000 0.001927 -0.000651 0.003585 0.005191 0.006925 0.008933 0.011414 0.014165 0.017406 0.021099 0.025385 0.030205 0.035666 0.041613 0.048069 0.054768 0.061674 0.068323 0.075082 0.080785 0.087208 0.091169 0.097711 0.098420 0.096972 0.102021 0.096497
0.000000 0.000000 0.000000 0.000000 0.000000 0.000000 0.000000 0.000000 0.000000 0.000000 0.000000 0.000000 0.000000 0.000000 0.000000 0.000000 0.000000 0.000000 0.000000 0.000000 0.000000 0.000000 0.000000 0.001816 0.003267 0.004282 0.006126 0.008119 0.010364 0.013074 0.016005 0.019365 0.023105 0.027324 0.031978 0.037116 0.042627 0.048506 0.054538 0.060741 0.066672 0.072784 0.077949 0.084010 0.088291 0.095471 0.090522 0.092548 0.108014 0.086367
0.000000 0.000000 0.000000 0.000000 0.000000 0.000000 0.000000 0.000000 0.000000 0.000000 0.000000 0.000000 0.000000 0.000000 0.000000 0.000000 0.000000 0.000000 0.000000 0.000000 0.000000 0.000000 0.000000 0.001679 0.003426 0.004752 0.006676 0.009067 0.011525 0.014408 0.017474 0.020910 0.024665 0.028811 0.033308 0.038179 0.043336 0.048763 0.054280 0.059923 0.065283 0.070790 0.075382 0.080667 0.083883 0.089549 0.090375 0.088539 0.091112 0.092948
0.000000 0.000000 0.000000 0.000000 0.000000 0.000000 0.000000 0.000000 0.000000 0.000000 0.000000 0.000000 0.000000 0.000000 0.000000 0.000000 0.000000 0.000000 0.000000 0.000000 0.000000 0.000000 0.000000 0.001647 0.003679 0.005273 0.007287 0.009872 0.012460 0.015478 0.018636 0.022124 0.025877 0.029952 0.034310 0.038956 0.043818 0.048876 0.053971 0.059167 0.064053 0.069173 0.073326 0.078654 0.081612 0.088294 0.082847 0.085598 0.087729 0.081133
0.000000 0.000000 0.000000 0.000000 0.000000 0.000000 0.000000 0.000000 0.000000 0.000000 0.000000 0.000000 0.000000 0.000000 0.000000 0.000000 0.000000 0.000000 0.000000 0.000000 0.000000 0.000000 0.000000 0.001799 0.003595 0.005407 0.007790 0.010426 0.013176 0.016282 0.019516 0.023029 0.026765 0.030775 0.035014 0.039485 0.044133 0.048919 0.053727 0.058593 0.063169 0.067885 0.071771 0.076317 0.079141 0.084090 0.084779 0.083210 0.083724 0.087731
0.000000 0.000000 0.000000 0.000000 0.000000 0.000000 0.000000 0.000000 0.000000 0.000000 0.000000 0.000000 0.000000 0.000000 0.000000 0.000000 0.000000 0.000000 0.000000 0.000000 0.000000 0.000000 0.000000 0.001336 0.003974 0.005964 0.007782 0.010922 0.013722 0.016905 0.020190 0.023725 0.027462 0.031420 0.035574 0.039900 0.044350 0.048908 0.053450 0.058014 0.062273 0.066677 0.070196 0.074444 0.076284 0.081915 0.077941 0.085284 0.081090 0.084202
0.000000 0.000000 0.000000 0.000000 0.000000 0.000000 0.000000 0.000000 0.000000 0.000000 0.000000 0.000000 0.000000 0.000000 0.000000 0.000000 0.000000 0.000000 0.000000 0.000000 0.000000 0.000000 0.000000 0.000638 0.003299 0.005485 0.008168 0.010900 0.013842 0.016966 0.020272 0.023806 0.027536 0.031492 0.035639 0.039967 0.044422 0.048960 0.053491 0.058038 0.062272 0.066594 0.070062 0.073974 0.076097 0.079590 0.081135 0.081001 0.077538 0.070206
0.000000 0.000000 0.000000 0.000000 0.000000 0.000000 0.000000 0.000000 0.000000 0.000000 0.000000 0.000000 0.000000 0.000000 0.000000 0.000000 0.000000 0.000000 0.000000 0.000000 0.000000 0.000000 0.000000 0.000272 0.004229 0.007141 0.010377 0.013498 0.016710 0.020171 0.023911 0.027605 0.032067 0.036294 0.041156 0.045414 0.046277 0.051414 0.056215 0.060051 0.065823 0.070044 0.072624 0.077526 0.079341 0.082643 0.086378 0.086710 0.076691 0.084579
0.000000 0.000000 0.000000 0.000000 0.000000 0.000000 0.000000 0.000000 0.000000 0.000000 0.000000 0.000000 0.000000 0.000000 0.000000 0.000000 0.000000 0.000000 0.000000 0.000000 0.000000 0.000000 0.000000 0.000566 0.002657 0.006734 0.008945 0.009926 0.017510 0.017816 0.020801 0.026910 0.027608 0.041542 0.031397 0.030771 0.045154 0.046334 0.049489 0.047047 0.049416 0.063583 0.062377 0.070821 0.069591 0.078656 0.084435 0.078487 0.083545 0.073074
