0.000154 -0.000133 -0.000013 0.000081 0.000130 -0.000137 0.000153 0.000170 0.000021 0.000672 -0.000423 -0.000088 -0.000970 -0.000579 -0.000193 -0.000200 0.000219 -0.000108 0.000328 0.000049 -0.000643 0.000000 0.000000 0.000000 0.000000 0.000000 0.000000 0.000000 0.000000 0.000000 0.000000 0.000000 0.000000 0.000000 0.000000 0.000000 0.000000 0.000000 0.000000 0.000000 0.000000 0.000000 0.000000 0.000000 0.000000 0.000000 0.000000 0.000000 0.000000 0.000000
0.001025 0.001121 0.000864 0.000486 0.000404 0.000300 0.000166 0.000019 0.000716 0.000599 -0.000379 -0.000542 -0.000612 0.000154 -0.000025 -0.000265 -0.000452 -0.000618 -0.000755 -0.000961 -0.001391 0.000000 0.000000 0.000000 0.000000 0.000000 0.000000 0.000000 0.000000 0.000000 0.000000 0.000000 0.000000 0.000000 0.000000 0.000000 0.000000 0.000000 0.000000 0.000000 0.000000 0.000000 0.000000 0.000000 0.000000 0.000000 0.000000 0.000000 0.000000 0.000000
0.001150 0.001536 0.001658 0.001519 0.001543 0.001426 0.001268 0.001096 0.000887 0.000657 0.000394 0.000106 -0.000209 -0.000542 -0.000890 -0.001244 -0.001586 -0.001917 -0.002201 -0.002462 -0.002318 0.000000 0.000000 0.000000 0.000000 0.000000 0.000000 0.000000 0.000000 0.000000 0.000000 0.000000 0.000000 0.000000 0.000000 0.000000 0.000000 0.000000 0.000000 0.000000 0.000000 0.000000 0.000000 0.000000 0.000000 0.000000 0.000000 0.000000 0.000000 0.000000
0.002170 0.002224 0.002314 0.001692 0.001587 0.001471 0.001308 0.001132 0.000917 0.000677 0.000407 0.000111 -0.000213 -0.000558 -0.000920 -0.001286 -0.001636 -0.001969 -0.002244 -0.002432 -0.003312 0.000000 0.000000 0.000000 0.000000 0.000000 0.000000 0.000000 0.000000 0.000000 0.000000 0.000000 0.000000 0.000000 0.000000 0.000000 0.000000 0.000000 0.000000 0.000000 0.000000 0.000000 0.000000 0.000000 0.000000 0.000000 0.000000 0.000000 0.000000 0.000000
0.002267 0.002871 0.002340 0.002355 0.002224 0.002013 0.001846 0.001601 0.001309 0.000979 0.000603 0.000187 -0.000268 -0.000754 -0.001264 -0.001789 -0.002298 -0.002760 -0.003186 -0.003476 -0.004295 0.000000 0.000000 0.000000 0.000000 0.000000 0.000000 0.000000 0.000000 0.000000 0.000000 0.000000 0.000000 0.000000 0.000000 0.000000 0.000000 0.000000 0.000000 0.000000 0.000000 0.000000 0.000000 0.000000 0.000000 0.000000 0.000000 0.000000 0.000000 0.000000
0.003389 0.003586 0.002978 0.002969 0.002766 0.002603 0.002359 0.002046 0.001691 0.001280 0.000816 0.000299 -0.000270 -0.000886 -0.001541 -0.002219 -0.002895 -0.003539 -0.004090 -0.004500 -0.004804 0.000000 0.000000 0.000000 0.000000 0.000000 0.000000 0.000000 0.000000 0.000000 0.000000 0.000000 0.000000 0.000000 0.000000 0.000000 0.000000 0.000000 0.000000 0.000000 0.000000 0.000000 0.000000 0.000000 0.000000 0.000000 0.000000 0.000000 0.000000 0.000000
0.004099 0.004562 0.003694 0.003677 0.003499 0.003258 0.002950 0.002586 0.002156 0.001661 0.001096 0.000461 -0.000245 -0.001015 -0.001847 -0.002719 -0.003609 -0.004475 -0.005251 -0.005809 -0.007369 0.000000 0.000000 0.000000 0.000000 0.000000 0.000000 0.000000 0.000000 0.000000 0.000000 0.000000 0.000000 0.000000 0.000000 0.000000 0.000000 0.000000 0.000000 0.000000 0.000000 0.000000 0.000000 0.000000 0.000000 0.000000 0.000000 0.000000 0.000000 0.000000
0.007128 0.005446 0.004447 0.004428 0.004196 0.003931 0.003582 0.003164 0.002669 0.002096 0.001438 0.000694 -0.000141 -0.001065 -0.002075 -0.003161 -0.004286 -0.005433 -0.006482 -0.007339 -0.009432 0.000000 0.000000 0.000000 0.000000 0.000000 0.000000 0.000000 0.000000 0.000000 0.000000 0.000000 0.000000 0.000000 0.000000 0.000000 0.000000 0.000000 0.000000 0.000000 0.000000 0.000000 0.000000 0.000000 0.000000 0.000000 0.000000 0.000000 0.000000 0.000000
0.005325 0.006015 0.005275 0.005250 0.005005 0.004698 0.004303 0.003833 0.003273 0.002622 0.001870 0.001011 0.000036 -0.001056 -0.002282 -0.003613 -0.005065 -0.006562 -0.008002 -0.009224 -0.010735 0.000000 0.000000 0.000000 0.000000 0.000000 0.000000 0.000000 0.000000 0.000000 0.000000 0.000000 0.000000 0.000000 0.000000 0.000000 0.000000 0.000000 0.000000 0.000000 0.000000 0.000000 0.000000 0.000000 0.000000 0.000000 0.000000 0.000000 0.000000 0.000000
0.005881 0.006955 0.006161 0.006135 0.005860 0.005526 0.005095 0.004580 0.003964 0.003245 0.002410 0.001449 0.000348 -0.000904 -0.002323 -0.003925 -0.005687 -0.007654 -0.009615 -0.011621 -0.016084 0.000000 0.000000 0.000000 0.000000 0.000000 0.000000 0.000000 0.000000 0.000000 0.000000 0.000000 0.000000 0.000000 0.000000 0.000000 0.000000 0.000000 0.000000 0.000000 0.000000 0.000000 0.000000 0.000000 0.000000 0.000000 0.000000 0.000000 0.000000 0.000000
0.009548 0.008536 0.007131 0.007102 0.006808 0.006449 0.005984 0.005430 0.004764 0.003985 0.003074 0.002018 0.000794 -0.000614 -0.002259 -0.004134 -0.006328 -0.008864 -0.011662 -0.014613 -0.017360 0.000000 0.000000 0.000000 0.000000 0.000000 0.000000 0.000000 0.000000 0.000000 0.000000 0.000000 0.000000 0.000000 0.000000 0.000000 0.000000 0.000000 0.000000 0.000000 0.000000 0.000000 0.000000 0.000000 0.000000 0.000000 0.000000 0.000000 0.000000 0.000000
0.008961 0.009529 0.008178 0.007891 0.007523 0.007041 0.006449 0.006435 0.005734 0.004891 0.003905 0.002766 0.001445 -0.000088 -0.001880 -0.003998 -0.006469 -0.009507 -0.013238 -0.018427 -0.036252 0.000000 0.000000 0.000000 0.000000 0.000000 0.000000 0.000000 0.000000 0.000000 0.000000 0.000000 0.000000 0.000000 0.000000 0.000000 0.000000 0.000000 0.000000 0.000000 0.000000 0.000000 0.000000 0.000000 0.000000 0.000000 0.000000 0.000000 0.000000 0.000000
0.009725 0.010805 0.009368 0.009071 0.008677 0.008168 0.007542 0.007512 0.006788 0.005906 0.004884 0.003699 0.002324 0.000706 -0.001187 -0.003525 -0.006269 -0.010060 -0.014516 -0.022298 -0.038518 -0.006495 -0.003925 0.001828 0.000688 0.002498 0.001163 -0.001198 0.003674 0.003397 0.002421 0.001751 0.001646 -0.000937 -0.001597 -0.000948 0.000000 0.000000 0.000000 0.000000 0.000000 0.000000 0.000000 0.000000 0.000000 0.000000 0.000000 0.000000 0.000000 0.000000
0.010878 0.010931 0.010539 0.010505 0.010176 0.009778 0.009261 0.008645 0.007904 0.007034 0.006016 0.004830 0.003449 0.001835 -0.000059 -0.002313 -0.005041 -0.008320 -0.012747 -0.018222 -0.014188 -0.002009 0.002178 0.004603 0.004506 0.004288 -0.007597 0.003052 0.002234 0.001322 0.000303 -0.000791 -0.007334 -0.002837 -0.007164 -0.004786 0.000000 0.000000 0.000000 0.000000 0.000000 0.000000 0.000000 0.000000 0.000000 0.000000 0.000000 0.000000 0.000000 0.000000
0.011560 0.012245 0.011859 0.011824 0.011491 0.011092 0.010574 0.009956 0.009216 0.008349 0.007339 0.006170 0.004824 0.003265 0.001484 -0.000574 -0.002937 -0.005563 -0.008386 -0.011279 -0.012197 -0.008518 -0.005088 -0.003480 -0.003022 -0.003174 -0.003222 -0.004157 -0.004955 -0.005712 -0.006781 -0.007326 -0.008552 -0.008586 -0.011388 -0.008558 0.000000 0.000000 0.000000 0.000000 0.000000 0.000000 0.000000 0.000000 0.000000 0.000000 0.000000 0.000000 0.000000 0.000000
0.011140 0.013643 0.013270 0.013233 0.012902 0.012508 0.011996 0.011387 0.010658 0.009807 0.008820 0.007683 0.006384 0.004903 0.003226 0.001342 -0.000753 -0.003015 -0.005324 -0.007211 -0.008790 -0.006116 -0.004249 -0.003863 -0.003811 -0.004387 -0.005322 -0.006380 -0.007692 -0.009141 -0.010540 -0.012057 -0.013433 -0.014164 -0.017449 -0.016878 0.000000 0.000000 0.000000 0.000000 0.000000 0.000000 0.000000 0.000000 0.000000 0.000000 0.000000 0.000000 0.000000 0.000000
0.012455 0.015131 0.014771 0.014734 0.014408 0.014025 0.013525 0.012933 0.012226 0.011404 0.010455 0.009371 0.008144 0.006767 0.005237 0.003563 0.001763 -0.000064 -0.001907 -0.003358 -0.004407 -0.004053 -0.003981 -0.003790 -0.004650 -0.005506 -0.006976 -0.008728 -0.010708 -0.012872 -0.015040 -0.017036 -0.019051 -0.020544 -0.023144 -0.023513 0.000000 0.000000 0.000000 0.000000 0.000000 0.000000 0.000000 0.000000 0.000000 0.000000 0.000000 0.000000 0.000000 0.000000
0.017312 0.016705 0.016363 0.016327 0.016008 0.015640 0.015157 0.014588 0.013910 0.013123 0.012219 0.011191 0.010034 0.008744 0.007322 0.005785 0.004138 0.002484 0.000803 -0.000558 -0.001847 -0.002124 -0.002704 -0.003588 -0.004801 -0.006431 -0.008437 -0.010802 -0.013454 -0.016385 -0.019432 -0.022458 -0.025089 -0.027161 -0.030441 -0.025645 0.000000 0.000000 0.000000 0.000000 0.000000 0.000000 0.000000 0.000000 0.000000 0.000000 0.000000 0.000000 0.000000 0.000000
0.026662 0.020521 0.018038 0.018001 0.017698 0.017348 0.016889 0.016348 0.015706 0.014963 0.014111 0.013147 0.012067 0.010871 0.009561 0.008156 0.006660 0.005145 0.003589 0.002206 0.000804 -0.000208 -0.001525 -0.002808 -0.004730 -0.006849 -0.009533 -0.012581 -0.016022 -0.019850 -0.023782 -0.027920 -0.031674 -0.034667 -0.038676 -0.041819 0.000000 0.000000 0.000000 0.000000 0.000000 0.000000 0.000000 0.000000 0.000000 0.000000 0.000000 0.000000 0.000000 0.000000
0.019056 0.022445 0.019796 0.019758 0.019472 0.019144 0.018713 0.018206 0.017603 0.016908 0.016111 0.015212 0.014205 0.013091 0.011870 0.010556 0.009147 0.007698 0.006171 0.004709 0.003153 0.001738 0.000058 -0.001861 -0.004189 -0.006952 -0.010214 -0.014009 -0.018285 -0.023134 -0.028241 -0.033688 -0.038917 -0.043011 -0.051183 -0.068243 0.000000 0.000000 0.000000 0.000000 0.000000 0.000000 0.000000 0.000000 0.000000 0.000000 0.000000 0.000000 0.000000 0.000000
0.031641 0.021887 0.021629 0.021590 0.021326 0.021023 0.020623 0.020154 0.019597 0.018954 0.018217 0.017385 0.016454 0.015422 0.014288 0.013060 0.011731 0.010332 0.008828 0.007293 0.005602 0.003873 0.001823 -0.000456 -0.003259 -0.006510 -0.010392 -0.014917 -0.020090 -0.026059 -0.032500 -0.039704 -0.046567 -0.052830 -0.062865 -0.041282 0.000000 0.000000 0.000000 0.000000 0.000000 0.000000 0.000000 0.000000 0.000000 0.000000 0.000000 0.000000 0.000000 0.000000
0.034262 0.023745 0.023534 0.023493 0.023254 0.022978 0.022614 0.022187 0.021678 0.021091 0.020418 0.019656 0.018801 0.017849 0.016796 0.015644 0.014384 0.013027 0.011539 0.009953 0.008174 0.006237 0.003966 0.001337 -0.001800 -0.005513 -0.009933 -0.015156 -0.021258 -0.028377 -0.036469 -0.045558 -0.055412 -0.063903 -0.077124 -0.073359 0.000000 0.000000 0.000000 0.000000 0.000000 0.000000 0.000000 0.000000 0.000000 0.000000 0.000000 0.000000 0.000000 0.000000
0.024221 0.028634 0.025502 0.025460 0.025248 0.025001 0.024677 0.024295 0.023840 0.023313 0.022708 0.022020 0.021245 0.020377 0.019409 0.018338 0.017151 0.015847 0.014391 0.012788 0.010959 0.008902 0.006471 0.003636 0.000232 -0.003814 -0.008679 -0.014507 -0.021467 -0.029770 -0.039602 -0.051012 -0.064185 -0.077143 -0.096454 -0.076856 0.000000 0.000000 0.000000 0.000000 0.000000 0.000000 0.000000 0.000000 0.000000 0.000000 0.000000 0.000000 0.000000 0.000000
0.032972 0.027361 0.027530 0.027487 0.027303 0.027089 0.026806 0.026474 0.026076 0.025614 0.025081 0.024472 0.023782 0.023003 0.022127 0.021145 0.020043 0.018810 0.017413 0.015836 0.014014 0.011917 0.009435 0.006485 0.002945 -0.001299 -0.006456 -0.012669 -0.020330 -0.029511 -0.041066 -0.054763 -0.073652 -0.091048 -0.126381 -0.140487 0.000000 0.000000 0.000000 0.000000 0.000000 0.000000 0.000000 0.000000 0.000000 0.000000 0.000000 0.000000 0.000000 0.000000
0.027026 0.029647 0.029604 0.029445 0.029274 0.029230 0.028993 0.028714 0.028377 0.027985 0.027530 0.027007 0.026408 0.025727 0.024952 0.024074 0.023074 0.021936 0.020628 0.019125 0.017366 0.015310 0.012860 0.009936 0.006388 0.002114 -0.003125 -0.009489 -0.017500 -0.027256 -0.040191 -0.055541 -0.078717 -0.105637 -0.159384 -0.183742 0.000000 0.000000 0.000000 0.000000 0.000000 0.000000 0.000000 0.000000 0.000000 0.000000 0.000000 0.000000 0.000000 0.000000
0.030087 0.035379 0.031726 0.031688 0.031560 0.031421 0.031231 0.031008 0.030738 0.030420 0.030048 0.029617 0.029119 0.028545 0.027885 0.027125 0.026247 0.025233 0.024051 0.022670 0.021038 0.019104 0.016786 0.014002 0.010611 0.006503 0.001460 -0.004716 -0.012465 -0.022137 -0.034853 -0.050826 -0.073826 -0.104050 -0.180427 -0.051391 -0.004395 0.007366 0.013283 -0.012256 -0.003806 0.008022 0.006517 0.000842 0.021261 0.015402 -0.010903 -0.003258 -0.005106 0.018609
0.046408 0.037412 0.033878 0.033832 0.033749 0.033647 0.033510 0.033347 0.033147 0.032909 0.032627 0.032296 0.031907 0.031451 0.030918 0.030294 0.029562 0.028700 0.027680 0.026470 0.025022 0.023287 0.021193 0.018665 0.015595 0.011838 0.007269 0.001666 -0.005215 -0.013856 -0.024443 -0.038555 -0.053540 -0.075397 -0.064974 -0.032550 -0.045292 -0.002973 0.015652 0.002802 -0.005348 0.010198 0.032617 0.015048 0.036620 0.005988 -0.014229 0.027810 -0.018623 0.007423
0.048193 0.039788 0.036050 0.035998 0.035959 0.035900 0.035820 0.035720 0.035595 0.035442 0.035257 0.035032 0.034761 0.034436 0.034045 0.033575 0.033010 0.032329 0.031506 0.030511 0.029303 0.027837 0.026053 0.023885 0.021249 0.018049 0.014143 0.009420 0.003764 -0.003191 -0.011107 -0.021243 -0.030336 -0.046902 -0.046990 -0.037955 -0.012301 0.006974 0.016449 0.025358 0.029707 0.034332 0.033855 0.039280 0.031338 0.052862 0.011191 0.019715 0.006203 -0.006722
0.036092 0.042124 0.038243 0.038197 0.038189 0.038174 0.038150 0.038117 0.038071 0.038008 0.037924 0.037814 0.037671 0.037487 0.037251 0.036953 0.036575 0.036101 0.035508 0.034768 0.033848 0.032710 0.031305 0.029582 0.027479 0.024924 0.021852 0.018133 0.013794 0.008662 0.003013 -0.003456 -0.009058 -0.014681 -0.014785 -0.006134 0.008741 0.020182 0.030177 0.035742 0.041426 0.045486 0.048949 0.052819 0.048062 0.060798 0.032716 0.042263 0.035603 0.035937
0.051855 0.044426 0.040435 0.040392 0.040421 0.040454 0.040489 0.040527 0.040563 0.040595 0.040619 0.040630 0.040623 0.040590 0.040522 0.040410 0.040239 0.039995 0.039659 0.039208 0.038615 0.037852 0.036881 0.035665 0.034163 0.032333 0.030136 0.027537 0.024535 0.021107 0.017561 0.013741 0.010858 0.008262 0.010424 0.016432 0.027245 0.037439 0.045547 0.053009 0.058972 0.063486 0.066911 0.070334 0.070232 0.078477 0.061605 0.072246 0.058040 0.036199
0.040957 0.046707 0.042623 0.042584 0.042650 0.042732 0.042828 0.042938 0.043059 0.043190 0.043326 0.043465 0.043601 0.043728 0.043839 0.043926 0.043978 0.043983 0.043926 0.043791 0.043556 0.043201 0.042703 0.042035 0.041175 0.040102 0.038809 0.037289 0.035597 0.033771 0.032019 0.030505 0.029847 0.030378 0.033121 0.038972 0.046981 0.054824 0.062666 0.069247 0.075367 0.080324 0.084670 0.088211 0.089455 0.093572 0.089875 0.092344 0.082790 0.021783
0.057291 0.048951 0.044792 0.044756 0.044862 0.044993 0.045152 0.045337 0.045547 0.045779 0.046032 0.046303 0.046588 0.046882 0.047181 0.047478 0.047765 0.048034 0.048274 0.048473 0.048618 0.048695 0.048691 0.048594 0.048393 0.048086 0.047681 0.047201 0.046699 0.046257 0.046040 0.046215 0.047156 0.049126 0.052815 0.058333 0.065424 0.072900 0.080160 0.087080 0.093504 0.098788 0.104058 0.107824 0.109133 0.114786 0.116297 0.113676 0.105864 0.046318
0.059959 0.051168 0.046933 0.046900 0.047046 0.047227 0.047451 0.047712 0.048012 0.048348 0.048720 0.049126 0.049564 0.050031 0.050524 0.051039 0.051570 0.052113 0.052661 0.053208 0.053745 0.054269 0.054772 0.055252 0.055712 0.056161 0.056620 0.057124 0.057733 0.058538 0.059662 0.061286 0.063612 0.066909 0.071318 0.077058 0.083774 0.090860 0.098145 0.105099 0.111768 0.117616 0.123221 0.127762 0.130749 0.135123 0.136880 0.135565 0.126988 0.077552
0.045369 0.053358 0.049033 0.049002 0.049190 0.049422 0.049711 0.050048 0.050439 0.050881 0.051374 0.051918 0.052512 0.053155 0.053846 0.054583 0.055364 0.056187 0.057050 0.057950 0.058887 0.059860 0.060871 0.061926 0.063035 0.064216 0.065495 0.066915 0.068532 0.070433 0.072709 0.075509 0.078949 0.083217 0.088381 0.094519 0.101413 0.108738 0.116200 0.123568 0.130728 0.137066 0.143976 0.148452 0.152367 0.156674 0.160911 0.160488 0.152631 0.001281
0.050634 0.055512 0.051079 0.051049 0.051281 0.051562 0.051917 0.052330 0.052813 0.053360 0.053975 0.054657 0.055408 0.056229 0.057119 0.058080 0.059113 0.060218 0.061397 0.062652 0.063987 0.065408 0.066921 0.068539 0.070279 0.072162 0.074222 0.076502 0.079054 0.081956 0.085281 0.089142 0.093612 0.098815 0.104747 0.111452 0.118753 0.126451 0.134343 0.142229 0.149848 0.156917 0.164080 0.169971 0.175305 0.179953 0.183199 0.181398 0.174472 0.072083
0.049808 0.057591 0.053063 0.053033 0.053311 0.053639 0.054061 0.054548 0.055122 0.055773 0.056509 0.057329 0.058237 0.059234 0.060323 0.061508 0.062791 0.064176 0.065669 0.067276 0.069004 0.070863 0.072866 0.075031 0.077376 0.079930 0.082725 0.085805 0.089219 0.093031 0.097301 0.102114 0.107517 0.113590 0.120319 0.127715 0.135641 0.143977 0.152501 0.161146 0.169499 0.177474 0.186093 0.192097 0.198071 0.203828 0.208159 0.206394 0.202162 -0.000114
0.054236 0.054312 0.054964 0.054935 0.055258 0.055629 0.056116 0.056676 0.057340 0.058093 0.058948 0.059903 0.060965 0.062135 0.063420 0.064824 0.066353 0.068013 0.069813 0.071762 0.073872 0.076156 0.078632 0.081320 0.084243 0.087432 0.090920 0.094750 0.098967 0.103628 0.108781 0.114492 0.120792 0.127734 0.135293 0.143468 0.152141 0.161240 0.170524 0.180063 0.189063 0.198021 0.206781 0.214841 0.221783 0.228369 0.233668 0.232512 0.252092 0.072273
0.056029 0.056546 0.056733 0.057091 0.057508 0.058078 0.058097 0.058785 0.059528 0.060407 0.061387 0.062510 0.063740 0.065111 0.066584 0.068206 0.069946 0.071865 0.073916 0.076193 0.078584 0.081279 0.084208 0.087397 0.090870 0.094661 0.098803 0.103338 0.108310 0.113767 0.119753 0.126318 0.133487 0.141298 0.149728 0.158773 0.168328 0.178357 0.188595 0.199179 0.209214 0.219741 0.230665 0.238803 0.247223 0.254964 0.259965 0.258875 0.279517 0.002346
0.049576 0.061314 0.058488 0.058454 0.058870 0.059316 0.059928 0.060625 0.061458 0.062406 0.063486 0.064699 0.066053 0.067554 0.069211 0.071034 0.073031 0.075213 0.077595 0.080190 0.083016 0.086097 0.089451 0.093110 0.097096 0.101447 0.106197 0.111386 0.117058 0.123258 0.130025 0.137404 0.145417 0.154093 0.163412 0.173376 0.183881 0.194957 0.206203 0.218120 0.229004 0.240545 0.251305 0.262511 0.273414 0.281716 0.289976 0.288822 0.309262 0.065972
0.056433 0.063022 0.060130 0.060088 0.060565 0.061037 0.061711 0.062473 0.063383 0.064423 0.065606 0.066941 0.068430 0.070087 0.071919 0.073938 0.076155 0.078582 0.081236 0.084133 0.087291 0.090744 0.094503 0.098614 0.103090 0.107980 0.113311 0.119130 0.125477 0.132396 0.139929 0.148116 0.156976 0.166548 0.176807 0.187783 0.199360 0.211610 0.223989 0.237391 0.249240 0.264085 0.275278 0.289670 0.300836 0.311329 0.319484 0.318865 0.340617 0.062533
0.057839 0.064677 0.061545 0.061497 0.061979 0.062491 0.063190 0.064033 0.065004 0.066134 0.067408 0.068856 0.070467 0.072266 0.074256 0.076453 0.078870 0.081517 0.084417 0.087585 0.091037 0.094819 0.098941 0.103451 0.108362 0.113726 0.119568 0.125942 0.132886 0.140446 0.148668 0.157590 0.167234 0.177651 0.188816 0.200778 0.213424 0.226901 0.240671 0.255208 0.269447 0.283880 0.298126 0.313528 0.329389 0.340679 0.352415 0.352844 0.374393 0.181898
0.059365 0.062359 0.063024 0.062936 0.063496 0.064027 0.064763 0.065692 0.066708 0.067935 0.069285 0.070847 0.072569 0.074505 0.076648 0.079017 0.081630 0.084491 0.087635 0.091073 0.094803 0.098939 0.103396 0.108334 0.113675 0.119541 0.125908 0.132863 0.140432 0.148654 0.157606 0.167319 0.177785 0.189156 0.201286 0.214428 0.228267 0.243196 0.257816 0.275085 0.289094 0.309359 0.322713 0.344388 0.359101 0.374588 0.387291 0.388483 0.414667 0.094737
0.060747 0.067669 0.064065 0.063907 0.064223 0.064974 0.065542 0.066694 0.067708 0.069032 0.070430 0.072096 0.073898 0.075951 0.078218 0.080726 0.083504 0.086529 0.089878 0.093508 0.097453 0.101800 0.106563 0.111784 0.117469 0.123677 0.130422 0.137784 0.145805 0.154526 0.164040 0.174336 0.185472 0.197531 0.210536 0.224508 0.239497 0.255458 0.272397 0.289837 0.308548 0.326443 0.346815 0.366643 0.386561 0.406169 0.424231 0.426074 0.456762 0.005461
0.062138 0.068838 0.065493 0.065177 0.065495 0.066363 0.066818 0.068293 0.069195 0.070687 0.072069 0.073887 0.075730 0.077906 0.080291 0.082931 0.085889 0.089064 0.092651 0.096543 0.100588 0.105481 0.110392 0.116160 0.122230 0.129065 0.136302 0.144325 0.153006 0.162265 0.172555 0.183771 0.195484 0.208905 0.222519 0.238338 0.254111 0.272560 0.289519 0.311610 0.327409 0.355302 0.370988 0.402862 0.421300 0.449441 0.469500 0.471306 0.506711 0.256112
0.062097 0.070143 0.066101 0.065358 0.064370 0.066514 0.066268 0.068281 0.069061 0.070620 0.072009 0.073906 0.075753 0.078009 0.080467 0.083187 0.086279 0.089521 0.093262 0.097159 0.101284 0.106360 0.111252 0.117327 0.123461 0.130579 0.137849 0.145933 0.154857 0.164346 0.175037 0.186136 0.198617 0.211708 0.226678 0.241989 0.259703 0.277066 0.298760 0.317795 0.343511 0.365039 0.394011 0.419728 0.449926 0.478174 0.507133 0.519269 0.556414 0.278431
0.061591 0.071114 0.067837 0.066637 0.069605 0.067907 0.069430 0.070780 0.070813 0.073699 0.073933 0.076894 0.078115 0.080703 0.083351 0.085916 0.089816 0.092422 0.097743 0.100324 0.107059 0.109868 0.117830 0.121505 0.130487 0.137529 0.143685 0.154479 0.163703 0.172419 0.184335 0.198053 0.208539 0.226135 0.238493 0.259553 0.273975 0.299523 0.316499 0.346664 0.364091 0.401287 0.420121 0.464216 0.487892 0.530961 0.565230 0.584734 0.621646 0.308429
0.067028 0.069857 0.066042 0.065305 0.064413 0.066435 0.065828 0.068397 0.068011 0.070980 0.071026 0.074089 0.074932 0.077821 0.080020 0.082784 0.086333 0.089176 0.094092 0.096899 0.103054 0.106032 0.113567 0.117323 0.126357 0.131215 0.139004 0.149601 0.156460 0.166205 0.180104 0.190998 0.202430 0.219842 0.232038 0.253039 0.267665 0.292549 0.314353 0.336602 0.369105 0.393702 0.434209 0.463280 0.515374 0.549335 0.613795 0.592653 0.694402 0.279492
0.057070 0.069424 0.067980 0.067025 0.068841 0.069268 0.070459 0.071408 0.072823 0.074284 0.076074 0.078029 0.080238 0.082675 0.085383 0.088349 0.091641 0.095206 0.099168 0.103462 0.108205 0.113466 0.119092 0.125402 0.132159 0.139715 0.147841 0.156743 0.166579 0.177151 0.188675 0.201358 0.215182 0.230189 0.246763 0.264664 0.284507 0.306029 0.329963 0.356349 0.385188 0.416869 0.453135 0.489637 0.536170 0.573495 0.570085 0.632105 0.772980 0.236803
0.063905 0.062416 0.061192 0.071583 0.073165 0.067192 0.067122 0.077134 0.079143 0.080745 0.082746 0.085428 0.087698 0.084737 0.087547 0.090785 0.094193 0.097938 0.102102 0.107358 0.113568 0.119767 0.125720 0.132403 0.141736 0.147271 0.157175 0.167212 0.178359 0.190860 0.203965 0.217428 0.232480 0.248468 0.237589 0.287068 0.309520 0.309781 0.329822 0.391879 0.390017 0.462540 0.506463 0.552360 0.617091 0.669519 0.778554 0.807625 0.810100 0.283421
0.060278 0.058839 0.056092 0.056083 0.056570 0.063741 0.063839 0.058799 0.061098 0.062915 0.064975 0.067373 0.068438 0.070728 0.073187 0.076647 0.079600 0.080163 0.086353 0.100802 0.102205 0.096565 0.122177 0.111592 0.118161 0.123133 0.151539 0.152628 0.151440 0.160329 0.172740 0.178230 0.198486 0.207396 0.247499 0.248266 0.274024 0.261603 0.318387 0.345166 0.344363 0.422843 0.413326 0.538021 0.553028 0.685244 0.798476 0.769778 1.065145 1.096360
