0.006301 -0.006148 -0.008248 -0.002508 -0.006756 -0.003442 0.022707 0.009679 0.022148 0.012247 0.010140 -0.008983 -0.008917 0.008396 0.000000 0.000000 0.000000 0.000000 0.000000 0.000000 0.000000 0.000000 0.000000 0.000000 0.000000 0.000000 0.000000 0.000000 0.000000 0.000000 0.000000 0.000000 0.000000 0.000000 0.000000 0.000000 0.000000 0.000000 0.000000 0.000000 0.000000 0.000000 0.000000 0.000000 0.000000 0.000000 0.000000 0.000000 0.000000 0.000000
-0.003826 -0.032145 -0.021731 -0.008409 -0.003188 0.007272 0.010972 -0.022001 -0.019584 0.009838 -0.016409 -0.014881 0.002401 0.013166 0.000000 0.000000 0.000000 0.000000 0.000000 0.000000 0.000000 0.000000 0.000000 0.000000 0.000000 0.000000 0.000000 0.000000 0.000000 0.000000 0.000000 0.000000 0.000000 0.000000 0.000000 0.000000 0.000000 0.000000 0.000000 0.000000 0.000000 0.000000 0.000000 0.000000 0.000000 0.000000 0.000000 0.000000 0.000000 0.000000
-0.005477 -0.061661 -0.031552 -0.008264 -0.012917 -0.029039 -0.019697 -0.020535 -0.017328 -0.018711 -0.017974 -0.012175 -0.001877 0.008372 0.000000 0.000000 0.000000 0.000000 0.000000 0.000000 0.000000 0.000000 0.000000 0.000000 0.000000 0.000000 0.000000 0.000000 0.000000 0.000000 0.000000 0.000000 0.000000 0.000000 0.000000 0.000000 0.000000 0.000000 0.000000 0.000000 0.000000 0.000000 0.000000 0.000000 0.000000 0.000000 0.000000 0.000000 0.000000 0.000000
0.023965 -0.012517 -0.059431 -0.044036 -0.018973 -0.030135 -0.020148 -0.023101 -0.015454 -0.016626 -0.011591 -0.030380 0.000865 0.020829 0.000000 0.000000 0.000000 0.000000 0.000000 0.000000 0.000000 0.000000 0.000000 0.000000 0.000000 0.000000 0.000000 0.000000 0.000000 0.000000 0.000000 0.000000 0.000000 0.000000 0.000000 0.000000 0.000000 0.000000 0.000000 0.000000 0.000000 0.000000 0.000000 0.000000 0.000000 0.000000 0.000000 0.000000 0.000000 0.000000
0.029023 -0.077829 -0.051399 -0.053220 -0.032837 -0.039620 -0.030199 -0.023094 -0.022055 -0.020326 -0.015000 -0.033828 -0.006107 0.006025 0.000000 0.000000 0.000000 0.000000 0.000000 0.000000 0.000000 0.000000 0.000000 0.000000 0.000000 0.000000 0.000000 0.000000 0.000000 0.000000 0.000000 0.000000 0.000000 0.000000 0.000000 0.000000 0.000000 0.000000 0.000000 0.000000 0.000000 0.000000 0.000000 0.000000 0.000000 0.000000 0.000000 0.000000 0.000000 0.000000
-0.002692 -0.043335 -0.057467 -0.055983 -0.035398 -0.048775 -0.032245 -0.038641 -0.035380 -0.030932 -0.024078 -0.035317 -0.004003 0.001016 0.000000 0.000000 0.000000 0.000000 0.000000 0.000000 0.000000 0.000000 0.000000 0.000000 0.000000 0.000000 0.000000 0.000000 0.000000 0.000000 0.000000 0.000000 0.000000 0.000000 0.000000 0.000000 0.000000 0.000000 0.000000 0.000000 0.000000 0.000000 0.000000 0.000000 0.000000 0.000000 0.000000 0.000000 0.000000 0.000000
-0.021386 -0.099321 -0.065157 -0.065432 -0.061514 -0.062706 -0.052935 -0.043009 -0.038937 -0.033498 -0.024214 0.009136 -0.004839 -0.015540 0.000000 0.000000 0.000000 0.000000 0.000000 0.000000 0.000000 0.000000 0.000000 0.000000 0.000000 0.000000 0.000000 0.000000 0.000000 0.000000 0.000000 0.000000 0.000000 0.000000 0.000000 0.000000 0.000000 0.000000 0.000000 0.000000 0.000000 0.000000 0.000000 0.000000 0.000000 0.000000 0.000000 0.000000 0.000000 0.000000
-0.021738 -0.074998 -0.074619 -0.075035 -0.061549 -0.067353 -0.052159 -0.056776 -0.051037 -0.042210 -0.035255 -0.019702 -0.005465 0.004652 0.000000 0.000000 0.000000 0.000000 0.000000 0.000000 0.000000 0.000000 0.000000 0.000000 0.000000 0.000000 0.000000 0.000000 0.000000 0.000000 0.000000 0.000000 0.000000 0.000000 0.000000 0.000000 0.000000 0.000000 0.000000 0.000000 0.000000 0.000000 0.000000 0.000000 0.000000 0.000000 0.000000 0.000000 0.000000 0.000000
0.000543 -0.120039 -0.091029 -0.088847 -0.084503 -0.081743 -0.074353 -0.070174 -0.058028 -0.049214 -0.036984 -0.023299 -0.005857 0.001120 0.000000 0.000000 0.000000 0.000000 0.000000 0.000000 0.000000 0.000000 0.000000 0.000000 0.000000 0.000000 0.000000 0.000000 0.000000 0.000000 0.000000 0.000000 0.000000 0.000000 0.000000 0.000000 0.000000 0.000000 0.000000 0.000000 0.000000 0.000000 0.000000 0.000000 0.000000 0.000000 0.000000 0.000000 0.000000 0.000000
-0.022567 -0.097050 -0.106941 -0.101018 -0.094620 -0.092614 -0.081518 -0.078291 -0.068101 -0.057777 -0.045338 -0.026912 -0.006948 -0.012950 0.000000 0.000000 0.000000 0.000000 0.000000 0.000000 0.000000 0.000000 0.000000 0.000000 0.000000 0.000000 0.000000 0.000000 0.000000 0.000000 0.000000 0.000000 0.000000 0.000000 0.000000 0.000000 0.000000 0.000000 0.000000 0.000000 0.000000 0.000000 0.000000 0.000000 0.000000 0.000000 0.000000 0.000000 0.000000 0.000000
-0.008136 -0.157217 -0.121776 -0.116183 -0.113818 -0.107380 -0.100565 -0.092954 -0.079536 -0.067292 -0.051854 -0.051923 -0.007977 -0.013405 0.000000 0.000000 0.000000 0.000000 0.000000 0.000000 0.000000 0.000000 0.000000 0.000000 0.000000 0.000000 0.000000 0.000000 0.000000 0.000000 0.000000 0.000000 0.000000 0.000000 0.000000 0.000000 0.000000 0.000000 0.000000 0.000000 0.000000 0.000000 0.000000 0.000000 0.000000 0.000000 0.000000 0.000000 0.000000 0.000000
-0.007371 -0.132069 -0.137739 -0.133549 -0.131784 -0.123788 -0.115011 -0.104604 -0.091603 -0.077583 -0.060663 -0.001124 -0.009356 0.000030 0.000000 0.000000 0.000000 0.000000 0.000000 0.000000 0.000000 0.000000 0.000000 0.000000 0.000000 0.000000 0.000000 0.000000 0.000000 0.000000 0.000000 0.000000 0.000000 0.000000 0.000000 0.000000 0.000000 0.000000 0.000000 0.000000 0.000000 0.000000 0.000000 0.000000 0.000000 0.000000 0.000000 0.000000 0.000000 0.000000
-0.009431 -0.193527 -0.155640 -0.152723 -0.152043 -0.141590 -0.133072 -0.120650 -0.106358 -0.089996 -0.070566 -0.005235 -0.010961 -0.028083 0.000000 0.000000 0.000000 0.000000 0.000000 0.000000 0.000000 0.000000 0.000000 0.000000 0.000000 0.000000 0.000000 0.000000 0.000000 0.000000 0.000000 0.000000 0.000000 0.000000 0.000000 0.000000 0.000000 0.000000 0.000000 0.000000 0.000000 0.000000 0.000000 0.000000 0.000000 0.000000 0.000000 0.000000 0.000000 0.000000
-0.046203 -0.213503 -0.175326 -0.173877 -0.172937 -0.161255 -0.152093 -0.138226 -0.122628 -0.104187 -0.082371 -0.010654 -0.012941 -0.003363 0.000000 0.000000 0.000000 0.000000 0.000000 0.000000 0.000000 0.000000 0.000000 0.000000 0.000000 0.000000 0.000000 0.000000 0.000000 0.000000 0.000000 0.000000 0.000000 0.000000 0.000000 0.000000 0.000000 0.000000 0.000000 0.000000 0.000000 0.000000 0.000000 0.000000 0.000000 0.000000 0.000000 0.000000 0.000000 0.000000
-0.115563 -0.237804 -0.197668 -0.196830 -0.195457 -0.183534 -0.173854 -0.158888 -0.141784 -0.121191 -0.096479 -0.017755 -0.015350 -0.018961 0.000000 0.000000 0.000000 0.000000 0.000000 0.000000 0.000000 0.000000 0.000000 0.000000 0.000000 0.000000 0.000000 0.000000 0.000000 0.000000 0.000000 0.000000 0.000000 0.000000 0.000000 0.000000 0.000000 0.000000 0.000000 0.000000 0.000000 0.000000 0.000000 0.000000 0.000000 0.000000 0.000000 0.000000 0.000000 0.000000
-0.014303 -0.260752 -0.223083 -0.222769 -0.220182 -0.208505 -0.198247 -0.182557 -0.164045 -0.141415 -0.113624 -0.026936 -0.018395 -0.021555 0.000000 0.000000 0.000000 0.000000 0.000000 0.000000 0.000000 0.000000 0.000000 0.000000 0.000000 0.000000 0.000000 0.000000 0.000000 0.000000 0.000000 0.000000 0.000000 0.000000 0.000000 0.000000 0.000000 0.000000 0.000000 0.000000 0.000000 0.000000 0.000000 0.000000 0.000000 0.000000 0.000000 0.000000 0.000000 0.000000
-0.146548 -0.287213 -0.250972 -0.250894 -0.247435 -0.236560 -0.226012 -0.210077 -0.190388 -0.165940 -0.134752 -0.038843 -0.022438 -0.024872 0.000000 0.000000 0.000000 0.000000 0.000000 0.000000 0.000000 0.000000 0.000000 0.000000 0.000000 0.000000 0.000000 0.000000 0.000000 0.000000 0.000000 0.000000 0.000000 0.000000 0.000000 0.000000 0.000000 0.000000 0.000000 0.000000 0.000000 0.000000 0.000000 0.000000 0.000000 0.000000 0.000000 0.000000 0.000000 0.000000
-0.116138 -0.315093 -0.280996 -0.281201 -0.277331 -0.267736 -0.257452 -0.241923 -0.221588 -0.195757 -0.161035 -0.054701 -0.027978 -0.029017 0.000000 0.000000 0.000000 0.000000 0.000000 0.000000 0.000000 0.000000 0.000000 0.000000 0.000000 0.000000 0.000000 0.000000 0.000000 0.000000 0.000000 0.000000 0.000000 0.000000 0.000000 0.000000 0.000000 0.000000 0.000000 0.000000 0.000000 0.000000 0.000000 0.000000 0.000000 0.000000 0.000000 0.000000 0.000000 0.000000
-0.162575 -0.344627 -0.312890 -0.313637 -0.309903 -0.302220 -0.293063 -0.278999 -0.258941 -0.232725 -0.194606 -0.077127 -0.036068 -0.036323 0.000000 0.000000 0.000000 0.000000 0.000000 0.000000 0.000000 0.000000 0.000000 0.000000 0.000000 0.000000 0.000000 0.000000 0.000000 0.000000 0.000000 0.000000 0.000000 0.000000 0.000000 0.000000 0.000000 0.000000 0.000000 0.000000 0.000000 0.000000 0.000000 0.000000 0.000000 0.000000 0.000000 0.000000 0.000000 0.000000
-0.121043 -0.374647 -0.346680 -0.347441 -0.344900 -0.339868 -0.333033 -0.321849 -0.303542 -0.278599 -0.237908 -0.109538 -0.048319 -0.046879 0.000000 0.000000 0.000000 0.000000 0.000000 0.000000 0.000000 0.000000 0.000000 0.000000 0.000000 0.000000 0.000000 0.000000 0.000000 0.000000 0.000000 0.000000 0.000000 0.000000 0.000000 0.000000 0.000000 0.000000 0.000000 0.000000 0.000000 0.000000 0.000000 0.000000 0.000000 0.000000 0.000000 0.000000 0.000000 0.000000
-0.166320 -0.408515 -0.381669 -0.382408 -0.381914 -0.380674 -0.377672 -0.371446 -0.357295 -0.336608 -0.295763 -0.156707 -0.068880 -0.091147 0.000000 0.000000 0.000000 0.000000 0.000000 0.000000 0.000000 0.000000 0.000000 0.000000 0.000000 0.000000 0.000000 0.000000 0.000000 0.000000 0.000000 0.000000 0.000000 0.000000 0.000000 0.000000 0.000000 0.000000 0.000000 0.000000 0.000000 0.000000 0.000000 0.000000 0.000000 0.000000 0.000000 0.000000 0.000000 0.000000
-0.239509 -0.439525 -0.416987 -0.417953 -0.420236 -0.423847 -0.426365 -0.427525 -0.420861 -0.408723 -0.373035 -0.228341 -0.106580 -0.083559 0.000000 0.000000 0.000000 0.000000 0.000000 0.000000 0.000000 0.000000 0.000000 0.000000 0.000000 0.000000 0.000000 0.000000 0.000000 0.000000 0.000000 0.000000 0.000000 0.000000 0.000000 0.000000 0.000000 0.000000 0.000000 0.000000 0.000000 0.000000 0.000000 0.000000 0.000000 0.000000 0.000000 0.000000 0.000000 0.000000
-0.128693 -0.468246 -0.451605 -0.452783 -0.458694 -0.468415 -0.478490 -0.490290 -0.495963 -0.499544 -0.478659 -0.352273 -0.177593 -0.174804 0.000000 0.000000 0.000000 0.000000 0.000000 0.000000 0.000000 0.000000 0.000000 0.000000 0.000000 0.000000 0.000000 0.000000 0.000000 0.000000 0.000000 0.000000 0.000000 0.000000 0.000000 0.000000 0.000000 0.000000 0.000000 0.000000 0.000000 0.000000 0.000000 0.000000 0.000000 0.000000 0.000000 0.000000 0.000000 0.000000
-0.155539 -0.495628 -0.483992 -0.484975 -0.495442 -0.511898 -0.531012 -0.555709 -0.578957 -0.606446 -0.616584 -0.565136 -0.356109 -0.304449 0.000000 0.000000 0.000000 0.000000 0.000000 0.000000 0.000000 0.000000 0.000000 0.000000 0.000000 0.000000 0.000000 0.000000 0.000000 0.000000 0.000000 0.000000 0.000000 0.000000 0.000000 0.000000 0.000000 0.000000 0.000000 0.000000 0.000000 0.000000 0.000000 0.000000 0.000000 0.000000 0.000000 0.000000 0.000000 0.000000
-0.187094 -0.486434 -0.512861 -0.513498 -0.528753 -0.552114 -0.581509 -0.621451 -0.668020 -0.729797 -0.797473 -0.794011 -0.640087 -0.679451 0.000000 0.000000 0.000000 0.000000 0.000000 0.000000 0.000000 0.000000 0.000000 0.000000 0.000000 0.000000 0.000000 0.000000 0.000000 0.000000 0.000000 0.000000 0.000000 0.000000 0.000000 0.000000 0.000000 0.000000 0.000000 0.000000 0.000000 0.000000 0.000000 0.000000 0.000000 0.000000 0.000000 0.000000 0.000000 0.000000
-0.195684 -0.536091 -0.535682 -0.536061 -0.555230 -0.584098 -0.622401 -0.674941 -0.745220 -0.840570 -0.983874 -1.465684 -1.408383 -1.784156 0.000000 0.000000 0.000000 0.000000 0.000000 0.000000 0.000000 0.000000 0.000000 0.000000 0.000000 0.000000 0.000000 0.000000 0.000000 0.000000 0.000000 0.000000 0.000000 0.000000 0.000000 0.000000 0.000000 0.000000 0.000000 0.000000 0.000000 0.000000 0.000000 0.000000 0.000000 0.000000 0.000000 0.000000 0.000000 0.000000
-0.198411 -0.548803 -0.551338 -0.551673 -0.573580 -0.606079 -0.651126 -0.713938 -0.802810 -0.936601 -1.118986 -1.896603 -2.999186 -2.697901 0.000000 0.000000 0.000000 0.000000 0.000000 0.000000 0.000000 0.000000 0.000000 0.000000 0.000000 0.000000 0.000000 0.000000 0.000000 0.000000 0.000000 0.000000 0.000000 0.000000 0.000000 0.000000 0.000000 0.000000 0.000000 0.000000 0.000000 0.000000 0.000000 0.000000 0.000000 0.000000 0.000000 0.000000 0.000000 0.000000
-0.168146 -0.555109 -0.558643 -0.558798 -0.581356 -0.613447 -0.658429 -0.718520 -0.806079 -0.923076 -1.101696 -1.397637 -1.389201 -0.210391 -0.115372 -0.081013 -0.059460 -0.045775 -0.026326 -0.005051 -0.001318 -0.002305 -0.001075 0.000591 -0.006509 -0.000462 -0.000401 -0.000300 -0.002909 0.000405 -0.000807 -0.001308 0.000196 -0.000817 0.000155 -0.000190 0.000155 -0.000082 -0.000408 -0.000240 -0.000044 -0.000049 -0.000098 -0.000032 -0.000019 0.000013 -0.000012 -0.000011 0.000006 -0.000030
-0.292023 -0.553540 -0.557951 -0.557621 -0.578705 -0.606879 -0.645698 -0.692630 -0.761181 -0.826971 -0.956681 -0.954552 -0.891605 -0.344117 -0.294868 -0.163659 -0.101876 -0.068949 -0.049246 -0.035477 -0.027774 -0.020390 -0.019010 -0.011891 -0.014713 -0.007043 -0.005481 -0.005261 -0.004115 -0.002630 -0.002534 -0.001618 -0.001281 -0.001008 -0.000793 -0.000625 -0.000798 -0.000645 -0.000516 -0.000331 -0.000248 -0.000258 -0.000208 -0.000166 -0.000135 -0.000109 -0.000078 -0.000078 -0.000082 -0.000059
-0.187210 -0.550899 -0.550639 -0.550368 -0.568419 -0.592074 -0.623460 -0.659522 -0.707560 -0.747967 -0.810069 -0.804542 -0.802743 -0.641512 -0.402910 -0.260245 -0.176880 -0.127373 -0.095064 -0.072368 -0.054763 -0.042066 -0.032376 -0.025187 -0.019539 -0.015269 -0.011955 -0.009385 -0.007376 -0.005803 -0.004570 -0.003599 -0.002838 -0.002241 -0.001768 -0.001391 -0.001094 -0.000866 -0.000687 -0.000545 -0.000434 -0.000346 -0.000276 -0.000222 -0.000182 -0.000150 -0.000135 -0.000118 -0.000126 -0.000086
-0.180452 -0.499599 -0.537623 -0.537168 -0.551706 -0.570170 -0.593470 -0.618462 -0.649089 -0.669903 -0.696903 -0.677492 -0.639117 -0.518330 -0.388135 -0.282898 -0.207739 -0.154976 -0.116580 -0.088422 -0.067872 -0.052494 -0.040725 -0.031760 -0.024808 -0.019439 -0.015255 -0.011988 -0.009430 -0.007424 -0.005849 -0.004610 -0.003636 -0.002868 -0.002264 -0.001787 -0.001412 -0.001116 -0.000884 -0.000700 -0.000555 -0.000442 -0.000354 -0.000285 -0.000232 -0.000193 -0.000162 -0.000159 -0.000159 -0.000167
-0.194278 -0.484298 -0.520412 -0.519476 -0.531021 -0.544918 -0.561551 -0.578152 -0.596400 -0.605622 -0.612985 -0.591847 -0.557905 -0.482300 -0.378569 -0.294736 -0.228120 -0.176385 -0.137286 -0.106711 -0.083296 -0.064987 -0.050877 -0.039852 -0.031274 -0.024563 -0.019318 -0.015204 -0.011975 -0.009436 -0.007440 -0.005867 -0.004629 -0.003653 -0.002884 -0.002277 -0.001798 -0.001421 -0.001125 -0.000891 -0.000707 -0.000563 -0.000450 -0.000363 -0.000296 -0.000246 -0.000208 -0.000205 -0.000192 -0.000169
-0.212251 -0.504159 -0.499815 -0.498479 -0.507454 -0.517346 -0.528420 -0.538327 -0.547394 -0.548141 -0.544146 -0.519016 -0.482910 -0.419471 -0.349367 -0.284679 -0.227544 -0.181174 -0.142980 -0.112821 -0.088849 -0.069978 -0.055113 -0.043404 -0.034201 -0.026950 -0.021248 -0.016754 -0.013216 -0.010426 -0.008228 -0.006494 -0.005126 -0.004048 -0.003197 -0.002525 -0.001995 -0.001578 -0.001249 -0.000989 -0.000785 -0.000625 -0.000500 -0.000403 -0.000328 -0.000273 -0.000230 -0.000227 -0.000222 -0.000202
-0.108187 -0.480359 -0.477064 -0.475516 -0.482435 -0.489248 -0.496410 -0.501852 -0.505504 -0.502050 -0.493251 -0.470165 -0.436851 -0.388126 -0.329700 -0.274110 -0.223618 -0.180543 -0.144774 -0.115458 -0.091844 -0.072827 -0.057703 -0.045641 -0.036094 -0.028519 -0.022534 -0.017798 -0.014058 -0.011103 -0.008769 -0.006925 -0.005470 -0.004320 -0.003413 -0.002696 -0.002131 -0.001685 -0.001334 -0.001057 -0.000839 -0.000668 -0.000534 -0.000431 -0.000350 -0.000292 -0.000246 -0.000244 -0.000233 -0.000132
-0.124585 -0.459165 -0.452921 -0.451450 -0.456633 -0.461286 -0.465778 -0.468285 -0.468411 -0.462504 -0.450717 -0.428223 -0.396582 -0.352687 -0.303115 -0.255237 -0.210291 -0.171879 -0.138707 -0.111534 -0.089125 -0.071050 -0.056489 -0.044832 -0.035544 -0.028148 -0.022280 -0.017625 -0.013938 -0.011019 -0.008710 -0.006884 -0.005440 -0.004299 -0.003397 -0.002685 -0.002123 -0.001679 -0.001329 -0.001053 -0.000836 -0.000666 -0.000532 -0.000429 -0.000349 -0.000291 -0.000244 -0.000242 -0.000214 -0.000130
-0.180615 -0.435857 -0.427862 -0.426911 -0.430645 -0.433951 -0.436996 -0.437951 -0.436713 -0.430416 -0.418212 -0.397794 -0.367135 -0.326409 -0.278697 -0.233731 -0.192246 -0.157086 -0.127062 -0.102391 -0.082078 -0.065604 -0.052302 -0.041604 -0.033054 -0.026216 -0.020781 -0.016458 -0.013029 -0.010308 -0.008153 -0.006446 -0.005097 -0.004029 -0.003185 -0.002517 -0.001991 -0.001575 -0.001247 -0.000988 -0.000784 -0.000625 -0.000499 -0.000403 -0.000328 -0.000273 -0.000229 -0.000229 -0.000214 -0.000161
-0.123779 -0.404791 -0.402351 -0.401943 -0.404593 -0.407424 -0.409894 -0.410752 -0.409662 -0.404604 -0.393697 -0.377189 -0.349188 -0.307511 -0.257345 -0.211723 -0.171880 -0.139671 -0.112450 -0.090522 -0.072486 -0.057985 -0.046252 -0.036823 -0.029288 -0.023275 -0.018467 -0.014640 -0.011600 -0.009182 -0.007269 -0.005752 -0.004550 -0.003598 -0.002845 -0.002249 -0.001779 -0.001408 -0.001115 -0.000884 -0.000701 -0.000559 -0.000447 -0.000360 -0.000293 -0.000244 -0.000206 -0.000202 -0.000207 -0.000250
-0.122039 -0.376766 -0.376241 -0.375590 -0.378638 -0.381335 -0.384608 -0.385594 -0.386168 -0.383603 -0.375166 -0.364229 -0.332839 -0.283719 -0.223346 -0.176557 -0.138927 -0.111157 -0.088757 -0.071070 -0.056870 -0.045403 -0.036224 -0.028835 -0.022969 -0.018195 -0.014452 -0.011463 -0.009090 -0.007204 -0.005705 -0.004504 -0.003569 -0.002819 -0.002232 -0.001763 -0.001397 -0.001103 -0.000875 -0.000693 -0.000550 -0.000438 -0.000350 -0.000283 -0.000231 -0.000191 -0.000162 -0.000166 -0.000176 -0.000121
-0.112870 -0.354932 -0.350116 -0.348975 -0.352724 -0.355616 -0.360276 -0.363091 -0.365945 -0.369007 -0.364949 -0.368981 -0.351489 -0.290395 -0.210400 -0.149275 -0.112540 -0.088099 -0.070078 -0.055406 -0.044316 -0.035359 -0.028262 -0.022393 -0.017847 -0.014352 -0.011367 -0.009002 -0.007140 -0.005631 -0.004467 -0.003557 -0.002807 -0.002226 -0.001756 -0.001382 -0.001096 -0.000874 -0.000690 -0.000547 -0.000431 -0.000344 -0.000277 -0.000221 -0.000182 -0.000151 -0.000133 -0.000118 -0.000125 -0.000078
-0.008867 -0.330712 -0.322099 -0.320793 -0.326321 -0.329167 -0.335986 -0.340210 -0.347921 -0.355675 -0.364393 -0.386110 -0.322356 -0.214285 -0.174564 -0.072849 -0.055318 -0.045610 -0.038264 -0.036290 -0.023549 -0.015479 -0.012019 -0.009800 -0.012092 -0.006013 -0.004895 -0.003848 -0.003047 -0.002459 -0.001856 -0.001487 -0.001208 -0.000946 -0.000753 -0.000578 -0.000710 -0.000618 -0.000464 -0.000378 -0.000297 -0.000222 -0.000194 -0.000149 -0.000128 -0.000096 -0.000082 -0.000069 -0.000078 -0.000075
-0.070730 -0.289006 -0.293978 -0.293424 -0.299202 -0.302426 -0.311293 -0.317359 -0.329463 -0.343588 -0.361091 -0.470012 -0.658075 -0.921138 0.035919 -0.012574 -0.017980 -0.013640 -0.009987 -0.007275 -0.005074 0.004256 -0.002221 -0.009774 -0.000722 -0.000637 -0.001185 -0.000822 -0.000785 -0.000392 -0.000548 -0.000650 -0.000474 -0.000441 -0.000272 -0.000091 -0.000375 -0.000111 -0.000089 -0.000189 -0.000005 -0.000147 0.000003 -0.000071 0.000007 -0.000000 0.000012 -0.000019 -0.000006 -0.000005
-0.093696 -0.302565 -0.263549 -0.263737 -0.271318 -0.272803 -0.283094 -0.289822 -0.304428 -0.319964 -0.346350 -0.466707 -0.598218 -0.510854 0.000000 0.000000 0.000000 0.000000 0.000000 0.000000 0.000000 0.000000 0.000000 0.000000 0.000000 0.000000 0.000000 0.000000 0.000000 0.000000 0.000000 0.000000 0.000000 0.000000 0.000000 0.000000 0.000000 0.000000 0.000000 0.000000 0.000000 0.000000 0.000000 0.000000 0.000000 0.000000 0.000000 0.000000 0.000000 0.000000
-0.120768 -0.227406 -0.231992 -0.232762 -0.241114 -0.243039 -0.254123 -0.259244 -0.272926 -0.285438 -0.305505 -0.406702 -0.421151 -0.405224 0.000000 0.000000 0.000000 0.000000 0.000000 0.000000 0.000000 0.000000 0.000000 0.000000 0.000000 0.000000 0.000000 0.000000 0.000000 0.000000 0.000000 0.000000 0.000000 0.000000 0.000000 0.000000 0.000000 0.000000 0.000000 0.000000 0.000000 0.000000 0.000000 0.000000 0.000000 0.000000 0.000000 0.000000 0.000000 0.000000
-0.045695 -0.242396 -0.199838 -0.201162 -0.211112 -0.208030 -0.219974 -0.225051 -0.238182 -0.249052 -0.265460 -0.315215 -0.319156 -0.394603 0.000000 0.000000 0.000000 0.000000 0.000000 0.000000 0.000000 0.000000 0.000000 0.000000 0.000000 0.000000 0.000000 0.000000 0.000000 0.000000 0.000000 0.000000 0.000000 0.000000 0.000000 0.000000 0.000000 0.000000 0.000000 0.000000 0.000000 0.000000 0.000000 0.000000 0.000000 0.000000 0.000000 0.000000 0.000000 0.000000
-0.042399 -0.160208 -0.162948 -0.168734 -0.181757 -0.177632 -0.186824 -0.189227 -0.200101 -0.206223 -0.219030 -0.247680 -0.239057 -0.255866 0.000000 0.000000 0.000000 0.000000 0.000000 0.000000 0.000000 0.000000 0.000000 0.000000 0.000000 0.000000 0.000000 0.000000 0.000000 0.000000 0.000000 0.000000 0.000000 0.000000 0.000000 0.000000 0.000000 0.000000 0.000000 0.000000 0.000000 0.000000 0.000000 0.000000 0.000000 0.000000 0.000000 0.000000 0.000000 0.000000
-0.004575 -0.177351 -0.131591 -0.130749 -0.145610 -0.137938 -0.149608 -0.151427 -0.162761 -0.168487 -0.176956 -0.218798 -0.192580 -0.238692 0.000000 0.000000 0.000000 0.000000 0.000000 0.000000 0.000000 0.000000 0.000000 0.000000 0.000000 0.000000 0.000000 0.000000 0.000000 0.000000 0.000000 0.000000 0.000000 0.000000 0.000000 0.000000 0.000000 0.000000 0.000000 0.000000 0.000000 0.000000 0.000000 0.000000 0.000000 0.000000 0.000000 0.000000 0.000000 0.000000
-0.029225 -0.090187 -0.125795 -0.091286 -0.112088 -0.101578 -0.106149 -0.110890 -0.117942 -0.121375 -0.128733 -0.164689 -0.154475 -0.146750 0.000000 0.000000 0.000000 0.000000 0.000000 0.000000 0.000000 0.000000 0.000000 0.000000 0.000000 0.000000 0.000000 0.000000 0.000000 0.000000 0.000000 0.000000 0.000000 0.000000 0.000000 0.000000 0.000000 0.000000 0.000000 0.000000 0.000000 0.000000 0.000000 0.000000 0.000000 0.000000 0.000000 0.000000 0.000000 0.000000
-0.023789 -0.054638 -0.102372 -0.113522 -0.121141 -0.106547 -0.112326 -0.109390 -0.115969 -0.118986 -0.125474 -0.112144 -0.130625 -0.103766 0.000000 0.000000 0.000000 0.000000 0.000000 0.000000 0.000000 0.000000 0.000000 0.000000 0.000000 0.000000 0.000000 0.000000 0.000000 0.000000 0.000000 0.000000 0.000000 0.000000 0.000000 0.000000 0.000000 0.000000 0.000000 0.000000 0.000000 0.000000 0.000000 0.000000 0.000000 0.000000 0.000000 0.000000 0.000000 0.000000
-0.039366 -0.046144 -0.029504 -0.047949 -0.048568 -0.058439 -0.040579 -0.064829 -0.066134 -0.050003 -0.065521 -0.084082 -0.081995 -0.080815 0.000000 0.000000 0.000000 0.000000 0.000000 0.000000 0.000000 0.000000 0.000000 0.000000 0.000000 0.000000 0.000000 0.000000 0.000000 0.000000 0.000000 0.000000 0.000000 0.000000 0.000000 0.000000 0.000000 0.000000 0.000000 0.000000 0.000000 0.000000 0.000000 0.000000 0.000000 0.000000 0.000000 0.000000 0.000000 0.000000
0.015609 -0.020019 -0.008878 -0.019700 -0.026572 -0.023988 -0.013845 -0.005139 0.000529 -0.018777 -0.007017 -0.005519 -0.009338 -0.005938 0.000000 0.000000 0.000000 0.000000 0.000000 0.000000 0.000000 0.000000 0.000000 0.000000 0.000000 0.000000 0.000000 0.000000 0.000000 0.000000 0.000000 0.000000 0.000000 0.000000 0.000000 0.000000 0.000000 0.000000 0.000000 0.000000 0.000000 0.000000 0.000000 0.000000 0.000000 0.000000 0.000000 0.000000 0.000000 0.000000
