-0.004279 0.003776 0.001770 -0.013350 0.014445 0.019625 0.006619 -0.000489 -0.000665 0.000253 0.040474 0.016682 0.058199 0.021068 0.015053 0.037615 0.002690 0.047925 0.043791 0.019581 0.036799 0.037845 0.010740 -0.001309 0.016254 -0.011224 0.054029 -0.007604 -0.007172 0.000000 0.000000 0.000000 0.000000 0.000000 0.000000 0.000000 0.000000 0.000000 0.000000 0.000000 0.000000 0.000000 0.000000 0.000000 0.000000 0.000000 0.000000 0.000000 0.000000 0.000000
0.013154 0.015992 -0.002073 0.057132 0.074096 0.092262 0.101301 0.115646 0.121660 0.123525 0.076485 0.132176 0.139070 0.093663 0.101544 0.100512 0.101589 0.135339 0.130964 0.096955 0.121207 0.117628 0.105859 0.061099 0.101835 0.075898 0.066311 -0.030622 -0.005762 0.000000 0.000000 0.000000 0.000000 0.000000 0.000000 0.000000 0.000000 0.000000 0.000000 0.000000 0.000000 0.000000 0.000000 0.000000 0.000000 0.000000 0.000000 0.000000 0.000000 0.000000
0.004469 0.011828 0.030207 0.033624 0.034379 0.050191 0.054527 0.066006 0.078968 0.086406 0.093395 0.100048 0.105905 0.111757 0.116703 0.121230 0.124113 0.125746 0.124974 0.123044 0.119912 0.113866 0.108405 0.094655 0.085690 0.049284 0.074674 0.001357 0.014010 0.000000 0.000000 0.000000 0.000000 0.000000 0.000000 0.000000 0.000000 0.000000 0.000000 0.000000 0.000000 0.000000 0.000000 0.000000 0.000000 0.000000 0.000000 0.000000 0.000000 0.000000
0.015594 0.020499 0.040086 0.017595 0.024156 0.052920 0.061928 0.073487 0.081442 0.093576 0.100969 0.109373 0.116092 0.121666 0.125958 0.128149 0.128788 0.128894 0.127936 0.124834 0.122127 0.112582 0.112428 0.092599 0.089472 0.040199 0.063837 0.034586 -0.018873 0.000000 0.000000 0.000000 0.000000 0.000000 0.000000 0.000000 0.000000 0.000000 0.000000 0.000000 0.000000 0.000000 0.000000 0.000000 0.000000 0.000000 0.000000 0.000000 0.000000 0.000000
-0.003313 0.006862 0.045236 0.038153 0.042524 0.057185 0.065146 0.075958 0.082739 0.093524 0.102412 0.110257 0.117842 0.123770 0.127725 0.130957 0.132096 0.132072 0.131300 0.127170 0.123135 0.112399 0.105582 0.088706 0.076919 0.065604 0.036365 0.038852 0.003587 0.000000 0.000000 0.000000 0.000000 0.000000 0.000000 0.000000 0.000000 0.000000 0.000000 0.000000 0.000000 0.000000 0.000000 0.000000 0.000000 0.000000 0.000000 0.000000 0.000000 0.000000
-0.001800 0.023209 0.028804 0.028054 0.038555 0.050973 0.063456 0.074349 0.083691 0.096263 0.103924 0.111368 0.117246 0.122134 0.127122 0.131126 0.134403 0.136361 0.137339 0.135002 0.133942 0.123943 0.124726 0.103039 0.105625 0.064587 0.062628 -0.006556 0.005940 0.000000 0.000000 0.000000 0.000000 0.000000 0.000000 0.000000 0.000000 0.000000 0.000000 0.000000 0.000000 0.000000 0.000000 0.000000 0.000000 0.000000 0.000000 0.000000 0.000000 0.000000
0.009045 -0.008141 0.036486 0.034875 0.045061 0.057287 0.066695 0.079048 0.086238 0.098341 0.106056 0.114123 0.120798 0.127581 0.133098 0.138474 0.142370 0.144995 0.146392 0.144550 0.142512 0.133476 0.128118 0.111954 0.100986 0.066336 0.057547 0.041023 -0.011807 0.000000 0.000000 0.000000 0.000000 0.000000 0.000000 0.000000 0.000000 0.000000 0.000000 0.000000 0.000000 0.000000 0.000000 0.000000 0.000000 0.000000 0.000000 0.000000 0.000000 0.000000
-0.001162 0.022697 0.032663 0.031735 0.047462 0.057013 0.068485 0.077490 0.087627 0.097881 0.106472 0.115660 0.123958 0.131955 0.139047 0.145598 0.151023 0.155173 0.158057 0.158311 0.157494 0.151546 0.145893 0.131204 0.119747 0.081516 0.080348 -0.002672 0.002075 0.000000 0.000000 0.000000 0.000000 0.000000 0.000000 0.000000 0.000000 0.000000 0.000000 0.000000 0.000000 0.000000 0.000000 0.000000 0.000000 0.000000 0.000000 0.000000 0.000000 0.000000
-0.009845 0.034535 0.034520 0.034884 0.047648 0.058745 0.068639 0.081290 0.089931 0.102201 0.110825 0.121459 0.130193 0.139309 0.147437 0.155087 0.161802 0.167344 0.171592 0.173581 0.173932 0.169948 0.164484 0.151004 0.137453 0.097304 0.095994 0.032248 0.000722 0.000000 0.000000 0.000000 0.000000 0.000000 0.000000 0.000000 0.000000 0.000000 0.000000 0.000000 0.000000 0.000000 0.000000 0.000000 0.000000 0.000000 0.000000 0.000000 0.000000 0.000000
0.026626 0.005131 0.034358 0.035025 0.048593 0.058326 0.071473 0.081979 0.093571 0.104426 0.114868 0.125941 0.136116 0.146373 0.155932 0.165049 0.173402 0.180839 0.187113 0.191580 0.194280 0.193220 0.190021 0.178614 0.166208 0.125019 0.112488 0.049245 0.014529 0.000000 0.000000 0.000000 0.000000 0.000000 0.000000 0.000000 0.000000 0.000000 0.000000 0.000000 0.000000 0.000000 0.000000 0.000000 0.000000 0.000000 0.000000 0.000000 0.000000 0.000000
0.019273 0.024622 0.035395 0.036303 0.049650 0.060480 0.073099 0.084660 0.096529 0.108565 0.120057 0.131856 0.143106 0.154389 0.165303 0.175964 0.186116 0.195694 0.204340 0.211759 0.217382 0.220201 0.219718 0.212692 0.199960 0.162576 0.140156 0.059948 -0.000590 0.000000 0.000000 0.000000 0.000000 0.000000 0.000000 0.000000 0.000000 0.000000 0.000000 0.000000 0.000000 0.000000 0.000000 0.000000 0.000000 0.000000 0.000000 0.000000 0.000000 0.000000
-0.007421 0.024376 0.036111 0.036927 0.050885 0.062312 0.075303 0.087448 0.100058 0.112585 0.125001 0.137585 0.150010 0.162511 0.174899 0.187252 0.199424 0.211382 0.222859 0.233590 0.243314 0.250406 0.255884 0.253070 0.247465 0.217728 0.185593 0.108253 0.012322 0.000000 0.000000 0.000000 0.000000 0.000000 0.000000 0.000000 0.000000 0.000000 0.000000 0.000000 0.000000 0.000000 0.000000 0.000000 0.000000 0.000000 0.000000 0.000000 0.000000 0.000000
0.000713 0.008198 0.037161 0.037829 0.052503 0.064282 0.077766 0.090464 0.102215 0.116054 0.129733 0.143405 0.157080 0.170882 0.184652 0.198776 0.213094 0.227695 0.242422 0.257171 0.271944 0.285176 0.298392 0.303979 0.308151 0.311274 0.261466 0.225726 0.017395 0.000000 0.000000 0.000000 0.000000 0.000000 0.000000 0.000000 0.000000 0.000000 0.000000 0.000000 0.000000 0.000000 0.000000 0.000000 0.000000 0.000000 0.000000 0.000000 0.000000 0.000000
0.002638 0.008633 0.038051 0.038692 0.053879 0.066113 0.080156 0.093364 0.107197 0.120969 0.135027 0.149306 0.163874 0.178808 0.194155 0.210025 0.226492 0.243654 0.261759 0.280435 0.301003 0.320402 0.344555 0.360210 0.386900 0.384234 0.406874 0.346306 0.109929 0.000000 0.000000 0.000000 0.000000 0.000000 0.000000 0.000000 0.000000 0.000000 0.000000 0.000000 0.000000 0.000000 0.000000 0.000000 0.000000 0.000000 0.000000 0.000000 0.000000 0.000000
0.002433 0.009387 0.039107 0.039739 0.055373 0.067951 0.082477 0.096146 0.110551 0.124918 0.139708 0.154801 0.170352 0.186433 0.203171 0.220715 0.239270 0.258984 0.280487 0.303255 0.330311 0.356597 0.396182 0.423561 0.496149 0.515312 0.670742 0.977251 1.481292 3.304322 3.292417 0.795285 0.661996 0.113290 0.060516 0.064427 0.034334 0.037390 0.016647 0.011675 0.017104 0.006055 0.008906 0.001181 0.010939 0.004263 0.003004 -0.002465 0.006588 0.014783
0.007744 0.009249 0.039975 0.040743 0.056638 0.069643 0.084605 0.098721 0.113644 0.128567 0.144012 0.159845 0.176272 0.193378 0.211343 0.230357 0.250714 0.272655 0.296964 0.323466 0.355054 0.389003 0.435788 0.483856 0.566553 0.661802 0.826261 1.116943 1.987362 2.304901 1.724080 0.971273 0.650691 0.400420 0.279126 0.183341 0.163162 0.084037 0.058892 0.099096 0.061290 0.050097 0.041123 0.033958 0.027660 0.022785 0.017450 0.014710 0.001218 -0.008824
0.015379 0.001632 0.040858 0.041657 0.057887 0.071214 0.086557 0.101062 0.116434 0.131842 0.147849 0.164317 0.181484 0.199451 0.218428 0.238640 0.260421 0.284093 0.310426 0.339564 0.373946 0.412093 0.462000 0.516736 0.598012 0.686668 0.828865 1.042479 1.341142 1.658784 1.386130 0.999146 0.692212 0.483358 0.345498 0.254012 0.192305 0.148881 0.117432 0.093855 0.075883 0.061298 0.050100 0.039735 0.033139 0.025784 0.023082 0.019659 -0.012409 0.004272
0.024065 0.009130 0.041513 0.042372 0.058981 0.072586 0.088267 0.103109 0.118858 0.134670 0.151134 0.168112 0.185865 0.204498 0.224245 0.245343 0.268141 0.293005 0.320663 0.351469 0.387406 0.428113 0.478988 0.538250 0.615377 0.721640 0.830837 1.021915 1.191989 1.246489 1.133969 0.914057 0.699982 0.528035 0.403957 0.311691 0.244512 0.193874 0.155718 0.126166 0.102917 0.083880 0.068612 0.054911 0.044258 0.032395 0.024512 0.028105 -0.014599 -0.009647
-0.011930 0.002128 0.042200 0.043154 0.059900 0.073801 0.089734 0.104849 0.120886 0.137006 0.153808 0.171158 0.189322 0.208409 0.228650 0.250280 0.273619 0.299029 0.327078 0.358219 0.393704 0.433741 0.481219 0.535548 0.601153 0.682519 0.764575 0.862857 0.971076 1.026197 0.940348 0.810212 0.668121 0.539887 0.434456 0.350070 0.283503 0.231093 0.189542 0.156135 0.129048 0.106430 0.087827 0.071484 0.057667 0.046583 0.031338 0.033486 -0.007709 0.000634
0.015824 0.002874 0.042764 0.043784 0.060687 0.074811 0.090938 0.106254 0.122492 0.138819 0.155840 0.173418 0.191824 0.211162 0.231650 0.253509 0.277019 0.302509 0.330422 0.361188 0.395646 0.434135 0.478294 0.528054 0.584922 0.651792 0.716196 0.789976 0.843655 0.853104 0.805590 0.716097 0.618677 0.521609 0.436615 0.363456 0.302792 0.252487 0.210984 0.176421 0.147531 0.122826 0.101808 0.083021 0.066639 0.050976 0.036975 0.036605 -0.003532 0.000071
0.003378 0.011013 0.043255 0.044306 0.061349 0.075631 0.091888 0.107327 0.123674 0.140102 0.157216 0.174879 0.193358 0.212744 0.233238 0.255026 0.278336 0.303428 0.330597 0.360176 0.392568 0.428071 0.467190 0.509850 0.555953 0.605611 0.652580 0.695730 0.733798 0.740273 0.704764 0.646696 0.575239 0.501801 0.432435 0.369977 0.315310 0.268180 0.227780 0.193095 0.163251 0.137218 0.114484 0.094125 0.075662 0.059355 0.041697 0.041373 -0.003013 0.001328
-0.006111 0.010196 0.043667 0.044746 0.061883 0.076270 0.092590 0.108075 0.124439 0.140861 0.157947 0.175560 0.193958 0.213221 0.233528 0.255031 0.277903 0.302335 0.328506 0.356631 0.386873 0.419373 0.454174 0.491032 0.529330 0.568885 0.603929 0.634849 0.653661 0.652903 0.627801 0.584525 0.532158 0.475068 0.419032 0.366176 0.318143 0.275158 0.237111 0.203496 0.173791 0.147336 0.123630 0.102144 0.082175 0.063804 0.045662 0.044652 0.000749 0.035866
0.005464 0.010724 0.044020 0.045120 0.062309 0.076752 0.093071 0.108521 0.124808 0.141118 0.158058 0.175488 0.193664 0.212652 0.232606 0.253641 0.275877 0.299429 0.324371 0.350790 0.378650 0.407939 0.438354 0.469556 0.500600 0.530933 0.556755 0.577257 0.589315 0.586940 0.567698 0.535943 0.495594 0.450666 0.404622 0.359778 0.317528 0.278549 0.243021 0.210832 0.181693 0.155277 0.131088 0.109080 0.088001 0.069892 0.048763 0.048391 -0.000283 -0.006044
0.007611 0.006425 0.044324 0.045434 0.062662 0.077106 0.093364 0.108702 0.124820 0.140910 0.157587 0.174713 0.192542 0.211129 0.230610 0.251067 0.272573 0.295177 0.318874 0.343635 0.369313 0.395748 0.422517 0.449186 0.474813 0.499043 0.518481 0.532857 0.539312 0.535536 0.519936 0.494704 0.462844 0.426509 0.388336 0.350067 0.313018 0.277901 0.245081 0.214658 0.186506 0.160526 0.136262 0.113838 0.092162 0.072010 0.051943 0.050602 0.006680 0.000964
0.007812 0.007491 0.044597 0.045749 0.062960 0.077386 0.093526 0.108674 0.124525 0.140281 0.156577 0.173279 0.190645 0.208726 0.227641 0.247449 0.268179 0.289829 0.312319 0.335528 0.359212 0.383093 0.406672 0.429485 0.450691 0.470051 0.484634 0.494688 0.498421 0.494124 0.481194 0.460925 0.435014 0.405080 0.372892 0.339899 0.307177 0.275454 0.245142 0.216479 0.189435 0.164093 0.140010 0.117601 0.095486 0.075559 0.053725 0.052832 0.006123 -0.005521
0.005559 0.008419 0.044888 0.046092 0.063275 0.077652 0.093624 0.108506 0.123985 0.139290 0.155078 0.171233 0.188028 0.205514 0.223799 0.242930 0.262900 0.283667 0.305095 0.326974 0.349004 0.370795 0.391823 0.411626 0.429371 0.445310 0.456552 0.463675 0.465430 0.460875 0.449669 0.432637 0.410938 0.385664 0.358088 0.329312 0.300222 0.271474 0.243480 0.216542 0.190683 0.166112 0.142401 0.120183 0.097893 0.078325 0.055473 0.054654 0.005320 0.003084
0.005572 0.010115 0.045258 0.046561 0.063671 0.078018 0.093785 0.108302 0.123285 0.137982 0.153121 0.168597 0.184709 0.201521 0.219131 0.237593 0.256866 0.276895 0.297492 0.318368 0.339172 0.359335 0.378340 0.395683 0.410453 0.423374 0.432555 0.437635 0.438193 0.433573 0.423686 0.409087 0.390495 0.368733 0.344698 0.319261 0.293132 0.266893 0.240926 0.215557 0.190836 0.167042 0.143775 0.121691 0.099438 0.078761 0.057048 0.055498 0.012112 0.002715
-0.007627 0.011081 0.045827 0.047118 0.064342 0.078573 0.094108 0.108182 0.122518 0.136446 0.150755 0.165402 0.180706 0.196761 0.213654 0.231462 0.250114 0.269556 0.289560 0.309750 0.329727 0.348783 0.366237 0.381836 0.394738 0.405642 0.412954 0.416527 0.416182 0.411485 0.402471 0.389546 0.373189 0.354028 0.332703 0.309899 0.286175 0.262037 0.237824 0.213864 0.190212 0.167202 0.144441 0.122711 0.100540 0.080301 0.057795 0.056430 0.009211 0.002690
-0.025333 0.012550 0.046606 0.048016 0.065275 0.079542 0.094892 0.108342 0.121816 0.134669 0.147946 0.161578 0.175944 0.191161 0.207298 0.224501 0.242647 0.261785 0.281612 0.301715 0.321693 0.340182 0.356681 0.370616 0.381235 0.389301 0.396376 0.398864 0.397905 0.393235 0.384910 0.373272 0.358610 0.341439 0.322211 0.301489 0.279690 0.257279 0.234550 0.211809 0.189110 0.166807 0.144538 0.123104 0.101093 0.080742 0.058467 0.056971 0.013692 0.001143
-0.000819 0.015931 0.047882 0.049266 0.066776 0.081056 0.096205 0.109033 0.121332 0.132876 0.144759 0.157169 0.170399 0.184670 0.199987 0.216576 0.234306 0.253263 0.273218 0.293586 0.314005 0.332714 0.348172 0.361454 0.371788 0.377998 0.384068 0.385459 0.383888 0.378994 0.371033 0.360209 0.346701 0.330976 0.313306 0.294174 0.273897 0.252872 0.231355 0.209655 0.187782 0.166135 0.144341 0.123261 0.101441 0.081301 0.058995 0.057410 0.013888 -0.003245
-0.000020 0.028987 0.049318 0.050833 0.068793 0.083573 0.098903 0.110676 0.121277 0.130663 0.140917 0.151844 0.163753 0.177095 0.191449 0.207501 0.224848 0.244179 0.264925 0.286840 0.310159 0.329057 0.344849 0.356099 0.363122 0.368492 0.373202 0.373875 0.371939 0.367094 0.359431 0.349369 0.336786 0.322209 0.305792 0.287996 0.268811 0.248890 0.228432 0.207586 0.186426 0.165241 0.143893 0.123091 0.101481 0.081721 0.059257 0.057784 0.034902 0.002406
-0.012793 0.017950 0.052150 0.053626 0.072318 0.087146 0.102935 0.113859 0.121983 0.128956 0.136590 0.145815 0.156153 0.168200 0.181576 0.196841 0.213839 0.233150 0.255080 0.278597 0.304812 0.327275 0.340205 0.351878 0.360859 0.365119 0.367530 0.366859 0.364328 0.358830 0.351372 0.341579 0.329348 0.315601 0.299925 0.282950 0.264780 0.245630 0.225846 0.205751 0.185061 0.164439 0.143435 0.122929 0.101497 0.081760 0.059550 0.057948 0.014347 -0.000784
-0.009320 0.018247 0.053986 0.055567 0.075718 0.093051 0.110353 0.119817 0.123698 0.125212 0.130616 0.138123 0.146794 0.157667 0.169671 0.184203 0.200039 0.220240 0.242343 0.271102 0.307900 0.332344 0.348754 0.355240 0.355012 0.359174 0.360520 0.359717 0.357468 0.352069 0.343881 0.334922 0.323197 0.309979 0.295395 0.279786 0.261155 0.242555 0.224014 0.204442 0.184386 0.163245 0.142921 0.122165 0.101182 0.081836 0.058987 0.058304 0.016502 -0.007523
0.006694 0.021580 0.060813 0.056592 0.081322 0.099091 0.121305 0.129022 0.125507 0.124376 0.123688 0.129298 0.136008 0.145538 0.156270 0.169326 0.184714 0.203309 0.228376 0.260509 0.306362 0.344543 0.345220 0.351580 0.360889 0.358434 0.356824 0.354403 0.351454 0.344626 0.338715 0.329310 0.316870 0.304834 0.289751 0.273668 0.257603 0.239134 0.220148 0.201601 0.181070 0.161938 0.141380 0.121574 0.100466 0.081508 0.059250 0.059485 0.022622 -0.003963
-0.000001 0.032691 0.045414 0.077847 0.081913 0.126617 0.148125 0.124660 0.095181 0.118932 0.110756 0.117852 0.122584 0.131344 0.139917 0.151647 0.162395 0.181054 0.194366 0.235531 0.334338 0.342360 0.353595 0.348986 0.341688 0.340950 0.304709 0.312484 0.290187 0.282854 0.275128 0.284035 0.257821 0.246224 0.265243 0.245545 0.249348 0.198818 0.175135 0.173433 0.180539 0.151209 0.142623 0.115008 0.096852 0.080020 0.063987 0.044677 0.033925 0.001845
0.002650 0.039804 0.051205 0.085547 0.084431 0.117762 0.152062 0.023543 0.060900 0.097015 0.094317 0.102415 0.107739 0.115487 0.123060 0.131390 0.140582 0.149833 0.162966 0.176018 0.509039 0.439777 0.371251 0.344181 0.365913 0.357760 0.406966 0.345648 0.342029 0.334345 0.326234 0.315116 0.303416 0.289016 0.280646 0.255173 0.240145 0.223656 0.202345 0.198739 0.178033 0.159380 0.127484 0.119875 0.092963 0.078096 0.055042 0.033112 0.018875 0.011515
0.000000 0.000000 0.000000 0.000000 0.000000 0.000000 0.000000 0.010695 0.065941 0.069416 0.074731 0.085204 0.091441 0.098710 0.104151 0.109892 0.112410 0.115787 0.109574 0.104735 0.035883 0.000000 0.000000 0.000000 0.000000 0.000000 0.000000 0.000000 0.000000 0.000000 0.000000 0.000000 0.000000 0.000000 0.000000 0.000000 0.000000 0.000000 0.000000 0.000000 0.000000 0.000000 0.000000 0.000000 0.000000 0.000000 0.000000 0.000000 0.000000 0.000000
0.000000 0.000000 0.000000 0.000000 0.000000 0.000000 0.000000 0.011920 0.038437 0.050317 0.059123 0.069540 0.076854 0.082937 0.087664 0.090705 0.091555 0.089188 0.080196 0.066085 0.003066 0.000000 0.000000 0.000000 0.000000 0.000000 0.000000 0.000000 0.000000 0.000000 0.000000 0.000000 0.000000 0.000000 0.000000 0.000000 0.000000 0.000000 0.000000 0.000000 0.000000 0.000000 0.000000 0.000000 0.000000 0.000000 0.000000 0.000000 0.000000 0.000000
0.000000 0.000000 0.000000 0.000000 0.000000 0.000000 0.000000 0.004171 0.021305 0.037575 0.046428 0.056748 0.063292 0.068763 0.072002 0.073709 0.072118 0.068474 0.057888 0.044797 -0.001916 0.000000 0.000000 0.000000 0.000000 0.000000 0.000000 0.000000 0.000000 0.000000 0.000000 0.000000 0.000000 0.000000 0.000000 0.000000 0.000000 0.000000 0.000000 0.000000 0.000000 0.000000 0.000000 0.000000 0.000000 0.000000 0.000000 0.000000 0.000000 0.000000
0.000000 0.000000 0.000000 0.000000 0.000000 0.000000 0.000000 -0.000853 0.021146 0.028949 0.036924 0.045977 0.051966 0.056484 0.059063 0.059593 0.057570 0.052676 0.043234 0.030801 -0.000986 0.000000 0.000000 0.000000 0.000000 0.000000 0.000000 0.000000 0.000000 0.000000 0.000000 0.000000 0.000000 0.000000 0.000000 0.000000 0.000000 0.000000 0.000000 0.000000 0.000000 0.000000 0.000000 0.000000 0.000000 0.000000 0.000000 0.000000 0.000000 0.000000
0.000000 0.000000 0.000000 0.000000 0.000000 0.000000 0.000000 0.005613 0.017380 0.022493 0.029573 0.037397 0.042344 0.046181 0.047934 0.047968 0.045496 0.040918 0.032616 0.022597 0.001689 0.000000 0.000000 0.000000 0.000000 0.000000 0.000000 0.000000 0.000000 0.000000 0.000000 0.000000 0.000000 0.000000 0.000000 0.000000 0.000000 0.000000 0.000000 0.000000 0.000000 0.000000 0.000000 0.000000 0.000000 0.000000 0.000000 0.000000 0.000000 0.000000
0.000000 0.000000 0.000000 0.000000 0.000000 0.000000 0.000000 -0.000757 0.011369 0.018047 0.023869 0.030387 0.034538 0.037663 0.038964 0.038643 0.036295 0.031985 0.025103 0.016737 -0.001978 0.000000 0.000000 0.000000 0.000000 0.000000 0.000000 0.000000 0.000000 0.000000 0.000000 0.000000 0.000000 0.000000 0.000000 0.000000 0.000000 0.000000 0.000000 0.000000 0.000000 0.000000 0.000000 0.000000 0.000000 0.000000 0.000000 0.000000 0.000000 0.000000
0.000000 0.000000 0.000000 0.000000 0.000000 0.000000 0.000000 0.003870 0.011208 0.014520 0.019379 0.024820 0.028183 0.030754 0.031642 0.031198 0.028985 0.025272 0.019528 0.012846 -0.000073 0.000000 0.000000 0.000000 0.000000 0.000000 0.000000 0.000000 0.000000 0.000000 0.000000 0.000000 0.000000 0.000000 0.000000 0.000000 0.000000 0.000000 0.000000 0.000000 0.000000 0.000000 0.000000 0.000000 0.000000 0.000000 0.000000 0.000000 0.000000 0.000000
0.000000 0.000000 0.000000 0.000000 0.000000 0.000000 0.000000 0.001541 0.006489 0.011858 0.015907 0.020393 0.023160 0.025259 0.025896 0.025398 0.023442 0.020226 0.015556 0.010037 0.000236 0.000000 0.000000 0.000000 0.000000 0.000000 0.000000 0.000000 0.000000 0.000000 0.000000 0.000000 0.000000 0.000000 0.000000 0.000000 0.000000 0.000000 0.000000 0.000000 0.000000 0.000000 0.000000 0.000000 0.000000 0.000000 0.000000 0.000000 0.000000 0.000000
0.000000 0.000000 0.000000 0.000000 0.000000 0.000000 0.000000 -0.000128 0.007488 0.009975 0.013133 0.016926 0.019165 0.020895 0.021332 0.020843 0.019103 0.016400 0.012447 0.008148 -0.000818 0.000000 0.000000 0.000000 0.000000 0.000000 0.000000 0.000000 0.000000 0.000000 0.000000 0.000000 0.000000 0.000000 0.000000 0.000000 0.000000 0.000000 0.000000 0.000000 0.000000 0.000000 0.000000 0.000000 0.000000 0.000000 0.000000 0.000000 0.000000 0.000000
0.000000 0.000000 0.000000 0.000000 0.000000 0.000000 0.000000 -0.000104 0.006107 0.008250 0.011211 0.014322 0.016199 0.017660 0.017973 0.017506 0.015976 0.013620 0.010323 0.006557 0.000318 0.000000 0.000000 0.000000 0.000000 0.000000 0.000000 0.000000 0.000000 0.000000 0.000000 0.000000 0.000000 0.000000 0.000000 0.000000 0.000000 0.000000 0.000000 0.000000 0.000000 0.000000 0.000000 0.000000 0.000000 0.000000 0.000000 0.000000 0.000000 0.000000
0.000000 0.000000 0.000000 0.000000 0.000000 0.000000 0.000000 0.000528 0.005448 0.007131 0.009543 0.012273 0.013895 0.015111 0.015339 0.014910 0.013558 0.011533 0.008695 0.005863 -0.000070 0.000000 0.000000 0.000000 0.000000 0.000000 0.000000 0.000000 0.000000 0.000000 0.000000 0.000000 0.000000 0.000000 0.000000 0.000000 0.000000 0.000000 0.000000 0.000000 0.000000 0.000000 0.000000 0.000000 0.000000 0.000000 0.000000 0.000000 0.000000 0.000000
0.000000 0.000000 0.000000 0.000000 0.000000 0.000000 0.000000 0.000523 0.004378 0.006382 0.009329 0.012105 0.013729 0.014943 0.015174 0.014747 0.013439 0.011394 0.008706 0.005287 -0.000208 0.000000 0.000000 0.000000 0.000000 0.000000 0.000000 0.000000 0.000000 0.000000 0.000000 0.000000 0.000000 0.000000 0.000000 0.000000 0.000000 0.000000 0.000000 0.000000 0.000000 0.000000 0.000000 0.000000 0.000000 0.000000 0.000000 0.000000 0.000000 0.000000
0.000000 0.000000 0.000000 0.000000 0.000000 0.000000 0.000000 0.000953 0.004953 0.007202 0.008799 0.010655 0.011686 0.011905 0.012018 0.012314 0.011440 0.009068 0.006390 0.003478 0.000429 0.000000 0.000000 0.000000 0.000000 0.000000 0.000000 0.000000 0.000000 0.000000 0.000000 0.000000 0.000000 0.000000 0.000000 0.000000 0.000000 0.000000 0.000000 0.000000 0.000000 0.000000 0.000000 0.000000 0.000000 0.000000 0.000000 0.000000 0.000000 0.000000
0.000000 0.000000 0.000000 0.000000 0.000000 0.000000 0.000000 0.000320 0.004414 0.005302 0.007519 0.010838 0.008334 0.011064 0.012148 0.010122 0.012894 0.008209 0.006520 0.002928 0.000887 0.000000 0.000000 0.000000 0.000000 0.000000 0.000000 0.000000 0.000000 0.000000 0.000000 0.000000 0.000000 0.000000 0.000000 0.000000 0.000000 0.000000 0.000000 0.000000 0.000000 0.000000 0.000000 0.000000 0.000000 0.000000 0.000000 0.000000 0.000000 0.000000
