-0.079832 -0.065950 -0.067242 -0.078453 -0.072298 -0.082628 -0.084777 -0.075626 -0.097171 -0.103082 -0.110016 -0.109889 -0.125910 -0.124304 -0.133785 -0.143419 -0.155106 -0.170248 -0.154355 -0.195737 -0.217094 -0.236039 -0.229642 -0.247687 -0.256928 -0.301120 -0.330203 -0.349349 -0.354768 -0.397983 -0.403826 -0.429292 -0.437362 -0.483385 -0.468914 -0.525741 -0.524550 -0.522201 -0.547165 -0.551586 -0.583064 -0.561168 -0.591344 -0.591934 -0.580616 -0.568120 -0.576468 -0.577058 -0.581420 -0.651755
-0.056457 -0.068115 -0.070267 -0.072048 -0.072552 -0.079526 -0.082239 -0.082531 -0.091110 -0.096614 -0.103884 -0.104063 -0.117642 -0.118733 -0.127641 -0.137402 -0.148340 -0.178730 -0.173158 -0.186831 -0.201908 -0.218644 -0.236463 -0.255001 -0.305732 -0.325219 -0.316578 -0.338762 -0.360759 -0.384716 -0.406918 -0.429787 -0.451669 -0.472995 -0.493007 -0.511883 -0.524748 -0.525357 -0.541674 -0.559937 -0.564723 -0.570378 -0.574101 -0.578054 -0.574948 -0.568368 -0.570797 -0.572019 -0.594416 -0.593981
-0.072444 -0.074869 -0.073573 -0.075179 -0.075914 -0.078084 -0.081279 -0.084889 -0.089134 -0.090105 -0.095340 -0.101694 -0.108706 -0.116536 -0.125202 -0.134915 -0.145670 -0.157444 -0.170119 -0.184152 -0.198997 -0.223901 -0.241748 -0.261127 -0.281175 -0.302683 -0.324904 -0.348410 -0.371638 -0.395759 -0.419362 -0.442873 -0.453367 -0.475191 -0.494366 -0.513171 -0.528047 -0.542161 -0.553582 -0.563613 -0.567743 -0.574822 -0.585312 -0.586614 -0.585174 -0.586046 -0.587721 -0.582573 -0.573453 -0.602803
-0.065911 -0.074739 -0.071404 -0.070765 -0.072971 -0.074835 -0.077861 -0.081173 -0.085227 -0.092395 -0.097925 -0.104294 -0.111473 -0.119529 -0.128432 -0.138450 -0.149273 -0.161360 -0.174455 -0.188862 -0.204358 -0.215493 -0.233027 -0.251554 -0.271465 -0.292443 -0.314728 -0.336327 -0.360836 -0.383520 -0.408215 -0.430745 -0.471940 -0.494205 -0.515424 -0.533699 -0.550405 -0.563562 -0.574741 -0.582524 -0.588489 -0.591271 -0.573012 -0.578233 -0.571326 -0.578714 -0.568288 -0.588252 -0.581353 -0.582373
-0.051327 -0.072642 -0.072427 -0.071514 -0.075743 -0.076304 -0.080745 -0.083029 -0.087408 -0.092376 -0.097982 -0.104263 -0.111851 -0.119757 -0.128913 -0.138807 -0.149933 -0.162137 -0.175374 -0.189846 -0.205345 -0.222180 -0.240581 -0.260168 -0.280392 -0.302888 -0.326378 -0.349843 -0.374818 -0.399124 -0.425231 -0.450103 -0.474762 -0.498135 -0.518614 -0.538800 -0.554005 -0.568875 -0.580311 -0.588706 -0.593863 -0.599028 -0.598397 -0.600084 -0.595323 -0.594877 -0.586533 -0.587860 -0.613710 -0.618751
-0.062204 -0.071178 -0.068794 -0.068270 -0.069975 -0.071965 -0.074786 -0.077899 -0.081875 -0.086388 -0.091565 -0.097623 -0.104432 -0.112090 -0.120734 -0.130112 -0.140928 -0.152443 -0.165319 -0.179251 -0.194572 -0.210987 -0.229402 -0.248739 -0.269343 -0.291293 -0.315874 -0.339792 -0.366582 -0.391687 -0.418885 -0.445686 -0.470647 -0.495865 -0.517258 -0.538005 -0.554697 -0.569139 -0.579663 -0.590292 -0.591290 -0.598823 -0.591759 -0.596774 -0.585859 -0.589632 -0.577708 -0.582668 -0.620233 -0.577169
-0.059460 -0.067326 -0.066529 -0.066080 -0.068575 -0.069469 -0.073024 -0.075153 -0.079249 -0.083631 -0.088603 -0.094499 -0.101221 -0.108573 -0.117276 -0.126336 -0.136990 -0.148454 -0.161257 -0.175200 -0.190367 -0.206799 -0.225314 -0.245114 -0.266245 -0.289342 -0.314165 -0.340245 -0.367786 -0.396235 -0.425639 -0.454415 -0.483187 -0.510160 -0.534486 -0.556173 -0.574265 -0.588904 -0.599731 -0.607494 -0.611102 -0.612349 -0.610034 -0.605790 -0.599801 -0.593421 -0.586391 -0.583812 -0.574433 -0.608251
-0.061080 -0.064415 -0.062542 -0.062528 -0.064006 -0.065759 -0.068080 -0.070915 -0.074391 -0.078371 -0.083108 -0.088558 -0.094841 -0.101926 -0.109992 -0.118831 -0.129006 -0.139945 -0.152397 -0.165953 -0.181258 -0.197165 -0.215665 -0.235847 -0.257177 -0.280734 -0.306409 -0.333711 -0.363202 -0.393886 -0.425641 -0.458098 -0.489274 -0.519385 -0.545798 -0.568786 -0.588367 -0.603450 -0.614168 -0.621101 -0.622465 -0.622868 -0.616216 -0.611362 -0.600312 -0.592629 -0.580087 -0.579531 -0.567427 -0.549579
-0.047560 -0.061055 -0.059161 -0.059095 -0.060288 -0.061855 -0.063923 -0.066396 -0.069534 -0.073358 -0.077605 -0.082883 -0.088646 -0.095472 -0.103166 -0.111769 -0.121447 -0.132094 -0.143988 -0.157163 -0.171784 -0.188095 -0.205957 -0.225920 -0.248046 -0.272292 -0.299165 -0.328180 -0.360077 -0.393228 -0.429991 -0.464607 -0.502364 -0.534470 -0.565529 -0.590504 -0.611760 -0.627330 -0.638140 -0.644129 -0.644290 -0.641226 -0.631591 -0.621505 -0.605515 -0.593729 -0.577683 -0.577231 -0.556453 -0.543746
-0.035038 -0.055657 -0.054684 -0.054741 -0.055823 -0.057077 -0.058883 -0.061012 -0.063747 -0.066978 -0.071003 -0.075703 -0.081254 -0.087534 -0.094751 -0.102805 -0.111899 -0.122009 -0.133345 -0.145966 -0.160103 -0.175821 -0.193512 -0.213284 -0.235369 -0.260105 -0.287856 -0.318480 -0.352826 -0.389381 -0.430134 -0.470042 -0.513837 -0.551424 -0.586551 -0.614447 -0.637347 -0.653405 -0.664201 -0.669248 -0.667243 -0.661565 -0.646853 -0.632147 -0.608952 -0.591440 -0.570550 -0.569999 -0.540797 -0.529426
-0.059869 -0.051059 -0.050345 -0.050304 -0.051128 -0.052112 -0.053532 -0.055244 -0.057561 -0.060332 -0.063899 -0.068118 -0.073238 -0.079082 -0.085793 -0.093343 -0.101813 -0.111301 -0.121931 -0.133859 -0.147272 -0.162396 -0.179494 -0.198877 -0.220921 -0.245943 -0.274585 -0.306853 -0.343997 -0.384342 -0.431223 -0.476903 -0.530687 -0.572321 -0.614378 -0.644182 -0.670260 -0.686649 -0.697571 -0.701747 -0.697460 -0.688610 -0.667900 -0.646827 -0.613797 -0.588760 -0.560733 -0.560057 -0.517867 -0.546540
-0.037382 -0.045888 -0.045520 -0.045486 -0.046011 -0.046657 -0.047616 -0.048846 -0.050508 -0.052758 -0.055673 -0.059462 -0.064219 -0.069467 -0.075663 -0.082557 -0.090343 -0.099051 -0.108842 -0.119885 -0.132374 -0.146553 -0.162771 -0.181381 -0.202881 -0.227729 -0.256811 -0.290253 -0.330160 -0.374200 -0.428504 -0.480747 -0.549393 -0.599134 -0.648476 -0.682269 -0.709654 -0.726399 -0.737360 -0.740696 -0.733860 -0.721768 -0.693224 -0.664520 -0.616997 -0.581598 -0.544455 -0.543577 -0.507763 -0.579439
-0.037692 -0.041080 -0.040638 -0.040596 -0.040772 -0.041017 -0.041517 -0.042088 -0.043268 -0.044633 -0.047161 -0.050140 -0.054563 -0.059444 -0.064963 -0.071231 -0.078134 -0.085968 -0.094736 -0.104681 -0.115999 -0.128985 -0.143980 -0.161387 -0.181799 -0.205860 -0.234641 -0.268834 -0.310850 -0.359619 -0.422346 -0.486193 -0.574649 -0.630488 -0.691408 -0.725364 -0.758178 -0.773756 -0.784813 -0.787993 -0.779080 -0.764656 -0.727092 -0.689001 -0.619386 -0.570053 -0.520853 -0.518991 -0.441379 -0.449760
-0.032752 -0.036449 -0.035625 -0.035577 -0.035345 -0.035158 -0.034899 -0.034874 -0.034984 -0.035608 -0.037104 -0.039666 -0.044054 -0.048266 -0.053355 -0.058789 -0.064878 -0.071608 -0.079175 -0.087803 -0.097642 -0.108952 -0.122217 -0.137846 -0.156522 -0.178852 -0.206300 -0.239581 -0.282758 -0.333409 -0.405789 -0.477105 -0.605917 -0.674817 -0.748270 -0.784649 -0.815315 -0.831102 -0.841689 -0.845195 -0.835161 -0.820009 -0.772208 -0.722416 -0.617408 -0.547133 -0.484612 -0.483775 -0.443710 -0.416797
-0.030940 -0.031291 -0.030667 -0.030578 -0.030016 -0.029282 -0.028535 -0.027394 -0.026868 -0.025611 -0.026896 -0.028773 -0.032805 -0.037290 -0.041336 -0.046078 -0.051041 -0.056694 -0.062946 -0.069955 -0.078036 -0.087506 -0.098673 -0.111892 -0.127883 -0.147521 -0.171768 -0.202583 -0.243109 -0.296851 -0.377014 -0.479288 -0.651046 -0.731728 -0.821534 -0.849014 -0.884105 -0.895168 -0.905455 -0.911769 -0.903107 -0.892106 -0.836939 -0.776078 -0.609091 -0.510868 -0.432071 -0.427891 -0.359331 -0.363640
-0.026674 -0.026412 -0.025864 -0.025739 -0.024699 -0.023475 -0.021789 -0.019776 -0.017601 -0.015022 -0.013604 -0.015280 -0.021301 -0.025081 -0.029127 -0.032862 -0.036731 -0.040764 -0.045266 -0.050741 -0.056763 -0.063369 -0.071583 -0.081580 -0.094026 -0.109404 -0.129058 -0.154640 -0.188828 -0.234829 -0.313305 -0.405692 -0.716188 -0.820499 -0.918499 -0.939198 -0.959484 -0.970036 -0.978969 -0.988857 -0.987981 -0.988879 -0.936867 -0.864470 -0.577590 -0.436005 -0.351622 -0.355342 -0.274914 -0.245345
-0.015149 -0.021808 -0.021312 -0.021172 -0.019872 -0.017991 -0.015752 -0.012304 -0.009027 -0.001938 -0.001160 -0.002732 -0.009224 -0.014192 -0.016735 -0.019657 -0.022425 -0.025408 -0.028913 -0.031740 -0.035454 -0.040578 -0.046651 -0.053219 -0.061364 -0.071575 -0.083165 -0.099221 -0.117908 -0.152402 -0.202131 -0.390870 -0.852888 -0.987543 -1.046408 -1.033431 -1.043478 -1.046657 -1.051313 -1.071278 -1.082790 -1.111228 -1.101681 -1.051948 -0.509144 -0.308112 -0.242228 -0.209443 -0.152228 -0.164703
-0.013867 -0.021284 -0.017212 -0.017076 -0.015390 -0.013171 -0.010035 -0.005588 -0.000022 0.020739 0.036123 0.020085 0.009552 0.009795 0.011204 0.011638 -0.017875 -0.012107 0.009041 -0.015345 -0.026678 0.015671 -0.025754 -0.023407 -0.029174 -0.030792 -0.038135 -0.048198 -0.041078 -0.045362 0.005025 0.321558 0.047343 -1.751153 -1.206063 -1.167311 -1.131240 -1.125485 -1.127370 -1.158000 -1.195877 -1.261982 -1.374258 -1.735369 -0.012759 0.092402 -0.056257 -0.055845 -0.050123 -0.032493
-0.011987 -0.014591 -0.013654 -0.013534 -0.011688 -0.009253 -0.005794 -0.001158 0.005706 0.029249 0.063404 0.063994 0.000000 0.000000 0.000000 0.000000 0.000000 0.000000 0.000000 0.000000 0.000000 0.000000 0.000000 0.000000 0.000000 0.000000 0.000000 0.000000 0.000000 0.000000 0.000000 0.000000 -1.658657 -1.772150 -1.305662 -1.253295 -1.187460 -1.181818 -1.180425 -1.220667 -1.272864 -1.377945 -1.566005 -1.624459 -1.426249 0.000000 0.000000 0.000000 0.000000 0.000000
-0.015321 -0.011394 -0.010674 -0.010579 -0.008763 -0.006506 -0.003215 0.000756 0.006877 0.019957 0.027231 0.020117 0.000000 0.000000 0.000000 0.000000 0.000000 0.000000 0.000000 0.000000 0.000000 0.000000 0.000000 0.000000 0.000000 0.000000 0.000000 0.000000 0.000000 0.000000 0.000000 0.000000 -1.445266 -1.490553 -1.288021 -1.251060 -1.203785 -1.202467 -1.198931 -1.239900 -1.275278 -1.385766 -1.472950 -1.516676 -0.665274 0.000000 0.000000 0.000000 0.000000 0.000000
-0.009251 -0.009040 -0.008261 -0.008178 -0.006469 -0.004386 -0.001470 0.001895 0.006593 0.014298 0.021016 0.018077 0.000000 0.000000 0.000000 0.000000 0.000000 0.000000 0.000000 0.000000 0.000000 0.000000 0.000000 0.000000 0.000000 0.000000 0.000000 0.000000 0.000000 0.000000 0.000000 0.000000 -1.443905 -1.378585 -1.270735 -1.243326 -1.209493 -1.205220 -1.205109 -1.236613 -1.263391 -1.342377 -1.369910 -1.400375 -1.275238 0.000000 0.000000 0.000000 0.000000 0.000000
-0.006823 -0.007109 -0.006350 -0.006275 -0.004813 -0.003051 -0.000683 0.001928 0.005400 0.010142 0.011168 0.013809 0.000000 0.000000 0.000000 0.000000 0.000000 0.000000 0.000000 0.000000 0.000000 0.000000 0.000000 0.000000 0.000000 0.000000 0.000000 0.000000 0.000000 0.000000 0.000000 0.000000 -1.259866 -1.282729 -1.229210 -1.205571 -1.192925 -1.187341 -1.190784 -1.213731 -1.233892 -1.284084 -1.303786 -1.289028 -1.174874 0.000000 0.000000 0.000000 0.000000 0.000000
-0.006250 -0.005699 -0.004868 -0.004797 -0.003534 -0.002052 -0.000132 0.001926 0.004396 0.007255 0.007364 0.007355 0.000000 0.000000 0.000000 0.000000 0.000000 0.000000 0.000000 0.000000 0.000000 0.000000 0.000000 0.000000 0.000000 0.000000 0.000000 0.000000 0.000000 0.000000 0.000000 0.000000 -1.290198 -1.240547 -1.187711 -1.176404 -1.168591 -1.163896 -1.166966 -1.182973 -1.195666 -1.228969 -1.230364 -1.169937 -1.093170 0.000000 0.000000 0.000000 0.000000 0.000000
-0.004181 -0.004434 -0.003709 -0.003651 -0.002620 -0.001434 0.000059 0.001608 0.003460 0.005355 0.005341 0.010130 0.000000 0.000000 0.000000 0.000000 0.000000 0.000000 0.000000 0.000000 0.000000 0.000000 0.000000 0.000000 0.000000 0.000000 0.000000 0.000000 0.000000 0.000000 0.000000 0.000000 -1.240479 -1.181430 -1.144048 -1.137795 -1.135908 -1.130433 -1.134868 -1.143555 -1.154586 -1.171474 -1.176892 -1.109325 -1.029355 0.000000 0.000000 0.000000 0.000000 0.000000
-0.003365 -0.003437 -0.002830 -0.002778 -0.001943 -0.000985 0.000176 0.001351 0.002663 0.005149 0.003753 0.003239 0.000000 0.000000 0.000000 0.000000 0.000000 0.000000 0.000000 0.000000 0.000000 0.000000 0.000000 0.000000 0.000000 0.000000 0.000000 0.000000 0.000000 0.000000 0.000000 0.000000 -1.189211 -1.124796 -1.104087 -1.100339 -1.099877 -1.094499 -1.097525 -1.102531 -1.108442 -1.119982 -1.116324 -1.104078 -0.018994 0.000000 0.000000 0.000000 0.000000 0.000000
-0.002883 -0.002647 -0.002148 -0.002108 -0.001436 -0.000690 0.000209 0.001093 0.002060 0.002943 0.002891 0.002597 0.000000 0.000000 0.000000 0.000000 0.000000 0.000000 0.000000 0.000000 0.000000 0.000000 0.000000 0.000000 0.000000 0.000000 0.000000 0.000000 0.000000 0.000000 0.000000 0.000000 -1.171221 -1.147460 -1.063715 -1.059769 -1.060789 -1.054348 -1.056816 -1.058184 -1.062342 -1.067865 -1.061744 -1.051015 -0.923850 0.000000 0.000000 0.000000 0.000000 0.000000
-0.002212 -0.002028 -0.001636 -0.001601 -0.001076 -0.000492 0.000192 0.000860 0.001568 0.002211 0.002070 0.002570 0.000000 0.000000 0.000000 0.000000 0.000000 0.000000 0.000000 0.000000 0.000000 0.000000 0.000000 0.000000 0.000000 0.000000 0.000000 0.000000 0.000000 0.000000 0.000000 0.000000 -1.067935 -1.043124 -1.025663 -1.020175 -1.020451 -1.012836 -1.013630 -1.012703 -1.014482 -1.016907 -1.010232 -0.995934 -0.786881 0.000000 0.000000 0.000000 0.000000 0.000000
-0.001693 -0.001562 -0.001238 -0.001211 -0.000796 -0.000345 0.000180 0.000680 0.001202 0.001667 0.001652 0.001124 0.000000 0.000000 0.000000 0.000000 0.000000 0.000000 0.000000 0.000000 0.000000 0.000000 0.000000 0.000000 0.000000 0.000000 0.000000 0.000000 0.000000 0.000000 0.000000 0.000000 -1.011394 -0.991200 -0.984379 -0.980772 -0.977046 -0.969743 -0.968172 -0.965828 -0.966147 -0.966004 -0.960578 -0.945482 -0.827687 0.000000 0.000000 0.000000 0.000000 0.000000
-0.001168 -0.001204 -0.000941 -0.000918 -0.000599 -0.000253 0.000143 0.000523 0.000912 0.001250 0.001268 0.001113 0.000000 0.000000 0.000000 0.000000 0.000000 0.000000 0.000000 0.000000 0.000000 0.000000 0.000000 0.000000 0.000000 0.000000 0.000000 0.000000 0.000000 0.000000 0.000000 0.000000 -1.054498 -0.960606 -0.941552 -0.942702 -0.931851 -0.925391 -0.920901 -0.917857 -0.916655 -0.915358 -0.909937 -0.900786 -0.015979 0.000000 0.000000 0.000000 0.000000 0.000000
-0.001485 -0.000928 -0.000712 -0.000695 -0.000446 -0.000180 0.000124 0.000406 0.000694 0.000944 0.000901 0.000982 0.000000 0.000000 0.000000 0.000000 0.000000 0.000000 0.000000 0.000000 0.000000 0.000000 0.000000 0.000000 0.000000 0.000000 0.000000 0.000000 0.000000 0.000000 0.000000 0.000000 -1.032666 -0.927038 -0.888216 -0.908710 -0.882894 -0.880314 -0.871295 -0.868715 -0.866002 -0.864248 -0.857585 -0.845743 -0.303793 0.000000 0.000000 0.000000 0.000000 0.000000
-0.000632 -0.000710 -0.000539 -0.000525 -0.000335 -0.000134 0.000096 0.000311 0.000526 0.000711 0.000672 0.000738 0.000000 0.000000 0.000000 0.000000 0.000000 0.000000 0.000000 0.000000 0.000000 0.000000 0.000000 0.000000 0.000000 0.000000 0.000000 0.000000 0.000000 0.000000 0.000000 0.000000 -1.002049 -0.963475 -0.839212 -0.867077 -0.832310 -0.830616 -0.819600 -0.817406 -0.814479 -0.812544 -0.807476 -0.794305 -0.298999 0.000000 0.000000 0.000000 0.000000 0.000000
-0.000481 -0.000542 -0.000407 -0.000396 -0.000251 -0.000097 0.000078 0.000238 0.000399 0.000533 0.000509 0.000577 0.000000 0.000000 0.000000 0.000000 0.000000 0.000000 0.000000 0.000000 0.000000 0.000000 0.000000 0.000000 0.000000 0.000000 0.000000 0.000000 0.000000 0.000000 0.000000 0.000000 -0.869410 -1.177738 -0.797155 -0.808960 -0.788605 -0.775128 -0.767087 -0.763990 -0.761963 -0.760261 -0.756383 -0.743402 -0.242840 0.000000 0.000000 0.000000 0.000000 0.000000
-0.000387 -0.000404 -0.000307 -0.000299 -0.000188 -0.000072 0.000060 0.000181 0.000301 0.000398 0.000408 0.000448 0.000000 0.000000 0.000000 0.000000 0.000000 0.000000 0.000000 0.000000 0.000000 0.000000 0.000000 0.000000 -0.009599 -0.005348 -0.001044 -0.009592 -0.009062 -0.008131 -0.012733 -0.079360 -0.166435 -0.679866 -0.703098 -0.727134 -0.717826 -0.712104 -0.708655 -0.708240 -0.708252 -0.707287 -0.706278 -0.663719 -0.590993 0.000000 0.000000 0.000000 0.000000 0.000000
-0.000312 -0.000302 -0.000231 -0.000225 -0.000141 -0.000053 0.000047 0.000137 0.000226 0.000297 0.000294 0.000200 0.000000 0.000000 0.000000 0.000000 0.000000 0.000000 0.000000 0.000000 0.000000 0.000000 0.000000 0.000000 -0.052593 -0.042752 -0.044325 -0.059648 -0.076848 -0.105224 -0.153715 -0.240719 -0.421093 -0.548770 -0.593980 -0.628410 -0.636254 -0.644381 -0.648316 -0.651396 -0.654118 -0.654415 -0.655287 -0.646460 -0.221646 0.000000 0.000000 0.000000 0.000000 0.000000
-0.000227 -0.000223 -0.000172 -0.000168 -0.000105 -0.000039 0.000036 0.000103 0.000169 0.000218 0.000347 0.000251 0.000000 0.000000 0.000000 0.000000 0.000000 0.000000 0.000000 0.000000 0.000000 0.000000 0.000000 0.000000 -0.075751 -0.065065 -0.071974 -0.086684 -0.107421 -0.137998 -0.187301 -0.253625 -0.379440 -0.450859 -0.518177 -0.549199 -0.570328 -0.581810 -0.590767 -0.595997 -0.600480 -0.602693 -0.601856 -0.597318 -0.178809 0.000000 0.000000 0.000000 0.000000 0.000000
-0.000147 -0.000163 -0.000127 -0.000124 -0.000077 -0.000028 0.000026 0.000076 0.000124 0.000155 0.000258 0.000198 0.000000 0.000000 0.000000 0.000000 0.000000 0.000000 0.000000 0.000000 0.000000 0.000000 0.000000 0.000000 -0.094317 -0.084629 -0.092923 -0.109594 -0.131588 -0.162860 -0.206950 -0.259371 -0.339523 -0.405201 -0.452052 -0.485852 -0.507802 -0.523568 -0.535275 -0.542314 -0.548597 -0.551939 -0.552414 -0.553722 -0.155096 0.000000 0.000000 0.000000 0.000000 0.000000
-0.000105 -0.000156 -0.000091 -0.000089 -0.000055 -0.000020 0.000020 0.000055 0.000090 0.000155 0.000117 0.000130 0.000000 0.000000 0.000000 0.000000 0.000000 0.000000 0.000000 0.000000 0.000000 0.000000 0.000000 0.000000 -0.099790 -0.098520 -0.107657 -0.123072 -0.143672 -0.171399 -0.208687 -0.252000 -0.315775 -0.358383 -0.402609 -0.430126 -0.454282 -0.470080 -0.483559 -0.491102 -0.497931 -0.502543 -0.500990 -0.509177 -0.154711 0.000000 0.000000 0.000000 0.000000 0.000000
-0.000082 -0.000112 -0.000064 -0.000061 -0.000037 -0.000014 0.000013 0.000038 0.000061 0.000108 0.000085 0.000087 0.000000 0.000000 0.000000 0.000000 0.000000 0.000000 0.000000 0.000000 0.000000 0.000000 0.000000 0.000000 -0.107854 -0.108241 -0.117066 -0.131673 -0.150692 -0.175193 -0.206951 -0.241473 -0.284839 -0.323328 -0.356945 -0.383503 -0.405426 -0.421260 -0.435034 -0.442396 -0.450220 -0.454669 -0.455898 -0.459500 -0.085266 0.000000 0.000000 0.000000 0.000000 0.000000
-0.000070 -0.000049 -0.000040 -0.000043 -0.000024 -0.000011 0.000011 0.000025 0.000045 0.000071 0.000070 0.000045 0.000000 0.000000 0.000000 0.000000 0.000000 0.000000 0.000000 0.000000 0.000000 0.000000 0.000000 0.000000 -0.118371 -0.113006 -0.121258 -0.134132 -0.150756 -0.171753 -0.198082 -0.226503 -0.261703 -0.290144 -0.319121 -0.341414 -0.361644 -0.376118 -0.389610 -0.396389 -0.404753 -0.408919 -0.411708 -0.407003 -0.139053 0.000000 0.000000 0.000000 0.000000 0.000000
-0.000026 -0.000021 -0.000023 -0.000023 -0.000012 -0.000006 0.000005 0.000011 0.000023 0.000022 0.000025 0.000025 0.000000 0.000000 0.000000 0.000000 0.000000 0.000000 0.000000 0.000000 0.000000 0.000000 0.000000 0.000000 -0.119796 -0.113960 -0.121409 -0.132796 -0.147169 -0.164959 -0.186571 -0.209820 -0.236026 -0.260526 -0.283907 -0.303488 -0.321233 -0.334408 -0.347104 -0.352932 -0.361011 -0.365614 -0.366715 -0.368338 -0.289209 0.000000 0.000000 0.000000 0.000000 0.000000
-0.000014 -0.000009 -0.000005 -0.000000 0.000006 0.000010 -0.000005 0.000000 0.000021 0.000022 0.000014 0.000015 0.000000 0.000000 0.000000 0.000000 0.000000 0.000000 0.000000 0.000000 0.000000 0.000000 0.000000 0.000000 -0.119153 -0.111088 -0.117788 -0.127474 -0.139668 -0.154539 -0.172351 -0.191389 -0.212680 -0.232197 -0.251640 -0.268058 -0.283594 -0.295132 -0.306823 -0.311456 -0.319235 -0.323297 -0.322767 -0.345389 -0.304605 0.000000 0.000000 0.000000 0.000000 0.000000
0.000000 0.000000 0.000000 0.000000 0.000000 0.000000 0.000000 0.000000 0.000000 0.000000 0.000000 0.000000 0.000000 0.000000 0.000000 0.000000 0.000000 0.000000 0.000000 0.000000 0.000000 0.000000 0.000000 0.000000 -0.112115 -0.105742 -0.111264 -0.119581 -0.129760 -0.142154 -0.156623 -0.172163 -0.188967 -0.205147 -0.221080 -0.234949 -0.248282 -0.258156 -0.268464 -0.272085 -0.279192 -0.282219 -0.281147 -0.281407 -0.089407 0.000000 0.000000 0.000000 0.000000 0.000000
0.000000 0.000000 0.000000 0.000000 0.000000 0.000000 0.000000 0.000000 0.000000 0.000000 0.000000 0.000000 0.000000 0.000000 0.000000 0.000000 0.000000 0.000000 0.000000 0.000000 0.000000 0.000000 0.000000 0.000000 -0.106042 -0.097478 -0.101970 -0.108910 -0.117256 -0.127369 -0.139149 -0.151707 -0.165294 -0.178344 -0.191461 -0.202885 -0.214231 -0.222400 -0.231819 -0.234369 -0.241913 -0.242668 -0.244368 -0.288591 -0.062223 0.000000 0.000000 0.000000 0.000000 0.000000
0.000000 0.000000 0.000000 0.000000 0.000000 0.000000 0.000000 0.000000 0.000000 0.000000 0.000000 0.000000 0.000000 0.000000 0.000000 0.000000 0.000000 0.000000 0.000000 0.000000 0.000000 0.000000 0.000000 0.000000 -0.094540 -0.087230 -0.090922 -0.096751 -0.103628 -0.111837 -0.121223 -0.131376 -0.142193 -0.152742 -0.163357 -0.172651 -0.182074 -0.188593 -0.196169 -0.198570 -0.205589 -0.204878 -0.203492 -0.204445 -0.059003 0.000000 0.000000 0.000000 0.000000 0.000000
0.000000 0.000000 0.000000 0.000000 0.000000 0.000000 0.000000 0.000000 0.000000 0.000000 0.000000 0.000000 0.000000 0.000000 0.000000 0.000000 0.000000 0.000000 0.000000 0.000000 0.000000 0.000000 0.000000 0.000000 -0.081971 -0.074609 -0.077510 -0.082305 -0.087391 -0.093793 -0.101401 -0.109097 -0.117785 -0.125944 -0.134632 -0.141780 -0.149835 -0.154513 -0.161437 -0.163648 -0.171586 -0.168027 -0.167921 -0.168401 -0.001702 0.000000 0.000000 0.000000 0.000000 0.000000
0.000000 0.000000 0.000000 0.000000 0.000000 0.000000 0.000000 0.000000 0.000000 0.000000 0.000000 0.000000 0.000000 0.000000 0.000000 0.000000 0.000000 0.000000 0.000000 0.000000 0.000000 0.000000 0.000000 0.000000 -0.069110 -0.061785 -0.077385 -0.067281 -0.071839 -0.077079 -0.082614 -0.088799 -0.095561 -0.101913 -0.108635 -0.114214 -0.120402 -0.123167 -0.128620 -0.129544 -0.138984 -0.128715 -0.140450 -0.129563 -0.109660 0.000000 0.000000 0.000000 0.000000 0.000000
0.000000 0.000000 0.000000 0.000000 0.000000 0.000000 0.000000 0.000000 0.000000 0.000000 0.000000 0.000000 0.000000 0.000000 0.000000 0.000000 0.000000 0.000000 0.000000 0.000000 0.000000 0.000000 0.000000 0.000000 -0.055549 -0.046100 -0.063472 -0.050013 -0.053307 -0.056641 -0.060833 -0.064779 -0.069893 -0.074118 -0.079306 -0.082894 -0.087654 -0.089942 -0.094576 -0.094853 -0.106112 -0.093372 -0.118146 -0.087656 -0.074240 0.000000 0.000000 0.000000 0.000000 0.000000
0.000000 0.000000 0.000000 0.000000 0.000000 0.000000 0.000000 0.000000 0.000000 0.000000 0.000000 0.000000 0.000000 0.000000 0.000000 0.000000 0.000000 0.000000 0.000000 0.000000 0.000000 0.000000 0.000000 0.000000 -0.038011 -0.046155 -0.045965 -0.049745 -0.052405 -0.055213 -0.059439 -0.062936 -0.067972 -0.071530 -0.076939 -0.079769 -0.084997 -0.087035 -0.091362 -0.093886 -0.106159 -0.093909 -0.123038 -0.090574 -0.008223 0.000000 0.000000 0.000000 0.000000 0.000000
0.000000 0.000000 0.000000 0.000000 0.000000 0.000000 0.000000 0.000000 0.000000 0.000000 0.000000 0.000000 0.000000 0.000000 0.000000 0.000000 0.000000 0.000000 0.000000 0.000000 0.000000 0.000000 0.000000 0.000000 -0.022478 -0.023775 -0.024912 -0.027159 -0.029527 -0.031200 -0.034545 -0.035894 -0.039471 -0.042234 -0.044483 -0.045099 -0.030172 -0.026152 -0.034253 -0.021625 -0.041723 -0.052671 -0.033543 0.111546 -0.028397 0.000000 0.000000 0.000000 0.000000 0.000000
0.000000 0.000000 0.000000 0.000000 0.000000 0.000000 0.000000 0.000000 0.000000 0.000000 0.000000 0.000000 0.000000 0.000000 0.000000 0.000000 0.000000 0.000000 0.000000 0.000000 0.000000 0.000000 0.000000 0.000000 -0.000196 -0.001656 -0.010042 0.002364 0.001425 0.001893 0.002394 -0.000661 0.016801 0.003515 0.003997 0.004570 0.008091 -0.006482 -0.032693 -0.001087 0.033731 -0.012683 -0.011738 -0.084092 -0.003714 0.000000 0.000000 0.000000 0.000000 0.000000
