-0.003300 0.003000 -0.000151 0.001056 -0.000682 -0.000423 -0.011302 0.002143 -0.000996 -0.001085 0.001393 -0.000670 -0.001712 -0.003993 -0.004201 -0.003812 0.001199 -0.002736 -0.003966 0.000401 -0.004997 -0.010693 -0.003111 -0.002359 -0.012199 -0.003586 -0.006383 -0.007875 -0.009184 -0.010804 -0.010713 0.005614 -0.013467 -0.018435 -0.003172 -0.001515 -0.003739 -0.014301 0.007280 -0.002567 -0.006472 0.001165 -0.012988 -0.001845 -0.009267 0.007046 -0.004517 0.003484 0.004046 0.009061
-0.000044 -0.001748 -0.007060 -0.007831 0.001334 -0.009642 -0.010739 -0.000322 -0.013093 -0.014495 -0.015630 -0.002961 -0.018870 -0.004406 -0.005122 -0.005919 -0.006668 -0.019712 -0.008396 -0.009066 -0.009846 -0.010550 -0.011342 -0.012075 -0.033655 -0.026706 -0.012845 -0.013024 -0.012731 -0.012042 -0.011072 -0.009147 -0.007844 -0.005103 -0.002250 -0.000094 -0.045325 0.002044 0.005664 -0.036692 -0.032854 -0.029482 -0.026218 -0.025718 -0.023469 -0.020900 -0.018041 0.034499 -0.019938 0.005258
0.001714 0.004141 -0.005497 -0.006181 -0.005925 -0.008291 -0.009820 -0.011800 -0.013785 -0.016276 -0.018566 -0.021038 -0.023641 -0.026206 -0.029109 -0.032050 -0.035344 -0.038733 -0.042098 -0.045696 -0.049161 -0.051698 -0.055159 -0.058386 -0.062036 -0.064941 -0.066991 -0.069174 -0.070388 -0.070365 -0.069889 -0.067712 -0.067477 -0.063994 -0.058504 -0.053367 -0.046156 -0.039689 -0.032035 -0.026217 -0.018526 -0.013667 -0.006120 -0.004293 0.001656 -0.001505 0.001273 0.007059 -0.004824 0.010560
0.001340 -0.006782 -0.006658 -0.004157 -0.006382 -0.008494 -0.010240 -0.011988 -0.014148 -0.021698 -0.024677 -0.027955 -0.031339 -0.034966 -0.038768 -0.042769 -0.046973 -0.051369 -0.055947 -0.060645 -0.065432 -0.052802 -0.056650 -0.060367 -0.063201 -0.066613 -0.069502 -0.071075 -0.072124 -0.072820 -0.072074 -0.070686 -0.089074 -0.083376 -0.076441 -0.068413 -0.059497 -0.050320 -0.040878 -0.031853 -0.022818 -0.015282 -0.006844 -0.004528 -0.000152 -0.001354 -0.001114 0.006780 0.009706 -0.026401
0.003808 -0.006570 -0.007066 -0.006543 -0.009139 -0.011227 -0.013762 -0.016288 -0.018970 -0.021886 -0.024963 -0.028196 -0.031746 -0.035398 -0.039264 -0.043381 -0.047602 -0.052149 -0.056746 -0.061617 -0.066395 -0.071437 -0.076266 -0.081191 -0.085532 -0.089778 -0.093611 -0.096140 -0.097843 -0.098127 -0.097148 -0.094839 -0.090500 -0.085250 -0.078088 -0.069999 -0.061433 -0.050952 -0.041891 -0.032776 -0.023592 -0.016400 -0.009089 -0.003606 0.001232 0.003788 0.004001 0.007615 0.023686 -0.008534
0.002220 -0.008192 -0.007671 -0.007380 -0.010666 -0.013614 -0.016612 -0.020024 -0.023167 -0.026798 -0.030556 -0.034543 -0.038857 -0.043397 -0.048159 -0.053187 -0.058478 -0.064039 -0.069807 -0.075790 -0.081925 -0.088108 -0.094421 -0.100601 -0.106447 -0.111751 -0.116619 -0.120419 -0.122848 -0.123784 -0.122541 -0.119949 -0.114375 -0.107609 -0.097907 -0.087787 -0.075669 -0.063697 -0.050435 -0.040017 -0.026278 -0.018297 -0.007107 -0.002259 0.003469 0.005385 0.004986 0.006992 0.000177 0.014349
-0.008351 -0.008392 -0.008935 -0.009152 -0.012790 -0.015942 -0.019631 -0.023320 -0.027365 -0.031674 -0.036203 -0.041034 -0.046183 -0.051566 -0.057359 -0.063337 -0.069735 -0.076429 -0.083455 -0.090752 -0.098216 -0.105778 -0.113603 -0.121298 -0.128666 -0.135530 -0.141646 -0.146641 -0.150220 -0.151663 -0.150867 -0.147507 -0.141024 -0.131708 -0.120144 -0.106378 -0.091694 -0.075801 -0.059621 -0.044548 -0.030659 -0.017210 -0.007286 0.002586 0.007606 0.011726 0.010717 0.010667 0.022926 -0.020954
0.000033 -0.007898 -0.010074 -0.010308 -0.014414 -0.018191 -0.022294 -0.026825 -0.031273 -0.036338 -0.041560 -0.047158 -0.053117 -0.059400 -0.066068 -0.073106 -0.080487 -0.088264 -0.096492 -0.105067 -0.114043 -0.123150 -0.132503 -0.141974 -0.151155 -0.159801 -0.167691 -0.174352 -0.179072 -0.181803 -0.181093 -0.177597 -0.169767 -0.158640 -0.143940 -0.126760 -0.108226 -0.088384 -0.068507 -0.048944 -0.030560 -0.014254 -0.000789 0.009750 0.015749 0.018669 0.016151 0.016525 0.030458 0.003551
0.001353 -0.000102 -0.011171 -0.011423 -0.015934 -0.020078 -0.024760 -0.029643 -0.034888 -0.040558 -0.046511 -0.052941 -0.059672 -0.066851 -0.074424 -0.082419 -0.090849 -0.099818 -0.109192 -0.119110 -0.129542 -0.140436 -0.151359 -0.162782 -0.174104 -0.184922 -0.194998 -0.203831 -0.210436 -0.214889 -0.214921 -0.211605 -0.202524 -0.188328 -0.171290 -0.149011 -0.126234 -0.101478 -0.077143 -0.052780 -0.030131 -0.009325 0.007651 0.020904 0.027712 0.030265 0.025340 0.025532 0.037723 0.002780
-0.006085 -0.009191 -0.011997 -0.012387 -0.017301 -0.021764 -0.026969 -0.032312 -0.038141 -0.044403 -0.051121 -0.058263 -0.065858 -0.073801 -0.082288 -0.091213 -0.100730 -0.110802 -0.121488 -0.132800 -0.144730 -0.157260 -0.170282 -0.183690 -0.197251 -0.210701 -0.223405 -0.235159 -0.244318 -0.251205 -0.252645 -0.250034 -0.239564 -0.222102 -0.199921 -0.173384 -0.145119 -0.114786 -0.085305 -0.055102 -0.027733 -0.001453 0.019176 0.035993 0.044113 0.046275 0.038660 0.038360 0.046811 -0.019338
-0.003653 -0.009245 -0.012696 -0.013109 -0.018346 -0.023127 -0.028734 -0.034531 -0.040945 -0.047830 -0.055253 -0.063216 -0.071569 -0.080357 -0.089719 -0.099564 -0.110081 -0.121250 -0.133173 -0.145878 -0.159396 -0.173734 -0.188826 -0.204629 -0.220847 -0.237351 -0.253292 -0.268788 -0.281291 -0.292211 -0.295496 -0.295074 -0.282716 -0.260896 -0.233643 -0.199760 -0.165737 -0.128332 -0.092879 -0.055743 -0.022454 0.010638 0.036348 0.058016 0.067634 0.068350 0.056729 0.055867 0.058845 -0.019127
-0.005111 -0.008442 -0.013182 -0.013622 -0.019096 -0.024156 -0.030090 -0.036336 -0.043206 -0.050767 -0.058873 -0.067615 -0.076871 -0.086366 -0.096550 -0.107244 -0.118706 -0.130945 -0.144073 -0.158171 -0.173293 -0.189497 -0.206765 -0.225106 -0.244310 -0.264364 -0.284300 -0.304566 -0.321790 -0.338412 -0.345173 -0.348573 -0.334614 -0.305927 -0.271871 -0.229716 -0.187813 -0.142338 -0.100116 -0.054772 -0.014516 0.027680 0.060257 0.089071 0.101167 0.098841 0.081648 0.080163 0.035338 0.009972
0.001095 -0.008871 -0.013474 -0.013897 -0.019506 -0.024722 -0.030913 -0.037492 -0.044852 -0.053032 -0.061956 -0.071619 -0.081700 -0.091861 -0.102818 -0.114232 -0.126568 -0.139751 -0.154014 -0.169431 -0.186109 -0.204183 -0.223699 -0.244762 -0.267177 -0.291234 -0.315752 -0.342088 -0.365130 -0.390441 -0.401995 -0.414637 -0.397866 -0.359647 -0.315943 -0.260578 -0.211819 -0.156193 -0.106714 -0.051854 -0.003457 0.050496 0.092639 0.132752 0.149155 0.140597 0.114785 0.111984 0.095910 -0.000362
-0.001205 -0.003347 -0.013461 -0.013954 -0.019510 -0.024895 -0.031114 -0.038079 -0.045716 -0.054662 -0.064506 -0.075040 -0.085961 -0.096830 -0.108242 -0.120448 -0.133448 -0.147559 -0.162798 -0.179442 -0.197608 -0.217501 -0.239230 -0.263031 -0.288912 -0.317301 -0.347240 -0.380738 -0.412325 -0.449750 -0.470982 -0.497615 -0.476977 -0.421783 -0.366056 -0.294959 -0.236710 -0.170504 -0.113757 -0.048378 0.009169 0.078306 0.134104 0.194332 0.218074 0.197638 0.159090 0.154962 0.058029 0.012918
-0.001453 -0.004044 -0.013174 -0.013674 -0.019083 -0.024414 -0.030628 -0.037608 -0.045589 -0.055038 -0.066023 -0.078459 -0.090221 -0.101366 -0.113488 -0.125794 -0.139418 -0.154068 -0.170225 -0.187912 -0.207274 -0.228757 -0.252567 -0.279051 -0.308287 -0.341230 -0.376659 -0.418393 -0.457986 -0.512677 -0.543055 -0.608101 -0.582363 -0.496257 -0.420050 -0.326167 -0.260537 -0.183181 -0.120296 -0.044740 0.022647 0.111713 0.188521 0.285513 0.322168 0.275727 0.213502 0.208142 0.084659 0.014714
-0.001327 -0.004261 -0.012626 -0.013089 -0.018189 -0.023422 -0.029286 -0.036421 -0.044252 -0.054734 -0.067665 -0.081317 -0.094629 -0.105398 -0.117529 -0.130283 -0.144069 -0.159442 -0.176019 -0.194484 -0.215100 -0.238042 -0.263470 -0.292011 -0.324247 -0.360975 -0.402452 -0.452461 -0.507006 -0.582463 -0.647008 -0.768865 -0.731723 -0.573388 -0.477358 -0.355203 -0.284227 -0.195887 -0.130085 -0.045252 0.031017 0.143130 0.246974 0.422864 0.484324 0.379864 0.281867 0.280168 0.110059 0.057159
-0.001240 -0.003824 -0.011728 -0.012107 -0.016830 -0.021542 -0.026934 -0.033416 -0.040819 -0.051193 -0.065387 -0.085512 -0.099180 -0.108025 -0.120071 -0.131971 -0.146017 -0.161121 -0.178712 -0.197700 -0.218068 -0.241474 -0.268501 -0.298988 -0.333428 -0.373038 -0.418344 -0.475751 -0.535384 -0.629472 -0.712968 -1.020156 -1.008941 -0.639522 -0.521318 -0.372321 -0.293281 -0.206689 -0.140362 -0.056313 0.028174 0.156336 0.295282 0.592958 0.783066 0.504801 0.341935 0.340707 0.145098 0.009998
-0.000701 -0.005966 -0.010634 -0.010947 -0.015063 -0.019323 -0.023619 -0.029509 -0.034236 -0.054416 -0.066131 -0.116199 -0.116678 -0.128903 -0.141938 -0.155935 -0.142414 -0.187508 -0.211509 -0.231764 -0.219852 -0.256483 -0.272704 -0.334171 -0.424921 -0.389282 -0.481998 -0.540126 -0.591087 -0.748583 -0.838018 -0.803850 -1.024738 -1.069280 -0.500841 -0.362867 -0.295370 -0.212659 -0.157292 -0.079378 -0.001705 0.122696 0.277832 0.784402 0.667202 0.591050 0.430759 0.367710 0.135326 0.020049
0.000095 -0.002922 -0.009238 -0.009467 -0.012950 -0.016228 -0.019343 -0.023132 -0.025194 -0.023927 -0.023136 -0.003583 0.000000 0.000000 0.000000 0.000000 0.000000 0.000000 0.000000 0.000000 0.000000 0.000000 0.000000 0.000000 0.000000 0.000000 0.000000 0.000000 0.000000 0.000000 0.000000 0.000000 -0.038995 -0.142352 -0.342737 -0.261364 -0.246995 -0.197699 -0.172533 -0.129507 -0.096793 -0.062102 0.020279 -0.211788 -0.509618 0.000000 0.000000 0.000000 0.000000 0.000000
-0.000762 -0.002901 -0.007852 -0.008072 -0.010874 -0.013469 -0.015710 -0.018119 -0.018443 -0.012206 -0.001911 -0.001029 0.000000 0.000000 0.000000 0.000000 0.000000 0.000000 0.000000 0.000000 0.000000 0.000000 0.000000 0.000000 0.000000 0.000000 0.000000 0.000000 0.000000 0.000000 0.000000 0.000000 -0.018041 -0.088224 -0.236056 -0.212856 -0.221834 -0.197134 -0.192872 -0.171361 -0.177621 -0.186208 -0.202973 -0.390465 -0.495733 0.000000 0.000000 0.000000 0.000000 0.000000
0.000220 -0.002475 -0.006504 -0.006664 -0.008894 -0.010719 -0.012128 -0.013328 -0.012820 -0.007181 -0.005161 -0.003126 0.000000 0.000000 0.000000 0.000000 0.000000 0.000000 0.000000 0.000000 0.000000 0.000000 0.000000 0.000000 0.000000 0.000000 0.000000 0.000000 0.000000 0.000000 0.000000 0.000000 -0.017640 -0.028518 -0.170070 -0.175279 -0.193239 -0.193426 -0.208725 -0.201811 -0.237683 -0.249872 -0.327902 -0.475544 -0.514925 0.000000 0.000000 0.000000 0.000000 0.000000
-0.000629 -0.002059 -0.005309 -0.005439 -0.007172 -0.008504 -0.009459 -0.010071 -0.009331 -0.004553 -0.001190 -0.000530 0.000000 0.000000 0.000000 0.000000 0.000000 0.000000 0.000000 0.000000 0.000000 0.000000 0.000000 0.000000 0.000000 0.000000 0.000000 0.000000 0.000000 0.000000 0.000000 0.000000 -0.016305 -0.027162 -0.133607 -0.148926 -0.184317 -0.192886 -0.223638 -0.229777 -0.277468 -0.305288 -0.386630 -0.500469 -0.526545 0.000000 0.000000 0.000000 0.000000 0.000000
-0.000747 -0.001413 -0.004250 -0.004348 -0.005671 -0.006611 -0.007176 -0.007435 -0.006648 -0.003145 -0.000910 -0.001046 0.000000 0.000000 0.000000 0.000000 0.000000 0.000000 0.000000 0.000000 0.000000 0.000000 0.000000 0.000000 0.000000 0.000000 0.000000 0.000000 0.000000 0.000000 0.000000 0.000000 0.017797 -0.022076 -0.116427 -0.131588 -0.175347 -0.191560 -0.234352 -0.245873 -0.307268 -0.330819 -0.419110 -0.526486 -0.533369 0.000000 0.000000 0.000000 0.000000 0.000000
-0.000490 -0.001141 -0.003383 -0.003455 -0.004469 -0.005128 -0.005493 -0.005551 -0.004827 -0.002106 -0.000500 -0.002039 0.000000 0.000000 0.000000 0.000000 0.000000 0.000000 0.000000 0.000000 0.000000 0.000000 0.000000 0.000000 0.000000 0.000000 0.000000 0.000000 0.000000 0.000000 0.000000 0.000000 0.015366 -0.023713 -0.099617 -0.122644 -0.171521 -0.191590 -0.242304 -0.259064 -0.324868 -0.352383 -0.434143 -0.534330 -0.535052 0.000000 0.000000 0.000000 0.000000 0.000000
-0.000207 -0.000916 -0.002650 -0.002710 -0.003468 -0.003944 -0.004165 -0.004162 -0.003553 -0.002271 -0.000212 -0.000308 0.000000 0.000000 0.000000 0.000000 0.000000 0.000000 0.000000 0.000000 0.000000 0.000000 0.000000 0.000000 0.000000 0.000000 0.000000 0.000000 0.000000 0.000000 0.000000 0.000000 -0.019444 0.006620 -0.090752 -0.116873 -0.167739 -0.190842 -0.247154 -0.265848 -0.336711 -0.363366 -0.441556 -0.531976 -0.492961 0.000000 0.000000 0.000000 0.000000 0.000000
-0.000163 -0.000721 -0.002074 -0.002113 -0.002695 -0.003025 -0.003154 -0.003091 -0.002612 -0.001053 -0.000348 -0.000494 0.000000 0.000000 0.000000 0.000000 0.000000 0.000000 0.000000 0.000000 0.000000 0.000000 0.000000 0.000000 0.000000 0.000000 0.000000 0.000000 0.000000 0.000000 0.000000 0.000000 -0.030800 -0.003702 -0.085407 -0.112308 -0.165550 -0.189542 -0.250175 -0.270212 -0.344029 -0.369603 -0.449281 -0.526090 -0.537586 0.000000 0.000000 0.000000 0.000000 0.000000
-0.000123 -0.000562 -0.001604 -0.001639 -0.002073 -0.002314 -0.002399 -0.002328 -0.001940 -0.000759 -0.000236 -0.000128 0.000000 0.000000 0.000000 0.000000 0.000000 0.000000 0.000000 0.000000 0.000000 0.000000 0.000000 0.000000 0.000000 0.000000 0.000000 0.000000 0.000000 0.000000 0.000000 0.000000 0.007298 -0.004750 -0.080618 -0.107811 -0.162294 -0.187096 -0.250914 -0.271657 -0.348203 -0.372814 -0.453768 -0.531571 -0.560498 0.000000 0.000000 0.000000 0.000000 0.000000
-0.000092 -0.000436 -0.001241 -0.001264 -0.001596 -0.001766 -0.001812 -0.001741 -0.001446 -0.000562 -0.000102 -0.000073 0.000000 0.000000 0.000000 0.000000 0.000000 0.000000 0.000000 0.000000 0.000000 0.000000 0.000000 0.000000 0.000000 0.000000 0.000000 0.000000 0.000000 0.000000 0.000000 0.000000 -0.011544 0.015878 -0.074945 -0.100590 -0.158499 -0.182849 -0.250056 -0.271235 -0.349850 -0.373933 -0.455413 -0.536716 -0.537421 0.000000 0.000000 0.000000 0.000000 0.000000
-0.000270 -0.000337 -0.000954 -0.000974 -0.001225 -0.001346 -0.001378 -0.001313 -0.001081 -0.000409 -0.000407 -0.000158 0.000000 0.000000 0.000000 0.000000 0.000000 0.000000 0.000000 0.000000 0.000000 0.000000 0.000000 0.000000 0.000000 0.000000 0.000000 0.000000 0.000000 0.000000 0.000000 0.000000 0.001097 0.030630 -0.068889 -0.093702 -0.152087 -0.178198 -0.247074 -0.269747 -0.349781 -0.374396 -0.455786 -0.540569 -0.464197 0.000000 0.000000 0.000000 0.000000 0.000000
-0.000025 -0.000257 -0.000731 -0.000746 -0.000936 -0.001025 -0.001042 -0.000990 -0.000812 -0.000304 -0.000089 -0.000217 0.000000 0.000000 0.000000 0.000000 0.000000 0.000000 0.000000 0.000000 0.000000 0.000000 0.000000 0.000000 0.000000 0.000000 0.000000 0.000000 0.000000 0.000000 0.000000 0.000000 -0.016442 0.020720 -0.054560 -0.086073 -0.142471 -0.171875 -0.242651 -0.267126 -0.348709 -0.373704 -0.455915 -0.537320 -0.511521 0.000000 0.000000 0.000000 0.000000 0.000000
-0.000025 -0.000214 -0.000561 -0.000573 -0.000716 -0.000780 -0.000791 -0.000747 -0.000612 -0.000226 -0.000070 -0.000161 0.000000 0.000000 0.000000 0.000000 0.000000 0.000000 0.000000 0.000000 0.000000 0.000000 0.000000 0.000000 0.000000 0.000000 0.000000 0.000000 0.000000 0.000000 0.000000 0.000000 -0.049731 -0.035296 -0.014984 -0.084213 -0.123507 -0.166857 -0.235585 -0.264765 -0.346811 -0.373017 -0.455317 -0.538629 -0.511212 0.000000 0.000000 0.000000 0.000000 0.000000
-0.000030 -0.000166 -0.000429 -0.000438 -0.000547 -0.000594 -0.000601 -0.000566 -0.000462 -0.000171 -0.000030 -0.000030 0.000000 0.000000 0.000000 0.000000 0.000000 0.000000 0.000000 0.000000 0.000000 0.000000 0.000000 0.000000 0.000000 0.000000 0.000000 0.000000 0.000000 0.000000 0.000000 0.000000 0.200863 -0.054795 0.050526 -0.062710 -0.103196 -0.158414 -0.229539 -0.262240 -0.345144 -0.372884 -0.454614 -0.539456 -0.501940 0.000000 0.000000 0.000000 0.000000 0.000000
-0.000099 -0.000129 -0.000329 -0.000336 -0.000419 -0.000453 -0.000457 -0.000430 -0.000350 -0.000133 -0.000124 -0.000066 0.000000 0.000000 0.000000 0.000000 0.000000 0.000000 0.000000 0.000000 0.000000 0.000000 0.000000 0.000000 0.031583 0.029429 0.075164 0.093806 0.150713 0.221610 0.323376 0.560687 0.579227 0.519490 0.091189 0.014601 -0.087637 -0.144492 -0.224591 -0.259907 -0.344354 -0.372868 -0.454408 -0.549291 -0.531131 0.000000 0.000000 0.000000 0.000000 0.000000
-0.000022 -0.000103 -0.000253 -0.000258 -0.000321 -0.000347 -0.000350 -0.000328 -0.000267 -0.000105 -0.000024 -0.000004 0.000000 0.000000 0.000000 0.000000 0.000000 0.000000 0.000000 0.000000 0.000000 0.000000 0.000000 0.000000 0.016723 0.038453 0.063541 0.093694 0.127668 0.173943 0.224344 0.291386 0.298571 0.176681 0.092416 -0.007753 -0.089483 -0.149967 -0.225901 -0.262208 -0.345347 -0.375267 -0.453637 -0.556844 -0.513943 0.000000 0.000000 0.000000 0.000000 0.000000
-0.000016 -0.000080 -0.000195 -0.000199 -0.000248 -0.000267 -0.000269 -0.000251 -0.000205 -0.000087 0.000010 -0.000002 0.000000 0.000000 0.000000 0.000000 0.000000 0.000000 0.000000 0.000000 0.000000 0.000000 0.000000 0.000000 0.025669 0.034404 0.052875 0.079515 0.106190 0.138085 0.167193 0.198703 0.186184 0.117952 0.039220 -0.029772 -0.105812 -0.157408 -0.231644 -0.265957 -0.348467 -0.377758 -0.454650 -0.555880 -0.502069 0.000000 0.000000 0.000000 0.000000 0.000000
-0.000036 -0.000064 -0.000152 -0.000155 -0.000193 -0.000208 -0.000209 -0.000195 -0.000159 -0.000072 0.000012 -0.000008 0.000000 0.000000 0.000000 0.000000 0.000000 0.000000 0.000000 0.000000 0.000000 0.000000 0.000000 0.000000 0.024184 0.026062 0.040914 0.060173 0.077355 0.095542 0.108992 0.114486 0.102018 0.053581 0.000822 -0.059506 -0.123262 -0.170874 -0.240067 -0.272269 -0.353293 -0.381273 -0.457454 -0.560899 -0.510568 0.000000 0.000000 0.000000 0.000000 0.000000
-0.000011 -0.000071 -0.000120 -0.000123 -0.000153 -0.000165 -0.000165 -0.000154 -0.000125 -0.000070 -0.000022 -0.000021 0.000000 0.000000 0.000000 0.000000 0.000000 0.000000 0.000000 0.000000 0.000000 0.000000 0.000000 0.000000 -0.000686 0.019151 0.029037 0.042239 0.052430 0.062346 0.065027 0.064402 0.046012 0.009372 -0.038219 -0.085774 -0.143445 -0.184959 -0.250392 -0.279911 -0.358987 -0.385495 -0.459991 -0.503219 -0.504818 0.000000 0.000000 0.000000 0.000000 0.000000
-0.000025 -0.000053 -0.000098 -0.000099 -0.000124 -0.000133 -0.000134 -0.000124 -0.000101 -0.000054 -0.000010 -0.000020 0.000000 0.000000 0.000000 0.000000 0.000000 0.000000 0.000000 0.000000 0.000000 0.000000 0.000000 0.000000 0.021913 0.011949 0.017662 0.024673 0.028788 0.031499 0.028247 0.020716 0.000559 -0.031233 -0.071007 -0.111904 -0.162708 -0.200059 -0.261288 -0.288116 -0.365455 -0.387845 -0.463460 -0.503324 -0.488807 0.000000 0.000000 0.000000 0.000000 0.000000
-0.000004 -0.000065 -0.000083 -0.000084 -0.000105 -0.000113 -0.000113 -0.000106 -0.000085 -0.000043 -0.000004 -0.000005 0.000000 0.000000 0.000000 0.000000 0.000000 0.000000 0.000000 0.000000 0.000000 0.000000 0.000000 0.000000 -0.011184 0.004917 0.007260 0.009208 0.008610 0.006047 -0.001837 -0.013784 -0.034412 -0.062458 -0.098511 -0.134006 -0.180876 -0.214495 -0.272185 -0.296850 -0.371408 -0.393559 -0.464370 -0.506291 -0.515472 0.000000 0.000000 0.000000 0.000000 0.000000
-0.000007 -0.000056 -0.000075 -0.000075 -0.000094 -0.000101 -0.000102 -0.000095 -0.000077 -0.000056 -0.000011 -0.000007 0.000000 0.000000 0.000000 0.000000 0.000000 0.000000 0.000000 0.000000 0.000000 0.000000 0.000000 0.000000 -0.014221 -0.000970 -0.001939 -0.004372 -0.008825 -0.015458 -0.026520 -0.040962 -0.062461 -0.088686 -0.121632 -0.153985 -0.197177 -0.228018 -0.282455 -0.304874 -0.377604 -0.396996 -0.468647 -0.545350 -0.533149 0.000000 0.000000 0.000000 0.000000 0.000000
0.000001 -0.000048 -0.000068 -0.000090 -0.000097 -0.000102 -0.000101 -0.000082 -0.000063 -0.000039 -0.000011 -0.000002 0.000000 0.000000 0.000000 0.000000 0.000000 0.000000 0.000000 0.000000 0.000000 0.000000 0.000000 0.000000 0.013432 -0.006163 -0.009947 -0.016044 -0.023597 -0.033394 -0.046626 -0.063158 -0.084773 -0.109801 -0.141072 -0.171115 -0.211651 -0.240431 -0.292042 -0.313313 -0.382883 -0.401792 -0.471052 -0.552608 -0.525028 0.000000 0.000000 0.000000 0.000000 0.000000
0.000000 0.000000 0.000000 0.000000 0.000000 0.000000 0.000000 0.000000 0.000000 0.000000 0.000000 0.000000 0.000000 0.000000 0.000000 0.000000 0.000000 0.000000 0.000000 0.000000 0.000000 0.000000 0.000000 0.000000 -0.018948 -0.010047 -0.016823 -0.025736 -0.035832 -0.048007 -0.063064 -0.080890 -0.102919 -0.127433 -0.157331 -0.185836 -0.224157 -0.251422 -0.300629 -0.320342 -0.387412 -0.402628 -0.474719 -0.511771 -0.505167 0.000000 0.000000 0.000000 0.000000 0.000000
0.000000 0.000000 0.000000 0.000000 0.000000 0.000000 0.000000 0.000000 0.000000 0.000000 0.000000 0.000000 0.000000 0.000000 0.000000 0.000000 0.000000 0.000000 0.000000 0.000000 0.000000 0.000000 0.000000 0.000000 -0.020207 -0.014439 -0.022581 -0.033965 -0.046007 -0.060099 -0.076545 -0.095425 -0.117674 -0.141852 -0.170815 -0.198278 -0.234850 -0.261055 -0.308038 -0.327153 -0.390864 -0.404553 -0.473475 -0.554159 -0.515955 0.000000 0.000000 0.000000 0.000000 0.000000
0.000000 0.000000 0.000000 0.000000 0.000000 0.000000 0.000000 0.000000 0.000000 0.000000 0.000000 0.000000 0.000000 0.000000 0.000000 0.000000 0.000000 0.000000 0.000000 0.000000 0.000000 0.000000 0.000000 0.000000 -0.020590 -0.017214 -0.027477 -0.040627 -0.054284 -0.069906 -0.087401 -0.107041 -0.129552 -0.153602 -0.181855 -0.208625 -0.243807 -0.269211 -0.314232 -0.332755 -0.393238 -0.405687 -0.473663 -0.506372 -0.515628 0.000000 0.000000 0.000000 0.000000 0.000000
0.000000 0.000000 0.000000 0.000000 0.000000 0.000000 0.000000 0.000000 0.000000 0.000000 0.000000 0.000000 0.000000 0.000000 0.000000 0.000000 0.000000 0.000000 0.000000 0.000000 0.000000 0.000000 0.000000 0.000000 -0.020856 -0.019761 -0.031257 -0.045784 -0.061095 -0.077774 -0.096098 -0.116476 -0.139094 -0.163094 -0.190749 -0.217117 -0.250929 -0.276491 -0.319456 -0.337777 -0.396006 -0.407077 -0.477984 -0.518018 -0.496346 0.000000 0.000000 0.000000 0.000000 0.000000
0.000000 0.000000 0.000000 0.000000 0.000000 0.000000 0.000000 0.000000 0.000000 0.000000 0.000000 0.000000 0.000000 0.000000 0.000000 0.000000 0.000000 0.000000 0.000000 0.000000 0.000000 0.000000 0.000000 0.000000 -0.020182 -0.021324 -0.031107 -0.050181 -0.066237 -0.083704 -0.102723 -0.123498 -0.146316 -0.170336 -0.197656 -0.223704 -0.256668 -0.281857 -0.322490 -0.339965 -0.396740 -0.406689 -0.479761 -0.523158 -0.529975 0.000000 0.000000 0.000000 0.000000 0.000000
0.000000 0.000000 0.000000 0.000000 0.000000 0.000000 0.000000 0.000000 0.000000 0.000000 0.000000 0.000000 0.000000 0.000000 0.000000 0.000000 0.000000 0.000000 0.000000 0.000000 0.000000 0.000000 0.000000 0.000000 -0.020411 -0.023892 -0.034785 -0.053391 -0.070012 -0.088234 -0.107791 -0.128795 -0.151643 -0.175809 -0.202500 -0.228731 -0.260228 -0.286237 -0.324273 -0.340160 -0.396074 -0.407249 -0.481491 -0.536097 -0.534114 0.000000 0.000000 0.000000 0.000000 0.000000
0.000000 0.000000 0.000000 0.000000 0.000000 0.000000 0.000000 0.000000 0.000000 0.000000 0.000000 0.000000 0.000000 0.000000 0.000000 0.000000 0.000000 0.000000 0.000000 0.000000 0.000000 0.000000 0.000000 0.000000 -0.016583 -0.021219 -0.036412 -0.053371 -0.070355 -0.088514 -0.108267 -0.129197 -0.152250 -0.176434 -0.203342 -0.230064 -0.261422 -0.288701 -0.325186 -0.345516 -0.401094 -0.394135 -0.481836 -0.544739 -0.491252 0.000000 0.000000 0.000000 0.000000 0.000000
0.000000 0.000000 0.000000 0.000000 0.000000 0.000000 0.000000 0.000000 0.000000 0.000000 0.000000 0.000000 0.000000 0.000000 0.000000 0.000000 0.000000 0.000000 0.000000 0.000000 0.000000 0.000000 0.000000 0.000000 -0.017079 -0.029200 -0.050019 -0.068075 -0.087183 -0.107118 -0.128602 -0.151834 -0.176248 -0.203570 -0.233468 -0.260728 -0.270883 -0.303784 -0.331713 -0.371387 -0.390292 -0.421207 -0.451695 -0.601611 -0.508872 0.000000 0.000000 0.000000 0.000000 0.000000
0.000000 0.000000 0.000000 0.000000 0.000000 0.000000 0.000000 0.000000 0.000000 0.000000 0.000000 0.000000 0.000000 0.000000 0.000000 0.000000 0.000000 0.000000 0.000000 0.000000 0.000000 0.000000 0.000000 0.000000 -0.013828 -0.019611 -0.038950 -0.044036 -0.083273 -0.102429 -0.123038 -0.136498 -0.172374 -0.193157 -0.219308 -0.246962 -0.261900 -0.270598 -0.327787 -0.359708 -0.413097 -0.443986 -0.436774 -0.488500 -0.531720 0.000000 0.000000 0.000000 0.000000 0.000000
