0.000000 0.000000 0.000000 0.000000 0.000000 0.000000 0.000000 0.000000 0.000000 -0.023433 -0.001273 0.002142 -0.005414 0.012574 0.014377 -0.002153 0.003987 0.001393 -0.001457 0.006342 0.002938 -0.001768 0.002383 0.021697 0.003174 0.002973 0.001355 0.004778 0.005384 -0.009177 0.011161 0.015861 0.007545 -0.034328 -0.005578 -0.013335 0.009533 -0.013231 0.008307 0.002036 0.012143 -0.010113 -0.005970 0.004942 0.005798 0.007754 0.007276 0.008497 0.001700 0.006887
0.000000 0.000000 0.000000 0.000000 0.000000 0.000000 0.000000 0.000000 0.000000 -0.034503 -0.042790 -0.032371 -0.027308 -0.038880 -0.035281 -0.031610 -0.025772 -0.023132 -0.021708 -0.000581 -0.016412 -0.017796 0.006651 -0.015176 0.008854 -0.013142 -0.011596 -0.011764 -0.011002 -0.010302 -0.009798 -0.009373 -0.009200 -0.009057 -0.008946 -0.008914 0.012181 0.011869 0.011358 0.011002 -0.011241 0.012916 0.013003 0.012650 0.013827 0.014588 -0.008712 0.015975 -0.013716 0.004299
0.000000 0.000000 0.000000 0.000000 0.000000 0.000000 0.000000 0.000000 0.000000 -0.091444 -0.081194 -0.086946 -0.077189 -0.064793 -0.056185 -0.045334 -0.037963 -0.030070 -0.024332 -0.019051 -0.014815 -0.011319 -0.008367 -0.006120 -0.004176 -0.002584 -0.001488 -0.000512 0.000205 0.000832 0.001126 0.001509 0.001707 0.001806 0.001887 0.001948 0.001922 0.001924 0.001745 0.001705 0.001577 0.001419 0.001184 0.000713 0.000520 -0.001379 -0.001157 -0.001528 0.000826 0.005611
0.000000 0.000000 0.000000 0.000000 0.000000 0.000000 0.000000 0.000000 0.000000 -0.112819 -0.120529 -0.085185 -0.077387 -0.067570 -0.056345 -0.047050 -0.038260 -0.030926 -0.024585 -0.019361 -0.014969 -0.011481 -0.008567 -0.006295 -0.004317 -0.002687 -0.001548 -0.000556 0.000143 0.000774 0.001002 0.001348 0.001632 0.001653 0.001858 0.001835 0.001796 0.001860 0.001612 0.001632 0.001511 0.001373 0.001214 0.000870 0.001331 0.000276 0.001413 0.000318 -0.001417 -0.007926
0.000000 0.000000 0.000000 0.000000 0.000000 0.000000 0.000000 0.000000 0.000000 -0.135204 -0.167239 -0.120623 -0.107950 -0.091988 -0.076566 -0.063102 -0.050631 -0.040853 -0.032099 -0.025313 -0.019421 -0.014831 -0.010922 -0.007899 -0.005361 -0.003334 -0.001743 -0.000495 0.000515 0.001321 0.001769 0.002285 0.002549 0.002668 0.002843 0.002789 0.002699 0.002702 0.002469 0.002388 0.002134 0.002010 0.001736 0.001454 0.001300 0.000637 0.002033 0.001768 0.003667 0.004859
0.000000 0.000000 0.000000 0.000000 0.000000 0.000000 0.000000 0.000000 0.000000 -0.201446 -0.196312 -0.159734 -0.137538 -0.115075 -0.092173 -0.075121 -0.059170 -0.047526 -0.036840 -0.028832 -0.021865 -0.016499 -0.011985 -0.008471 -0.005529 -0.003213 -0.001424 0.000008 0.001075 0.001924 0.002492 0.002939 0.003234 0.003389 0.003481 0.003464 0.003367 0.003272 0.003026 0.002862 0.002540 0.002311 0.001881 0.001583 0.001199 0.001017 0.000036 0.000097 0.003601 -0.007343
0.000000 0.000000 0.000000 0.000000 0.000000 0.000000 0.000000 0.000000 0.000000 -0.259340 -0.281768 -0.201131 -0.168932 -0.134293 -0.107049 -0.084515 -0.066835 -0.052039 -0.040661 -0.031133 -0.023658 -0.017439 -0.012555 -0.008554 -0.005364 -0.002837 -0.000845 0.000714 0.001911 0.002827 0.003465 0.003939 0.004225 0.004374 0.004430 0.004383 0.004242 0.004099 0.003814 0.003611 0.003223 0.003020 0.002507 0.002378 0.001785 0.001771 0.001474 0.001106 0.003063 0.002977
0.000000 0.000000 0.000000 0.000000 0.000000 0.000000 0.000000 0.000000 0.000000 -0.573865 -0.484557 -0.268646 -0.200235 -0.151417 -0.115863 -0.090202 -0.069500 -0.054124 -0.041329 -0.031541 -0.023406 -0.017006 -0.011848 -0.007707 -0.004399 -0.001784 0.000265 0.003151 0.004325 0.005181 0.005776 0.006155 0.006357 0.006415 0.006352 0.006194 0.005955 0.005656 0.005294 0.004203 0.003750 0.003400 0.002789 0.002485 0.001812 0.001652 0.000978 0.000934 -0.009927 -0.003252
0.010455 0.025895 0.025145 0.025172 0.026045 0.018463 0.006839 0.010076 -0.021646 -0.043447 -0.252775 -0.280591 -0.204112 -0.152225 -0.115531 -0.088942 -0.068532 -0.052555 -0.039995 -0.029931 -0.021885 -0.015451 -0.010268 -0.006118 -0.002826 -0.000229 0.001795 0.003352 0.004522 0.005374 0.005952 0.006323 0.006512 0.006557 0.006483 0.006314 0.006055 0.005755 0.005358 0.004993 0.004481 0.004138 0.003490 0.003321 0.002487 0.002078 0.001402 0.001511 0.011111 0.003154
-0.003598 0.016822 -0.012918 -0.058025 0.015363 0.009085 -0.007000 -0.020687 -0.061610 -0.150916 -0.206884 -0.203415 -0.163759 -0.129093 -0.101557 -0.079446 -0.061413 -0.047207 -0.035537 -0.026190 -0.018598 -0.012480 -0.007541 -0.003614 -0.000499 0.001944 0.003832 0.005262 0.006315 0.007048 0.007522 0.007789 0.007880 0.007829 0.007662 0.007400 0.007054 0.006662 0.006184 0.005703 0.005115 0.004614 0.003844 0.003439 0.002858 0.002404 0.001728 0.001410 0.003630 -0.003750
-0.025790 -0.017699 -0.044183 -0.026342 0.010537 -0.017534 -0.011051 -0.029281 -0.052648 -0.093816 -0.137309 -0.149617 -0.122122 -0.102822 -0.083163 -0.066362 -0.051575 -0.039343 -0.029102 -0.020766 -0.013907 -0.008339 -0.003877 -0.000322 0.002484 0.004662 0.006320 0.007555 0.008415 0.008985 0.009311 0.009439 0.009402 0.009231 0.008950 0.008583 0.008139 0.007650 0.007103 0.006546 0.005903 0.005363 0.004615 0.004053 0.003308 0.002695 0.002016 0.001904 0.003717 0.001596
-0.008937 0.017143 -0.002136 -0.011749 0.004568 -0.015144 -0.017608 -0.031892 -0.043937 -0.065595 -0.092759 -0.098643 -0.088728 -0.076960 -0.063307 -0.050755 -0.039142 -0.029255 -0.020766 -0.013714 -0.007824 -0.003090 0.000728 0.003755 0.006117 0.007924 0.009267 0.010205 0.010828 0.011169 0.011290 0.011230 0.011026 0.010706 0.010294 0.009804 0.009253 0.008653 0.008009 0.007341 0.006617 0.005925 0.005062 0.004446 0.003478 0.003026 0.002251 0.002161 0.012469 -0.008115
0.005978 -0.008816 -0.018176 0.005984 -0.011920 -0.010418 -0.011620 -0.015198 -0.031345 -0.047189 -0.062244 -0.066617 -0.060010 -0.052432 -0.043141 -0.034200 -0.025456 -0.017801 -0.011076 -0.005450 -0.000754 0.003059 0.006108 0.008491 0.010316 0.011657 0.012585 0.013181 0.013497 0.013583 0.013479 0.013220 0.012835 0.012348 0.011778 0.011144 0.010455 0.009736 0.008989 0.008219 0.007406 0.006684 0.005792 0.005059 0.004202 0.003317 0.002552 0.002349 0.012857 -0.004727
0.014481 -0.000810 0.006331 -0.001484 0.002880 -0.006429 -0.007416 -0.015656 -0.020302 -0.027811 -0.035616 -0.037790 -0.034792 -0.030070 -0.023673 -0.017327 -0.011010 -0.005403 -0.000429 0.003746 0.007218 0.009992 0.012165 0.013818 0.014999 0.015789 0.016255 0.016446 0.016411 0.016189 0.015814 0.015315 0.014717 0.014039 0.013298 0.012508 0.011679 0.010822 0.009945 0.009060 0.008142 0.007244 0.006329 0.005473 0.004539 0.003776 0.002789 0.002581 -0.002240 0.002121
0.000621 0.011153 0.003369 0.002044 0.001053 0.001664 0.000065 -0.002341 -0.005213 -0.009757 -0.013628 -0.014522 -0.012076 -0.008917 -0.004617 -0.000381 0.003869 0.007617 0.010921 0.013638 0.015834 0.017523 0.018759 0.019582 0.020065 0.020256 0.020201 0.019941 0.019514 0.018950 0.018275 0.017512 0.016680 0.015795 0.014868 0.013912 0.012935 0.011943 0.010945 0.009942 0.008936 0.007918 0.006884 0.005910 0.004878 0.004051 0.003028 0.002812 -0.002056 0.002136
-0.002845 0.001529 0.009564 0.006573 0.008174 0.005802 0.007881 0.007284 0.007494 0.007093 0.006707 0.007365 0.009278 0.011508 0.014208 0.016715 0.019126 0.021135 0.022809 0.024077 0.024974 0.025510 0.025739 0.025701 0.025434 0.024975 0.024357 0.023609 0.022757 0.021824 0.020826 0.019780 0.018698 0.017592 0.016469 0.015338 0.014202 0.013066 0.011936 0.010804 0.009703 0.008562 0.007479 0.006398 0.005279 0.004293 0.003245 0.003099 -0.001735 -0.015541
0.025043 0.017374 0.016921 0.012927 0.012048 0.015207 0.014894 0.018595 0.020537 0.022953 0.026379 0.027838 0.029937 0.031485 0.032924 0.033902 0.034639 0.034997 0.035080 0.034870 0.034434 0.033796 0.032993 0.032049 0.030996 0.029854 0.028644 0.027383 0.026085 0.024763 0.023427 0.022084 0.020742 0.019407 0.018081 0.016769 0.015473 0.014194 0.012934 0.011712 0.010477 0.009281 0.008116 0.006901 0.005762 0.004596 0.003435 0.003329 -0.001602 -0.000193
-0.000846 0.020673 0.014276 0.017966 0.021699 0.023454 0.029002 0.033178 0.037059 0.041822 0.046320 0.048825 0.051075 0.051923 0.052083 0.051515 0.050522 0.049166 0.047607 0.045898 0.044103 0.042256 0.040386 0.038513 0.036650 0.034805 0.032985 0.031195 0.029439 0.027718 0.026034 0.024389 0.022781 0.021211 0.019680 0.018185 0.016724 0.015298 0.013904 0.012537 0.011245 0.009893 0.008644 0.007361 0.006144 0.004963 0.003709 0.003464 -0.001557 0.006136
-0.043780 -0.012506 0.026945 0.023583 0.024557 0.031133 0.034262 0.041928 0.047924 0.057493 0.065398 0.070178 0.072832 0.073009 0.071819 0.069561 0.066733 0.063578 0.060305 0.057032 0.053832 0.050746 0.047790 0.044972 0.042287 0.039732 0.037297 0.034975 0.032758 0.030637 0.028605 0.026655 0.024782 0.022979 0.021242 0.019564 0.017943 0.016372 0.014850 0.013397 0.011931 0.010561 0.009146 0.007811 0.006514 0.005212 0.003897 0.003761 0.013526 0.004842
0.038700 -0.025093 0.015593 0.025538 0.027308 0.033862 0.042297 0.049049 0.063876 0.076049 0.088353 0.094435 0.096669 0.095617 0.092495 0.088182 0.083229 0.078091 0.072986 0.068086 0.063446 0.059104 0.055058 0.051296 0.047797 0.044538 0.041497 0.038651 0.035980 0.033466 0.031093 0.028846 0.026712 0.024681 0.022742 0.020888 0.019109 0.017398 0.015750 0.014157 0.012657 0.011121 0.009689 0.008274 0.006846 0.005510 0.004047 0.003979 -0.001209 0.008450
-0.022400 -0.012400 0.021586 0.030923 0.026691 0.041921 0.044721 0.062025 0.072339 0.095154 0.114079 0.122313 0.123866 0.120719 0.114853 0.107786 0.100201 0.092746 0.085598 0.078950 0.072809 0.067192 0.062055 0.057363 0.053068 0.049128 0.045502 0.042152 0.039045 0.036153 0.033452 0.030920 0.028538 0.026289 0.024159 0.022135 0.020206 0.018361 0.016592 0.014906 0.013242 0.011708 0.010085 0.008636 0.007116 0.005772 0.004343 0.004079 -0.001361 -0.000108
-0.008181 -0.006390 0.026419 0.033591 0.023607 0.039786 0.046926 0.061764 0.088037 0.118228 0.147381 0.155980 0.154356 0.147705 0.137901 0.127464 0.116861 0.106903 0.097641 0.089240 0.081676 0.074777 0.068600 0.063026 0.057981 0.053401 0.049225 0.045403 0.041891 0.038648 0.035642 0.032844 0.030230 0.027777 0.025468 0.023287 0.021217 0.019249 0.017369 0.015571 0.013882 0.012189 0.010580 0.009042 0.007384 0.005970 0.004477 0.004296 -0.000819 -0.000081
0.003925 0.013123 0.035256 0.039971 0.018578 0.037579 0.040451 0.064227 0.084339 0.137975 0.191500 0.203396 0.194077 0.180204 0.163835 0.148324 0.133715 0.120743 0.109108 0.098854 0.089814 0.081712 0.074550 0.068159 0.062427 0.057265 0.052592 0.048345 0.044464 0.040903 0.037621 0.034583 0.031758 0.029121 0.026650 0.024324 0.022128 0.020045 0.018062 0.016169 0.014343 0.012644 0.010876 0.009333 0.007683 0.006164 0.004626 0.004412 -0.000951 -0.000077
0.008325 -0.005655 0.019333 0.040228 0.000199 0.035977 0.031314 0.058413 0.094699 0.170812 0.258393 0.259875 0.235654 0.211629 0.187740 0.166984 0.148532 0.132751 0.119024 0.107160 0.096844 0.087716 0.079710 0.072617 0.066294 0.060630 0.055530 0.050913 0.046714 0.042877 0.039354 0.036106 0.033097 0.030298 0.027684 0.025233 0.022925 0.020744 0.018673 0.016702 0.014846 0.013026 0.011257 0.009586 0.007872 0.006319 0.004746 0.004565 -0.001173 -0.001540
0.007898 -0.001761 0.002123 -0.000823 -0.000598 0.000392 0.000931 0.005098 0.018134 0.023456 0.505335 0.365429 0.298542 0.249907 0.213105 0.184547 0.161742 0.143024 0.127349 0.114036 0.102691 0.092655 0.083961 0.076298 0.069497 0.063427 0.057977 0.053059 0.048599 0.044533 0.040810 0.037387 0.034224 0.031289 0.028556 0.025999 0.023597 0.021331 0.019186 0.017146 0.015203 0.013369 0.011559 0.009815 0.008077 0.006481 0.004864 0.004678 -0.001088 0.002988
0.000000 0.000000 0.000000 0.000000 0.000000 0.000000 0.000000 0.000000 0.000000 0.867021 0.574195 0.434317 0.332689 0.272028 0.227983 0.195691 0.170296 0.149971 0.133110 0.118933 0.106905 0.096310 0.087152 0.079095 0.071956 0.065591 0.059885 0.054742 0.050083 0.045842 0.041965 0.038404 0.035120 0.032078 0.029249 0.026608 0.024131 0.021799 0.019594 0.017500 0.015535 0.013582 0.011791 0.009984 0.008236 0.006619 0.004950 0.004762 0.012622 -0.002153
0.000000 0.000000 0.000000 0.000000 0.000000 0.000000 0.000000 0.000000 0.000000 0.454369 0.388743 0.372587 0.312279 0.264832 0.227258 0.197175 0.172924 0.152805 0.135960 0.121614 0.109384 0.098579 0.089210 0.080950 0.073624 0.067086 0.061221 0.055933 0.051143 0.046783 0.042799 0.039142 0.035771 0.032652 0.029754 0.027050 0.024518 0.022137 0.019889 0.017757 0.015736 0.013836 0.011969 0.010100 0.008321 0.006681 0.005005 0.004869 -0.000936 0.004833
0.000000 0.000000 0.000000 0.000000 0.000000 0.000000 0.000000 0.000000 0.000000 0.362013 0.335510 0.316933 0.285668 0.250277 0.220455 0.193793 0.171658 0.152593 0.136341 0.122306 0.110236 0.099500 0.090143 0.081861 0.074491 0.067898 0.061972 0.056620 0.051766 0.047345 0.043302 0.039589 0.036167 0.033001 0.030060 0.027318 0.024751 0.022338 0.020060 0.017900 0.015904 0.013865 0.012041 0.010166 0.008423 0.006752 0.004998 0.004795 -0.000923 -0.002595
0.000000 0.000000 0.000000 0.000000 0.000000 0.000000 0.000000 0.000000 0.000000 0.306816 0.306131 0.279207 0.257215 0.232714 0.208320 0.186282 0.166575 0.149374 0.134266 0.121027 0.109485 0.099090 0.089966 0.081838 0.074566 0.068033 0.062139 0.056803 0.051951 0.047524 0.043470 0.039744 0.036306 0.033124 0.030167 0.027409 0.024827 0.022402 0.020112 0.017943 0.015881 0.013967 0.012054 0.010211 0.008418 0.006728 0.005046 0.004834 0.012668 -0.003110
0.000000 0.000000 0.000000 0.000000 0.000000 0.000000 0.000000 0.000000 0.000000 0.271977 0.271864 0.246943 0.234836 0.214240 0.195287 0.176494 0.159584 0.144186 0.130470 0.118207 0.107388 0.097525 0.088793 0.080953 0.073895 0.067521 0.061745 0.056495 0.051707 0.047327 0.043307 0.039606 0.036187 0.033018 0.030072 0.027323 0.024748 0.022327 0.020043 0.017880 0.015878 0.013856 0.012012 0.010147 0.008367 0.006714 0.004938 0.004819 -0.000954 -0.002976
0.000000 0.000000 0.000000 0.000000 0.000000 0.000000 0.000000 0.000000 0.000000 0.243640 0.242020 0.223194 0.211992 0.197003 0.180634 0.165345 0.150697 0.137340 0.125102 0.114016 0.104092 0.094911 0.086706 0.079274 0.072532 0.066403 0.060819 0.055720 0.051052 0.046767 0.042824 0.039184 0.035816 0.032690 0.029779 0.027060 0.024512 0.022115 0.019849 0.017705 0.015634 0.013762 0.011827 0.010065 0.008258 0.006723 0.004957 0.004693 -0.001016 0.004745
0.000000 0.000000 0.000000 0.000000 0.000000 0.000000 0.000000 0.000000 0.000000 0.208632 0.210324 0.201525 0.192904 0.178998 0.166076 0.153043 0.140880 0.129338 0.118671 0.108795 0.099838 0.091439 0.083849 0.076905 0.070553 0.064738 0.059406 0.054512 0.050011 0.045863 0.042033 0.038489 0.035202 0.032144 0.029293 0.026627 0.024126 0.021772 0.019552 0.017448 0.015471 0.013573 0.011711 0.009946 0.008152 0.006532 0.004879 0.004742 -0.001113 -0.004534
0.000000 0.000000 0.000000 0.000000 0.000000 0.000000 0.000000 0.000000 0.000000 0.211766 0.198666 0.186839 0.175311 0.163042 0.151684 0.140777 0.130460 0.120612 0.111431 0.102780 0.094833 0.087259 0.080339 0.073941 0.068035 0.062585 0.057554 0.052908 0.048614 0.044640 0.040956 0.037537 0.034356 0.031391 0.028621 0.026027 0.023590 0.021294 0.019122 0.017063 0.015146 0.013221 0.011455 0.009729 0.008054 0.006444 0.004756 0.004625 0.012955 0.001275
0.000667 0.000117 0.000480 0.000633 0.001273 0.003339 -0.000146 0.000583 0.010239 0.213678 0.174720 0.163979 0.152853 0.144568 0.136047 0.127657 0.119402 0.111327 0.103614 0.096193 0.089247 0.082531 0.076308 0.070489 0.065063 0.060013 0.055317 0.050953 0.046896 0.043125 0.039614 0.036344 0.033294 0.030443 0.027773 0.025269 0.022913 0.020691 0.018588 0.016593 0.014696 0.012926 0.011156 0.009477 0.007833 0.006368 0.004722 0.004429 -0.001229 0.004177
0.001781 0.001798 0.001102 0.001366 0.003463 0.004735 -0.002288 0.003243 0.010041 0.045562 0.109525 0.128207 0.128992 0.124941 0.120095 0.114293 0.108178 0.101729 0.095463 0.089222 0.083259 0.077395 0.071874 0.066644 0.061716 0.057087 0.052749 0.048689 0.044894 0.041347 0.038032 0.034932 0.032030 0.029312 0.026760 0.024362 0.022102 0.019967 0.017945 0.016026 0.014240 0.012448 0.010800 0.009141 0.007511 0.006058 0.004506 0.004364 -0.000774 0.006312
0.004736 0.008853 0.009044 0.009765 0.011798 0.015326 0.020423 0.028810 0.042870 0.064290 0.091518 0.102658 0.107003 0.106813 0.105264 0.101382 0.097103 0.092296 0.087258 0.082119 0.077048 0.071999 0.067154 0.062506 0.058076 0.053873 0.049903 0.046162 0.042644 0.039338 0.036234 0.033321 0.030585 0.028013 0.025594 0.023315 0.021163 0.019128 0.017194 0.015362 0.013581 0.011974 0.010301 0.008786 0.007172 0.005747 0.004298 0.004260 -0.000484 0.003013
0.007301 0.009737 0.012251 0.011897 0.014304 0.017752 0.022667 0.030006 0.040461 0.055121 0.072731 0.083599 0.090230 0.091488 0.091798 0.089489 0.086610 0.083067 0.079141 0.074979 0.070725 0.066446 0.062242 0.058151 0.054206 0.050429 0.046830 0.043414 0.040180 0.037127 0.034246 0.031531 0.028973 0.026562 0.024288 0.022141 0.020111 0.018187 0.016366 0.014633 0.013006 0.011411 0.009876 0.008399 0.006884 0.005515 0.004139 0.004022 0.004257 -0.005459
0.014020 0.010728 0.014161 0.016741 0.020360 0.025486 0.025595 0.031963 0.040732 0.052063 0.064009 0.071891 0.076804 0.079426 0.079762 0.078848 0.076974 0.074402 0.071354 0.067996 0.064421 0.060848 0.057230 0.053661 0.050180 0.046813 0.043578 0.040486 0.037542 0.034745 0.032096 0.029588 0.027217 0.024976 0.022856 0.020850 0.018950 0.017146 0.015437 0.013785 0.012210 0.010641 0.009160 0.009132 0.007610 0.006173 0.004731 0.003298 0.004072 -0.000057
0.013156 0.014335 0.015861 0.015875 0.018625 0.021788 0.026340 0.031648 0.038848 0.046431 0.055105 0.061015 0.066023 0.068145 0.069516 0.069083 0.067983 0.066158 0.063842 0.061173 0.058178 0.055252 0.052168 0.049082 0.046036 0.043062 0.040181 0.037408 0.034750 0.032214 0.029800 0.027506 0.025329 0.023265 0.021309 0.019453 0.017693 0.016017 0.014435 0.012935 0.011494 0.010103 0.008787 0.007422 0.006112 0.004936 0.003684 0.003587 -0.001077 0.004542
0.013224 0.014383 0.016661 0.016786 0.019171 0.022203 0.026097 0.030812 0.036423 0.042361 0.048590 0.053330 0.056957 0.059327 0.060335 0.060427 0.059796 0.058504 0.056741 0.054625 0.052061 0.049742 0.047130 0.044481 0.041839 0.039234 0.036691 0.034227 0.031851 0.029572 0.027393 0.025315 0.023336 0.021455 0.019667 0.017968 0.016353 0.014815 0.013374 0.011947 0.010660 0.009303 0.008131 0.006863 0.005755 0.004604 0.003433 0.003331 -0.007469 0.002172
0.013688 0.014841 0.016559 0.016667 0.018843 0.021317 0.024729 0.028357 0.032985 0.037329 0.042190 0.045795 0.049054 0.050930 0.052151 0.052475 0.052163 0.051275 0.049952 0.048290 0.046120 0.044298 0.042106 0.039853 0.037583 0.035324 0.033102 0.030935 0.028835 0.026810 0.024866 0.023006 0.021229 0.019535 0.017922 0.016385 0.014926 0.013531 0.012217 0.010967 0.009781 0.008599 0.007602 0.006372 0.005303 0.004195 0.002999 0.003243 -0.007602 -0.001603
0.013065 0.014664 0.016090 0.016162 0.018002 0.020178 0.022921 0.026049 0.029553 0.033125 0.036694 0.039697 0.042136 0.043864 0.044905 0.045316 0.045183 0.044572 0.043576 0.042273 0.040293 0.039025 0.037199 0.035300 0.033368 0.031429 0.029510 0.027626 0.025790 0.024013 0.022299 0.020654 0.019075 0.017568 0.016129 0.014754 0.013445 0.012195 0.011021 0.009848 0.008816 0.007665 0.006758 0.005506 0.004650 0.003825 0.002987 0.002728 0.010973 -0.013568
0.011517 0.015266 0.014918 0.015013 0.016600 0.018324 0.020608 0.023044 0.025868 0.028601 0.031412 0.033729 0.035748 0.037175 0.038125 0.038558 0.038550 0.038140 0.037400 0.036387 0.034704 0.033770 0.032268 0.030686 0.029065 0.027425 0.025790 0.024179 0.022601 0.021068 0.019583 0.018156 0.016781 0.015467 0.014210 0.013007 0.011866 0.010767 0.009727 0.008764 0.007835 0.006896 0.006132 0.005154 0.004508 0.003564 0.002745 0.002582 -0.001497 0.004934
0.011365 0.014094 0.013593 0.013605 0.014887 0.016376 0.018154 0.020151 0.022308 0.024480 0.026602 0.028481 0.030060 0.031241 0.032039 0.032452 0.032504 0.032233 0.031687 0.030906 0.034567 0.028821 0.027600 0.026299 0.024961 0.023594 0.022226 0.020871 0.019536 0.018233 0.016969 0.015749 0.014566 0.013436 0.012351 0.011310 0.010321 0.009362 0.008466 0.007569 0.006776 0.005894 0.005218 0.004299 0.003723 0.002798 0.001932 0.002090 0.003382 0.001175
0.009485 0.012861 0.011610 0.011683 0.012780 0.013828 0.015361 0.016777 0.018557 0.020145 0.021787 0.023227 0.024442 0.025369 0.026023 0.026372 0.026455 0.026275 0.025872 0.025282 0.029133 0.023650 0.022684 0.021640 0.020563 0.019452 0.018336 0.017237 0.016139 0.015076 0.014032 0.013040 0.012060 0.011132 0.010240 0.009370 0.008574 0.007779 0.007026 0.006301 0.005682 0.005036 0.004427 0.003838 0.003252 0.002681 0.002457 0.002354 -0.001773 0.004355
0.009305 0.010152 0.009695 0.009823 0.010602 0.011474 0.012573 0.013753 0.015021 0.016279 0.017500 0.018604 0.019535 0.020289 0.020804 0.021121 0.021221 0.021109 0.020832 0.020401 0.023881 0.019153 0.018398 0.017581 0.016756 0.015885 0.015001 0.014130 0.013257 0.012387 0.011561 0.010758 0.009939 0.009184 0.008461 0.007756 0.007090 0.006434 0.005833 0.005167 0.004597 0.004051 0.003501 0.003066 0.002445 0.002286 0.000509 0.000535 0.002961 -0.001241
0.007272 0.008534 0.009460 0.007311 0.007913 0.008491 0.009301 0.010047 0.010996 0.011871 0.012739 0.013492 0.014183 0.014675 0.014987 0.015231 0.015319 0.015254 0.015050 0.014759 0.018513 0.013856 0.013342 0.012721 0.012115 0.011431 0.010775 0.010191 0.009515 0.008917 0.008280 0.007757 0.007153 0.006620 0.006105 0.005518 0.005173 0.004643 0.004229 0.003660 0.003219 0.003026 0.002416 0.002393 0.001462 0.001877 0.000194 0.001578 -0.007498 0.000232
0.004924 0.005397 0.007137 0.007461 0.007749 0.008232 0.009116 0.009806 0.010773 0.011565 0.012389 0.013166 0.013710 0.014231 0.014499 0.014713 0.014815 0.014741 0.014559 0.014274 0.013463 0.013392 0.012901 0.012312 0.011729 0.011089 0.010438 0.009862 0.009208 0.008610 0.008024 0.007500 0.006901 0.006391 0.005868 0.005334 0.004946 0.004457 0.004101 0.003553 0.003182 0.002835 0.002429 0.002434 0.002036 0.003008 0.002814 0.002611 0.009770 0.003631
0.002616 0.004212 0.002654 0.004104 0.003299 0.002838 0.003113 0.003314 0.006258 0.003904 0.004046 0.004422 0.003908 0.009890 0.011149 0.010846 0.011905 0.012405 0.011744 0.002098 0.013085 0.010791 0.013184 -0.001640 -0.002177 0.010125 0.013131 0.013033 0.012896 0.012747 0.009763 0.010428 0.012217 0.011154 0.010149 0.009419 -0.007201 0.011942 -0.007557 0.011641 -0.008130 0.011935 -0.008516 -0.008052 0.011314 -0.010801 -0.014606 -0.009712 -0.006840 0.013820
0.000256 0.000702 0.000864 0.000435 0.001164 0.001490 0.002811 -0.001869 0.000481 0.000636 -0.002434 0.002212 -0.001748 0.000267 -0.001069 0.001633 -0.000673 -0.005269 0.000871 -0.006422 -0.002295 -0.007519 -0.004333 0.000786 0.000015 -0.002792 -0.002899 -0.002817 -0.001426 -0.001207 0.002710 0.010981 -0.004805 -0.000815 -0.003679 0.000660 0.015556 0.004453 -0.005224 0.015670 0.005798 -0.002719 -0.003690 -0.002443 0.010182 0.001759 0.004819 -0.012002 0.024439 0.000788
