0.000000 0.000000 0.000000 0.000000 0.000000 0.000000 0.000000 0.000000 0.000000 0.006695 0.033285 0.034007 0.057229 0.117926 0.123694 0.131698 0.141328 0.212664 0.222642 0.178133 0.188319 0.241330 0.199459 0.223907 0.204384 0.205464 0.205637 0.205990 0.205231 0.182073 0.191175 0.192663 0.199926 0.232944 0.165635 0.185110 0.175426 0.181468 0.201810 0.204514 0.201444 0.185378 0.194742 0.188432 0.185202 0.202428 0.196089 0.198660 0.172277 0.195094
0.000000 0.000000 0.000000 0.000000 0.000000 0.000000 0.000000 0.000000 0.000000 0.004367 0.030604 0.064840 0.089270 0.102256 0.121790 0.138097 0.166304 0.177842 0.186690 0.177126 0.199761 0.190205 0.192411 0.195939 0.197242 0.198784 0.212365 0.199814 0.199932 0.199869 0.199212 0.198849 0.198292 0.197651 0.196940 0.196169 0.195947 0.195063 0.194164 0.193872 0.193522 0.205319 0.191722 0.190952 0.190747 0.189956 0.190495 0.189061 0.194340 0.182801
0.000000 0.000000 0.000000 0.000000 0.000000 0.000000 0.000000 0.000000 0.000000 0.010199 0.023983 0.050638 0.083123 0.107625 0.128904 0.145288 0.158720 0.169225 0.177552 0.184006 0.188989 0.192732 0.195527 0.197502 0.198814 0.199678 0.200149 0.200219 0.200091 0.199840 0.199395 0.198724 0.198194 0.197505 0.196789 0.196043 0.195325 0.194668 0.193948 0.193343 0.192525 0.192277 0.191232 0.191569 0.190064 0.191700 0.191177 0.190015 0.198433 0.170157
0.000000 0.000000 0.000000 0.000000 0.000000 0.000000 0.000000 0.000000 0.000000 0.017479 0.025232 0.056937 0.082667 0.109012 0.128860 0.145978 0.159133 0.169541 0.177863 0.184192 0.189129 0.192779 0.195527 0.197473 0.198744 0.199591 0.200022 0.200095 0.199912 0.199693 0.199181 0.198505 0.197970 0.197283 0.196607 0.195925 0.195119 0.194516 0.193727 0.193209 0.192236 0.192032 0.190642 0.190959 0.188228 0.191003 0.183374 0.189000 0.197190 0.166780
0.000000 0.000000 0.000000 0.000000 0.000000 0.000000 0.000000 0.000000 0.000000 0.002008 0.027658 0.065233 0.095086 0.122811 0.141948 0.157835 0.169264 0.178222 0.185169 0.190203 0.194153 0.196883 0.198898 0.200192 0.200954 0.201358 0.201426 0.201236 0.200846 0.200343 0.199707 0.198943 0.198235 0.197455 0.196649 0.195922 0.195140 0.194478 0.193762 0.193254 0.192527 0.192554 0.191448 0.192574 0.189778 0.194302 0.185125 0.190436 0.199397 0.166209
0.000000 0.000000 0.000000 0.000000 0.000000 0.000000 0.000000 0.000000 0.000000 0.012261 0.066610 0.083092 0.112828 0.142073 0.157629 0.172298 0.180821 0.188416 0.193153 0.197047 0.199572 0.201384 0.202477 0.203116 0.203297 0.203212 0.202882 0.202367 0.201704 0.200988 0.200160 0.199289 0.198441 0.197546 0.196671 0.195871 0.194982 0.194298 0.193415 0.192879 0.191858 0.191650 0.190080 0.190662 0.187384 0.191458 0.182648 0.189651 0.200141 0.170792
0.000000 0.000000 0.000000 0.000000 0.000000 0.000000 0.000000 0.000000 0.000000 0.010651 0.069276 0.109461 0.144041 0.167798 0.181408 0.190769 0.196782 0.200854 0.203552 0.205262 0.206304 0.206762 0.206842 0.206587 0.206085 0.205437 0.204637 0.203743 0.202773 0.201767 0.200736 0.199693 0.198679 0.197679 0.196714 0.195807 0.194930 0.194134 0.193349 0.192764 0.191963 0.191886 0.190711 0.191845 0.188984 0.193587 0.183267 0.189567 0.199239 0.171819
0.000000 0.000000 0.000000 0.000000 0.000000 0.000000 0.000000 0.000000 0.000000 0.128930 0.199718 0.170578 0.186988 0.203790 0.207722 0.212751 0.213141 0.214546 0.214126 0.214056 0.213207 0.212414 0.211367 0.210231 0.209010 0.207746 0.206446 0.206580 0.204957 0.203410 0.201939 0.200545 0.199230 0.197993 0.196835 0.195758 0.194757 0.193841 0.192995 0.192290 0.191264 0.190950 0.189429 0.189944 0.186756 0.191348 0.182967 0.188874 0.181174 0.170464
0.523863 0.548458 0.554232 0.555250 0.567416 0.548358 0.511514 0.596217 0.692830 0.713128 0.401786 0.290994 0.263350 0.251488 0.243318 0.237268 0.232865 0.229079 0.225952 0.223192 0.220628 0.218340 0.216117 0.214025 0.212025 0.210120 0.208295 0.206553 0.204888 0.203306 0.201806 0.200384 0.199045 0.197787 0.196606 0.195514 0.194487 0.193566 0.192696 0.191987 0.191146 0.190904 0.189780 0.190665 0.188000 0.192121 0.182426 0.188376 0.181971 0.180514
0.506155 0.516572 0.489023 0.519074 0.531208 0.542281 0.536555 0.565701 0.567416 0.525032 0.465724 0.377003 0.320068 0.291747 0.271770 0.259724 0.249724 0.242816 0.236744 0.231975 0.227714 0.224035 0.220685 0.217678 0.214920 0.212387 0.210043 0.207871 0.205853 0.203982 0.202241 0.200622 0.199121 0.197729 0.196436 0.195257 0.194138 0.193182 0.192162 0.191413 0.190407 0.189959 0.188614 0.188901 0.186446 0.190557 0.182290 0.187988 0.196545 0.170216
0.518419 0.464158 0.508357 0.487630 0.509364 0.493628 0.510378 0.499429 0.500560 0.494194 0.452464 0.390799 0.344651 0.315354 0.293147 0.277272 0.264696 0.254972 0.246802 0.240149 0.234351 0.229372 0.224976 0.221092 0.217607 0.214469 0.211624 0.209037 0.206682 0.204529 0.202556 0.200747 0.199089 0.197569 0.196176 0.194907 0.193741 0.192695 0.191736 0.190916 0.190043 0.189622 0.188588 0.189034 0.186753 0.190932 0.181944 0.187037 0.196190 0.195352
0.504316 0.530857 0.506833 0.466038 0.498240 0.474849 0.486274 0.482356 0.486218 0.469413 0.440600 0.394389 0.358702 0.331435 0.308700 0.291302 0.276744 0.265171 0.255334 0.247171 0.240102 0.234041 0.228731 0.224065 0.219923 0.216235 0.212934 0.210155 0.207485 0.205070 0.202886 0.200907 0.199117 0.197488 0.196017 0.194665 0.193447 0.192332 0.191315 0.190417 0.189496 0.188687 0.187442 0.187626 0.185172 0.188872 0.180784 0.186492 0.181638 0.169300
0.515574 0.528689 0.464830 0.531853 0.480214 0.512589 0.502039 0.481590 0.471710 0.451598 0.428033 0.394736 0.366466 0.341065 0.319416 0.301462 0.286136 0.273360 0.262357 0.253021 0.244932 0.237959 0.231850 0.226501 0.221783 0.217613 0.213913 0.210614 0.207663 0.205018 0.202641 0.200502 0.198574 0.196836 0.195266 0.193853 0.192572 0.191434 0.190404 0.189508 0.188619 0.188057 0.187022 0.187181 0.184898 0.188460 0.180300 0.185627 0.181313 0.180988
0.514799 0.542125 0.474768 0.457492 0.492785 0.463702 0.477186 0.461430 0.459877 0.441027 0.422112 0.394915 0.370227 0.347449 0.326869 0.308899 0.293105 0.279542 0.267717 0.257530 0.248643 0.240929 0.234180 0.228276 0.223087 0.218519 0.214478 0.210896 0.207711 0.204874 0.202340 0.200073 0.198042 0.196221 0.194585 0.193120 0.191796 0.190627 0.189541 0.188657 0.187702 0.187185 0.186192 0.186354 0.184310 0.187684 0.179394 0.184617 0.197702 0.177131
0.505213 0.518571 0.491689 0.471941 0.503459 0.478042 0.487910 0.466370 0.457581 0.438266 0.419404 0.395626 0.373611 0.351878 0.332070 0.314100 0.298066 0.283961 0.271530 0.260690 0.251193 0.242916 0.235670 0.229333 0.223774 0.218886 0.214579 0.210775 0.207409 0.204423 0.201768 0.199405 0.197298 0.195417 0.193735 0.192235 0.190886 0.189699 0.188606 0.187700 0.186752 0.186159 0.185110 0.185237 0.183295 0.186854 0.178879 0.183668 0.197326 0.184910
0.500076 0.518051 0.489260 0.467623 0.497524 0.463392 0.477790 0.456157 0.452667 0.435814 0.418421 0.396562 0.375766 0.354842 0.335379 0.317364 0.301106 0.286598 0.273741 0.262442 0.252519 0.243842 0.236246 0.229599 0.223772 0.218661 0.214167 0.210211 0.206721 0.203635 0.200902 0.198478 0.196324 0.194409 0.192702 0.191186 0.189827 0.188635 0.187538 0.186639 0.185702 0.185150 0.184103 0.184150 0.182082 0.185342 0.177919 0.182714 0.196263 0.182128
0.513973 0.542080 0.504305 0.483792 0.511614 0.480838 0.489144 0.465859 0.457293 0.438250 0.420078 0.398406 0.377711 0.356766 0.337248 0.318995 0.302468 0.287627 0.274448 0.262830 0.252624 0.243690 0.235871 0.229034 0.223051 0.217811 0.213215 0.209177 0.205623 0.202491 0.199724 0.197278 0.195110 0.193188 0.191480 0.189967 0.188615 0.187431 0.186338 0.185444 0.184473 0.183877 0.182746 0.182823 0.180825 0.184193 0.176367 0.181611 0.195484 0.183577
0.514204 0.544948 0.501328 0.482958 0.514123 0.478635 0.492097 0.463713 0.459718 0.438308 0.422331 0.400413 0.379330 0.357804 0.337781 0.319048 0.302161 0.287012 0.273605 0.261801 0.251451 0.242404 0.234502 0.227604 0.221578 0.216309 0.211696 0.207652 0.204100 0.200976 0.198223 0.195794 0.193647 0.191748 0.190064 0.188577 0.187251 0.186096 0.185038 0.184184 0.183306 0.182815 0.181883 0.182095 0.179998 0.183249 0.175427 0.180512 0.192987 0.161411
0.505777 0.539390 0.494677 0.468435 0.505343 0.471337 0.487550 0.466527 0.464035 0.443490 0.426857 0.402990 0.380615 0.357767 0.336840 0.317437 0.300134 0.284725 0.271186 0.259329 0.248983 0.239974 0.232128 0.225297 0.219342 0.214145 0.209604 0.205630 0.202146 0.199086 0.196394 0.194024 0.191932 0.190086 0.188452 0.187012 0.185728 0.184611 0.183579 0.182743 0.181824 0.181283 0.180202 0.180410 0.178362 0.182177 0.174344 0.179059 0.173268 0.171797
0.525373 0.536806 0.490715 0.481530 0.517769 0.486772 0.501719 0.482394 0.475845 0.455856 0.434967 0.407517 0.382113 0.356852 0.334378 0.313988 0.296193 0.280591 0.267062 0.255328 0.245164 0.236361 0.228727 0.222100 0.216337 0.211318 0.206939 0.203112 0.199761 0.196822 0.194241 0.191970 0.189970 0.188207 0.186649 0.185278 0.184059 0.183004 0.182033 0.181267 0.180458 0.180039 0.179161 0.179383 0.177266 0.180779 0.172677 0.177846 0.190767 0.161479
0.504690 0.540767 0.501466 0.474121 0.511906 0.483352 0.499842 0.487417 0.486559 0.467672 0.443847 0.411073 0.381743 0.353652 0.329440 0.308186 0.290047 0.274481 0.261178 0.249784 0.239999 0.231583 0.224317 0.218034 0.212583 0.207845 0.203716 0.200112 0.196960 0.194197 0.191773 0.189642 0.187767 0.186116 0.184659 0.183378 0.182239 0.181253 0.180338 0.179608 0.178790 0.178320 0.177359 0.177637 0.175695 0.179553 0.171446 0.176560 0.188014 0.178405
0.451494 0.511340 0.499174 0.482963 0.517350 0.496138 0.517216 0.505756 0.508369 0.493625 0.461619 0.417179 0.380509 0.347925 0.321469 0.299334 0.281147 0.265981 0.253260 0.242534 0.233374 0.225603 0.218895 0.213112 0.208101 0.203750 0.199961 0.196655 0.193763 0.191230 0.189008 0.187056 0.185338 0.183828 0.182495 0.181325 0.180286 0.179390 0.178562 0.177918 0.177220 0.176868 0.176075 0.176263 0.174330 0.177633 0.170261 0.175117 0.187894 0.176900
0.407130 0.524888 0.514511 0.475007 0.519077 0.506676 0.525102 0.528463 0.535906 0.525581 0.481287 0.420258 0.373722 0.337299 0.309174 0.287091 0.269452 0.255241 0.243503 0.233763 0.225497 0.218550 0.212564 0.207416 0.202958 0.199090 0.195719 0.192778 0.190203 0.187948 0.185969 0.184230 0.182700 0.181355 0.180169 0.179128 0.178202 0.177404 0.176661 0.176078 0.175411 0.175065 0.174291 0.174569 0.173025 0.176129 0.168825 0.173613 0.185439 0.175398
0.257069 0.488723 0.509304 0.492552 0.514131 0.511138 0.540287 0.547195 0.577064 0.588503 0.517530 0.419518 0.357115 0.317487 0.289243 0.269110 0.253502 0.241358 0.231380 0.223196 0.216197 0.210393 0.205340 0.200987 0.197206 0.193915 0.191040 0.188525 0.186321 0.184386 0.182687 0.181192 0.179876 0.178719 0.177698 0.176804 0.176007 0.175325 0.174686 0.174199 0.173637 0.173371 0.172662 0.172777 0.171362 0.174483 0.167506 0.172083 0.183532 0.164115
0.539329 0.538830 0.536050 0.572405 0.566633 0.628591 0.613533 0.706672 0.849321 0.890155 0.438729 0.392874 0.325108 0.288656 0.264082 0.247776 0.235208 0.225740 0.217904 0.211527 0.206208 0.201464 0.197461 0.193997 0.190970 0.188323 0.186001 0.183961 0.182167 0.180588 0.179197 0.177972 0.176893 0.175942 0.175104 0.174369 0.173712 0.173153 0.172620 0.172220 0.171728 0.171499 0.170952 0.171094 0.169773 0.172656 0.165873 0.170463 0.182011 0.172349
0.000000 0.000000 0.000000 0.000000 0.000000 0.000000 0.000000 0.000000 0.000000 0.907425 0.144081 0.232415 0.234004 0.229504 0.223647 0.217607 0.211919 0.206906 0.202367 0.198424 0.194978 0.191761 0.188978 0.186521 0.184332 0.182393 0.180672 0.179146 0.177794 0.176598 0.175540 0.174605 0.173779 0.173051 0.172407 0.171845 0.171340 0.170915 0.170501 0.170217 0.169819 0.169740 0.169184 0.169470 0.168170 0.171135 0.164288 0.168857 0.164920 0.171136
0.000000 0.000000 0.000000 0.000000 0.000000 0.000000 0.000000 0.000000 0.000000 0.014841 0.039191 0.134501 0.164081 0.182056 0.187030 0.189926 0.189382 0.188509 0.186833 0.185201 0.183556 0.181813 0.180242 0.178798 0.177465 0.176251 0.175150 0.174158 0.173266 0.172469 0.171758 0.171127 0.170567 0.170072 0.169633 0.169250 0.168904 0.168616 0.168322 0.168132 0.167812 0.167705 0.167238 0.167639 0.166250 0.169449 0.162511 0.167176 0.178452 0.149256
0.000000 0.000000 0.000000 0.000000 0.000000 0.000000 0.000000 0.000000 0.000000 0.013944 0.019648 0.090857 0.121208 0.142920 0.155862 0.163229 0.167546 0.169943 0.171174 0.171747 0.171930 0.171683 0.171348 0.170933 0.170466 0.169989 0.169517 0.169067 0.168644 0.168253 0.167897 0.167577 0.167289 0.167034 0.166806 0.166609 0.166427 0.166287 0.166122 0.166065 0.165849 0.165979 0.165510 0.166030 0.164398 0.167695 0.160665 0.165538 0.176696 0.167034
0.000000 0.000000 0.000000 0.000000 0.000000 0.000000 0.000000 0.000000 0.000000 0.014816 0.012889 0.064907 0.092101 0.115460 0.130300 0.141098 0.148070 0.153181 0.156546 0.158998 0.160756 0.161814 0.162602 0.163145 0.163500 0.163731 0.163871 0.163951 0.163990 0.164004 0.164002 0.163992 0.163978 0.163964 0.163950 0.163941 0.163923 0.163926 0.163885 0.163914 0.163779 0.163842 0.163450 0.164031 0.162571 0.166269 0.159165 0.163762 0.158080 0.158885
0.000000 0.000000 0.000000 0.000000 0.000000 0.000000 0.000000 0.000000 0.000000 0.011775 0.002953 0.049156 0.072363 0.093493 0.109295 0.121588 0.130640 0.137639 0.142826 0.146860 0.149993 0.152270 0.154095 0.155532 0.156660 0.157562 0.158286 0.158877 0.159364 0.159771 0.160116 0.160412 0.160668 0.160894 0.161091 0.161270 0.161420 0.161572 0.161664 0.161835 0.161809 0.162154 0.161824 0.162564 0.160959 0.164474 0.157292 0.162124 0.173291 0.145530
0.000000 0.000000 0.000000 0.000000 0.000000 0.000000 0.000000 0.000000 0.000000 0.009743 -0.003297 0.034294 0.057388 0.076122 0.092389 0.105407 0.115748 0.124068 0.130566 0.135812 0.140046 0.143321 0.146029 0.148248 0.150068 0.151580 0.152844 0.153912 0.154822 0.155604 0.156281 0.156872 0.157390 0.157849 0.158254 0.158616 0.158929 0.159222 0.159439 0.159689 0.159755 0.160017 0.159727 0.160492 0.159013 0.162877 0.155784 0.160551 0.171497 0.142935
0.000000 0.000000 0.000000 0.000000 0.000000 0.000000 0.000000 0.000000 0.000000 -0.003552 0.001078 0.025086 0.044101 0.062432 0.077791 0.091681 0.102622 0.112045 0.119500 0.125742 0.130858 0.134992 0.138457 0.141357 0.143789 0.145849 0.147603 0.149109 0.150410 0.151542 0.152533 0.153404 0.154174 0.154856 0.155461 0.156003 0.156475 0.156910 0.157255 0.157622 0.157792 0.158089 0.158036 0.158640 0.157280 0.161017 0.154255 0.158856 0.169900 0.148169
0.000000 0.000000 0.000000 0.000000 0.000000 0.000000 0.000000 0.000000 0.000000 0.007582 -0.032410 0.010487 0.032854 0.050010 0.066807 0.080387 0.092061 0.101861 0.110021 0.116881 0.122678 0.127427 0.131494 0.134952 0.137901 0.140433 0.142619 0.144516 0.146173 0.147626 0.148906 0.150039 0.151045 0.151940 0.152736 0.153449 0.154075 0.154649 0.155115 0.155609 0.155869 0.156453 0.156302 0.157170 0.155857 0.159358 0.152514 0.157384 0.153298 0.156439
-0.003458 -0.004527 -0.010371 -0.015313 -0.018508 -0.022691 -0.042509 -0.058748 -0.097721 -0.015905 -0.056299 -0.008196 0.017802 0.038474 0.056094 0.070576 0.082703 0.093044 0.101672 0.109046 0.115327 0.120592 0.125139 0.129053 0.132433 0.135368 0.137927 0.140169 0.142141 0.143884 0.145430 0.146804 0.148028 0.149122 0.150097 0.150971 0.151742 0.152443 0.153025 0.153593 0.153951 0.154397 0.154412 0.155177 0.154084 0.158013 0.151051 0.155836 0.166942 0.151599
-0.000734 -0.003617 -0.009656 -0.013980 -0.015395 -0.021287 -0.035584 -0.059807 -0.099275 -0.152549 -0.050358 -0.013074 0.012253 0.032512 0.049794 0.063767 0.075930 0.086104 0.094892 0.102431 0.108991 0.114566 0.119451 0.123707 0.127425 0.130687 0.133558 0.136095 0.138344 0.140343 0.142126 0.143718 0.145143 0.146420 0.147562 0.148589 0.149497 0.150325 0.151018 0.151718 0.152142 0.152904 0.152939 0.153942 0.152722 0.156452 0.150082 0.154301 0.163044 0.135555
0.000458 -0.004364 -0.009219 -0.008993 -0.013229 -0.017245 -0.022517 -0.029157 -0.035213 -0.040839 -0.031034 -0.010044 0.012386 0.029388 0.045721 0.058588 0.070490 0.080419 0.089179 0.096785 0.103478 0.109268 0.114387 0.118895 0.122876 0.126400 0.129528 0.132313 0.134799 0.137022 0.139014 0.140802 0.142408 0.143851 0.145147 0.146313 0.147348 0.148288 0.149086 0.149843 0.150372 0.150983 0.151097 0.152025 0.150928 0.154771 0.148081 0.152853 0.163875 0.127001
-0.003239 -0.002380 -0.007465 -0.007755 -0.011074 -0.014255 -0.017888 -0.021579 -0.024059 -0.023206 -0.013987 0.002259 0.016503 0.031354 0.044240 0.056350 0.066836 0.076325 0.084716 0.092185 0.098849 0.104714 0.109957 0.114626 0.118791 0.122514 0.125847 0.128835 0.131519 0.133934 0.136108 0.138068 0.139835 0.141429 0.142864 0.144158 0.145311 0.146356 0.147253 0.148094 0.148715 0.149360 0.149686 0.150540 0.149504 0.153187 0.146729 0.151522 0.159702 0.132594
-0.002237 -0.004550 -0.004948 -0.007018 -0.008837 -0.010457 -0.010640 -0.011744 -0.011618 -0.009571 -0.002922 0.008187 0.020027 0.032183 0.043604 0.054437 0.064135 0.073053 0.081089 0.088358 0.094915 0.100795 0.106093 0.110861 0.115153 0.119022 0.122512 0.125663 0.128511 0.131087 0.133418 0.135528 0.137437 0.139165 0.140725 0.142135 0.143392 0.144538 0.145684 0.146632 0.147444 0.148252 0.148785 0.148781 0.149287 0.149451 0.149913 0.150151 0.158205 0.153097
-0.000159 -0.002671 -0.003405 -0.003529 -0.004674 -0.005512 -0.005959 -0.005868 -0.004225 -0.000955 0.005467 0.014563 0.023949 0.034302 0.043966 0.053589 0.062416 0.070700 0.078306 0.085290 0.091663 0.097481 0.102769 0.107576 0.111944 0.115912 0.119519 0.122797 0.125777 0.128487 0.130950 0.133189 0.135222 0.137067 0.138737 0.140250 0.141605 0.142836 0.143901 0.144858 0.145642 0.146390 0.146748 0.147746 0.147027 0.150616 0.144286 0.149047 0.160211 0.131990
0.000265 0.000099 -0.001457 -0.001502 -0.001799 -0.001716 -0.001155 -0.000007 0.002319 0.006013 0.011651 0.018972 0.027156 0.035805 0.044543 0.053108 0.061208 0.068910 0.076102 0.082793 0.088948 0.094682 0.099922 0.104728 0.109133 0.113166 0.116856 0.120231 0.123316 0.126134 0.128708 0.131056 0.133195 0.135144 0.136911 0.138518 0.139957 0.141279 0.142380 0.143538 0.144264 0.145373 0.145624 0.146855 0.145697 0.149498 0.143452 0.147838 0.143577 0.139189
0.001409 0.001096 0.000236 0.000251 0.000659 0.001373 0.002641 0.004441 0.007320 0.011164 0.016439 0.022939 0.029966 0.037674 0.045388 0.053048 0.060490 0.067641 0.074422 0.080808 0.086744 0.092347 0.097508 0.102283 0.106695 0.110762 0.114509 0.117955 0.121121 0.124026 0.126690 0.129130 0.131359 0.133396 0.135247 0.136933 0.138449 0.139829 0.141032 0.142114 0.142997 0.143861 0.144243 0.145280 0.144664 0.148688 0.142121 0.146844 0.142227 0.136794
0.001848 0.001959 0.001769 0.001822 0.002834 0.004079 0.005870 0.008181 0.011275 0.015215 0.020116 0.025874 0.032293 0.039114 0.046094 0.053115 0.060003 0.066695 0.073112 0.079217 0.084920 0.090405 0.095475 0.100203 0.104601 0.108682 0.112464 0.115960 0.119188 0.122163 0.124901 0.127416 0.129722 0.131834 0.133759 0.135520 0.137100 0.138560 0.139778 0.141102 0.141880 0.143221 0.143426 0.145215 0.143591 0.147776 0.140727 0.145906 0.142145 0.146484
0.002251 0.002297 0.003027 0.003138 0.004643 0.006280 0.008452 0.011067 0.014356 0.018301 0.023007 0.028375 0.034222 0.040446 0.046849 0.053322 0.059740 0.066028 0.072117 0.077962 0.083477 0.088809 0.093781 0.098450 0.102821 0.106901 0.110702 0.114231 0.117504 0.120531 0.123327 0.125902 0.128271 0.130445 0.132431 0.134247 0.135883 0.137377 0.138685 0.139849 0.140812 0.141802 0.142078 0.143351 0.142030 0.146462 0.140065 0.144981 0.154796 0.127460
0.000122 0.002736 0.004190 0.004274 0.006143 0.008152 0.010585 0.013438 0.016812 0.020720 0.025236 0.030287 0.035708 0.041521 0.047476 0.053536 0.059580 0.065538 0.071353 0.076973 0.083440 0.087512 0.092389 0.096997 0.101336 0.105404 0.109214 0.112766 0.116071 0.119140 0.121985 0.124609 0.127029 0.129259 0.131295 0.133172 0.134857 0.136421 0.137742 0.139135 0.139997 0.141535 0.141702 0.143868 0.142321 0.146963 0.139244 0.144412 0.151385 0.134581
0.001852 0.000763 0.004995 0.005155 0.007357 0.009545 0.012273 0.015234 0.018731 0.022617 0.027015 0.031815 0.036989 0.042434 0.048056 0.053784 0.059516 0.065202 0.070780 0.076205 0.082288 0.086467 0.091256 0.095808 0.100111 0.104161 0.107973 0.111534 0.114859 0.117957 0.120836 0.123493 0.125952 0.128226 0.130300 0.132211 0.133929 0.135514 0.136872 0.138185 0.139143 0.140231 0.140481 0.141868 0.140404 0.144330 0.137929 0.143486 0.152623 0.124635
0.001051 0.001723 0.005794 0.005855 0.008299 0.010714 0.013547 0.016650 0.020162 0.024047 0.028325 0.032970 0.037921 0.043109 0.048478 0.053980 0.059477 0.064951 0.070351 0.075617 0.081396 0.085661 0.090374 0.094865 0.099140 0.103163 0.106989 0.110559 0.113900 0.117022 0.119941 0.122630 0.125111 0.127432 0.129526 0.131501 0.133260 0.134866 0.136284 0.137517 0.138655 0.140279 0.140507 0.142808 0.141210 0.145959 0.138977 0.143341 0.149270 0.140656
0.000737 0.003568 0.005587 0.006433 0.009038 0.011537 0.014556 0.017696 0.021258 0.025113 0.029359 0.033879 0.038690 0.043719 0.048900 0.054176 0.059465 0.064759 0.070024 0.075166 0.080667 0.084979 0.089644 0.094133 0.098378 0.102363 0.106163 0.109740 0.113072 0.116213 0.119160 0.121835 0.124349 0.126709 0.128834 0.130808 0.132571 0.134237 0.135633 0.137006 0.137999 0.139111 0.139495 0.140716 0.139653 0.142373 0.137035 0.142087 0.134046 0.141154
0.000555 0.003192 0.006324 0.008885 0.008978 0.011569 0.014585 0.017783 0.021343 0.025213 0.029437 0.033943 0.038753 0.043753 0.048973 0.054262 0.059538 0.064841 0.070085 0.075212 0.080166 0.085065 0.089708 0.094162 0.098397 0.102410 0.106242 0.109788 0.113151 0.116290 0.119224 0.121921 0.124436 0.126778 0.128898 0.130907 0.132648 0.134319 0.135715 0.137164 0.138214 0.139394 0.139888 0.141355 0.140959 0.143069 0.142519 0.142361 0.135368 0.133671
0.000345 0.002594 0.006501 0.008788 0.011470 0.015077 0.018598 0.022177 0.025379 0.028963 0.035539 0.040232 0.045763 0.050372 0.050388 0.060930 0.060882 0.065805 0.077747 0.073397 0.081002 0.092467 0.090295 0.098741 0.103542 0.110724 0.106540 0.110022 0.113329 0.116424 0.128557 0.130842 0.124557 0.136462 0.139043 0.140339 0.140258 0.141893 0.144394 0.145403 0.146952 0.147380 0.148943 0.150629 0.150421 0.140767 0.144035 0.147159 0.156492 0.150153
0.000099 0.003965 0.003760 0.005882 0.010674 0.013635 0.014036 0.018042 0.023145 0.027059 0.034153 0.031029 0.033702 0.045297 0.040353 0.051581 0.057828 0.091843 0.069809 0.078198 0.082451 0.075335 0.086522 0.088078 0.100423 0.104356 0.108059 0.111626 0.114837 0.118080 0.097339 0.144249 0.124208 0.129020 0.133580 0.126841 0.125520 0.134504 0.120916 0.126442 0.129530 0.134951 0.142797 0.118860 0.136116 0.141486 0.137032 0.127660 0.154772 0.125436
