0.537235 0.519257 0.458117 0.483690 0.520047 0.520154 0.497924 0.499945 0.502512 0.510606 0.513676 0.507941 0.504499 0.402191 0.504586 0.513901 0.515585 0.515656 0.514761 0.509820 0.515690 0.515961 0.509981 0.510005 0.493552 0.506911 0.510282 0.513837 0.502883 0.490842 0.493519 0.417112 0.494883 0.515168 0.510007 0.508086 0.425879 0.513616 0.511470 0.520600 0.515503 0.497336 0.511155 0.512171 0.512863 0.510192 0.507163 0.451271 0.285416 0.504068
0.544912 0.453554 0.444932 0.490428 0.532815 0.518656 0.522499 0.519499 0.519804 0.517539 0.515209 0.512317 0.495983 0.494428 0.494722 0.497618 0.498180 0.498778 0.499482 0.497479 0.498516 0.499718 0.516178 0.517781 0.519388 0.504562 0.510572 0.506175 0.507405 0.508970 0.519196 0.519567 0.520803 0.521782 0.523589 0.528505 0.542581 0.548961 0.548203 0.553936 0.548808 0.554581 0.566477 0.550195 0.549570 0.520820 0.509752 0.468345 0.495668 0.565563
0.484405 0.467559 0.456039 0.442524 0.454573 0.431182 0.436536 0.438984 0.440406 0.442388 0.445808 0.447262 0.450137 0.452715 0.455550 0.458576 0.461647 0.465145 0.468814 0.472647 0.476613 0.480640 0.484670 0.488647 0.492484 0.496107 0.499407 0.502484 0.505058 0.507207 0.509045 0.510552 0.511892 0.512543 0.513292 0.512693 0.513892 0.512962 0.513467 0.512167 0.515443 0.516105 0.529534 0.533944 0.540410 0.530450 0.485066 0.547112 0.531965 0.596206
0.454203 0.445379 0.463411 0.421819 0.441072 0.459710 0.440069 0.432396 0.433938 0.435259 0.437255 0.439640 0.441686 0.444027 0.446417 0.449194 0.452131 0.455380 0.458946 0.462835 0.466945 0.471162 0.475417 0.479637 0.483807 0.487785 0.491423 0.494845 0.497598 0.499928 0.502077 0.503543 0.504819 0.505096 0.505729 0.505149 0.506372 0.505254 0.505621 0.505539 0.505810 0.505348 0.498076 0.501470 0.494855 0.510850 0.498425 0.535577 0.566160 0.599402
0.504742 0.420329 0.443149 0.448784 0.462686 0.473093 0.470636 0.468149 0.468835 0.469430 0.470721 0.472238 0.474251 0.476737 0.479747 0.483190 0.487075 0.491374 0.496028 0.501016 0.506230 0.511646 0.517156 0.522700 0.528123 0.533324 0.538133 0.542581 0.546427 0.549981 0.553393 0.556258 0.559171 0.561697 0.563840 0.565678 0.566959 0.567676 0.567457 0.568397 0.565662 0.568355 0.549014 0.567663 0.530905 0.561681 0.522736 0.551022 0.574548 0.575301
0.457917 0.413916 0.410729 0.405168 0.432231 0.426698 0.414934 0.414370 0.412133 0.412801 0.415501 0.418905 0.422744 0.426964 0.431521 0.436534 0.441951 0.447844 0.454152 0.460891 0.467964 0.475277 0.482658 0.490018 0.497185 0.504020 0.510358 0.516085 0.521035 0.525254 0.528751 0.531434 0.533548 0.534848 0.535857 0.536092 0.536421 0.535994 0.535721 0.535449 0.534843 0.534853 0.531271 0.534490 0.527668 0.537085 0.529744 0.548625 0.602870 0.538969
0.473214 0.396547 0.410402 0.410715 0.420473 0.422621 0.397935 0.422950 0.392215 0.398037 0.399985 0.404035 0.408607 0.413446 0.419415 0.425959 0.433521 0.442025 0.451007 0.460806 0.471060 0.481745 0.492584 0.503443 0.513925 0.523956 0.533246 0.541652 0.549030 0.555273 0.560485 0.564606 0.567846 0.569973 0.571556 0.572046 0.572435 0.571818 0.570979 0.570557 0.567730 0.568519 0.560740 0.561619 0.560133 0.571862 0.554411 0.569093 0.605565 0.649874
0.457229 0.383412 0.387001 0.390116 0.399514 0.389228 0.391546 0.388703 0.391050 0.392668 0.395884 0.400073 0.404813 0.410239 0.416374 0.423254 0.430896 0.439330 0.448487 0.458362 0.468785 0.479712 0.492642 0.502041 0.512892 0.523249 0.532778 0.541364 0.548821 0.555122 0.560255 0.564234 0.567212 0.569217 0.570501 0.571053 0.571181 0.570924 0.570371 0.570269 0.568968 0.569685 0.565783 0.564739 0.561889 0.555720 0.563872 0.568557 0.617467 0.621423
0.438215 0.367483 0.374223 0.375841 0.379493 0.379109 0.381151 0.382594 0.385309 0.388268 0.392091 0.396489 0.401633 0.407576 0.414394 0.422144 0.430856 0.440580 0.451232 0.462839 0.475146 0.488145 0.503184 0.514708 0.527627 0.539988 0.551298 0.561457 0.570219 0.577585 0.583557 0.588206 0.591665 0.594018 0.595468 0.596098 0.596109 0.595642 0.594625 0.593750 0.591408 0.591146 0.586405 0.588120 0.580176 0.578702 0.576257 0.579076 0.613252 0.572868
0.330221 0.351823 0.355660 0.356104 0.359285 0.358217 0.360219 0.360646 0.363382 0.366172 0.370105 0.374806 0.380431 0.386989 0.394577 0.403267 0.413111 0.424205 0.436449 0.449951 0.464340 0.479740 0.496595 0.511450 0.526883 0.541644 0.554986 0.566852 0.576904 0.585183 0.591681 0.596542 0.599930 0.602023 0.603057 0.603199 0.602664 0.601656 0.600178 0.598775 0.596611 0.595423 0.592529 0.591539 0.588827 0.587072 0.585863 0.586922 0.627484 0.612990
0.357971 0.354342 0.339964 0.341864 0.342191 0.342765 0.344892 0.346671 0.349594 0.352866 0.357070 0.362068 0.368058 0.375104 0.383330 0.392861 0.403757 0.416195 0.430029 0.445532 0.462134 0.480233 0.499387 0.517778 0.536061 0.553583 0.569220 0.582979 0.594396 0.603604 0.610605 0.615637 0.618929 0.620745 0.621364 0.621018 0.619939 0.618351 0.616284 0.614198 0.611479 0.609554 0.606225 0.604965 0.601328 0.600422 0.597732 0.598566 0.631103 0.608888
0.376809 0.335850 0.321555 0.323250 0.323307 0.323882 0.325809 0.327495 0.330307 0.333594 0.337852 0.343009 0.349258 0.356705 0.365492 0.375804 0.387703 0.401514 0.417018 0.434765 0.453875 0.475187 0.497538 0.519792 0.541535 0.562372 0.580637 0.596478 0.609266 0.619286 0.626563 0.631491 0.634372 0.635583 0.635468 0.634330 0.632441 0.630060 0.627287 0.624493 0.621355 0.618762 0.615515 0.613502 0.610494 0.609242 0.607004 0.607614 0.644013 0.617372
0.297195 0.305092 0.303872 0.305447 0.305321 0.306219 0.308030 0.309931 0.312691 0.316024 0.320287 0.325506 0.331885 0.339576 0.348745 0.359664 0.372388 0.387443 0.404468 0.424519 0.446165 0.471212 0.497029 0.524320 0.550291 0.575277 0.596676 0.614906 0.629106 0.639819 0.647134 0.651659 0.653816 0.654124 0.653008 0.650850 0.647964 0.644633 0.640996 0.637373 0.633576 0.630278 0.626611 0.624081 0.620745 0.619238 0.616421 0.617122 0.647758 0.687938
0.282918 0.308459 0.285309 0.286605 0.286442 0.287276 0.288835 0.290602 0.293358 0.296586 0.300781 0.305966 0.312439 0.320234 0.329691 0.341013 0.354429 0.370645 0.389206 0.411773 0.436423 0.465589 0.495669 0.529331 0.561032 0.591478 0.616279 0.636923 0.652160 0.663294 0.670166 0.673902 0.675075 0.673944 0.671541 0.667849 0.663750 0.659046 0.654423 0.649243 0.644696 0.640692 0.636576 0.633564 0.630626 0.628261 0.628424 0.625436 0.624560 0.688282
0.297119 0.288631 0.266728 0.267754 0.267568 0.268313 0.269578 0.271140 0.273370 0.276253 0.280052 0.284884 0.290982 0.298580 0.307865 0.319341 0.332968 0.350021 0.369514 0.394540 0.421524 0.456468 0.491230 0.533662 0.572137 0.608890 0.638507 0.662132 0.678678 0.689602 0.695435 0.697503 0.696622 0.693686 0.689331 0.684095 0.678370 0.672477 0.666592 0.660984 0.655557 0.650803 0.646074 0.642589 0.638582 0.636723 0.633306 0.633998 0.649598 0.644411
0.243619 0.268361 0.247783 0.248487 0.248295 0.248799 0.249675 0.250862 0.252641 0.255061 0.258381 0.262744 0.268398 0.275622 0.284594 0.295971 0.309638 0.327408 0.347928 0.375577 0.406027 0.446958 0.489591 0.541903 0.590803 0.635251 0.670256 0.696187 0.712974 0.722584 0.726203 0.725655 0.722050 0.716487 0.709711 0.702306 0.694677 0.687140 0.679850 0.673058 0.666634 0.661080 0.655663 0.651728 0.647245 0.645249 0.641699 0.642225 0.646473 0.652342
0.237979 0.247661 0.228735 0.229072 0.228878 0.229045 0.229439 0.230110 0.231292 0.233055 0.235690 0.239307 0.244209 0.250632 0.258715 0.269211 0.281779 0.298966 0.318444 0.347502 0.378081 0.426897 0.473578 0.545072 0.608032 0.664470 0.706471 0.735000 0.751399 0.758606 0.758876 0.754622 0.747427 0.738555 0.728853 0.718913 0.709128 0.699780 0.690976 0.682935 0.675468 0.669094 0.662948 0.658595 0.653559 0.651751 0.647241 0.648187 0.660040 0.638559
0.215544 0.227080 0.209612 0.209508 0.209308 0.209038 0.208839 0.208847 0.209275 0.210206 0.211970 0.214680 0.218645 0.224155 0.231223 0.240689 0.252134 0.268583 0.287670 0.317587 0.351943 0.405969 0.469177 0.558463 0.646645 0.715182 0.764855 0.792423 0.805268 0.806589 0.800804 0.790744 0.778416 0.765088 0.751664 0.738615 0.726281 0.714841 0.704338 0.694914 0.686310 0.679064 0.672134 0.667347 0.661683 0.659901 0.654300 0.655177 0.667813 0.693713
0.231638 0.194622 0.190794 0.190523 0.189722 0.188909 0.188004 0.187184 0.186692 0.186534 0.187223 0.188627 0.191379 0.195417 0.200730 0.207935 0.216235 0.229249 0.242984 0.270395 0.296666 0.359288 0.414551 0.553275 0.677822 0.768180 0.827323 0.852987 0.859920 0.852996 0.839154 0.821583 0.803155 0.784825 0.767386 0.751135 0.736218 0.722718 0.710564 0.699813 0.690180 0.682048 0.674464 0.669029 0.663715 0.661588 0.656835 0.659496 0.658883 0.644556
0.193356 0.175981 0.171857 0.171579 0.170228 0.168769 0.167036 0.165232 0.163622 0.162211 0.161558 0.161665 0.162980 0.165843 0.169573 0.174529 0.180126 0.189219 0.199404 0.220138 0.248263 0.301266 0.399912 0.580724 0.776598 0.889540 0.951752 0.960347 0.949471 0.924588 0.896719 0.868141 0.841363 0.816377 0.793928 0.773699 0.755771 0.739924 0.726048 0.713862 0.703177 0.694126 0.685929 0.679978 0.674069 0.672910 0.666811 0.664255 0.674801 0.696583
0.158418 0.165481 0.153234 0.152951 0.151002 0.148793 0.146125 0.143141 0.140279 0.137188 0.135173 0.133102 0.133272 0.134405 0.136310 0.138004 0.138701 0.139896 0.138483 0.145500 0.145104 0.201463 0.221904 0.507203 0.845370 0.997821 1.056794 1.045112 1.012129 0.968811 0.925849 0.884628 0.849792 0.819278 0.792756 0.769882 0.749841 0.732410 0.717176 0.703958 0.692624 0.682870 0.673570 0.666372 0.664259 0.658367 0.656139 0.672755 0.664855 0.639645
0.140646 0.146201 0.135115 0.134826 0.132212 0.129165 0.125403 0.121083 0.116582 0.111736 0.107571 0.104002 0.101977 0.103317 0.104056 0.102711 0.099822 0.093304 0.083097 0.067114 0.060855 0.011839 0.112049 0.589426 1.137332 1.388393 1.372613 1.278938 1.173741 1.085089 1.013736 0.956793 0.911190 0.872179 0.839594 0.811537 0.788362 0.769032 0.752993 0.738892 0.727395 0.717144 0.710012 0.698775 0.695052 0.697669 0.689960 0.663719 0.656839 0.692116
0.123640 0.127247 0.117707 0.117374 0.114101 0.110159 0.105274 0.099393 0.093334 0.085827 0.080229 0.071564 0.070183 0.070745 0.072604 0.070105 0.063805 0.046751 0.026481 -0.029354 -0.067936 -0.213404 -1.105726 -0.821358 2.225318 2.445464 1.721489 1.461806 1.279514 1.152363 1.059587 0.987269 1.008263 0.872728 0.862839 0.795528 0.781005 0.783833 0.784792 0.717887 0.740694 0.729253 0.713681 0.711050 0.705475 0.674472 0.662297 0.681782 0.632020 0.679626
0.115856 0.116545 0.101190 0.100814 0.096855 0.091986 0.085759 0.078212 0.069647 0.059592 0.049879 0.039584 0.032537 0.041935 0.045281 0.040170 0.033136 0.012298 -0.016242 -0.074283 -0.166576 -0.327227 -1.423199 0.000000 0.000000 0.000000 0.000000 0.000000 0.000000 0.000000 0.000000 0.000000 0.000000 0.000000 0.000000 0.000000 0.000000 0.000000 0.000000 0.000000 0.000000 0.000000 0.000000 0.000000 0.000000 0.000000 0.000000 0.000000 0.000000 0.000000
0.105014 0.090901 0.085793 0.085408 0.080807 0.075084 0.067701 0.058491 0.048092 0.034915 0.023913 -0.004635 -0.003094 0.007264 0.022424 0.026691 0.019406 0.005694 -0.015065 -0.057339 -0.123762 -0.207814 -0.343393 0.000000 0.000000 0.000000 0.000000 0.000000 0.000000 0.000000 0.000000 0.000000 0.000000 0.000000 0.000000 0.000000 0.000000 0.000000 0.000000 0.000000 0.000000 0.000000 0.000000 0.000000 0.000000 0.000000 0.000000 0.000000 0.000000 0.000000
0.096879 0.075388 0.071729 0.066521 0.066172 0.059715 0.051073 0.040112 0.026343 0.007916 -0.012318 -0.041344 -0.044002 0.019659 0.012373 0.016562 0.010669 -0.000894 -0.015059 -0.040324 -0.080151 -0.113311 -0.178485 0.000000 0.000000 0.000000 0.000000 0.000000 0.000000 0.000000 0.000000 0.000000 0.000000 0.000000 0.000000 0.000000 0.000000 0.000000 0.000000 0.000000 0.000000 0.000000 0.000000 0.000000 0.000000 0.000000 0.000000 0.000000 0.000000 0.000000
0.066020 0.064255 0.059168 0.058754 0.053259 0.046350 0.036871 0.024815 0.008349 -0.012978 -0.044849 -0.162769 -0.305297 -0.044009 -0.010996 0.027854 0.008288 -0.015045 -0.008719 0.002265 -0.013943 -0.029427 -0.025397 0.000000 0.000000 0.000000 0.000000 0.000000 0.000000 0.000000 0.000000 0.000000 0.000000 0.000000 0.000000 0.000000 0.000000 0.000000 0.000000 0.000000 0.000000 0.000000 0.000000 0.000000 0.000000 0.000000 0.000000 0.000000 0.000000 0.000000
0.054971 0.053143 0.048296 0.047895 0.042378 0.035497 0.026089 0.014313 -0.001450 -0.021366 -0.052079 -0.139399 -0.157168 0.000000 0.000000 0.000000 0.000000 0.000000 0.000000 0.000000 0.000000 0.000000 0.000000 0.000000 0.000000 0.000000 0.000000 0.000000 0.000000 0.000000 0.000000 0.000000 0.000000 0.000000 0.000000 0.000000 0.000000 0.000000 0.000000 0.000000 0.000000 0.000000 0.000000 0.000000 0.000000 0.000000 0.000000 0.000000 0.000000 0.000000
0.042167 0.043510 0.039048 0.038667 0.033359 0.026835 0.017978 0.007188 -0.007019 -0.023618 -0.045996 -0.080049 -0.132301 0.000000 0.000000 0.000000 0.000000 0.000000 0.000000 0.000000 0.000000 0.000000 0.000000 0.000000 0.000000 0.000000 0.000000 0.000000 0.000000 0.000000 0.000000 0.000000 0.000000 0.000000 0.000000 0.000000 0.000000 0.000000 0.000000 0.000000 0.000000 0.000000 0.000000 0.000000 0.000000 0.000000 0.000000 0.000000 0.000000 0.000000
0.044941 0.035366 0.030992 0.026445 0.026119 0.020212 0.012407 0.003095 -0.008422 -0.021324 -0.038065 -0.055748 -0.058006 0.000000 0.000000 0.000000 0.000000 0.000000 0.000000 0.000000 0.000000 0.000000 0.000000 0.000000 0.000000 0.000000 0.000000 0.000000 0.000000 0.000000 0.000000 0.000000 0.000000 0.000000 0.000000 0.000000 0.000000 0.000000 0.000000 0.000000 0.000000 0.000000 0.000000 0.000000 0.000000 0.000000 0.000000 0.000000 0.000000 0.000000
0.030039 0.028546 0.024700 0.020646 0.020354 0.015180 0.008422 0.000660 -0.008783 -0.018609 -0.030160 -0.043113 -0.040837 0.000000 0.000000 0.000000 0.000000 0.000000 0.000000 0.000000 0.000000 0.000000 0.000000 0.000000 0.000000 0.000000 0.000000 0.000000 0.000000 0.000000 0.000000 0.000000 0.000000 0.000000 0.000000 0.000000 0.000000 0.000000 0.000000 0.000000 0.000000 0.000000 0.000000 0.000000 0.000000 0.000000 0.000000 0.000000 0.000000 0.000000
0.024210 0.022911 0.019583 0.016068 0.015816 0.011386 0.005742 -0.000635 -0.007974 -0.015505 -0.023576 -0.031833 -0.028455 0.000000 0.000000 0.000000 0.000000 0.000000 0.000000 0.000000 0.000000 0.000000 0.000000 0.000000 0.000000 0.000000 0.000000 0.000000 0.000000 0.000000 0.000000 0.000000 0.000000 0.000000 0.000000 0.000000 0.000000 0.000000 0.000000 0.000000 0.000000 0.000000 0.000000 0.000000 0.000000 0.000000 0.000000 0.000000 0.000000 0.000000
0.019401 0.018303 0.015484 0.012502 0.012286 0.008586 0.003936 -0.001163 -0.006934 -0.012474 -0.018270 -0.024747 -0.023059 0.000000 0.000000 0.000000 0.000000 0.000000 0.000000 0.000000 0.000000 0.000000 0.000000 0.000000 0.000000 0.000000 0.000000 0.000000 0.000000 0.000000 0.000000 0.000000 0.000000 0.000000 0.000000 0.000000 0.000000 0.000000 0.000000 0.000000 0.000000 0.000000 0.000000 0.000000 0.000000 0.000000 0.000000 0.000000 0.000000 0.000000
0.015485 0.014568 0.012203 0.009704 0.009525 0.006464 0.002685 -0.001408 -0.005852 -0.010168 -0.014227 -0.018805 -0.025581 0.000000 0.000000 0.000000 0.000000 0.000000 0.000000 0.000000 0.000000 0.000000 0.000000 0.000000 0.000000 0.000000 0.000000 0.000000 0.000000 0.000000 0.000000 0.000000 0.000000 0.000000 0.000000 0.000000 0.000000 0.000000 0.000000 0.000000 0.000000 0.000000 0.000000 0.000000 0.000000 0.000000 0.000000 0.000000 0.000000 0.000000
0.012309 0.011557 0.009605 0.007545 0.007397 0.004907 0.001870 -0.001356 -0.004797 -0.008014 -0.011039 -0.014553 -0.013298 0.000000 0.000000 0.000000 0.000000 0.000000 0.000000 0.000000 0.000000 0.000000 0.000000 0.000000 0.000000 0.000000 0.000000 0.000000 0.000000 0.000000 0.000000 0.000000 0.000000 0.000000 0.000000 0.000000 0.000000 0.000000 0.000000 0.000000 0.000000 0.000000 0.000000 0.000000 0.000000 0.000000 0.000000 0.000000 0.000000 0.000000
0.009750 0.009143 0.007542 0.005858 0.005738 0.003722 0.001294 -0.001258 -0.003918 -0.006401 -0.008618 -0.011212 -0.012862 0.000000 0.000000 0.000000 0.000000 0.000000 0.000000 0.000000 0.000000 0.000000 0.000000 0.000000 0.000000 0.000000 0.000000 0.000000 0.000000 0.000000 0.000000 0.000000 0.000000 0.000000 0.000000 0.000000 0.000000 0.000000 0.000000 0.000000 0.000000 0.000000 0.000000 0.000000 0.000000 0.000000 0.000000 0.000000 0.000000 0.000000
0.008801 0.008358 0.005919 0.004555 0.004458 0.002843 0.000914 -0.001086 -0.003143 -0.005034 -0.006700 -0.009761 -0.007814 0.000000 0.000000 0.000000 0.000000 0.000000 0.000000 0.000000 0.000000 0.000000 0.000000 0.000000 0.000000 0.000000 0.000000 0.000000 0.000000 0.000000 0.000000 0.000000 0.000000 0.000000 0.000000 0.000000 0.000000 0.000000 0.000000 0.000000 0.000000 0.000000 0.000000 0.000000 0.000000 0.000000 0.000000 0.000000 0.000000 0.000000
0.006957 0.006588 0.004946 0.003795 0.002493 0.000950 -0.000752 -0.000766 -0.002462 -0.004028 -0.005311 -0.007573 -0.007634 0.000000 0.000000 0.000000 0.000000 0.000000 0.000000 0.000000 0.000000 0.000000 0.000000 0.000000 0.000000 0.000000 0.000000 0.000000 0.000000 0.000000 0.000000 0.000000 0.000000 0.000000 0.000000 0.000000 0.000000 0.000000 0.000000 0.000000 0.000000 0.000000 0.000000 0.000000 0.000000 0.000000 0.000000 0.000000 0.000000 0.000000
0.005475 0.004165 0.003629 0.002751 0.002690 0.001667 0.000463 -0.000764 -0.001999 -0.003116 -0.004072 -0.004689 -0.005056 0.000000 0.000000 0.000000 0.000000 0.000000 0.000000 0.000000 0.000000 0.000000 0.000000 0.000000 0.000000 0.000000 0.000000 0.000000 0.000000 0.000000 0.000000 0.000000 0.000000 0.000000 0.000000 0.000000 0.000000 0.000000 0.000000 0.000000 0.000000 0.000000 0.000000 0.000000 0.000000 0.000000 0.000000 0.000000 0.000000 0.000000
0.004767 0.004063 0.002835 0.002137 0.002089 0.001281 0.000334 -0.000624 -0.001582 -0.002443 -0.003172 -0.004558 -0.003944 0.000000 0.000000 0.000000 0.000000 0.000000 0.000000 0.000000 0.000000 0.000000 0.000000 0.000000 0.000000 0.000000 0.000000 0.000000 0.000000 0.000000 0.000000 0.000000 0.000000 0.000000 0.000000 0.000000 0.000000 0.000000 0.000000 0.000000 0.000000 0.000000 0.000000 0.000000 0.000000 0.000000 0.000000 0.000000 0.000000 0.000000
0.003041 0.003179 0.002209 0.001658 0.001620 0.000985 0.000243 -0.000503 -0.001245 -0.001908 -0.002466 -0.003537 -0.003691 0.000000 0.000000 0.000000 0.000000 0.000000 0.000000 0.000000 0.000000 0.000000 0.000000 0.000000 0.000000 0.000000 0.000000 0.000000 0.000000 0.000000 0.000000 0.000000 0.000000 0.000000 0.000000 0.000000 0.000000 0.000000 0.000000 0.000000 0.000000 0.000000 0.000000 0.000000 0.000000 0.000000 0.000000 0.000000 0.000000 0.000000
0.002636 0.002480 0.001718 0.001283 0.001255 0.000757 0.000178 -0.000402 -0.000975 -0.001486 -0.001914 -0.002739 -0.002473 0.000000 0.000000 0.000000 0.000000 0.000000 0.000000 0.000000 0.000000 0.000000 0.000000 0.000000 0.000000 0.000000 0.000000 0.000000 0.000000 0.000000 0.000000 0.000000 0.000000 0.000000 0.000000 0.000000 0.000000 0.000000 0.000000 0.000000 0.000000 0.000000 0.000000 0.000000 0.000000 0.000000 0.000000 0.000000 0.000000 0.000000
0.001793 0.001924 0.001325 0.000986 0.000965 0.000578 0.000130 -0.000317 -0.000758 -0.001149 -0.001476 -0.002115 -0.002128 0.000000 0.000000 0.000000 0.000000 0.000000 0.000000 0.000000 0.000000 0.000000 0.000000 0.000000 0.000000 0.000000 0.000000 0.000000 0.000000 0.000000 0.000000 0.000000 0.000000 0.000000 0.000000 0.000000 0.000000 0.000000 0.000000 0.000000 0.000000 0.000000 0.000000 0.000000 0.000000 0.000000 0.000000 0.000000 0.000000 0.000000
0.001355 0.001561 0.001041 0.001021 0.000740 0.000441 0.000096 -0.000248 -0.000585 -0.000885 -0.001134 -0.001870 -0.001676 0.000000 0.000000 0.000000 0.000000 0.000000 0.000000 0.000000 0.000000 0.000000 0.000000 0.000000 0.000000 0.000000 0.000000 0.000000 0.000000 0.000000 0.000000 0.000000 0.000000 0.000000 0.000000 0.000000 0.000000 0.000000 0.000000 0.000000 0.000000 0.000000 0.000000 0.000000 0.000000 0.000000 0.000000 0.000000 0.000000 0.000000
0.001216 0.001334 0.000776 0.000764 0.000552 0.000328 0.000069 -0.000188 -0.000441 -0.000664 -0.000852 -0.001232 -0.001304 0.000000 0.000000 0.000000 0.000000 0.000000 0.000000 0.000000 0.000000 0.000000 0.000000 0.000000 0.000000 0.000000 0.000000 0.000000 0.000000 0.000000 0.000000 0.000000 0.000000 0.000000 0.000000 0.000000 0.000000 0.000000 0.000000 0.000000 0.000000 0.000000 0.000000 0.000000 0.000000 0.000000 0.000000 0.000000 0.000000 0.000000
0.000915 0.000829 0.000590 0.000585 0.000413 0.000241 0.000050 -0.000143 -0.000332 -0.000498 -0.000637 -0.000907 -0.000869 0.000000 0.000000 0.000000 0.000000 0.000000 0.000000 0.000000 0.000000 0.000000 0.000000 0.000000 0.000000 0.000000 0.000000 0.000000 0.000000 0.000000 0.000000 0.000000 0.000000 0.000000 0.000000 0.000000 0.000000 0.000000 0.000000 0.000000 0.000000 0.000000 0.000000 0.000000 0.000000 0.000000 0.000000 0.000000 0.000000 0.000000
0.000662 0.000615 0.000570 0.000390 0.000289 0.000165 0.000034 -0.000099 -0.000227 -0.000340 -0.000436 -0.000660 -0.000621 0.000000 0.000000 0.000000 0.000000 0.000000 0.000000 0.000000 0.000000 0.000000 0.000000 0.000000 0.000000 0.000000 0.000000 0.000000 0.000000 0.000000 0.000000 0.000000 0.000000 0.000000 0.000000 0.000000 0.000000 0.000000 0.000000 0.000000 0.000000 0.000000 0.000000 0.000000 0.000000 0.000000 0.000000 0.000000 0.000000 0.000000
0.000419 0.000386 0.000383 0.000274 0.000284 0.000162 0.000033 -0.000094 -0.000219 -0.000330 -0.000425 -0.000417 -0.000520 0.000000 0.000000 0.000000 0.000000 0.000000 0.000000 0.000000 0.000000 0.000000 0.000000 0.000000 0.000000 0.000000 0.000000 0.000000 0.000000 0.000000 0.000000 0.000000 0.000000 0.000000 0.000000 0.000000 0.000000 0.000000 0.000000 0.000000 0.000000 0.000000 0.000000 0.000000 0.000000 0.000000 0.000000 0.000000 0.000000 0.000000
0.000350 0.000311 0.000232 0.000073 0.000048 -0.000017 -0.000123 -0.000150 -0.000170 -0.000112 -0.000177 -0.000257 -0.000334 0.000000 0.000000 0.000000 0.000000 0.000000 0.000000 0.000000 0.000000 0.000000 0.000000 0.000000 0.000000 0.000000 0.000000 0.000000 0.000000 0.000000 0.000000 0.000000 0.000000 0.000000 0.000000 0.000000 0.000000 0.000000 0.000000 0.000000 0.000000 0.000000 0.000000 0.000000 0.000000 0.000000 0.000000 0.000000 0.000000 0.000000
0.000132 0.000020 -0.000009 0.000072 -0.000015 0.000081 0.000061 -0.000003 -0.000022 0.000007 -0.000043 -0.000022 -0.000032 0.000000 0.000000 0.000000 0.000000 0.000000 0.000000 0.000000 0.000000 0.000000 0.000000 0.000000 0.000000 0.000000 0.000000 0.000000 0.000000 0.000000 0.000000 0.000000 0.000000 0.000000 0.000000 0.000000 0.000000 0.000000 0.000000 0.000000 0.000000 0.000000 0.000000 0.000000 0.000000 0.000000 0.000000 0.000000 0.000000 0.000000
