0.017273 -0.007323 -0.000190 0.004831 0.012240 0.027994 0.018446 0.001407 0.028859 0.052903 0.046734 0.051517 0.059788 0.081936 0.051903 0.070284 0.098727 0.101581 0.077325 0.064492 0.082574 0.109697 0.087787 0.088314 0.007845 0.084238 0.070258 0.074712 0.009016 0.095797 0.054027 0.093149 0.048979 0.059007 0.041742 0.046608 0.079949 0.033067 0.050211 0.045371 0.020598 0.003339 -0.012354 0.013289 0.063995 -0.032567 -0.027039 0.001162 0.013893 -0.001216
0.016887 0.003532 0.013476 0.026602 0.061421 0.082000 0.135600 0.094769 0.120492 0.130192 0.142362 0.156557 0.188759 0.198761 0.208813 0.198549 0.207726 0.215673 0.222225 0.243838 0.247174 0.249105 0.231025 0.230686 0.228847 0.242870 0.220756 0.233249 0.226292 0.217864 0.187184 0.174757 0.166791 0.153604 0.141977 0.130865 0.173071 0.162694 0.153267 0.139061 0.081426 0.116639 0.060252 0.096794 0.089241 0.079181 0.013104 0.060066 0.051801 -0.001032
0.008803 0.020381 0.047654 0.055792 0.057989 0.076188 0.084528 0.107080 0.122936 0.139130 0.153172 0.167188 0.179802 0.191406 0.202235 0.212116 0.220994 0.229018 0.235768 0.241191 0.245172 0.247574 0.248467 0.247766 0.245512 0.241785 0.236553 0.230064 0.222579 0.214197 0.205072 0.195374 0.185271 0.175249 0.164692 0.154540 0.143920 0.133573 0.123631 0.112449 0.101451 0.088953 0.075940 0.063354 0.058056 0.056647 0.058185 0.033040 0.009381 -0.005782
0.031512 0.022821 0.060768 0.035394 0.053480 0.072852 0.093817 0.109535 0.123321 0.138789 0.152804 0.166183 0.178903 0.190677 0.201780 0.212143 0.221495 0.229722 0.236631 0.242123 0.246159 0.248665 0.249653 0.249105 0.247028 0.243528 0.238561 0.232219 0.224598 0.215560 0.205961 0.195616 0.184892 0.174130 0.163204 0.152024 0.140548 0.129402 0.117952 0.106267 0.096511 0.087372 0.077220 0.066664 0.059190 0.054056 0.043837 0.012368 0.010160 0.005511
0.018309 0.034575 0.062569 0.056107 0.065652 0.083664 0.100854 0.113130 0.125224 0.139676 0.153202 0.167016 0.180081 0.192538 0.204216 0.214942 0.224578 0.232941 0.239988 0.245599 0.249726 0.252292 0.253262 0.252641 0.250478 0.246849 0.241821 0.235545 0.228141 0.219668 0.210505 0.200598 0.190333 0.179385 0.168248 0.156548 0.144440 0.132523 0.119219 0.107994 0.092989 0.086551 0.066208 0.065698 0.042409 0.037874 0.023240 0.016065 0.001018 -0.023710
-0.001158 0.034798 0.047861 0.040428 0.059293 0.076556 0.096804 0.111256 0.128052 0.142954 0.157729 0.171554 0.184803 0.197331 0.209038 0.219853 0.229602 0.238190 0.245504 0.251406 0.255773 0.258497 0.259535 0.258810 0.256338 0.252248 0.246616 0.239608 0.231372 0.222006 0.211887 0.201084 0.189873 0.178396 0.166825 0.155195 0.143426 0.132104 0.119933 0.109245 0.097100 0.088386 0.075483 0.068611 0.055092 0.046701 0.035302 0.032407 0.002968 -0.015797
0.014579 0.038859 0.049805 0.045480 0.063013 0.086156 0.115267 0.116580 0.130784 0.147278 0.163672 0.178103 0.192897 0.206646 0.219324 0.231531 0.242590 0.252387 0.260912 0.267485 0.272228 0.275027 0.275917 0.274805 0.271735 0.266707 0.259901 0.251515 0.241822 0.231026 0.219469 0.207311 0.194926 0.182213 0.169680 0.157116 0.144711 0.133384 0.120781 0.111949 0.096933 0.089805 0.066397 0.073211 0.053174 0.040939 0.027000 0.027004 0.004355 -0.013957
0.016471 0.038335 0.047186 0.046093 0.062359 0.083700 0.098711 0.117486 0.132455 0.149028 0.164115 0.179051 0.193364 0.207088 0.220058 0.232149 0.243184 0.253007 0.261460 0.268324 0.273452 0.276646 0.276197 0.276832 0.273740 0.268656 0.261715 0.253177 0.243277 0.232282 0.220488 0.208125 0.195451 0.182635 0.169835 0.157183 0.144606 0.132631 0.120260 0.109888 0.096980 0.088973 0.073983 0.061669 0.050418 0.033946 0.031822 0.031422 0.001312 -0.011674
0.017916 0.039255 0.049761 0.047872 0.070134 0.087883 0.104152 0.121522 0.136752 0.153015 0.168298 0.183678 0.198626 0.213098 0.226893 0.239851 0.251779 0.262479 0.271775 0.279373 0.285097 0.288658 0.289061 0.288812 0.285282 0.279498 0.271613 0.261982 0.250882 0.238684 0.225704 0.212243 0.198563 0.184840 0.171234 0.157882 0.144731 0.132139 0.119474 0.108041 0.095761 0.085629 0.074054 0.063188 0.052502 0.038119 0.026477 0.026347 0.028963 -0.008119
0.020931 0.039560 0.049719 0.049859 0.070255 0.087131 0.104988 0.122256 0.139079 0.155935 0.172355 0.188614 0.204474 0.219876 0.234657 0.248642 0.261650 0.273417 0.283762 0.292291 0.298820 0.302917 0.303946 0.303180 0.299082 0.292377 0.283227 0.272137 0.259445 0.245654 0.231134 0.216254 0.201287 0.186460 0.171929 0.157830 0.144148 0.131140 0.118357 0.106671 0.094528 0.084182 0.072420 0.062754 0.051655 0.041181 0.027638 0.027423 -0.000484 -0.007820
0.017123 0.029792 0.051356 0.070872 0.071983 0.089020 0.107371 0.124890 0.142308 0.159725 0.176923 0.194000 0.210810 0.227250 0.243181 0.258392 0.272715 0.285805 0.297501 0.307240 0.314859 0.319709 0.321463 0.320248 0.315451 0.307591 0.296825 0.283896 0.269208 0.253453 0.237056 0.220488 0.204041 0.187968 0.172413 0.157492 0.143191 0.129655 0.116591 0.104470 0.092396 0.081542 0.070178 0.060091 0.049014 0.039265 0.026609 0.026383 0.025429 0.010627
0.020535 0.030561 0.052272 0.071858 0.072945 0.090062 0.109005 0.126951 0.145263 0.163405 0.181555 0.199603 0.217514 0.235156 0.252425 0.269078 0.284991 0.299695 0.313112 0.324414 0.333536 0.339451 0.341906 0.340595 0.334898 0.325545 0.312638 0.297328 0.280080 0.261868 0.243171 0.224580 0.206398 0.188897 0.172204 0.156406 0.141481 0.127486 0.114203 0.101868 0.089879 0.078936 0.067808 0.057873 0.047102 0.037971 0.026520 0.026055 -0.000261 0.010044
-0.007441 0.014398 0.053232 0.073035 0.074196 0.091514 0.110964 0.129372 0.148392 0.167260 0.186329 0.205399 0.224501 0.243479 0.262279 0.280612 0.298442 0.315124 0.330744 0.344085 0.355262 0.362699 0.366136 0.364863 0.358008 0.346681 0.330938 0.312525 0.292006 0.270741 0.249256 0.228293 0.208136 0.189067 0.171164 0.154471 0.138929 0.124508 0.111029 0.098543 0.086667 0.075708 0.064920 0.055075 0.044756 0.035781 0.025156 0.024569 -0.003261 0.011234
0.006905 0.006187 0.053938 0.073977 0.075184 0.092753 0.112699 0.131622 0.151220 0.170702 0.190616 0.210769 0.231215 0.251741 0.272356 0.292642 0.312792 0.331833 0.350321 0.366276 0.380477 0.389834 0.395068 0.394265 0.385784 0.371938 0.352184 0.329733 0.305066 0.280085 0.255286 0.231541 0.209153 0.188354 0.169154 0.151537 0.135414 0.120633 0.107081 0.094455 0.082791 0.071982 0.061617 0.052033 0.042149 0.033748 0.032173 0.021736 0.011725 -0.009406
0.021115 0.007140 0.054562 0.074806 0.076063 0.093891 0.114276 0.133670 0.154095 0.174533 0.195550 0.216863 0.238624 0.260647 0.283061 0.305431 0.328180 0.350037 0.372002 0.391369 0.409390 0.422277 0.429874 0.429850 0.419348 0.401670 0.376724 0.348661 0.318426 0.288590 0.259694 0.232810 0.208001 0.185490 0.165126 0.146787 0.130262 0.115335 0.101805 0.089449 0.078127 0.067602 0.057788 0.048535 0.039486 0.031218 0.022119 0.021461 0.027299 0.003727
0.003306 0.008473 0.055016 0.075386 0.076675 0.094754 0.115517 0.135384 0.156449 0.177667 0.199654 0.222118 0.245266 0.268885 0.293264 0.317821 0.343485 0.368366 0.394718 0.418089 0.442061 0.459434 0.472110 0.474960 0.461034 0.438302 0.405555 0.369891 0.332420 0.296615 0.262901 0.232456 0.205069 0.180828 0.159372 0.140432 0.123675 0.108766 0.095474 0.083435 0.072623 0.062517 0.053417 0.044563 0.036420 0.028438 0.020287 0.019770 0.028042 0.004718
0.021096 0.009730 0.055256 0.075681 0.076993 0.095269 0.116334 0.136632 0.158287 0.180266 0.203225 0.226872 0.251493 0.276830 0.303399 0.330463 0.359637 0.388366 0.420262 0.449550 0.480736 0.505845 0.524626 0.530643 0.512674 0.481129 0.437730 0.391326 0.344792 0.301805 0.262785 0.228691 0.198878 0.173194 0.150984 0.131786 0.115123 0.100528 0.087740 0.076248 0.066160 0.056650 0.048448 0.040147 0.033013 0.025718 0.018196 0.017838 0.025335 0.000523
0.003760 0.010510 0.055220 0.075608 0.076910 0.095319 0.116582 0.137236 0.159389 0.182059 0.205897 0.230626 0.256580 0.283372 0.311822 0.340849 0.373231 0.405028 0.443368 0.477769 0.521244 0.554592 0.589549 0.608334 0.580784 0.536833 0.476145 0.414611 0.355935 0.304051 0.258947 0.221059 0.189066 0.162314 0.139782 0.120748 0.104572 0.090637 0.078646 0.067944 0.058794 0.050018 0.042926 0.035209 0.029572 0.022199 0.016657 0.016325 0.022779 0.026698
0.000876 0.016575 0.053522 0.054863 0.076354 0.094807 0.116148 0.137069 0.159643 0.182955 0.207691 0.233538 0.260960 0.289398 0.319922 0.351346 0.387539 0.423905 0.469403 0.514061 0.569550 0.623842 0.677049 0.705767 0.669543 0.599622 0.515346 0.431594 0.358967 0.297442 0.247101 0.206454 0.173351 0.146538 0.124584 0.106454 0.091383 0.078618 0.067852 0.058260 0.050351 0.042498 0.036750 0.029713 0.025541 0.018408 0.013756 0.014065 0.023796 -0.006339
0.007182 0.016631 0.052700 0.054110 0.075239 0.093609 0.114863 0.135924 0.158732 0.182583 0.207977 0.234773 0.263358 0.292700 0.324304 0.356271 0.394464 0.431577 0.484561 0.531383 0.610543 0.674614 0.763456 0.858576 0.798637 0.686245 0.560376 0.446350 0.355691 0.283330 0.227667 0.185175 0.152403 0.126618 0.106167 0.089688 0.076237 0.065015 0.055721 0.047486 0.040922 0.034154 0.029699 0.024138 0.021878 0.015215 0.013482 0.015045 0.009256 0.025788
0.004826 0.013230 0.051432 0.052918 0.073491 0.091620 0.112612 0.133651 0.156611 0.180882 0.207136 0.234955 0.265151 0.296003 0.328614 0.361894 0.402268 0.443178 0.500519 0.563538 0.653125 0.764404 0.946381 1.069989 0.982633 0.780265 0.587771 0.430923 0.325073 0.246433 0.191872 0.151809 0.122102 0.099506 0.082257 0.068740 0.058120 0.049339 0.042167 0.035705 0.030854 0.025464 0.022460 0.016768 0.018131 0.010726 0.008140 0.014176 0.005710 -0.010446
0.004630 0.013095 0.049662 0.051184 0.071031 0.088735 0.109207 0.130069 0.152759 0.177467 0.203865 0.232880 0.264683 0.295728 0.327846 0.358523 0.396092 0.430850 0.489686 0.537007 0.662411 0.738355 1.062825 1.413322 1.276775 0.882798 0.578208 0.382984 0.264301 0.185718 0.135781 0.103876 0.083511 0.066386 0.054040 0.044385 0.036680 0.030463 0.025612 0.021465 0.018591 0.014313 0.013475 0.009408 0.012857 0.006903 0.010665 0.013685 -0.006468 -0.007124
0.004391 0.012916 0.047373 0.048899 0.067790 0.084815 0.104526 0.124817 0.147238 0.171859 0.199420 0.229392 0.264586 0.298118 0.327950 0.357661 0.392808 0.426486 0.475758 0.531162 0.615682 0.771237 1.180646 2.004424 1.310497 0.869088 0.389070 0.202038 0.122512 0.066302 0.058892 0.030451 0.068224 0.012058 0.010592 0.018220 0.001765 0.007299 0.006611 0.009984 0.000131 -0.001439 0.002492 0.001782 -0.008595 -0.011874 0.003155 0.001541 0.000340 0.000924
0.002631 0.030672 0.044587 0.046053 0.063792 0.079921 0.098439 0.118118 0.139131 0.164380 0.189623 0.223093 0.264157 0.297827 0.326805 0.349301 0.372332 0.392854 0.411937 0.436078 0.421630 0.497624 0.576891 0.000000 0.000000 0.000000 0.000000 0.000000 0.000000 0.000000 0.000000 0.000000 0.000000 0.000000 0.000000 0.000000 0.000000 0.000000 0.000000 0.000000 0.000000 0.000000 0.000000 0.000000 0.000000 0.000000 0.000000 0.000000 0.000000 0.000000
0.006611 0.014850 0.041272 0.042624 0.058959 0.073740 0.090750 0.108663 0.128494 0.151858 0.179533 0.213434 0.265205 0.307219 0.323505 0.342434 0.361127 0.373247 0.383014 0.376376 0.345842 0.291265 0.191344 0.000000 0.000000 0.000000 0.000000 0.000000 0.000000 0.000000 0.000000 0.000000 0.000000 0.000000 0.000000 0.000000 0.000000 0.000000 0.000000 0.000000 0.000000 0.000000 0.000000 0.000000 0.000000 0.000000 0.000000 0.000000 0.000000 0.000000
-0.013127 0.020675 0.037556 0.052607 0.053483 0.066845 0.081838 0.098429 0.115672 0.140240 0.165656 0.217415 0.326448 0.330338 0.342174 0.384005 0.356548 0.359774 0.356772 0.342097 0.294184 0.233049 0.148640 0.000000 0.000000 0.000000 0.000000 0.000000 0.000000 0.000000 0.000000 0.000000 0.000000 0.000000 0.000000 0.000000 0.000000 0.000000 0.000000 0.000000 0.000000 0.000000 0.000000 0.000000 0.000000 0.000000 0.000000 0.000000 0.000000 0.000000
0.003166 0.012457 0.033443 0.034533 0.047374 0.058664 0.071100 0.083803 0.096238 0.111263 0.123713 0.120326 0.086597 0.189963 0.334395 0.425386 0.397390 0.366563 0.361789 0.330323 0.305933 0.204697 0.108105 0.000000 0.000000 0.000000 0.000000 0.000000 0.000000 0.000000 0.000000 0.000000 0.000000 0.000000 0.000000 0.000000 0.000000 0.000000 0.000000 0.000000 0.000000 0.000000 0.000000 0.000000 0.000000 0.000000 0.000000 0.000000 0.000000 0.000000
0.002747 0.011082 0.029211 0.030169 0.041109 0.050479 0.060295 0.069957 0.077955 0.086724 0.089841 0.102343 0.027878 0.000000 0.000000 0.000000 0.000000 0.000000 0.000000 0.000000 0.000000 0.000000 0.000000 0.000000 0.000000 0.000000 0.000000 0.000000 0.000000 0.000000 0.000000 0.000000 0.000000 0.000000 0.000000 0.000000 0.000000 0.000000 0.000000 0.000000 0.000000 0.000000 0.000000 0.000000 0.000000 0.000000 0.000000 0.000000 0.000000 0.000000
0.005915 0.009700 0.025053 0.025874 0.035012 0.042405 0.049922 0.056236 0.060649 0.063156 0.059416 0.018513 0.013550 0.000000 0.000000 0.000000 0.000000 0.000000 0.000000 0.000000 0.000000 0.000000 0.000000 0.000000 0.000000 0.000000 0.000000 0.000000 0.000000 0.000000 0.000000 0.000000 0.000000 0.000000 0.000000 0.000000 0.000000 0.000000 0.000000 0.000000 0.000000 0.000000 0.000000 0.000000 0.000000 0.000000 0.000000 0.000000 0.000000 0.000000
0.002362 0.008326 0.021839 0.028878 0.029316 0.035115 0.040701 0.045050 0.047119 0.047659 0.042589 0.011546 0.000647 0.000000 0.000000 0.000000 0.000000 0.000000 0.000000 0.000000 0.000000 0.000000 0.000000 0.000000 0.000000 0.000000 0.000000 0.000000 0.000000 0.000000 0.000000 0.000000 0.000000 0.000000 0.000000 0.000000 0.000000 0.000000 0.000000 0.000000 0.000000 0.000000 0.000000 0.000000 0.000000 0.000000 0.000000 0.000000 0.000000 0.000000
0.001670 0.007043 0.018208 0.023925 0.024272 0.028702 0.032846 0.035490 0.036320 0.035146 0.029884 0.005252 0.003443 0.000000 0.000000 0.000000 0.000000 0.000000 0.000000 0.000000 0.000000 0.000000 0.000000 0.000000 0.000000 0.000000 0.000000 0.000000 0.000000 0.000000 0.000000 0.000000 0.000000 0.000000 0.000000 0.000000 0.000000 0.000000 0.000000 0.000000 0.000000 0.000000 0.000000 0.000000 0.000000 0.000000 0.000000 0.000000 0.000000 0.000000
0.001380 0.005893 0.014983 0.019559 0.019831 0.023210 0.026201 0.027869 0.027857 0.026390 0.021546 0.004107 -0.003913 0.000000 0.000000 0.000000 0.000000 0.000000 0.000000 0.000000 0.000000 0.000000 0.000000 0.000000 0.000000 0.000000 0.000000 0.000000 0.000000 0.000000 0.000000 0.000000 0.000000 0.000000 0.000000 0.000000 0.000000 0.000000 0.000000 0.000000 0.000000 0.000000 0.000000 0.000000 0.000000 0.000000 0.000000 0.000000 0.000000 0.000000
0.001134 0.004868 0.012237 0.015890 0.016103 0.018661 0.020866 0.021821 0.021539 0.019800 0.016031 0.002282 -0.000816 0.000000 0.000000 0.000000 0.000000 0.000000 0.000000 0.000000 0.000000 0.000000 0.000000 0.000000 0.000000 0.000000 0.000000 0.000000 0.000000 0.000000 0.000000 0.000000 0.000000 0.000000 0.000000 0.000000 0.000000 0.000000 0.000000 0.000000 0.000000 0.000000 0.000000 0.000000 0.000000 0.000000 0.000000 0.000000 0.000000 0.000000
0.000914 0.003981 0.009906 0.012793 0.012959 0.014892 0.016488 0.017032 0.016554 0.015024 0.011859 0.001763 0.004907 0.000000 0.000000 0.000000 0.000000 0.000000 0.000000 0.000000 0.000000 0.000000 0.000000 0.000000 0.000000 0.000000 0.000000 0.000000 0.000000 0.000000 0.000000 0.000000 0.000000 0.000000 0.000000 0.000000 0.000000 0.000000 0.000000 0.000000 0.000000 0.000000 0.000000 0.000000 0.000000 0.000000 0.000000 0.000000 0.000000 0.000000
0.000737 0.003232 0.007977 0.010257 0.010386 0.011851 0.013025 0.013310 0.012825 0.011439 0.009022 0.001164 0.001038 0.000000 0.000000 0.000000 0.000000 0.000000 0.000000 0.000000 0.000000 0.000000 0.000000 0.000000 0.000000 0.000000 0.000000 0.000000 0.000000 0.000000 0.000000 0.000000 0.000000 0.000000 0.000000 0.000000 0.000000 0.000000 0.000000 0.000000 0.000000 0.000000 0.000000 0.000000 0.000000 0.000000 0.000000 0.000000 0.000000 0.000000
0.000593 0.002607 0.006387 0.008179 0.008279 0.009389 0.010249 0.010384 0.009916 0.008762 0.006843 0.000877 0.000632 0.000000 0.000000 0.000000 0.000000 0.000000 0.000000 0.000000 0.000000 0.000000 0.000000 0.000000 0.000000 0.000000 0.000000 0.000000 0.000000 0.000000 0.000000 0.000000 0.000000 0.000000 0.000000 0.000000 0.000000 0.000000 0.000000 0.000000 0.000000 0.000000 0.000000 0.000000 0.000000 0.000000 0.000000 0.000000 0.000000 0.000000
-0.000209 0.003432 0.005094 0.006503 0.006583 0.007426 0.008063 0.008113 0.007698 0.006745 0.005241 0.003286 0.000618 0.000000 0.000000 0.000000 0.000000 0.000000 0.000000 0.000000 0.000000 0.000000 0.000000 0.000000 0.000000 0.000000 0.000000 0.000000 0.000000 0.000000 0.000000 0.000000 0.000000 0.000000 0.000000 0.000000 0.000000 0.000000 0.000000 0.000000 0.000000 0.000000 0.000000 0.000000 0.000000 0.000000 0.000000 0.000000 0.000000 0.000000
-0.000174 0.002731 0.003657 0.004919 0.005721 0.006247 0.006337 0.006342 0.005984 0.005154 0.003940 0.002537 -0.000494 0.000000 0.000000 0.000000 0.000000 0.000000 0.000000 0.000000 0.000000 0.000000 0.000000 0.000000 0.000000 0.000000 0.000000 0.000000 0.000000 0.000000 0.000000 0.000000 0.000000 0.000000 0.000000 0.000000 0.000000 0.000000 0.000000 0.000000 0.000000 0.000000 0.000000 0.000000 0.000000 0.000000 0.000000 0.000000 0.000000 0.000000
-0.000137 0.002460 0.003215 0.004080 0.004129 0.004622 0.004977 0.004957 0.004658 0.004038 0.003113 0.002056 0.000615 0.000000 0.000000 0.000000 0.000000 0.000000 0.000000 0.000000 0.000000 0.000000 0.000000 0.000000 0.000000 0.000000 0.000000 0.000000 0.000000 0.000000 0.000000 0.000000 0.000000 0.000000 0.000000 0.000000 0.000000 0.000000 0.000000 0.000000 0.000000 0.000000 0.000000 0.000000 0.000000 0.000000 0.000000 0.000000 0.000000 0.000000
0.000296 0.001710 0.002548 0.003227 0.003265 0.003644 0.003911 0.003882 0.003635 0.003140 0.002414 0.001522 0.000650 0.000000 0.000000 0.000000 0.000000 0.000000 0.000000 0.000000 0.000000 0.000000 0.000000 0.000000 0.000000 0.000000 0.000000 0.000000 0.000000 0.000000 0.000000 0.000000 0.000000 0.000000 0.000000 0.000000 0.000000 0.000000 0.000000 0.000000 0.000000 0.000000 0.000000 0.000000 0.000000 0.000000 0.000000 0.000000 0.000000 0.000000
0.000316 0.001350 0.002019 0.002551 0.002582 0.002875 0.003078 0.003046 0.002843 0.002450 0.001879 0.001181 0.000102 0.000000 0.000000 0.000000 0.000000 0.000000 0.000000 0.000000 0.000000 0.000000 0.000000 0.000000 0.000000 0.000000 0.000000 0.000000 0.000000 0.000000 0.000000 0.000000 0.000000 0.000000 0.000000 0.000000 0.000000 0.000000 0.000000 0.000000 0.000000 0.000000 0.000000 0.000000 0.000000 0.000000 0.000000 0.000000 0.000000 0.000000
-0.000063 0.001067 0.001602 0.002021 0.002046 0.002273 0.002428 0.002397 0.002233 0.001920 0.001470 0.000919 -0.000066 0.000000 0.000000 0.000000 0.000000 0.000000 0.000000 0.000000 0.000000 0.000000 0.000000 0.000000 0.000000 0.000000 0.000000 0.000000 0.000000 0.000000 0.000000 0.000000 0.000000 0.000000 0.000000 0.000000 0.000000 0.000000 0.000000 0.000000 0.000000 0.000000 0.000000 0.000000 0.000000 0.000000 0.000000 0.000000 0.000000 0.000000
0.000319 0.000844 0.001275 0.001605 0.001625 0.001803 0.001923 0.001894 0.001761 0.001513 0.001156 0.000717 0.000098 0.000000 0.000000 0.000000 0.000000 0.000000 0.000000 0.000000 0.000000 0.000000 0.000000 0.000000 0.000000 0.000000 0.000000 0.000000 0.000000 0.000000 0.000000 0.000000 0.000000 0.000000 0.000000 0.000000 0.000000 0.000000 0.000000 0.000000 0.000000 0.000000 0.000000 0.000000 0.000000 0.000000 0.000000 0.000000 0.000000 0.000000
0.000250 0.000602 0.000993 0.001021 0.001302 0.001442 0.001536 0.001510 0.001403 0.001202 0.000918 0.000145 0.000127 0.000000 0.000000 0.000000 0.000000 0.000000 0.000000 0.000000 0.000000 0.000000 0.000000 0.000000 0.000000 0.000000 0.000000 0.000000 0.000000 0.000000 0.000000 0.000000 0.000000 0.000000 0.000000 0.000000 0.000000 0.000000 0.000000 0.000000 0.000000 0.000000 0.000000 0.000000 0.000000 0.000000 0.000000 0.000000 0.000000 0.000000
0.000041 0.000384 0.000801 0.000825 0.001048 0.001160 0.001235 0.001213 0.001125 0.000964 0.000736 0.000443 0.000093 0.000000 0.000000 0.000000 0.000000 0.000000 0.000000 0.000000 0.000000 0.000000 0.000000 0.000000 0.000000 0.000000 0.000000 0.000000 0.000000 0.000000 0.000000 0.000000 0.000000 0.000000 0.000000 0.000000 0.000000 0.000000 0.000000 0.000000 0.000000 0.000000 0.000000 0.000000 0.000000 0.000000 0.000000 0.000000 0.000000 0.000000
0.000037 0.000425 0.000680 0.000697 0.000868 0.000960 0.001019 0.000999 0.000927 0.000791 0.000604 0.000334 -0.000001 0.000000 0.000000 0.000000 0.000000 0.000000 0.000000 0.000000 0.000000 0.000000 0.000000 0.000000 0.000000 0.000000 0.000000 0.000000 0.000000 0.000000 0.000000 0.000000 0.000000 0.000000 0.000000 0.000000 0.000000 0.000000 0.000000 0.000000 0.000000 0.000000 0.000000 0.000000 0.000000 0.000000 0.000000 0.000000 0.000000 0.000000
0.000119 0.000336 0.000646 0.000568 0.000739 0.000798 0.000849 0.000830 0.000769 0.000659 0.000504 0.000293 -0.000046 0.000000 0.000000 0.000000 0.000000 0.000000 0.000000 0.000000 0.000000 0.000000 0.000000 0.000000 0.000000 0.000000 0.000000 0.000000 0.000000 0.000000 0.000000 0.000000 0.000000 0.000000 0.000000 0.000000 0.000000 0.000000 0.000000 0.000000 0.000000 0.000000 0.000000 0.000000 0.000000 0.000000 0.000000 0.000000 0.000000 0.000000
0.000028 0.000272 0.000553 0.000689 0.000728 0.000791 0.000841 0.000821 0.000763 0.000650 0.000501 0.000193 0.000109 0.000000 0.000000 0.000000 0.000000 0.000000 0.000000 0.000000 0.000000 0.000000 0.000000 0.000000 0.000000 0.000000 0.000000 0.000000 0.000000 0.000000 0.000000 0.000000 0.000000 0.000000 0.000000 0.000000 0.000000 0.000000 0.000000 0.000000 0.000000 0.000000 0.000000 0.000000 0.000000 0.000000 0.000000 0.000000 0.000000 0.000000
-0.000034 0.000231 0.000393 0.000622 0.000658 0.000714 0.000828 0.000749 0.000639 0.000557 0.000390 0.000202 0.000088 0.000000 0.000000 0.000000 0.000000 0.000000 0.000000 0.000000 0.000000 0.000000 0.000000 0.000000 0.000000 0.000000 0.000000 0.000000 0.000000 0.000000 0.000000 0.000000 0.000000 0.000000 0.000000 0.000000 0.000000 0.000000 0.000000 0.000000 0.000000 0.000000 0.000000 0.000000 0.000000 0.000000 0.000000 0.000000 0.000000 0.000000
0.000037 0.000201 0.000337 0.000513 0.000572 0.000634 0.000624 0.000605 0.000481 0.000472 0.000298 0.000156 0.000026 0.000000 0.000000 0.000000 0.000000 0.000000 0.000000 0.000000 0.000000 0.000000 0.000000 0.000000 0.000000 0.000000 0.000000 0.000000 0.000000 0.000000 0.000000 0.000000 0.000000 0.000000 0.000000 0.000000 0.000000 0.000000 0.000000 0.000000 0.000000 0.000000 0.000000 0.000000 0.000000 0.000000 0.000000 0.000000 0.000000 0.000000
