0.538311 0.534825 0.559029 0.454705 0.435481 0.459031 0.501977 0.491289 0.568033 0.493842 0.545406 0.480273 0.488151 0.540844 0.485044 0.500478 0.541798 0.481795 0.456413 0.566627 0.506925 0.506906 0.511935 0.505820 0.504950 0.559950 0.507693 0.507573 0.507454 0.507352 0.507376 0.507352 0.507223 0.507086 0.507153 0.506986 0.507814 0.508490 0.544688 0.509701 0.494344 0.456156 0.508304 0.500444 0.497454 0.475212 0.494705 0.512564 0.540733 0.456267
0.327786 0.396942 0.434072 0.446566 0.463919 0.469033 0.479956 0.489662 0.492054 0.499920 0.505413 0.503025 0.510812 0.515268 0.516058 0.514690 0.520577 0.520795 0.520852 0.523399 0.520056 0.516128 0.503639 0.498076 0.491059 0.502963 0.499966 0.497896 0.495964 0.494422 0.493339 0.492765 0.492853 0.493762 0.495743 0.496426 0.486119 0.484212 0.483864 0.483447 0.464124 0.474791 0.481496 0.482432 0.477227 0.478819 0.467352 0.436947 0.441214 0.372846
0.167700 0.218973 0.287903 0.307304 0.328150 0.358379 0.380681 0.399201 0.414429 0.428054 0.439287 0.449889 0.459411 0.467874 0.475232 0.481243 0.486109 0.489260 0.490588 0.490137 0.487521 0.482181 0.474993 0.465200 0.455190 0.444718 0.435333 0.426990 0.419736 0.413558 0.408325 0.404049 0.400346 0.397204 0.394079 0.389651 0.388140 0.386745 0.366880 0.365559 0.360988 0.369045 0.380675 0.378365 0.377407 0.381024 0.375114 0.394042 0.374930 0.429140
0.080641 0.196237 0.261881 0.278637 0.314970 0.337391 0.364363 0.380708 0.396742 0.409399 0.421672 0.432912 0.441316 0.449454 0.456834 0.462065 0.467595 0.471823 0.472383 0.472406 0.469139 0.462875 0.454708 0.444159 0.434612 0.425765 0.416267 0.407489 0.400074 0.393695 0.388402 0.384080 0.380363 0.377420 0.374687 0.372161 0.370729 0.368784 0.369592 0.367712 0.365684 0.364121 0.369443 0.370461 0.376423 0.374619 0.356855 0.363586 0.374111 0.345246
0.050872 0.096785 0.269277 0.265645 0.309813 0.332583 0.372366 0.387107 0.414557 0.428413 0.445370 0.458880 0.470628 0.481972 0.492204 0.500158 0.508489 0.514182 0.515638 0.516430 0.512723 0.504808 0.494534 0.480301 0.466794 0.452377 0.438784 0.426291 0.415839 0.406882 0.399545 0.393504 0.388620 0.384577 0.381357 0.378745 0.376853 0.375042 0.373493 0.372416 0.369234 0.374142 0.370986 0.369824 0.368665 0.365097 0.352215 0.352100 0.327797 0.319109
0.054311 0.151260 0.203453 0.205883 0.247822 0.276303 0.310697 0.330871 0.356022 0.374753 0.393003 0.410651 0.425946 0.440584 0.454115 0.465666 0.475958 0.483452 0.487244 0.487304 0.482421 0.471110 0.455999 0.434500 0.414394 0.394065 0.376003 0.360112 0.346672 0.335512 0.326340 0.318913 0.312862 0.308015 0.304046 0.300766 0.298354 0.296293 0.294807 0.294812 0.292194 0.295612 0.294172 0.297360 0.296964 0.306370 0.292105 0.299716 0.300792 0.281623
0.026372 0.066329 0.198372 0.197245 0.239022 0.266263 0.306016 0.325822 0.359597 0.379474 0.403310 0.422970 0.441269 0.458885 0.475417 0.490231 0.503531 0.513548 0.519310 0.520720 0.515515 0.501163 0.481629 0.450180 0.424435 0.396834 0.374469 0.354434 0.338414 0.325153 0.314577 0.306119 0.299403 0.294067 0.289850 0.286502 0.283802 0.281726 0.279781 0.278902 0.277099 0.277599 0.276016 0.276101 0.274601 0.275352 0.265880 0.268898 0.249316 0.223026
0.041756 0.116575 0.163348 0.163881 0.202418 0.235305 0.269611 0.295775 0.324226 0.348488 0.372763 0.395152 0.416957 0.438023 0.458373 0.477348 0.494817 0.508916 0.519162 0.521336 0.517082 0.498279 0.471637 0.426485 0.390519 0.355464 0.326537 0.303055 0.284079 0.269377 0.257650 0.248630 0.241507 0.235988 0.231656 0.228303 0.225659 0.223717 0.222115 0.221410 0.220221 0.220792 0.220018 0.221314 0.220430 0.223441 0.220262 0.223185 0.210296 0.202328
0.016735 0.045440 0.152909 0.156907 0.190960 0.223677 0.259571 0.285807 0.318357 0.344019 0.370410 0.395207 0.419957 0.444353 0.468646 0.492217 0.515043 0.533873 0.545779 0.557442 0.555828 0.532250 0.498379 0.424908 0.380528 0.334278 0.302291 0.274860 0.254770 0.238885 0.226926 0.217731 0.210697 0.205260 0.201086 0.197914 0.195266 0.193473 0.191718 0.190777 0.189629 0.189281 0.188300 0.188458 0.186874 0.187911 0.183990 0.185397 0.167094 0.178192
0.013098 0.037846 0.135443 0.136131 0.171407 0.204628 0.236620 0.266294 0.297185 0.324058 0.352052 0.379193 0.406914 0.434929 0.463603 0.492518 0.521208 0.546219 0.572946 0.587983 0.592588 0.568242 0.521510 0.412451 0.349638 0.294915 0.253355 0.224318 0.202277 0.187311 0.175476 0.167203 0.160712 0.155892 0.152222 0.149450 0.147213 0.145464 0.144400 0.143409 0.142755 0.142737 0.142118 0.142491 0.142150 0.142922 0.143222 0.142623 0.126545 0.120577
0.001589 0.092153 0.125754 0.129552 0.162115 0.192570 0.225502 0.255229 0.285624 0.314086 0.343293 0.372555 0.402903 0.434415 0.467656 0.502516 0.538767 0.576028 0.614688 0.644430 0.666493 0.641414 0.577416 0.380766 0.307948 0.239501 0.201450 0.172996 0.154647 0.140600 0.130874 0.123813 0.118629 0.114542 0.111734 0.110001 0.107471 0.107249 0.105097 0.105004 0.104436 0.103732 0.103444 0.103716 0.102760 0.102760 0.101327 0.101175 0.093220 0.099866
0.014931 0.026533 0.113899 0.115385 0.147035 0.178474 0.209316 0.239085 0.269586 0.298550 0.328856 0.359822 0.392495 0.427204 0.464679 0.505302 0.550515 0.599855 0.653077 0.706415 0.753681 0.956218 0.453381 0.317138 0.164632 0.064558 0.049573 0.035374 0.029202 0.023600 0.019438 0.016090 0.013054 0.010804 0.010217 0.008856 0.063512 0.009095 0.005647 0.006046 0.006482 0.006815 0.007647 0.007774 0.010437 0.012002 0.015313 0.019359 0.045715 0.065424
0.013952 0.080946 0.105221 0.108784 0.138057 0.166762 0.196791 0.226378 0.255797 0.285292 0.316069 0.348224 0.382627 0.419982 0.461299 0.508225 0.562083 0.627244 0.709552 0.805867 0.924023 1.747079 0.202548 0.059387 0.037909 0.014986 0.014615 0.023801 0.019854 0.015717 0.011224 0.006046 -0.025942 -0.007846 0.015998 -0.007775 -0.027583 -0.007841 -0.017718 0.013055 0.015781 0.018549 -0.012675 0.021072 0.021056 0.001292 -0.003757 0.003353 0.009244 0.007637
0.028629 0.046375 0.096143 0.097934 0.125584 0.153680 0.183680 0.211749 0.240355 0.269600 0.300413 0.333070 0.368374 0.407193 0.450650 0.500614 0.559535 0.632559 0.723803 0.854663 1.077590 1.622806 -0.917279 0.000000 0.000000 0.000000 0.000000 0.000000 0.000000 0.000000 0.000000 0.000000 0.000000 0.000000 0.000000 0.000000 0.000000 0.000000 0.000000 0.000000 0.000000 0.000000 0.000000 0.000000 0.000000 0.000000 0.000000 0.000000 0.000000 0.000000
0.009136 0.071348 0.088116 0.090673 0.116502 0.142828 0.169893 0.196941 0.224495 0.253056 0.283319 0.315714 0.350874 0.389683 0.432876 0.482651 0.538935 0.608855 0.688265 0.798628 0.923138 1.017838 0.944143 0.000000 0.000000 0.000000 0.000000 0.000000 0.000000 0.000000 0.000000 0.000000 0.000000 0.000000 0.000000 0.000000 0.000000 0.000000 0.000000 0.000000 0.000000 0.000000 0.000000 0.000000 0.000000 0.000000 0.000000 0.000000 0.000000 0.000000
0.025614 0.035919 0.079995 0.081814 0.105094 0.129765 0.155721 0.181129 0.207283 0.234628 0.263829 0.295318 0.329584 0.367362 0.409016 0.456372 0.508733 0.570786 0.635508 0.718185 0.776859 0.848910 0.838438 0.000000 0.000000 0.000000 0.000000 0.000000 0.000000 0.000000 0.000000 0.000000 0.000000 0.000000 0.000000 0.000000 0.000000 0.000000 0.000000 0.000000 0.000000 0.000000 0.000000 0.000000 0.000000 0.000000 0.000000 0.000000 0.000000 0.000000
0.001129 0.031154 0.072042 0.073388 0.096155 0.118867 0.141427 0.164689 0.188829 0.214441 0.242062 0.272070 0.304817 0.340694 0.379928 0.423209 0.470219 0.521944 0.575505 0.632858 0.677144 0.741488 0.759508 0.000000 0.000000 0.000000 0.000000 0.000000 0.000000 0.000000 0.000000 0.000000 0.000000 0.000000 0.000000 0.000000 0.000000 0.000000 0.000000 0.000000 0.000000 0.000000 0.000000 0.000000 0.000000 0.000000 0.000000 0.000000 0.000000 0.000000
0.031909 0.027224 0.064140 0.064543 0.085836 0.106713 0.126334 0.147155 0.168955 0.192383 0.218036 0.246182 0.277081 0.310752 0.347326 0.386605 0.428602 0.472064 0.517551 0.557665 0.595375 0.634067 0.727745 0.000000 0.000000 0.000000 0.000000 0.000000 0.000000 0.000000 0.000000 0.000000 0.000000 0.000000 0.000000 0.000000 0.000000 0.000000 0.000000 0.000000 0.000000 0.000000 0.000000 0.000000 0.000000 0.000000 0.000000 0.000000 0.000000 0.000000
0.006069 0.053267 0.055659 0.056831 0.075500 0.092185 0.110078 0.128093 0.147221 0.167990 0.191349 0.217425 0.246407 0.277808 0.311752 0.347189 0.384908 0.421604 0.460519 0.490409 0.522342 0.548193 0.581058 0.000000 0.000000 0.000000 0.000000 0.000000 0.000000 0.000000 0.000000 0.000000 0.000000 0.000000 0.000000 0.000000 0.000000 0.000000 0.000000 0.000000 0.000000 0.000000 0.000000 0.000000 0.000000 0.000000 0.000000 0.000000 0.000000 0.000000
-0.003678 0.047104 0.047722 0.048137 0.063154 0.078500 0.093401 0.108318 0.124307 0.141719 0.162454 0.186298 0.213461 0.242836 0.274572 0.307035 0.340938 0.372974 0.405730 0.431161 0.454609 0.477198 0.472098 0.000000 0.000000 0.000000 0.000000 0.000000 0.000000 0.000000 0.000000 0.000000 0.000000 0.000000 0.000000 0.000000 0.000000 0.000000 0.000000 0.000000 0.000000 0.000000 0.000000 0.000000 0.000000 0.000000 0.000000 0.000000 0.000000 0.000000
-0.003105 0.043510 0.039382 0.039886 0.054955 0.064956 0.076204 0.086914 0.098597 0.111882 0.129733 0.151619 0.177742 0.205654 0.235886 0.266079 0.297051 0.325558 0.353759 0.375493 0.393678 0.401378 0.442365 0.000000 0.000000 0.000000 0.000000 0.000000 0.000000 0.000000 0.000000 0.000000 0.000000 0.000000 0.000000 0.000000 0.000000 0.000000 0.000000 0.000000 0.000000 0.000000 0.000000 0.000000 0.000000 0.000000 0.000000 0.000000 0.000000 0.000000
-0.012381 0.039012 0.031384 0.031614 0.042021 0.050343 0.058873 0.065633 0.073146 0.079908 0.094088 0.114160 0.139940 0.167180 0.196759 0.225602 0.254555 0.280850 0.305660 0.325343 0.340043 0.358286 0.416548 0.000000 0.000000 0.000000 0.000000 0.000000 0.000000 0.000000 0.000000 0.000000 0.000000 0.000000 0.000000 0.000000 0.000000 0.000000 0.000000 0.000000 0.000000 0.000000 0.000000 0.000000 0.000000 0.000000 0.000000 0.000000 0.000000 0.000000
0.010678 0.036566 0.023470 0.020354 0.034113 0.035919 0.041804 0.041753 0.040951 0.040533 0.050943 0.070106 0.099151 0.126595 0.157221 0.185614 0.213580 0.238422 0.260985 0.279042 0.291509 0.303034 0.296610 0.000000 0.000000 0.000000 0.000000 0.000000 0.000000 0.000000 0.000000 0.000000 0.000000 0.000000 0.000000 0.000000 0.000000 0.000000 0.000000 0.000000 0.000000 0.000000 0.000000 0.000000 0.000000 0.000000 0.000000 0.000000 0.000000 0.000000
0.005357 0.036136 0.016094 0.014723 0.023435 0.024948 0.028063 0.024503 0.019225 -0.001123 -0.000093 0.021814 0.055680 0.085825 0.118419 0.147333 0.175112 0.199211 0.220253 0.237292 0.248010 0.262136 0.213141 0.000000 0.000000 0.000000 0.000000 0.000000 0.000000 0.000000 0.000000 0.000000 0.000000 0.000000 0.000000 0.000000 0.000000 0.000000 0.000000 0.000000 0.000000 0.000000 0.000000 0.000000 0.000000 0.000000 0.000000 0.000000 0.000000 0.000000
-0.007917 0.006824 0.005567 -0.003249 0.018794 0.010771 0.013492 0.000048 -0.027060 -0.057101 -0.059228 -0.041790 0.012110 0.042813 0.081219 0.111183 0.139426 0.163233 0.183326 0.199665 0.209286 0.222372 0.189685 0.000000 0.000000 0.000000 0.000000 0.000000 0.000000 0.000000 0.000000 0.000000 0.000000 0.000000 0.000000 0.000000 0.000000 0.000000 0.000000 0.000000 0.000000 0.000000 0.000000 0.000000 0.000000 0.000000 0.000000 0.000000 0.000000 0.000000
0.003149 0.010912 0.010117 0.009580 0.009834 0.008949 0.000437 -0.005589 -0.050636 -0.102294 -0.166192 -0.100761 -0.036387 0.004173 0.046690 0.079130 0.107749 0.131363 0.150670 0.166372 0.175258 0.186634 0.185403 0.000000 0.000000 0.000000 0.000000 0.000000 0.000000 0.000000 0.000000 0.000000 0.000000 0.000000 0.000000 0.000000 0.000000 0.000000 0.000000 0.000000 0.000000 0.000000 0.000000 0.000000 0.000000 0.000000 0.000000 0.000000 0.000000 0.000000
0.005010 0.012911 0.012493 -0.009679 0.001707 0.026247 0.016949 -0.040998 0.018433 -0.573340 -0.269688 -0.150507 -0.081804 -0.026033 0.017195 0.052096 0.080315 0.103670 0.122110 0.137121 0.145505 0.154485 0.176711 0.000000 0.000000 0.000000 0.000000 0.000000 0.000000 0.000000 0.000000 0.000000 0.000000 0.000000 0.000000 0.000000 0.000000 0.000000 0.000000 0.000000 0.000000 0.000000 0.000000 0.000000 0.000000 0.000000 0.000000 0.000000 0.000000 0.000000
0.000000 0.000000 0.000000 0.000000 0.000000 0.000000 0.000000 0.000000 0.000000 -0.370440 -0.222477 -0.152341 -0.093085 -0.038154 -0.000490 0.033702 0.059047 0.081176 0.098136 0.112157 0.119816 0.128916 0.123257 0.000000 0.000000 0.000000 0.000000 0.000000 0.000000 0.000000 0.000000 0.000000 0.000000 0.000000 0.000000 0.000000 0.000000 0.000000 0.000000 0.000000 0.000000 0.000000 0.000000 0.000000 0.000000 0.000000 0.000000 0.000000 0.000000 0.000000
0.000000 0.000000 0.000000 0.000000 0.000000 0.000000 0.000000 0.000000 0.000000 -0.189002 -0.153538 -0.124566 -0.085570 -0.042088 -0.009303 0.019366 0.043134 0.062715 0.078271 0.091040 0.098116 0.106552 0.144100 0.000000 0.000000 0.000000 0.000000 0.000000 0.000000 0.000000 0.000000 0.000000 0.000000 0.000000 0.000000 0.000000 0.000000 0.000000 0.000000 0.000000 0.000000 0.000000 0.000000 0.000000 0.000000 0.000000 0.000000 0.000000 0.000000 0.000000
0.000000 0.000000 0.000000 0.000000 0.000000 0.000000 0.000000 0.000000 0.000000 -0.152512 -0.118046 -0.098048 -0.073418 -0.038525 -0.014288 0.011676 0.030793 0.048682 0.062045 0.073413 0.079818 0.087038 0.080961 0.000000 0.000000 0.000000 0.000000 0.000000 0.000000 0.000000 0.000000 0.000000 0.000000 0.000000 0.000000 0.000000 0.000000 0.000000 0.000000 0.000000 0.000000 0.000000 0.000000 0.000000 0.000000 0.000000 0.000000 0.000000 0.000000 0.000000
0.000000 0.000000 0.000000 0.000000 0.000000 0.000000 0.000000 0.000000 0.000000 -0.092924 -0.088641 -0.077106 -0.060028 -0.034974 -0.014067 0.005353 0.022785 0.037187 0.049260 0.058979 0.064690 0.069810 0.099212 0.000000 0.000000 0.000000 0.000000 0.000000 0.000000 0.000000 0.000000 0.000000 0.000000 0.000000 0.000000 0.000000 0.000000 0.000000 0.000000 0.000000 0.000000 0.000000 0.000000 0.000000 0.000000 0.000000 0.000000 0.000000 0.000000 0.000000
0.000000 0.000000 0.000000 0.000000 0.000000 0.000000 0.000000 0.000000 0.000000 -0.069440 -0.066708 -0.060791 -0.049155 -0.029819 -0.014636 0.002317 0.015844 0.028746 0.038677 0.047122 0.052247 0.056896 0.046362 0.000000 0.000000 0.000000 0.000000 0.000000 0.000000 0.000000 0.000000 0.000000 0.000000 0.000000 0.000000 0.000000 0.000000 0.000000 0.000000 0.000000 0.000000 0.000000 0.000000 0.000000 0.000000 0.000000 0.000000 0.000000 0.000000 0.000000
0.000000 0.000000 0.000000 0.000000 0.000000 0.000000 0.000000 0.000000 0.000000 -0.082901 -0.051279 -0.047186 -0.038604 -0.024969 -0.012212 0.000146 0.011782 0.021928 0.030637 0.037589 0.042062 0.043065 0.047833 0.000000 0.000000 0.000000 0.000000 0.000000 0.000000 0.000000 0.000000 0.000000 0.000000 0.000000 0.000000 0.000000 0.000000 0.000000 0.000000 0.000000 0.000000 0.000000 0.000000 0.000000 0.000000 0.000000 0.000000 0.000000 0.000000 0.000000
0.000000 0.000000 0.000000 0.000000 0.000000 0.000000 0.000000 0.000000 0.000000 -0.040539 -0.040011 -0.037502 -0.031375 -0.020693 -0.011432 -0.000841 0.008143 0.016871 0.023940 0.029890 0.033839 0.035123 0.035358 0.000000 0.000000 0.000000 0.000000 0.000000 0.000000 0.000000 0.000000 0.000000 0.000000 0.000000 0.000000 0.000000 0.000000 0.000000 0.000000 0.000000 0.000000 0.000000 0.000000 0.000000 0.000000 0.000000 0.000000 0.000000 0.000000 0.000000
0.000000 0.000000 0.000000 0.000000 0.000000 0.000000 0.000000 0.000000 0.000000 -0.031574 -0.031176 -0.029090 -0.024275 -0.016815 -0.009228 -0.001396 0.006034 0.012973 0.018759 0.023854 0.026495 0.030684 0.031168 0.000000 0.000000 0.000000 0.000000 0.000000 0.000000 0.000000 0.000000 0.000000 0.000000 0.000000 0.000000 0.000000 0.000000 0.000000 0.000000 0.000000 0.000000 0.000000 0.000000 0.000000 0.000000 0.000000 0.000000 0.000000 0.000000 0.000000
0.000000 0.000000 0.000000 0.000000 0.000000 0.000000 0.000000 0.000000 0.000000 -0.028083 -0.024477 -0.023129 -0.019740 -0.013744 -0.008123 -0.001642 0.004115 0.009862 0.014343 0.019202 0.020826 0.023980 0.023179 0.000000 0.000000 0.000000 0.000000 0.000000 0.000000 0.000000 0.000000 0.000000 0.000000 0.000000 0.000000 0.000000 0.000000 0.000000 0.000000 0.000000 0.000000 0.000000 0.000000 0.000000 0.000000 0.000000 0.000000 0.000000 0.000000 0.000000
0.000000 0.000000 0.000000 0.000000 0.000000 0.000000 0.000000 0.000000 0.000000 -0.014741 -0.023634 -0.018101 -0.015308 -0.011072 -0.006527 -0.001674 0.002978 0.007538 0.011245 0.014855 0.016850 0.020400 0.022799 0.000000 0.000000 0.000000 0.000000 0.000000 0.000000 0.000000 0.000000 0.000000 0.000000 0.000000 0.000000 0.000000 0.000000 0.000000 0.000000 0.000000 0.000000 0.000000 0.000000 0.000000 0.000000 0.000000 0.000000 0.000000 0.000000 0.000000
0.000000 0.000000 0.000000 0.000000 0.000000 0.000000 0.000000 0.000000 0.000000 -0.015159 -0.017362 -0.014378 -0.012434 -0.008996 -0.005606 -0.001683 0.001898 0.005555 0.008374 0.011505 0.012708 0.017196 0.004459 0.001140 0.000963 0.000178 0.000143 0.000065 0.000053 0.000102 0.000067 0.000036 0.000000 0.000000 0.000000 0.000000 0.000000 0.000000 0.000000 0.000000 0.000000 0.000000 0.000000 0.000000 0.000000 0.000000 0.000000 0.000000 0.000000 0.000000
0.000000 0.000000 0.000000 0.000000 0.000000 0.000000 0.000000 0.000000 0.000000 -0.015015 -0.013637 -0.011357 -0.009780 -0.007259 -0.004546 -0.001596 0.001225 0.004028 0.006194 0.008256 0.009109 0.011626 0.006133 0.003637 0.002169 0.001361 0.000892 0.000628 0.000470 0.000369 0.000226 0.000313 0.000000 0.000000 0.000000 0.000000 0.000000 0.000000 0.000000 0.000000 0.000000 0.000000 0.000000 0.000000 0.000000 0.000000 0.000000 0.000000 0.000000 0.000000
0.000000 0.000000 0.000000 0.000000 0.000000 0.000000 0.000000 0.000000 0.000000 -0.011951 -0.011695 -0.009031 -0.007880 -0.005890 -0.003860 -0.001525 0.000642 0.002780 0.004458 0.005893 0.006464 0.006298 0.005435 0.003432 0.002412 0.001608 0.001169 0.000849 0.000657 0.000533 0.000440 0.000483 0.000000 0.000000 0.000000 0.000000 0.000000 0.000000 0.000000 0.000000 0.000000 0.000000 0.000000 0.000000 0.000000 0.000000 0.000000 0.000000 0.000000 0.000000
0.000000 0.000000 0.000000 0.000000 0.000000 0.000000 0.000000 0.000000 0.000000 -0.008183 -0.009167 -0.007162 -0.006266 -0.004761 -0.003163 -0.001395 0.000291 0.001938 0.003212 0.004318 0.004742 0.004762 0.004093 0.003069 0.002325 0.001725 0.001302 0.001006 0.000797 0.000668 0.000554 0.000361 0.000000 0.000000 0.000000 0.000000 0.000000 0.000000 0.000000 0.000000 0.000000 0.000000 0.000000 0.000000 0.000000 0.000000 0.000000 0.000000 0.000000 0.000000
0.000000 0.000000 0.000000 0.000000 0.000000 0.000000 0.000000 0.000000 0.000000 -0.006705 -0.007517 -0.005679 -0.005005 -0.003864 -0.002648 -0.001275 0.000018 0.001261 0.002267 0.003061 0.003451 0.003501 0.003244 0.002567 0.002117 0.001626 0.001305 0.001036 0.000854 0.000728 0.000688 0.000622 0.000000 0.000000 0.000000 0.000000 0.000000 0.000000 0.000000 0.000000 0.000000 0.000000 0.000000 0.000000 0.000000 0.000000 0.000000 0.000000 0.000000 0.000000
0.000000 0.000000 0.000000 0.000000 0.000000 0.000000 0.000000 0.000000 0.000000 -0.004923 -0.005733 -0.004488 -0.003974 -0.003097 -0.002168 -0.001121 -0.000123 0.000834 0.001601 0.002233 0.002544 0.002642 0.002473 0.002141 0.001810 0.001485 0.001223 0.001011 0.000849 0.000739 0.000745 0.000661 0.000000 0.000000 0.000000 0.000000 0.000000 0.000000 0.000000 0.000000 0.000000 0.000000 0.000000 0.000000 0.000000 0.000000 0.000000 0.000000 0.000000 0.000000
0.000000 0.000000 0.000000 0.000000 0.000000 0.000000 0.000000 0.000000 0.000000 -0.004128 -0.004669 -0.003529 -0.003140 -0.002481 -0.001765 -0.000979 -0.000210 0.000508 0.001109 0.001580 0.001864 0.001972 0.001923 0.001714 0.001518 0.001282 0.001093 0.000927 0.000798 0.000708 0.000728 0.000643 0.000000 0.000000 0.000000 0.000000 0.000000 0.000000 0.000000 0.000000 0.000000 0.000000 0.000000 0.000000 0.000000 0.000000 0.000000 0.000000 0.000000 0.000000
0.000000 0.000000 0.000000 0.000000 0.000000 0.000000 0.000000 0.000000 0.000000 -0.003127 -0.003512 -0.002713 -0.002424 -0.001931 -0.001400 -0.000812 -0.000241 0.000311 0.000763 0.001131 0.001355 0.001462 0.001452 0.001351 0.001219 0.001067 0.000926 0.000807 0.000704 0.000631 0.000666 0.000614 0.000000 0.000000 0.000000 0.000000 0.000000 0.000000 0.000000 0.000000 0.000000 0.000000 0.000000 0.000000 0.000000 0.000000 0.000000 0.000000 0.000000 0.000000
0.000000 0.000000 0.000000 0.000000 0.000000 0.000000 0.000000 0.000000 0.000000 -0.001867 -0.002679 -0.002066 -0.001843 -0.001490 -0.001088 -0.000661 -0.000235 0.000170 0.000513 0.000790 0.000974 0.001071 0.001087 0.001034 0.000956 0.000856 0.000759 0.000672 0.000600 0.000543 0.000569 0.000403 0.000000 0.000000 0.000000 0.000000 0.000000 0.000000 0.000000 0.000000 0.000000 0.000000 0.000000 0.000000 0.000000 0.000000 0.000000 0.000000 0.000000 0.000000
0.000000 0.000000 0.000000 0.000000 0.000000 0.000000 0.000000 0.000000 0.000000 -0.001758 -0.001975 -0.001455 -0.001298 -0.001050 -0.000777 -0.000479 -0.000188 0.000090 0.000327 0.000522 0.000653 0.000732 0.000755 0.000730 0.000685 0.000622 0.000559 0.000503 0.000449 0.000408 0.000508 0.000444 0.000000 0.000000 0.000000 0.000000 0.000000 0.000000 0.000000 0.000000 0.000000 0.000000 0.000000 0.000000 0.000000 0.000000 0.000000 0.000000 0.000000 0.000000
0.000000 0.000000 0.000000 0.000000 0.000000 0.000000 0.000000 0.000000 0.000000 -0.001145 -0.001303 -0.001452 -0.001248 -0.001011 -0.000752 -0.000463 -0.000185 0.000085 0.000315 0.000501 0.000629 0.000705 0.000725 0.000709 0.000663 0.000606 0.000547 0.000486 0.000441 0.000408 0.000317 0.000298 0.000000 0.000000 0.000000 0.000000 0.000000 0.000000 0.000000 0.000000 0.000000 0.000000 0.000000 0.000000 0.000000 0.000000 0.000000 0.000000 0.000000 0.000000
0.000000 0.000000 0.000000 0.000000 0.000000 0.000000 0.000000 0.000000 0.000000 -0.000881 -0.000577 -0.000675 -0.000299 -0.000589 -0.000491 -0.000434 -0.000313 -0.000212 -0.000103 -0.000013 0.000137 0.000178 0.000461 0.000431 0.000393 0.000196 0.000181 0.000170 0.000161 0.000168 0.000184 0.000176 0.000000 0.000000 0.000000 0.000000 0.000000 0.000000 0.000000 0.000000 0.000000 0.000000 0.000000 0.000000 0.000000 0.000000 0.000000 0.000000 0.000000 0.000000
0.000000 0.000000 0.000000 0.000000 0.000000 0.000000 0.000000 0.000000 0.000000 -0.000057 0.000021 -0.000138 0.000042 -0.000199 0.000312 0.000024 -0.000127 -0.000065 0.000091 0.000105 0.000112 0.000112 0.000286 0.000065 0.000364 0.000052 0.000022 0.000028 -0.000020 0.000029 0.000000 0.000083 0.000000 0.000000 0.000000 0.000000 0.000000 0.000000 0.000000 0.000000 0.000000 0.000000 0.000000 0.000000 0.000000 0.000000 0.000000 0.000000 0.000000 0.000000
