-0.461457 -0.412728 -0.063605 -0.012661 -0.626196 -0.010807 -0.296771 -0.322202 -0.306399 -0.301766 -0.043872 -0.214702 -0.220904 -0.030900 -0.213282 -0.011970 -0.029167 -0.211312 -0.266426 -0.262475 -0.291051 -0.290473 -0.243238 -0.316676 -0.309622 -0.265331 -0.314574 -0.304960 -0.293936 -0.281715 -0.268386 -0.254286 -0.239732 -0.224577 -0.209331 -0.193696 -0.175681 -0.175708 -0.120847 -0.130801 -0.355551 -0.055362 -0.087390 -0.048604 -0.001453 -0.018302 -0.004530 -0.012825 -0.036185 -0.006084
-1.628441 -1.448743 -1.314848 -1.299373 -1.193646 -1.155731 -1.110326 -1.101814 -1.048823 -1.043781 -1.003839 -0.988414 -0.989325 -0.979091 -0.970759 -0.964852 -0.960025 -0.955322 -0.953419 -0.951111 -0.948323 -0.943210 -0.930048 -0.925884 -0.908734 -0.890461 -0.868536 -0.843557 -0.815810 -0.785445 -0.753003 -0.718988 -0.683353 -0.646605 -0.609283 -0.571651 -0.536658 -0.498644 -0.460503 -0.420761 -0.361121 -0.323944 -0.322888 -0.240735 -0.192947 -0.202464 -0.154521 -0.074996 -0.074465 -0.048636
-1.440418 -1.406365 -1.236502 -1.193987 -1.191102 -1.132994 -1.097052 -1.059224 -1.031435 -1.005671 -0.985383 -0.967969 -0.954466 -0.943929 -0.936230 -0.931179 -0.928056 -0.926663 -0.926528 -0.926812 -0.926694 -0.924773 -0.920534 -0.912400 -0.899757 -0.882645 -0.861232 -0.836420 -0.808467 -0.778057 -0.745476 -0.711330 -0.675580 -0.638857 -0.601005 -0.562175 -0.523000 -0.483122 -0.442115 -0.401588 -0.364310 -0.321584 -0.279602 -0.237187 -0.197218 -0.156396 -0.151376 -0.117171 -0.075948 -0.047573
-1.342669 -1.394351 -1.180024 -1.209135 -1.172594 -1.121212 -1.088273 -1.052291 -1.025290 -1.001146 -0.981359 -0.963883 -0.950391 -0.939787 -0.931956 -0.927108 -0.924037 -0.922485 -0.922721 -0.923164 -0.923074 -0.921424 -0.917313 -0.909567 -0.897104 -0.879690 -0.858069 -0.833607 -0.805897 -0.775667 -0.743239 -0.709059 -0.673374 -0.636578 -0.598938 -0.560543 -0.521369 -0.481712 -0.445906 -0.406071 -0.366038 -0.326256 -0.280150 -0.240215 -0.197147 -0.153820 -0.109163 -0.127715 -0.057042 0.010256
-1.316682 -1.173247 -1.181409 -1.154429 -1.139912 -1.089166 -1.069647 -1.032040 -1.011824 -0.986807 -0.969171 -0.952261 -0.939754 -0.930006 -0.923494 -0.919645 -0.918892 -0.919734 -0.922264 -0.925886 -0.928922 -0.930260 -0.928728 -0.922488 -0.910394 -0.893238 -0.870678 -0.844773 -0.815511 -0.783753 -0.749945 -0.714487 -0.677796 -0.640142 -0.601725 -0.563064 -0.524015 -0.484401 -0.444774 -0.405193 -0.366103 -0.328907 -0.286499 -0.248169 -0.206486 -0.164536 -0.127340 -0.135274 -0.051973 -0.009219
-1.176502 -1.175452 -1.140827 -1.112221 -1.095498 -1.060314 -1.037056 -1.010168 -0.989054 -0.968726 -0.952449 -0.938259 -0.927471 -0.919451 -0.914396 -0.912589 -0.914027 -0.917490 -0.923666 -0.931132 -0.938846 -0.944137 -0.946406 -0.941289 -0.928449 -0.910245 -0.885795 -0.858106 -0.826710 -0.793136 -0.757661 -0.720877 -0.683088 -0.644568 -0.605539 -0.566090 -0.526462 -0.486202 -0.446530 -0.405151 -0.366508 -0.324739 -0.284131 -0.241749 -0.201952 -0.157920 -0.116376 -0.118687 -0.061736 0.002029
-1.183962 -1.074793 -1.091961 -1.063202 -1.067137 -1.023083 -1.014245 -0.981127 -0.969540 -0.946661 -0.934850 -0.920726 -0.911325 -0.904166 -0.900616 -0.900386 -0.904080 -0.910808 -0.921086 -0.933327 -0.947106 -0.958735 -0.966759 -0.964874 -0.951324 -0.931967 -0.905144 -0.874584 -0.840512 -0.804469 -0.766938 -0.728394 -0.689217 -0.649574 -0.609673 -0.569613 -0.529563 -0.489203 -0.449397 -0.408638 -0.369100 -0.328671 -0.288450 -0.247636 -0.207514 -0.165693 -0.120819 -0.122729 -0.059043 0.006977
-1.070374 -1.057319 -1.052445 -1.024892 -1.015247 -0.993076 -0.975074 -0.958592 -0.942793 -0.925872 -0.913214 -0.900216 -0.891546 -0.885330 -0.883078 -0.884632 -0.891019 -0.901982 -0.917070 -0.935371 -0.959560 -0.979592 -0.997915 -0.998960 -0.982196 -0.960327 -0.928314 -0.894314 -0.856178 -0.817177 -0.776897 -0.736249 -0.695340 -0.654340 -0.613340 -0.572381 -0.531511 -0.490589 -0.449937 -0.409026 -0.368407 -0.327584 -0.286389 -0.245488 -0.203929 -0.162810 -0.119700 -0.116453 -0.063584 -0.017998
-1.077703 -0.982809 -1.009367 -0.982633 -0.993801 -0.956526 -0.953624 -0.925467 -0.918290 -0.899879 -0.888950 -0.876789 -0.868730 -0.863055 -0.861580 -0.864233 -0.872774 -0.886376 -0.906430 -0.935709 -0.971002 -1.004910 -1.038421 -1.045497 -1.022566 -0.995972 -0.957603 -0.917101 -0.874271 -0.830948 -0.787713 -0.744550 -0.701872 -0.659439 -0.617374 -0.575626 -0.534163 -0.492777 -0.451734 -0.410664 -0.369757 -0.329045 -0.287984 -0.247482 -0.205914 -0.166342 -0.122340 -0.119597 -0.059644 -0.013913
-1.031120 -0.945132 -0.972646 -0.937317 -0.942705 -0.925277 -0.914922 -0.901004 -0.889227 -0.873865 -0.862177 -0.850552 -0.842299 -0.836544 -0.835133 -0.838068 -0.848176 -0.863892 -0.894104 -0.931742 -0.985254 -1.038805 -1.102340 -1.107112 -1.073437 -1.038748 -0.988225 -0.942015 -0.892231 -0.845123 -0.798144 -0.752558 -0.707874 -0.664004 -0.620727 -0.578232 -0.535978 -0.494157 -0.452652 -0.411136 -0.369918 -0.328932 -0.287269 -0.246931 -0.204101 -0.165572 -0.118826 -0.116435 -0.059017 -0.023462
-0.960118 -0.932656 -0.935720 -0.912916 -0.922697 -0.893021 -0.889679 -0.870586 -0.860942 -0.845421 -0.833842 -0.821943 -0.813023 -0.806399 -0.804016 -0.806163 -0.815799 -0.834396 -0.868257 -0.915668 -0.987847 -1.079302 -1.191574 -1.212051 -1.146202 -1.093384 -1.028786 -0.968080 -0.911314 -0.857792 -0.807891 -0.759362 -0.713216 -0.667948 -0.623826 -0.580622 -0.538147 -0.495579 -0.453760 -0.412314 -0.370407 -0.329688 -0.288288 -0.247541 -0.205397 -0.166468 -0.122572 -0.120136 -0.044965 -0.004015
-0.954827 -0.876009 -0.902839 -0.869621 -0.877818 -0.862123 -0.856189 -0.842103 -0.830946 -0.816136 -0.803635 -0.790869 -0.780377 -0.771730 -0.766928 -0.765633 -0.773701 -0.788804 -0.826828 -0.881035 -0.992968 -1.210979 -1.580524 -1.561592 -1.338627 -1.137472 -1.057389 -0.989823 -0.934575 -0.877499 -0.824408 -0.770669 -0.720692 -0.677999 -0.633100 -0.585840 -0.575991 -0.539822 -0.496092 -0.455148 -0.411966 -0.369082 -0.326168 -0.282626 -0.241100 -0.199258 -0.155431 -0.109709 -0.050893 -0.006067
-0.872904 -0.865896 -0.870964 -0.848686 -0.858755 -0.831964 -0.827533 -0.812902 -0.801505 -0.786126 -0.772556 -0.758284 -0.745625 -0.734166 -0.725588 -0.720112 -0.721527 -0.730086 -0.757660 -0.805090 -0.922429 -1.054648 -2.232218 -1.575768 -1.441515 -1.252348 -1.171015 -1.075344 -1.008913 -0.949274 -0.893893 -0.841224 -0.754402 -0.734324 -0.648321 -0.638347 -0.557630 -0.492305 -0.479828 -0.414374 -0.370693 -0.328293 -0.285803 -0.241039 -0.202142 -0.173394 -0.144968 -0.087911 -0.050501 -0.006168
-0.876485 -0.886225 -0.841777 -0.808812 -0.818237 -0.802945 -0.798443 -0.784103 -0.772032 -0.755823 -0.740667 -0.724266 -0.708565 -0.692965 -0.678487 -0.664398 -0.653212 -0.639958 -0.636722 -0.618133 -0.639718 -0.168506 -0.408639 0.000000 0.000000 0.000000 0.000000 0.000000 0.000000 0.000000 0.000000 0.000000 0.000000 0.000000 0.000000 0.000000 0.000000 0.000000 0.000000 0.000000 0.000000 0.000000 0.000000 0.000000 0.000000 0.000000 0.000000 0.000000 0.000000 0.000000
-0.788430 -0.807055 -0.814357 -0.792029 -0.800874 -0.778327 -0.773070 -0.756720 -0.743686 -0.726046 -0.709065 -0.690286 -0.671449 -0.651766 -0.631753 -0.610068 -0.587897 -0.559197 -0.527859 -0.467621 -0.401655 0.010792 0.040396 0.000000 0.000000 0.000000 0.000000 0.000000 0.000000 0.000000 0.000000 0.000000 0.000000 0.000000 0.000000 0.000000 0.000000 0.000000 0.000000 0.000000 0.000000 0.000000 0.000000 0.000000 0.000000 0.000000 0.000000 0.000000 0.000000 0.000000
-0.816074 -0.829153 -0.789077 -0.755520 -0.765301 -0.750490 -0.745590 -0.729933 -0.715944 -0.696982 -0.677997 -0.656689 -0.634552 -0.610945 -0.585477 -0.557916 -0.525611 -0.488309 -0.437937 -0.371489 -0.283714 -0.085718 -0.005377 0.000000 0.000000 0.000000 0.000000 0.000000 0.000000 0.000000 0.000000 0.000000 0.000000 0.000000 0.000000 0.000000 0.000000 0.000000 0.000000 0.000000 0.000000 0.000000 0.000000 0.000000 0.000000 0.000000 0.000000 0.000000 0.000000 0.000000
-0.796532 -0.805637 -0.765901 -0.737084 -0.747181 -0.728055 -0.722881 -0.705486 -0.690222 -0.669497 -0.648381 -0.624529 -0.599383 -0.572324 -0.542766 -0.510634 -0.472851 -0.429667 -0.373820 -0.306596 -0.219584 -0.082993 -0.029973 0.000000 0.000000 0.000000 0.000000 0.000000 0.000000 0.000000 0.000000 0.000000 0.000000 0.000000 0.000000 0.000000 0.000000 0.000000 0.000000 0.000000 0.000000 0.000000 0.000000 0.000000 0.000000 0.000000 0.000000 0.000000 0.000000 0.000000
-0.768876 -0.784911 -0.745086 -0.712846 -0.724213 -0.706640 -0.700560 -0.682822 -0.666227 -0.643760 -0.620395 -0.593950 -0.565935 -0.535827 -0.502953 -0.467598 -0.426563 -0.381359 -0.325782 -0.261694 -0.190381 -0.059887 -0.021172 0.000000 0.000000 0.000000 0.000000 0.000000 0.000000 0.000000 0.000000 0.000000 0.000000 0.000000 0.000000 0.000000 0.000000 0.000000 0.000000 0.000000 0.000000 0.000000 0.000000 0.000000 0.000000 0.000000 0.000000 0.000000 0.000000 0.000000
-0.769286 -0.725244 -0.726551 -0.706202 -0.714555 -0.690368 -0.683086 -0.663135 -0.645029 -0.620437 -0.594632 -0.565518 -0.534842 -0.502085 -0.466913 -0.429287 -0.387366 -0.340877 -0.288689 -0.225503 -0.169116 -0.051297 0.020337 0.000000 0.000000 0.000000 0.000000 0.000000 0.000000 0.000000 0.000000 0.000000 0.000000 0.000000 0.000000 0.000000 0.000000 0.000000 0.000000 0.000000 0.000000 0.000000 0.000000 0.000000 0.000000 0.000000 0.000000 0.000000 0.000000 0.000000
-0.737564 -0.705064 -0.710545 -0.679932 -0.690404 -0.672763 -0.665526 -0.645898 -0.626425 -0.599697 -0.571046 -0.538953 -0.505608 -0.470492 -0.433559 -0.394568 -0.352450 -0.306118 -0.256835 -0.196966 -0.148548 -0.044227 -0.016438 0.000000 0.000000 0.000000 0.000000 0.000000 0.000000 0.000000 0.000000 0.000000 0.000000 0.000000 0.000000 0.000000 0.000000 0.000000 0.000000 0.000000 0.000000 0.000000 0.000000 0.000000 0.000000 0.000000 0.000000 0.000000 0.000000 0.000000
-0.718391 -0.697002 -0.696931 -0.677707 -0.686206 -0.662557 -0.654516 -0.632561 -0.611778 -0.582439 -0.550193 -0.514563 -0.478325 -0.441003 -0.402768 -0.363021 -0.321537 -0.276061 -0.230160 -0.174099 -0.129827 -0.050698 0.015117 0.000000 0.000000 0.000000 0.000000 0.000000 0.000000 0.000000 0.000000 0.000000 0.000000 0.000000 0.000000 0.000000 0.000000 0.000000 0.000000 0.000000 0.000000 0.000000 0.000000 0.000000 0.000000 0.000000 0.000000 0.000000 0.000000 0.000000
-0.697178 -0.679099 -0.686233 -0.661105 -0.673685 -0.652216 -0.644867 -0.623736 -0.601610 -0.568854 -0.531588 -0.491031 -0.451532 -0.412290 -0.373066 -0.333357 -0.292942 -0.249292 -0.206565 -0.154954 -0.115238 -0.029532 -0.015823 0.000000 0.000000 0.000000 0.000000 0.000000 0.000000 0.000000 0.000000 0.000000 0.000000 0.000000 0.000000 0.000000 0.000000 0.000000 0.000000 0.000000 0.000000 0.000000 0.000000 0.000000 0.000000 0.000000 0.000000 0.000000 0.000000 0.000000
-0.674859 -0.671307 -0.678409 -0.659601 -0.668515 -0.646223 -0.640297 -0.618248 -0.597375 -0.562036 -0.516586 -0.468909 -0.425232 -0.384048 -0.344177 -0.305100 -0.266220 -0.224875 -0.185385 -0.137876 -0.101737 -0.025826 -0.002322 0.000000 0.000000 0.000000 0.000000 0.000000 0.000000 0.000000 0.000000 0.000000 0.000000 0.000000 0.000000 0.000000 0.000000 0.000000 0.000000 0.000000 0.000000 0.000000 0.000000 0.000000 0.000000 0.000000 0.000000 0.000000 0.000000 0.000000
-0.667005 -0.665974 -0.673543 -0.655360 -0.667449 -0.648571 -0.641045 -0.623848 -0.601746 -0.558837 -0.503021 -0.443387 -0.395101 -0.353759 -0.313647 -0.276793 -0.240023 -0.201820 -0.165756 -0.122740 -0.090521 -0.020321 0.000877 0.000000 0.000000 0.000000 0.000000 0.000000 0.000000 0.000000 0.000000 0.000000 0.000000 0.000000 0.000000 0.000000 0.000000 0.000000 0.000000 0.000000 0.000000 0.000000 0.000000 0.000000 0.000000 0.000000 0.000000 0.000000 0.000000 0.000000
-0.672046 -0.646169 -0.665303 -0.650595 -0.659446 -0.641279 -0.636573 -0.621308 -0.610517 -0.577196 -0.488805 -0.415876 -0.361893 -0.321045 -0.281779 -0.248081 -0.214186 -0.179672 -0.147189 -0.108607 -0.079890 -0.016996 -0.008600 0.000000 0.000000 0.000000 0.000000 0.000000 0.000000 0.000000 0.000000 0.000000 0.000000 0.000000 0.000000 0.000000 0.000000 0.000000 0.000000 0.000000 0.000000 0.000000 0.000000 0.000000 0.000000 0.000000 0.000000 0.000000 0.000000 0.000000
-0.677165 -0.662535 -0.670628 -0.675624 -0.672266 -0.665013 -0.649086 -0.654840 -0.661847 -0.465546 -0.403925 -0.386920 -0.307138 -0.283849 -0.245136 -0.217880 -0.187736 -0.157859 -0.129285 -0.095461 -0.070018 -0.015313 -0.018653 0.000000 0.000000 0.000000 0.000000 0.000000 0.000000 0.000000 0.000000 0.000000 0.000000 0.000000 0.000000 0.000000 0.000000 0.000000 0.000000 0.000000 0.000000 0.000000 0.000000 0.000000 0.000000 0.000000 0.000000 0.000000 0.000000 0.000000
-0.702385 -0.718067 -0.730000 -0.641685 -0.727993 -0.702721 -0.671765 -0.649025 -0.530752 -0.190603 -0.240466 -0.295493 -0.246789 -0.235317 -0.206405 -0.186560 -0.161604 -0.136718 -0.112188 -0.082877 -0.060670 -0.012332 0.020602 0.000000 0.000000 0.000000 0.000000 0.000000 0.000000 0.000000 0.000000 0.000000 0.000000 0.000000 0.000000 0.000000 0.000000 0.000000 0.000000 0.000000 0.000000 0.000000 0.000000 0.000000 0.000000 0.000000 0.000000 0.000000 0.000000 0.000000
0.000000 0.000000 0.000000 0.000000 0.000000 0.000000 0.000000 0.000000 0.000000 -0.043001 -0.141685 -0.194310 -0.179833 -0.181531 -0.166853 -0.153508 -0.135713 -0.115834 -0.095879 -0.071154 -0.052208 -0.012498 -0.011935 0.000000 0.000000 0.000000 0.000000 0.000000 0.000000 0.000000 0.000000 0.000000 0.000000 0.000000 0.000000 0.000000 0.000000 0.000000 0.000000 0.000000 0.000000 0.000000 0.000000 0.000000 0.000000 0.000000 0.000000 0.000000 0.000000 0.000000
0.000000 0.000000 0.000000 0.000000 0.000000 0.000000 0.000000 0.000000 0.000000 -0.005484 -0.072332 -0.131032 -0.132796 -0.142872 -0.134020 -0.126993 -0.112788 -0.097599 -0.081113 -0.060429 -0.044360 -0.010963 0.015646 0.000000 0.000000 0.000000 0.000000 0.000000 0.000000 0.000000 0.000000 0.000000 0.000000 0.000000 0.000000 0.000000 0.000000 0.000000 0.000000 0.000000 0.000000 0.000000 0.000000 0.000000 0.000000 0.000000 0.000000 0.000000 0.000000 0.000000
0.000000 0.000000 0.000000 0.000000 0.000000 0.000000 0.000000 0.000000 0.000000 0.000452 -0.051776 -0.087241 -0.096358 -0.106367 -0.105272 -0.100733 -0.092303 -0.080222 -0.067638 -0.050690 -0.037223 -0.009039 -0.008927 0.000000 0.000000 0.000000 0.000000 0.000000 0.000000 0.000000 0.000000 0.000000 0.000000 0.000000 0.000000 0.000000 0.000000 0.000000 0.000000 0.000000 0.000000 0.000000 0.000000 0.000000 0.000000 0.000000 0.000000 0.000000 0.000000 0.000000
0.000000 0.000000 0.000000 0.000000 0.000000 0.000000 0.000000 0.000000 0.000000 -0.003090 -0.034366 -0.063520 -0.072355 -0.083727 -0.083361 -0.082039 -0.074877 -0.066247 -0.055861 -0.042128 -0.030946 -0.005932 0.010307 0.000000 0.000000 0.000000 0.000000 0.000000 0.000000 0.000000 0.000000 0.000000 0.000000 0.000000 0.000000 0.000000 0.000000 0.000000 0.000000 0.000000 0.000000 0.000000 0.000000 0.000000 0.000000 0.000000 0.000000 0.000000 0.000000 0.000000
0.000000 0.000000 0.000000 0.000000 0.000000 0.000000 0.000000 0.000000 0.000000 -0.002440 -0.020312 -0.044572 -0.053491 -0.062732 -0.064949 -0.064376 -0.060509 -0.053544 -0.045919 -0.034642 -0.025614 -0.005434 -0.008304 0.000000 0.000000 0.000000 0.000000 0.000000 0.000000 0.000000 0.000000 0.000000 0.000000 0.000000 0.000000 0.000000 0.000000 0.000000 0.000000 0.000000 0.000000 0.000000 0.000000 0.000000 0.000000 0.000000 0.000000 0.000000 0.000000 0.000000
0.000000 0.000000 0.000000 0.000000 0.000000 0.000000 0.000000 0.000000 0.000000 0.001919 -0.017152 -0.033533 -0.040950 -0.049202 -0.051086 -0.051638 -0.048382 -0.043434 -0.037154 -0.028271 -0.020832 -0.009449 0.000229 0.000000 0.000000 0.000000 0.000000 0.000000 0.000000 0.000000 0.000000 0.000000 0.000000 0.000000 0.000000 0.000000 0.000000 0.000000 0.000000 0.000000 0.000000 0.000000 0.000000 0.000000 0.000000 0.000000 0.000000 0.000000 0.000000 0.000000
0.000000 0.000000 0.000000 0.000000 0.000000 0.000000 0.000000 0.000000 0.000000 -0.002999 -0.010127 -0.024626 -0.030772 -0.037293 -0.039828 -0.040376 -0.038785 -0.034724 -0.030314 -0.022721 -0.017356 -0.004735 -0.003010 0.000000 0.000000 0.000000 0.000000 0.000000 0.000000 0.000000 0.000000 0.000000 0.000000 0.000000 0.000000 0.000000 0.000000 0.000000 0.000000 0.000000 0.000000 0.000000 0.000000 0.000000 0.000000 0.000000 0.000000 0.000000 0.000000 0.000000
0.000000 0.000000 0.000000 0.000000 0.000000 0.000000 0.000000 0.000000 0.000000 -0.000449 -0.007266 -0.018839 -0.023844 -0.029235 -0.031220 -0.032080 -0.030721 -0.027774 -0.024045 -0.018101 -0.013820 -0.003044 -0.000454 0.000000 0.000000 0.000000 0.000000 0.000000 0.000000 0.000000 0.000000 0.000000 0.000000 0.000000 0.000000 0.000000 0.000000 0.000000 0.000000 0.000000 0.000000 0.000000 0.000000 0.000000 0.000000 0.000000 0.000000 0.000000 0.000000 0.000000
0.000000 0.000000 0.000000 0.000000 0.000000 0.000000 0.000000 0.000000 0.000000 0.002725 -0.005413 -0.014279 -0.018167 -0.022406 -0.024406 -0.025092 -0.024434 -0.022021 -0.019270 -0.014536 -0.010769 -0.002262 -0.001733 0.000000 0.000000 0.000000 0.000000 0.000000 0.000000 0.000000 0.000000 0.000000 0.000000 0.000000 0.000000 0.000000 0.000000 0.000000 0.000000 0.000000 0.000000 0.000000 0.000000 0.000000 0.000000 0.000000 0.000000 0.000000 0.000000 0.000000
0.000000 0.000000 0.000000 0.000000 0.000000 0.000000 0.000000 0.000000 0.000000 -0.000153 -0.007404 -0.011019 -0.014157 -0.017596 -0.019122 -0.019847 -0.019230 -0.017455 -0.015049 -0.011293 -0.007658 -0.002804 0.001287 0.000000 0.000000 0.000000 0.000000 0.000000 0.000000 0.000000 0.000000 0.000000 0.000000 0.000000 0.000000 0.000000 0.000000 0.000000 0.000000 0.000000 0.000000 0.000000 0.000000 0.000000 0.000000 0.000000 0.000000 0.000000 0.000000 0.000000
0.000000 0.000000 0.000000 0.000000 0.000000 0.000000 0.000000 0.000000 0.000000 -0.000155 -0.006558 -0.008524 -0.010941 -0.013619 -0.015014 -0.015551 -0.015240 -0.013771 -0.011825 -0.008705 -0.005329 0.001644 0.012221 0.005661 0.005062 0.001982 0.001340 0.001089 0.000601 0.000414 0.000210 0.000005 0.000000 0.000000 0.000000 0.000000 0.000000 0.000000 0.000000 0.000000 0.000000 0.000000 0.000000 0.000000 0.000000 0.000000 0.000000 0.000000 0.000000 0.000000
0.000000 0.000000 0.000000 0.000000 0.000000 0.000000 0.000000 0.000000 0.000000 -0.002898 -0.005102 -0.006652 -0.008551 -0.010750 -0.011797 -0.012343 -0.012016 -0.010983 -0.009278 -0.006920 -0.003753 0.002240 0.005742 0.003332 0.002224 0.001763 0.001195 0.000876 0.000577 0.000396 0.000125 0.000016 0.000000 0.000000 0.000000 0.000000 0.000000 0.000000 0.000000 0.000000 0.000000 0.000000 0.000000 0.000000 0.000000 0.000000 0.000000 0.000000 0.000000 0.000000
0.000000 0.000000 0.000000 0.000000 0.000000 0.000000 0.000000 0.000000 0.000000 -0.002197 -0.003363 -0.005207 -0.006723 -0.008414 -0.009350 -0.009757 -0.009625 -0.008799 -0.007585 -0.005780 -0.003670 -0.001377 0.000697 0.001305 0.001243 0.001092 0.000844 0.000653 0.000445 0.000320 0.000078 -0.000049 0.000000 0.000000 0.000000 0.000000 0.000000 0.000000 0.000000 0.000000 0.000000 0.000000 0.000000 0.000000 0.000000 0.000000 0.000000 0.000000 0.000000 0.000000
0.000000 0.000000 0.000000 0.000000 0.000000 0.000000 0.000000 0.000000 0.000000 -0.000089 -0.002738 -0.004113 -0.005310 -0.006709 -0.007431 -0.007840 -0.007704 -0.007169 -0.006192 -0.004925 -0.003362 -0.001843 -0.000481 0.000267 0.000434 0.000520 0.000444 0.000382 0.000270 0.000202 0.000146 0.000009 0.000000 0.000000 0.000000 0.000000 0.000000 0.000000 0.000000 0.000000 0.000000 0.000000 0.000000 0.000000 0.000000 0.000000 0.000000 0.000000 0.000000 0.000000
0.000000 0.000000 0.000000 0.000000 0.000000 0.000000 0.000000 0.000000 0.000000 -0.001218 -0.001477 -0.003278 -0.004236 -0.005367 -0.005981 -0.006304 -0.006291 -0.005876 -0.005217 -0.004255 -0.003146 -0.002052 -0.001035 -0.000434 -0.000112 0.000074 0.000125 0.000147 0.000117 0.000095 -0.000017 -0.000073 0.000000 0.000000 0.000000 0.000000 0.000000 0.000000 0.000000 0.000000 0.000000 0.000000 0.000000 0.000000 0.000000 0.000000 0.000000 0.000000 0.000000 0.000000
0.000000 0.000000 0.000000 0.000000 0.000000 0.000000 0.000000 0.000000 0.000000 -0.000815 -0.001810 -0.002641 -0.003415 -0.004314 -0.004846 -0.005161 -0.005162 -0.004916 -0.004407 -0.003741 -0.002929 -0.002139 -0.001383 -0.000855 -0.000508 -0.000275 -0.000148 -0.000066 -0.000031 -0.000011 -0.000046 -0.000076 0.000000 0.000000 0.000000 0.000000 0.000000 0.000000 0.000000 0.000000 0.000000 0.000000 0.000000 0.000000 0.000000 0.000000 0.000000 0.000000 0.000000 0.000000
0.000000 0.000000 0.000000 0.000000 0.000000 0.000000 0.000000 0.000000 0.000000 -0.000409 -0.000965 -0.002153 -0.002792 -0.003560 -0.003998 -0.004290 -0.004317 -0.004149 -0.003816 -0.003312 -0.002725 -0.002127 -0.001553 -0.001104 -0.000769 -0.000518 -0.000352 -0.000229 -0.000148 -0.000092 -0.000072 -0.000079 0.000000 0.000000 0.000000 0.000000 0.000000 0.000000 0.000000 0.000000 0.000000 0.000000 0.000000 0.000000 0.000000 0.000000 0.000000 0.000000 0.000000 0.000000
0.000000 0.000000 0.000000 0.000000 0.000000 0.000000 0.000000 0.000000 0.000000 -0.000601 -0.001193 -0.001772 -0.002309 -0.002945 -0.003338 -0.003602 -0.003674 -0.003583 -0.003337 -0.002984 -0.002542 -0.002087 -0.001633 -0.001255 -0.000942 -0.000696 -0.000505 -0.000362 -0.000242 -0.000169 -0.000079 -0.000102 0.000000 0.000000 0.000000 0.000000 0.000000 0.000000 0.000000 0.000000 0.000000 0.000000 0.000000 0.000000 0.000000 0.000000 0.000000 0.000000 0.000000 0.000000
0.000000 0.000000 0.000000 0.000000 0.000000 0.000000 0.000000 0.000000 0.000000 -0.000044 -0.000981 -0.001504 -0.001981 -0.002530 -0.002869 -0.003126 -0.003204 -0.003163 -0.002993 -0.002728 -0.002391 -0.002030 -0.001666 -0.001338 -0.001052 -0.000812 -0.000614 -0.000453 -0.000312 -0.000212 -0.000105 -0.000043 0.000000 0.000000 0.000000 0.000000 0.000000 0.000000 0.000000 0.000000 0.000000 0.000000 0.000000 0.000000 0.000000 0.000000 0.000000 0.000000 0.000000 0.000000
0.000000 0.000000 0.000000 0.000000 0.000000 0.000000 0.000000 0.000000 0.000000 -0.000318 -0.000886 -0.001309 -0.001710 -0.002189 -0.002505 -0.002738 -0.002838 -0.002828 -0.002716 -0.002520 -0.002261 -0.001972 -0.001669 -0.001383 -0.001122 -0.000892 -0.000691 -0.000522 -0.000366 -0.000266 -0.000042 -0.000016 0.000000 0.000000 0.000000 0.000000 0.000000 0.000000 0.000000 0.000000 0.000000 0.000000 0.000000 0.000000 0.000000 0.000000 0.000000 0.000000 0.000000 0.000000
0.000000 0.000000 0.000000 0.000000 0.000000 0.000000 0.000000 0.000000 0.000000 -0.000052 -0.000683 -0.001235 -0.001754 -0.002180 -0.002505 -0.002718 -0.002821 -0.002810 -0.002701 -0.002510 -0.002256 -0.001969 -0.001672 -0.001388 -0.001129 -0.000898 -0.000699 -0.000526 -0.000379 -0.000248 -0.000115 0.000002 0.000000 0.000000 0.000000 0.000000 0.000000 0.000000 0.000000 0.000000 0.000000 0.000000 0.000000 0.000000 0.000000 0.000000 0.000000 0.000000 0.000000 0.000000
0.000000 0.000000 0.000000 0.000000 0.000000 0.000000 0.000000 0.000000 0.000000 -0.000131 -0.000975 -0.001329 -0.001866 -0.002206 -0.002519 -0.002724 -0.002811 -0.002776 -0.002662 -0.002490 -0.002060 -0.001964 -0.001918 -0.001620 -0.001354 -0.000925 -0.000716 -0.000526 -0.000378 -0.000242 -0.000104 -0.000003 0.000000 0.000000 0.000000 0.000000 0.000000 0.000000 0.000000 0.000000 0.000000 0.000000 0.000000 0.000000 0.000000 0.000000 0.000000 0.000000 0.000000 0.000000
0.000000 0.000000 0.000000 0.000000 0.000000 0.000000 0.000000 0.000000 0.000000 -0.000058 -0.000730 -0.001062 -0.001682 -0.001838 -0.001843 -0.002201 -0.002402 -0.002364 -0.002191 -0.002258 -0.002746 -0.001775 -0.001482 -0.001423 -0.001495 -0.000651 -0.000415 -0.000592 -0.000367 -0.000231 -0.000064 -0.000018 0.000000 0.000000 0.000000 0.000000 0.000000 0.000000 0.000000 0.000000 0.000000 0.000000 0.000000 0.000000 0.000000 0.000000 0.000000 0.000000 0.000000 0.000000
