-0.001383 -0.002287 -0.004297 -0.006357 -0.007138 -0.007563 -0.009381 -0.009070 -0.009116 -0.008252 -0.007119 -0.006161 -0.004101 -0.001684 -0.001561 0.000000 0.000000 0.000000 0.000000 0.000000 0.000000 0.000000 0.000000 0.000000 0.000000 0.000000 0.000000 0.000000 0.000000 0.000000 0.000000 0.000000 0.000000 0.000000 0.000000 0.000000 0.000000 0.000000 0.000000 0.000000 0.000000 0.000000 0.000000 0.000000 0.000000 0.000000 0.000000 0.000000 0.000000 0.000000
-0.000375 -0.002591 -0.005312 -0.007144 -0.008843 -0.010188 -0.010627 -0.010268 -0.009976 -0.009102 -0.008346 -0.006269 -0.004951 -0.002868 -0.000606 0.000000 0.000000 0.000000 0.000000 0.000000 0.000000 0.000000 0.000000 0.000000 0.000000 0.000000 0.000000 0.000000 0.000000 0.000000 0.000000 0.000000 0.000000 0.000000 0.000000 0.000000 0.000000 0.000000 0.000000 0.000000 0.000000 0.000000 0.000000 0.000000 0.000000 0.000000 0.000000 0.000000 0.000000 0.000000
0.001110 -0.002950 -0.006271 -0.008085 -0.008464 -0.009645 -0.010866 -0.011342 -0.011479 -0.011007 -0.010024 -0.008469 -0.006470 -0.002576 0.000525 0.000000 0.000000 0.000000 0.000000 0.000000 0.000000 0.000000 0.000000 0.000000 0.000000 0.000000 0.000000 0.000000 0.000000 0.000000 0.000000 0.000000 0.000000 0.000000 0.000000 0.000000 0.000000 0.000000 0.000000 0.000000 0.000000 0.000000 0.000000 0.000000 0.000000 0.000000 0.000000 0.000000 0.000000 0.000000
-0.000472 -0.002691 -0.006902 -0.006425 -0.008518 -0.009735 -0.010919 -0.011449 -0.011576 -0.011111 -0.010087 -0.008588 -0.006493 -0.003564 -0.000874 0.000000 0.000000 0.000000 0.000000 0.000000 0.000000 0.000000 0.000000 0.000000 0.000000 0.000000 0.000000 0.000000 0.000000 0.000000 0.000000 0.000000 0.000000 0.000000 0.000000 0.000000 0.000000 0.000000 0.000000 0.000000 0.000000 0.000000 0.000000 0.000000 0.000000 0.000000 0.000000 0.000000 0.000000 0.000000
0.000667 -0.002841 -0.007271 -0.007426 -0.009586 -0.011147 -0.012489 -0.013191 -0.013398 -0.012936 -0.011822 -0.010074 -0.007683 -0.004169 -0.000728 0.000000 0.000000 0.000000 0.000000 0.000000 0.000000 0.000000 0.000000 0.000000 0.000000 0.000000 0.000000 0.000000 0.000000 0.000000 0.000000 0.000000 0.000000 0.000000 0.000000 0.000000 0.000000 0.000000 0.000000 0.000000 0.000000 0.000000 0.000000 0.000000 0.000000 0.000000 0.000000 0.000000 0.000000 0.000000
-0.000455 -0.003127 -0.008073 -0.008318 -0.010930 -0.012765 -0.014431 -0.015324 -0.015678 -0.015245 -0.014035 -0.012051 -0.009264 -0.001557 0.001472 0.000000 0.000000 0.000000 0.000000 0.000000 0.000000 0.000000 0.000000 0.000000 0.000000 0.000000 0.000000 0.000000 0.000000 0.000000 0.000000 0.000000 0.000000 0.000000 0.000000 0.000000 0.000000 0.000000 0.000000 0.000000 0.000000 0.000000 0.000000 0.000000 0.000000 0.000000 0.000000 0.000000 0.000000 0.000000
-0.000583 -0.004313 -0.009431 -0.009705 -0.012790 -0.015021 -0.017016 -0.018212 -0.018765 -0.018401 -0.017097 -0.014786 -0.011484 -0.007038 0.000676 0.000000 0.000000 0.000000 0.000000 0.000000 0.000000 0.000000 0.000000 0.000000 0.000000 0.000000 0.000000 0.000000 0.000000 0.000000 0.000000 0.000000 0.000000 0.000000 0.000000 0.000000 0.000000 0.000000 0.000000 0.000000 0.000000 0.000000 0.000000 0.000000 0.000000 0.000000 0.000000 0.000000 0.000000 0.000000
-0.000742 -0.007276 -0.010937 -0.011287 -0.014981 -0.017660 -0.020189 -0.021802 -0.022684 -0.022477 -0.021115 -0.018455 -0.014417 -0.002658 -0.003344 0.000000 0.000000 0.000000 0.000000 0.000000 0.000000 0.000000 0.000000 0.000000 0.000000 0.000000 0.000000 0.000000 0.000000 0.000000 0.000000 0.000000 0.000000 0.000000 0.000000 0.000000 0.000000 0.000000 0.000000 0.000000 0.000000 0.000000 0.000000 0.000000 0.000000 0.000000 0.000000 0.000000 0.000000 0.000000
-0.000701 -0.004625 -0.012784 -0.013210 -0.017609 -0.020890 -0.024063 -0.026212 -0.027554 -0.027638 -0.026297 -0.023323 -0.018489 -0.003347 -0.003879 0.000000 0.000000 0.000000 0.000000 0.000000 0.000000 0.000000 0.000000 0.000000 0.000000 0.000000 0.000000 0.000000 0.000000 0.000000 0.000000 0.000000 0.000000 0.000000 0.000000 0.000000 0.000000 0.000000 0.000000 0.000000 0.000000 0.000000 0.000000 0.000000 0.000000 0.000000 0.000000 0.000000 0.000000 0.000000
-0.000762 -0.005367 -0.014938 -0.015441 -0.020699 -0.024754 -0.028773 -0.031723 -0.033802 -0.034391 -0.033296 -0.029969 -0.024047 -0.005802 -0.006421 0.000000 0.000000 0.000000 0.000000 0.000000 0.000000 0.000000 0.000000 0.000000 0.000000 0.000000 0.000000 0.000000 0.000000 0.000000 0.000000 0.000000 0.000000 0.000000 0.000000 0.000000 0.000000 0.000000 0.000000 0.000000 0.000000 0.000000 0.000000 0.000000 0.000000 0.000000 0.000000 0.000000 0.000000 0.000000
0.001320 -0.006659 -0.017325 -0.017914 -0.024145 -0.029085 -0.034100 -0.038008 -0.041023 -0.042491 -0.041898 -0.038629 -0.031843 -0.020662 0.003857 0.000000 0.000000 0.000000 0.000000 0.000000 0.000000 0.000000 0.000000 0.000000 0.000000 0.000000 0.000000 0.000000 0.000000 0.000000 0.000000 0.000000 0.000000 0.000000 0.000000 0.000000 0.000000 0.000000 0.000000 0.000000 0.000000 0.000000 0.000000 0.000000 0.000000 0.000000 0.000000 0.000000 0.000000 0.000000
-0.002483 -0.007673 -0.020025 -0.020731 -0.028094 -0.034199 -0.040604 -0.045926 -0.050611 -0.053418 -0.054125 -0.051224 -0.043412 -0.025213 -0.000403 0.000000 0.000000 0.000000 0.000000 0.000000 0.000000 0.000000 0.000000 0.000000 0.000000 0.000000 0.000000 0.000000 0.000000 0.000000 0.000000 0.000000 0.000000 0.000000 0.000000 0.000000 0.000000 0.000000 0.000000 0.000000 0.000000 0.000000 0.000000 0.000000 0.000000 0.000000 0.000000 0.000000 0.000000 0.000000
0.004993 -0.012653 -0.021047 -0.029187 -0.037403 -0.045299 -0.052970 -0.053965 -0.059742 -0.065045 -0.068892 -0.065478 -0.060822 -0.037511 -0.000553 0.000000 0.000000 0.000000 0.000000 0.000000 0.000000 0.000000 0.000000 0.000000 0.000000 0.000000 0.000000 0.000000 0.000000 0.000000 0.000000 0.000000 0.000000 0.000000 0.000000 0.000000 0.000000 0.000000 0.000000 0.000000 0.000000 0.000000 0.000000 0.000000 0.000000 0.000000 0.000000 0.000000 0.000000 0.000000
0.002591 -0.016101 -0.025784 -0.026754 -0.036529 -0.045442 -0.055019 -0.064455 -0.074070 -0.082406 -0.089558 -0.092745 -0.087282 -0.044938 -0.004246 0.000000 0.000000 0.000000 0.000000 0.000000 0.000000 0.000000 0.000000 0.000000 0.000000 0.000000 0.000000 0.000000 0.000000 0.000000 0.000000 0.000000 0.000000 0.000000 0.000000 0.000000 0.000000 0.000000 0.000000 0.000000 0.000000 0.000000 0.000000 0.000000 0.000000 0.000000 0.000000 0.000000 0.000000 0.000000
0.005158 -0.017997 -0.028520 -0.029585 -0.040624 -0.050836 -0.062013 -0.073827 -0.085082 -0.097203 -0.108006 -0.119327 -0.118816 -0.117300 0.040497 0.000000 0.000000 0.000000 0.000000 0.000000 0.000000 0.000000 0.000000 0.000000 0.000000 0.000000 0.000000 0.000000 0.000000 0.000000 0.000000 0.000000 0.000000 0.000000 0.000000 0.000000 0.000000 0.000000 0.000000 0.000000 0.000000 0.000000 0.000000 0.000000 0.000000 0.000000 0.000000 0.000000 0.000000 0.000000
0.002972 -0.019850 -0.031232 -0.032413 -0.044754 -0.056437 -0.070333 -0.083881 -0.100810 -0.118449 -0.141751 -0.165802 -0.206502 -0.395453 -0.672745 -0.681134 -0.294975 -0.352542 -0.298890 -0.294707 -0.246643 -0.215470 -0.220090 -0.199729 -0.191694 -0.185269 -0.192612 -0.175751 -0.181570 -0.161411 -0.164939 -0.162735 -0.202875 -0.157514 -0.145430 -0.141415 -0.148203 -0.128283 -0.104793 -0.093974 -0.095574 -0.136401 -0.082314 -0.069265 -0.059123 -0.037726 -0.025307 -0.009550 0.018690 -0.012068
0.004537 -0.021368 -0.033255 -0.034505 -0.047873 -0.060523 -0.075622 -0.091129 -0.109584 -0.130882 -0.156621 -0.193234 -0.235666 -0.381309 -0.551770 -0.572971 -0.499730 -0.426759 -0.387627 -0.344842 -0.327696 -0.312137 -0.276183 -0.285050 -0.275894 -0.267893 -0.260394 -0.232308 -0.250295 -0.248975 -0.245770 -0.240610 -0.207001 -0.207282 -0.203386 -0.193103 -0.182734 -0.176583 -0.162448 -0.144656 -0.130282 -0.156798 -0.106679 -0.085204 -0.095669 -0.075384 -0.033602 -0.044648 -0.001307 0.015787
-0.009987 -0.022298 -0.034913 -0.036152 -0.050472 -0.063977 -0.080289 -0.097088 -0.118483 -0.139442 -0.173705 -0.202896 -0.259296 -0.314038 -0.407022 -0.453426 -0.419985 -0.391173 -0.352321 -0.335917 -0.306186 -0.292470 -0.274566 -0.265810 -0.255205 -0.248693 -0.242782 -0.235347 -0.236894 -0.227555 -0.224145 -0.221010 -0.215006 -0.209676 -0.202502 -0.193838 -0.183814 -0.169217 -0.157480 -0.147058 -0.127162 -0.127007 -0.102012 -0.098902 -0.077838 -0.088237 -0.058405 -0.046810 -0.000697 0.001870
0.003799 -0.022308 -0.035725 -0.036924 -0.051692 -0.065390 -0.081809 -0.098857 -0.119246 -0.141495 -0.168623 -0.199908 -0.242333 -0.283872 -0.339298 -0.379287 -0.372245 -0.355068 -0.334199 -0.319076 -0.298032 -0.285972 -0.272532 -0.264479 -0.254509 -0.249042 -0.242628 -0.238912 -0.237670 -0.231417 -0.229279 -0.225489 -0.220273 -0.214976 -0.208092 -0.200081 -0.190926 -0.178767 -0.168784 -0.155149 -0.141489 -0.128278 -0.111640 -0.098260 -0.081200 -0.067571 -0.055899 -0.056826 -0.012322 -0.056347
0.002162 -0.024115 -0.036020 -0.037229 -0.052144 -0.065903 -0.082417 -0.099410 -0.119759 -0.140923 -0.168084 -0.192321 -0.230125 -0.256477 -0.299914 -0.322147 -0.322866 -0.318571 -0.306449 -0.296454 -0.282451 -0.273260 -0.263386 -0.256539 -0.250116 -0.245906 -0.241705 -0.239145 -0.237189 -0.233555 -0.231590 -0.228465 -0.224530 -0.219802 -0.213592 -0.206111 -0.197117 -0.186176 -0.175942 -0.162204 -0.149530 -0.134924 -0.119905 -0.103651 -0.088936 -0.071384 -0.056168 -0.053890 -0.000296 0.011136
-0.001060 -0.025841 -0.035540 -0.036727 -0.051399 -0.064783 -0.080649 -0.096781 -0.115405 -0.134830 -0.157690 -0.180663 -0.206684 -0.232717 -0.258066 -0.279119 -0.283602 -0.284376 -0.278348 -0.273428 -0.264804 -0.259056 -0.252253 -0.247565 -0.243141 -0.240260 -0.237839 -0.236478 -0.235597 -0.234016 -0.233031 -0.231034 -0.228194 -0.224196 -0.218648 -0.211593 -0.202847 -0.192345 -0.180917 -0.167483 -0.153549 -0.138072 -0.122802 -0.105223 -0.089820 -0.070427 -0.055172 -0.049423 -0.015218 -0.017764
0.000940 -0.025967 -0.034619 -0.035733 -0.049995 -0.062868 -0.078045 -0.093324 -0.110702 -0.128536 -0.149088 -0.169088 -0.192083 -0.212032 -0.232220 -0.246676 -0.252826 -0.256142 -0.253832 -0.251884 -0.246928 -0.243730 -0.240001 -0.237209 -0.235150 -0.234044 -0.233640 -0.233807 -0.234411 -0.234758 -0.235135 -0.234601 -0.233064 -0.230073 -0.225309 -0.218626 -0.209904 -0.199368 -0.187302 -0.173609 -0.159006 -0.143016 -0.127067 -0.108811 -0.092313 -0.071866 -0.054385 -0.053202 -0.011866 0.024669
-0.005678 -0.024240 -0.033153 -0.034172 -0.047786 -0.059911 -0.074069 -0.088149 -0.103780 -0.119681 -0.137236 -0.154333 -0.173130 -0.189416 -0.205631 -0.217875 -0.224950 -0.229590 -0.230246 -0.230752 -0.228982 -0.228116 -0.226792 -0.226178 -0.226143 -0.226931 -0.228441 -0.230527 -0.233066 -0.235482 -0.237760 -0.239102 -0.239232 -0.237511 -0.233639 -0.227351 -0.218604 -0.207781 -0.194937 -0.180597 -0.164999 -0.148262 -0.131505 -0.112879 -0.095844 -0.076680 -0.054678 -0.053119 -0.015947 -0.015154
0.002894 -0.023357 -0.031342 -0.032243 -0.045082 -0.056382 -0.069476 -0.082393 -0.096509 -0.110757 -0.126094 -0.140951 -0.156633 -0.170483 -0.183731 -0.194179 -0.201345 -0.206655 -0.209090 -0.211144 -0.211556 -0.212506 -0.213425 -0.214518 -0.216496 -0.219258 -0.222851 -0.227068 -0.231829 -0.236645 -0.241256 -0.244904 -0.247120 -0.247053 -0.244311 -0.238415 -0.229470 -0.217999 -0.204168 -0.188752 -0.171953 -0.154218 -0.136044 -0.117094 -0.097949 -0.079649 -0.057125 -0.056168 -0.016281 -0.002366
0.006016 -0.020770 -0.029123 -0.029889 -0.041884 -0.052263 -0.064189 -0.075861 -0.088398 -0.100982 -0.114189 -0.127029 -0.140170 -0.151997 -0.163178 -0.172434 -0.179519 -0.185142 -0.188825 -0.192058 -0.194196 -0.196702 -0.199326 -0.202261 -0.206092 -0.210834 -0.216560 -0.223142 -0.230491 -0.238126 -0.245696 -0.252246 -0.257165 -0.259168 -0.257813 -0.252202 -0.242719 -0.230246 -0.214971 -0.198104 -0.179740 -0.160682 -0.141092 -0.121248 -0.100891 -0.081859 -0.058838 -0.058475 -0.005820 0.007918
0.003334 -0.019504 -0.026830 -0.027379 -0.038427 -0.047825 -0.058530 -0.068995 -0.080064 -0.091149 -0.102591 -0.113730 -0.124885 -0.135095 -0.144674 -0.152875 -0.159646 -0.165308 -0.169701 -0.173715 -0.177041 -0.180758 -0.184844 -0.189269 -0.194818 -0.201481 -0.209409 -0.218530 -0.228792 -0.239733 -0.250920 -0.261235 -0.269741 -0.274728 -0.275238 -0.269862 -0.259439 -0.245255 -0.227888 -0.208931 -0.188516 -0.167751 -0.146459 -0.125537 -0.103735 -0.084038 -0.060199 -0.059542 -0.018488 -0.017908
-0.010497 -0.016997 -0.024221 -0.024671 -0.034642 -0.043117 -0.052551 -0.061828 -0.071478 -0.081148 -0.090995 -0.100591 -0.110097 -0.118912 -0.127230 -0.134524 -0.140946 -0.146439 -0.151246 -0.155689 -0.159751 -0.164426 -0.169612 -0.175390 -0.182481 -0.191022 -0.201206 -0.213082 -0.226695 -0.241585 -0.257369 -0.272484 -0.285907 -0.294592 -0.297614 -0.291822 -0.279256 -0.262727 -0.242228 -0.220704 -0.197710 -0.174952 -0.151828 -0.129641 -0.106578 -0.086162 -0.061581 -0.060830 -0.019020 0.004593
-0.007279 -0.018655 -0.021620 -0.022016 -0.030628 -0.038277 -0.046331 -0.054487 -0.062759 -0.071119 -0.079503 -0.087712 -0.095784 -0.103337 -0.110538 -0.116947 -0.122901 -0.128083 -0.133034 -0.137774 -0.142232 -0.147607 -0.153909 -0.160331 -0.168684 -0.178800 -0.191084 -0.205689 -0.222868 -0.242331 -0.263672 -0.285469 -0.305566 -0.320873 -0.327508 -0.321102 -0.305417 -0.284333 -0.259559 -0.234005 -0.207731 -0.182364 -0.157146 -0.133495 -0.109161 -0.087999 -0.062737 -0.061874 -0.019174 -0.005047
-0.026299 -0.017237 -0.019148 -0.019486 -0.026604 -0.033473 -0.040082 -0.047068 -0.054090 -0.061145 -0.068248 -0.075183 -0.082036 -0.088460 -0.094771 -0.100255 -0.105892 -0.110422 -0.115465 -0.119904 -0.124131 -0.130015 -0.136538 -0.143904 -0.153172 -0.164810 -0.179105 -0.196594 -0.217816 -0.242673 -0.271300 -0.301508 -0.331583 -0.354586 -0.367197 -0.357103 -0.333895 -0.308016 -0.276472 -0.247013 -0.216716 -0.188837 -0.161502 -0.136488 -0.111080 -0.089276 -0.063571 -0.062575 -0.019053 -0.005420
-0.010477 -0.018770 -0.016425 -0.016571 -0.022018 -0.028625 -0.033373 -0.039452 -0.045111 -0.051020 -0.056837 -0.062570 -0.068184 -0.073461 -0.078803 -0.083386 -0.088527 -0.092307 -0.097329 -0.101753 -0.105255 -0.111558 -0.119158 -0.125548 -0.135307 -0.147494 -0.163079 -0.182659 -0.207393 -0.237944 -0.274632 -0.317482 -0.361182 -0.402838 -0.423830 -0.409978 -0.376397 -0.337270 -0.297904 -0.260523 -0.225916 -0.194424 -0.164973 -0.138496 -0.112175 -0.089947 -0.063843 -0.062977 -0.018145 -0.006939
-0.038943 -0.016065 -0.014829 -0.014868 -0.017787 -0.023839 -0.026566 -0.031517 -0.036026 -0.040620 -0.045413 -0.049923 -0.054514 -0.058846 -0.063707 -0.066716 -0.072581 -0.073482 -0.080203 -0.081225 -0.085130 -0.090870 -0.098285 -0.105349 -0.114892 -0.127894 -0.144342 -0.165968 -0.194448 -0.231148 -0.278501 -0.336137 -0.401665 -0.464062 -0.503395 -0.466316 -0.411161 -0.365094 -0.311729 -0.270717 -0.230545 -0.197180 -0.165879 -0.138639 -0.111839 -0.089442 -0.063478 -0.062413 -0.017614 -0.007466
0.019683 -0.012261 -0.012814 -0.009453 -0.013202 -0.017661 -0.019486 -0.025425 -0.026504 -0.031223 -0.033787 -0.037514 -0.040750 -0.044212 -0.046858 -0.049991 -0.053189 -0.054021 -0.060913 -0.062373 -0.065640 -0.069286 -0.080055 -0.081773 -0.092074 -0.102510 -0.118279 -0.138798 -0.167936 -0.208601 -0.264786 -0.344055 -0.444310 -0.565046 -0.627925 -0.579774 -0.478643 -0.394441 -0.332036 -0.276060 -0.233960 -0.196390 -0.164602 -0.136611 -0.109973 -0.087688 -0.062326 -0.061085 -0.017779 0.004676
-0.006918 -0.010041 -0.010962 -0.009434 -0.009438 -0.011937 -0.013603 -0.016619 -0.018021 -0.020813 -0.022716 -0.025134 -0.027462 -0.029686 -0.031681 -0.034265 -0.035963 -0.036610 -0.043781 -0.039863 -0.041141 -0.046935 -0.052937 -0.056498 -0.064398 -0.073608 -0.087893 -0.107035 -0.135411 -0.176819 -0.239685 -0.335846 -0.473667 -0.687012 -0.816761 -0.664212 -0.494069 -0.412075 -0.325113 -0.274031 -0.226652 -0.191156 -0.159044 -0.132103 -0.106192 -0.084625 -0.060431 -0.058922 -0.017716 -0.003531
0.005783 0.004061 -0.006578 -0.006869 -0.001911 -0.008473 -0.003145 -0.007197 -0.008174 -0.009130 -0.014395 -0.006896 -0.012013 -0.012671 -0.013438 -0.013306 -0.014961 -0.018996 -0.023940 -0.054703 -0.015988 -0.017749 -0.023088 -0.025630 -0.027325 -0.022681 -0.029285 -0.039763 -0.073518 -0.103304 -0.160417 -0.243216 -0.556599 -1.292668 -1.458545 -1.443924 -0.532682 -0.374993 -0.323179 -0.250711 -0.215379 -0.177681 -0.149921 -0.124127 -0.100358 -0.079978 -0.057543 -0.055843 -0.017544 -0.007968
0.001432 0.010131 -0.005510 0.000754 0.005592 0.002347 -0.008462 -0.003132 -0.009190 -0.010473 -0.004710 -0.004968 -0.003037 -0.012272 -0.004219 -0.004341 -0.011053 -0.014367 -0.015929 -0.008461 -0.005902 -0.011440 -0.012999 -0.014115 -0.015572 -0.013497 -0.022073 -0.017137 -0.049443 -0.044150 -0.089080 -0.133825 -0.410102 -0.587762 -1.296048 -1.470996 -0.320395 -0.300429 -0.269410 -0.221115 -0.190643 -0.161855 -0.136956 -0.114736 -0.093053 -0.074512 -0.053741 -0.052142 -0.017068 -0.007417
0.000000 0.000000 0.000000 0.000000 0.000000 0.000000 0.000000 0.000000 0.000000 0.000000 0.000000 0.000000 0.000000 0.000000 0.000000 0.000000 0.000000 0.000000 0.000000 0.000346 0.000946 0.001618 0.002808 0.003321 0.005853 0.007125 0.007892 0.010635 0.016535 0.021474 0.026928 0.032723 0.059229 0.072234 0.191154 0.224166 -0.171014 -0.175720 -0.190940 -0.168915 -0.157792 -0.137411 -0.120188 -0.102028 -0.083935 -0.067777 -0.049193 -0.047687 -0.032827 0.004637
0.000000 0.000000 0.000000 0.000000 0.000000 0.000000 0.000000 0.000000 0.000000 0.000000 0.000000 0.000000 0.000000 0.000000 0.000000 0.000000 0.000000 0.000000 0.000000 -0.000035 0.000994 0.001898 0.002157 0.004090 0.005580 0.007314 0.009606 0.012365 0.016362 0.021238 0.029511 0.039610 0.060258 0.081801 0.131392 0.036705 -0.049874 -0.131656 -0.144416 -0.140513 -0.132448 -0.119518 -0.105497 -0.090898 -0.075255 -0.061207 -0.044566 -0.043204 -0.030069 0.000890
0.000000 0.000000 0.000000 0.000000 0.000000 0.000000 0.000000 0.000000 0.000000 0.000000 0.000000 0.000000 0.000000 0.000000 0.000000 0.000000 0.000000 0.000000 0.000000 0.000225 0.000783 0.001493 0.001830 0.002864 0.003790 0.004969 0.006464 0.008183 0.010679 0.012920 0.016866 0.018694 0.023072 0.022155 0.010829 -0.029476 -0.071733 -0.095222 -0.109268 -0.109142 -0.107471 -0.099109 -0.089779 -0.078553 -0.065930 -0.054175 -0.039721 -0.038482 -0.014843 -0.005189
0.000000 0.000000 0.000000 0.000000 0.000000 0.000000 0.000000 0.000000 0.000000 0.000000 0.000000 0.000000 0.000000 0.000000 0.000000 0.000000 0.000000 0.000000 0.000000 -0.000034 0.001033 0.001180 0.001393 0.002257 0.002922 0.003753 0.004723 0.005739 0.007071 0.008030 0.009650 0.009357 0.009886 0.003967 -0.002947 -0.027126 -0.056843 -0.074773 -0.087514 -0.090494 -0.089946 -0.084703 -0.077385 -0.068526 -0.057895 -0.047917 -0.035253 -0.034150 -0.013636 0.015906
0.000000 0.000000 0.000000 0.000000 0.000000 0.000000 0.000000 0.000000 0.000000 0.000000 0.000000 0.000000 0.000000 0.000000 0.000000 0.000000 0.000000 0.000000 0.000000 0.000241 0.000925 0.000848 0.000980 0.001590 0.002024 0.002539 0.003096 0.003579 0.004168 0.004211 0.004373 0.002719 0.000743 -0.005829 -0.014164 -0.030845 -0.048361 -0.060524 -0.070302 -0.073244 -0.074056 -0.070721 -0.065587 -0.058768 -0.050145 -0.041846 -0.030971 -0.029975 -0.021736 0.002857
0.000000 0.000000 0.000000 0.000000 0.000000 0.000000 0.000000 0.000000 0.000000 0.000000 0.000000 0.000000 0.000000 0.000000 0.000000 0.000000 0.000000 0.000000 0.000000 0.000253 -0.000131 0.000492 0.000548 0.000865 0.001050 0.001242 0.001395 0.001388 0.001339 0.000685 -0.000020 -0.002356 -0.004889 -0.010891 -0.017708 -0.029036 -0.041824 -0.051120 -0.058763 -0.061791 -0.062688 -0.060479 -0.056414 -0.050932 -0.043689 -0.036660 -0.027241 -0.026350 -0.019201 -0.006014
0.000000 0.000000 0.000000 0.000000 0.000000 0.000000 0.000000 0.000000 0.000000 0.000000 0.000000 0.000000 0.000000 0.000000 0.000000 0.000000 0.000000 0.000000 0.000000 0.000285 -0.000293 0.000134 0.000122 0.000164 0.000134 0.000047 -0.000124 -0.000501 -0.001026 -0.002113 -0.003454 -0.006064 -0.009147 -0.014443 -0.020506 -0.028821 -0.037338 -0.044071 -0.049640 -0.052124 -0.053009 -0.051486 -0.048351 -0.043970 -0.037938 -0.032012 -0.023891 -0.023096 -0.016882 -0.005446
0.000000 0.000000 0.000000 0.000000 0.000000 0.000000 0.000000 0.000000 0.000000 0.000000 0.000000 0.000000 0.000000 0.000000 0.000000 0.000000 0.000000 0.000000 0.000000 0.000284 -0.000615 -0.000264 -0.000283 -0.000515 -0.000735 -0.001067 -0.001511 -0.002181 -0.003045 -0.004403 -0.006046 -0.008659 -0.011648 -0.016144 -0.021083 -0.027270 -0.033657 -0.038802 -0.043042 -0.045111 -0.045792 -0.044631 -0.042010 -0.038364 -0.033203 -0.028116 -0.021051 -0.020345 -0.014732 -0.005280
0.000000 0.000000 0.000000 0.000000 0.000000 0.000000 0.000000 0.000000 0.000000 0.000000 0.000000 0.000000 0.000000 0.000000 0.000000 0.000000 0.000000 0.000000 0.000000 0.000281 -0.000495 -0.000539 -0.000679 -0.001104 -0.001488 -0.002019 -0.002667 -0.003547 -0.004640 -0.006155 -0.007973 -0.010508 -0.013411 -0.017262 -0.021427 -0.026203 -0.030893 -0.034784 -0.037913 -0.039519 -0.039981 -0.039027 -0.036798 -0.033721 -0.029260 -0.024862 -0.018650 -0.018034 -0.012992 -0.003200
0.000000 0.000000 0.000000 0.000000 0.000000 0.000000 0.000000 0.000000 0.000000 0.000000 0.000000 0.000000 0.000000 0.000000 0.000000 0.000000 0.000000 0.000000 0.000000 0.000222 -0.000677 -0.000838 -0.001015 -0.001633 -0.002151 -0.002842 -0.003650 -0.004683 -0.005923 -0.007514 -0.009381 -0.011770 -0.014446 -0.017728 -0.021190 -0.024963 -0.028602 -0.031630 -0.033995 -0.035230 -0.035498 -0.034644 -0.032661 -0.029985 -0.026048 -0.022197 -0.016680 -0.016149 -0.011455 -0.003839
0.000000 0.000000 0.000000 0.000000 0.000000 0.000000 0.000000 0.000000 0.000000 0.000000 0.000000 0.000000 0.000000 0.000000 0.000000 0.000000 0.000000 0.000000 0.000000 0.000223 -0.000748 -0.001027 -0.000989 -0.002049 -0.002672 -0.003479 -0.004396 -0.005531 -0.006863 -0.008487 -0.010359 -0.012614 -0.015105 -0.017976 -0.020946 -0.024023 -0.026910 -0.029333 -0.031149 -0.032101 -0.032198 -0.031373 -0.029552 -0.027152 -0.023599 -0.020133 -0.015129 -0.014660 -0.010061 0.000683
0.000000 0.000000 0.000000 0.000000 0.000000 0.000000 0.000000 0.000000 0.000000 0.000000 0.000000 0.000000 0.000000 0.000000 0.000000 0.000000 0.000000 0.000000 0.000000 0.000018 -0.000415 -0.001332 -0.001321 -0.002408 -0.003114 -0.004016 -0.005021 -0.006228 -0.007612 -0.009235 -0.011077 -0.013205 -0.015517 -0.018006 -0.020536 -0.023159 -0.025521 -0.027464 -0.028797 -0.029471 -0.029525 -0.028744 -0.027058 -0.024886 -0.021628 -0.018500 -0.013865 -0.014347 -0.007737 -0.001208
0.000000 0.000000 0.000000 0.000000 0.000000 0.000000 0.000000 0.000000 0.000000 0.000000 0.000000 0.000000 0.000000 0.000000 0.000000 0.000000 0.000000 0.000000 0.000000 -0.000059 -0.000854 -0.001117 -0.001617 -0.002397 -0.003137 -0.004046 -0.005057 -0.006269 -0.007656 -0.009290 -0.011130 -0.013243 -0.015533 -0.018041 -0.020581 -0.023133 -0.025453 -0.027369 -0.028721 -0.029411 -0.029388 -0.028601 -0.026912 -0.024733 -0.021480 -0.018277 -0.017712 -0.013542 -0.006655 -0.001065
0.000000 0.000000 0.000000 0.000000 0.000000 0.000000 0.000000 0.000000 0.000000 0.000000 0.000000 0.000000 0.000000 0.000000 0.000000 0.000000 0.000000 0.000000 0.000000 -0.000091 -0.001043 -0.001546 -0.001881 -0.003446 -0.003863 -0.005688 -0.007037 -0.008546 -0.010356 -0.012417 -0.014691 -0.017153 -0.019690 -0.022490 -0.024964 -0.027454 -0.028371 -0.029553 -0.030027 -0.030196 -0.032341 -0.031383 -0.029719 -0.027043 -0.023447 -0.019566 -0.017317 -0.010557 -0.006495 0.000949
0.000000 0.000000 0.000000 0.000000 0.000000 0.000000 0.000000 0.000000 0.000000 0.000000 0.000000 0.000000 0.000000 0.000000 0.000000 0.000000 0.000000 0.000000 0.000000 -0.000102 -0.000866 -0.002352 -0.002598 -0.003466 -0.004042 -0.005586 -0.005625 -0.008062 -0.009415 -0.014248 -0.013304 -0.016035 -0.021041 -0.021822 -0.021123 -0.025019 -0.025927 -0.025957 -0.028512 -0.027602 -0.028985 -0.021338 -0.026888 -0.024777 -0.017249 -0.014800 -0.013631 -0.009307 -0.008750 -0.000669
