0.000018 0.000062 0.000075 0.000117 0.000159 0.000281 0.000256 0.000439 0.000485 0.000805 0.000526 0.000793 0.000748 0.001063 0.000812 0.001300 0.001376 0.001339 0.000890 0.001899 0.001784 0.001639 0.001128 0.000644 0.000905 0.000674 0.000621 0.000487 0.000409 0.000362 0.000483 0.000237 0.000181 0.000169 0.000140 0.000078 0.000092 0.000072 0.000067 0.000049 0.000039 0.000031 0.000027 0.000020 0.000014 0.000011 0.000008 0.000005 0.000004 0.000000
-0.000006 0.000068 0.000101 0.000143 0.000197 0.000259 0.000320 0.000365 0.000517 0.000634 0.000737 0.000913 0.001035 0.001201 0.001190 0.001299 0.001572 0.001614 0.001596 0.001383 0.001306 0.001203 0.001150 0.001163 0.000833 0.000717 0.000611 0.000516 0.000434 0.000391 0.000331 0.000250 0.000206 0.000183 0.000139 0.000121 0.000115 0.000096 0.000068 0.000060 0.000048 0.000038 0.000029 0.000023 0.000017 0.000013 0.000010 0.000006 0.000004 0.000000
-0.000004 0.000029 0.000091 0.000134 0.000133 0.000180 0.000238 0.000307 0.000390 0.000490 0.000608 0.000746 0.000901 0.001066 0.001235 0.001385 0.001504 0.001575 0.001588 0.001549 0.001455 0.001329 0.001177 0.001022 0.000874 0.000735 0.000619 0.000515 0.000429 0.000355 0.000294 0.000241 0.000198 0.000162 0.000132 0.000106 0.000085 0.000068 0.000054 0.000043 0.000034 0.000026 0.000020 0.000016 0.000012 0.000009 0.000009 0.000006 0.000002 -0.000001
0.000007 0.000019 0.000070 0.000092 0.000134 0.000179 0.000236 0.000304 0.000386 0.000486 0.000604 0.000743 0.000899 0.001066 0.001238 0.001391 0.001512 0.001584 0.001598 0.001557 0.001462 0.001333 0.001178 0.001021 0.000871 0.000732 0.000615 0.000511 0.000425 0.000352 0.000291 0.000239 0.000196 0.000160 0.000130 0.000105 0.000084 0.000067 0.000053 0.000042 0.000033 0.000026 0.000020 0.000015 0.000012 0.000009 0.000006 0.000004 0.000003 -0.000001
0.000003 0.000005 0.000071 0.000073 0.000107 0.000145 0.000194 0.000255 0.000334 0.000432 0.000554 0.000704 0.000882 0.001080 0.001296 0.001493 0.001652 0.001748 0.001763 0.001708 0.001577 0.001412 0.001204 0.001015 0.000844 0.000691 0.000567 0.000463 0.000379 0.000310 0.000254 0.000207 0.000169 0.000137 0.000110 0.000088 0.000069 0.000055 0.000042 0.000033 0.000026 0.000020 0.000015 0.000012 0.000009 0.000006 0.000004 0.000004 0.000001 -0.000000
0.000011 -0.000009 0.000048 0.000049 0.000074 0.000103 0.000142 0.000195 0.000263 0.000359 0.000479 0.000642 0.000844 0.001086 0.001368 0.001629 0.001844 0.001972 0.001988 0.001910 0.001729 0.001502 0.001241 0.000979 0.000801 0.000622 0.000505 0.000396 0.000324 0.000258 0.000211 0.000170 0.000137 0.000110 0.000087 0.000068 0.000052 0.000040 0.000031 0.000023 0.000018 0.000013 0.000010 0.000007 0.000005 0.000004 0.000003 0.000003 -0.000000 -0.000001
-0.000005 -0.000023 0.000020 0.000021 0.000033 0.000051 0.000075 0.000115 0.000167 0.000253 0.000369 0.000540 0.000773 0.001071 0.001450 0.001815 0.002118 0.002298 0.002316 0.002202 0.001944 0.001627 0.001266 0.000943 0.000720 0.000528 0.000410 0.000310 0.000245 0.000193 0.000155 0.000124 0.000098 0.000077 0.000059 0.000044 0.000032 0.000022 0.000016 0.000011 0.000008 0.000005 0.000004 0.000002 0.000002 0.000001 0.000001 0.000001 -0.000001 0.000001
0.000000 -0.000031 -0.000011 -0.000011 -0.000013 -0.000009 -0.000003 0.000017 0.000048 0.000113 0.000206 0.000383 0.000641 0.001007 0.001541 0.002061 0.002506 0.002765 0.002776 0.002610 0.002205 0.001755 0.001249 0.000832 0.000586 0.000382 0.000285 0.000199 0.000156 0.000117 0.000093 0.000072 0.000056 0.000041 0.000028 0.000017 0.000009 0.000002 -0.000001 -0.000003 -0.000003 -0.000003 -0.000003 -0.000003 -0.000002 -0.000002 -0.000001 -0.000001 -0.000002 0.000000
-0.000023 -0.000004 -0.000043 -0.000045 -0.000064 -0.000078 -0.000096 -0.000100 -0.000108 -0.000075 -0.000021 0.000127 0.000397 0.000857 0.001612 0.002400 0.003050 0.003427 0.003434 0.003178 0.002610 0.001910 0.001181 0.000593 0.000364 0.000166 0.000111 0.000054 0.000042 0.000027 0.000022 0.000015 0.000010 0.000003 -0.000004 -0.000011 -0.000017 -0.000021 -0.000019 -0.000018 -0.000015 -0.000013 -0.000010 -0.000008 -0.000006 -0.000005 -0.000003 -0.000003 -0.000002 -0.000001
-0.000015 -0.000055 -0.000076 -0.000078 -0.000113 -0.000146 -0.000190 -0.000228 -0.000272 -0.000302 -0.000312 -0.000215 -0.000029 0.000520 0.001666 0.002829 0.003821 0.004409 0.004389 0.004021 0.003095 0.002134 0.000938 0.000197 0.000009 -0.000122 -0.000100 -0.000102 -0.000075 -0.000062 -0.000047 -0.000039 -0.000035 -0.000033 -0.000039 -0.000041 -0.000045 -0.000044 -0.000038 -0.000033 -0.000026 -0.000021 -0.000017 -0.000013 -0.000010 -0.000007 -0.000005 -0.000005 -0.000003 0.000001
-0.000004 -0.000059 -0.000105 -0.000108 -0.000161 -0.000217 -0.000288 -0.000374 -0.000487 -0.000593 -0.000746 -0.000801 -0.000748 -0.000075 0.001572 0.003504 0.005002 0.005813 0.005753 0.005192 0.003863 0.002237 0.000517 -0.000573 -0.000542 -0.000530 -0.000361 -0.000292 -0.000203 -0.000159 -0.000117 -0.000093 -0.000078 -0.000068 -0.000067 -0.000070 -0.000078 -0.000077 -0.000060 -0.000050 -0.000038 -0.000030 -0.000023 -0.000018 -0.000013 -0.000010 -0.000007 -0.000007 -0.000003 -0.000001
-0.000000 -0.000051 -0.000109 -0.000164 -0.000230 -0.000355 -0.000493 -0.000713 -0.000873 -0.001189 -0.001705 -0.003243 -0.003829 -0.003910 0.002509 0.004359 0.006639 0.007836 0.007803 0.006946 0.004919 0.002580 -0.001927 -0.004764 -0.001603 -0.000917 -0.000601 -0.000427 -0.000304 -0.000226 -0.000170 -0.000133 -0.000110 -0.000095 -0.000094 -0.000094 -0.000215 -0.000141 -0.000129 -0.000092 -0.000063 -0.000046 -0.000034 -0.000027 -0.000020 -0.000015 -0.000011 -0.000006 -0.000003 -0.000000
-0.000008 -0.000053 -0.000138 -0.000180 -0.000299 -0.000363 -0.000322 -0.000676 -0.000827 -0.001564 -0.001572 -0.002627 -0.005683 -0.000393 0.004775 0.006685 0.009447 0.011116 0.010677 0.009565 0.006441 0.003461 -0.001053 -0.001625 -0.001216 -0.001130 -0.000802 -0.000522 -0.000396 -0.000275 -0.000219 -0.000164 -0.000135 -0.000115 -0.000099 -0.000101 -0.000061 -0.000170 -0.000091 -0.000097 -0.000055 -0.000035 -0.000029 -0.000024 -0.000017 -0.000012 -0.000010 -0.000005 -0.000003 -0.000002
0.000000 0.000000 0.000000 0.000000 0.000000 0.000000 0.000000 0.000000 0.000000 0.000000 0.000000 0.000000 0.000000 0.006134 0.008750 0.010456 0.013415 0.015283 0.015038 0.013293 0.009927 0.005962 0.000743 -0.001071 -0.000927 -0.000895 -0.000622 -0.000477 -0.000356 -0.000278 -0.000218 -0.000170 -0.000139 -0.000105 -0.000097 -0.000056 -0.000031 0.000000 0.000000 0.000000 0.000000 0.000000 0.000000 0.000000 0.000000 0.000000 0.000000 0.000000 0.000000 0.000000
0.000000 0.000000 0.000000 0.000000 0.000000 0.000000 0.000000 0.000000 0.000000 0.000000 0.000000 0.000000 0.000000 0.004053 0.012572 0.016693 0.019465 0.022381 0.020514 0.018603 0.013663 0.008881 0.006510 -0.000099 -0.000329 -0.000585 -0.000464 -0.000408 -0.000323 -0.000268 -0.000214 -0.000173 -0.000138 -0.000105 -0.000084 -0.000017 -0.000003 0.000000 0.000000 0.000000 0.000000 0.000000 0.000000 0.000000 0.000000 0.000000 0.000000 0.000000 0.000000 0.000000
0.000000 0.000000 0.000000 0.000000 0.000000 0.000000 0.000000 0.000000 0.000000 0.000000 0.000000 0.000000 0.000000 0.010926 0.018583 0.023598 0.027076 0.029773 0.028515 0.024881 0.018689 0.011851 0.010059 -0.000055 -0.000141 -0.000369 -0.000336 -0.000320 -0.000274 -0.000237 -0.000198 -0.000163 -0.000133 -0.000098 -0.000076 -0.000037 -0.000004 0.000000 0.000000 0.000000 0.000000 0.000000 0.000000 0.000000 0.000000 0.000000 0.000000 0.000000 0.000000 0.000000
0.000000 0.000000 0.000000 0.000000 0.000000 0.000000 0.000000 0.000000 0.000000 0.000000 0.000000 0.000000 0.000000 0.017042 0.029973 0.036508 0.039514 0.043339 0.038679 0.033828 0.024828 0.015846 0.013192 -0.000057 -0.000076 -0.000250 -0.000253 -0.000262 -0.000236 -0.000215 -0.000182 -0.000155 -0.000125 -0.000094 -0.000070 -0.000035 -0.000006 0.000000 0.000000 0.000000 0.000000 0.000000 0.000000 0.000000 0.000000 0.000000 0.000000 0.000000 0.000000 0.000000
0.000000 0.000000 0.000000 0.000000 0.000000 0.000000 0.000000 0.000000 0.000000 0.000000 0.000000 0.000000 0.000000 0.010206 0.046282 0.053099 0.055802 0.057195 0.052511 0.044575 0.032554 0.020423 0.016982 -0.000041 -0.000054 -0.000178 -0.000195 -0.000211 -0.000203 -0.000189 -0.000168 -0.000143 -0.000119 -0.000089 -0.000066 -0.000034 -0.000016 0.000000 0.000000 0.000000 0.000000 0.000000 0.000000 0.000000 0.000000 0.000000 0.000000 0.000000 0.000000 0.000000
0.000000 0.000000 0.000000 0.000000 0.000000 0.000000 0.000000 0.000000 0.000000 0.000000 0.000000 0.000000 0.000000 0.049080 0.065081 0.084379 0.080828 0.082491 0.069068 0.058558 0.042191 0.026441 0.021529 -0.000008 -0.000044 -0.000139 -0.000161 -0.000184 -0.000181 -0.000175 -0.000157 -0.000136 -0.000113 -0.000085 -0.000062 -0.000033 -0.000006 0.000000 0.000000 0.000000 0.000000 0.000000 0.000000 0.000000 0.000000 0.000000 0.000000 0.000000 0.000000 0.000000
0.000000 0.000000 0.000000 0.000000 0.000000 0.000000 0.000000 0.000000 0.000000 0.000000 0.000000 0.000000 0.000000 0.020238 0.124787 0.133018 0.115355 0.109312 0.091452 0.074946 0.052809 0.033330 0.029931 -0.000011 -0.000043 -0.000081 -0.000146 -0.000161 -0.000165 -0.000153 -0.000096 -0.000086 -0.000101 -0.000076 -0.000045 -0.000035 -0.000001 0.000000 0.000000 0.000000 0.000000 0.000000 0.000000 0.000000 0.000000 0.000000 0.000000 0.000000 0.000000 0.000000
0.009328 0.089192 0.103620 0.184234 0.218699 0.223569 0.286796 0.362303 0.409712 0.447309 0.464092 0.454778 0.418340 0.419481 0.254420 0.207005 0.164282 0.147941 0.116846 0.093656 0.065797 0.040361 0.004760 0.000000 0.000000 0.000000 0.000000 0.000000 0.000000 0.000000 0.000000 0.000000 0.000000 0.000000 0.000000 0.000000 0.000000 0.000000 0.000000 0.000000 0.000000 0.000000 0.000000 0.000000 0.000000 0.000000 0.000000 0.000000 0.000000 0.000000
-0.007712 0.089617 0.126370 0.188525 0.221476 0.264287 0.291534 0.352587 0.393915 0.412165 0.447091 0.445022 0.434352 0.435033 0.299885 0.267681 0.208663 0.179298 0.142817 0.111046 0.078471 0.047471 0.000715 0.000000 0.000000 0.000000 0.000000 0.000000 0.000000 0.000000 0.000000 0.000000 0.000000 0.000000 0.000000 0.000000 0.000000 0.000000 0.000000 0.000000 0.000000 0.000000 0.000000 0.000000 0.000000 0.000000 0.000000 0.000000 0.000000 0.000000
0.011086 0.075329 0.150045 0.144692 0.202906 0.243902 0.294534 0.331928 0.371007 0.402697 0.428071 0.442631 0.443969 0.420236 0.365971 0.307014 0.254315 0.211118 0.167523 0.129576 0.090224 0.055716 -0.001399 0.000000 0.000000 0.000000 0.000000 0.000000 0.000000 0.000000 0.000000 0.000000 0.000000 0.000000 0.000000 0.000000 0.000000 0.000000 0.000000 0.000000 0.000000 0.000000 0.000000 0.000000 0.000000 0.000000 0.000000 0.000000 0.000000 0.000000
0.003929 0.066587 0.143913 0.150716 0.208454 0.252885 0.302884 0.343336 0.386301 0.419661 0.448316 0.465286 0.466137 0.443946 0.399908 0.344977 0.288428 0.238625 0.189288 0.144624 0.100721 0.061767 0.009048 0.000000 0.000000 0.000000 0.000000 0.000000 0.000000 0.000000 0.000000 0.000000 0.000000 0.000000 0.000000 0.000000 0.000000 0.000000 0.000000 0.000000 0.000000 0.000000 0.000000 0.000000 0.000000 0.000000 0.000000 0.000000 0.000000 0.000000
0.003205 0.080581 0.155305 0.158944 0.211408 0.260623 0.314454 0.360408 0.407892 0.444802 0.479128 0.496050 0.501609 0.480363 0.433278 0.377781 0.318667 0.262249 0.207446 0.157951 0.109455 0.066922 0.010394 0.000000 0.000000 0.000000 0.000000 0.000000 0.000000 0.000000 0.000000 0.000000 0.000000 0.000000 0.000000 0.000000 0.000000 0.000000 0.000000 0.000000 0.000000 0.000000 0.000000 0.000000 0.000000 0.000000 0.000000 0.000000 0.000000 0.000000
0.011527 0.075723 0.156911 0.163488 0.220520 0.271780 0.324810 0.374490 0.427512 0.474849 0.518740 0.549667 0.568193 0.549525 0.490065 0.422210 0.352031 0.285762 0.223901 0.168595 0.116206 0.070845 0.062271 0.000000 0.000000 0.000000 0.000000 0.000000 0.000000 0.000000 0.000000 0.000000 0.000000 0.000000 0.000000 0.000000 0.000000 0.000000 0.000000 0.000000 0.000000 0.000000 0.000000 0.000000 0.000000 0.000000 0.000000 0.000000 0.000000 0.000000
0.001694 0.080548 0.168411 0.169671 0.220170 0.277025 0.342229 0.399591 0.462998 0.513270 0.574775 0.606233 0.646942 0.626788 0.543000 0.462354 0.377300 0.301521 0.232553 0.173854 0.119029 0.072017 0.042215 0.000000 0.000000 0.000000 0.000000 0.000000 0.000000 0.000000 0.000000 0.000000 0.000000 0.000000 0.000000 0.000000 0.000000 0.000000 0.000000 0.000000 0.000000 0.000000 0.000000 0.000000 0.000000 0.000000 0.000000 0.000000 0.000000 0.000000
0.004402 0.062576 0.175021 0.171908 0.229216 0.292720 0.346952 0.409401 0.479542 0.556071 0.638452 0.709355 0.791284 0.774606 0.637929 0.512571 0.404773 0.313433 0.237959 0.175201 0.119160 0.072182 0.065302 0.000000 0.000000 0.000000 0.000000 0.000000 0.000000 0.000000 0.000000 0.000000 0.000000 0.000000 0.000000 0.000000 0.000000 0.000000 0.000000 0.000000 0.000000 0.000000 0.000000 0.000000 0.000000 0.000000 0.000000 0.000000 0.000000 0.000000
0.003550 0.109510 0.175247 0.179427 0.216981 0.284798 0.363733 0.441683 0.512156 0.589564 0.704519 0.797809 0.949576 0.959476 0.721263 0.551507 0.399683 0.304460 0.225131 0.165483 0.111840 0.067394 0.064239 0.000000 0.000000 0.000000 0.000000 0.000000 0.000000 0.000000 0.000000 0.000000 0.000000 0.000000 0.000000 0.000000 0.000000 0.000000 0.000000 0.000000 0.000000 0.000000 0.000000 0.000000 0.000000 0.000000 0.000000 0.000000 0.000000 0.000000
0.026500 0.040080 0.055211 0.056607 0.074274 0.086880 0.136813 0.175128 0.172279 0.285026 0.241032 0.951927 1.198909 1.402502 0.692172 0.531565 0.377349 0.279459 0.205993 0.149773 0.101647 0.061045 0.060982 0.000000 0.000000 0.000000 0.000000 0.000000 0.000000 0.000000 0.000000 0.000000 0.000000 0.000000 0.000000 0.000000 0.000000 0.000000 0.000000 0.000000 0.000000 0.000000 0.000000 0.000000 0.000000 0.000000 0.000000 0.000000 0.000000 0.000000
0.014396 0.032883 0.002183 0.003374 0.004524 0.006580 0.017411 0.094567 0.014700 0.023341 0.022161 0.314229 0.630867 0.320559 0.159440 0.293885 0.222524 0.198529 0.151455 0.117569 0.081390 0.049295 0.055960 0.000000 0.000000 0.000000 0.000000 0.000000 0.000000 0.000000 0.000000 0.000000 0.000000 0.000000 0.000000 0.000000 0.000000 0.000000 0.000000 0.000000 0.000000 0.000000 0.000000 0.000000 0.000000 0.000000 0.000000 0.000000 0.000000 0.000000
0.000000 0.000000 0.000000 0.000000 0.000000 0.000000 0.000000 0.000000 0.000000 0.000000 0.000000 0.000000 0.000000 -0.011549 0.040101 0.145332 0.144023 0.134598 0.111463 0.087698 0.062582 0.038074 0.050377 0.000000 0.000000 0.000000 0.000000 0.000000 0.000000 0.000000 0.000000 0.000000 0.000000 0.000000 0.000000 0.000000 0.000000 0.000000 0.000000 0.000000 0.000000 0.000000 0.000000 0.000000 0.000000 0.000000 0.000000 0.000000 0.000000 0.000000
0.000000 0.000000 0.000000 0.000000 0.000000 0.000000 0.000000 0.000000 0.000000 0.000000 0.000000 0.000000 0.000000 0.029050 0.053109 0.067555 0.080871 0.080241 0.070565 0.058623 0.042265 0.026002 0.044244 0.000000 0.000000 0.000000 0.000000 0.000000 0.000000 0.000000 0.000000 0.000000 0.000000 0.000000 0.000000 0.000000 0.000000 0.000000 0.000000 0.000000 0.000000 0.000000 0.000000 0.000000 0.000000 0.000000 0.000000 0.000000 0.000000 0.000000
0.000000 0.000000 0.000000 0.000000 0.000000 0.000000 0.000000 0.000000 0.000000 0.000000 0.000000 0.000000 0.000000 0.040377 0.030441 0.023890 0.030937 0.036209 0.034634 0.030748 0.023192 0.014617 0.039281 0.000000 0.000000 0.000000 0.000000 0.000000 0.000000 0.000000 0.000000 0.000000 0.000000 0.000000 0.000000 0.000000 0.000000 0.000000 0.000000 0.000000 0.000000 0.000000 0.000000 0.000000 0.000000 0.000000 0.000000 0.000000 0.000000 0.000000
0.000000 0.000000 0.000000 0.000000 0.000000 0.000000 0.000000 0.000000 0.000000 0.000000 0.000000 0.000000 0.000000 -0.000474 -0.020768 -0.019261 -0.011838 0.000703 0.002056 0.006933 0.005785 0.004559 0.027991 0.000000 0.000000 0.000000 0.000000 0.000000 0.000000 0.000000 0.000000 0.000000 0.000000 0.000000 0.000000 0.000000 0.000000 0.000000 0.000000 0.000000 0.000000 0.000000 0.000000 0.000000 0.000000 0.000000 0.000000 0.000000 0.000000 0.000000
0.000000 0.000000 0.000000 0.000000 0.000000 0.000000 0.000000 0.000000 0.000000 0.000000 0.000000 0.000000 0.000000 -0.055969 -0.075281 -0.076829 -0.054157 -0.039803 -0.028026 -0.017146 -0.010027 -0.006147 0.025431 0.000000 0.000000 0.000000 0.000000 0.000000 0.000000 0.000000 0.000000 0.000000 0.000000 0.000000 0.000000 0.000000 0.000000 0.000000 0.000000 0.000000 0.000000 0.000000 0.000000 0.000000 0.000000 0.000000 0.000000 0.000000 0.000000 0.000000
0.000000 0.000000 0.000000 0.000000 0.000000 0.000000 0.000000 0.000000 0.000000 0.000000 0.000000 0.000000 0.000000 -0.140796 -0.110848 -0.154862 -0.101013 -0.081101 -0.054749 -0.038135 -0.023537 -0.014409 0.031256 0.000000 0.000000 0.000000 0.000000 0.000000 0.000000 0.000000 0.000000 0.000000 0.000000 0.000000 0.000000 0.000000 0.000000 0.000000 0.000000 0.000000 0.000000 0.000000 0.000000 0.000000 0.000000 0.000000 0.000000 0.000000 0.000000 0.000000
-0.013087 -0.031859 -0.060839 -0.067586 -0.114803 -0.135054 -0.189370 -0.195879 -0.253624 -0.311975 -0.372465 -0.407402 0.263484 -0.485866 -0.210393 -0.232812 -0.157456 -0.115403 -0.079331 -0.055324 -0.035094 -0.021152 -0.033793 0.000000 0.000000 0.000000 0.000000 0.000000 0.000000 0.000000 0.000000 0.000000 0.000000 0.000000 0.000000 0.000000 0.000000 0.000000 0.000000 0.000000 0.000000 0.000000 0.000000 0.000000 0.000000 0.000000 0.000000 0.000000 0.000000 0.000000
-0.013255 -0.025791 -0.051601 -0.083173 -0.111252 -0.133726 -0.158080 -0.215228 -0.267996 -0.325923 -0.383264 -0.510183 -0.691064 -0.663157 -0.317287 -0.257134 -0.176035 -0.132450 -0.091769 -0.065739 -0.042176 -0.025675 0.017041 0.000000 0.000000 0.000000 0.000000 0.000000 0.000000 0.000000 0.000000 0.000000 0.000000 0.000000 0.000000 0.000000 0.000000 0.000000 0.000000 0.000000 0.000000 0.000000 0.000000 0.000000 0.000000 0.000000 0.000000 0.000000 0.000000 0.000000
-0.001528 -0.029339 -0.058090 -0.059850 -0.084478 -0.107327 -0.132570 -0.161450 -0.192348 -0.227678 -0.270460 -0.310174 -0.361016 -0.359159 -0.286680 -0.223404 -0.168999 -0.129429 -0.094866 -0.068779 -0.045571 -0.027444 -0.038718 0.000000 0.000000 0.000000 0.000000 0.000000 0.000000 0.000000 0.000000 0.000000 0.000000 0.000000 0.000000 0.000000 0.000000 0.000000 0.000000 0.000000 0.000000 0.000000 0.000000 0.000000 0.000000 0.000000 0.000000 0.000000 0.000000 0.000000
-0.008124 -0.018632 -0.055159 -0.056667 -0.077988 -0.098466 -0.122172 -0.145681 -0.172545 -0.199242 -0.230396 -0.255285 -0.280440 -0.276573 -0.235892 -0.195079 -0.155086 -0.122267 -0.092151 -0.068202 -0.045835 -0.028261 -0.039189 0.000000 0.000000 0.000000 0.000000 0.000000 0.000000 0.000000 0.000000 0.000000 0.000000 0.000000 0.000000 0.000000 0.000000 0.000000 0.000000 0.000000 0.000000 0.000000 0.000000 0.000000 0.000000 0.000000 0.000000 0.000000 0.000000 0.000000
-0.004046 -0.029909 -0.049150 -0.050978 -0.070763 -0.088645 -0.108751 -0.129281 -0.150829 -0.171934 -0.194191 -0.210802 -0.223036 -0.218448 -0.194327 -0.166388 -0.136576 -0.109970 -0.084945 -0.063665 -0.044276 -0.027485 -0.042416 0.000000 0.000000 0.000000 0.000000 0.000000 0.000000 0.000000 0.000000 0.000000 0.000000 0.000000 0.000000 0.000000 0.000000 0.000000 0.000000 0.000000 0.000000 0.000000 0.000000 0.000000 0.000000 0.000000 0.000000 0.000000 0.000000 0.000000
-0.005705 -0.014984 -0.044393 -0.045149 -0.061997 -0.077691 -0.094965 -0.111638 -0.129594 -0.145128 -0.161727 -0.171503 -0.178787 -0.174559 -0.159322 -0.140128 -0.117612 -0.096616 -0.075928 -0.057505 -0.039527 -0.025142 -0.039093 0.000000 0.000000 0.000000 0.000000 0.000000 0.000000 0.000000 0.000000 0.000000 0.000000 0.000000 0.000000 0.000000 0.000000 0.000000 0.000000 0.000000 0.000000 0.000000 0.000000 0.000000 0.000000 0.000000 0.000000 0.000000 0.000000 0.000000
-0.004034 -0.010995 -0.038002 -0.039477 -0.053791 -0.067334 -0.080988 -0.095233 -0.108408 -0.120961 -0.132005 -0.139378 -0.142767 -0.140076 -0.128887 -0.115281 -0.098733 -0.082351 -0.065966 -0.050171 -0.034400 -0.021396 -0.037445 0.000000 0.000000 0.000000 0.000000 0.000000 0.000000 0.000000 0.000000 0.000000 0.000000 0.000000 0.000000 0.000000 0.000000 0.000000 0.000000 0.000000 0.000000 0.000000 0.000000 0.000000 0.000000 0.000000 0.000000 0.000000 0.000000 0.000000
0.001016 -0.005801 -0.031714 -0.031774 -0.044943 -0.055865 -0.067230 -0.077794 -0.088398 -0.097393 -0.105939 -0.110096 -0.113164 -0.109729 -0.103269 -0.092623 -0.081170 -0.067910 -0.054947 -0.042544 -0.029799 -0.020106 -0.037972 0.000000 0.000000 0.000000 0.000000 0.000000 0.000000 0.000000 0.000000 0.000000 0.000000 0.000000 0.000000 0.000000 0.000000 0.000000 0.000000 0.000000 0.000000 0.000000 0.000000 0.000000 0.000000 0.000000 0.000000 0.000000 0.000000 0.000000
-0.006762 -0.002137 -0.027233 -0.027139 -0.036690 -0.045312 -0.053840 -0.062341 -0.070058 -0.077263 -0.082845 -0.086058 -0.087479 -0.084775 -0.080370 -0.072782 -0.064087 -0.054102 -0.043118 -0.033899 -0.023331 -0.009205 -0.036074 0.000000 0.000000 0.000000 0.000000 0.000000 0.000000 0.000000 0.000000 0.000000 0.000000 0.000000 0.000000 0.000000 0.000000 0.000000 0.000000 0.000000 0.000000 0.000000 0.000000 0.000000 0.000000 0.000000 0.000000 0.000000 0.000000 0.000000
-0.000808 0.004589 -0.026201 -0.018498 -0.026106 -0.033159 -0.039102 -0.045344 -0.051393 -0.055868 -0.060194 -0.061957 -0.063429 -0.061323 -0.058765 -0.053135 -0.047650 -0.040043 -0.033066 -0.026717 -0.019946 -0.020041 -0.035189 0.000000 0.000000 0.000000 0.000000 0.000000 0.000000 0.000000 0.000000 0.000000 0.000000 0.000000 0.000000 0.000000 0.000000 0.000000 0.000000 0.000000 0.000000 0.000000 0.000000 0.000000 0.000000 0.000000 0.000000 0.000000 0.000000 0.000000
0.007730 0.006243 -0.020411 -0.024811 -0.024834 -0.032202 -0.038140 -0.044278 -0.049583 -0.054392 -0.057958 -0.060420 -0.060909 -0.059758 -0.056287 -0.051744 -0.045522 -0.038921 -0.032169 -0.024010 -0.018315 -0.008186 -0.032618 0.000000 0.000000 0.000000 0.000000 0.000000 0.000000 0.000000 0.000000 0.000000 0.000000 0.000000 0.000000 0.000000 0.000000 0.000000 0.000000 0.000000 0.000000 0.000000 0.000000 0.000000 0.000000 0.000000 0.000000 0.000000 0.000000 0.000000
-0.000542 -0.012744 -0.018110 -0.021099 -0.024791 -0.028010 -0.031094 -0.034290 -0.019591 -0.040018 -0.011370 -0.042997 -0.043254 -0.008947 -0.006277 -0.027909 -0.000246 0.002527 0.005888 0.008378 0.009837 -0.002401 -0.042790 0.000000 0.000000 0.000000 0.000000 0.000000 0.000000 0.000000 0.000000 0.000000 0.000000 0.000000 0.000000 0.000000 0.000000 0.000000 0.000000 0.000000 0.000000 0.000000 0.000000 0.000000 0.000000 0.000000 0.000000 0.000000 0.000000 0.000000
0.005438 -0.003720 0.003938 -0.010905 0.000307 -0.005262 -0.003127 -0.009668 -0.002491 0.003299 -0.002887 -0.005238 -0.007835 -0.008254 -0.012658 -0.005157 -0.015772 -0.005358 -0.010787 -0.005021 -0.006600 -0.008113 -0.006017 0.000000 0.000000 0.000000 0.000000 0.000000 0.000000 0.000000 0.000000 0.000000 0.000000 0.000000 0.000000 0.000000 0.000000 0.000000 0.000000 0.000000 0.000000 0.000000 0.000000 0.000000 0.000000 0.000000 0.000000 0.000000 0.000000 0.000000
