0.010643 0.001348 -0.007204 -0.000611 0.002659 -0.000336 0.008347 0.003408 -0.005819 0.009016 -0.006083 -0.005842 0.010692 -0.005597 0.004623 0.014531 -0.032931 0.017295 -0.034384 0.020168 0.020731 -0.006677 -0.021850 0.012882 0.017667 -0.004200 -0.019876 0.024439 -0.002098 -0.014193 0.000000 0.000000 0.000000 0.000000 0.000000 0.000000 0.000000 0.000000 0.000000 0.000000 0.000000 0.000000 0.000000 0.000000 0.000000 0.000000 0.000000 0.000000 0.000000 0.000000
0.015350 0.016618 0.020656 0.014015 0.013553 0.012758 0.024986 0.014305 0.013884 0.013450 0.009954 0.013314 0.033116 0.030416 0.035317 0.036472 0.031907 0.032044 0.032319 0.040885 0.041699 0.042628 0.032599 0.025984 0.000176 -0.002292 0.029344 0.035448 0.025354 0.012978 0.000000 0.000000 0.000000 0.000000 0.000000 0.000000 0.000000 0.000000 0.000000 0.000000 0.000000 0.000000 0.000000 0.000000 0.000000 0.000000 0.000000 0.000000 0.000000 0.000000
0.045413 0.038257 0.041116 0.040204 0.040754 0.041446 0.041596 0.042365 0.042889 0.043679 0.044431 0.045350 0.046287 0.047348 0.048436 0.049589 0.050790 0.051814 0.053305 0.054342 0.055801 0.057035 0.058289 0.059414 0.061103 0.062672 0.063455 0.050255 0.056761 0.008992 0.000000 0.000000 0.000000 0.000000 0.000000 0.000000 0.000000 0.000000 0.000000 0.000000 0.000000 0.000000 0.000000 0.000000 0.000000 0.000000 0.000000 0.000000 0.000000 0.000000
0.050458 0.052565 0.055804 0.041986 0.041952 0.042662 0.042966 0.043746 0.044301 0.045101 0.045803 0.046672 0.047552 0.048553 0.049587 0.050786 0.051944 0.053082 0.054361 0.055512 0.056837 0.058108 0.059382 0.060811 0.063009 0.067560 0.070232 0.082594 0.078954 0.017901 0.000000 0.000000 0.000000 0.000000 0.000000 0.000000 0.000000 0.000000 0.000000 0.000000 0.000000 0.000000 0.000000 0.000000 0.000000 0.000000 0.000000 0.000000 0.000000 0.000000
0.052627 0.065612 0.056176 0.056875 0.057786 0.057593 0.058936 0.059125 0.060644 0.061230 0.062847 0.063848 0.065506 0.066966 0.068568 0.070157 0.071821 0.073521 0.075226 0.076928 0.078502 0.080142 0.081098 0.082370 0.081997 0.083634 0.079656 0.083468 0.093295 0.020478 0.000000 0.000000 0.000000 0.000000 0.000000 0.000000 0.000000 0.000000 0.000000 0.000000 0.000000 0.000000 0.000000 0.000000 0.000000 0.000000 0.000000 0.000000 0.000000 0.000000
0.076175 0.082749 0.070028 0.070163 0.069887 0.071404 0.071592 0.073267 0.074100 0.075704 0.077014 0.078676 0.080374 0.082161 0.084078 0.086050 0.088182 0.090242 0.092541 0.094703 0.097060 0.099505 0.101468 0.104170 0.104755 0.107538 0.105139 0.111615 0.126582 0.054363 0.000000 0.000000 0.000000 0.000000 0.000000 0.000000 0.000000 0.000000 0.000000 0.000000 0.000000 0.000000 0.000000 0.000000 0.000000 0.000000 0.000000 0.000000 0.000000 0.000000
0.086398 0.091379 0.084144 0.084209 0.085085 0.085774 0.086894 0.088079 0.089609 0.091092 0.092939 0.094807 0.096937 0.099155 0.101524 0.103995 0.106546 0.109182 0.111813 0.114474 0.116987 0.119508 0.121625 0.124553 0.124870 0.130004 0.125699 0.131324 0.143911 0.052382 0.000000 0.000000 0.000000 0.000000 0.000000 0.000000 0.000000 0.000000 0.000000 0.000000 0.000000 0.000000 0.000000 0.000000 0.000000 0.000000 0.000000 0.000000 0.000000 0.000000
0.108350 0.112453 0.097540 0.097595 0.098159 0.099353 0.100426 0.102012 0.103598 0.118220 0.120574 0.123110 0.125887 0.114907 0.117698 0.120630 0.123688 0.126829 0.130058 0.133312 0.136525 0.139814 0.142603 0.145753 0.147015 0.148929 0.147343 0.149975 0.165088 0.084750 0.000000 0.000000 0.000000 0.000000 0.000000 0.000000 0.000000 0.000000 0.000000 0.000000 0.000000 0.000000 0.000000 0.000000 0.000000 0.000000 0.000000 0.000000 0.000000 0.000000
0.118013 0.126652 0.111061 0.111078 0.112020 0.113116 0.114538 0.116163 0.118080 0.120202 0.122600 0.125208 0.128062 0.131115 0.134370 0.137794 0.141364 0.145042 0.148786 0.152540 0.156225 0.159811 0.163099 0.166356 0.168594 0.171061 0.170067 0.178633 0.185863 0.003769 0.000000 0.000000 0.000000 0.000000 0.000000 0.000000 0.000000 0.000000 0.000000 0.000000 0.000000 0.000000 0.000000 0.000000 0.000000 0.000000 0.000000 0.000000 0.000000 0.000000
0.115018 0.140452 0.124041 0.124086 0.125022 0.126349 0.127905 0.129784 0.131925 0.134357 0.137065 0.140043 0.143289 0.146783 0.150515 0.154459 0.158589 0.162863 0.167250 0.171662 0.176085 0.180351 0.184476 0.188164 0.191531 0.193945 0.195173 0.203951 0.217613 0.002073 0.000000 0.000000 0.000000 0.000000 0.000000 0.000000 0.000000 0.000000 0.000000 0.000000 0.000000 0.000000 0.000000 0.000000 0.000000 0.000000 0.000000 0.000000 0.000000 0.000000
0.140013 0.136638 0.136905 0.136930 0.138017 0.139458 0.141216 0.143283 0.145684 0.148395 0.151434 0.154782 0.158442 0.162396 0.166632 0.171124 0.175842 0.180732 0.185591 0.190451 0.195526 0.200073 0.205828 0.209117 0.215832 0.216113 0.221805 0.226810 0.240035 0.003672 0.000000 0.000000 0.000000 0.000000 0.000000 0.000000 0.000000 0.000000 0.000000 0.000000 0.000000 0.000000 0.000000 0.000000 0.000000 0.000000 0.000000 0.000000 0.000000 0.000000
0.175714 0.164052 0.149191 0.150593 0.152024 0.152138 0.154078 0.156364 0.159017 0.162023 0.165396 0.169123 0.173208 0.177637 0.182399 0.187471 0.192828 0.198418 0.204217 0.210089 0.216089 0.221830 0.227668 0.232565 0.237607 0.240250 0.241539 0.251117 0.266723 0.002394 0.000000 0.000000 0.000000 0.000000 0.000000 0.000000 0.000000 0.000000 0.000000 0.000000 0.000000 0.000000 0.000000 0.000000 0.000000 0.000000 0.000000 0.000000 0.000000 0.000000
0.200755 0.179252 0.161196 0.162416 0.164024 0.166080 0.168577 0.168955 0.171545 0.174956 0.178787 0.183038 0.187658 0.192670 0.197905 0.203587 0.209621 0.215956 0.222572 0.229328 0.236299 0.243062 0.250098 0.256256 0.263146 0.268033 0.274714 0.274887 0.276482 -0.000142 0.000000 0.000000 0.000000 0.000000 0.000000 0.000000 0.000000 0.000000 0.000000 0.000000 0.000000 0.000000 0.000000 0.000000 0.000000 0.000000 0.000000 0.000000 0.000000 0.000000
0.192643 0.188609 0.173204 0.173142 0.174632 0.176476 0.178777 0.181480 0.184634 0.188221 0.192265 0.196763 0.201722 0.207142 0.213018 0.219338 0.226086 0.233213 0.240708 0.248413 0.256414 0.264232 0.272371 0.279512 0.287240 0.292472 0.297319 0.301792 0.302310 0.090523 0.000000 0.000000 0.000000 0.000000 0.000000 0.000000 0.000000 0.000000 0.000000 0.000000 0.000000 0.000000 0.000000 0.000000 0.000000 0.000000 0.000000 0.000000 0.000000 0.000000
0.204227 0.200214 0.184532 0.184457 0.186060 0.188030 0.190501 0.193404 0.196799 0.200669 0.205042 0.209922 0.215322 0.221248 0.227704 0.234685 0.242186 0.250164 0.258620 0.267398 0.276595 0.285714 0.295279 0.303889 0.313157 0.319986 0.327003 0.329855 0.335219 0.210547 0.000000 0.000000 0.000000 0.000000 0.000000 0.000000 0.000000 0.000000 0.000000 0.000000 0.000000 0.000000 0.000000 0.000000 0.000000 0.000000 0.000000 0.000000 0.000000 0.000000
0.197188 0.211465 0.195414 0.195300 0.197042 0.199119 0.201753 0.204846 0.208470 0.212612 0.217305 0.222558 0.228392 0.234822 0.241862 0.249517 0.257793 0.266661 0.276130 0.286054 0.296535 0.307055 0.318139 0.328280 0.339137 0.347149 0.354818 0.361681 0.363681 0.135611 0.000000 0.000000 0.000000 0.000000 0.000000 0.000000 0.000000 0.000000 0.000000 0.000000 0.000000 0.000000 0.000000 0.000000 0.000000 0.000000 0.000000 0.000000 0.000000 0.000000
0.198104 0.221865 0.205817 0.205701 0.207533 0.209723 0.212501 0.215771 0.219610 0.224007 0.229003 0.234613 0.240867 0.247790 0.255409 0.263743 0.272814 0.282614 0.293170 0.304364 0.316301 0.328507 0.341466 0.353661 0.366567 0.376705 0.386916 0.394003 0.404517 0.137567 0.000000 0.000000 0.000000 0.000000 0.000000 0.000000 0.000000 0.000000 0.000000 0.000000 0.000000 0.000000 0.000000 0.000000 0.000000 0.000000 0.000000 0.000000 0.000000 0.000000
0.223527 0.231980 0.215701 0.215625 0.217497 0.219803 0.222706 0.226138 0.230171 0.234803 0.240078 0.246021 0.252670 0.260062 0.268237 0.277234 0.287092 0.297831 0.309495 0.322012 0.335481 0.349512 0.364678 0.379051 0.394281 0.407044 0.417368 0.431584 0.439003 0.283683 0.000000 0.000000 0.000000 0.000000 0.000000 0.000000 0.000000 0.000000 0.000000 0.000000 0.000000 0.000000 0.000000 0.000000 0.000000 0.000000 0.000000 0.000000 0.000000 0.000000
0.282409 0.241685 0.225091 0.225021 0.226952 0.229339 0.232351 0.235919 0.240121 0.244958 0.250480 0.256721 0.263728 0.271551 0.280247 0.289874 0.300497 0.312171 0.324965 0.338884 0.354015 0.370160 0.387770 0.405185 0.423518 0.440667 0.455363 0.472269 0.484679 0.109059 0.000000 0.000000 0.000000 0.000000 0.000000 0.000000 0.000000 0.000000 0.000000 0.000000 0.000000 0.000000 0.000000 0.000000 0.000000 0.000000 0.000000 0.000000 0.000000 0.000000
0.242828 0.231278 0.233915 0.233850 0.235833 0.238297 0.241400 0.245082 0.249423 0.254430 0.260159 0.266651 0.273966 0.282165 0.291320 0.301512 0.312835 0.325387 0.339268 0.354583 0.371408 0.389825 0.410011 0.431142 0.453243 0.476165 0.495341 0.498892 0.515572 0.350233 0.000000 0.000000 0.000000 0.000000 0.000000 0.000000 0.000000 0.000000 0.000000 0.000000 0.000000 0.000000 0.000000 0.000000 0.000000 0.000000 0.000000 0.000000 0.000000 0.000000
0.246034 0.258900 0.242221 0.242144 0.244167 0.246672 0.249841 0.253604 0.258048 0.263182 0.269070 0.275759 0.283315 0.291812 0.301345 0.312020 0.323948 0.337282 0.352149 0.368781 0.387224 0.407916 0.430777 0.455819 0.481851 0.510677 0.535315 0.565219 0.587875 0.391862 0.000000 0.000000 0.000000 0.000000 0.000000 0.000000 0.000000 0.000000 0.000000 0.000000 0.000000 0.000000 0.000000 0.000000 0.000000 0.000000 0.000000 0.000000 0.000000 0.000000
0.307157 0.267141 0.249936 0.249864 0.251915 0.254439 0.257649 0.261459 0.265969 0.271184 0.277174 0.283990 0.291710 0.300425 0.310236 0.321271 0.333669 0.347638 0.363331 0.381145 0.401076 0.424085 0.449704 0.479363 0.510640 0.548723 0.584230 0.603689 0.655607 0.249731 0.000000 0.000000 0.000000 0.000000 0.000000 0.000000 0.000000 0.000000 0.000000 0.000000 0.000000 0.000000 0.000000 0.000000 0.000000 0.000000 0.000000 0.000000 0.000000 0.000000
0.263702 0.274860 0.257054 0.256983 0.259047 0.261583 0.264808 0.268634 0.273166 0.278410 0.284439 0.291312 0.299113 0.307934 0.317890 0.329129 0.341811 0.356188 0.372443 0.391102 0.412167 0.437014 0.464056 0.498817 0.535275 0.582724 0.628910 0.693604 0.740689 0.215829 0.000000 0.000000 0.000000 0.000000 0.000000 0.000000 0.000000 0.000000 0.000000 0.000000 0.000000 0.000000 0.000000 0.000000 0.000000 0.000000 0.000000 0.000000 0.000000 0.000000
0.256007 0.281731 0.263633 0.263540 0.265601 0.268114 0.271322 0.275125 0.279633 0.284850 0.290855 0.297706 0.305486 0.314293 0.324252 0.335522 0.348275 0.362797 0.379294 0.398405 0.420131 0.446252 0.475512 0.513220 0.554365 0.611604 0.672767 0.787334 0.879690 0.294805 0.000000 0.000000 0.000000 0.000000 0.000000 0.000000 0.000000 0.000000 0.000000 0.000000 0.000000 0.000000 0.000000 0.000000 0.000000 0.000000 0.000000 0.000000 0.000000 0.000000
0.247530 0.287942 0.269615 0.269508 0.271551 0.274022 0.277187 0.280931 0.285370 0.290506 0.296419 0.303160 0.310816 0.319485 0.329288 0.340387 0.352956 0.367289 0.383608 0.402579 0.424304 0.450597 0.480644 0.520249 0.566681 0.630149 0.714028 0.872250 1.050506 0.673761 0.000000 0.000000 0.000000 0.000000 0.000000 0.000000 0.000000 0.000000 0.000000 0.000000 0.000000 0.000000 0.000000 0.000000 0.000000 0.000000 0.000000 0.000000 0.000000 0.000000
0.260818 0.293583 0.275045 0.274921 0.276924 0.279329 0.282420 0.286066 0.290392 0.295393 0.301143 0.307692 0.315122 0.323526 0.333018 0.343747 0.355882 0.369695 0.385402 0.403634 0.424519 0.449828 0.478882 0.516383 0.560418 0.621933 0.702008 0.845504 1.121970 1.163753 -0.128004 0.012412 0.027491 0.021558 0.001655 -0.000395 0.032534 0.029468 0.023250 -0.003418 0.007663 0.003158 0.004672 0.006503 0.002423 -0.003447 0.001811 -0.001184 0.001246 0.001687
0.283863 0.298584 0.279915 0.279768 0.281730 0.284043 0.287033 0.290549 0.294720 0.299532 0.305055 0.311334 0.318443 0.326463 0.335492 0.345662 0.357110 0.370073 0.384704 0.401568 0.420584 0.443208 0.468058 0.500225 0.534790 0.583418 0.634582 0.713604 0.643673 0.344019 0.205617 0.093957 0.073830 0.058837 0.035465 0.027318 0.049386 0.042621 0.038361 0.034367 0.027239 0.024958 0.023268 0.021559 0.020640 0.018920 0.018986 0.015610 0.019364 0.009591
0.288243 0.302987 0.284257 0.284070 0.285995 0.288187 0.291054 0.294407 0.298384 0.302957 0.308199 0.314140 0.320844 0.328377 0.336818 0.346269 0.356836 0.368687 0.381940 0.396935 0.413444 0.432541 0.453460 0.478152 0.503086 0.533957 0.560877 0.588195 0.566518 0.459575 0.288807 0.186966 0.141096 0.110248 0.089904 0.074675 0.063695 0.055171 0.048836 0.043812 0.039952 0.036770 0.034403 0.032189 0.031071 0.029105 0.028942 0.026985 0.029503 0.030279
0.292182 0.306757 0.288083 0.287879 0.289728 0.291790 0.294509 0.297672 0.301421 0.305719 0.310631 0.316177 0.322409 0.329374 0.337129 0.345746 0.355287 0.365877 0.377516 0.390364 0.404243 0.419883 0.436583 0.454279 0.470301 0.488252 0.495504 0.501160 0.467948 0.389797 0.285084 0.218264 0.164603 0.134568 0.111021 0.093833 0.080991 0.071072 0.063372 0.057275 0.052437 0.048547 0.045475 0.042988 0.041077 0.040291 0.038435 0.039590 0.042538 0.045377
0.303860 0.309912 0.291425 0.291225 0.292964 0.294888 0.297436 0.300388 0.303881 0.307873 0.312418 0.317526 0.323236 0.329575 0.336580 0.344285 0.352732 0.361945 0.371848 0.382586 0.393923 0.406120 0.418366 0.430537 0.440204 0.448983 0.449288 0.441377 0.413442 0.362355 0.295255 0.240828 0.197710 0.165390 0.140188 0.120983 0.105741 0.093825 0.084243 0.076590 0.070408 0.065386 0.061344 0.058024 0.055391 0.053368 0.052235 0.051772 0.053484 0.051035
0.310929 0.312569 0.294314 0.294123 0.295734 0.297515 0.299877 0.302601 0.305819 0.309481 0.313634 0.318276 0.323431 0.329112 0.335331 0.342106 0.349417 0.357221 0.365501 0.374260 0.383184 0.392315 0.401056 0.408505 0.413361 0.416077 0.411108 0.399769 0.373989 0.335627 0.286502 0.246183 0.208692 0.180443 0.156222 0.137450 0.121902 0.109507 0.099278 0.090953 0.084108 0.078505 0.073915 0.070263 0.067179 0.064954 0.063026 0.063387 0.064966 0.072602
0.301150 0.314837 0.296789 0.296603 0.298077 0.299711 0.301876 0.304361 0.307292 0.310610 0.314355 0.318516 0.323104 0.328113 0.333548 0.339380 0.345552 0.352057 0.358815 0.365716 0.372482 0.378964 0.384722 0.388850 0.390514 0.389490 0.382629 0.370177 0.348206 0.319648 0.283881 0.251099 0.220289 0.194639 0.172205 0.153820 0.138191 0.125375 0.114613 0.105697 0.098255 0.092103 0.086989 0.082864 0.079524 0.076888 0.074836 0.074803 0.075959 0.073854
0.311725 0.316774 0.298883 0.298692 0.300031 0.301513 0.303477 0.305718 0.308355 0.311323 0.314656 0.318333 0.322354 0.326706 0.331363 0.336270 0.341406 0.346711 0.352056 0.357312 0.362203 0.366523 0.370061 0.371629 0.370936 0.367569 0.359519 0.347338 0.328589 0.304894 0.276809 0.250579 0.224614 0.202358 0.182100 0.165028 0.150132 0.137585 0.126863 0.117831 0.110179 0.103781 0.098414 0.094035 0.090412 0.087705 0.085417 0.085434 0.086502 0.099802
0.321493 0.318465 0.300631 0.300426 0.301639 0.302963 0.304727 0.306722 0.309066 0.311686 0.314612 0.317812 0.321285 0.324995 0.328897 0.332965 0.337145 0.341339 0.345425 0.349249 0.352566 0.355198 0.356912 0.356721 0.354536 0.349906 0.341704 0.330230 0.313905 0.294791 0.272433 0.250533 0.228712 0.209050 0.190867 0.174991 0.160889 0.148727 0.138162 0.129128 0.121384 0.114832 0.109289 0.104729 0.100943 0.098027 0.095677 0.095595 0.096441 0.088227
0.325000 0.319952 0.302060 0.301834 0.302932 0.304094 0.305663 0.307413 0.309471 0.311751 0.314282 0.317026 0.319969 0.323062 0.326283 0.329582 0.332881 0.336085 0.339072 0.341681 0.343739 0.345017 0.345401 0.343889 0.340690 0.335344 0.327181 0.316313 0.302436 0.285940 0.267408 0.248966 0.230330 0.213106 0.196887 0.182379 0.169276 0.157748 0.147586 0.138761 0.131116 0.124576 0.118995 0.114372 0.110498 0.107522 0.105099 0.105039 0.106022 0.107318
0.307969 0.321134 0.303220 0.302969 0.303967 0.304962 0.306347 0.307855 0.309639 0.311589 0.313746 0.316054 0.318492 0.321030 0.323627 0.326218 0.328730 0.331067 0.333106 0.334728 0.335747 0.335954 0.335319 0.332932 0.329118 0.323468 0.315610 0.305615 0.293402 0.279240 0.263602 0.247734 0.231667 0.216428 0.201922 0.188654 0.176509 0.165639 0.155938 0.147399 0.139924 0.133474 0.127920 0.123287 0.119377 0.116356 0.113871 0.113828 0.114290 0.114676
0.305754 0.322493 0.304107 0.303834 0.304734 0.305561 0.306771 0.308045 0.309571 0.311211 0.313016 0.314911 0.316898 0.318928 0.320953 0.322911 0.324730 0.326315 0.327569 0.328365 0.328539 0.327926 0.326553 0.323544 0.319347 0.313594 0.306072 0.296845 0.286069 0.273531 0.260026 0.246210 0.232180 0.218654 0.205653 0.193561 0.182364 0.172197 0.163023 0.154854 0.147630 0.141346 0.135893 0.131320 0.127425 0.124423 0.121908 0.121883 0.118215 0.116474
0.306660 0.302023 0.304827 0.304522 0.305374 0.306008 0.307085 0.308112 0.309411 0.310746 0.312224 0.313746 0.315322 0.316888 0.318402 0.319805 0.321022 0.321976 0.322569 0.322682 0.322188 0.320946 0.319003 0.315838 0.311206 0.305488 0.298345 0.289826 0.280084 0.269003 0.257156 0.244957 0.232565 0.220461 0.208742 0.197696 0.187365 0.177872 0.169220 0.161443 0.154504 0.148424 0.143108 0.138633 0.134784 0.131833 0.129302 0.129278 0.125775 0.120066
0.301186 0.324226 0.305255 0.304922 0.305681 0.306150 0.307041 0.307892 0.308947 0.310041 0.311226 0.312417 0.313621 0.314770 0.315833 0.316747 0.317447 0.317863 0.317900 0.317461 0.316437 0.314717 0.312472 0.308715 0.304211 0.298592 0.291809 0.283907 0.275166 0.265093 0.254552 0.243672 0.232619 0.221721 0.211110 0.200995 0.191461 0.182610 0.174476 0.167102 0.160471 0.154623 0.149469 0.145133 0.141341 0.138477 0.135961 0.135922 0.132665 0.139068
0.301813 0.303227 0.305709 0.305296 0.306163 0.306332 0.307283 0.307769 0.308740 0.309497 0.310450 0.311314 0.312190 0.312977 0.313654 0.314158 0.314430 0.314399 0.313985 0.313105 0.311670 0.309588 0.306989 0.303134 0.298600 0.293117 0.286670 0.279297 0.271168 0.262110 0.252595 0.242764 0.232782 0.222880 0.213195 0.203905 0.195066 0.186798 0.179142 0.172153 0.165823 0.160218 0.155249 0.151053 0.147346 0.144585 0.142049 0.142009 0.138837 0.145798
0.308350 0.325323 0.305698 0.305241 0.305771 0.306006 0.306350 0.307108 0.307558 0.308434 0.309101 0.309747 0.310330 0.310790 0.311122 0.311260 0.311152 0.310738 0.309949 0.308712 0.306952 0.304597 0.301888 0.297840 0.293321 0.287994 0.281862 0.274957 0.267730 0.259153 0.250517 0.241593 0.232574 0.223543 0.214691 0.206086 0.197886 0.190149 0.182945 0.176326 0.170293 0.164939 0.160136 0.156134 0.152440 0.149829 0.147259 0.147207 0.142208 0.145303
0.302625 0.304453 0.306155 0.305407 0.306330 0.306058 0.307258 0.306871 0.307956 0.307917 0.308758 0.309033 0.309418 0.309597 0.309689 0.309567 0.309180 0.308484 0.307415 0.305912 0.303913 0.301360 0.298343 0.294410 0.289932 0.284751 0.278879 0.272348 0.265025 0.257593 0.249583 0.241313 0.232957 0.224585 0.216370 0.208490 0.200765 0.193469 0.186635 0.180329 0.174524 0.169440 0.164893 0.160937 0.157385 0.154955 0.152170 0.152119 0.149677 0.153422
0.302656 0.326297 0.305664 0.304761 0.304324 0.304958 0.304677 0.305479 0.305279 0.306162 0.306143 0.306728 0.306892 0.306821 0.306640 0.306223 0.305550 0.304586 0.303265 0.301541 0.299352 0.296651 0.294067 0.289583 0.285172 0.280154 0.274552 0.268389 0.262636 0.254646 0.247372 0.239774 0.232452 0.224808 0.217411 0.209793 0.202544 0.195673 0.189210 0.183217 0.177675 0.172835 0.168441 0.164865 0.161047 0.158806 0.155854 0.155814 0.152085 0.154544
0.318669 0.325984 0.307094 0.304569 0.308697 0.304432 0.308706 0.304845 0.308642 0.305263 0.307632 0.306363 0.307145 0.306834 0.306797 0.306355 0.305576 0.304502 0.303065 0.301227 0.298931 0.296132 0.292652 0.289018 0.284678 0.279782 0.274355 0.268428 0.262565 0.255360 0.248363 0.241123 0.233820 0.226360 0.219109 0.211973 0.205107 0.198556 0.192359 0.186567 0.181218 0.176623 0.172664 0.168836 0.165786 0.163266 0.160526 0.159945 0.157640 0.158266
0.317814 0.325208 0.305281 0.302520 0.303052 0.301998 0.303025 0.302149 0.303236 0.302760 0.302673 0.302811 0.302433 0.302055 0.301472 0.300755 0.299731 0.298450 0.296839 0.294870 0.292474 0.289610 0.286311 0.282476 0.278231 0.273521 0.268377 0.262824 0.261117 0.250766 0.244603 0.237718 0.231688 0.224434 0.218205 0.211495 0.205252 0.199233 0.193339 0.187700 0.182317 0.178313 0.172037 0.170720 0.164456 0.165266 0.160112 0.161914 0.159495 0.162527
0.361097 0.326085 0.308260 0.304780 0.312244 0.306389 0.311574 0.307024 0.311054 0.307899 0.309939 0.307312 0.307738 0.308053 0.307165 0.306631 0.305568 0.304426 0.302755 0.300811 0.298382 0.295437 0.292108 0.288240 0.284004 0.279343 0.274224 0.268737 0.259380 0.256667 0.250179 0.243590 0.236880 0.229986 0.223339 0.216774 0.210459 0.204250 0.198603 0.193168 0.188303 0.183921 0.179718 0.176618 0.172739 0.170992 0.167008 0.166193 0.162961 0.164312
0.339883 0.329631 0.305127 0.295751 0.298333 0.294576 0.296584 0.295183 0.295888 0.295832 0.296000 0.296083 0.295251 0.294809 0.294147 0.293146 0.291888 0.290399 0.288580 0.286444 0.283971 0.280986 0.277855 0.274022 0.269998 0.265642 0.260754 0.255866 0.258952 0.244890 0.238785 0.232603 0.227249 0.220387 0.214466 0.208762 0.201900 0.197140 0.191122 0.186724 0.181189 0.177857 0.172314 0.170872 0.164489 0.166070 0.160360 0.166728 0.168283 0.172183
0.307711 0.316263 0.306060 0.304996 0.307247 0.306683 0.306960 0.306752 0.306744 0.306168 0.305863 0.305314 0.304757 0.303905 0.303111 0.301932 0.300592 0.298979 0.297055 0.294857 0.292249 0.289253 0.285866 0.282020 0.277784 0.273157 0.268099 0.262745 0.256777 0.251048 0.244810 0.238471 0.232084 0.225593 0.219180 0.213078 0.206954 0.201285 0.195769 0.190605 0.185873 0.181469 0.177548 0.174221 0.171099 0.169217 0.169451 0.166409 0.166067 0.165405
0.329052 0.312963 0.311806 0.293671 0.293858 0.299684 0.299835 0.320829 0.300714 0.300734 0.319672 0.319159 0.318698 0.319557 0.319325 0.318579 0.317498 0.316698 0.315187 0.313341 0.310540 0.283125 0.303588 0.299401 0.292574 0.290100 0.284703 0.279335 0.273391 0.266174 0.262005 0.255041 0.248253 0.240733 0.234953 0.228016 0.221539 0.215544 0.209806 0.204545 0.199320 0.194823 0.195875 0.186488 0.166412 0.165469 0.161454 0.159331 0.171269 0.147482
0.309341 0.307295 0.279237 0.298592 0.299399 0.281647 0.281676 0.301120 0.281652 0.301546 0.282553 0.281166 0.309730 0.279925 0.300488 0.299187 0.277063 0.296301 0.272513 0.292724 0.296432 0.286084 0.289575 0.259208 0.254652 0.271811 0.242692 0.237440 0.235462 0.254745 0.245159 0.239062 0.235114 0.197987 0.205837 0.192072 0.203611 0.189766 0.194666 0.194374 0.178543 0.162570 0.181170 0.177222 0.163356 0.170825 0.173140 0.158908 0.151109 0.170114
