-0.003209 -0.019629 -0.045621 -0.044748 -0.066355 -0.077750 -0.100063 -0.114265 -0.117308 -0.141938 -0.147329 -0.162924 -0.191238 -0.200608 -0.212740 -0.248383 -0.292406 -0.291444 -0.330403 -0.273078 -0.359298 -0.346839 -0.430471 -0.374111 -0.385886 -0.452469 -0.494598 -0.482351 -0.478866 -0.509867 0.000000 0.000000 0.000000 0.000000 0.000000 0.000000 0.000000 0.000000 0.000000 0.000000 0.000000 0.000000 0.000000 0.000000 0.000000 0.000000 0.000000 0.000000 0.000000 0.000000
-0.000123 -0.025038 -0.032315 -0.052997 -0.068664 -0.084739 -0.097052 -0.109649 -0.124375 -0.139438 -0.166999 -0.170802 -0.180532 -0.215652 -0.214141 -0.231496 -0.270147 -0.288963 -0.308451 -0.305294 -0.324926 -0.344716 -0.392145 -0.405049 -0.416735 -0.435642 -0.465628 -0.461877 -0.575514 -0.519086 0.000000 0.000000 0.000000 0.000000 0.000000 0.000000 0.000000 0.000000 0.000000 0.000000 0.000000 0.000000 0.000000 0.000000 0.000000 0.000000 0.000000 0.000000 0.000000 0.000000
0.007173 -0.014410 -0.040363 -0.055246 -0.055692 -0.069862 -0.084602 -0.099178 -0.114210 -0.129197 -0.144572 -0.160245 -0.176196 -0.192555 -0.209262 -0.226306 -0.243864 -0.261498 -0.280205 -0.298163 -0.318334 -0.335221 -0.359237 -0.370608 -0.407615 -0.404313 -0.471643 -0.432433 -0.576763 -0.538135 0.000000 0.000000 0.000000 0.000000 0.000000 0.000000 0.000000 0.000000 0.000000 0.000000 0.000000 0.000000 0.000000 0.000000 0.000000 0.000000 0.000000 0.000000 0.000000 0.000000
-0.009282 -0.013391 -0.038980 -0.041375 -0.056544 -0.069920 -0.084828 -0.099085 -0.114052 -0.129056 -0.144379 -0.160049 -0.175960 -0.192330 -0.208964 -0.225970 -0.243528 -0.261304 -0.279869 -0.298069 -0.318017 -0.335431 -0.358458 -0.372665 -0.400676 -0.410431 -0.434865 -0.477565 -0.545699 -0.518965 0.000000 0.000000 0.000000 0.000000 0.000000 0.000000 0.000000 0.000000 0.000000 0.000000 0.000000 0.000000 0.000000 0.000000 0.000000 0.000000 0.000000 0.000000 0.000000 0.000000
-0.003235 -0.022498 -0.039943 -0.041097 -0.056182 -0.069323 -0.084296 -0.098128 -0.113255 -0.127778 -0.143322 -0.158606 -0.174700 -0.190873 -0.207589 -0.224612 -0.242172 -0.260033 -0.278723 -0.297223 -0.317588 -0.335695 -0.358475 -0.373146 -0.396247 -0.405950 -0.416091 -0.465649 -0.540567 -0.509642 0.000000 0.000000 0.000000 0.000000 0.000000 0.000000 0.000000 0.000000 0.000000 0.000000 0.000000 0.000000 0.000000 0.000000 0.000000 0.000000 0.000000 0.000000 0.000000 0.000000
-0.001737 -0.011345 -0.039288 -0.040606 -0.055193 -0.068671 -0.083020 -0.097352 -0.111975 -0.126860 -0.141992 -0.157420 -0.173233 -0.189311 -0.205857 -0.222737 -0.240212 -0.257895 -0.276495 -0.294733 -0.315003 -0.333008 -0.356313 -0.371903 -0.399544 -0.413286 -0.433222 -0.477280 -0.548439 -0.522432 0.000000 0.000000 0.000000 0.000000 0.000000 0.000000 0.000000 0.000000 0.000000 0.000000 0.000000 0.000000 0.000000 0.000000 0.000000 0.000000 0.000000 0.000000 0.000000 0.000000
-0.001918 -0.012720 -0.038552 -0.039857 -0.054824 -0.067868 -0.082341 -0.096319 -0.110807 -0.125420 -0.140352 -0.155601 -0.171211 -0.187196 -0.203633 -0.220490 -0.237879 -0.255657 -0.274268 -0.292733 -0.313087 -0.331361 -0.354019 -0.369873 -0.392823 -0.406123 -0.413551 -0.474738 -0.548290 -0.513782 0.000000 0.000000 0.000000 0.000000 0.000000 0.000000 0.000000 0.000000 0.000000 0.000000 0.000000 0.000000 0.000000 0.000000 0.000000 0.000000 0.000000 0.000000 0.000000 0.000000
-0.004470 -0.009509 -0.038045 -0.039430 -0.054036 -0.066816 -0.081143 -0.094819 -0.109197 -0.120787 -0.135716 -0.150840 -0.166280 -0.184711 -0.201004 -0.217729 -0.235016 -0.252687 -0.271203 -0.289634 -0.309880 -0.328392 -0.351391 -0.368613 -0.393782 -0.409684 -0.417288 -0.445658 -0.544211 -0.460231 0.000000 0.000000 0.000000 0.000000 0.000000 0.000000 0.000000 0.000000 0.000000 0.000000 0.000000 0.000000 0.000000 0.000000 0.000000 0.000000 0.000000 0.000000 0.000000 0.000000
-0.001691 -0.008423 -0.037297 -0.038656 -0.053070 -0.065658 -0.079726 -0.093176 -0.107307 -0.121446 -0.136022 -0.150864 -0.166124 -0.181774 -0.197902 -0.214492 -0.231673 -0.249283 -0.267783 -0.286268 -0.306589 -0.325246 -0.348086 -0.365447 -0.389537 -0.405036 -0.412647 -0.444625 -0.542779 -0.493321 0.000000 0.000000 0.000000 0.000000 0.000000 0.000000 0.000000 0.000000 0.000000 0.000000 0.000000 0.000000 0.000000 0.000000 0.000000 0.000000 0.000000 0.000000 0.000000 0.000000
-0.012855 -0.006814 -0.036553 -0.037858 -0.052007 -0.064291 -0.078101 -0.091267 -0.105150 -0.119020 -0.133349 -0.147942 -0.162966 -0.178395 -0.194318 -0.210728 -0.227762 -0.245260 -0.263703 -0.282194 -0.302611 -0.321517 -0.344842 -0.363081 -0.388924 -0.407505 -0.422597 -0.442354 -0.545892 -0.496880 0.000000 0.000000 0.000000 0.000000 0.000000 0.000000 0.000000 0.000000 0.000000 0.000000 0.000000 0.000000 0.000000 0.000000 0.000000 0.000000 0.000000 0.000000 0.000000 0.000000
-0.002247 -0.024499 -0.035689 -0.036880 -0.050813 -0.062779 -0.076292 -0.089154 -0.102731 -0.116302 -0.130332 -0.144636 -0.159379 -0.174543 -0.190221 -0.206414 -0.223275 -0.240742 -0.259306 -0.276950 -0.298551 -0.313786 -0.342082 -0.350198 -0.392539 -0.384106 -0.446809 -0.441770 -0.547848 -0.499639 0.000000 0.000000 0.000000 0.000000 0.000000 0.000000 0.000000 0.000000 0.000000 0.000000 0.000000 0.000000 0.000000 0.000000 0.000000 0.000000 0.000000 0.000000 0.000000 0.000000
-0.028403 -0.024880 -0.033843 -0.048832 -0.060221 -0.061104 -0.074284 -0.086802 -0.100039 -0.113270 -0.126961 -0.140932 -0.155350 -0.170202 -0.185586 -0.201510 -0.218133 -0.235295 -0.253544 -0.271926 -0.292486 -0.311552 -0.335427 -0.354024 -0.380497 -0.399451 -0.414077 -0.416035 -0.550253 -0.496981 0.000000 0.000000 0.000000 0.000000 0.000000 0.000000 0.000000 0.000000 0.000000 0.000000 0.000000 0.000000 0.000000 0.000000 0.000000 0.000000 0.000000 0.000000 0.000000 0.000000
-0.031298 -0.003128 -0.031266 -0.043645 -0.056350 -0.069253 -0.082416 -0.083513 -0.095816 -0.109307 -0.122946 -0.136782 -0.150926 -0.165465 -0.180386 -0.195983 -0.212316 -0.229228 -0.247309 -0.265558 -0.286164 -0.305272 -0.329540 -0.348468 -0.375827 -0.395893 -0.412768 -0.411319 -0.519877 -0.499744 0.000000 0.000000 0.000000 0.000000 0.000000 0.000000 0.000000 0.000000 0.000000 0.000000 0.000000 0.000000 0.000000 0.000000 0.000000 0.000000 0.000000 0.000000 0.000000 0.000000
0.018684 -0.024258 -0.032614 -0.033550 -0.046441 -0.057290 -0.069683 -0.081413 -0.093844 -0.106268 -0.119143 -0.132303 -0.145912 -0.159973 -0.174593 -0.189793 -0.205763 -0.222344 -0.240173 -0.258198 -0.278754 -0.297751 -0.322241 -0.340972 -0.368679 -0.387058 -0.401425 -0.414948 -0.518946 -0.505097 0.000000 0.000000 0.000000 0.000000 0.000000 0.000000 0.000000 0.000000 0.000000 0.000000 0.000000 0.000000 0.000000 0.000000 0.000000 0.000000 0.000000 0.000000 0.000000 0.000000
0.015808 -0.023545 -0.031398 -0.032253 -0.044727 -0.055150 -0.067095 -0.078377 -0.090344 -0.102301 -0.114695 -0.127370 -0.140488 -0.154057 -0.168190 -0.182916 -0.198442 -0.214606 -0.232109 -0.249849 -0.270345 -0.289305 -0.314261 -0.333618 -0.362679 -0.384338 -0.403129 -0.408093 -0.518249 -0.450282 0.000000 0.000000 0.000000 0.000000 0.000000 0.000000 0.000000 0.000000 0.000000 0.000000 0.000000 0.000000 0.000000 0.000000 0.000000 0.000000 0.000000 0.000000 0.000000 0.000000
-0.013619 -0.022785 -0.030091 -0.030891 -0.042891 -0.052867 -0.064325 -0.075125 -0.086587 -0.098030 -0.109895 -0.122027 -0.134589 -0.147593 -0.161157 -0.175313 -0.190285 -0.205910 -0.222941 -0.240220 -0.260440 -0.279057 -0.304286 -0.323076 -0.352496 -0.372424 -0.389108 -0.401714 -0.515652 -0.513090 0.000000 0.000000 0.000000 0.000000 0.000000 0.000000 0.000000 0.000000 0.000000 0.000000 0.000000 0.000000 0.000000 0.000000 0.000000 0.000000 0.000000 0.000000 0.000000 0.000000
-0.004121 -0.022978 -0.028675 -0.029539 -0.040926 -0.050452 -0.061380 -0.071668 -0.082584 -0.093471 -0.104754 -0.116286 -0.128226 -0.140589 -0.153497 -0.166986 -0.181298 -0.196269 -0.212717 -0.229437 -0.249342 -0.267677 -0.292839 -0.312580 -0.343584 -0.367178 -0.389517 -0.396528 -0.511718 -0.510489 0.000000 0.000000 0.000000 0.000000 0.000000 0.000000 0.000000 0.000000 0.000000 0.000000 0.000000 0.000000 0.000000 0.000000 0.000000 0.000000 0.000000 0.000000 0.000000 0.000000
0.001395 -0.022556 -0.027227 -0.028039 -0.038886 -0.047910 -0.058286 -0.068022 -0.078356 -0.088641 -0.099293 -0.110165 -0.121413 -0.133053 -0.145206 -0.157909 -0.171414 -0.185554 -0.201193 -0.217082 -0.236299 -0.253889 -0.280875 -0.297905 -0.329306 -0.351581 -0.373634 -0.386849 -0.504116 -0.449487 0.000000 0.000000 0.000000 0.000000 0.000000 0.000000 0.000000 0.000000 0.000000 0.000000 0.000000 0.000000 0.000000 0.000000 0.000000 0.000000 0.000000 0.000000 0.000000 0.000000
-0.007358 -0.022040 -0.025717 -0.026471 -0.036766 -0.045255 -0.055055 -0.064208 -0.073924 -0.083568 -0.093540 -0.103696 -0.114186 -0.125023 -0.136326 -0.148131 -0.160701 -0.173865 -0.188536 -0.203442 -0.221841 -0.238666 -0.265226 -0.282645 -0.315356 -0.342177 -0.371531 -0.373448 -0.505655 -0.462125 0.000000 0.000000 0.000000 0.000000 0.000000 0.000000 0.000000 0.000000 0.000000 0.000000 0.000000 0.000000 0.000000 0.000000 0.000000 0.000000 0.000000 0.000000 0.000000 0.000000
0.001279 -0.025434 -0.024190 -0.024879 -0.034589 -0.042524 -0.051717 -0.060259 -0.069323 -0.078286 -0.087534 -0.096920 -0.106585 -0.116536 -0.126884 -0.137659 -0.149118 -0.161084 -0.174483 -0.188021 -0.205038 -0.220405 -0.245884 -0.261777 -0.293724 -0.318819 -0.344705 -0.363747 -0.495998 -0.453810 0.000000 0.000000 0.000000 0.000000 0.000000 0.000000 0.000000 0.000000 0.000000 0.000000 0.000000 0.000000 0.000000 0.000000 0.000000 0.000000 0.000000 0.000000 0.000000 0.000000
0.003038 -0.020007 -0.022574 -0.023183 -0.032342 -0.039705 -0.048284 -0.056195 -0.064584 -0.072836 -0.081322 -0.089892 -0.098674 -0.107668 -0.116975 -0.126616 -0.136838 -0.147446 -0.159377 -0.171320 -0.186687 -0.200339 -0.224081 -0.238979 -0.270104 -0.297597 -0.328461 -0.344743 -0.492068 -0.453268 0.000000 0.000000 0.000000 0.000000 0.000000 0.000000 0.000000 0.000000 0.000000 0.000000 0.000000 0.000000 0.000000 0.000000 0.000000 0.000000 0.000000 0.000000 0.000000 0.000000
-0.010304 -0.020720 -0.021031 -0.021578 -0.030087 -0.036869 -0.044802 -0.052063 -0.059753 -0.067270 -0.074962 -0.082677 -0.090528 -0.098507 -0.106690 -0.115076 -0.123885 -0.132919 -0.143041 -0.153002 -0.166029 -0.177251 -0.197848 -0.210318 -0.238905 -0.264594 -0.295633 -0.312972 -0.481184 -0.513996 0.000000 0.000000 0.000000 0.000000 0.000000 0.000000 0.000000 0.000000 0.000000 0.000000 0.000000 0.000000 0.000000 0.000000 0.000000 0.000000 0.000000 0.000000 0.000000 0.000000
0.014788 -0.019819 -0.019411 -0.019892 -0.027797 -0.033991 -0.041282 -0.047887 -0.054869 -0.061637 -0.068518 -0.075356 -0.082250 -0.089160 -0.096151 -0.103203 -0.110490 -0.117808 -0.125904 -0.133625 -0.143839 -0.152203 -0.168288 -0.177857 -0.201166 -0.223252 -0.251269 -0.267217 -0.463641 -0.514066 0.000000 0.000000 0.000000 0.000000 0.000000 0.000000 0.000000 0.000000 0.000000 0.000000 0.000000 0.000000 0.000000 0.000000 0.000000 0.000000 0.000000 0.000000 0.000000 0.000000
0.001255 -0.019229 -0.017818 -0.018231 -0.025516 -0.031130 -0.037770 -0.043718 -0.049986 -0.056000 -0.062065 -0.068017 -0.073923 -0.079743 -0.085504 -0.091165 -0.096840 -0.102307 -0.108163 -0.113329 -0.120224 -0.124941 -0.135834 -0.140314 -0.156036 -0.171769 -0.191737 -0.236543 -0.416532 -0.461849 0.000000 0.000000 0.000000 0.000000 0.000000 0.000000 0.000000 0.000000 0.000000 0.000000 0.000000 0.000000 0.000000 0.000000 0.000000 0.000000 0.000000 0.000000 0.000000 0.000000
0.002811 -0.018708 -0.016232 -0.016582 -0.023253 -0.028292 -0.034290 -0.039589 -0.045151 -0.050421 -0.055677 -0.060740 -0.065669 -0.070399 -0.074929 -0.079189 -0.083227 -0.086808 -0.090332 -0.092845 -0.096120 -0.096982 -0.100854 -0.100206 -0.105298 -0.108069 -0.110658 -0.132876 -0.248564 -0.457334 0.000000 0.000000 0.000000 0.000000 0.000000 0.000000 0.000000 0.000000 0.000000 0.000000 0.000000 0.000000 0.000000 0.000000 0.000000 0.000000 0.000000 0.000000 0.000000 0.000000
-0.007364 -0.018190 -0.014682 -0.014981 -0.021034 -0.025517 -0.030880 -0.035547 -0.040419 -0.044966 -0.049424 -0.053627 -0.057603 -0.061274 -0.064607 -0.067502 -0.069945 -0.071670 -0.072903 -0.072687 -0.072346 -0.068561 -0.066346 -0.054431 -0.045167 -0.020106 0.006139 0.061767 0.359617 -0.221803 0.609073 0.432596 0.437136 0.312166 0.306816 0.267947 0.258856 0.226227 0.198549 0.159950 0.128756 0.131832 0.092998 0.081379 0.079204 0.052196 0.049170 0.026584 0.022196 0.000981
0.002557 -0.017777 -0.013164 -0.013409 -0.018876 -0.022819 -0.027571 -0.031627 -0.035841 -0.039685 -0.043385 -0.046766 -0.049838 -0.052506 -0.054710 -0.056328 -0.057283 -0.057294 -0.056411 -0.053764 -0.050031 -0.042355 -0.033556 -0.016023 0.005143 0.041060 0.095463 0.189020 0.385609 0.744186 0.549404 0.449102 0.356079 0.310884 0.290378 0.255859 0.226736 0.199166 0.175716 0.154142 0.143977 0.125066 0.107608 0.091149 0.075845 0.060933 0.047078 0.031999 0.019184 0.000883
0.002522 -0.017559 -0.011702 -0.011937 -0.016787 -0.020232 -0.024390 -0.027873 -0.031453 -0.034639 -0.037627 -0.040241 -0.042477 -0.044226 -0.045408 -0.045883 -0.045531 -0.044072 -0.041411 -0.036806 -0.030310 -0.019884 -0.008055 0.013648 0.039212 0.081195 0.135883 0.214234 0.339326 0.483485 0.477427 0.392547 0.347393 0.298928 0.264882 0.233496 0.206931 0.182777 0.161399 0.141878 0.124007 0.107520 0.091970 0.077658 0.063522 0.050831 0.037066 0.036629 0.018996 0.002184
0.002506 -0.017493 -0.010301 -0.010555 -0.014784 -0.017775 -0.021365 -0.024315 -0.027299 -0.029876 -0.032207 -0.034122 -0.035602 -0.036531 -0.036817 -0.036306 -0.034861 -0.032189 -0.028166 -0.021943 -0.013775 -0.002073 0.012513 0.033657 0.059925 0.097339 0.144621 0.207543 0.289197 0.357709 0.371747 0.342844 0.311945 0.279808 0.251353 0.224134 0.200212 0.177850 0.157769 0.139153 0.121980 0.106040 0.090845 0.076938 0.062720 0.051113 0.036496 0.035480 0.020418 0.000011
0.002513 -0.017504 -0.008980 -0.009254 -0.012897 -0.015464 -0.018525 -0.020975 -0.023413 -0.025434 -0.027171 -0.028464 -0.029280 -0.029504 -0.029032 -0.027721 -0.025400 -0.021848 -0.016702 -0.009671 -0.000588 0.011697 0.026752 0.047581 0.072654 0.105775 0.144882 0.192107 0.244535 0.287600 0.299770 0.289686 0.272503 0.248973 0.228326 0.206226 0.186422 0.167097 0.149296 0.132429 0.116576 0.101686 0.087324 0.074030 0.060558 0.048655 0.036145 0.034693 0.021269 0.004201
0.019737 -0.017756 -0.007751 -0.008044 -0.011140 -0.013314 -0.015882 -0.017878 -0.019820 -0.021342 -0.022554 -0.023304 -0.023553 -0.023186 -0.022104 -0.020154 -0.017206 -0.012915 -0.007249 0.000216 0.009659 0.021836 0.036808 0.055790 0.078233 0.105685 0.137108 0.172478 0.208283 0.237552 0.249658 0.247239 0.237874 0.222981 0.207195 0.189830 0.173164 0.156497 0.140687 0.125436 0.110868 0.097045 0.083535 0.071024 0.058077 0.046741 0.033934 0.032907 0.021680 0.013560
0.002366 -0.017910 -0.006618 -0.006912 -0.009524 -0.011332 -0.013451 -0.015039 -0.016537 -0.017621 -0.018378 -0.018666 -0.018443 -0.017603 -0.016041 -0.013643 -0.010173 -0.005575 0.000369 0.007938 0.017332 0.029024 0.043028 0.060157 0.079860 0.102951 0.128218 0.155298 0.180600 0.201562 0.211552 0.212276 0.207326 0.197262 0.185744 0.172169 0.158551 0.144503 0.130795 0.117297 0.104153 0.091512 0.079011 0.067300 0.055234 0.044481 0.032299 0.031278 0.021649 0.001730
0.003310 -0.018037 -0.005582 -0.005873 -0.008050 -0.009528 -0.011241 -0.012468 -0.013574 -0.014281 -0.014650 -0.014556 -0.013956 -0.012744 -0.010844 -0.008070 -0.004392 0.000366 0.006353 0.013795 0.022821 0.033795 0.046617 0.061576 0.078530 0.097590 0.117793 0.138489 0.157507 0.173006 0.181650 0.183900 0.181452 0.174919 0.166377 0.155860 0.144710 0.132874 0.120997 0.109091 0.097289 0.085799 0.074302 0.063432 0.052110 0.042113 0.030601 0.029524 0.021368 0.017681
0.020157 -0.017914 -0.004643 -0.004918 -0.006722 -0.007902 -0.009254 -0.010167 -0.010935 -0.011322 -0.011369 -0.010970 -0.010073 -0.008599 -0.006419 -0.003500 0.000280 0.005037 0.010912 0.018025 0.026560 0.036522 0.048062 0.061148 0.075668 0.091489 0.107803 0.124046 0.138502 0.150371 0.157495 0.160151 0.159142 0.154766 0.148438 0.140228 0.131142 0.121247 0.111028 0.100620 0.090118 0.079766 0.069288 0.059314 0.048802 0.039510 0.028740 0.027703 0.020711 0.000909
0.020379 -0.017669 -0.003801 -0.004058 -0.005531 -0.006452 -0.007490 -0.008134 -0.008614 -0.008737 -0.008526 -0.007886 -0.006777 -0.005088 -0.002799 0.000187 0.003954 0.008607 0.014221 0.020946 0.028745 0.037754 0.048023 0.059337 0.071666 0.084754 0.097977 0.110851 0.122187 0.131495 0.137481 0.140189 0.139977 0.137078 0.132326 0.125892 0.118456 0.110165 0.101396 0.092305 0.082999 0.073716 0.064216 0.055112 0.045430 0.036868 0.026798 0.025855 0.020047 -0.002393
0.002129 -0.017386 -0.003057 -0.003300 -0.004477 -0.005178 -0.005942 -0.006363 -0.006601 -0.006514 -0.006097 -0.005285 -0.004004 -0.002231 0.000108 0.003078 0.006755 0.011198 0.016510 0.022678 0.029782 0.037843 0.046873 0.056646 0.067108 0.077987 0.088800 0.099142 0.108113 0.115600 0.120572 0.123088 0.123293 0.121328 0.117719 0.112624 0.106520 0.099569 0.092058 0.084150 0.075938 0.067660 0.059099 0.050840 0.041978 0.034128 0.024810 0.023945 0.019856 -0.000470
-0.007686 0.012135 -0.002403 -0.002636 -0.003551 -0.004077 -0.004602 -0.004846 -0.004882 -0.004633 -0.004062 -0.003115 -0.001761 0.000051 0.002376 0.005270 0.008780 0.012980 0.017871 0.023505 0.029903 0.037054 0.044945 0.053342 0.062199 0.071254 0.080143 0.088523 0.095735 0.101843 0.106002 0.108265 0.108677 0.107335 0.104554 0.100483 0.095446 0.089601 0.083165 0.076301 0.069075 0.061724 0.054047 0.046595 0.038528 0.031378 0.022781 0.022013 0.004628 0.000995
-0.007702 -0.001561 -0.001850 -0.002080 -0.002762 -0.003146 -0.003462 -0.003565 -0.003436 -0.003068 -0.002377 -0.001373 0.000015 0.001813 0.004077 0.006838 0.010150 0.014029 0.018503 0.023597 0.029306 0.035603 0.042449 0.049712 0.057159 0.064721 0.072073 0.078921 0.084735 0.089797 0.093269 0.095250 0.095742 0.094802 0.092627 0.089338 0.085160 0.080232 0.074721 0.068771 0.062439 0.055932 0.049090 0.042399 0.035108 0.028631 0.020776 0.020091 0.003073 0.004449
0.000169 0.012857 -0.001366 -0.001604 -0.002075 -0.002368 -0.002501 -0.002521 -0.002246 -0.001806 -0.001040 -0.000015 0.001373 0.003121 0.005281 0.007878 0.010943 0.014488 0.018539 0.023096 0.028146 0.033655 0.039568 0.045741 0.052079 0.058400 0.064492 0.070127 0.074805 0.079066 0.081967 0.083679 0.084182 0.083511 0.081789 0.079106 0.075623 0.071459 0.066742 0.061593 0.056068 0.050335 0.044273 0.038296 0.031756 0.025922 0.018787 0.018188 0.001621 -0.000303
0.000238 -0.000977 -0.001014 -0.001288 -0.001542 -0.001785 -0.001719 -0.001656 -0.001274 -0.000771 0.000002 0.001017 0.002360 0.004016 0.006042 0.008445 0.011242 0.014451 0.018078 0.022117 0.026549 0.031337 0.036406 0.041690 0.047040 0.052333 0.057388 0.062045 0.065796 0.069428 0.071854 0.073320 0.073792 0.073291 0.071900 0.069688 0.066775 0.063249 0.059216 0.054771 0.049972 0.044944 0.039613 0.034295 0.028482 0.023279 0.016836 0.016343 0.000211 0.000140
-0.007601 0.013461 -0.000638 -0.000997 -0.001077 -0.001246 -0.001230 -0.001061 -0.000687 -0.000097 0.000774 0.001719 0.003031 0.004578 0.006456 0.008640 0.011161 0.014026 0.017232 0.020770 0.024621 0.028750 0.033076 0.037567 0.042068 0.046480 0.050671 0.054516 0.057427 0.060605 0.062622 0.063865 0.064297 0.063921 0.062810 0.060974 0.058513 0.055534 0.052098 0.048277 0.044141 0.039776 0.035118 0.030416 0.025316 0.020655 0.014883 0.014512 0.017763 0.005057
0.000984 -0.000786 -0.000590 -0.001019 -0.000849 -0.000968 -0.000760 -0.000602 -0.000143 0.000464 0.001239 0.002244 0.003395 0.004801 0.006505 0.008458 0.010706 0.013237 0.016043 0.019113 0.022429 0.025962 0.029626 0.033431 0.037202 0.040874 0.044350 0.047533 0.049607 0.052595 0.054292 0.055374 0.055737 0.055402 0.054437 0.052832 0.050813 0.048298 0.045393 0.042126 0.038592 0.034807 0.030852 0.026623 0.022229 0.018141 0.012933 0.012762 -0.002469 -0.000626
0.001512 0.014325 -0.000208 -0.000052 -0.000684 -0.000863 -0.000878 -0.000553 -0.000418 0.000190 0.001139 0.002174 0.003570 0.004843 0.006413 0.008119 0.010068 0.012250 0.014650 0.017259 0.020062 0.023041 0.026061 0.029290 0.032405 0.035419 0.038261 0.040856 0.042583 0.044953 0.046256 0.047102 0.047276 0.047030 0.046256 0.045074 0.043452 0.041395 0.038989 0.036262 0.033308 0.030112 0.026767 0.023177 0.019426 0.015644 0.011220 0.011120 0.016231 0.005228
0.004172 0.013043 -0.000682 -0.000600 -0.000609 -0.000966 -0.000150 -0.000552 0.000649 0.000237 0.001614 0.001815 0.003213 0.004135 0.005655 0.007167 0.008893 0.010797 0.012858 0.015078 0.017436 0.019932 0.022517 0.025119 0.027701 0.030187 0.032523 0.034662 0.042374 0.038001 0.039044 0.039734 0.039902 0.039727 0.039183 0.038152 0.036802 0.034965 0.032911 0.030441 0.028276 0.024967 0.022747 0.019375 0.016687 0.013717 0.009926 0.009870 -0.005657 0.006333
0.003702 -0.015225 -0.000595 0.000508 -0.000243 -0.000801 -0.000497 -0.000381 0.000033 0.000497 0.000868 0.001634 0.003020 0.003918 0.005039 0.006359 0.007780 0.009352 0.011014 0.012807 0.014694 0.016689 0.018754 0.020834 0.022886 0.024848 0.026666 0.028333 0.035395 0.030890 0.031608 0.032274 0.032287 0.032252 0.031772 0.031011 0.029954 0.028613 0.027036 0.025224 0.023265 0.021088 0.018742 0.016347 0.013516 0.011089 0.007306 0.008216 0.014546 0.005087
0.006683 0.010754 -0.003007 -0.000854 -0.001067 -0.000587 0.000063 -0.000205 0.000709 0.000406 0.001328 0.001438 0.002324 0.003227 0.004019 0.005074 0.006187 0.007509 0.008864 0.010377 0.011940 0.013611 0.015316 0.016980 0.018626 0.020155 0.021596 0.022850 0.028808 0.024815 0.025463 0.025925 0.025985 0.025773 0.025398 0.024679 0.023941 0.022921 0.021707 0.020137 0.018667 0.016929 0.015185 0.012985 0.011265 0.009411 0.006934 0.008038 -0.009370 0.007125
-0.036906 0.018193 -0.002922 0.001139 0.001965 -0.001478 0.001053 -0.000479 0.000309 0.000320 0.000667 0.001130 0.001397 0.002391 0.002925 0.003682 0.004528 0.005446 0.006457 0.007540 0.008673 0.009954 0.011122 0.012388 0.013562 0.014640 0.015744 0.016618 0.022274 0.018102 0.018640 0.019050 0.019052 0.019003 0.018781 0.018312 0.017670 0.016940 0.016017 0.014976 0.013818 0.012577 0.011275 0.009793 0.008304 0.006152 0.003465 0.007574 -0.014472 -0.004669
0.017582 0.015920 -0.002928 -0.000527 0.001441 -0.001279 0.000211 -0.000327 0.000321 0.000551 0.000923 0.001263 0.002002 0.002398 0.003182 0.004002 0.004844 0.005755 0.006740 0.007767 0.008876 0.010008 0.011169 0.012316 0.013404 0.014458 0.015441 0.016335 0.015889 0.017722 0.018174 0.018396 0.018549 0.018507 0.018176 0.017777 0.017165 0.016365 0.015524 0.014526 0.013437 0.012170 0.011026 0.009402 0.008596 0.005286 0.006337 0.006526 -0.013111 -0.007946
-0.045233 0.003468 -0.002814 -0.015516 0.013922 -0.016649 0.016307 0.004265 -0.015838 0.015753 0.004753 0.004911 0.005159 -0.003194 -0.002879 -0.002543 -0.002185 -0.001765 -0.001350 -0.000857 -0.000311 0.020597 0.000776 0.001228 0.009443 0.002232 0.002534 0.002958 0.002948 0.011063 0.004328 0.004140 0.004165 0.004373 0.004332 0.003778 0.010603 0.010335 0.009684 0.009480 0.008885 0.008017 0.002261 0.007032 -0.005412 0.013993 -0.006337 0.012916 0.014552 0.001534
0.004288 -0.000850 0.006614 -0.003251 0.002950 0.006715 0.006592 -0.003109 0.007148 -0.002997 0.008396 0.007641 0.000892 0.007691 -0.000315 -0.000158 -0.006752 -0.001291 0.008147 0.002109 0.000175 -0.000910 0.000414 -0.004134 -0.005886 0.001605 0.007277 0.007235 -0.003876 0.002252 -0.000763 -0.015970 0.001126 0.006418 -0.003774 0.006102 -0.003152 -0.006219 0.000633 0.001892 0.002572 0.006848 0.001511 0.001481 0.000895 0.001706 0.000614 0.001817 -0.005228 -0.006181
