0.000000 0.000000 0.000000 0.000000 0.000000 0.000000 0.000000 0.000000 0.000000 0.000000 0.000000 0.000000 0.000000 0.000000 0.000000 0.000000 0.000000 0.000000 0.000000 0.000000 0.000000 0.000000 0.000000 -0.001112 -0.001479 -0.000795 0.000052 -0.000848 -0.007462 0.000391 -0.000834 -0.001247 -0.002201 0.000562 0.000097 0.000451 -0.004160 0.000000 0.000000 0.000000 0.000000 0.000000 0.000000 0.000000 0.000000 0.000000 0.000000 0.000000 0.000000 0.000000
0.000000 0.000000 0.000000 0.000000 0.000000 0.000000 0.000000 0.000000 0.000000 0.000000 0.000000 0.000000 0.000000 0.000000 0.000000 0.000000 0.000000 0.000000 0.000000 0.000000 0.000000 0.000000 0.000000 -0.012706 -0.012310 -0.010563 -0.011072 -0.010647 -0.010832 -0.010239 -0.010213 -0.009095 -0.008302 -0.006009 -0.005734 -0.000115 0.000035 0.000000 0.000000 0.000000 0.000000 0.000000 0.000000 0.000000 0.000000 0.000000 0.000000 0.000000 0.000000 0.000000
0.000000 0.000000 0.000000 0.000000 0.000000 0.000000 0.000000 0.000000 0.000000 0.000000 0.000000 0.000000 0.000000 0.000000 0.000000 0.000000 0.000000 0.000000 0.000000 0.000000 0.000000 0.000000 0.000000 -0.019871 -0.018724 -0.021213 -0.020139 -0.018921 -0.017628 -0.015950 -0.014283 -0.012257 -0.010562 -0.008449 -0.006198 -0.001816 -0.000938 0.000000 0.000000 0.000000 0.000000 0.000000 0.000000 0.000000 0.000000 0.000000 0.000000 0.000000 0.000000 0.000000
0.000000 0.000000 0.000000 0.000000 0.000000 0.000000 0.000000 0.000000 0.000000 0.000000 0.000000 0.000000 0.000000 0.000000 0.000000 0.000000 0.000000 0.000000 0.000000 0.000000 0.000000 0.000000 0.000000 -0.029613 -0.026510 -0.020591 -0.020643 -0.019503 -0.018168 -0.016473 -0.014755 -0.012583 -0.010825 -0.007742 -0.006020 -0.002796 -0.001095 0.000000 0.000000 0.000000 0.000000 0.000000 0.000000 0.000000 0.000000 0.000000 0.000000 0.000000 0.000000 0.000000
0.000000 0.000000 0.000000 0.000000 0.000000 0.000000 0.000000 0.000000 0.000000 0.000000 0.000000 0.000000 0.000000 0.000000 0.000000 0.000000 0.000000 0.000000 0.000000 0.000000 0.000000 0.000000 0.000000 -0.038410 -0.035042 -0.029410 -0.028807 -0.027091 -0.025234 -0.022821 -0.020276 -0.017206 -0.014128 -0.010443 -0.007308 -0.003584 -0.001262 0.000000 0.000000 0.000000 0.000000 0.000000 0.000000 0.000000 0.000000 0.000000 0.000000 0.000000 0.000000 0.000000
0.000000 0.000000 0.000000 0.000000 0.000000 0.000000 0.000000 0.000000 0.000000 0.000000 0.000000 0.000000 0.000000 0.000000 0.000000 0.000000 0.000000 0.000000 0.000000 0.000000 0.000000 0.000000 0.000000 -0.048205 -0.044005 -0.036901 -0.036214 -0.034099 -0.031793 -0.028839 -0.025673 -0.021983 -0.018184 -0.014017 -0.009335 -0.004404 -0.002175 0.000000 0.000000 0.000000 0.000000 0.000000 0.000000 0.000000 0.000000 0.000000 0.000000 0.000000 0.000000 0.000000
0.000000 0.000000 0.000000 0.000000 0.000000 0.000000 0.000000 0.000000 0.000000 0.000000 0.000000 0.000000 0.000000 0.000000 0.000000 0.000000 0.000000 0.000000 0.000000 0.000000 0.000000 0.000000 0.000000 -0.042587 -0.053445 -0.045854 -0.044815 -0.042277 -0.039332 -0.035643 -0.031626 -0.026955 -0.022069 -0.016382 -0.011209 -0.005324 -0.000821 0.000000 0.000000 0.000000 0.000000 0.000000 0.000000 0.000000 0.000000 0.000000 0.000000 0.000000 0.000000 0.000000
0.000000 0.000000 0.000000 0.000000 0.000000 0.000000 0.000000 0.000000 0.000000 0.000000 0.000000 0.000000 0.000000 0.000000 0.000000 0.000000 0.000000 0.000000 0.000000 0.000000 0.000000 0.000000 0.000000 -0.069678 -0.063745 -0.054986 -0.053731 -0.050656 -0.047132 -0.042729 -0.037919 -0.032375 -0.026546 -0.020310 -0.013722 -0.006284 -0.002036 0.000000 0.000000 0.000000 0.000000 0.000000 0.000000 0.000000 0.000000 0.000000 0.000000 0.000000 0.000000 0.000000
0.000000 0.000000 0.000000 0.000000 0.000000 0.000000 0.000000 0.000000 0.000000 0.000000 0.000000 0.000000 0.000000 0.000000 0.000000 0.000000 0.000000 0.000000 0.000000 0.000000 0.000000 0.000000 0.000000 -0.081888 -0.074799 -0.065153 -0.063618 -0.059989 -0.055764 -0.050523 -0.044793 -0.038182 -0.031368 -0.023566 -0.016041 -0.007551 -0.002410 0.000000 0.000000 0.000000 0.000000 0.000000 0.000000 0.000000 0.000000 0.000000 0.000000 0.000000 0.000000 0.000000
0.000000 0.000000 0.000000 0.000000 0.000000 0.000000 0.000000 0.000000 0.000000 0.000000 0.000000 0.000000 0.000000 0.000000 0.000000 0.000000 0.000000 0.000000 0.000000 0.000000 0.000000 0.000000 0.000000 -0.091071 -0.084755 -0.076152 -0.074312 -0.070056 -0.065093 -0.058956 -0.052241 -0.044549 -0.036603 -0.027721 -0.018891 -0.008420 0.001641 0.000000 0.000000 0.000000 0.000000 0.000000 0.000000 0.000000 0.000000 0.000000 0.000000 0.000000 0.000000 0.000000
0.000000 0.000000 0.000000 0.000000 0.000000 0.000000 0.000000 0.000000 0.000000 0.000000 0.000000 0.000000 0.000000 0.000000 0.000000 0.000000 0.000000 0.000000 0.000000 0.000000 0.000000 0.000000 0.000000 -0.091180 -0.091900 -0.088372 -0.086176 -0.081200 -0.075385 -0.068227 -0.060406 -0.051487 -0.042355 -0.031976 -0.021795 -0.011883 -0.002825 0.000000 0.000000 0.000000 0.000000 0.000000 0.000000 0.000000 0.000000 0.000000 0.000000 0.000000 0.000000 0.000000
0.000000 0.000000 0.000000 0.000000 0.000000 0.000000 0.000000 0.000000 0.000000 0.000000 0.000000 0.000000 0.000000 0.000000 0.000000 0.000000 0.000000 0.000000 0.000000 0.000000 0.000000 0.000000 0.000000 -0.126902 -0.112958 -0.101890 -0.099256 -0.093472 -0.086703 -0.078403 -0.069355 -0.059110 -0.048607 -0.036729 -0.025062 -0.011456 -0.003700 0.000000 0.000000 0.000000 0.000000 0.000000 0.000000 0.000000 0.000000 0.000000 0.000000 0.000000 0.000000 0.000000
0.000000 0.000000 0.000000 0.000000 0.000000 0.000000 0.000000 0.000000 0.000000 0.000000 0.000000 0.000000 0.000000 0.000000 0.000000 0.000000 0.000000 0.000000 0.000000 0.000000 0.000000 0.000000 0.000000 -0.133479 -0.121222 -0.116997 -0.113853 -0.107102 -0.099234 -0.089621 -0.079193 -0.067437 -0.055441 -0.041863 -0.028544 -0.011562 -0.003797 0.000000 0.000000 0.000000 0.000000 0.000000 0.000000 0.000000 0.000000 0.000000 0.000000 0.000000 0.000000 0.000000
0.000000 0.000000 0.000000 0.000000 0.000000 0.000000 0.000000 0.000000 0.000000 0.000000 0.000000 0.000000 0.000000 0.000000 0.000000 0.000000 0.000000 0.000000 0.000000 0.000000 0.000000 0.000000 0.000000 -0.152966 -0.139114 -0.133885 -0.129614 -0.122242 -0.113104 -0.101988 -0.090001 -0.076567 -0.062892 -0.047470 -0.032538 -0.013967 -0.004442 0.000000 0.000000 0.000000 0.000000 0.000000 0.000000 0.000000 0.000000 0.000000 0.000000 0.000000 0.000000 0.000000
0.000000 0.000000 0.000000 0.000000 0.000000 0.000000 0.000000 0.000000 0.000000 0.000000 0.000000 0.000000 0.000000 0.000000 0.000000 0.000000 0.000000 0.000000 0.000000 0.000000 0.000000 0.000000 0.000000 -0.175026 -0.159453 -0.152884 -0.147822 -0.139124 -0.128498 -0.115632 -0.101876 -0.086558 -0.071029 -0.053727 -0.036833 -0.014981 -0.000729 0.000000 0.000000 0.000000 0.000000 0.000000 0.000000 0.000000 0.000000 0.000000 0.000000 0.000000 0.000000 0.000000
0.000000 0.000000 0.000000 0.000000 0.000000 0.000000 0.000000 0.000000 0.000000 0.000000 0.000000 0.000000 0.000000 0.000000 0.000000 0.000000 0.000000 0.000000 0.000000 0.000000 0.000000 0.000000 0.000000 -0.200118 -0.182834 -0.174289 -0.167764 -0.157921 -0.145531 -0.130630 -0.114867 -0.097432 -0.079876 -0.060418 -0.041408 -0.016949 -0.000951 0.000000 0.000000 0.000000 0.000000 0.000000 0.000000 0.000000 0.000000 0.000000 0.000000 0.000000 0.000000 0.000000
0.000000 0.000000 0.000000 0.000000 0.000000 0.000000 0.000000 0.000000 0.000000 0.000000 0.000000 0.000000 0.000000 0.000000 0.000000 0.000000 0.000000 0.000000 0.000000 0.000000 0.000000 0.000000 0.000000 -0.228920 -0.224862 -0.198678 -0.190887 -0.178954 -0.164429 -0.147107 -0.129044 -0.109238 -0.089424 -0.067682 -0.046355 -0.018657 -0.001818 0.000000 0.000000 0.000000 0.000000 0.000000 0.000000 0.000000 0.000000 0.000000 0.000000 0.000000 0.000000 0.000000
0.000000 0.000000 0.000000 0.000000 0.000000 0.000000 0.000000 0.000000 0.000000 0.000000 0.000000 0.000000 0.000000 0.000000 0.000000 0.000000 0.000000 0.000000 0.000000 0.000000 0.000000 0.000000 0.000000 -0.279160 -0.258208 -0.226239 -0.215747 -0.202246 -0.185123 -0.165009 -0.144326 -0.121896 -0.099640 -0.075399 -0.051609 -0.020498 -0.007478 0.000000 0.000000 0.000000 0.000000 0.000000 0.000000 0.000000 0.000000 0.000000 0.000000 0.000000 0.000000 0.000000
0.000000 0.000000 0.000000 0.000000 0.000000 0.000000 0.000000 0.000000 0.000000 0.000000 0.000000 0.000000 0.000000 0.000000 0.000000 0.000000 0.000000 0.000000 0.000000 0.000000 0.000000 0.000000 0.000000 -0.273360 -0.296051 -0.258314 -0.245764 -0.228349 -0.207964 -0.184484 -0.160765 -0.135419 -0.110505 -0.083650 -0.057236 -0.022364 -0.008523 0.000000 0.000000 0.000000 0.000000 0.000000 0.000000 0.000000 0.000000 0.000000 0.000000 0.000000 0.000000 0.000000
0.000000 0.000000 0.000000 0.000000 0.000000 0.000000 0.000000 0.000000 0.000000 0.000000 0.000000 0.000000 0.000000 0.000000 0.000000 0.000000 0.000000 0.000000 0.000000 0.000000 0.000000 0.000000 0.000000 -0.347849 -0.323287 -0.294569 -0.277151 -0.256720 -0.232316 -0.205032 -0.177954 -0.149514 -0.121835 -0.092243 -0.063100 -0.023831 -0.017286 0.000000 0.000000 0.000000 0.000000 0.000000 0.000000 0.000000 0.000000 0.000000 0.000000 0.000000 0.000000 0.000000
0.000000 0.000000 0.000000 0.000000 0.000000 0.000000 0.000000 0.000000 0.000000 0.000000 0.000000 0.000000 0.000000 0.000000 0.000000 0.000000 0.000000 0.000000 0.000000 0.000000 0.000000 0.000000 0.000000 -0.362172 -0.372875 -0.337885 -0.316806 -0.288458 -0.258792 -0.226833 -0.195907 -0.164153 -0.133612 -0.101223 -0.069474 -0.026228 -0.024257 0.000000 0.000000 0.000000 0.000000 0.000000 0.000000 0.000000 0.000000 0.000000 0.000000 0.000000 0.000000 0.000000
0.000000 0.000000 0.000000 0.000000 0.000000 0.000000 0.000000 0.000000 0.000000 0.000000 0.000000 0.000000 0.000000 0.000000 0.000000 0.000000 0.000000 0.000000 0.000000 0.000000 0.000000 0.000000 0.000000 -0.472507 -0.426135 -0.386067 -0.356622 -0.321124 -0.285302 -0.248318 -0.213579 -0.178678 -0.145488 -0.110516 -0.076139 -0.029105 -0.023020 0.000000 0.000000 0.000000 0.000000 0.000000 0.000000 0.000000 0.000000 0.000000 0.000000 0.000000 0.000000 0.000000
0.000000 0.000000 0.000000 0.000000 0.000000 0.000000 0.000000 0.000000 0.000000 0.000000 0.000000 0.000000 0.000000 0.000000 0.000000 0.000000 0.000000 0.000000 0.000000 0.000000 0.000000 0.000000 0.000000 -0.492866 -0.513498 -0.449689 -0.405849 -0.357237 -0.312464 -0.269677 -0.230848 -0.193025 -0.157478 -0.120139 -0.083255 -0.031181 -0.014281 0.000000 0.000000 0.000000 0.000000 0.000000 0.000000 0.000000 0.000000 0.000000 0.000000 0.000000 0.000000 0.000000
0.000000 0.000000 0.000000 0.000000 0.000000 0.000000 0.000000 0.000000 0.000000 0.000000 0.000000 0.000000 0.000000 0.000000 0.000000 0.000000 0.000000 0.000000 0.000000 0.000000 0.000000 0.000000 0.000000 -0.634510 -0.607876 -0.513896 -0.463819 -0.388213 -0.334987 -0.287222 -0.245704 -0.206086 -0.169173 -0.130052 -0.091023 -0.033720 -0.016896 0.000000 0.000000 0.000000 0.000000 0.000000 0.000000 0.000000 0.000000 0.000000 0.000000 0.000000 0.000000 0.000000
0.000000 0.000000 0.000000 0.000000 0.000000 0.000000 0.000000 0.000000 0.000000 0.000000 0.000000 0.000000 0.000000 0.000000 0.000000 0.000000 0.000000 0.000000 0.000000 0.000000 0.000000 0.000000 0.000000 -0.793842 -0.841009 -0.630908 -0.514896 -0.414222 -0.351385 -0.300631 -0.257770 -0.217957 -0.181002 -0.140840 -0.100338 -0.037225 -0.018011 0.000000 0.000000 0.000000 0.000000 0.000000 0.000000 0.000000 0.000000 0.000000 0.000000 0.000000 0.000000 0.000000
0.512335 0.518131 0.519058 0.519551 0.516225 0.506794 0.432947 0.511032 0.512444 0.508650 0.506006 0.495783 0.508361 0.508699 0.516522 0.516792 0.451993 0.514656 0.494991 0.514425 0.506244 0.496472 0.490191 0.233539 -0.789890 -0.648373 -0.497827 -0.412081 -0.350951 -0.304437 -0.264903 -0.227987 -0.193143 -0.153203 -0.112102 -0.042185 -0.024220 0.000000 0.000000 0.000000 0.000000 0.000000 0.000000 0.000000 0.000000 0.000000 0.000000 0.000000 0.000000 0.000000
0.434327 0.453352 0.447505 0.462882 0.456499 0.479191 0.423582 0.479342 0.419849 0.460510 0.451293 0.424186 0.426013 0.399622 0.414968 0.407980 0.396538 0.381443 0.343979 0.324650 0.273904 0.189293 -0.004488 -0.311757 -0.428541 -0.477282 -0.411380 -0.372772 -0.331099 -0.297606 -0.267337 -0.237051 -0.207259 -0.169339 -0.128911 -0.050641 -0.015207 0.000000 0.000000 0.000000 0.000000 0.000000 0.000000 0.000000 0.000000 0.000000 0.000000 0.000000 0.000000 0.000000
0.492541 0.440302 0.429275 0.470060 0.459083 0.471880 0.459914 0.469949 0.458158 0.467916 0.466443 0.457369 0.452408 0.444429 0.449051 0.437989 0.427308 0.411312 0.389473 0.354042 0.299893 0.218337 0.062793 -0.173782 -0.305977 -0.355005 -0.335003 -0.325943 -0.306501 -0.288287 -0.269415 -0.247740 -0.225427 -0.191484 -0.153030 -0.064880 -0.039111 0.000000 0.000000 0.000000 0.000000 0.000000 0.000000 0.000000 0.000000 0.000000 0.000000 0.000000 0.000000 0.000000
0.465588 0.424908 0.458962 0.420098 0.402595 0.411766 0.399091 0.409826 0.396777 0.404375 0.399793 0.392408 0.386437 0.378227 0.373579 0.358617 0.342630 0.321497 0.293392 0.254671 0.201922 0.126410 0.026714 -0.108411 -0.210994 -0.265275 -0.279160 -0.287115 -0.284985 -0.280142 -0.273837 -0.262648 -0.251498 -0.224214 -0.191644 -0.092608 -0.073215 0.000000 0.000000 0.000000 0.000000 0.000000 0.000000 0.000000 0.000000 0.000000 0.000000 0.000000 0.000000 0.000000
0.402075 0.417429 0.386755 0.392907 0.387661 0.392277 0.384878 0.388565 0.380529 0.380612 0.374649 0.367249 0.359769 0.349493 0.340286 0.324524 0.306262 0.282408 0.252034 0.212203 0.162392 0.099401 0.015717 -0.088162 -0.162865 -0.213388 -0.237755 -0.257403 -0.267988 -0.275136 -0.281316 -0.282277 -0.285451 -0.271051 -0.251099 -0.149414 -0.069825 0.000000 0.000000 0.000000 0.000000 0.000000 0.000000 0.000000 0.000000 0.000000 0.000000 0.000000 0.000000 0.000000
0.363786 0.392771 0.385672 0.377255 0.372832 0.373166 0.367108 0.367141 0.360467 0.357365 0.350722 0.343129 0.334221 0.323086 0.310543 0.293715 0.273653 0.248526 0.217446 0.178855 0.132378 0.076228 0.009028 -0.064299 -0.127728 -0.176301 -0.208359 -0.234873 -0.255755 -0.273493 -0.292767 -0.308009 -0.332185 -0.339072 -0.350770 -0.275246 -0.193578 0.000000 0.000000 0.000000 0.000000 0.000000 0.000000 0.000000 0.000000 0.000000 0.000000 0.000000 0.000000 0.000000
0.401838 0.368828 0.344331 0.345306 0.345241 0.342106 0.339226 0.336060 0.330715 0.325713 0.318587 0.309956 0.299985 0.287621 0.273633 0.255828 0.235110 0.209561 0.179589 0.143514 0.102481 0.054324 -0.000360 -0.059384 -0.110481 -0.155058 -0.188396 -0.219053 -0.246443 -0.272878 -0.302972 -0.334278 -0.378384 -0.425366 -0.479925 -0.620628 -0.534683 0.000000 0.000000 0.000000 0.000000 0.000000 0.000000 0.000000 0.000000 0.000000 0.000000 0.000000 0.000000 0.000000
0.329854 0.340857 0.328679 0.326942 0.326589 0.322803 0.319487 0.315148 0.309885 0.303906 0.296529 0.287644 0.277253 0.264710 0.250148 0.232460 0.211846 0.187198 0.158718 0.125493 0.087979 0.045292 -0.001832 -0.050141 -0.095714 -0.137399 -0.172028 -0.205360 -0.237535 -0.270865 -0.311024 -0.356620 -0.431573 -0.508714 -0.680620 -0.941967 -1.465395 0.000000 0.000000 0.000000 0.000000 0.000000 0.000000 0.000000 0.000000 0.000000 0.000000 0.000000 0.000000 0.000000
0.307452 0.318260 0.300992 0.301033 0.299768 0.295718 0.292739 0.287836 0.282603 0.276000 0.268262 0.258947 0.248136 0.235279 0.220478 0.202908 0.182787 0.159220 0.132606 0.102401 0.069262 0.031824 -0.008159 -0.048987 -0.088276 -0.126138 -0.159551 -0.193204 -0.226688 -0.263459 -0.305627 -0.359851 -0.428547 -0.537112 -0.587727 -0.859890 -1.823848 -0.020694 -0.004691 -0.028905 0.006855 0.000545 -0.014527 -0.011925 -0.005855 -0.002441 -0.000497 -0.001309 -0.000652 -0.000790
0.343894 0.293157 0.280166 0.279541 0.278293 0.274560 0.271116 0.266122 0.260708 0.253997 0.246219 0.236975 0.226265 0.213704 0.199265 0.182446 0.163294 0.141344 0.116770 0.089254 0.059361 0.025965 -0.009121 -0.044807 -0.080160 -0.114927 -0.146683 -0.179323 -0.211476 -0.247559 -0.283786 -0.335811 -0.376919 -0.483444 -0.497261 -0.511501 -0.406090 -0.232301 -0.115410 -0.075533 -0.046584 -0.034275 -0.024282 -0.019028 -0.015198 -0.012190 -0.009237 -0.008069 -0.009688 -0.004488
0.303836 0.265819 0.256959 0.256603 0.254694 0.251089 0.247481 0.242561 0.237067 0.230346 0.222558 0.213372 0.202359 0.190100 0.176139 0.159597 0.141732 0.120904 0.098677 0.073511 0.046780 0.017850 -0.012317 -0.043367 -0.074567 -0.105759 -0.134950 -0.165221 -0.194932 -0.227751 -0.259129 -0.301244 -0.327720 -0.392684 -0.387894 -0.408117 -0.332861 -0.225901 -0.139171 -0.099475 -0.066320 -0.049354 -0.036879 -0.028700 -0.022834 -0.018532 -0.016254 -0.014745 -0.011993 -0.007676
0.230368 0.264763 0.235634 0.235316 0.233225 0.229801 0.226194 0.221414 0.215969 0.209399 0.201808 0.192955 0.182797 0.171132 0.157901 0.142884 0.126086 0.107384 0.086825 0.064428 0.040503 0.014216 -0.012832 -0.040386 -0.068289 -0.096260 -0.122793 -0.150150 -0.176726 -0.205336 -0.231377 -0.264450 -0.284341 -0.319539 -0.314921 -0.315443 -0.255332 -0.193802 -0.140211 -0.103535 -0.076878 -0.057104 -0.037776 -0.028707 -0.028272 -0.023535 -0.020154 -0.020643 -0.017284 -0.014634
0.225139 0.247209 0.214389 0.212658 0.209018 0.205665 0.200553 0.200724 0.195269 0.188606 0.181399 0.172853 0.163334 0.152360 0.139881 0.125928 0.110435 0.093358 0.074744 0.054658 0.033303 0.010052 -0.013742 -0.037983 -0.062636 -0.087339 -0.110956 -0.135133 -0.158376 -0.182614 -0.204031 -0.228738 -0.243167 -0.264991 -0.260258 -0.259438 -0.227867 -0.185656 -0.141432 -0.111310 -0.085884 -0.067488 -0.053472 -0.043014 -0.035257 -0.029594 -0.025403 -0.025054 -0.022766 -0.019908
0.201084 0.209760 0.193901 0.193716 0.191424 0.188424 0.185001 0.180625 0.175553 0.169542 0.162623 0.154664 0.145617 0.135381 0.123908 0.111111 0.096988 0.081547 0.064809 0.046873 0.027853 0.007315 -0.013636 -0.034977 -0.056719 -0.078412 -0.099393 -0.120286 -0.140346 -0.160508 -0.178060 -0.196413 -0.207232 -0.219330 -0.215104 -0.209277 -0.184136 -0.155906 -0.128510 -0.104184 -0.084579 -0.068187 -0.055742 -0.045806 -0.038232 -0.032674 -0.028248 -0.028233 -0.025156 -0.022984
0.185894 0.196976 0.174013 0.173813 0.171651 0.169052 0.165622 0.161542 0.156747 0.151126 0.144665 0.137276 0.128913 0.119504 0.109013 0.097386 0.084624 0.070765 0.055828 0.039916 0.023081 0.005052 -0.013290 -0.031949 -0.050955 -0.069804 -0.088044 -0.106035 -0.123138 -0.139815 -0.154171 -0.168202 -0.176493 -0.184576 -0.181795 -0.177362 -0.161756 -0.141786 -0.120008 -0.100518 -0.083405 -0.068996 -0.057345 -0.047919 -0.040494 -0.034965 -0.030494 -0.030278 -0.031108 -0.027316
0.165131 0.181351 0.154658 0.154467 0.152479 0.149957 0.146975 0.143153 0.138750 0.133564 0.127644 0.120893 0.113284 0.104762 0.095298 0.084866 0.073467 0.061156 0.047953 0.033955 0.019171 0.003457 -0.012496 -0.028698 -0.045181 -0.061421 -0.077120 -0.092449 -0.106880 -0.120574 -0.132263 -0.142834 -0.149186 -0.153844 -0.151569 -0.146558 -0.134763 -0.120342 -0.105372 -0.090265 -0.077078 -0.065093 -0.055250 -0.046967 -0.040273 -0.035229 -0.031036 -0.030859 -0.033933 -0.020697
0.130181 0.136004 0.136120 0.135866 0.134122 0.132202 0.129057 0.125659 0.121572 0.116892 0.111536 0.105460 0.098636 0.091023 0.082604 0.073360 0.063302 0.052481 0.040936 0.028736 0.015873 0.002290 -0.011473 -0.025422 -0.039582 -0.053442 -0.066816 -0.079754 -0.091825 -0.103076 -0.112608 -0.120861 -0.125924 -0.129273 -0.127835 -0.124185 -0.116024 -0.105518 -0.093794 -0.081943 -0.070985 -0.060969 -0.052417 -0.045140 -0.039124 -0.034533 -0.030664 -0.030485 -0.034121 -0.024815
0.132622 0.139822 0.117540 0.117416 0.116169 0.113840 0.111404 0.108295 0.104863 0.100636 0.095932 0.090578 0.084586 0.077916 0.070550 0.062497 0.053764 0.044397 0.034467 0.024002 0.012999 0.001440 -0.010233 -0.022051 -0.034018 -0.045666 -0.056885 -0.067644 -0.077628 -0.086774 -0.094465 -0.100837 -0.104797 -0.106974 -0.105894 -0.102706 -0.096651 -0.088829 -0.080271 -0.071173 -0.062680 -0.054615 -0.047579 -0.041481 -0.036333 -0.032366 -0.028994 -0.028829 -0.029795 -0.025832
0.093055 0.115146 0.100438 0.100091 0.098881 0.097604 0.094848 0.092518 0.089058 0.085442 0.081360 0.076736 0.071578 0.065842 0.059535 0.052643 0.045199 0.037231 0.028821 0.019969 0.010674 0.000931 -0.008879 -0.018808 -0.028819 -0.038515 -0.047827 -0.056674 -0.064861 -0.072259 -0.078449 -0.083464 -0.086640 -0.088300 -0.087623 -0.085291 -0.080893 -0.075119 -0.068532 -0.061510 -0.054722 -0.048234 -0.042435 -0.037351 -0.032996 -0.029591 -0.026717 -0.026547 -0.027455 -0.021510
0.072449 0.097173 0.082047 0.082151 0.081860 0.079547 0.077912 0.075484 0.072988 0.069969 0.066594 0.062797 0.058528 0.053775 0.048487 0.042762 0.036583 0.030000 0.023109 0.015868 0.008358 0.000464 -0.007385 -0.015364 -0.023398 -0.031137 -0.038582 -0.045654 -0.052159 -0.057980 -0.062834 -0.066695 -0.069165 -0.070383 -0.069934 -0.068178 -0.064969 -0.060736 -0.055888 -0.050611 -0.045449 -0.040428 -0.035872 -0.031831 -0.028322 -0.025552 -0.023208 -0.023035 -0.025839 -0.024589
0.068673 0.081786 0.066043 0.066545 0.065417 0.064479 0.062614 0.061133 0.058693 0.056279 0.053560 0.050470 0.047080 0.043247 0.039000 0.034329 0.029360 0.024112 0.018623 0.012832 0.006824 0.000420 -0.005913 -0.012413 -0.018859 -0.025035 -0.030957 -0.036515 -0.041623 -0.046162 -0.049903 -0.052892 -0.054831 -0.055761 -0.055472 -0.054189 -0.051832 -0.048777 -0.045135 -0.041201 -0.037270 -0.033395 -0.029839 -0.026634 -0.023859 -0.021627 -0.019792 -0.019553 -0.020796 -0.019628
0.060626 0.060974 0.064728 0.048344 0.048014 0.046659 0.045641 0.044183 0.042498 0.040794 0.038875 0.036958 0.034530 0.031666 0.028251 0.024701 0.020916 0.016990 0.013005 0.008660 0.004576 -0.000030 -0.004152 -0.008636 -0.013131 -0.017283 -0.021574 -0.025593 -0.029192 -0.032416 -0.035129 -0.037280 -0.038689 -0.039429 -0.039334 -0.038663 -0.037091 -0.035113 -0.032666 -0.029913 -0.027216 -0.024510 -0.022036 -0.019778 -0.017802 -0.016183 -0.014803 -0.018957 -0.016078 -0.013761
0.039750 0.041863 0.047145 0.045218 0.047152 0.045106 0.044547 0.042631 0.041183 0.039491 0.037599 0.035537 0.033291 0.030804 0.027604 0.024155 0.020385 0.016492 0.012631 0.008468 0.004435 -0.000070 -0.004287 -0.008801 -0.013172 -0.017407 -0.021558 -0.025389 -0.028897 -0.032009 -0.034523 -0.036534 -0.037832 -0.038453 -0.038272 -0.037459 -0.035916 -0.033941 -0.031520 -0.028924 -0.026314 -0.023697 -0.021311 -0.019119 -0.017233 -0.015690 -0.015346 -0.014457 -0.013649 -0.011029
0.018634 0.020139 0.022269 0.018808 0.017782 0.015834 0.028619 0.012834 0.011443 0.010085 0.008909 0.007799 0.027054 0.026450 0.025567 0.024448 0.023227 0.021832 0.020150 0.018187 0.016069 0.013829 0.011218 0.007925 0.003903 0.001154 -0.001057 -0.003286 -0.005424 -0.007168 -0.008320 -0.009157 -0.009570 -0.009743 -0.010352 -0.010716 -0.024966 -0.011113 -0.022092 -0.020295 -0.010084 -0.016607 -0.014828 -0.013196 -0.011732 -0.010285 -0.008367 -0.007010 -0.006228 -0.005988
0.016800 0.002205 0.003548 0.010892 0.003677 0.007242 0.001583 0.001561 0.001539 -0.004992 0.002063 -0.018588 0.001313 -0.003534 -0.002678 -0.002790 0.006918 0.007294 -0.002741 -0.012669 -0.018280 -0.024454 -0.003669 -0.007156 -0.017066 -0.005976 -0.003976 -0.011190 -0.004246 -0.004717 0.004554 -0.008822 0.003463 -0.004742 -0.004709 -0.001133 0.000242 0.002175 -0.000605 0.003066 -0.006784 -0.006131 -0.006117 0.001331 0.002157 0.000832 -0.000182 0.000483 -0.001244 -0.003561
