0.000000 0.000000 0.000000 0.000000 0.000000 0.000000 0.000000 0.000000 0.000000 0.000000 0.000000 0.000000 0.000000 0.000000 0.000000 0.000000 0.000000 0.000000 0.000000 0.000000 0.000000 0.000000 0.000000 0.000112 0.005529 0.013048 0.020993 0.026198 0.040634 0.030248 0.034614 0.047661 0.040624 0.052462 0.054544 0.055536 0.071130 0.000000 0.000000 0.000000 0.000000 0.000000 0.000000 0.000000 0.000000 0.000000 0.000000 0.000000 0.000000 0.000000
0.000000 0.000000 0.000000 0.000000 0.000000 0.000000 0.000000 0.000000 0.000000 0.000000 0.000000 0.000000 0.000000 0.000000 0.000000 0.000000 0.000000 0.000000 0.000000 0.000000 0.000000 0.000000 0.000000 0.000406 0.007499 0.016493 0.025937 0.032879 0.039520 0.045152 0.050197 0.053670 0.056733 0.055714 0.056796 0.059443 0.058904 0.000000 0.000000 0.000000 0.000000 0.000000 0.000000 0.000000 0.000000 0.000000 0.000000 0.000000 0.000000 0.000000
0.000000 0.000000 0.000000 0.000000 0.000000 0.000000 0.000000 0.000000 0.000000 0.000000 0.000000 0.000000 0.000000 0.000000 0.000000 0.000000 0.000000 0.000000 0.000000 0.000000 0.000000 0.000000 0.000000 0.000520 0.006973 0.015790 0.023199 0.029970 0.036549 0.042536 0.047991 0.052695 0.056559 0.060486 0.061630 0.060494 0.061651 0.000000 0.000000 0.000000 0.000000 0.000000 0.000000 0.000000 0.000000 0.000000 0.000000 0.000000 0.000000 0.000000
0.000000 0.000000 0.000000 0.000000 0.000000 0.000000 0.000000 0.000000 0.000000 0.000000 0.000000 0.000000 0.000000 0.000000 0.000000 0.000000 0.000000 0.000000 0.000000 0.000000 0.000000 0.000000 0.000000 0.000106 0.011199 0.016401 0.022513 0.030048 0.036456 0.042529 0.048096 0.052334 0.056953 0.057761 0.064197 0.064474 0.062843 0.000000 0.000000 0.000000 0.000000 0.000000 0.000000 0.000000 0.000000 0.000000 0.000000 0.000000 0.000000 0.000000
0.000000 0.000000 0.000000 0.000000 0.000000 0.000000 0.000000 0.000000 0.000000 0.000000 0.000000 0.000000 0.000000 0.000000 0.000000 0.000000 0.000000 0.000000 0.000000 0.000000 0.000000 0.000000 0.000000 -0.000640 0.009147 0.017056 0.023775 0.031709 0.038542 0.044932 0.050917 0.055151 0.060420 0.060189 0.069022 0.067942 0.067196 0.000000 0.000000 0.000000 0.000000 0.000000 0.000000 0.000000 0.000000 0.000000 0.000000 0.000000 0.000000 0.000000
0.000000 0.000000 0.000000 0.000000 0.000000 0.000000 0.000000 0.000000 0.000000 0.000000 0.000000 0.000000 0.000000 0.000000 0.000000 0.000000 0.000000 0.000000 0.000000 0.000000 0.000000 0.000000 0.000000 -0.001428 0.009289 0.018498 0.025134 0.033649 0.040734 0.047509 0.053742 0.058370 0.063631 0.064501 0.071279 0.072875 0.077465 0.000000 0.000000 0.000000 0.000000 0.000000 0.000000 0.000000 0.000000 0.000000 0.000000 0.000000 0.000000 0.000000
0.000000 0.000000 0.000000 0.000000 0.000000 0.000000 0.000000 0.000000 0.000000 0.000000 0.000000 0.000000 0.000000 0.000000 0.000000 0.000000 0.000000 0.000000 0.000000 0.000000 0.000000 0.000000 0.000000 0.000779 0.010011 0.019622 0.026984 0.036147 0.043815 0.051071 0.057800 0.062586 0.068354 0.068513 0.077001 0.078929 0.070790 0.000000 0.000000 0.000000 0.000000 0.000000 0.000000 0.000000 0.000000 0.000000 0.000000 0.000000 0.000000 0.000000
0.000000 0.000000 0.000000 0.000000 0.000000 0.000000 0.000000 0.000000 0.000000 0.000000 0.000000 0.000000 0.000000 0.000000 0.000000 0.000000 0.000000 0.000000 0.000000 0.000000 0.000000 0.000000 0.000000 -0.002397 0.010803 0.021374 0.029235 0.039157 0.047384 0.055236 0.062453 0.067742 0.073868 0.074726 0.083230 0.085952 0.084422 0.000000 0.000000 0.000000 0.000000 0.000000 0.000000 0.000000 0.000000 0.000000 0.000000 0.000000 0.000000 0.000000
0.000000 0.000000 0.000000 0.000000 0.000000 0.000000 0.000000 0.000000 0.000000 0.000000 0.000000 0.000000 0.000000 0.000000 0.000000 0.000000 0.000000 0.000000 0.000000 0.000000 0.000000 0.000000 0.000000 -0.002840 0.011656 0.023316 0.031946 0.042777 0.051757 0.060302 0.068169 0.073855 0.080633 0.081273 0.090669 0.094465 0.092628 0.000000 0.000000 0.000000 0.000000 0.000000 0.000000 0.000000 0.000000 0.000000 0.000000 0.000000 0.000000 0.000000
0.000000 0.000000 0.000000 0.000000 0.000000 0.000000 0.000000 0.000000 0.000000 0.000000 0.000000 0.000000 0.000000 0.000000 0.000000 0.000000 0.000000 0.000000 0.000000 0.000000 0.000000 0.000000 0.000000 0.003804 0.007577 0.025711 0.035144 0.047050 0.056868 0.066225 0.074808 0.081045 0.088461 0.089251 0.099639 0.103666 0.111408 0.000000 0.000000 0.000000 0.000000 0.000000 0.000000 0.000000 0.000000 0.000000 0.000000 0.000000 0.000000 0.000000
0.000000 0.000000 0.000000 0.000000 0.000000 0.000000 0.000000 0.000000 0.000000 0.000000 0.000000 0.000000 0.000000 0.000000 0.000000 0.000000 0.000000 0.000000 0.000000 0.000000 0.000000 0.000000 0.000000 0.007633 0.014078 0.028481 0.038913 0.052068 0.062879 0.073172 0.082593 0.089420 0.097617 0.098409 0.109732 0.108666 0.103120 0.000000 0.000000 0.000000 0.000000 0.000000 0.000000 0.000000 0.000000 0.000000 0.000000 0.000000 0.000000 0.000000
0.000000 0.000000 0.000000 0.000000 0.000000 0.000000 0.000000 0.000000 0.000000 0.000000 0.000000 0.000000 0.000000 0.000000 0.000000 0.000000 0.000000 0.000000 0.000000 0.000000 0.000000 0.000000 0.000000 -0.004065 0.023875 0.031781 0.044977 0.057932 0.069866 0.081225 0.091572 0.099078 0.108066 0.108920 0.121412 0.127453 0.124904 0.000000 0.000000 0.000000 0.000000 0.000000 0.000000 0.000000 0.000000 0.000000 0.000000 0.000000 0.000000 0.000000
0.000000 0.000000 0.000000 0.000000 0.000000 0.000000 0.000000 0.000000 0.000000 0.000000 0.000000 0.000000 0.000000 0.000000 0.000000 0.000000 0.000000 0.000000 0.000000 0.000000 0.000000 0.000000 0.000000 0.017254 0.030240 0.035640 0.050337 0.064768 0.077980 0.090542 0.101916 0.110171 0.119996 0.120952 0.134574 0.137530 0.126773 0.000000 0.000000 0.000000 0.000000 0.000000 0.000000 0.000000 0.000000 0.000000 0.000000 0.000000 0.000000 0.000000
0.000000 0.000000 0.000000 0.000000 0.000000 0.000000 0.000000 0.000000 0.000000 0.000000 0.000000 0.000000 0.000000 0.000000 0.000000 0.000000 0.000000 0.000000 0.000000 0.000000 0.000000 0.000000 0.000000 0.019259 0.033975 0.040209 0.056112 0.072739 0.087386 0.101284 0.113796 0.122846 0.133646 0.134607 0.149895 0.151324 0.141628 0.000000 0.000000 0.000000 0.000000 0.000000 0.000000 0.000000 0.000000 0.000000 0.000000 0.000000 0.000000 0.000000
0.000000 0.000000 0.000000 0.000000 0.000000 0.000000 0.000000 0.000000 0.000000 0.000000 0.000000 0.000000 0.000000 0.000000 0.000000 0.000000 0.000000 0.000000 0.000000 0.000000 0.000000 0.000000 0.000000 0.021474 0.038301 0.045631 0.063354 0.082046 0.098282 0.113663 0.127389 0.137310 0.149073 0.150154 0.166904 0.169226 0.180680 0.000000 0.000000 0.000000 0.000000 0.000000 0.000000 0.000000 0.000000 0.000000 0.000000 0.000000 0.000000 0.000000
0.000000 0.000000 0.000000 0.000000 0.000000 0.000000 0.000000 0.000000 0.000000 0.000000 0.000000 0.000000 0.000000 0.000000 0.000000 0.000000 0.000000 0.000000 0.000000 0.000000 0.000000 0.000000 0.000000 0.023909 0.043327 0.052096 0.073894 0.092969 0.110938 0.127926 0.142934 0.153731 0.166540 0.167584 0.185940 0.189190 0.201805 0.000000 0.000000 0.000000 0.000000 0.000000 0.000000 0.000000 0.000000 0.000000 0.000000 0.000000 0.000000 0.000000
0.000000 0.000000 0.000000 0.000000 0.000000 0.000000 0.000000 0.000000 0.000000 0.000000 0.000000 0.000000 0.000000 0.000000 0.000000 0.000000 0.000000 0.000000 0.000000 0.000000 0.000000 0.000000 0.000000 0.026884 0.042252 0.060091 0.084278 0.105833 0.125639 0.144351 0.160667 0.172350 0.186193 0.187186 0.207193 0.210299 0.191072 0.000000 0.000000 0.000000 0.000000 0.000000 0.000000 0.000000 0.000000 0.000000 0.000000 0.000000 0.000000 0.000000
0.000000 0.000000 0.000000 0.000000 0.000000 0.000000 0.000000 0.000000 0.000000 0.000000 0.000000 0.000000 0.000000 0.000000 0.000000 0.000000 0.000000 0.000000 0.000000 0.000000 0.000000 0.000000 0.000000 -0.022023 0.047727 0.069747 0.097118 0.121166 0.142837 0.163345 0.180911 0.193412 0.208265 0.209109 0.230863 0.233650 0.216942 0.000000 0.000000 0.000000 0.000000 0.000000 0.000000 0.000000 0.000000 0.000000 0.000000 0.000000 0.000000 0.000000
0.000000 0.000000 0.000000 0.000000 0.000000 0.000000 0.000000 0.000000 0.000000 0.000000 0.000000 0.000000 0.000000 0.000000 0.000000 0.000000 0.000000 0.000000 0.000000 0.000000 0.000000 0.000000 0.000000 0.003011 0.054538 0.082056 0.112108 0.139374 0.162924 0.185198 0.203905 0.217117 0.232917 0.233538 0.257070 0.259419 0.241851 0.000000 0.000000 0.000000 0.000000 0.000000 0.000000 0.000000 0.000000 0.000000 0.000000 0.000000 0.000000 0.000000
0.000000 0.000000 0.000000 0.000000 0.000000 0.000000 0.000000 0.000000 0.000000 0.000000 0.000000 0.000000 0.000000 0.000000 0.000000 0.000000 0.000000 0.000000 0.000000 0.000000 0.000000 0.000000 0.000000 0.039485 0.072994 0.096596 0.132121 0.161536 0.186806 0.210626 0.230109 0.243782 0.260329 0.260633 0.285788 0.286944 0.314647 0.000000 0.000000 0.000000 0.000000 0.000000 0.000000 0.000000 0.000000 0.000000 0.000000 0.000000 0.000000 0.000000
0.000000 0.000000 0.000000 0.000000 0.000000 0.000000 0.000000 0.000000 0.000000 0.000000 0.000000 0.000000 0.000000 0.000000 0.000000 0.000000 0.000000 0.000000 0.000000 0.000000 0.000000 0.000000 0.000000 0.002741 0.086560 0.116044 0.154951 0.188177 0.214822 0.239692 0.259564 0.273380 0.290540 0.290414 0.317528 0.316347 0.324884 0.000000 0.000000 0.000000 0.000000 0.000000 0.000000 0.000000 0.000000 0.000000 0.000000 0.000000 0.000000 0.000000
0.000000 0.000000 0.000000 0.000000 0.000000 0.000000 0.000000 0.000000 0.000000 0.000000 0.000000 0.000000 0.000000 0.000000 0.000000 0.000000 0.000000 0.000000 0.000000 0.000000 0.000000 0.000000 0.000000 -0.004400 0.103131 0.140204 0.185025 0.221891 0.248819 0.273639 0.292937 0.306249 0.323641 0.322928 0.351951 0.351823 0.389757 0.000000 0.000000 0.000000 0.000000 0.000000 0.000000 0.000000 0.000000 0.000000 0.000000 0.000000 0.000000 0.000000
0.000000 0.000000 0.000000 0.000000 0.000000 0.000000 0.000000 0.000000 0.000000 0.000000 0.000000 0.000000 0.000000 0.000000 0.000000 0.000000 0.000000 0.000000 0.000000 0.000000 0.000000 0.000000 0.000000 0.008707 0.112526 0.175641 0.220579 0.263161 0.288189 0.311583 0.329362 0.341668 0.359139 0.357853 0.388976 0.388351 0.379149 0.000000 0.000000 0.000000 0.000000 0.000000 0.000000 0.000000 0.000000 0.000000 0.000000 0.000000 0.000000 0.000000
0.000000 0.000000 0.000000 0.000000 0.000000 0.000000 0.000000 0.000000 0.000000 0.000000 0.000000 0.000000 0.000000 0.000000 0.000000 0.000000 0.000000 0.000000 0.000000 0.000000 0.000000 0.000000 0.000000 0.010377 0.147597 0.232323 0.285364 0.318289 0.336883 0.355407 0.369752 0.379853 0.397067 0.395271 0.428892 0.427656 0.422885 0.000000 0.000000 0.000000 0.000000 0.000000 0.000000 0.000000 0.000000 0.000000 0.000000 0.000000 0.000000 0.000000
0.000000 0.000000 0.000000 0.000000 0.000000 0.000000 0.000000 0.000000 0.000000 0.000000 0.000000 0.000000 0.000000 0.000000 0.000000 0.000000 0.000000 0.000000 0.000000 0.000000 0.000000 0.000000 0.000000 -0.126548 0.278136 0.352431 0.348731 0.385460 0.389597 0.401069 0.410676 0.418499 0.435905 0.434252 0.471517 0.470485 0.454881 0.000000 0.000000 0.000000 0.000000 0.000000 0.000000 0.000000 0.000000 0.000000 0.000000 0.000000 0.000000 0.000000
-0.001311 0.009444 0.017012 0.025025 0.036229 0.011425 0.046869 0.065849 0.070350 0.082845 0.087346 0.005259 0.104515 0.151308 0.007312 0.126825 0.349164 0.225843 0.010871 0.290444 0.341461 0.477202 0.533149 1.441041 0.776115 0.532865 0.517792 0.467799 0.453082 0.449549 0.452752 0.457049 0.475098 0.474380 0.517316 0.517773 0.525877 0.000000 0.000000 0.000000 0.000000 0.000000 0.000000 0.000000 0.000000 0.000000 0.000000 0.000000 0.000000 0.000000
0.020327 0.011321 0.067359 0.098859 0.126441 0.151705 0.165927 0.208806 0.223991 0.269786 0.302928 0.355781 0.390147 0.401854 0.428443 0.472404 0.522533 0.579754 0.681977 0.736322 0.845477 0.993510 1.157597 1.125700 0.845059 0.675718 0.592864 0.530216 0.499907 0.487713 0.487526 0.490706 0.511583 0.514002 0.565560 0.571389 0.580956 0.000000 0.000000 0.000000 0.000000 0.000000 0.000000 0.000000 0.000000 0.000000 0.000000 0.000000 0.000000 0.000000
0.017783 -0.006008 0.066715 0.096638 0.102467 0.132522 0.153598 0.182288 0.210761 0.236037 0.276203 0.304820 0.341657 0.375849 0.417954 0.461865 0.509346 0.563248 0.624322 0.693199 0.771860 0.854018 0.938538 0.933857 0.813198 0.697963 0.617207 0.559461 0.528825 0.513339 0.513581 0.517465 0.543609 0.551772 0.615847 0.634775 0.657328 0.000000 0.000000 0.000000 0.000000 0.000000 0.000000 0.000000 0.000000 0.000000 0.000000 0.000000 0.000000 0.000000
0.003393 0.014477 0.077794 0.083545 0.100150 0.129685 0.153993 0.182883 0.212718 0.238703 0.275563 0.305676 0.339620 0.372019 0.410411 0.453122 0.496632 0.544629 0.596895 0.653263 0.711362 0.766756 0.816733 0.804302 0.734632 0.662791 0.604109 0.563508 0.538278 0.525123 0.528267 0.534823 0.568499 0.584861 0.667296 0.713169 0.770627 0.000000 0.000000 0.000000 0.000000 0.000000 0.000000 0.000000 0.000000 0.000000 0.000000 0.000000 0.000000 0.000000
0.022038 0.004807 0.075931 0.080859 0.103542 0.130483 0.155220 0.181801 0.210492 0.236986 0.268942 0.299025 0.331192 0.363868 0.399750 0.437994 0.477496 0.519745 0.564040 0.609454 0.653064 0.689770 0.714431 0.710063 0.673029 0.626776 0.587706 0.554861 0.535715 0.524575 0.531170 0.539897 0.582431 0.608443 0.718568 0.817718 0.785540 0.000000 0.000000 0.000000 0.000000 0.000000 0.000000 0.000000 0.000000 0.000000 0.000000 0.000000 0.000000 0.000000
0.000073 0.006599 0.073264 0.075862 0.100442 0.127192 0.151509 0.179194 0.205814 0.233364 0.262978 0.292166 0.322669 0.353637 0.386538 0.420708 0.455782 0.491623 0.527513 0.562532 0.594023 0.619915 0.637295 0.633915 0.611095 0.582939 0.556391 0.533750 0.520300 0.511718 0.521124 0.530702 0.579875 0.614176 0.753180 0.953722 1.062496 0.000000 0.000000 0.000000 0.000000 0.000000 0.000000 0.000000 0.000000 0.000000 0.000000 0.000000 0.000000 0.000000
-0.032900 0.009365 0.071005 0.073078 0.099415 0.124855 0.149430 0.175273 0.200860 0.227385 0.254859 0.282638 0.311243 0.340362 0.370516 0.401236 0.432398 0.463594 0.493992 0.522709 0.547411 0.566809 0.578015 0.576950 0.563754 0.544489 0.526116 0.507387 0.496761 0.487396 0.496584 0.500139 0.552051 0.581054 0.736572 1.108008 1.391567 0.000000 0.000000 0.000000 0.000000 0.000000 0.000000 0.000000 0.000000 0.000000 0.000000 0.000000 0.000000 0.000000
0.007661 0.014011 0.069359 0.071051 0.097184 0.121151 0.145503 0.170649 0.195495 0.221247 0.247247 0.273599 0.300374 0.327365 0.354817 0.382253 0.409555 0.436111 0.461232 0.484186 0.503301 0.517993 0.526191 0.525625 0.517329 0.504278 0.490770 0.475545 0.466133 0.455010 0.459711 0.455554 0.489856 0.507010 0.596416 0.528044 1.787884 0.000000 0.000000 0.000000 0.000000 0.000000 0.000000 0.000000 0.000000 0.000000 0.000000 0.000000 0.000000 0.000000
0.003179 0.011423 0.067310 0.068701 0.095108 0.117755 0.141786 0.165673 0.189624 0.214036 0.238598 0.263366 0.288307 0.313260 0.338252 0.362908 0.387054 0.410133 0.431543 0.450710 0.466329 0.477924 0.484175 0.484101 0.478263 0.467925 0.456606 0.441743 0.430881 0.413580 0.410628 0.379063 0.400547 0.299982 0.404244 -0.079829 0.905789 -0.357027 -0.224706 -0.192009 -0.134043 -0.093159 -0.082171 -0.064008 -0.038468 -0.032913 -0.020027 -0.017833 -0.011552 -0.001135
-0.034271 0.013932 0.065743 0.067209 0.092535 0.114104 0.137627 0.160524 0.183671 0.206921 0.230207 0.253489 0.276722 0.299730 0.322464 0.344578 0.365871 0.385839 0.403987 0.419820 0.432503 0.441659 0.446363 0.446135 0.441499 0.432867 0.422619 0.408254 0.395529 0.375586 0.362943 0.326132 0.312688 0.217903 0.203785 0.020439 -0.658169 -0.225216 -0.191335 -0.149221 -0.112889 -0.088182 -0.068004 -0.053083 -0.040695 -0.030888 -0.025818 -0.015057 -0.008903 -0.001055
-0.004118 0.043343 0.063392 0.064811 0.089380 0.110466 0.133354 0.155270 0.177503 0.199528 0.221500 0.243245 0.264761 0.286037 0.306732 0.326555 0.345514 0.363006 0.378836 0.392414 0.403202 0.410675 0.414437 0.414074 0.409262 0.401292 0.391301 0.376880 0.362406 0.340822 0.322409 0.284196 0.257667 0.182299 0.106200 -0.006256 -0.134362 -0.151637 -0.124757 -0.106804 -0.080113 -0.065779 -0.050584 -0.040256 -0.030558 -0.023458 -0.016327 -0.016487 -0.007259 -0.000139
0.011947 0.037086 0.061731 0.063096 0.086711 0.107064 0.129128 0.150120 0.171446 0.192394 0.213242 0.233743 0.253891 0.273490 0.292425 0.310438 0.327301 0.342682 0.356242 0.367623 0.376438 0.382371 0.384963 0.384103 0.379952 0.372350 0.362515 0.348238 0.332824 0.311098 0.289627 0.254097 0.221663 0.165525 0.101190 0.035016 -0.050052 -0.080749 -0.084268 -0.076162 -0.065610 -0.053725 -0.049788 -0.039738 -0.026796 -0.020724 -0.014317 -0.013783 -0.006378 -0.006564
0.002485 0.013535 0.055308 0.076687 0.098770 0.120253 0.142014 0.143176 0.163360 0.184231 0.204518 0.224158 0.243174 0.261447 0.278716 0.295075 0.310207 0.323852 0.335724 0.345508 0.352943 0.357739 0.359559 0.358329 0.354100 0.346672 0.336898 0.322914 0.307080 0.285999 0.263298 0.231141 0.197475 0.151247 0.100139 0.046672 -0.006179 -0.027646 -0.040593 -0.041883 -0.039599 -0.035423 -0.029687 -0.024963 -0.019621 -0.015619 -0.010904 -0.010601 -0.004087 -0.000382
-0.003073 0.017848 0.057927 0.059499 0.081775 0.100483 0.121002 0.140238 0.159810 0.178745 0.197460 0.215604 0.233204 0.250057 0.266048 0.280977 0.294639 0.306818 0.317274 0.325741 0.332034 0.335893 0.337062 0.335488 0.331160 0.323884 0.313913 0.300799 0.285245 0.265359 0.243427 0.214909 0.184829 0.147182 0.107081 0.068066 0.026505 0.000797 -0.013689 -0.019708 -0.021842 -0.021171 -0.018991 -0.016568 -0.013447 -0.010936 -0.007729 -0.007467 -0.007741 0.001611
0.011675 0.034083 0.056185 0.057706 0.079385 0.097196 0.117227 0.135628 0.154430 0.172476 0.190261 0.207394 0.223919 0.239634 0.254433 0.268134 0.280556 0.291516 0.300810 0.308213 0.313585 0.316699 0.317355 0.315509 0.311113 0.304005 0.294319 0.281779 0.266758 0.248193 0.227322 0.201908 0.174446 0.142790 0.109533 0.077498 0.046688 0.026085 0.010912 0.001571 -0.003615 -0.006602 -0.007316 -0.007471 -0.006520 -0.005670 -0.004125 -0.004021 0.001020 0.003262
0.001661 0.015350 0.054717 0.056319 0.077091 0.094533 0.113620 0.131383 0.149407 0.166670 0.183611 0.199847 0.215426 0.230147 0.243916 0.256569 0.267942 0.277881 0.286211 0.292741 0.297359 0.299870 0.300120 0.298068 0.293654 0.286751 0.277440 0.265567 0.251350 0.234236 0.215015 0.192531 0.168438 0.141761 0.114283 0.087839 0.062258 0.042513 0.027362 0.016870 0.009685 0.004891 0.002075 0.000252 -0.000537 -0.000983 -0.000912 -0.000879 0.002942 -0.000221
0.012507 0.039806 0.053087 0.054769 0.074954 0.091367 0.110341 0.127411 0.144851 0.161373 0.177587 0.193026 0.207777 0.221634 0.234519 0.246283 0.256777 0.265872 0.273413 0.279240 0.283255 0.285293 0.285235 0.283044 0.278660 0.271991 0.263093 0.251891 0.238520 0.222749 0.205032 0.184932 0.163384 0.140310 0.116729 0.094140 0.072770 0.055347 0.040951 0.029837 0.021536 0.015250 0.010814 0.007489 0.005183 0.003528 0.002262 0.002169 -0.003826 0.003007
0.011135 0.016626 0.051911 0.053527 0.072794 0.089447 0.107356 0.123956 0.140649 0.156631 0.172171 0.186934 0.200971 0.214092 0.226228 0.237240 0.247002 0.255392 0.262279 0.267530 0.271053 0.272714 0.272422 0.270145 0.265836 0.259421 0.250961 0.240422 0.227928 0.213415 0.197198 0.179174 0.159996 0.139803 0.119347 0.099602 0.080838 0.064649 0.050821 0.039590 0.030597 0.023452 0.017893 0.013529 0.010041 0.007445 0.005002 0.004868 0.004989 0.003389
0.011890 0.028654 0.050621 0.052129 0.071389 0.086526 0.104877 0.120370 0.137183 0.152435 0.167517 0.181661 0.195092 0.207570 0.219068 0.229462 0.238628 0.246461 0.252832 0.257651 0.260803 0.262188 0.261738 0.259409 0.255191 0.249018 0.240954 0.231017 0.219318 0.205875 0.190933 0.174561 0.157214 0.139178 0.120972 0.103361 0.086629 0.071726 0.058595 0.047417 0.038068 0.030298 0.023909 0.018705 0.014266 0.010836 0.007455 0.007219 0.006007 0.003433
-0.002514 0.028655 0.049762 0.051182 0.068882 0.085424 0.102292 0.118174 0.133963 0.148925 0.163437 0.177124 0.190042 0.202010 0.212985 0.222858 0.231538 0.238902 0.244830 0.249270 0.252088 0.253234 0.252653 0.250308 0.246219 0.240298 0.232633 0.223264 0.212283 0.199777 0.185947 0.170942 0.155130 0.138797 0.122348 0.106333 0.091020 0.077034 0.064453 0.053425 0.043897 0.035758 0.028787 0.022965 0.017790 0.013707 0.009575 0.009283 0.001923 -0.000973
0.012214 0.016393 0.048879 0.050075 0.068808 0.083413 0.100933 0.115602 0.131656 0.146056 0.160357 0.173577 0.186034 0.197485 0.208006 0.217515 0.225818 0.232908 0.238528 0.242779 0.245438 0.246471 0.245861 0.243459 0.239466 0.233687 0.226277 0.217357 0.206936 0.195148 0.182170 0.168190 0.153496 0.138389 0.123170 0.108332 0.094089 0.080839 0.068757 0.057895 0.048290 0.039910 0.032539 0.026281 0.020563 0.015965 0.011225 0.010887 0.007489 -0.001167
0.007022 0.027224 0.047930 0.049704 0.067302 0.082749 0.099069 0.114241 0.129480 0.143706 0.157453 0.170364 0.182636 0.193925 0.204251 0.213500 0.221426 0.228133 0.233398 0.237350 0.239689 0.240498 0.239759 0.237386 0.233605 0.228038 0.220990 0.212500 0.202544 0.191409 0.179135 0.165938 0.152195 0.138102 0.123880 0.109951 0.096423 0.083736 0.072047 0.061313 0.051732 0.043220 0.035578 0.028977 0.022832 0.017840 0.012633 0.010731 0.007211 0.000305
0.003109 0.023494 0.048665 0.065896 0.065972 0.082578 0.098563 0.114124 0.129212 0.143544 0.157355 0.170316 0.182536 0.193811 0.204095 0.213315 0.221284 0.227998 0.233250 0.237236 0.239598 0.240433 0.239730 0.237305 0.233500 0.228002 0.220933 0.212433 0.202520 0.191374 0.179146 0.166033 0.152311 0.138225 0.124043 0.110134 0.096672 0.084026 0.072340 0.061632 0.052008 0.043464 0.035771 0.029128 0.022939 0.017762 0.017497 0.012458 0.005345 0.000153
-0.001378 0.029009 0.043318 0.060355 0.075998 0.092138 0.100325 0.121976 0.136157 0.149936 0.163223 0.175783 0.181950 0.193216 0.203408 0.212443 0.220310 0.226961 0.232399 0.236528 0.239491 0.240867 0.240727 0.238579 0.234108 0.228317 0.221443 0.213256 0.203748 0.193329 0.182263 0.170295 0.157641 0.144566 0.130667 0.117004 0.111202 0.103936 0.086105 0.074486 0.068287 0.053910 0.045021 0.037058 0.029870 0.023187 0.017249 0.011023 0.009141 0.000729
0.003716 0.019644 0.034551 0.059176 0.059937 0.076172 0.107500 0.122472 0.137594 0.142714 0.158424 0.188346 0.177939 0.179900 0.206335 0.215248 0.274975 0.281711 0.239879 0.234264 0.224128 0.214341 0.239605 0.243899 0.231202 0.215942 0.221371 0.217050 0.204277 0.193519 0.162592 0.196574 0.206147 0.142244 0.128681 0.120595 0.089385 0.127742 0.076553 0.096685 0.052578 0.049272 0.039743 0.036814 0.039483 0.023607 0.018220 0.009867 0.008302 0.000967
