0.016085 -0.009119 -0.001429 0.003148 -0.004626 0.005579 0.009752 -0.006348 -0.006896 -0.006032 -0.005981 0.007506 0.008596 0.003414 -0.003068 0.006455 0.009793 0.001152 0.003071 0.003174 0.005858 0.004486 0.005829 0.001911 -0.001044 0.001255 0.000955 -0.000252 0.000652 0.000532 0.000433 0.000343 0.000269 0.000203 0.000166 0.000186 0.000067 0.000026 0.000043 0.000059 0.000049 0.000032 0.000042 0.000000 0.000019 0.000016 -0.000001 0.000014 -0.000000 0.000004
0.008156 0.049615 0.043279 0.038480 0.033397 0.048353 0.022959 0.051188 0.051979 0.051416 0.039568 0.047131 0.027563 0.025548 0.023075 0.020155 0.017932 0.012320 0.010669 0.010835 0.008880 0.007207 0.004719 0.004585 0.006080 0.002442 0.002399 0.001928 0.001559 0.001249 0.001009 0.000809 0.000652 0.000520 0.000416 0.000324 0.000425 0.000344 0.000270 0.000212 0.000164 0.000094 0.000085 0.000068 0.000053 0.000045 0.000038 0.000031 0.000038 0.000034
0.041834 0.066481 0.083031 0.091840 0.099392 0.084340 0.090352 0.085256 0.087609 0.085864 0.084958 0.080079 0.075867 0.067834 0.060827 0.052060 0.044763 0.037214 0.030919 0.025212 0.020483 0.016498 0.013233 0.010606 0.008494 0.006819 0.005471 0.004403 0.003538 0.002845 0.002282 0.001829 0.001460 0.001164 0.000925 0.000734 0.000581 0.000459 0.000362 0.000286 0.000226 0.000179 0.000142 0.000114 0.000092 0.000076 0.000074 0.000063 0.000057 0.000038
0.029943 0.113729 0.097912 0.069698 0.090479 0.078065 0.085648 0.086077 0.088804 0.088121 0.087368 0.082566 0.078198 0.069946 0.062694 0.053680 0.045983 0.038185 0.031693 0.025833 0.020976 0.016905 0.013598 0.010917 0.008760 0.007029 0.005647 0.004544 0.003656 0.002945 0.002360 0.001892 0.001509 0.001206 0.000956 0.000757 0.000599 0.000473 0.000373 0.000294 0.000233 0.000184 0.000146 0.000117 0.000095 0.000078 0.000065 0.000079 0.000071 0.000044
0.002950 0.150377 0.101342 0.100879 0.113780 0.105458 0.127929 0.122340 0.126836 0.124036 0.123475 0.116525 0.110293 0.097573 0.086876 0.073389 0.062413 0.051267 0.042206 0.034081 0.027492 0.022023 0.017615 0.014093 0.011279 0.009052 0.007268 0.005854 0.004709 0.003790 0.003038 0.002435 0.001940 0.001546 0.001227 0.000973 0.000769 0.000607 0.000479 0.000378 0.000298 0.000236 0.000187 0.000150 0.000121 0.000100 0.000083 0.000082 0.000081 0.000061
0.028969 0.171746 0.128129 0.136622 0.148280 0.145981 0.158070 0.153881 0.157179 0.156542 0.156218 0.146598 0.138740 0.120838 0.106835 0.088825 0.074826 0.060577 0.049373 0.039430 0.031531 0.025060 0.019936 0.015884 0.012684 0.010172 0.008178 0.006597 0.005322 0.004288 0.003437 0.002748 0.002186 0.001736 0.001373 0.001085 0.000855 0.000673 0.000530 0.000417 0.000329 0.000260 0.000206 0.000165 0.000133 0.000109 0.000091 0.000090 0.000087 0.000069
0.033091 0.147910 0.157904 0.161912 0.171067 0.168589 0.185087 0.186586 0.198068 0.196512 0.198114 0.186708 0.176428 0.150621 0.130915 0.106173 0.087907 0.069804 0.056076 0.044070 0.034791 0.027414 0.021653 0.017213 0.013726 0.011032 0.008889 0.007203 0.005818 0.004702 0.003755 0.003004 0.002377 0.001885 0.001485 0.001170 0.000920 0.000723 0.000568 0.000447 0.000351 0.000277 0.000219 0.000175 0.000141 0.000116 0.000097 0.000096 0.000085 0.000081
0.004719 0.216968 0.185746 0.188159 0.194700 0.203669 0.219502 0.223199 0.231018 0.234461 0.239869 0.223708 0.213068 0.176915 0.151601 0.119297 0.096901 0.075296 0.059358 0.045946 0.035741 0.027873 0.021868 0.017334 0.013831 0.011155 0.009044 0.007375 0.006014 0.004858 0.003879 0.003074 0.002424 0.001904 0.001493 0.001170 0.000916 0.000717 0.000562 0.000441 0.000346 0.000273 0.000216 0.000172 0.000138 0.000114 0.000094 0.000093 0.000081 0.000110
0.053756 0.233367 0.208476 0.210274 0.220340 0.230516 0.247743 0.254325 0.278121 0.286647 0.296548 0.283331 0.267093 0.209235 0.172809 0.130956 0.102799 0.077636 0.059638 0.045024 0.034065 0.026382 0.020537 0.016361 0.013120 0.010709 0.008769 0.007257 0.005931 0.004827 0.003790 0.003004 0.002330 0.001827 0.001419 0.001107 0.000862 0.000673 0.000525 0.000411 0.000322 0.000253 0.000200 0.000159 0.000128 0.000105 0.000087 0.000087 0.000074 0.000064
0.061824 0.247796 0.229211 0.230520 0.242077 0.256507 0.276345 0.294449 0.322407 0.332203 0.355720 0.331294 0.326349 0.245522 0.187823 0.137110 0.102096 0.075149 0.055430 0.040966 0.030140 0.023054 0.017919 0.014399 0.011704 0.009731 0.008147 0.006886 0.005816 0.004697 0.003645 0.002788 0.002141 0.001638 0.001262 0.000972 0.000753 0.000584 0.000454 0.000354 0.000277 0.000218 0.000172 0.000137 0.000110 0.000090 0.000075 0.000074 0.000060 0.000054
0.008623 0.260304 0.245606 0.246803 0.261702 0.280297 0.306739 0.331996 0.371844 0.400041 0.438293 0.445976 0.414000 0.270151 0.191758 0.128423 0.090485 0.063909 0.045330 0.031786 0.021073 0.016580 0.013209 0.011111 0.009411 0.008199 0.007124 0.006302 0.005328 0.004313 0.003123 0.002339 0.001723 0.001306 0.000993 0.000756 0.000584 0.000454 0.000350 0.000273 0.000213 0.000165 0.000130 0.000103 0.000083 0.000068 0.000057 0.000057 0.000046 0.000021
0.212117 0.264749 0.257214 0.259018 0.275754 0.297751 0.330005 0.364324 0.421395 0.457196 0.533412 0.712364 0.392631 0.192004 0.078649 0.045551 0.019711 0.011830 0.004637 -0.002256 -0.009065 0.009224 0.007968 0.007503 0.006942 0.006510 0.006028 0.005767 0.004863 0.002641 0.003204 0.000461 0.000237 0.000139 0.000089 0.000084 0.000381 0.000327 0.000051 0.000166 0.000164 0.000114 0.000079 0.000066 0.000054 0.000040 0.000033 0.000011 0.000025 0.000012
0.140498 0.255089 0.263163 0.265579 0.284378 0.310266 0.347006 0.395894 0.462672 0.518759 0.676269 1.032682 0.393018 0.370770 0.004344 0.003397 0.002850 0.008076 0.008776 -0.048115 -0.035088 -0.002016 0.001408 0.003271 0.004161 0.004684 0.004959 0.005333 0.006773 0.007039 0.000393 0.000151 0.000045 0.000314 0.000162 -0.000081 0.000130 0.000095 -0.000032 0.000067 -0.000005 0.000058 0.000017 0.000032 -0.000010 0.000008 -0.000002 0.000001 0.000003 0.000008
0.175743 0.243451 0.253374 0.276950 0.300841 0.344046 0.399042 0.401839 0.475609 0.596989 0.760420 1.073076 2.000311 0.000000 0.000000 0.000000 0.000000 0.000000 0.000000 -0.014720 -0.026420 -0.008473 -0.003141 0.000145 0.001997 0.003087 0.003865 0.004644 0.005413 0.008739 0.000000 0.000000 0.000000 0.000000 0.000000 0.000000 0.000000 0.000000 0.000000 0.000000 0.000000 0.000000 0.000000 0.000000 0.000000 0.000000 0.000000 0.000000 0.000000 0.000000
0.071870 0.243336 0.254823 0.258243 0.277112 0.301126 0.336444 0.382479 0.445671 0.530336 0.664644 0.887607 0.929451 0.000000 0.000000 0.000000 0.000000 0.000000 0.000000 -0.009037 -0.008429 -0.006876 -0.002961 -0.000745 0.000902 0.001986 0.002878 0.003478 0.004227 0.005193 0.000000 0.000000 0.000000 0.000000 0.000000 0.000000 0.000000 0.000000 0.000000 0.000000 0.000000 0.000000 0.000000 0.000000 0.000000 0.000000 0.000000 0.000000 0.000000 0.000000
0.069895 0.211388 0.241515 0.245267 0.262561 0.282703 0.311445 0.349147 0.391555 0.449092 0.509675 0.488427 0.304538 0.000000 0.000000 0.000000 0.000000 0.000000 0.000000 -0.006808 -0.006454 -0.005494 -0.003172 -0.001442 0.000069 0.001075 0.001949 0.002472 0.003181 0.002261 0.000000 0.000000 0.000000 0.000000 0.000000 0.000000 0.000000 0.000000 0.000000 0.000000 0.000000 0.000000 0.000000 0.000000 0.000000 0.000000 0.000000 0.000000 0.000000 0.000000
0.072142 0.191242 0.222759 0.225912 0.241165 0.255688 0.277256 0.302378 0.328389 0.357301 0.372514 0.300448 0.153057 0.000000 0.000000 0.000000 0.000000 0.000000 0.000000 -0.004754 -0.004468 -0.003983 -0.002586 -0.001386 -0.000270 0.000554 0.001278 0.001716 0.002078 0.001462 0.000000 0.000000 0.000000 0.000000 0.000000 0.000000 0.000000 0.000000 0.000000 0.000000 0.000000 0.000000 0.000000 0.000000 0.000000 0.000000 0.000000 0.000000 0.000000 0.000000
0.046210 0.192947 0.201623 0.203344 0.216258 0.226411 0.240777 0.257017 0.267538 0.279105 0.264946 0.198485 0.099152 0.000000 0.000000 0.000000 0.000000 0.000000 0.000000 -0.002697 -0.002703 -0.003103 -0.002260 -0.001389 -0.000547 0.000131 0.000725 0.001104 0.001388 0.001019 0.000000 0.000000 0.000000 0.000000 0.000000 0.000000 0.000000 0.000000 0.000000 0.000000 0.000000 0.000000 0.000000 0.000000 0.000000 0.000000 0.000000 0.000000 0.000000 0.000000
0.007410 0.147351 0.179301 0.177607 0.187888 0.195068 0.203403 0.212638 0.214059 0.215569 0.191465 0.102400 0.042010 0.000000 0.000000 0.000000 0.000000 0.000000 0.000000 -0.002307 -0.002534 -0.002340 -0.001823 -0.001218 -0.000610 -0.000097 0.000359 0.000668 0.000823 0.000588 0.000000 0.000000 0.000000 0.000000 0.000000 0.000000 0.000000 0.000000 0.000000 0.000000 0.000000 0.000000 0.000000 0.000000 0.000000 0.000000 0.000000 0.000000 0.000000 0.000000
0.077353 0.122483 0.154176 0.149401 0.156591 0.163681 0.167585 0.173148 0.168624 0.165901 0.137252 0.065865 0.035913 0.000000 0.000000 0.000000 0.000000 0.000000 0.000000 -0.002049 -0.001818 -0.001881 -0.001566 -0.001125 -0.000693 -0.000299 0.000051 0.000293 0.000470 0.000402 0.000000 0.000000 0.000000 0.000000 0.000000 0.000000 0.000000 0.000000 0.000000 0.000000 0.000000 0.000000 0.000000 0.000000 0.000000 0.000000 0.000000 0.000000 0.000000 0.000000
0.064380 0.121336 0.129247 0.122148 0.126046 0.132543 0.133723 0.137774 0.130174 0.123984 0.100539 0.037293 0.035785 0.000000 0.000000 0.000000 0.000000 0.000000 0.000000 -0.001497 -0.001275 -0.001536 -0.001292 -0.001007 -0.000692 -0.000411 -0.000154 0.000027 0.000198 0.000104 0.000000 0.000000 0.000000 0.000000 0.000000 0.000000 0.000000 0.000000 0.000000 0.000000 0.000000 0.000000 0.000000 0.000000 0.000000 0.000000 0.000000 0.000000 0.000000 0.000000
0.021259 0.077150 0.101310 0.088824 0.093959 0.101773 0.100702 0.105776 0.098639 0.089212 0.074886 0.050514 -0.012847 0.000000 0.000000 0.000000 0.000000 0.000000 0.000000 -0.001143 -0.001005 -0.001272 -0.001120 -0.000925 -0.000710 -0.000510 -0.000327 -0.000198 0.000035 -0.000214 0.000000 0.000000 0.000000 0.000000 0.000000 0.000000 0.000000 0.000000 0.000000 0.000000 0.000000 0.000000 0.000000 0.000000 0.000000 0.000000 0.000000 0.000000 0.000000 0.000000
0.042998 0.048349 0.076867 0.055564 0.064249 0.074318 0.069893 0.074114 0.068315 0.060858 0.048773 0.044768 0.025230 0.000000 0.000000 0.000000 0.000000 0.000000 0.000000 -0.000957 -0.001078 -0.001058 -0.000972 -0.000844 -0.000703 -0.000572 -0.000449 -0.000362 -0.000184 -0.000102 0.000000 0.000000 0.000000 0.000000 0.000000 0.000000 0.000000 0.000000 0.000000 0.000000 0.000000 0.000000 0.000000 0.000000 0.000000 0.000000 0.000000 0.000000 0.000000 0.000000
0.015795 0.083979 0.040771 0.038008 0.033989 0.042954 0.042346 0.043758 0.042128 0.033067 0.031488 0.014950 0.013974 0.000000 0.000000 0.000000 0.000000 0.000000 0.000000 -0.000764 -0.000976 -0.000906 -0.000854 -0.000784 -0.000703 -0.000627 -0.000556 -0.000501 -0.000230 -0.000305 0.000000 0.000000 0.000000 0.000000 0.000000 0.000000 0.000000 0.000000 0.000000 0.000000 0.000000 0.000000 0.000000 0.000000 0.000000 0.000000 0.000000 0.000000 0.000000 0.000000
0.061291 0.056351 0.010845 0.011939 0.012068 0.012793 0.012512 0.013108 0.014518 0.009212 0.010521 -0.016277 0.036456 0.000000 0.000000 0.000000 0.000000 0.000000 0.000000 -0.000533 -0.000725 -0.000765 -0.000751 -0.000715 -0.000686 -0.000660 -0.000635 -0.000615 -0.000416 -0.000627 0.000000 0.000000 0.000000 0.000000 0.000000 0.000000 0.000000 0.000000 0.000000 0.000000 0.000000 0.000000 0.000000 0.000000 0.000000 0.000000 0.000000 0.000000 0.000000 0.000000
-0.007430 -0.015341 -0.011041 -0.009952 -0.009324 -0.015307 -0.015683 -0.017033 -0.015147 -0.014743 -0.009047 0.019904 0.007138 0.000000 0.000000 0.000000 0.000000 0.000000 0.000000 -0.000551 -0.000562 -0.000636 -0.000657 -0.000673 -0.000693 -0.000710 -0.000727 -0.000729 -0.000651 -0.000569 0.000000 0.000000 0.000000 0.000000 0.000000 0.000000 0.000000 0.000000 0.000000 0.000000 0.000000 0.000000 0.000000 0.000000 0.000000 0.000000 0.000000 0.000000 0.000000 0.000000
-0.013585 -0.044079 -0.046604 -0.029696 -0.038528 -0.052597 -0.044365 -0.045674 -0.041896 -0.038482 -0.028373 0.005519 -0.008347 0.000000 0.000000 0.000000 0.000000 0.000000 0.000000 -0.000280 -0.000241 -0.000504 -0.000553 -0.000619 -0.000686 -0.000752 -0.000812 -0.000844 -0.000769 -0.000850 0.000000 0.000000 0.000000 0.000000 0.000000 0.000000 0.000000 0.000000 0.000000 0.000000 0.000000 0.000000 0.000000 0.000000 0.000000 0.000000 0.000000 0.000000 0.000000 0.000000
-0.019773 -0.108983 -0.074985 -0.063387 -0.068207 -0.075834 -0.069869 -0.076474 -0.070570 -0.061841 -0.050945 0.000216 -0.018645 0.000000 0.000000 0.000000 0.000000 0.000000 0.000000 -0.000091 -0.000122 -0.000358 -0.000445 -0.000561 -0.000688 -0.000806 -0.000917 -0.000979 -0.000941 -0.000827 0.000000 0.000000 0.000000 0.000000 0.000000 0.000000 0.000000 0.000000 0.000000 0.000000 0.000000 0.000000 0.000000 0.000000 0.000000 0.000000 0.000000 0.000000 0.000000 0.000000
-0.038662 -0.132017 -0.103317 -0.089752 -0.093825 -0.101742 -0.102279 -0.108056 -0.099797 -0.090454 -0.075633 -0.028072 -0.031052 0.000000 0.000000 0.000000 0.000000 0.000000 0.000000 -0.000109 -0.000033 -0.000161 -0.000302 -0.000489 -0.000685 -0.000869 -0.001038 -0.001134 -0.001211 -0.001158 0.000000 0.000000 0.000000 0.000000 0.000000 0.000000 0.000000 0.000000 0.000000 0.000000 0.000000 0.000000 0.000000 0.000000 0.000000 0.000000 0.000000 0.000000 0.000000 0.000000
-0.077063 -0.155631 -0.131768 -0.124706 -0.128861 -0.134995 -0.135739 -0.138966 -0.132865 -0.123195 -0.105787 -0.034867 -0.038493 0.000000 0.000000 0.000000 0.000000 0.000000 0.000000 0.000236 0.000160 0.000097 -0.000126 -0.000414 -0.000701 -0.000966 -0.001207 -0.001344 -0.001428 -0.001676 0.000000 0.000000 0.000000 0.000000 0.000000 0.000000 0.000000 0.000000 0.000000 0.000000 0.000000 0.000000 0.000000 0.000000 0.000000 0.000000 0.000000 0.000000 0.000000 0.000000
-0.008168 -0.182152 -0.155562 -0.151081 -0.159082 -0.165144 -0.169617 -0.174750 -0.171207 -0.166888 -0.141508 -0.052832 -0.052125 0.000000 0.000000 0.000000 0.000000 0.000000 0.000000 0.000714 0.000668 0.000444 0.000104 -0.000309 -0.000720 -0.001085 -0.001415 -0.001605 -0.001796 -0.001347 0.000000 0.000000 0.000000 0.000000 0.000000 0.000000 0.000000 0.000000 0.000000 0.000000 0.000000 0.000000 0.000000 0.000000 0.000000 0.000000 0.000000 0.000000 0.000000 0.000000
-0.050411 -0.206535 -0.181021 -0.179808 -0.190180 -0.196656 -0.205530 -0.214511 -0.216717 -0.218068 -0.194100 -0.086233 -0.034218 0.000000 0.000000 0.000000 0.000000 0.000000 0.000000 0.000860 0.001252 0.000860 0.000381 -0.000232 -0.000794 -0.001283 -0.001726 -0.001972 -0.002203 -0.001512 0.000000 0.000000 0.000000 0.000000 0.000000 0.000000 0.000000 0.000000 0.000000 0.000000 0.000000 0.000000 0.000000 0.000000 0.000000 0.000000 0.000000 0.000000 0.000000 0.000000
-0.077293 -0.225314 -0.202997 -0.205132 -0.218153 -0.228016 -0.242937 -0.258608 -0.270426 -0.280442 -0.268455 -0.145729 -0.112605 0.000000 0.000000 0.000000 0.000000 0.000000 0.000000 0.002744 0.002147 0.001503 0.000763 -0.000114 -0.000884 -0.001537 -0.002098 -0.002449 -0.002617 -0.002106 0.000000 0.000000 0.000000 0.000000 0.000000 0.000000 0.000000 0.000000 0.000000 0.000000 0.000000 0.000000 0.000000 0.000000 0.000000 0.000000 0.000000 0.000000 0.000000 0.000000
-0.080266 -0.241354 -0.224324 -0.227398 -0.242829 -0.257170 -0.279052 -0.303939 -0.330450 -0.358730 -0.374842 -0.298786 -0.195174 0.000000 0.000000 0.000000 0.000000 0.000000 0.000000 0.003943 0.003357 0.002321 0.001135 -0.000118 -0.001143 -0.001940 -0.002669 -0.003050 -0.003369 -0.003057 0.000000 0.000000 0.000000 0.000000 0.000000 0.000000 0.000000 0.000000 0.000000 0.000000 0.000000 0.000000 0.000000 0.000000 0.000000 0.000000 0.000000 0.000000 0.000000 0.000000
-0.090989 -0.255445 -0.242936 -0.246526 -0.263995 -0.284054 -0.313111 -0.350508 -0.393826 -0.450381 -0.513648 -0.541699 -0.514510 0.000000 0.000000 0.000000 0.000000 0.000000 0.000000 0.006573 0.005655 0.003676 0.001631 -0.000127 -0.001487 -0.002479 -0.003334 -0.003838 -0.004569 -0.004135 0.000000 0.000000 0.000000 0.000000 0.000000 0.000000 0.000000 0.000000 0.000000 0.000000 0.000000 0.000000 0.000000 0.000000 0.000000 0.000000 0.000000 0.000000 0.000000 0.000000
-0.089777 -0.265994 -0.256095 -0.259900 -0.278408 -0.302391 -0.337716 -0.383527 -0.447057 -0.530629 -0.667044 -0.939288 -1.135881 0.000000 0.000000 0.000000 0.000000 0.000000 0.000000 0.012248 0.009820 0.004819 0.001685 -0.000709 -0.002242 -0.003274 -0.004205 -0.004671 -0.006023 -0.006558 0.000000 0.000000 0.000000 0.000000 0.000000 0.000000 0.000000 0.000000 0.000000 0.000000 0.000000 0.000000 0.000000 0.000000 0.000000 0.000000 0.000000 0.000000 0.000000 0.000000
-0.064390 -0.234201 -0.263936 -0.266841 -0.286352 -0.313731 -0.351959 -0.408657 -0.477368 -0.598043 -0.756792 -1.577734 -2.091514 0.000000 0.000000 0.000000 0.000000 0.000000 0.000000 0.015639 0.027317 0.006379 0.000913 -0.001609 -0.003393 -0.004354 -0.005183 -0.005856 -0.006326 -0.009150 0.000000 0.000000 0.000000 0.000000 0.000000 0.000000 0.000000 0.000000 0.000000 0.000000 0.000000 0.000000 0.000000 0.000000 0.000000 0.000000 0.000000 0.000000 0.000000 0.000000
-0.063511 -0.238206 -0.262958 -0.278788 -0.302529 -0.338269 -0.388255 -0.390326 -0.453508 -0.526137 -0.662991 -0.965595 -0.473912 -0.097581 -0.044398 -0.017697 -0.013500 -0.005488 -0.002059 0.013057 0.009874 0.000600 -0.002953 -0.004372 -0.005322 -0.005779 -0.005957 -0.006424 -0.007003 -0.002541 -0.000690 -0.000093 -0.000391 -0.000163 -0.000116 -0.000258 -0.000095 0.000000 0.000000 0.000000 0.000000 0.000000 0.000000 0.000000 0.000000 0.000000 0.000000 0.000000 0.000000 0.000000
-0.071666 -0.235734 -0.258164 -0.259747 -0.276545 -0.298479 -0.330879 -0.365142 -0.422045 -0.458543 -0.536548 -0.638954 -0.809909 -0.261669 -0.076090 -0.040921 -0.023987 -0.014434 -0.006551 0.001217 0.000778 -0.009741 -0.008679 -0.008357 -0.007797 -0.007388 -0.006845 -0.006543 -0.005186 -0.003337 -0.002734 -0.000581 -0.000453 -0.000395 -0.000410 -0.000733 -0.000499 0.000000 0.000000 0.000000 0.000000 0.000000 0.000000 0.000000 0.000000 0.000000 0.000000 0.000000 0.000000 0.000000
-0.101354 -0.223318 -0.246362 -0.247454 -0.262364 -0.280803 -0.307363 -0.332721 -0.372760 -0.401197 -0.440646 -0.450138 -0.412444 -0.268043 -0.190034 -0.127661 -0.089671 -0.063502 -0.045461 -0.031991 -0.021960 -0.017307 -0.014108 -0.011893 -0.010226 -0.008981 -0.007846 -0.007017 -0.005833 -0.004892 -0.003483 -0.002688 -0.002060 -0.001659 -0.001398 -0.001175 -0.001129 0.000000 0.000000 0.000000 0.000000 0.000000 0.000000 0.000000 0.000000 0.000000 0.000000 0.000000 0.000000 0.000000
-0.078166 -0.248849 -0.229930 -0.230913 -0.242572 -0.256878 -0.276880 -0.294823 -0.322941 -0.332513 -0.356189 -0.332295 -0.325500 -0.242553 -0.187319 -0.135808 -0.101312 -0.074737 -0.055272 -0.041028 -0.030573 -0.023412 -0.018442 -0.014951 -0.012295 -0.010339 -0.008704 -0.007458 -0.006287 -0.005185 -0.004051 -0.003192 -0.002557 -0.002094 -0.001783 -0.001623 -0.001379 0.000000 0.000000 0.000000 0.000000 0.000000 0.000000 0.000000 0.000000 0.000000 0.000000 0.000000 0.000000 0.000000
-0.053399 -0.193768 -0.208924 -0.210655 -0.220675 -0.230684 -0.248035 -0.254831 -0.278438 -0.286437 -0.296927 -0.283410 -0.266057 -0.208502 -0.172556 -0.130229 -0.102325 -0.077248 -0.059525 -0.045081 -0.034386 -0.026738 -0.021019 -0.016852 -0.013650 -0.011247 -0.009298 -0.007786 -0.006423 -0.005306 -0.004224 -0.003448 -0.002801 -0.002346 -0.002029 -0.001858 -0.001932 0.000000 0.000000 0.000000 0.000000 0.000000 0.000000 0.000000 0.000000 0.000000 0.000000 0.000000 0.000000 0.000000
-0.072295 -0.171366 -0.186044 -0.188774 -0.195153 -0.203848 -0.219658 -0.223293 -0.231680 -0.234530 -0.239829 -0.223652 -0.212473 -0.176140 -0.151441 -0.118715 -0.096439 -0.074993 -0.059208 -0.045928 -0.035896 -0.028081 -0.022182 -0.017688 -0.014224 -0.011574 -0.009453 -0.007808 -0.006408 -0.005290 -0.004292 -0.003518 -0.002910 -0.002447 -0.002140 -0.002064 -0.001759 0.000000 0.000000 0.000000 0.000000 0.000000 0.000000 0.000000 0.000000 0.000000 0.000000 0.000000 0.000000 0.000000
-0.035774 -0.147807 -0.157929 -0.162260 -0.171350 -0.168560 -0.185330 -0.186421 -0.198140 -0.196450 -0.198005 -0.186348 -0.175966 -0.150110 -0.130440 -0.105563 -0.087506 -0.069499 -0.055934 -0.044018 -0.034894 -0.027581 -0.021906 -0.017505 -0.014056 -0.011386 -0.009254 -0.007583 -0.006197 -0.005093 -0.004152 -0.003432 -0.002856 -0.002423 -0.002123 -0.002179 -0.001921 0.000000 0.000000 0.000000 0.000000 0.000000 0.000000 0.000000 0.000000 0.000000 0.000000 0.000000 0.000000 0.000000
-0.035365 -0.170213 -0.128595 -0.136832 -0.148291 -0.145939 -0.158589 -0.153888 -0.157263 -0.156487 -0.156158 -0.146453 -0.138429 -0.120498 -0.106492 -0.088486 -0.074549 -0.060381 -0.049261 -0.039393 -0.031588 -0.025171 -0.020113 -0.016099 -0.012932 -0.010447 -0.008463 -0.006904 -0.005629 -0.004622 -0.003785 -0.003133 -0.002623 -0.002236 -0.001965 -0.001995 -0.001586 0.000000 0.000000 0.000000 0.000000 0.000000 0.000000 0.000000 0.000000 0.000000 0.000000 0.000000 0.000000 0.000000
-0.044994 -0.147049 -0.101111 -0.100358 -0.113657 -0.105122 -0.128199 -0.122462 -0.126917 -0.123810 -0.123292 -0.116221 -0.109849 -0.097142 -0.086520 -0.073055 -0.062151 -0.051077 -0.042104 -0.034029 -0.027513 -0.022088 -0.017734 -0.014248 -0.011462 -0.009256 -0.007493 -0.006097 -0.004965 -0.004068 -0.003336 -0.002769 -0.002327 -0.001997 -0.001756 -0.001771 -0.001236 0.000000 0.000000 0.000000 0.000000 0.000000 0.000000 0.000000 0.000000 0.000000 0.000000 0.000000 0.000000 0.000000
-0.020489 -0.064348 -0.097896 -0.070058 -0.090538 -0.078030 -0.085965 -0.085790 -0.088988 -0.088178 -0.087479 -0.082709 -0.078022 -0.069731 -0.062523 -0.053511 -0.045893 -0.038143 -0.031659 -0.025821 -0.021020 -0.016977 -0.013699 -0.011035 -0.008896 -0.007193 -0.005816 -0.004730 -0.003848 -0.003153 -0.002588 -0.002150 -0.001810 -0.001549 -0.001369 -0.001556 -0.001819 0.000000 0.000000 0.000000 0.000000 0.000000 0.000000 0.000000 0.000000 0.000000 0.000000 0.000000 0.000000 0.000000
0.003456 -0.043680 -0.083241 -0.092625 -0.099654 -0.084012 -0.090424 -0.085182 -0.087627 -0.085684 -0.084934 -0.080054 -0.075568 -0.067534 -0.060581 -0.051848 -0.044557 -0.037059 -0.030847 -0.025160 -0.020472 -0.016528 -0.013316 -0.010708 -0.008623 -0.006962 -0.005629 -0.004575 -0.003725 -0.003055 -0.002509 -0.002088 -0.001757 -0.001515 -0.001349 -0.001085 -0.001297 0.000000 0.000000 0.000000 0.000000 0.000000 0.000000 0.000000 0.000000 0.000000 0.000000 0.000000 0.000000 0.000000
-0.012803 -0.036655 -0.037423 0.005128 -0.025863 -0.043975 -0.027450 -0.043988 -0.044983 -0.030007 -0.049899 -0.040279 -0.036503 -0.022121 -0.023102 -0.020195 -0.015187 -0.015374 -0.012970 -0.008631 -0.007256 -0.007169 -0.009586 -0.003855 -0.006260 -0.003044 -0.002466 -0.001711 -0.001679 -0.001607 -0.001180 -0.000821 -0.000724 -0.000684 -0.000645 -0.000690 -0.000590 0.000000 0.000000 0.000000 0.000000 0.000000 0.000000 0.000000 0.000000 0.000000 0.000000 0.000000 0.000000 0.000000
0.047130 -0.000615 -0.000965 0.003648 0.001719 -0.010144 -0.009548 -0.017212 -0.009378 -0.008210 -0.003357 -0.007850 -0.006875 -0.007334 -0.005648 -0.007295 -0.004587 -0.005246 -0.003966 -0.000572 -0.001644 -0.002384 -0.000176 -0.001677 0.000555 -0.000206 -0.000569 -0.000503 -0.000396 -0.000041 -0.000192 -0.000134 -0.000147 0.000027 -0.000062 0.000073 -0.000382 0.000000 0.000000 0.000000 0.000000 0.000000 0.000000 0.000000 0.000000 0.000000 0.000000 0.000000 0.000000 0.000000
