0.510269 0.476568 0.461304 0.414176 0.376236 0.339347 0.326729 0.294080 0.262735 0.235803 0.206466 0.230870 0.207425 0.150147 0.106777 0.106830 0.098734 0.064549 0.063475 0.049428 0.043816 0.025964 0.020694 0.027084 0.015247 0.010828 0.008617 0.007839 0.005447 0.004328 0.003430 0.002701 0.002141 0.001695 0.001338 0.001059 0.001189 0.000792 0.000565 0.000410 0.000318 0.000357 0.000212 0.000164 0.000129 0.000103 0.000066 0.000053 0.000025 0.000015
0.502262 0.474408 0.431567 0.424073 0.386018 0.355403 0.335795 0.301362 0.271961 0.242544 0.215988 0.184410 0.167409 0.141871 0.118781 0.098766 0.080415 0.067142 0.054081 0.042401 0.034113 0.027440 0.022941 0.017925 0.016133 0.011834 0.009209 0.007380 0.005890 0.004716 0.003752 0.002991 0.002368 0.001879 0.001485 0.001188 0.001035 0.000824 0.000645 0.000505 0.000390 0.000367 0.000241 0.000185 0.000139 0.000104 0.000077 0.000055 0.000022 -0.000005
0.515395 0.492486 0.432413 0.419566 0.398673 0.351792 0.336207 0.301817 0.275654 0.242549 0.213028 0.181869 0.153534 0.126967 0.104428 0.084394 0.068292 0.054499 0.043694 0.034733 0.027761 0.022122 0.017703 0.014159 0.011347 0.009091 0.007277 0.005816 0.004639 0.003687 0.002924 0.002314 0.001826 0.001439 0.001132 0.000890 0.000698 0.000548 0.000429 0.000335 0.000261 0.000204 0.000157 0.000121 0.000090 0.000067 0.000066 0.000045 0.000019 -0.000004
0.497747 0.486832 0.417764 0.402862 0.404732 0.372777 0.342217 0.304428 0.276128 0.242682 0.212466 0.181146 0.152669 0.126233 0.103661 0.083649 0.067566 0.053870 0.043122 0.034242 0.027348 0.021787 0.017426 0.013929 0.011159 0.008945 0.007163 0.005725 0.004569 0.003629 0.002876 0.002275 0.001795 0.001412 0.001110 0.000874 0.000686 0.000538 0.000421 0.000330 0.000257 0.000200 0.000154 0.000119 0.000089 0.000067 0.000045 0.000032 0.000021 0.000003
0.500296 0.495936 0.415459 0.429833 0.422810 0.382572 0.350238 0.309774 0.278276 0.242534 0.209624 0.175806 0.144957 0.116528 0.093412 0.073120 0.057875 0.044839 0.035333 0.027494 0.021735 0.017130 0.013647 0.010886 0.008724 0.006995 0.005604 0.004477 0.003561 0.002817 0.002220 0.001743 0.001365 0.001068 0.000835 0.000652 0.000508 0.000397 0.000309 0.000241 0.000187 0.000145 0.000112 0.000086 0.000064 0.000048 0.000033 0.000032 0.000024 -0.000007
0.511730 0.492340 0.414192 0.411197 0.423215 0.357382 0.349056 0.306294 0.280933 0.240885 0.205193 0.168054 0.133853 0.102792 0.079453 0.059124 0.045387 0.033596 0.025892 0.019488 0.015259 0.011880 0.009468 0.007569 0.006097 0.004916 0.003951 0.003154 0.002495 0.001951 0.001514 0.001172 0.000901 0.000696 0.000534 0.000413 0.000319 0.000247 0.000191 0.000148 0.000114 0.000088 0.000068 0.000052 0.000039 0.000029 0.000020 0.000019 0.000000 0.000006
0.465264 0.494006 0.415344 0.409930 0.426976 0.370686 0.355630 0.313958 0.279786 0.240097 0.199630 0.158546 0.119371 0.085535 0.061407 0.041095 0.029698 0.019378 0.014174 0.009608 0.007326 0.005497 0.004440 0.003608 0.002990 0.002472 0.002015 0.001610 0.001241 0.000924 0.000673 0.000487 0.000348 0.000251 0.000180 0.000132 0.000096 0.000071 0.000052 0.000039 0.000029 0.000022 0.000016 0.000012 0.000009 0.000007 0.000004 0.000003 -0.000007 0.000008
0.500512 0.491134 0.419289 0.413600 0.433840 0.368759 0.361861 0.313697 0.290205 0.242346 0.195582 0.146525 0.098011 0.057333 0.036062 0.016051 0.009016 0.001660 0.000095 -0.001876 -0.001455 -0.001306 -0.000770 -0.000385 -0.000104 0.000064 0.000110 0.000074 -0.000013 -0.000119 -0.000190 -0.000211 -0.000222 -0.000200 -0.000182 -0.000153 -0.000130 -0.000106 -0.000087 -0.000070 -0.000056 -0.000044 -0.000034 -0.000027 -0.000020 -0.000015 -0.000010 -0.000011 -0.000012 0.000018
0.511464 0.497169 0.426876 0.419799 0.441114 0.379330 0.373011 0.333595 0.292299 0.245458 0.189152 0.133677 0.073658 0.022101 0.004162 -0.013604 -0.014387 -0.018325 -0.015275 -0.014087 -0.010803 -0.008414 -0.006125 -0.004448 -0.003202 -0.002324 -0.001772 -0.001427 -0.001281 -0.001216 -0.001115 -0.000972 -0.000824 -0.000682 -0.000556 -0.000447 -0.000358 -0.000285 -0.000225 -0.000177 -0.000139 -0.000109 -0.000084 -0.000065 -0.000049 -0.000037 -0.000025 -0.000025 -0.000016 -0.000006
0.436088 0.498823 0.436982 0.428335 0.452531 0.394779 0.391566 0.344340 0.309653 0.257596 0.193021 0.116438 0.027892 -0.032785 -0.042003 -0.053990 -0.044511 -0.041632 -0.032609 -0.027513 -0.020148 -0.014872 -0.010816 -0.007816 -0.005765 -0.004293 -0.003345 -0.002767 -0.002445 -0.002263 -0.002017 -0.001673 -0.001402 -0.001114 -0.000904 -0.000711 -0.000565 -0.000444 -0.000349 -0.000273 -0.000214 -0.000166 -0.000128 -0.000099 -0.000074 -0.000056 -0.000038 -0.000038 -0.000022 -0.000010
0.490894 0.505406 0.448352 0.439208 0.466233 0.413500 0.410897 0.370513 0.329579 0.279981 0.194922 0.114277 -0.012117 -0.112641 -0.101802 -0.099349 -0.076459 -0.065205 -0.049612 -0.039407 -0.028734 -0.020657 -0.014793 -0.010666 -0.007874 -0.005890 -0.004621 -0.003756 -0.003463 -0.003382 -0.003023 -0.002477 -0.001975 -0.001562 -0.001222 -0.000957 -0.000748 -0.000584 -0.000455 -0.000355 -0.000276 -0.000214 -0.000166 -0.000127 -0.000096 -0.000072 -0.000049 -0.000048 -0.000019 -0.000003
0.522714 0.512456 0.462770 0.453941 0.485901 0.439818 0.445258 0.408901 0.375697 0.323577 0.247758 -0.163555 -0.478536 -0.395497 -0.251561 -0.168531 -0.126490 -0.090923 -0.069469 -0.052069 -0.030375 -0.022913 -0.016256 -0.011583 -0.008690 -0.006588 -0.005260 -0.004569 -0.005073 -0.006186 -0.005302 -0.003568 -0.002708 -0.002109 -0.001561 -0.001246 -0.001118 -0.000864 -0.000706 -0.000507 -0.000402 -0.000311 -0.000234 -0.000181 -0.000139 -0.000102 -0.000076 -0.000055 -0.000023 -0.000006
0.439527 0.494854 0.476865 0.469460 0.505614 0.467965 0.477420 0.458532 0.420804 0.418906 0.266063 -0.135701 -1.318538 -0.846181 -0.325748 -0.177148 -0.128462 -0.110373 -0.075042 -0.010345 -0.014031 -0.022845 -0.016254 -0.011778 -0.008864 -0.006787 -0.005388 -0.004645 -0.003281 -0.001589 -0.003865 -0.002896 -0.001915 -0.001979 -0.001584 -0.001328 -0.001054 -0.000624 -0.000707 -0.000395 -0.000391 -0.000294 -0.000186 -0.000174 -0.000123 -0.000081 -0.000055 -0.000031 -0.000037 -0.000009
0.472209 0.537275 0.480362 0.537127 0.502221 0.533869 0.522133 0.522646 0.536371 0.537567 0.526631 0.567066 -0.089448 0.000000 0.000000 0.000000 0.000000 0.000000 0.000000 -0.000396 -0.014382 -0.013051 -0.011175 -0.008846 -0.007183 -0.005785 -0.004528 -0.003865 -0.001873 -0.001329 0.000000 0.000000 0.000000 0.000000 0.000000 0.000000 0.000000 0.000000 0.000000 0.000000 0.000000 0.000000 0.000000 0.000000 0.000000 0.000000 0.000000 0.000000 0.000000 0.000000
0.510290 0.506796 0.507206 0.503117 0.554173 0.534085 0.572010 0.585269 0.620436 0.687332 0.757539 1.448267 1.491750 0.000000 0.000000 0.000000 0.000000 0.000000 0.000000 -0.001526 -0.000508 -0.007367 -0.007512 -0.006864 -0.005884 -0.004914 -0.003804 -0.003128 -0.000991 -0.000822 0.000000 0.000000 0.000000 0.000000 0.000000 0.000000 0.000000 0.000000 0.000000 0.000000 0.000000 0.000000 0.000000 0.000000 0.000000 0.000000 0.000000 0.000000 0.000000 0.000000
0.509794 0.523925 0.520872 0.517912 0.576461 0.562635 0.611343 0.632973 0.683742 0.765804 0.846886 1.240645 1.318885 0.000000 0.000000 0.000000 0.000000 0.000000 0.000000 -0.000281 -0.001329 -0.004511 -0.005031 -0.004872 -0.004460 -0.003809 -0.003010 -0.002359 -0.000837 -0.000237 0.000000 0.000000 0.000000 0.000000 0.000000 0.000000 0.000000 0.000000 0.000000 0.000000 0.000000 0.000000 0.000000 0.000000 0.000000 0.000000 0.000000 0.000000 0.000000 0.000000
0.519900 0.527196 0.531074 0.528771 0.593634 0.583561 0.638160 0.665292 0.721136 0.804045 0.877606 1.224268 1.116773 0.000000 0.000000 0.000000 0.000000 0.000000 0.000000 0.000025 -0.000500 -0.002742 -0.003345 -0.003585 -0.003372 -0.002994 -0.002382 -0.001886 -0.000694 -0.000239 0.000000 0.000000 0.000000 0.000000 0.000000 0.000000 0.000000 0.000000 0.000000 0.000000 0.000000 0.000000 0.000000 0.000000 0.000000 0.000000 0.000000 0.000000 0.000000 0.000000
0.466620 0.530801 0.540068 0.537535 0.608133 0.599249 0.657534 0.684039 0.738743 0.809362 0.866940 1.024114 1.138551 0.000000 0.000000 0.000000 0.000000 0.000000 0.000000 -0.000075 -0.000223 -0.001827 -0.002300 -0.002558 -0.002496 -0.002261 -0.001831 -0.001421 -0.000492 0.000083 0.000000 0.000000 0.000000 0.000000 0.000000 0.000000 0.000000 0.000000 0.000000 0.000000 0.000000 0.000000 0.000000 0.000000 0.000000 0.000000 0.000000 0.000000 0.000000 0.000000
0.495143 0.543767 0.544806 0.542337 0.617992 0.608492 0.668502 0.692090 0.743535 0.800364 0.844727 0.915439 1.001877 0.000000 0.000000 0.000000 0.000000 0.000000 0.000000 0.000021 -0.000580 -0.001189 -0.001602 -0.001863 -0.001853 -0.001721 -0.001398 -0.001110 -0.000329 -0.000177 0.000000 0.000000 0.000000 0.000000 0.000000 0.000000 0.000000 0.000000 0.000000 0.000000 0.000000 0.000000 0.000000 0.000000 0.000000 0.000000 0.000000 0.000000 0.000000 0.000000
0.519887 0.555437 0.550946 0.546981 0.623141 0.614126 0.674794 0.694606 0.741588 0.785288 0.823290 0.879372 0.969808 0.000000 0.000000 0.000000 0.000000 0.000000 0.000000 0.000078 -0.000397 -0.000817 -0.001150 -0.001347 -0.001377 -0.001290 -0.001057 -0.000821 -0.000260 -0.000098 0.000000 0.000000 0.000000 0.000000 0.000000 0.000000 0.000000 0.000000 0.000000 0.000000 0.000000 0.000000 0.000000 0.000000 0.000000 0.000000 0.000000 0.000000 0.000000 0.000000
0.514882 0.547530 0.551249 0.550943 0.626956 0.616337 0.677029 0.692918 0.736129 0.768033 0.804028 0.838005 0.844924 0.000000 0.000000 0.000000 0.000000 0.000000 0.000000 0.000015 0.000001 -0.000547 -0.000829 -0.000991 -0.001028 -0.000976 -0.000802 -0.000626 -0.000211 -0.000066 0.000000 0.000000 0.000000 0.000000 0.000000 0.000000 0.000000 0.000000 0.000000 0.000000 0.000000 0.000000 0.000000 0.000000 0.000000 0.000000 0.000000 0.000000 0.000000 0.000000
0.518784 0.554431 0.564471 0.547033 0.618688 0.615482 0.670912 0.689434 0.727367 0.755162 0.781961 0.837815 0.826179 0.000000 0.000000 0.000000 0.000000 0.000000 0.000000 -0.000001 -0.000017 -0.000426 -0.000609 -0.000748 -0.000782 -0.000750 -0.000618 -0.000488 -0.000154 -0.000013 0.000000 0.000000 0.000000 0.000000 0.000000 0.000000 0.000000 0.000000 0.000000 0.000000 0.000000 0.000000 0.000000 0.000000 0.000000 0.000000 0.000000 0.000000 0.000000 0.000000
0.459565 0.574770 0.567831 0.547406 0.613131 0.615952 0.662728 0.684611 0.718530 0.743911 0.765997 0.827515 0.845246 0.000000 0.000000 0.000000 0.000000 0.000000 0.000000 -0.000006 0.000101 -0.000319 -0.000471 -0.000581 -0.000613 -0.000592 -0.000492 -0.000377 -0.000137 -0.000010 0.000000 0.000000 0.000000 0.000000 0.000000 0.000000 0.000000 0.000000 0.000000 0.000000 0.000000 0.000000 0.000000 0.000000 0.000000 0.000000 0.000000 0.000000 0.000000 0.000000
0.338960 0.581140 0.563517 0.545486 0.597009 0.610089 0.658018 0.678445 0.712923 0.735424 0.757808 0.790408 0.758934 0.000000 0.000000 0.000000 0.000000 0.000000 0.000000 0.000001 -0.000164 -0.000253 -0.000387 -0.000479 -0.000509 -0.000495 -0.000412 -0.000326 -0.000139 -0.000073 0.000000 0.000000 0.000000 0.000000 0.000000 0.000000 0.000000 0.000000 0.000000 0.000000 0.000000 0.000000 0.000000 0.000000 0.000000 0.000000 0.000000 0.000000 0.000000 0.000000
0.520681 0.582092 0.577164 0.611063 0.606950 0.644338 0.648265 0.662154 0.702925 0.731195 0.748034 0.806896 0.790372 0.000000 0.000000 0.000000 0.000000 0.000000 0.000000 -0.000008 -0.000206 -0.000229 -0.000342 -0.000430 -0.000461 -0.000444 -0.000390 -0.000303 -0.000095 -0.000132 0.000000 0.000000 0.000000 0.000000 0.000000 0.000000 0.000000 0.000000 0.000000 0.000000 0.000000 0.000000 0.000000 0.000000 0.000000 0.000000 0.000000 0.000000 0.000000 0.000000
0.514417 0.589868 0.580848 0.543045 0.582492 0.607126 0.654730 0.675656 0.707222 0.734199 0.742876 0.804646 0.789869 0.000000 0.000000 0.000000 0.000000 0.000000 0.000000 0.000022 -0.000088 -0.000227 -0.000341 -0.000423 -0.000451 -0.000442 -0.000367 -0.000297 -0.000144 -0.000068 0.000000 0.000000 0.000000 0.000000 0.000000 0.000000 0.000000 0.000000 0.000000 0.000000 0.000000 0.000000 0.000000 0.000000 0.000000 0.000000 0.000000 0.000000 0.000000 0.000000
0.518784 0.568330 0.570609 0.545694 0.601728 0.613144 0.657085 0.679083 0.709631 0.738909 0.744229 0.811457 0.813091 0.000000 0.000000 0.000000 0.000000 0.000000 0.000000 -0.000022 0.000012 -0.000262 -0.000374 -0.000465 -0.000492 -0.000480 -0.000397 -0.000316 -0.000153 -0.000094 0.000000 0.000000 0.000000 0.000000 0.000000 0.000000 0.000000 0.000000 0.000000 0.000000 0.000000 0.000000 0.000000 0.000000 0.000000 0.000000 0.000000 0.000000 0.000000 0.000000
0.363474 0.567808 0.570644 0.552837 0.623354 0.618262 0.660850 0.686115 0.716694 0.747776 0.756563 0.825630 0.781290 0.000000 0.000000 0.000000 0.000000 0.000000 0.000000 -0.000028 -0.000158 -0.000295 -0.000451 -0.000556 -0.000585 -0.000568 -0.000467 -0.000371 -0.000189 -0.000069 0.000000 0.000000 0.000000 0.000000 0.000000 0.000000 0.000000 0.000000 0.000000 0.000000 0.000000 0.000000 0.000000 0.000000 0.000000 0.000000 0.000000 0.000000 0.000000 0.000000
0.538591 0.564600 0.564859 0.545769 0.617004 0.614591 0.671502 0.690924 0.725981 0.758564 0.776124 0.849509 0.854572 0.000000 0.000000 0.000000 0.000000 0.000000 0.000000 -0.000038 -0.000059 -0.000396 -0.000574 -0.000707 -0.000737 -0.000709 -0.000580 -0.000458 -0.000277 0.000057 0.000000 0.000000 0.000000 0.000000 0.000000 0.000000 0.000000 0.000000 0.000000 0.000000 0.000000 0.000000 0.000000 0.000000 0.000000 0.000000 0.000000 0.000000 0.000000 0.000000
0.523927 0.564139 0.551893 0.549772 0.626469 0.616990 0.676974 0.694741 0.734896 0.772493 0.801821 0.887677 0.921418 0.000000 0.000000 0.000000 0.000000 0.000000 0.000000 -0.000054 -0.000158 -0.000518 -0.000777 -0.000940 -0.000964 -0.000921 -0.000743 -0.000589 -0.000306 0.000222 0.000000 0.000000 0.000000 0.000000 0.000000 0.000000 0.000000 0.000000 0.000000 0.000000 0.000000 0.000000 0.000000 0.000000 0.000000 0.000000 0.000000 0.000000 0.000000 0.000000
0.501916 0.554751 0.550843 0.546752 0.623593 0.614168 0.674603 0.695149 0.742089 0.786445 0.826953 0.930286 0.887924 0.000000 0.000000 0.000000 0.000000 0.000000 0.000000 -0.000062 -0.000287 -0.000768 -0.001085 -0.001282 -0.001288 -0.001217 -0.000973 -0.000760 -0.000424 -0.000060 0.000000 0.000000 0.000000 0.000000 0.000000 0.000000 0.000000 0.000000 0.000000 0.000000 0.000000 0.000000 0.000000 0.000000 0.000000 0.000000 0.000000 0.000000 0.000000 0.000000
0.506387 0.547884 0.545095 0.542357 0.617042 0.608552 0.667916 0.693303 0.743036 0.803192 0.847253 1.012855 0.904774 0.000000 0.000000 0.000000 0.000000 0.000000 0.000000 0.000009 -0.000490 -0.001113 -0.001533 -0.001763 -0.001740 -0.001618 -0.001280 -0.001011 -0.000337 -0.000067 0.000000 0.000000 0.000000 0.000000 0.000000 0.000000 0.000000 0.000000 0.000000 0.000000 0.000000 0.000000 0.000000 0.000000 0.000000 0.000000 0.000000 0.000000 0.000000 0.000000
0.510980 0.542132 0.539995 0.537375 0.607189 0.598902 0.657036 0.684076 0.738602 0.810234 0.867010 1.107791 1.067462 0.000000 0.000000 0.000000 0.000000 0.000000 0.000000 0.000100 -0.000197 -0.001721 -0.002185 -0.002457 -0.002339 -0.002150 -0.001684 -0.001305 -0.000497 -0.000154 0.000000 0.000000 0.000000 0.000000 0.000000 0.000000 0.000000 0.000000 0.000000 0.000000 0.000000 0.000000 0.000000 0.000000 0.000000 0.000000 0.000000 0.000000 0.000000 0.000000
0.520415 0.533937 0.530836 0.528702 0.593062 0.583409 0.637608 0.665748 0.720866 0.806079 0.879018 1.238498 1.315421 0.000000 0.000000 0.000000 0.000000 0.000000 0.000000 -0.000345 0.000302 -0.002592 -0.003161 -0.003409 -0.003162 -0.002835 -0.002217 -0.001732 -0.000683 -0.000154 0.000000 0.000000 0.000000 0.000000 0.000000 0.000000 0.000000 0.000000 0.000000 0.000000 0.000000 0.000000 0.000000 0.000000 0.000000 0.000000 0.000000 0.000000 0.000000 0.000000
0.503071 0.527510 0.520493 0.517532 0.575696 0.562251 0.610779 0.632761 0.683706 0.766454 0.848198 1.405304 1.488701 0.000000 0.000000 0.000000 0.000000 0.000000 0.000000 -0.000225 -0.000741 -0.004318 -0.004640 -0.004735 -0.004159 -0.003687 -0.002831 -0.002309 -0.001273 -0.000133 0.000000 0.000000 0.000000 0.000000 0.000000 0.000000 0.000000 0.000000 0.000000 0.000000 0.000000 0.000000 0.000000 0.000000 0.000000 0.000000 0.000000 0.000000 0.000000 0.000000
0.512172 0.522461 0.507141 0.502882 0.553672 0.533762 0.571459 0.585116 0.620222 0.687832 0.758319 1.252497 1.461517 0.000000 0.000000 0.000000 0.000000 0.000000 0.000000 -0.000876 -0.006503 -0.007205 -0.006988 -0.006527 -0.005510 -0.004683 -0.003612 -0.002990 -0.001976 0.000841 0.000000 0.000000 0.000000 0.000000 0.000000 0.000000 0.000000 0.000000 0.000000 0.000000 0.000000 0.000000 0.000000 0.000000 0.000000 0.000000 0.000000 0.000000 0.000000 0.000000
0.433091 0.511553 0.493040 0.486920 0.531330 0.502424 0.530172 0.523478 0.538501 0.550341 0.528289 0.905412 0.460912 0.000000 0.000000 0.000000 0.000000 0.000000 0.000000 -0.001162 -0.003260 -0.013315 -0.010163 -0.008660 -0.006718 -0.005642 -0.004254 -0.003905 -0.001180 -0.001706 0.000000 0.000000 0.000000 0.000000 0.000000 0.000000 0.000000 0.000000 0.000000 0.000000 0.000000 0.000000 0.000000 0.000000 0.000000 0.000000 0.000000 0.000000 0.000000 0.000000
0.431038 0.503151 0.465360 0.515150 0.468331 0.486084 0.455741 0.453869 0.426524 0.405567 0.277390 -0.056054 -1.192312 -0.347025 -0.345964 -0.189153 -0.135049 -0.097013 -0.090716 -0.072448 -0.026408 -0.020465 -0.014954 -0.010836 -0.008248 -0.006480 -0.005202 -0.004621 -0.003732 -0.007534 -0.006254 -0.003608 -0.003739 -0.001697 -0.000983 -0.000573 -0.000012 0.000000 0.000000 0.000000 0.000000 0.000000 0.000000 0.000000 0.000000 0.000000 0.000000 0.000000 0.000000 0.000000
0.506252 0.499914 0.462586 0.453705 0.485465 0.439399 0.444551 0.408656 0.375545 0.324289 0.247711 -0.117411 -0.294003 -0.365869 -0.247867 -0.164027 -0.126038 -0.092655 -0.073140 -0.056469 -0.025802 -0.021947 -0.015356 -0.011035 -0.008125 -0.006282 -0.005016 -0.004610 -0.005235 -0.006485 -0.005909 -0.003355 -0.002446 -0.001610 -0.001004 -0.000603 -0.000048 0.000000 0.000000 0.000000 0.000000 0.000000 0.000000 0.000000 0.000000 0.000000 0.000000 0.000000 0.000000 0.000000
0.502272 0.497598 0.448059 0.439032 0.465739 0.413020 0.410341 0.369944 0.328986 0.278859 0.193344 0.109898 -0.016505 -0.114730 -0.102645 -0.098520 -0.074878 -0.063602 -0.048090 -0.037744 -0.027473 -0.019722 -0.013824 -0.009972 -0.007280 -0.005526 -0.004327 -0.003616 -0.003364 -0.003302 -0.003021 -0.002347 -0.001813 -0.001262 -0.000912 -0.000538 -0.000152 0.000000 0.000000 0.000000 0.000000 0.000000 0.000000 0.000000 0.000000 0.000000 0.000000 0.000000 0.000000 0.000000
0.511294 0.499261 0.436493 0.428542 0.452136 0.394339 0.390900 0.343849 0.308950 0.257052 0.192484 0.114534 0.026053 -0.035734 -0.041532 -0.053825 -0.043316 -0.040403 -0.031241 -0.026140 -0.018956 -0.013928 -0.009979 -0.007181 -0.005213 -0.003892 -0.003031 -0.002561 -0.002320 -0.002201 -0.001967 -0.001558 -0.001262 -0.000873 -0.000643 -0.000320 -0.000148 0.000000 0.000000 0.000000 0.000000 0.000000 0.000000 0.000000 0.000000 0.000000 0.000000 0.000000 0.000000 0.000000
0.501785 0.493702 0.426129 0.419545 0.440365 0.378712 0.372437 0.332646 0.291710 0.244764 0.188485 0.132241 0.072520 0.022165 0.004488 -0.013094 -0.013534 -0.017330 -0.014254 -0.013012 -0.009834 -0.007565 -0.005349 -0.003822 -0.002664 -0.001925 -0.001443 -0.001203 -0.001100 -0.001067 -0.001027 -0.000851 -0.000713 -0.000505 -0.000390 -0.000143 0.000045 0.000000 0.000000 0.000000 0.000000 0.000000 0.000000 0.000000 0.000000 0.000000 0.000000 0.000000 0.000000 0.000000
0.510011 0.494673 0.418774 0.413471 0.433111 0.368212 0.361181 0.313212 0.289041 0.241844 0.194968 0.145917 0.097597 0.057159 0.036831 0.016504 0.009868 0.002536 0.001021 -0.000937 -0.000564 -0.000524 -0.000068 0.000202 0.000401 0.000466 0.000434 0.000316 0.000162 0.000002 -0.000103 -0.000131 -0.000155 -0.000121 -0.000111 0.000025 0.000267 0.000000 0.000000 0.000000 0.000000 0.000000 0.000000 0.000000 0.000000 0.000000 0.000000 0.000000 0.000000 0.000000
0.468800 0.497453 0.414238 0.410829 0.426477 0.370396 0.355106 0.313965 0.279371 0.239712 0.199291 0.158315 0.119236 0.085921 0.061639 0.041489 0.030276 0.020068 0.014913 0.010380 0.008069 0.006189 0.005071 0.004154 0.003464 0.002856 0.002331 0.001849 0.001424 0.001055 0.000750 0.000535 0.000363 0.000241 0.000150 0.000247 0.000046 0.000000 0.000000 0.000000 0.000000 0.000000 0.000000 0.000000 0.000000 0.000000 0.000000 0.000000 0.000000 0.000000
0.508911 0.498409 0.412070 0.411868 0.422387 0.356989 0.348342 0.305961 0.280656 0.240670 0.204901 0.167891 0.133794 0.102853 0.079704 0.059503 0.045936 0.034214 0.026564 0.020181 0.015929 0.012511 0.010044 0.008078 0.006540 0.005284 0.004250 0.003383 0.002660 0.002055 0.001565 0.001170 0.000860 0.000589 0.000429 0.000331 0.000095 0.000000 0.000000 0.000000 0.000000 0.000000 0.000000 0.000000 0.000000 0.000000 0.000000 0.000000 0.000000 0.000000
0.512815 0.496675 0.414667 0.430220 0.422063 0.382940 0.349821 0.309365 0.277858 0.242265 0.209389 0.175753 0.145026 0.116643 0.093645 0.073457 0.058312 0.045364 0.035911 0.028095 0.022328 0.017699 0.014174 0.011360 0.009137 0.007343 0.005889 0.004695 0.003715 0.002908 0.002247 0.001703 0.001266 0.000877 0.000608 0.000417 0.000231 0.000000 0.000000 0.000000 0.000000 0.000000 0.000000 0.000000 0.000000 0.000000 0.000000 0.000000 0.000000 0.000000
0.523760 0.468089 0.417683 0.404406 0.404811 0.373241 0.341787 0.304258 0.275950 0.242574 0.212243 0.181250 0.152750 0.126214 0.103823 0.083949 0.067992 0.054337 0.043658 0.034813 0.027905 0.022320 0.017912 0.014377 0.011554 0.009271 0.007426 0.005924 0.004697 0.003691 0.002872 0.002187 0.001639 0.001146 0.000850 0.000638 0.000007 0.000000 0.000000 0.000000 0.000000 0.000000 0.000000 0.000000 0.000000 0.000000 0.000000 0.000000 0.000000 0.000000
0.507303 0.444407 0.431538 0.419710 0.398199 0.351137 0.335896 0.301519 0.275397 0.242402 0.212816 0.181813 0.153587 0.127055 0.104646 0.084706 0.068718 0.054988 0.044228 0.035288 0.028312 0.022654 0.018192 0.014605 0.011733 0.009416 0.007543 0.006017 0.004772 0.003752 0.002918 0.002230 0.001659 0.001190 0.000777 0.000542 -0.000010 0.000000 0.000000 0.000000 0.000000 0.000000 0.000000 0.000000 0.000000 0.000000 0.000000 0.000000 0.000000 0.000000
0.507128 0.453731 0.441993 0.439563 0.384700 0.372556 0.353516 0.314463 0.278992 0.261320 0.212952 0.184634 0.156916 0.145463 0.118784 0.098707 0.082242 0.065376 0.052835 0.043728 0.035144 0.027565 0.025302 0.018179 0.016290 0.011400 0.009104 0.007386 0.005672 0.004403 0.003397 0.002641 0.001915 0.001387 0.000864 0.000660 -0.000000 0.000000 0.000000 0.000000 0.000000 0.000000 0.000000 0.000000 0.000000 0.000000 0.000000 0.000000 0.000000 0.000000
0.551005 0.477312 0.467864 0.436914 0.385506 0.375265 0.328982 0.332503 0.334711 0.302122 0.199451 0.229774 0.197686 0.135462 0.140267 0.107916 0.095996 0.071255 0.067103 0.055328 0.035489 0.035904 0.021728 0.026607 0.016699 0.010696 0.009613 0.007590 0.006012 0.004337 0.005730 0.002247 0.002010 0.002421 0.000882 0.000987 0.000038 0.000000 0.000000 0.000000 0.000000 0.000000 0.000000 0.000000 0.000000 0.000000 0.000000 0.000000 0.000000 0.000000
