-0.000098 -0.000215 -0.000145 -0.000451 -0.000075 -0.000106 -0.000162 0.000195 -0.000323 -0.000704 -0.000752 -0.001122 -0.000375 0.000187 0.000913 0.000938 0.001086 0.001005 0.000983 0.000335 0.000932 0.000100 0.000150 -0.000558 0.000004 -0.000021 0.000007 0.000174 0.000135 0.000146 0.000000 0.000000 0.000000 0.000000 0.000000 0.000000 0.000000 0.000000 0.000000 0.000000 0.000000 0.000000 0.000000 0.000000 0.000000 0.000000 0.000000 0.000000 0.000000 0.000000
-0.001159 -0.000675 -0.000603 -0.000510 -0.000455 -0.000456 -0.000388 -0.001068 -0.000170 -0.000037 0.000069 0.000094 0.000267 -0.000532 -0.000564 -0.000432 -0.000534 -0.000342 -0.000221 -0.000098 0.000045 0.000145 0.000332 0.000414 0.000975 0.000993 0.001024 0.000926 0.001135 0.000622 0.000000 0.000000 0.000000 0.000000 0.000000 0.000000 0.000000 0.000000 0.000000 0.000000 0.000000 0.000000 0.000000 0.000000 0.000000 0.000000 0.000000 0.000000 0.000000 0.000000
-0.001405 -0.001510 -0.001517 -0.001454 -0.001501 -0.001446 -0.001396 -0.001334 -0.001252 -0.001150 -0.001022 -0.000873 -0.000700 -0.000508 -0.000302 -0.000076 0.000152 0.000386 0.000615 0.000831 0.001038 0.001221 0.001383 0.001517 0.001630 0.001719 0.001793 0.001868 0.001568 0.001402 0.000000 0.000000 0.000000 0.000000 0.000000 0.000000 0.000000 0.000000 0.000000 0.000000 0.000000 0.000000 0.000000 0.000000 0.000000 0.000000 0.000000 0.000000 0.000000 0.000000
-0.001881 -0.002045 -0.002076 -0.001551 -0.001543 -0.001498 -0.001451 -0.001389 -0.001304 -0.001190 -0.001056 -0.000898 -0.000714 -0.000515 -0.000301 -0.000068 0.000158 0.000392 0.000631 0.000855 0.001071 0.001260 0.001432 0.001572 0.001691 0.001771 0.001846 0.001862 0.002571 0.002407 0.000000 0.000000 0.000000 0.000000 0.000000 0.000000 0.000000 0.000000 0.000000 0.000000 0.000000 0.000000 0.000000 0.000000 0.000000 0.000000 0.000000 0.000000 0.000000 0.000000
-0.002523 -0.002663 -0.002144 -0.002154 -0.002111 -0.002065 -0.002010 -0.001927 -0.001816 -0.001675 -0.001497 -0.001285 -0.001039 -0.000760 -0.000456 -0.000128 0.000213 0.000559 0.000895 0.001212 0.001511 0.001773 0.002004 0.002192 0.002353 0.002468 0.002569 0.002579 0.002955 0.002561 0.000000 0.000000 0.000000 0.000000 0.000000 0.000000 0.000000 0.000000 0.000000 0.000000 0.000000 0.000000 0.000000 0.000000 0.000000 0.000000 0.000000 0.000000 0.000000 0.000000
-0.002977 -0.003276 -0.002638 -0.002639 -0.002619 -0.002576 -0.002513 -0.002418 -0.002286 -0.002112 -0.001892 -0.001627 -0.001317 -0.000966 -0.000582 -0.000169 0.000259 0.000691 0.001119 0.001523 0.001901 0.002230 0.002522 0.002752 0.002947 0.003081 0.003200 0.003218 0.004363 0.003595 0.000000 0.000000 0.000000 0.000000 0.000000 0.000000 0.000000 0.000000 0.000000 0.000000 0.000000 0.000000 0.000000 0.000000 0.000000 0.000000 0.000000 0.000000 0.000000 0.000000
-0.003278 -0.003848 -0.003226 -0.003224 -0.003207 -0.003168 -0.003104 -0.003001 -0.002850 -0.002648 -0.002385 -0.002062 -0.001680 -0.001244 -0.000760 -0.000240 0.000305 0.000854 0.001398 0.001908 0.002384 0.002793 0.003152 0.003428 0.003657 0.003814 0.003933 0.003965 0.005132 0.004930 0.000000 0.000000 0.000000 0.000000 0.000000 0.000000 0.000000 0.000000 0.000000 0.000000 0.000000 0.000000 0.000000 0.000000 0.000000 0.000000 0.000000 0.000000 0.000000 0.000000
-0.003720 -0.004422 -0.003776 -0.003774 -0.003775 -0.003751 -0.003696 -0.003597 -0.003436 -0.003210 -0.002906 -0.002528 -0.002072 -0.001547 -0.000960 -0.000326 0.000341 0.001014 0.001685 0.002307 0.002892 0.003379 0.003809 0.004121 0.004382 0.004544 0.004672 0.004685 0.005446 0.005802 0.000000 0.000000 0.000000 0.000000 0.000000 0.000000 0.000000 0.000000 0.000000 0.000000 0.000000 0.000000 0.000000 0.000000 0.000000 0.000000 0.000000 0.000000 0.000000 0.000000
-0.002952 -0.005034 -0.004363 -0.004363 -0.004387 -0.004391 -0.004356 -0.004271 -0.004106 -0.003864 -0.003520 -0.003083 -0.002545 -0.001920 -0.001213 -0.000445 0.000371 0.001194 0.002020 0.002778 0.003494 0.004069 0.004580 0.004919 0.005207 0.005359 0.005485 0.005459 0.007000 0.005943 0.000000 0.000000 0.000000 0.000000 0.000000 0.000000 0.000000 0.000000 0.000000 0.000000 0.000000 0.000000 0.000000 0.000000 0.000000 0.000000 0.000000 0.000000 0.000000 0.000000
-0.005276 -0.005533 -0.004938 -0.004942 -0.005004 -0.005054 -0.005055 -0.005005 -0.004847 -0.004600 -0.004218 -0.003725 -0.003099 -0.002366 -0.001524 -0.000604 0.000383 0.001377 0.002388 0.003300 0.004177 0.004838 0.005443 0.005793 0.006103 0.006220 0.006336 0.006247 0.007074 0.008955 0.000000 0.000000 0.000000 0.000000 0.000000 0.000000 0.000000 0.000000 0.000000 0.000000 0.000000 0.000000 0.000000 0.000000 0.000000 0.000000 0.000000 0.000000 0.000000 0.000000
-0.007556 -0.006053 -0.005517 -0.005523 -0.005647 -0.005765 -0.005826 -0.005835 -0.005699 -0.005460 -0.005043 -0.004492 -0.003769 -0.002912 -0.001913 -0.000814 0.000382 0.001587 0.002833 0.003938 0.005019 0.005789 0.006496 0.006817 0.007131 0.007170 0.007241 0.007097 0.008583 0.008468 0.000000 0.000000 0.000000 0.000000 0.000000 0.000000 0.000000 0.000000 0.000000 0.000000 0.000000 0.000000 0.000000 0.000000 0.000000 0.000000 0.000000 0.000000 0.000000 0.000000
-0.005628 -0.006788 -0.006063 -0.006294 -0.006504 -0.006514 -0.006663 -0.006766 -0.006670 -0.006460 -0.006012 -0.005407 -0.004580 -0.003589 -0.002442 -0.001144 0.000289 0.001736 0.003256 0.004563 0.005911 0.006754 0.007623 0.007919 0.008248 0.008191 0.008191 0.008034 0.007983 0.009666 0.000000 0.000000 0.000000 0.000000 0.000000 0.000000 0.000000 0.000000 0.000000 0.000000 0.000000 0.000000 0.000000 0.000000 0.000000 0.000000 0.000000 0.000000 0.000000 0.000000
-0.005510 -0.007224 -0.006544 -0.006852 -0.007243 -0.007538 -0.007830 -0.007854 -0.007810 -0.007664 -0.007184 -0.006523 -0.005574 -0.004429 -0.003036 -0.001490 0.000263 0.002027 0.003946 0.005591 0.007305 0.008370 0.009339 0.009380 0.009642 0.009304 0.009166 0.008770 0.009976 0.009122 0.000000 0.000000 0.000000 0.000000 0.000000 0.000000 0.000000 0.000000 0.000000 0.000000 0.000000 0.000000 0.000000 0.000000 0.000000 0.000000 0.000000 0.000000 0.000000 0.000000
-0.005765 -0.007361 -0.007062 -0.007093 -0.007584 -0.008141 -0.008602 -0.009077 -0.009135 -0.009069 -0.008565 -0.007857 -0.006785 -0.005482 -0.003865 -0.002058 0.000059 0.002168 0.004611 0.006556 0.008853 0.009655 0.011066 0.010884 0.011131 0.010447 0.010133 0.009554 0.010501 0.009692 0.000000 0.000000 0.000000 0.000000 0.000000 0.000000 0.000000 0.000000 0.000000 0.000000 0.000000 0.000000 0.000000 0.000000 0.000000 0.000000 0.000000 0.000000 0.000000 0.000000
-0.006528 -0.007468 -0.007422 -0.007452 -0.008162 -0.009011 -0.009777 -0.010592 -0.010783 -0.010828 -0.010285 -0.009511 -0.008284 -0.006787 -0.004895 -0.002756 -0.000201 0.002391 0.005419 0.008051 0.010990 0.012851 0.014127 0.013046 0.013063 0.011836 0.011114 0.010207 0.011115 0.010400 0.000000 0.000000 0.000000 0.000000 0.000000 0.000000 0.000000 0.000000 0.000000 0.000000 0.000000 0.000000 0.000000 0.000000 0.000000 0.000000 0.000000 0.000000 0.000000 0.000000
-0.005827 -0.007021 -0.007628 -0.007678 -0.008644 -0.009865 -0.010973 -0.012313 -0.012647 -0.012881 -0.012286 -0.011481 -0.010109 -0.008447 -0.006291 -0.003857 -0.000764 0.002246 0.006186 0.009010 0.013170 0.014353 0.017528 0.015254 0.015142 0.012836 0.011871 0.010624 0.012067 0.010700 0.000000 0.000000 0.000000 0.000000 0.000000 0.000000 0.000000 0.000000 0.000000 0.000000 0.000000 0.000000 0.000000 0.000000 0.000000 0.000000 0.000000 0.000000 0.000000 0.000000
-0.005680 -0.006825 -0.007576 -0.007606 -0.008899 -0.010643 -0.012601 -0.014667 -0.015256 -0.015577 -0.014888 -0.013938 -0.012371 -0.010475 -0.008018 -0.005159 -0.001576 0.002171 0.007050 0.011674 0.017159 0.020914 0.023588 0.019004 0.017566 0.014847 0.012360 0.010713 0.010846 0.009072 0.000000 0.000000 0.000000 0.000000 0.000000 0.000000 0.000000 0.000000 0.000000 0.000000 0.000000 0.000000 0.000000 0.000000 0.000000 0.000000 0.000000 0.000000 0.000000 0.000000
-0.006526 -0.005759 -0.007169 -0.007280 -0.008911 -0.011283 -0.013902 -0.017422 -0.018106 -0.018651 -0.017746 -0.016752 -0.015027 -0.013015 -0.010353 -0.007277 -0.003143 0.001137 0.007146 0.012189 0.020247 0.023086 0.031506 0.022631 0.020299 0.014944 0.012349 0.010240 0.009881 0.009552 0.000000 0.000000 0.000000 0.000000 0.000000 0.000000 0.000000 0.000000 0.000000 0.000000 0.000000 0.000000 0.000000 0.000000 0.000000 0.000000 0.000000 0.000000 0.000000 0.000000
-0.005087 -0.004713 -0.006200 -0.006169 -0.008114 -0.011126 -0.016325 -0.021836 -0.022903 -0.022882 -0.021654 -0.020222 -0.018285 -0.016041 -0.013206 -0.009733 -0.005272 -0.000181 0.007390 0.015579 0.027112 0.037180 0.046484 0.030531 0.021478 0.015256 0.011073 0.008776 0.007401 0.006836 0.000000 0.000000 0.000000 0.000000 0.000000 0.000000 0.000000 0.000000 0.000000 0.000000 0.000000 0.000000 0.000000 0.000000 0.000000 0.000000 0.000000 0.000000 0.000000 0.000000
-0.002664 -0.002613 -0.004381 -0.004913 -0.007071 -0.010219 -0.016845 -0.028420 -0.028237 -0.027634 -0.025515 -0.023900 -0.021837 -0.019636 -0.016876 -0.013486 -0.008910 -0.003016 0.005566 0.015847 0.032621 0.041103 0.062509 0.038129 0.024475 0.011549 0.008956 0.006810 0.003797 0.003315 0.000000 0.000000 0.000000 0.000000 0.000000 0.000000 0.000000 0.000000 0.000000 0.000000 0.000000 0.000000 0.000000 0.000000 0.000000 0.000000 0.000000 0.000000 0.000000 0.000000
-0.000487 -0.000179 -0.000471 -0.000173 -0.001242 -0.008018 -0.005422 -0.076450 -0.039674 -0.033762 -0.030737 -0.028033 -0.025923 -0.023743 -0.021296 -0.018078 -0.013934 -0.008184 0.000493 0.015209 0.036658 0.078464 0.080177 0.067329 0.003162 0.000166 0.001089 0.002598 0.001297 0.000644 0.000000 0.000000 0.000000 0.000000 0.000000 0.000000 0.000000 0.000000 0.000000 0.000000 0.000000 0.000000 0.000000 0.000000 0.000000 0.000000 0.000000 0.000000 0.000000 0.000000
-0.003416 -0.001809 0.002340 0.001015 -0.001716 -0.011528 -0.071969 -0.081799 -0.046168 -0.037756 -0.034332 -0.031668 -0.029902 -0.028169 -0.026409 -0.024005 -0.020983 -0.015910 -0.008318 0.004224 0.026673 0.065389 0.493399 -0.330886 -0.496908 -0.452129 -0.364669 -0.323162 -0.311170 -0.319705 -0.325306 -0.327163 -0.333349 -0.352163 -0.338969 -0.354156 -0.372762 -0.393207 -0.416495 -0.447582 -0.471004 -0.515540 -0.545635 -0.606198 -0.658667 -0.750519 -0.862537 -0.960927 -1.058198 -0.365573
-0.003481 -0.003506 -0.003754 -0.004071 -0.008115 -0.014401 -0.045437 -0.038943 -0.040091 -0.037412 -0.035504 -0.034323 -0.033503 -0.032809 -0.032203 -0.031392 -0.030423 -0.028809 -0.026791 -0.024419 -0.022503 -0.030552 -0.026632 -0.324178 -0.406145 -0.338983 -0.327313 -0.312985 -0.305250 -0.306313 -0.299500 -0.313512 -0.346786 -0.338166 -0.351630 -0.368652 -0.384941 -0.385728 -0.430348 -0.429322 -0.486879 -0.522040 -0.565373 -0.601216 -0.671242 -0.664916 -0.817561 -0.883795 -0.936448 -0.030118
-0.008021 -0.011627 -0.012012 -0.013462 -0.015500 -0.020143 -0.027115 -0.036038 -0.037359 -0.036579 -0.036983 -0.036771 -0.037072 -0.037342 -0.037936 -0.038518 -0.039634 -0.040387 -0.043273 -0.044454 -0.057619 -0.064137 -0.140924 -0.235973 -0.311166 -0.324310 -0.331377 -0.333626 -0.321630 -0.312805 -0.334033 -0.329292 -0.345250 -0.352032 -0.370831 -0.383805 -0.404250 -0.425811 -0.452244 -0.480058 -0.501949 -0.548569 -0.569965 -0.626597 -0.664587 -0.721682 -0.794861 -0.807639 -0.865338 -0.207567
-0.016377 -0.014117 -0.016132 -0.016149 -0.019040 -0.021795 -0.027170 -0.032107 -0.035317 -0.036656 -0.038064 -0.039081 -0.040376 -0.041791 -0.043629 -0.045893 -0.048859 -0.052928 -0.058272 -0.067337 -0.083118 -0.104301 -0.129053 -0.208679 -0.245043 -0.286186 -0.277224 -0.279781 -0.289308 -0.284666 -0.299557 -0.298594 -0.317132 -0.326727 -0.333281 -0.354359 -0.365147 -0.386313 -0.404397 -0.439078 -0.455977 -0.489729 -0.530319 -0.557072 -0.608422 -0.641664 -0.705000 -0.726311 -0.794790 -0.016324
-0.015386 -0.020825 -0.019925 -0.020316 -0.022586 -0.025410 -0.029277 -0.033529 -0.035785 -0.037776 -0.039705 -0.041461 -0.043528 -0.045832 -0.048694 -0.052139 -0.056684 -0.062259 -0.070533 -0.080272 -0.098696 -0.118037 -0.155851 -0.196197 -0.232906 -0.255686 -0.267907 -0.281664 -0.282973 -0.282620 -0.301186 -0.300097 -0.323005 -0.326779 -0.337695 -0.357548 -0.369194 -0.394163 -0.407132 -0.444796 -0.454258 -0.499457 -0.510559 -0.560055 -0.580590 -0.624736 -0.657119 -0.678203 -0.684868 -0.267334
-0.019055 -0.024130 -0.022755 -0.022827 -0.024982 -0.027300 -0.030380 -0.033492 -0.036228 -0.038665 -0.041116 -0.043540 -0.046287 -0.049375 -0.053082 -0.057530 -0.063069 -0.069990 -0.078855 -0.090275 -0.105358 -0.124459 -0.146703 -0.182977 -0.204841 -0.231843 -0.240932 -0.251372 -0.261641 -0.270372 -0.283601 -0.289964 -0.303099 -0.314599 -0.326973 -0.342882 -0.357325 -0.373912 -0.393321 -0.414363 -0.437920 -0.456907 -0.489402 -0.509271 -0.544326 -0.566797 -0.600122 -0.612663 -0.614900 -0.157723
-0.021817 -0.026779 -0.025188 -0.025327 -0.027201 -0.029268 -0.031931 -0.034706 -0.037305 -0.039909 -0.042611 -0.045464 -0.048683 -0.052339 -0.056664 -0.061796 -0.068076 -0.075687 -0.085332 -0.096946 -0.112243 -0.129734 -0.151751 -0.175497 -0.197371 -0.216364 -0.230266 -0.243767 -0.253937 -0.262822 -0.275467 -0.283780 -0.297560 -0.308332 -0.321425 -0.336264 -0.350946 -0.368095 -0.384986 -0.406941 -0.420915 -0.451481 -0.461470 -0.497221 -0.512924 -0.542096 -0.561170 -0.566767 -0.565586 -0.301800
-0.034583 -0.026870 -0.027031 -0.027106 -0.028814 -0.030688 -0.033025 -0.035534 -0.038158 -0.040887 -0.043821 -0.046991 -0.050565 -0.054622 -0.059349 -0.064883 -0.071461 -0.079287 -0.088648 -0.099857 -0.113005 -0.128698 -0.145398 -0.165851 -0.182820 -0.201509 -0.213844 -0.226459 -0.238195 -0.248995 -0.260892 -0.271168 -0.283387 -0.295253 -0.308118 -0.321957 -0.336336 -0.351922 -0.368239 -0.384694 -0.403679 -0.416512 -0.441789 -0.455620 -0.479116 -0.494622 -0.515390 -0.520222 -0.517420 -0.176377
-0.024995 -0.029920 -0.028506 -0.028579 -0.030143 -0.031855 -0.034030 -0.036393 -0.038972 -0.041753 -0.044801 -0.048164 -0.051958 -0.056266 -0.061239 -0.067000 -0.073740 -0.081612 -0.090851 -0.101582 -0.114009 -0.128043 -0.143370 -0.159809 -0.175430 -0.190788 -0.203605 -0.216300 -0.227724 -0.238647 -0.250104 -0.260772 -0.272699 -0.284278 -0.296784 -0.309928 -0.323635 -0.338309 -0.353464 -0.369899 -0.385334 -0.403696 -0.416400 -0.437860 -0.449149 -0.466027 -0.478346 -0.480328 -0.477678 -0.152486
-0.028796 -0.029582 -0.029539 -0.029617 -0.031058 -0.032674 -0.034705 -0.036967 -0.039510 -0.042309 -0.045423 -0.048889 -0.052798 -0.057223 -0.062281 -0.068070 -0.074726 -0.082367 -0.091105 -0.101073 -0.112187 -0.124661 -0.137747 -0.152044 -0.165522 -0.179716 -0.191495 -0.203490 -0.214846 -0.225826 -0.236951 -0.247741 -0.259096 -0.270502 -0.282442 -0.294823 -0.307673 -0.321067 -0.334893 -0.349033 -0.363599 -0.375941 -0.392419 -0.403756 -0.418623 -0.429438 -0.441668 -0.444506 -0.437755 -0.166598
-0.023448 -0.030211 -0.030244 -0.030314 -0.031668 -0.033181 -0.035116 -0.037290 -0.039782 -0.042562 -0.045684 -0.049179 -0.053118 -0.057565 -0.062610 -0.068333 -0.074835 -0.082200 -0.090504 -0.099812 -0.110069 -0.121296 -0.133113 -0.145565 -0.157806 -0.170343 -0.181634 -0.192978 -0.203802 -0.214452 -0.225092 -0.235631 -0.246479 -0.257417 -0.268732 -0.280376 -0.292374 -0.304782 -0.317460 -0.330528 -0.343629 -0.356800 -0.368793 -0.381613 -0.390302 -0.401022 -0.409172 -0.411049 -0.401544 -0.168312
-0.027590 -0.030494 -0.030576 -0.030637 -0.031929 -0.033365 -0.035212 -0.037309 -0.039738 -0.042471 -0.045557 -0.049020 -0.052919 -0.057303 -0.062240 -0.067793 -0.074030 -0.081007 -0.088762 -0.097335 -0.106650 -0.116734 -0.127269 -0.138361 -0.149379 -0.160766 -0.171210 -0.181802 -0.192114 -0.202305 -0.212466 -0.222591 -0.232881 -0.243280 -0.253917 -0.264780 -0.275874 -0.287209 -0.298668 -0.310276 -0.321726 -0.333060 -0.343735 -0.353188 -0.362418 -0.370105 -0.377187 -0.380080 -0.367664 -0.195259
-0.031523 -0.032181 -0.030598 -0.030647 -0.031877 -0.033238 -0.035003 -0.037018 -0.039369 -0.042029 -0.045041 -0.048426 -0.052229 -0.056491 -0.061262 -0.066590 -0.072522 -0.079096 -0.086333 -0.094249 -0.102786 -0.111935 -0.121494 -0.131438 -0.141440 -0.151717 -0.161453 -0.171309 -0.180989 -0.190616 -0.200205 -0.209803 -0.219493 -0.229276 -0.239210 -0.249299 -0.259530 -0.269909 -0.280317 -0.290825 -0.301045 -0.311352 -0.320626 -0.329668 -0.336443 -0.342791 -0.348493 -0.350633 -0.339506 -0.086722
-0.028695 -0.030045 -0.030312 -0.030360 -0.031509 -0.032806 -0.034485 -0.036414 -0.038673 -0.041237 -0.044145 -0.047412 -0.051076 -0.055166 -0.059722 -0.064777 -0.070364 -0.076508 -0.083216 -0.090488 -0.098276 -0.106556 -0.115192 -0.124159 -0.133239 -0.142555 -0.151560 -0.160681 -0.169716 -0.178729 -0.187721 -0.196730 -0.205793 -0.214923 -0.224143 -0.233454 -0.242830 -0.252272 -0.261653 -0.271057 -0.280055 -0.289161 -0.296879 -0.304441 -0.310514 -0.315753 -0.320174 -0.323025 -0.311474 -0.092492
-0.028916 -0.029812 -0.029715 -0.029761 -0.030834 -0.032073 -0.033663 -0.035501 -0.037655 -0.040105 -0.042885 -0.046006 -0.049498 -0.053384 -0.057692 -0.062448 -0.067672 -0.073378 -0.079569 -0.086238 -0.093345 -0.100863 -0.108698 -0.116809 -0.125060 -0.133507 -0.141808 -0.150208 -0.158577 -0.166947 -0.175310 -0.183694 -0.192109 -0.200567 -0.209072 -0.217621 -0.226182 -0.234751 -0.243202 -0.251630 -0.259590 -0.267677 -0.274191 -0.281111 -0.286941 -0.290323 -0.294684 -0.295837 -0.308706 -0.080463
-0.028188 -0.030587 -0.028683 -0.029587 -0.030758 -0.032247 -0.034033 -0.034135 -0.036135 -0.038528 -0.041218 -0.044218 -0.047542 -0.051219 -0.055212 -0.059647 -0.064495 -0.069762 -0.075447 -0.081538 -0.088004 -0.094817 -0.101910 -0.109242 -0.116727 -0.124392 -0.131991 -0.139690 -0.147393 -0.155111 -0.162834 -0.170575 -0.178334 -0.186115 -0.193913 -0.201720 -0.209498 -0.217246 -0.224840 -0.232391 -0.239460 -0.246761 -0.252295 -0.257794 -0.262333 -0.265830 -0.268293 -0.270380 -0.282387 -0.069834
-0.019668 -0.027030 -0.027551 -0.028391 -0.029483 -0.030871 -0.032541 -0.032639 -0.034507 -0.036751 -0.039274 -0.042087 -0.045197 -0.048629 -0.052341 -0.056444 -0.060910 -0.065741 -0.070934 -0.076475 -0.082341 -0.088501 -0.094910 -0.101531 -0.108304 -0.115205 -0.122161 -0.129178 -0.136219 -0.143285 -0.150363 -0.157456 -0.164558 -0.171668 -0.178772 -0.185859 -0.192890 -0.199861 -0.206651 -0.213356 -0.219564 -0.225799 -0.229817 -0.235115 -0.240164 -0.241669 -0.246056 -0.246104 -0.261048 -0.074251
-0.023523 -0.028503 -0.026315 -0.026343 -0.027201 -0.028217 -0.029515 -0.031027 -0.032800 -0.034821 -0.037109 -0.039670 -0.042517 -0.045659 -0.049108 -0.052871 -0.056953 -0.061354 -0.066066 -0.071079 -0.076371 -0.081919 -0.087686 -0.093643 -0.099744 -0.105956 -0.112255 -0.118610 -0.125000 -0.131420 -0.137855 -0.144303 -0.150755 -0.157202 -0.163630 -0.170025 -0.176349 -0.182598 -0.188671 -0.194656 -0.200243 -0.205903 -0.210488 -0.214025 -0.218362 -0.220124 -0.221457 -0.221283 -0.212027 -0.000483
-0.022175 -0.024946 -0.024696 -0.024729 -0.025502 -0.026440 -0.027631 -0.029021 -0.030652 -0.032509 -0.034611 -0.036959 -0.039566 -0.042436 -0.045580 -0.048999 -0.052698 -0.056673 -0.060919 -0.065425 -0.070173 -0.075141 -0.080303 -0.085633 -0.091096 -0.096601 -0.102317 -0.108028 -0.113778 -0.119561 -0.125361 -0.131173 -0.136983 -0.142783 -0.148554 -0.154280 -0.159928 -0.165486 -0.170867 -0.176125 -0.180898 -0.185771 -0.188273 -0.192689 -0.195727 -0.197153 -0.200152 -0.199543 -0.211686 -0.042203
-0.020319 -0.023133 -0.022837 -0.022870 -0.023571 -0.024421 -0.025503 -0.026765 -0.028246 -0.029931 -0.031837 -0.033964 -0.036321 -0.038912 -0.041743 -0.044815 -0.048131 -0.051687 -0.055476 -0.059489 -0.063711 -0.068123 -0.072705 -0.077434 -0.082285 -0.087238 -0.092260 -0.097345 -0.102468 -0.107624 -0.112798 -0.117981 -0.123161 -0.128327 -0.133460 -0.138543 -0.143548 -0.148466 -0.153229 -0.157872 -0.162237 -0.166042 -0.170089 -0.171993 -0.176007 -0.176442 -0.178346 -0.178347 -0.191349 -0.033589
-0.018319 -0.021125 -0.020871 -0.020877 -0.021485 -0.022246 -0.023215 -0.024344 -0.025673 -0.027182 -0.028889 -0.030791 -0.032896 -0.035206 -0.037726 -0.040454 -0.043395 -0.046540 -0.049888 -0.053426 -0.057145 -0.061027 -0.065057 -0.069213 -0.073477 -0.077779 -0.082247 -0.086721 -0.091224 -0.095763 -0.100320 -0.104893 -0.109457 -0.114008 -0.118526 -0.122995 -0.127385 -0.131679 -0.135838 -0.139856 -0.143225 -0.147354 -0.149562 -0.152950 -0.155115 -0.156120 -0.157278 -0.154442 -0.142267 -0.000687
-0.014592 -0.018937 -0.018558 -0.018590 -0.019154 -0.019812 -0.020672 -0.021662 -0.022832 -0.024158 -0.025656 -0.027323 -0.029166 -0.031186 -0.033386 -0.035764 -0.038324 -0.041056 -0.043962 -0.047029 -0.050250 -0.053609 -0.057095 -0.060687 -0.064378 -0.068144 -0.071971 -0.075849 -0.079751 -0.083675 -0.087624 -0.091580 -0.095544 -0.099494 -0.103412 -0.107279 -0.111064 -0.114795 -0.118397 -0.121931 -0.125403 -0.128235 -0.131840 -0.132972 -0.134599 -0.135805 -0.136192 -0.135416 -0.174459 -0.068878
-0.013964 -0.016679 -0.016450 -0.016380 -0.016785 -0.017342 -0.018093 -0.018941 -0.019960 -0.021106 -0.022402 -0.023842 -0.025432 -0.027172 -0.029066 -0.031109 -0.033307 -0.035649 -0.038138 -0.040759 -0.043512 -0.046380 -0.049355 -0.052419 -0.055567 -0.058774 -0.062019 -0.065313 -0.068581 -0.071893 -0.075241 -0.078633 -0.081999 -0.085371 -0.088735 -0.092050 -0.095298 -0.098434 -0.101460 -0.104313 -0.106196 -0.109453 -0.110731 -0.112730 -0.114451 -0.114791 -0.115661 -0.112828 -0.135687 -0.023372
-0.012001 -0.014250 -0.013618 -0.013653 -0.014170 -0.014540 -0.015190 -0.015878 -0.016721 -0.017677 -0.018747 -0.019941 -0.021254 -0.022689 -0.024250 -0.025928 -0.027742 -0.029663 -0.031711 -0.033865 -0.036125 -0.038479 -0.040923 -0.043432 -0.046022 -0.048664 -0.051352 -0.054064 -0.056752 -0.059426 -0.062146 -0.064888 -0.067695 -0.070540 -0.073312 -0.076067 -0.078649 -0.081301 -0.083649 -0.086286 -0.088570 -0.090729 -0.093509 -0.094438 -0.094614 -0.097589 -0.094406 -0.094582 -0.107591 -0.035772
-0.012040 -0.012696 -0.011340 -0.011404 -0.011598 -0.011956 -0.012474 -0.013053 -0.013737 -0.014517 -0.015390 -0.016364 -0.017438 -0.018608 -0.019885 -0.021252 -0.022730 -0.024298 -0.025968 -0.027706 -0.029540 -0.031447 -0.033429 -0.035462 -0.037587 -0.039712 -0.041830 -0.044012 -0.045915 -0.047876 -0.050086 -0.052401 -0.054553 -0.056796 -0.059161 -0.061562 -0.063810 -0.065960 -0.067854 -0.069649 -0.070643 -0.072685 -0.072582 -0.074858 -0.074395 -0.075845 -0.071991 -0.073404 -0.087188 -0.001665
-0.011349 -0.010264 -0.010907 -0.008298 -0.008695 -0.008818 -0.009194 -0.009614 -0.010125 -0.010711 -0.011332 -0.012046 -0.012817 -0.013655 -0.014558 -0.015516 -0.016601 -0.017693 -0.018883 -0.020159 -0.021473 -0.022837 -0.024255 -0.025689 -0.027219 -0.028739 -0.030318 -0.031935 -0.033491 -0.034975 -0.036782 -0.038497 -0.040051 -0.041581 -0.043166 -0.044667 -0.046118 -0.047605 -0.048923 -0.050442 -0.051464 -0.052228 -0.052250 -0.054255 -0.050093 -0.061023 -0.045670 -0.071912 -0.038493 -0.040869
-0.005301 -0.006266 -0.008104 -0.008106 -0.008557 -0.008549 -0.008958 -0.009291 -0.009757 -0.010313 -0.010921 -0.011607 -0.012361 -0.013183 -0.014080 -0.015033 -0.016085 -0.017179 -0.018364 -0.019584 -0.020889 -0.022233 -0.023631 -0.025036 -0.026550 -0.027994 -0.029508 -0.030957 -0.032609 -0.033956 -0.035840 -0.037427 -0.039025 -0.040592 -0.042092 -0.043649 -0.045017 -0.046605 -0.047700 -0.049541 -0.050608 -0.052477 -0.053003 -0.056953 -0.054761 -0.069655 -0.064524 -0.057178 -0.079232 -0.005404
-0.003388 -0.003107 -0.003984 -0.002929 -0.002813 -0.002785 -0.002914 -0.005682 -0.003013 -0.002513 -0.007644 -0.003013 -0.008952 -0.009640 -0.010303 -0.010673 -0.011825 -0.012577 -0.013192 -0.014421 -0.015405 -0.016356 -0.017255 -0.018088 -0.018752 -0.020150 -0.021193 -0.003226 -0.021569 -0.024684 -0.024948 -0.025663 -0.026271 -0.026459 -0.027886 -0.028536 -0.003615 -0.003804 -0.029695 -0.004154 -0.003330 -0.004602 -0.001096 -0.027352 0.006388 -0.003334 0.019444 -0.065090 -0.052907 -0.009187
-0.001892 -0.000995 -0.000878 -0.002114 0.000282 0.003492 0.000858 -0.001278 -0.004710 -0.001500 -0.000215 -0.001664 -0.001808 0.001543 0.001720 0.000205 0.002041 -0.002232 0.002205 0.002457 0.002648 0.002839 0.003065 0.003288 -0.002108 0.003547 -0.003138 0.023976 -0.009184 -0.014711 0.004625 0.004876 0.005051 0.005208 -0.015180 0.005701 0.000640 -0.007711 -0.007623 -0.002038 -0.012282 0.007596 -0.015159 0.000877 -0.014581 -0.006061 0.001171 0.004084 -0.005790 0.014236
