0.000402 0.001000 0.000917 0.002549 0.002484 0.002909 0.003308 0.003630 0.002785 0.004494 0.004540 0.007737 0.005807 0.003433 0.004906 0.005953 0.008564 0.008147 0.007770 0.003983 0.006802 0.003761 0.003984 0.004782 0.003073 0.003191 0.002232 0.002202 0.000462 0.000097 0.000000 0.000000 0.000000 0.000000 0.000000 0.000000 0.000000 0.000000 0.000000 0.000000 0.000000 0.000000 0.000000 0.000000 0.000000 0.000000 0.000000 0.000000 0.000000 0.000000
0.000175 0.001072 0.001502 0.002024 0.002611 0.003181 0.003694 0.003985 0.004752 0.005212 0.005621 0.005759 0.006160 0.006156 0.006329 0.006385 0.006455 0.006307 0.006077 0.005755 0.005355 0.004865 0.004288 0.003742 0.003588 0.002995 0.002419 0.001677 0.000284 0.000087 0.000000 0.000000 0.000000 0.000000 0.000000 0.000000 0.000000 0.000000 0.000000 0.000000 0.000000 0.000000 0.000000 0.000000 0.000000 0.000000 0.000000 0.000000 0.000000 0.000000
0.000190 0.000622 0.001549 0.002100 0.002169 0.002640 0.003184 0.003663 0.004148 0.004585 0.004992 0.005344 0.005642 0.005873 0.006028 0.006104 0.006095 0.006000 0.005822 0.005559 0.005215 0.004803 0.004324 0.003798 0.003228 0.002629 0.002028 0.001378 0.000612 0.000028 0.000000 0.000000 0.000000 0.000000 0.000000 0.000000 0.000000 0.000000 0.000000 0.000000 0.000000 0.000000 0.000000 0.000000 0.000000 0.000000 0.000000 0.000000 0.000000 0.000000
0.000035 0.000544 0.001525 0.001585 0.002183 0.002646 0.003187 0.003668 0.004156 0.004594 0.005001 0.005357 0.005656 0.005887 0.006041 0.006115 0.006104 0.006012 0.005837 0.005571 0.005225 0.004813 0.004329 0.003805 0.003215 0.002643 0.001972 0.001515 0.000262 0.000273 0.000000 0.000000 0.000000 0.000000 0.000000 0.000000 0.000000 0.000000 0.000000 0.000000 0.000000 0.000000 0.000000 0.000000 0.000000 0.000000 0.000000 0.000000 0.000000 0.000000
-0.000239 0.000505 0.001576 0.001620 0.002199 0.002696 0.003254 0.003759 0.004269 0.004738 0.005178 0.005564 0.005894 0.006154 0.006333 0.006426 0.006427 0.006328 0.006135 0.005851 0.005480 0.005037 0.004522 0.003966 0.003347 0.002741 0.002028 0.001495 0.000830 0.000465 0.000000 0.000000 0.000000 0.000000 0.000000 0.000000 0.000000 0.000000 0.000000 0.000000 0.000000 0.000000 0.000000 0.000000 0.000000 0.000000 0.000000 0.000000 0.000000 0.000000
0.000083 0.000471 0.001569 0.001624 0.002222 0.002743 0.003324 0.003861 0.004408 0.004914 0.005393 0.005818 0.006183 0.006473 0.006677 0.006787 0.006794 0.006697 0.006494 0.006190 0.005788 0.005309 0.004751 0.004156 0.003492 0.002864 0.002108 0.001606 0.000348 0.000530 0.000000 0.000000 0.000000 0.000000 0.000000 0.000000 0.000000 0.000000 0.000000 0.000000 0.000000 0.000000 0.000000 0.000000 0.000000 0.000000 0.000000 0.000000 0.000000 0.000000
0.000204 0.000463 0.001578 0.001638 0.002257 0.002799 0.003410 0.003985 0.004576 0.005132 0.005664 0.006142 0.006558 0.006893 0.007134 0.007270 0.007290 0.007192 0.006970 0.006637 0.006191 0.005661 0.005046 0.004393 0.003676 0.002995 0.002200 0.001650 0.000361 -0.000120 0.000000 0.000000 0.000000 0.000000 0.000000 0.000000 0.000000 0.000000 0.000000 0.000000 0.000000 0.000000 0.000000 0.000000 0.000000 0.000000 0.000000 0.000000 0.000000 0.000000
0.000094 0.000460 0.001584 0.001647 0.002277 0.002844 0.003490 0.004114 0.004761 0.005381 0.005980 0.006524 0.007004 0.007396 0.007684 0.007854 0.007891 0.007793 0.007550 0.007179 0.006675 0.006078 0.005388 0.004663 0.003879 0.003141 0.002307 0.001696 0.001112 -0.000202 0.000000 0.000000 0.000000 0.000000 0.000000 0.000000 0.000000 0.000000 0.000000 0.000000 0.000000 0.000000 0.000000 0.000000 0.000000 0.000000 0.000000 0.000000 0.000000 0.000000
0.000218 0.000438 0.001570 0.001638 0.002278 0.002876 0.003563 0.004245 0.004962 0.005662 0.006347 0.006977 0.007540 0.008006 0.008357 0.008573 0.008633 0.008538 0.008265 0.007846 0.007264 0.006579 0.005789 0.004967 0.004100 0.003286 0.002398 0.001734 0.000266 0.000325 0.000000 0.000000 0.000000 0.000000 0.000000 0.000000 0.000000 0.000000 0.000000 0.000000 0.000000 0.000000 0.000000 0.000000 0.000000 0.000000 0.000000 0.000000 0.000000 0.000000
-0.000609 0.001022 0.001533 0.001594 0.002248 0.002874 0.003609 0.004362 0.005167 0.005967 0.006761 0.007499 0.008169 0.008730 0.009161 0.009439 0.009531 0.009443 0.009135 0.008655 0.007968 0.007165 0.006239 0.005291 0.004319 0.003420 0.002469 0.001800 0.001234 -0.001389 0.000000 0.000000 0.000000 0.000000 0.000000 0.000000 0.000000 0.000000 0.000000 0.000000 0.000000 0.000000 0.000000 0.000000 0.000000 0.000000 0.000000 0.000000 0.000000 0.000000
-0.001461 0.000094 0.001453 0.001509 0.002166 0.002824 0.003612 0.004452 0.005366 0.006291 0.007222 0.008097 0.008901 0.009584 0.010119 0.010480 0.010616 0.010544 0.010189 0.009636 0.008804 0.007847 0.006746 0.005628 0.004527 0.003520 0.002499 0.001840 -0.000031 -0.000471 0.000000 0.000000 0.000000 0.000000 0.000000 0.000000 0.000000 0.000000 0.000000 0.000000 0.000000 0.000000 0.000000 0.000000 0.000000 0.000000 0.000000 0.000000 0.000000 0.000000
-0.000054 -0.000095 0.001269 0.001966 0.002634 0.002697 0.003540 0.004489 0.005542 0.006623 0.007729 0.008774 0.009749 0.010589 0.011250 0.011733 0.011928 0.011882 0.011472 0.010837 0.009845 0.008690 0.007357 0.006023 0.004797 0.003599 0.002572 0.001671 0.000890 0.000941 0.000000 0.000000 0.000000 0.000000 0.000000 0.000000 0.000000 0.000000 0.000000 0.000000 0.000000 0.000000 0.000000 0.000000 0.000000 0.000000 0.000000 0.000000 0.000000 0.000000
0.000157 -0.000299 0.000992 0.001519 0.002250 0.003141 0.004261 0.004361 0.005537 0.006864 0.008226 0.009508 0.010713 0.011759 0.012597 0.013223 0.013508 0.013533 0.013049 0.012318 0.010995 0.009594 0.007874 0.006207 0.004759 0.003429 0.002349 0.001649 0.001315 0.001209 0.000000 0.000000 0.000000 0.000000 0.000000 0.000000 0.000000 0.000000 0.000000 0.000000 0.000000 0.000000 0.000000 0.000000 0.000000 0.000000 0.000000 0.000000 0.000000 0.000000
-0.000663 0.000807 0.000783 0.000809 0.001322 0.002059 0.003007 0.004268 0.005730 0.007258 0.008870 0.010384 0.011843 0.013125 0.014196 0.015033 0.015450 0.015577 0.015049 0.014201 0.012579 0.010676 0.008304 0.006227 0.004596 0.003051 0.002043 0.001341 0.001309 0.001319 0.000000 0.000000 0.000000 0.000000 0.000000 0.000000 0.000000 0.000000 0.000000 0.000000 0.000000 0.000000 0.000000 0.000000 0.000000 0.000000 0.000000 0.000000 0.000000 0.000000
-0.000037 0.000702 0.000317 0.000324 0.000701 0.001449 0.002428 0.003914 0.005680 0.007519 0.009488 0.011309 0.013095 0.014676 0.016023 0.017147 0.017733 0.018087 0.017538 0.016813 0.014729 0.012877 0.009108 0.006265 0.004324 0.002447 0.001564 0.000858 0.001120 -0.000015 0.000000 0.000000 0.000000 0.000000 0.000000 0.000000 0.000000 0.000000 0.000000 0.000000 0.000000 0.000000 0.000000 0.000000 0.000000 0.000000 0.000000 0.000000 0.000000 0.000000
0.000298 0.000204 -0.000336 -0.000335 -0.000228 0.000451 0.001425 0.003265 0.005492 0.007757 0.010187 0.012384 0.014568 0.016516 0.018229 0.019727 0.020595 0.021213 0.020693 0.019715 0.017141 0.013863 0.009504 0.005140 0.003346 0.001072 0.000594 0.000124 0.000475 0.000003 0.000000 0.000000 0.000000 0.000000 0.000000 0.000000 0.000000 0.000000 0.000000 0.000000 0.000000 0.000000 0.000000 0.000000 0.000000 0.000000 0.000000 0.000000 0.000000 0.000000
-0.000098 -0.000068 -0.001191 -0.001231 -0.001476 -0.000870 -0.000064 0.002234 0.005113 0.007882 0.010889 0.013487 0.016130 0.018495 0.020619 0.022674 0.023837 0.025408 0.024739 0.025156 0.020387 0.018607 0.010027 0.004222 0.001934 -0.000668 -0.000589 -0.001019 0.000716 0.000297 0.000000 0.000000 0.000000 0.000000 0.000000 0.000000 0.000000 0.000000 0.000000 0.000000 0.000000 0.000000 0.000000 0.000000 0.000000 0.000000 0.000000 0.000000 0.000000 0.000000
-0.000339 -0.000757 -0.002371 -0.002414 -0.003256 -0.003126 -0.002706 0.000489 0.004582 0.008129 0.011822 0.014903 0.018032 0.020870 0.023553 0.026171 0.028081 0.029941 0.030262 0.029735 0.026545 0.020309 0.010846 -0.000890 -0.001429 -0.003992 -0.002826 -0.002599 -0.000472 0.000116 0.000000 0.000000 0.000000 0.000000 0.000000 0.000000 0.000000 0.000000 0.000000 0.000000 0.000000 0.000000 0.000000 0.000000 0.000000 0.000000 0.000000 0.000000 0.000000 0.000000
-0.000270 -0.001385 -0.003674 -0.003802 -0.005487 -0.005654 -0.006912 -0.002275 0.003867 0.008188 0.012771 0.016206 0.019867 0.023170 0.026364 0.029893 0.032270 0.036218 0.036095 0.039082 0.030776 0.027799 0.009742 -0.004404 -0.005922 -0.007882 -0.005294 -0.004514 -0.000715 -0.000318 0.000000 0.000000 0.000000 0.000000 0.000000 0.000000 0.000000 0.000000 0.000000 0.000000 0.000000 0.000000 0.000000 0.000000 0.000000 0.000000 0.000000 0.000000 0.000000 0.000000
-0.000746 -0.002199 -0.005459 -0.005292 -0.008052 -0.010384 -0.013064 -0.007372 0.003798 0.009182 0.014477 0.018271 0.022212 0.025949 0.029865 0.034134 0.038207 0.042749 0.046141 0.049234 0.046356 0.039476 0.006525 -0.024660 -0.018417 -0.014323 -0.009019 -0.006355 -0.001337 -0.000674 0.000000 0.000000 0.000000 0.000000 0.000000 0.000000 0.000000 0.000000 0.000000 0.000000 0.000000 0.000000 0.000000 0.000000 0.000000 0.000000 0.000000 0.000000 0.000000 0.000000
-0.001504 -0.003566 -0.003535 -0.007295 -0.015640 -0.028378 -0.045305 -0.011379 0.006533 0.010755 0.016443 0.019879 0.024131 0.028132 0.032525 0.037885 0.042732 0.050517 0.055360 0.065829 0.065913 0.077410 -0.174531 -0.071861 -0.031800 -0.016986 -0.010343 -0.010338 -0.003548 -0.000063 0.000000 0.000000 0.000000 0.000000 0.000000 0.000000 0.000000 0.000000 0.000000 0.000000 0.000000 0.000000 0.000000 0.000000 0.000000 0.000000 0.000000 0.000000 0.000000 0.000000
0.000278 0.005693 0.016707 0.023515 0.031686 0.038120 0.003687 0.036964 0.016828 0.018510 0.020271 0.023025 0.026498 0.030574 0.035529 0.041506 0.048870 0.057793 0.069392 0.084182 0.107559 0.140143 0.225077 0.903175 0.097115 0.036404 0.015906 0.008841 -0.003914 -0.007033 0.007305 -0.010121 -0.006538 -0.007682 -0.008537 -0.010200 -0.012270 -0.014191 -0.016788 -0.019107 -0.022123 -0.027551 -0.030717 -0.040923 -0.049132 -0.069656 -0.099742 -0.078155 -0.113785 -0.521084
0.000101 0.008860 0.013493 0.018812 0.028748 0.039065 0.043337 0.031686 0.023748 0.021422 0.022592 0.024303 0.027628 0.031627 0.036695 0.043332 0.050874 0.062548 0.074287 0.099126 0.119785 0.187548 0.412005 0.508442 0.164614 0.089033 0.051218 0.010457 0.019421 -0.029246 0.015160 0.007359 -0.019746 -0.000491 -0.003773 -0.006671 -0.047248 -0.010697 -0.057870 -0.018416 -0.070403 -0.081586 -0.091712 -0.105241 -0.128034 -0.078711 -0.191818 -0.171487 -0.230811 -0.502116
0.001341 0.006835 0.014218 0.013423 0.018846 0.023435 0.027563 0.027955 0.024415 0.022705 0.023389 0.025042 0.028012 0.031875 0.036947 0.043290 0.051492 0.061444 0.075915 0.091377 0.119753 0.146263 0.200786 0.219213 0.137065 0.098332 0.047280 0.029241 0.008675 -0.001950 -0.008130 -0.018572 -0.023524 -0.026574 -0.032221 -0.037204 -0.041997 -0.048873 -0.057195 -0.065719 -0.071786 -0.092993 -0.096146 -0.129242 -0.135357 -0.192258 -0.199255 -0.219110 -0.371008 -0.464859
-0.002842 0.004176 0.011310 0.011705 0.016224 0.019605 0.023006 0.022467 0.021049 0.021319 0.022363 0.024216 0.027059 0.030765 0.035524 0.041638 0.049018 0.059105 0.070281 0.088138 0.103763 0.133233 0.158526 0.153304 0.120768 0.073497 0.048989 0.018895 0.007252 -0.007774 -0.015684 -0.025805 -0.033775 -0.038081 -0.047573 -0.053974 -0.061281 -0.069558 -0.078744 -0.092581 -0.100368 -0.119749 -0.131550 -0.162182 -0.177933 -0.234313 -0.256946 -0.267849 -0.372404 -0.491240
-0.000371 0.005585 0.009574 0.009918 0.013330 0.015816 0.018155 0.019043 0.019107 0.019766 0.020936 0.022732 0.025307 0.028624 0.032847 0.038063 0.044458 0.052155 0.061494 0.072316 0.084189 0.093793 0.103676 0.106728 0.080533 0.064634 0.033441 0.017156 -0.002452 -0.016446 -0.025240 -0.036822 -0.042954 -0.056213 -0.062501 -0.072140 -0.080708 -0.092260 -0.101192 -0.117847 -0.128578 -0.151678 -0.166051 -0.207268 -0.220227 -0.287598 -0.297958 -0.311452 -0.431923 -0.495360
0.000579 0.005416 0.007834 0.008106 0.010903 0.012922 0.014959 0.015757 0.016441 0.017405 0.018660 0.020395 0.022694 0.025606 0.029223 0.033656 0.038915 0.045279 0.052345 0.060809 0.068852 0.076068 0.080887 0.074816 0.060853 0.042911 0.022720 0.004917 -0.012877 -0.021673 -0.034552 -0.044855 -0.055295 -0.068351 -0.076121 -0.087786 -0.098017 -0.110562 -0.121443 -0.137891 -0.153000 -0.173289 -0.191611 -0.221517 -0.241667 -0.296554 -0.313420 -0.339144 -0.451412 -0.463820
-0.000171 0.004805 0.006387 0.006578 0.008853 0.010394 0.012024 0.013010 0.013918 0.014885 0.016066 0.017567 0.019481 0.021840 0.024705 0.028092 0.032020 0.036393 0.041224 0.045866 0.050606 0.052650 0.054535 0.049054 0.037376 0.026614 0.008330 -0.005457 -0.019806 -0.031588 -0.044519 -0.056560 -0.067435 -0.079717 -0.090835 -0.103325 -0.116025 -0.129862 -0.143608 -0.161854 -0.176766 -0.204009 -0.219974 -0.262340 -0.274657 -0.344079 -0.340523 -0.361603 -0.459876 -0.423675
0.001486 0.004762 0.005034 0.005153 0.006977 0.008203 0.009530 0.010386 0.011246 0.012106 0.013112 0.014331 0.015829 0.017637 0.019783 0.022265 0.025050 0.028051 0.031109 0.033876 0.035973 0.036313 0.034770 0.029045 0.019835 0.009247 -0.004862 -0.017912 -0.031409 -0.043126 -0.055633 -0.067583 -0.079463 -0.092188 -0.104294 -0.117631 -0.131145 -0.146299 -0.161074 -0.179763 -0.196095 -0.217873 -0.237758 -0.268761 -0.286738 -0.344896 -0.354653 -0.376137 -0.472171 -0.508328
0.000212 0.003767 0.003820 0.003928 0.005291 0.006199 0.007192 0.007887 0.008575 0.009233 0.009974 0.010834 0.011861 0.013066 0.014451 0.015983 0.017608 0.019182 0.020614 0.021460 0.021691 0.020209 0.017440 0.011693 0.003332 -0.005757 -0.018334 -0.030007 -0.042321 -0.054229 -0.066620 -0.078955 -0.091358 -0.104353 -0.117481 -0.131521 -0.146045 -0.162119 -0.178482 -0.198261 -0.216024 -0.242954 -0.258745 -0.300254 -0.307747 -0.374316 -0.366904 -0.385792 -0.479920 -0.498408
-0.001373 0.003872 0.002697 0.002755 0.003719 0.004331 0.005002 0.005449 0.005888 0.006275 0.006697 0.007168 0.007716 0.008341 0.009028 0.009735 0.010396 0.010881 0.011067 0.010645 0.009462 0.006929 0.003009 -0.002976 -0.010843 -0.019709 -0.030797 -0.041924 -0.053701 -0.065479 -0.077751 -0.090184 -0.102968 -0.116284 -0.129954 -0.144487 -0.159540 -0.176121 -0.192720 -0.212859 -0.230496 -0.255685 -0.272912 -0.308119 -0.320355 -0.377962 -0.376529 -0.396180 -0.486353 -0.508303
0.005681 0.003366 0.001643 0.001653 0.002248 0.002563 0.002904 0.003082 0.003229 0.003312 0.003383 0.003446 0.003511 0.003566 0.003585 0.003518 0.003294 0.002793 0.001902 0.000372 -0.001901 -0.005341 -0.009945 -0.016152 -0.023792 -0.032303 -0.042609 -0.053266 -0.064616 -0.076308 -0.088519 -0.101092 -0.114112 -0.127698 -0.141803 -0.156756 -0.172298 -0.189344 -0.206464 -0.227022 -0.245076 -0.271966 -0.287253 -0.326894 -0.332602 -0.394095 -0.384006 -0.403396 -0.491165 -0.511670
0.001353 0.002744 0.000680 0.000677 0.000866 0.000896 0.000901 0.000788 0.000619 0.000376 0.000082 -0.000266 -0.000671 -0.001152 -0.001743 -0.002494 -0.003476 -0.004795 -0.006558 -0.008950 -0.012075 -0.016192 -0.021330 -0.027709 -0.035287 -0.043821 -0.053628 -0.064044 -0.075151 -0.086753 -0.098921 -0.111565 -0.124750 -0.138536 -0.152914 -0.168132 -0.183948 -0.201206 -0.218471 -0.239003 -0.256857 -0.283307 -0.298705 -0.335454 -0.343114 -0.399133 -0.392257 -0.409753 -0.493494 -0.423171
0.002801 0.002541 -0.000272 -0.000297 -0.000467 -0.000707 -0.001030 -0.001437 -0.001929 -0.002505 -0.003168 -0.003921 -0.004781 -0.005770 -0.006925 -0.008298 -0.009954 -0.011981 -0.014469 -0.017554 -0.021332 -0.025979 -0.031539 -0.038146 -0.045785 -0.054338 -0.063891 -0.074145 -0.085102 -0.096647 -0.108796 -0.121501 -0.134797 -0.148731 -0.163301 -0.178712 -0.194727 -0.212135 -0.229534 -0.250068 -0.267871 -0.294086 -0.308960 -0.346210 -0.351027 -0.406951 -0.396515 -0.414966 -0.496485 -0.495909
0.000841 0.001564 -0.001128 -0.001148 -0.001714 -0.002220 -0.002875 -0.003578 -0.004395 -0.005302 -0.006323 -0.007463 -0.008746 -0.010197 -0.011855 -0.013768 -0.015997 -0.018618 -0.021710 -0.025379 -0.029707 -0.034812 -0.040746 -0.047588 -0.055326 -0.063980 -0.073383 -0.083566 -0.094448 -0.105961 -0.118103 -0.130849 -0.144219 -0.158251 -0.172936 -0.188450 -0.204558 -0.221989 -0.239385 -0.259716 -0.277385 -0.302925 -0.317780 -0.353548 -0.359603 -0.411693 -0.402510 -0.419004 -0.498309 -0.501549
-0.001331 -0.003448 -0.001974 -0.002028 -0.002902 -0.003673 -0.004631 -0.005622 -0.006751 -0.007977 -0.009342 -0.010849 -0.012529 -0.014407 -0.016523 -0.018920 -0.021656 -0.024794 -0.028405 -0.032570 -0.037359 -0.042855 -0.049103 -0.056158 -0.064027 -0.072777 -0.082132 -0.092292 -0.103144 -0.114647 -0.126793 -0.139570 -0.152988 -0.167080 -0.181831 -0.197398 -0.213545 -0.230955 -0.248317 -0.268458 -0.285978 -0.311019 -0.325361 -0.360055 -0.364409 -0.415674 -0.405142 -0.422877 -0.469409 -0.502212
-0.000301 -0.003272 -0.002555 -0.003625 -0.004786 -0.006037 -0.007399 -0.007459 -0.008879 -0.010475 -0.012201 -0.014076 -0.016129 -0.018399 -0.020907 -0.023734 -0.026913 -0.030499 -0.034552 -0.039136 -0.044312 -0.050142 -0.056670 -0.063932 -0.071938 -0.080794 -0.090158 -0.100331 -0.111183 -0.122691 -0.134846 -0.147645 -0.161091 -0.175212 -0.189989 -0.205559 -0.221688 -0.239007 -0.256262 -0.276093 -0.293432 -0.317682 -0.332287 -0.365833 -0.372403 -0.421202 -0.411392 -0.425651 -0.470365 -0.502650
0.001864 -0.001887 -0.003238 -0.004581 -0.006020 -0.007555 -0.009205 -0.009273 -0.010982 -0.012880 -0.014915 -0.017112 -0.019499 -0.022120 -0.024988 -0.028196 -0.031763 -0.035737 -0.040170 -0.045116 -0.050625 -0.056748 -0.063521 -0.070972 -0.079116 -0.088100 -0.097485 -0.107691 -0.118563 -0.130086 -0.142254 -0.155068 -0.168527 -0.182658 -0.197433 -0.212981 -0.229070 -0.246295 -0.263460 -0.283070 -0.300350 -0.324134 -0.338971 -0.369783 -0.375078 -0.420712 -0.411138 -0.427802 -0.502162 -0.506959
-0.001629 -0.003622 -0.004170 -0.004274 -0.006032 -0.007519 -0.009311 -0.011091 -0.013070 -0.015159 -0.017439 -0.019903 -0.022593 -0.025531 -0.028755 -0.032300 -0.036206 -0.040518 -0.045280 -0.050538 -0.056334 -0.062711 -0.069700 -0.077326 -0.085604 -0.094673 -0.104137 -0.114389 -0.125290 -0.136834 -0.149017 -0.161840 -0.175302 -0.189425 -0.204178 -0.219676 -0.235688 -0.252765 -0.269755 -0.288998 -0.305937 -0.328943 -0.343145 -0.373905 -0.380522 -0.427192 -0.416719 -0.428229 -0.502757 -0.498052
-0.003468 -0.004507 -0.004791 -0.004948 -0.006921 -0.008629 -0.010656 -0.012668 -0.014891 -0.017227 -0.019766 -0.022496 -0.025462 -0.028684 -0.032200 -0.036040 -0.040244 -0.044850 -0.049896 -0.055422 -0.061466 -0.068065 -0.075246 -0.083031 -0.091436 -0.100626 -0.110136 -0.120438 -0.131374 -0.142942 -0.155140 -0.167969 -0.181428 -0.195534 -0.210256 -0.225700 -0.241644 -0.258616 -0.275519 -0.294639 -0.311619 -0.334678 -0.350002 -0.379342 -0.385561 -0.428678 -0.419718 -0.429114 -0.477299 -0.505286
-0.003383 -0.004618 -0.005370 -0.005549 -0.007735 -0.009640 -0.011885 -0.014108 -0.016555 -0.019117 -0.021890 -0.024859 -0.028072 -0.031547 -0.035320 -0.039420 -0.043883 -0.048743 -0.054034 -0.059793 -0.066052 -0.072844 -0.080195 -0.088123 -0.096643 -0.105890 -0.115503 -0.125855 -0.136827 -0.148421 -0.160634 -0.173467 -0.186916 -0.200999 -0.215679 -0.231053 -0.246896 -0.263704 -0.280396 -0.299087 -0.315676 -0.337424 -0.351501 -0.379884 -0.386337 -0.429719 -0.420666 -0.428502 -0.506192 -0.515314
-0.003374 -0.004729 -0.005888 -0.006095 -0.008466 -0.010556 -0.012996 -0.015409 -0.018057 -0.020819 -0.023800 -0.026982 -0.030413 -0.034110 -0.038107 -0.042433 -0.047119 -0.052198 -0.057701 -0.063659 -0.070104 -0.077064 -0.084563 -0.092617 -0.101243 -0.110589 -0.120254 -0.130655 -0.141661 -0.153278 -0.165504 -0.178340 -0.191780 -0.205838 -0.220479 -0.235792 -0.251570 -0.268300 -0.284929 -0.303668 -0.320259 -0.342732 -0.357331 -0.386225 -0.390684 -0.435314 -0.424771 -0.426538 -0.508876 -0.506490
-0.000820 -0.004825 -0.006348 -0.006586 -0.009102 -0.011367 -0.013981 -0.016566 -0.019395 -0.022335 -0.025502 -0.028870 -0.032492 -0.036382 -0.040574 -0.045095 -0.049974 -0.055241 -0.060925 -0.067055 -0.073658 -0.080762 -0.088389 -0.096553 -0.105270 -0.114547 -0.124406 -0.134843 -0.145880 -0.157528 -0.169774 -0.182614 -0.196041 -0.210077 -0.224675 -0.239920 -0.255587 -0.272162 -0.288586 -0.306949 -0.323244 -0.344857 -0.358807 -0.389382 -0.395269 -0.441174 -0.431752 -0.427197 -0.504209 -0.415707
-0.002701 -0.004782 -0.006923 -0.007039 -0.009689 -0.012085 -0.014848 -0.017572 -0.020557 -0.023647 -0.026971 -0.030499 -0.034281 -0.038336 -0.042691 -0.047378 -0.052419 -0.057844 -0.063681 -0.069953 -0.076690 -0.083917 -0.091652 -0.099914 -0.108715 -0.118060 -0.127974 -0.138449 -0.149501 -0.161164 -0.173421 -0.186272 -0.199706 -0.213717 -0.228275 -0.243455 -0.259094 -0.275640 -0.292068 -0.310694 -0.326835 -0.349334 -0.363851 -0.392140 -0.397175 -0.438668 -0.431913 -0.427044 -0.508372 -0.501271
-0.002439 -0.004811 -0.007116 -0.007368 -0.010248 -0.012682 -0.015633 -0.018442 -0.021568 -0.024785 -0.028245 -0.031909 -0.035831 -0.040025 -0.044521 -0.049346 -0.054525 -0.060083 -0.066046 -0.072439 -0.079289 -0.086618 -0.094445 -0.102785 -0.111648 -0.121022 -0.130967 -0.141436 -0.152498 -0.164228 -0.176526 -0.189372 -0.202764 -0.216804 -0.231331 -0.246493 -0.261933 -0.278324 -0.294386 -0.312534 -0.328341 -0.349116 -0.362637 -0.390847 -0.395618 -0.439539 -0.429794 -0.433084 -0.506648 -0.511381
-0.000875 -0.004239 -0.007742 -0.007803 -0.010594 -0.013220 -0.016199 -0.019150 -0.022366 -0.025685 -0.029246 -0.033017 -0.037042 -0.041343 -0.045942 -0.050882 -0.056167 -0.061826 -0.067897 -0.074383 -0.081317 -0.088727 -0.096625 -0.105043 -0.113981 -0.123421 -0.133488 -0.144021 -0.155211 -0.166903 -0.179121 -0.191820 -0.205076 -0.218979 -0.233509 -0.248651 -0.264236 -0.280683 -0.297005 -0.315272 -0.331326 -0.353253 -0.367816 -0.397581 -0.404397 -0.445805 -0.431619 -0.436583 -0.502732 -0.499180
-0.001774 -0.002553 -0.007263 -0.007899 -0.011075 -0.013582 -0.016757 -0.019716 -0.023038 -0.026444 -0.030097 -0.033963 -0.038083 -0.042481 -0.047174 -0.052200 -0.057579 -0.063329 -0.069461 -0.076015 -0.083034 -0.090513 -0.098472 -0.106959 -0.115920 -0.125423 -0.135538 -0.146147 -0.157439 -0.168907 -0.181015 -0.193868 -0.207192 -0.220990 -0.235335 -0.250381 -0.265828 -0.282034 -0.298161 -0.315564 -0.331227 -0.349443 -0.363058 -0.383529 -0.390861 -0.429930 -0.414786 -0.420503 -0.477334 -0.518884
-0.000426 -0.003968 -0.007719 -0.010646 -0.011055 -0.013595 -0.016845 -0.019775 -0.023124 -0.026528 -0.030192 -0.034060 -0.038191 -0.042599 -0.047300 -0.052342 -0.057727 -0.063477 -0.069641 -0.076214 -0.083232 -0.090724 -0.098692 -0.107180 -0.116181 -0.125706 -0.135804 -0.146408 -0.157625 -0.169171 -0.181390 -0.194227 -0.207555 -0.221406 -0.235814 -0.250875 -0.266211 -0.282533 -0.298470 -0.316421 -0.331969 -0.352667 -0.365508 -0.393760 -0.400152 -0.433521 -0.443205 -0.452630 -0.477938 -0.516043
-0.000719 -0.004792 -0.006462 -0.010440 -0.013735 -0.017054 -0.020431 -0.023166 -0.027829 -0.031812 -0.034979 -0.040481 -0.044211 -0.049269 -0.054582 -0.060207 -0.066236 -0.072941 -0.079607 -0.086986 -0.094850 -0.103234 -0.112082 -0.121809 -0.131197 -0.141795 -0.152835 -0.155295 -0.177022 -0.188515 -0.202266 -0.216132 -0.230774 -0.245534 -0.261062 -0.277222 -0.281726 -0.298726 -0.311334 -0.334311 -0.353589 -0.372336 -0.394072 -0.403255 -0.435302 -0.441785 -0.465573 -0.415845 -0.482350 -0.515865
-0.000579 -0.005564 -0.007369 -0.009996 -0.011578 -0.021828 -0.014266 -0.021894 -0.019770 -0.026917 -0.029322 -0.039218 -0.043732 -0.046224 -0.051205 -0.052613 -0.062072 -0.066620 -0.074672 -0.081439 -0.088738 -0.096509 -0.104742 -0.113765 -0.093429 -0.132438 -0.138381 -0.174401 -0.160355 -0.159004 -0.189169 -0.202128 -0.215889 -0.230004 -0.260788 -0.259557 -0.289295 -0.322796 -0.342520 -0.320296 -0.334247 -0.319462 -0.372526 -0.412716 -0.403599 -0.437717 -0.438348 -0.430327 -0.492707 -0.516863
