-0.000272 -0.000090 -0.000449 -0.000963 -0.000279 0.000330 -0.000412 -0.000462 -0.000626 0.000802 0.000069 0.000842 0.000678 0.001098 0.002477 0.000421 0.002218 0.000759 0.001690 0.000031 0.001108 0.000513 0.000459 0.000000 0.000000 0.000000 0.000000 0.000000 0.000000 0.000000 0.000000 0.000000 0.000000 0.000000 0.000000 0.000000 0.000000 0.000000 0.000000 0.000000 0.000000 0.000000 0.000000 0.000000 0.000000 0.000000 0.000000 0.000000 0.000000 0.000000
-0.002278 -0.001630 -0.001321 -0.001191 -0.001031 -0.000860 -0.000654 -0.002119 -0.000142 0.000102 -0.001717 0.000542 0.001124 -0.001294 -0.000855 -0.000427 0.000084 0.000724 0.001336 0.001932 0.002815 0.004657 0.004218 0.000000 0.000000 0.000000 0.000000 0.000000 0.000000 0.000000 0.000000 0.000000 0.000000 0.000000 0.000000 0.000000 0.000000 0.000000 0.000000 0.000000 0.000000 0.000000 0.000000 0.000000 0.000000 0.000000 0.000000 0.000000 0.000000 0.000000
-0.002903 -0.003416 -0.003793 -0.003586 -0.003702 -0.003514 -0.003376 -0.003099 -0.002857 -0.002486 -0.002079 -0.001589 -0.000973 -0.000272 0.000543 0.001462 0.002530 0.003612 0.004854 0.005982 0.007301 0.007222 0.005506 0.000000 0.000000 0.000000 0.000000 0.000000 0.000000 0.000000 0.000000 0.000000 0.000000 0.000000 0.000000 0.000000 0.000000 0.000000 0.000000 0.000000 0.000000 0.000000 0.000000 0.000000 0.000000 0.000000 0.000000 0.000000 0.000000 0.000000
-0.004908 -0.005078 -0.005233 -0.003882 -0.003767 -0.003630 -0.003445 -0.003206 -0.002926 -0.002574 -0.002147 -0.001641 -0.001018 -0.000291 0.000546 0.001501 0.002598 0.003734 0.004935 0.006124 0.007042 0.010491 0.011495 0.000000 0.000000 0.000000 0.000000 0.000000 0.000000 0.000000 0.000000 0.000000 0.000000 0.000000 0.000000 0.000000 0.000000 0.000000 0.000000 0.000000 0.000000 0.000000 0.000000 0.000000 0.000000 0.000000 0.000000 0.000000 0.000000 0.000000
-0.008565 -0.006456 -0.005287 -0.005348 -0.005222 -0.005012 -0.004802 -0.004480 -0.004124 -0.003651 -0.003083 -0.002393 -0.001556 -0.000567 0.000602 0.001904 0.003462 0.005071 0.006910 0.008667 0.010049 0.012537 0.010238 0.000000 0.000000 0.000000 0.000000 0.000000 0.000000 0.000000 0.000000 0.000000 0.000000 0.000000 0.000000 0.000000 0.000000 0.000000 0.000000 0.000000 0.000000 0.000000 0.000000 0.000000 0.000000 0.000000 0.000000 0.000000 0.000000 0.000000
-0.007413 -0.008199 -0.006663 -0.006668 -0.006518 -0.006300 -0.006039 -0.005675 -0.005244 -0.004692 -0.004021 -0.003201 -0.002203 -0.001013 0.000417 0.002064 0.003995 0.006161 0.008553 0.010996 0.013197 0.018992 0.017318 0.000000 0.000000 0.000000 0.000000 0.000000 0.000000 0.000000 0.000000 0.000000 0.000000 0.000000 0.000000 0.000000 0.000000 0.000000 0.000000 0.000000 0.000000 0.000000 0.000000 0.000000 0.000000 0.000000 0.000000 0.000000 0.000000 0.000000
-0.008618 -0.009351 -0.008164 -0.008172 -0.008011 -0.007753 -0.007469 -0.007056 -0.006580 -0.005952 -0.005189 -0.004241 -0.003081 -0.001674 0.000028 0.002058 0.004468 0.007312 0.010412 0.014093 0.016875 0.024882 0.021527 0.000000 0.000000 0.000000 0.000000 0.000000 0.000000 0.000000 0.000000 0.000000 0.000000 0.000000 0.000000 0.000000 0.000000 0.000000 0.000000 0.000000 0.000000 0.000000 0.000000 0.000000 0.000000 0.000000 0.000000 0.000000 0.000000 0.000000
-0.010114 -0.011494 -0.009658 -0.009650 -0.009472 -0.009231 -0.008912 -0.008500 -0.007979 -0.007317 -0.006493 -0.005466 -0.004197 -0.002636 -0.000723 0.001608 0.004436 0.007845 0.011856 0.016750 0.021373 0.033812 0.033718 0.000000 0.000000 0.000000 0.000000 0.000000 0.000000 0.000000 0.000000 0.000000 0.000000 0.000000 0.000000 0.000000 0.000000 0.000000 0.000000 0.000000 0.000000 0.000000 0.000000 0.000000 0.000000 0.000000 0.000000 0.000000 0.000000 0.000000
-0.010658 -0.013258 -0.011249 -0.011240 -0.011064 -0.010809 -0.010504 -0.010074 -0.009556 -0.008874 -0.008025 -0.006954 -0.005618 -0.003946 -0.001880 0.000751 0.003884 0.008193 0.012781 0.020122 0.025555 0.047370 0.039126 0.000000 0.000000 0.000000 0.000000 0.000000 0.000000 0.000000 0.000000 0.000000 0.000000 0.000000 0.000000 0.000000 0.000000 0.000000 0.000000 0.000000 0.000000 0.000000 0.000000 0.000000 0.000000 0.000000 0.000000 0.000000 0.000000 0.000000
-0.013173 -0.015051 -0.012869 -0.012856 -0.012679 -0.012461 -0.012153 -0.011767 -0.011257 -0.010602 -0.009769 -0.008707 -0.007373 -0.005681 -0.003569 -0.000869 0.002519 0.006988 0.012554 0.021012 0.029761 0.051910 0.103927 0.000000 0.000000 0.000000 0.000000 0.000000 0.000000 0.000000 0.000000 0.000000 0.000000 0.000000 0.000000 0.000000 0.000000 0.000000 0.000000 0.000000 0.000000 0.000000 0.000000 0.000000 0.000000 0.000000 0.000000 0.000000 0.000000 0.000000
-0.014047 -0.016870 -0.014550 -0.014534 -0.014386 -0.014195 -0.013935 -0.013581 -0.013122 -0.012529 -0.011741 -0.010744 -0.009456 -0.007804 -0.005707 -0.003010 0.000461 0.005003 0.011091 0.018881 0.032305 0.037428 0.053738 0.002427 -0.002653 0.008240 -0.007390 -0.006964 -0.005532 -0.005803 -0.006001 -0.013511 -0.012887 -0.006216 -0.006191 -0.011302 0.006537 -0.012471 0.005521 -0.011762 -0.009754 -0.004135 0.006897 0.006623 -0.008784 0.008518 -0.009548 0.008682 0.004310 -0.004238
-0.013904 -0.018503 -0.016275 -0.016262 -0.016137 -0.015999 -0.015781 -0.015504 -0.015119 -0.014612 -0.013947 -0.013081 -0.011966 -0.010535 -0.008713 -0.006424 -0.003324 0.000216 0.005827 0.011070 0.021808 0.014830 0.002668 -0.005514 0.003582 -0.014464 -0.013100 -0.013914 -0.014732 -0.014879 -0.015329 -0.019137 -0.016342 -0.016810 -0.015849 -0.016275 0.007077 0.007539 0.008191 -0.016718 0.009764 0.010207 -0.014059 0.011490 -0.020562 0.012659 0.013580 -0.004146 0.002449 -0.004264
-0.016129 -0.020469 -0.018044 -0.017984 -0.017892 -0.017753 -0.017550 -0.017547 -0.017264 -0.016874 -0.016354 -0.015671 -0.014776 -0.013626 -0.012119 -0.010324 -0.007919 -0.005355 -0.001475 0.001081 0.009227 0.009402 0.006865 -0.001214 -0.008141 -0.011099 -0.013430 -0.014767 -0.015885 -0.016604 -0.017188 -0.017373 -0.017247 -0.016969 -0.016979 -0.016466 -0.016203 -0.015462 -0.014506 -0.013659 -0.012361 -0.012517 -0.009857 -0.010509 -0.006735 -0.009367 0.001730 -0.003051 0.003724 -0.008609
-0.020606 -0.020199 -0.019820 -0.019801 -0.019788 -0.019775 -0.019722 -0.019633 -0.019484 -0.019257 -0.018927 -0.018465 -0.017837 -0.017013 -0.015935 -0.014605 -0.012891 -0.011003 -0.008610 -0.006629 -0.003980 -0.003643 -0.006612 -0.011098 -0.014489 -0.017216 -0.018916 -0.020407 -0.021369 -0.022122 -0.022623 -0.022948 -0.023012 -0.022974 -0.022569 -0.022140 -0.021449 -0.020640 -0.019706 -0.018482 -0.017415 -0.015808 -0.014757 -0.013295 -0.011276 -0.011074 -0.004527 -0.005772 -0.005045 -0.008731
-0.021664 -0.021965 -0.021609 -0.021588 -0.021649 -0.021711 -0.021764 -0.021798 -0.021799 -0.021752 -0.021636 -0.021430 -0.021108 -0.020653 -0.020027 -0.019251 -0.018240 -0.017162 -0.015788 -0.015028 -0.013677 -0.014307 -0.016068 -0.019490 -0.022766 -0.025281 -0.027401 -0.029140 -0.030424 -0.031433 -0.032101 -0.032482 -0.032551 -0.032383 -0.031988 -0.031339 -0.030448 -0.029313 -0.027922 -0.026373 -0.024527 -0.022839 -0.020629 -0.019118 -0.014821 -0.012627 -0.008210 -0.009153 -0.007679 -0.001238
-0.023316 -0.023751 -0.023386 -0.023367 -0.023503 -0.023654 -0.023824 -0.023994 -0.024164 -0.024315 -0.024435 -0.024506 -0.024513 -0.024445 -0.024282 -0.024042 -0.023700 -0.023364 -0.022998 -0.022912 -0.023052 -0.023965 -0.025883 -0.028420 -0.030900 -0.033270 -0.035232 -0.036944 -0.038262 -0.039295 -0.039992 -0.040396 -0.040480 -0.040272 -0.039745 -0.038925 -0.037816 -0.036403 -0.034722 -0.032740 -0.030540 -0.028079 -0.025374 -0.022150 -0.018318 -0.015914 -0.011726 -0.011300 0.008230 -0.001885
-0.025054 -0.027710 -0.025134 -0.025117 -0.025332 -0.025578 -0.025878 -0.026197 -0.026547 -0.026911 -0.027282 -0.027646 -0.027995 -0.028322 -0.028619 -0.028903 -0.029168 -0.029489 -0.029858 -0.030499 -0.031326 -0.032721 -0.034653 -0.037055 -0.039520 -0.041821 -0.043888 -0.045711 -0.047170 -0.048330 -0.049121 -0.049571 -0.049655 -0.049386 -0.048757 -0.047767 -0.046415 -0.044703 -0.042636 -0.040236 -0.037485 -0.034473 -0.031059 -0.027196 -0.024708 -0.020144 -0.013412 -0.013956 0.006953 0.020266
-0.026633 -0.027034 -0.026832 -0.026817 -0.027114 -0.027465 -0.027899 -0.028374 -0.028915 -0.029502 -0.030133 -0.030800 -0.031496 -0.032220 -0.032970 -0.033759 -0.034596 -0.035522 -0.036562 -0.037802 -0.039283 -0.041080 -0.043247 -0.045642 -0.048069 -0.050426 -0.052564 -0.054459 -0.056024 -0.057257 -0.058116 -0.058596 -0.058674 -0.058347 -0.057603 -0.056436 -0.054850 -0.052838 -0.050412 -0.047575 -0.044339 -0.040747 -0.036734 -0.032151 -0.027201 -0.022019 -0.016751 -0.016689 -0.011286 0.003112
-0.039030 -0.030980 -0.028455 -0.028439 -0.028818 -0.029283 -0.029854 -0.030494 -0.031233 -0.032050 -0.032949 -0.033922 -0.034968 -0.036087 -0.037280 -0.038557 -0.039928 -0.041416 -0.043043 -0.044852 -0.046860 -0.049099 -0.051568 -0.054175 -0.056795 -0.059306 -0.061617 -0.063676 -0.065398 -0.066766 -0.067727 -0.068265 -0.068354 -0.067979 -0.067129 -0.065793 -0.063967 -0.061648 -0.058838 -0.055550 -0.051777 -0.047574 -0.042852 -0.037542 -0.031872 -0.025733 -0.021990 -0.019600 -0.013004 -0.000360
-0.040839 -0.032460 -0.029977 -0.029968 -0.030446 -0.031010 -0.031713 -0.032526 -0.033467 -0.034519 -0.035688 -0.036970 -0.038366 -0.039876 -0.041505 -0.043258 -0.045144 -0.047174 -0.049361 -0.051716 -0.054250 -0.056944 -0.059788 -0.062693 -0.065569 -0.068325 -0.070867 -0.073130 -0.075042 -0.076562 -0.077642 -0.078252 -0.078362 -0.077951 -0.077002 -0.075500 -0.073439 -0.070812 -0.067620 -0.063876 -0.059577 -0.054791 -0.049465 -0.043325 -0.037018 -0.031339 -0.021466 -0.022652 -0.014141 0.000998
-0.042107 -0.031322 -0.031367 -0.031360 -0.031928 -0.032605 -0.033448 -0.034442 -0.035583 -0.036873 -0.038313 -0.039904 -0.041647 -0.043546 -0.045604 -0.047825 -0.050214 -0.052773 -0.055506 -0.058407 -0.061469 -0.064659 -0.067946 -0.071250 -0.074491 -0.077578 -0.080426 -0.082966 -0.085122 -0.086846 -0.088084 -0.088799 -0.088956 -0.088528 -0.087494 -0.085836 -0.083542 -0.080606 -0.077021 -0.072800 -0.067930 -0.062474 -0.056343 -0.049388 -0.042294 -0.033796 -0.025716 -0.025759 0.002843 0.020295
-0.026687 -0.035036 -0.032592 -0.032613 -0.033278 -0.034056 -0.035049 -0.036205 -0.037551 -0.039076 -0.040787 -0.042685 -0.044774 -0.047058 -0.049541 -0.052226 -0.055115 -0.058205 -0.061490 -0.064952 -0.068570 -0.072300 -0.076093 -0.079873 -0.083554 -0.087054 -0.090279 -0.093158 -0.095612 -0.097585 -0.099018 -0.099870 -0.100100 -0.099677 -0.098575 -0.096773 -0.094255 -0.091013 -0.087033 -0.082333 -0.076887 -0.070776 -0.063891 -0.055914 -0.047531 -0.039166 -0.030906 -0.029392 0.002224 -0.003581
-0.028605 -0.035978 -0.033649 -0.033688 -0.034435 -0.035334 -0.036459 -0.037786 -0.039337 -0.041094 -0.043073 -0.045273 -0.047704 -0.050370 -0.053276 -0.056426 -0.059818 -0.063446 -0.067297 -0.071348 -0.075561 -0.079888 -0.084258 -0.088598 -0.092808 -0.096806 -0.100487 -0.103781 -0.106595 -0.108873 -0.110548 -0.111576 -0.111911 -0.111520 -0.110372 -0.108443 -0.105713 -0.102170 -0.097797 -0.092611 -0.086570 -0.079785 -0.072094 -0.063285 -0.054606 -0.043739 -0.033425 -0.033426 0.000676 -0.004525
-0.044872 -0.036823 -0.034489 -0.034523 -0.035387 -0.036385 -0.037664 -0.039161 -0.040908 -0.042894 -0.045134 -0.047633 -0.050400 -0.053443 -0.056769 -0.060384 -0.064286 -0.068470 -0.072913 -0.077590 -0.082448 -0.087436 -0.092460 -0.097450 -0.102275 -0.106863 -0.111082 -0.114866 -0.118106 -0.120748 -0.122714 -0.123962 -0.124437 -0.124107 -0.122938 -0.120900 -0.117972 -0.114138 -0.109372 -0.103697 -0.097035 -0.089556 -0.080908 -0.071090 -0.060365 -0.049428 -0.039366 -0.037992 -0.001966 -0.005625
-0.032328 -0.036566 -0.035119 -0.035143 -0.036118 -0.037217 -0.038641 -0.040296 -0.042235 -0.044442 -0.046936 -0.049723 -0.052818 -0.056231 -0.059976 -0.064059 -0.068481 -0.073238 -0.078304 -0.083656 -0.089221 -0.094953 -0.100719 -0.106462 -0.112001 -0.117284 -0.122129 -0.126493 -0.130230 -0.133303 -0.135612 -0.137126 -0.137781 -0.137546 -0.136383 -0.134261 -0.131156 -0.127046 -0.121897 -0.115737 -0.108463 -0.100278 -0.090756 -0.080068 -0.068900 -0.057700 -0.041387 -0.042594 -0.036181 -0.000424
-0.047726 -0.034948 -0.035477 -0.035508 -0.036579 -0.037783 -0.039346 -0.041158 -0.043284 -0.045705 -0.048443 -0.051509 -0.054920 -0.058695 -0.062847 -0.067394 -0.072342 -0.077695 -0.083422 -0.089505 -0.095845 -0.102412 -0.109020 -0.115634 -0.121996 -0.128091 -0.133660 -0.138699 -0.143010 -0.146584 -0.149291 -0.151120 -0.151993 -0.151887 -0.150761 -0.148579 -0.145315 -0.140944 -0.135417 -0.128773 -0.120842 -0.111948 -0.101328 -0.089637 -0.076999 -0.062368 -0.047812 -0.048013 -0.005442 0.004867
-0.028571 -0.037394 -0.035580 -0.035619 -0.036773 -0.038073 -0.039762 -0.041724 -0.044026 -0.046650 -0.049620 -0.052951 -0.056662 -0.060783 -0.065333 -0.070343 -0.075825 -0.081793 -0.088210 -0.095087 -0.102291 -0.109834 -0.117405 -0.125052 -0.132358 -0.139420 -0.145814 -0.151644 -0.156605 -0.160757 -0.163914 -0.166110 -0.167243 -0.167306 -0.166255 -0.164047 -0.160661 -0.156061 -0.150188 -0.143086 -0.134553 -0.124904 -0.113335 -0.100834 -0.086087 -0.072464 -0.055450 -0.054253 -0.031766 -0.004484
-0.034169 -0.036812 -0.035372 -0.035422 -0.036646 -0.038048 -0.039859 -0.041966 -0.044433 -0.047248 -0.050430 -0.054003 -0.057991 -0.062433 -0.067362 -0.072823 -0.078834 -0.085434 -0.092577 -0.100315 -0.108446 -0.117043 -0.125737 -0.134576 -0.142991 -0.151168 -0.158522 -0.165264 -0.170966 -0.175774 -0.179435 -0.182039 -0.183469 -0.183732 -0.182780 -0.180569 -0.177083 -0.172276 -0.166065 -0.158530 -0.149320 -0.139031 -0.126280 -0.111998 -0.097209 -0.079180 -0.060809 -0.061194 -0.011122 0.004100
-0.033553 -0.035974 -0.034849 -0.034903 -0.036191 -0.037694 -0.039619 -0.041864 -0.044487 -0.047479 -0.050852 -0.054641 -0.058870 -0.063598 -0.068868 -0.074754 -0.081285 -0.088541 -0.096462 -0.105180 -0.114347 -0.124328 -0.134221 -0.144630 -0.154227 -0.163831 -0.172198 -0.180021 -0.186521 -0.192077 -0.196272 -0.199351 -0.201112 -0.201633 -0.200845 -0.198690 -0.195177 -0.190237 -0.183768 -0.175880 -0.166126 -0.155102 -0.140948 -0.127050 -0.108452 -0.092035 -0.072374 -0.069666 -0.013709 -0.004125
-0.029854 -0.034671 -0.033991 -0.034046 -0.035400 -0.036987 -0.039019 -0.041396 -0.044159 -0.047317 -0.050853 -0.054825 -0.059249 -0.064213 -0.069767 -0.076017 -0.083012 -0.090885 -0.099578 -0.109296 -0.119659 -0.130836 -0.142425 -0.154191 -0.165566 -0.176560 -0.186378 -0.195386 -0.202851 -0.209182 -0.213985 -0.217460 -0.219596 -0.220372 -0.219722 -0.217624 -0.214073 -0.209008 -0.202282 -0.194084 -0.183729 -0.172064 -0.157390 -0.140155 -0.122368 -0.100952 -0.078242 -0.078779 -0.019275 -0.029220
-0.031258 -0.032165 -0.032750 -0.032806 -0.034229 -0.035905 -0.038044 -0.040547 -0.043447 -0.046753 -0.050429 -0.054540 -0.059102 -0.064237 -0.070008 -0.076573 -0.084002 -0.092507 -0.101989 -0.112877 -0.124479 -0.138077 -0.150861 -0.165916 -0.177913 -0.191447 -0.202190 -0.212695 -0.221159 -0.228364 -0.233761 -0.237824 -0.240316 -0.241530 -0.241147 -0.239223 -0.235806 -0.230795 -0.223957 -0.215719 -0.204634 -0.192975 -0.175292 -0.161025 -0.139597 -0.118583 -0.114923 -0.084909 -0.063932 0.014427
-0.026923 -0.029495 -0.031134 -0.031200 -0.032667 -0.034429 -0.036664 -0.039304 -0.042321 -0.045791 -0.049557 -0.053762 -0.058366 -0.063562 -0.069410 -0.076140 -0.083841 -0.092812 -0.103010 -0.114939 -0.128008 -0.142807 -0.158459 -0.174704 -0.190343 -0.204614 -0.218109 -0.229261 -0.239955 -0.247192 -0.254067 -0.257424 -0.261177 -0.262388 -0.262156 -0.260329 -0.256879 -0.251821 -0.244857 -0.236332 -0.225191 -0.211692 -0.196188 -0.176019 -0.155822 -0.130503 -0.103982 -0.103115 -0.029427 -0.022700
-0.040116 -0.029395 -0.029129 -0.029209 -0.030713 -0.032545 -0.034886 -0.037655 -0.040832 -0.044449 -0.048319 -0.052539 -0.057104 -0.062252 -0.068064 -0.074852 -0.082767 -0.092219 -0.103194 -0.116672 -0.131311 -0.149715 -0.166555 -0.189652 -0.203302 -0.226525 -0.235516 -0.254212 -0.260730 -0.272251 -0.276571 -0.284064 -0.285785 -0.288216 -0.288338 -0.286940 -0.283870 -0.279219 -0.272109 -0.264703 -0.251199 -0.241544 -0.219861 -0.206590 -0.177062 -0.157489 -0.123130 -0.124533 -0.040289 -0.021587
-0.024721 -0.026377 -0.026685 -0.026754 -0.028302 -0.030210 -0.032629 -0.035592 -0.038877 -0.042785 -0.046658 -0.050874 -0.055214 -0.060127 -0.065604 -0.072096 -0.079746 -0.089074 -0.100304 -0.114297 -0.130591 -0.151140 -0.171891 -0.197367 -0.217091 -0.238861 -0.253841 -0.270987 -0.282234 -0.292241 -0.299108 -0.304276 -0.308053 -0.310126 -0.310532 -0.308953 -0.305797 -0.300806 -0.294147 -0.285214 -0.274483 -0.260677 -0.244689 -0.224201 -0.200742 -0.172245 -0.140349 -0.138353 -0.050356 -0.033539
-0.020282 -0.022864 -0.023788 -0.023877 -0.025460 -0.027391 -0.029957 -0.033060 -0.036675 -0.040834 -0.044930 -0.048936 -0.052964 -0.057450 -0.062470 -0.068514 -0.076050 -0.085179 -0.097236 -0.112070 -0.131259 -0.155523 -0.181458 -0.217094 -0.238041 -0.269976 -0.279130 -0.306781 -0.312854 -0.326378 -0.328912 -0.338974 -0.338772 -0.343088 -0.343395 -0.342510 -0.340514 -0.337043 -0.330820 -0.325236 -0.312498 -0.304890 -0.282219 -0.269176 -0.234495 -0.213642 -0.172279 -0.178893 -0.073268 -0.010527
-0.016359 -0.018805 -0.020463 -0.020487 -0.022065 -0.024049 -0.026618 -0.030051 -0.033818 -0.038845 -0.042892 -0.046821 -0.050143 -0.053959 -0.057921 -0.062930 -0.068935 -0.076993 -0.087405 -0.102199 -0.120467 -0.148978 -0.178909 -0.223264 -0.249935 -0.279792 -0.296979 -0.318333 -0.334628 -0.341440 -0.349373 -0.354186 -0.356898 -0.360272 -0.360943 -0.360180 -0.358008 -0.354209 -0.349203 -0.341629 -0.333457 -0.320419 -0.306695 -0.287405 -0.264340 -0.234834 -0.199122 -0.191487 -0.088341 -0.042422
-0.015036 -0.018309 -0.016603 -0.016772 -0.018240 -0.020104 -0.022828 -0.026361 -0.030939 -0.036813 -0.041841 -0.044956 -0.047428 -0.050176 -0.052863 -0.056622 -0.062355 -0.067883 -0.078227 -0.090162 -0.111659 -0.142236 -0.190863 -0.247213 -0.294640 -0.329687 -0.354046 -0.379541 -0.390103 -0.400216 -0.401645 -0.410915 -0.410220 -0.414740 -0.414497 -0.415039 -0.414503 -0.411891 -0.408533 -0.402856 -0.395245 -0.386625 -0.370818 -0.356513 -0.327915 -0.300389 -0.255549 -0.265352 -0.159357 -0.053208
-0.010677 -0.014266 -0.012363 -0.012364 -0.013686 -0.015412 -0.017807 -0.021671 -0.026734 -0.035448 -0.040903 -0.043558 -0.044351 -0.045972 -0.046909 -0.048984 -0.050726 -0.054187 -0.060162 -0.068461 -0.084056 -0.118770 -0.174787 -0.268269 -0.309818 -0.349646 -0.368330 -0.387421 -0.398574 -0.404926 -0.408560 -0.412333 -0.414091 -0.420216 -0.419533 -0.420648 -0.421214 -0.420666 -0.419212 -0.413436 -0.409425 -0.399326 -0.391138 -0.374542 -0.361533 -0.332798 -0.305456 -0.284188 -0.140590 -0.092965
-0.006749 -0.009568 -0.007375 -0.008286 -0.008744 -0.010344 -0.012638 -0.016289 -0.022533 -0.035013 -0.044345 -0.044218 -0.042170 -0.041908 -0.040840 -0.040248 -0.040456 -0.038938 -0.042033 -0.039074 -0.050358 -0.074786 -0.167004 -0.302573 -0.391083 -0.421198 -0.457487 -0.475419 -0.492302 -0.490898 -0.485616 -0.482511 -0.480673 -0.476409 -0.478813 -0.480724 -0.480454 -0.480081 -0.477890 -0.477517 -0.471905 -0.471436 -0.463865 -0.456555 -0.444705 -0.420782 -0.407773 -0.409334 -0.259464 -0.121536
-0.001899 -0.000585 -0.003146 0.000726 -0.004392 -0.001966 -0.002242 -0.006639 -0.004536 -0.024941 -0.051780 -0.045856 -0.041014 -0.038046 -0.034801 -0.031921 -0.027941 -0.023402 -0.014559 -0.002724 0.014317 -0.022805 0.085102 -0.503920 -0.508900 -0.531784 -0.530516 -0.543474 -0.532611 -0.533041 -0.525534 -0.523386 -0.518351 -0.524577 -0.482998 -0.525741 -0.525654 -0.531440 -0.535464 -0.483020 -0.537217 -0.529358 -0.537074 -0.536749 -0.509955 -0.531533 -0.532629 -0.503995 -0.490355 -0.203013
-0.000115 -0.000768 -0.000623 -0.000850 -0.000945 -0.000203 -0.001661 0.001843 -0.007291 -0.078666 -0.056452 -0.044430 -0.038242 -0.033350 -0.028979 -0.023883 -0.018602 -0.008892 0.002556 0.024921 0.059991 0.165888 0.099204 -0.498931 -0.504750 -0.503425 -0.520475 -0.516815 -0.492640 -0.530590 -0.523420 -0.513235 -0.509371 -0.508833 -0.508682 -0.495098 -0.514336 -0.507749 -0.524123 -0.513098 -0.516802 -0.516598 -0.513378 -0.510095 -0.494962 -0.494044 -0.556040 -0.510313 -0.512222 -0.499979
0.000000 0.000000 0.000000 0.000000 0.000000 0.000000 0.000000 0.000000 0.000000 -0.070171 -0.048963 -0.037758 -0.033344 -0.028073 -0.023508 -0.017937 -0.011664 -0.003174 0.008315 0.026801 0.047362 0.094361 0.102431 0.000000 0.000000 0.000000 0.000000 0.000000 0.000000 0.000000 0.000000 0.000000 0.000000 0.000000 0.000000 0.000000 0.000000 0.000000 0.000000 0.000000 0.000000 0.000000 0.000000 0.000000 0.000000 0.000000 0.000000 0.000000 0.000000 0.000000
0.000000 0.000000 0.000000 0.000000 0.000000 0.000000 0.000000 0.000000 0.000000 -0.037397 -0.039365 -0.030987 -0.027640 -0.022926 -0.018411 -0.012782 -0.006363 0.002350 0.012048 0.027170 0.040661 0.084763 0.099663 0.000000 0.000000 0.000000 0.000000 0.000000 0.000000 0.000000 0.000000 0.000000 0.000000 0.000000 0.000000 0.000000 0.000000 0.000000 0.000000 0.000000 0.000000 0.000000 0.000000 0.000000 0.000000 0.000000 0.000000 0.000000 0.000000 0.000000
0.000000 0.000000 0.000000 0.000000 0.000000 0.000000 0.000000 0.000000 0.000000 -0.032723 -0.034425 -0.024796 -0.022275 -0.018355 -0.014369 -0.009413 -0.003830 0.003203 0.011208 0.022161 0.031103 0.047881 0.053758 0.000000 0.000000 0.000000 0.000000 0.000000 0.000000 0.000000 0.000000 0.000000 0.000000 0.000000 0.000000 0.000000 0.000000 0.000000 0.000000 0.000000 0.000000 0.000000 0.000000 0.000000 0.000000 0.000000 0.000000 0.000000 0.000000 0.000000
0.000000 0.000000 0.000000 0.000000 0.000000 0.000000 0.000000 0.000000 0.000000 -0.026320 -0.025387 -0.019108 -0.017212 -0.014012 -0.010673 -0.006464 -0.001724 0.004066 0.010471 0.017923 0.023687 0.033546 0.028872 0.000000 0.000000 0.000000 0.000000 0.000000 0.000000 0.000000 0.000000 0.000000 0.000000 0.000000 0.000000 0.000000 0.000000 0.000000 0.000000 0.000000 0.000000 0.000000 0.000000 0.000000 0.000000 0.000000 0.000000 0.000000 0.000000 0.000000
0.000000 0.000000 0.000000 0.000000 0.000000 0.000000 0.000000 0.000000 0.000000 -0.012469 -0.019043 -0.014697 -0.013307 -0.010764 -0.008029 -0.004655 -0.000891 0.003513 0.008245 0.013654 0.017638 0.027298 0.027440 0.000000 0.000000 0.000000 0.000000 0.000000 0.000000 0.000000 0.000000 0.000000 0.000000 0.000000 0.000000 0.000000 0.000000 0.000000 0.000000 0.000000 0.000000 0.000000 0.000000 0.000000 0.000000 0.000000 0.000000 0.000000 0.000000 0.000000
0.000000 0.000000 0.000000 0.000000 0.000000 0.000000 0.000000 0.000000 0.000000 -0.011926 -0.013981 -0.010152 -0.009159 -0.007458 -0.005388 -0.002983 -0.000240 0.002869 0.006227 0.009636 0.012029 0.018671 0.019267 0.000000 0.000000 0.000000 0.000000 0.000000 0.000000 0.000000 0.000000 0.000000 0.000000 0.000000 0.000000 0.000000 0.000000 0.000000 0.000000 0.000000 0.000000 0.000000 0.000000 0.000000 0.000000 0.000000 0.000000 0.000000 0.000000 0.000000
0.000000 0.000000 0.000000 0.000000 0.000000 0.000000 0.000000 0.000000 0.000000 -0.007949 -0.008440 -0.010232 -0.008818 -0.007116 -0.005188 -0.002842 -0.000215 0.002770 0.005996 0.009398 0.012658 0.011483 0.010481 0.000000 0.000000 0.000000 0.000000 0.000000 0.000000 0.000000 0.000000 0.000000 0.000000 0.000000 0.000000 0.000000 0.000000 0.000000 0.000000 0.000000 0.000000 0.000000 0.000000 0.000000 0.000000 0.000000 0.000000 0.000000 0.000000 0.000000
0.000000 0.000000 0.000000 0.000000 0.000000 0.000000 0.000000 0.000000 0.000000 -0.006348 -0.006793 -0.003143 -0.002027 -0.004107 -0.003124 -0.002759 -0.001675 -0.000341 0.001878 0.003222 0.004820 0.008551 0.008312 0.000000 0.000000 0.000000 0.000000 0.000000 0.000000 0.000000 0.000000 0.000000 0.000000 0.000000 0.000000 0.000000 0.000000 0.000000 0.000000 0.000000 0.000000 0.000000 0.000000 0.000000 0.000000 0.000000 0.000000 0.000000 0.000000 0.000000
0.000000 0.000000 0.000000 0.000000 0.000000 0.000000 0.000000 0.000000 0.000000 -0.000605 -0.000826 0.000240 0.000063 -0.001313 0.000879 0.001020 0.004494 0.001810 0.000923 0.001048 0.000257 0.000285 0.001143 0.000000 0.000000 0.000000 0.000000 0.000000 0.000000 0.000000 0.000000 0.000000 0.000000 0.000000 0.000000 0.000000 0.000000 0.000000 0.000000 0.000000 0.000000 0.000000 0.000000 0.000000 0.000000 0.000000 0.000000 0.000000 0.000000 0.000000
