0.000298 0.001618 0.003286 0.004713 0.005743 0.006119 0.008693 0.009690 0.009515 0.007138 0.010497 0.012274 0.012797 0.012224 0.017528 0.010739 0.015375 0.009179 0.010852 0.007073 0.005343 0.001454 0.000466 0.000000 0.000000 0.000000 0.000000 0.000000 0.000000 0.000000 0.000000 0.000000 0.000000 0.000000 0.000000 0.000000 0.000000 0.000000 0.000000 0.000000 0.000000 0.000000 0.000000 0.000000 0.000000 0.000000 0.000000 0.000000 0.000000 0.000000
0.000389 0.002606 0.003699 0.004990 0.006348 0.007760 0.009052 0.010100 0.011290 0.012231 0.012865 0.012589 0.013841 0.013932 0.013772 0.013304 0.012498 0.011007 0.009061 0.007059 0.005081 0.001245 0.000514 0.000000 0.000000 0.000000 0.000000 0.000000 0.000000 0.000000 0.000000 0.000000 0.000000 0.000000 0.000000 0.000000 0.000000 0.000000 0.000000 0.000000 0.000000 0.000000 0.000000 0.000000 0.000000 0.000000 0.000000 0.000000 0.000000 0.000000
0.000223 0.001933 0.003964 0.005353 0.005413 0.006690 0.007961 0.009147 0.010249 0.011257 0.012139 0.012869 0.013419 0.013745 0.013828 0.013567 0.013001 0.011902 0.010507 0.008240 0.006112 0.001479 -0.000136 0.000000 0.000000 0.000000 0.000000 0.000000 0.000000 0.000000 0.000000 0.000000 0.000000 0.000000 0.000000 0.000000 0.000000 0.000000 0.000000 0.000000 0.000000 0.000000 0.000000 0.000000 0.000000 0.000000 0.000000 0.000000 0.000000 0.000000
0.000992 0.001374 0.003954 0.004056 0.005500 0.006711 0.008006 0.009162 0.010283 0.011278 0.012176 0.012911 0.013471 0.013803 0.013894 0.013644 0.013091 0.011977 0.010690 0.008420 0.006735 0.001687 0.002347 0.000000 0.000000 0.000000 0.000000 0.000000 0.000000 0.000000 0.000000 0.000000 0.000000 0.000000 0.000000 0.000000 0.000000 0.000000 0.000000 0.000000 0.000000 0.000000 0.000000 0.000000 0.000000 0.000000 0.000000 0.000000 0.000000 0.000000
-0.000741 0.002349 0.004069 0.004154 0.005667 0.006901 0.008275 0.009468 0.010696 0.011761 0.012782 0.013629 0.014328 0.014804 0.015056 0.014911 0.014537 0.013503 0.012240 0.009830 0.007694 0.004076 0.000386 0.000000 0.000000 0.000000 0.000000 0.000000 0.000000 0.000000 0.000000 0.000000 0.000000 0.000000 0.000000 0.000000 0.000000 0.000000 0.000000 0.000000 0.000000 0.000000 0.000000 0.000000 0.000000 0.000000 0.000000 0.000000 0.000000 0.000000
0.000372 0.001266 0.004146 0.004277 0.005787 0.007122 0.008518 0.009840 0.011123 0.012327 0.013449 0.014448 0.015306 0.015971 0.016408 0.016515 0.016250 0.015424 0.014155 0.011730 0.009354 0.002874 -0.002855 0.000000 0.000000 0.000000 0.000000 0.000000 0.000000 0.000000 0.000000 0.000000 0.000000 0.000000 0.000000 0.000000 0.000000 0.000000 0.000000 0.000000 0.000000 0.000000 0.000000 0.000000 0.000000 0.000000 0.000000 0.000000 0.000000 0.000000
0.000281 0.001460 0.004311 0.004414 0.006025 0.007387 0.008896 0.010258 0.011681 0.012984 0.014278 0.015454 0.016525 0.017436 0.018145 0.018554 0.018638 0.018043 0.017096 0.014437 0.012109 0.004357 0.000718 0.000000 0.000000 0.000000 0.000000 0.000000 0.000000 0.000000 0.000000 0.000000 0.000000 0.000000 0.000000 0.000000 0.000000 0.000000 0.000000 0.000000 0.000000 0.000000 0.000000 0.000000 0.000000 0.000000 0.000000 0.000000 0.000000 0.000000
0.000264 0.001325 0.004406 0.004562 0.006202 0.007659 0.009213 0.010728 0.012242 0.013721 0.015171 0.016562 0.017881 0.019087 0.020145 0.020949 0.021489 0.021394 0.020915 0.018496 0.015969 0.007889 0.000666 0.000000 0.000000 0.000000 0.000000 0.000000 0.000000 0.000000 0.000000 0.000000 0.000000 0.000000 0.000000 0.000000 0.000000 0.000000 0.000000 0.000000 0.000000 0.000000 0.000000 0.000000 0.000000 0.000000 0.000000 0.000000 0.000000 0.000000
0.001014 0.001195 0.004563 0.004704 0.006441 0.007946 0.009624 0.011197 0.012864 0.014478 0.016132 0.017755 0.019361 0.020915 0.022392 0.023711 0.024828 0.025434 0.025737 0.023907 0.023483 0.015942 0.003554 0.000000 0.000000 0.000000 0.000000 0.000000 0.000000 0.000000 0.000000 0.000000 0.000000 0.000000 0.000000 0.000000 0.000000 0.000000 0.000000 0.000000 0.000000 0.000000 0.000000 0.000000 0.000000 0.000000 0.000000 0.000000 0.000000 0.000000
0.000953 0.001077 0.004709 0.004850 0.006622 0.008215 0.009953 0.011676 0.013455 0.015252 0.017098 0.018972 0.020894 0.022830 0.024814 0.026708 0.028811 0.030309 0.032735 0.032012 0.034992 0.028774 0.007147 0.000000 0.000000 0.000000 0.000000 0.000000 0.000000 0.000000 0.000000 0.000000 0.000000 0.000000 0.000000 0.000000 0.000000 0.000000 0.000000 0.000000 0.000000 0.000000 0.000000 0.000000 0.000000 0.000000 0.000000 0.000000 0.000000 0.000000
-0.002821 0.000928 0.004806 0.004963 0.006823 0.008461 0.010315 0.012111 0.014033 0.015987 0.018020 0.020158 0.022391 0.024737 0.027244 0.029928 0.032889 0.036021 0.040080 0.043025 0.052647 0.085518 0.127334 0.121400 0.125770 0.115764 0.119992 0.126854 0.149838 0.157334 0.165032 0.175180 0.183679 0.188715 0.196508 0.208686 0.214850 0.216510 0.227536 0.230895 0.237985 0.243680 0.255435 0.257402 0.258131 0.263794 0.264641 0.260943 0.268788 0.265776
0.000618 0.003672 0.004907 0.005057 0.006959 0.008666 0.010584 0.012488 0.014521 0.016626 0.018865 0.021229 0.023774 0.026493 0.029509 0.032670 0.036872 0.040480 0.047545 0.051276 0.067476 0.084453 0.114719 0.119047 0.119814 0.133442 0.142122 0.149406 0.157321 0.165974 0.173444 0.171467 0.189870 0.198362 0.207468 0.212304 0.212749 0.220423 0.227716 0.237077 0.241823 0.246835 0.254520 0.256980 0.259898 0.265321 0.269324 0.267853 0.272099 0.257525
0.001445 0.003763 0.004587 0.006437 0.008367 0.010376 0.012484 0.012597 0.014705 0.017035 0.019495 0.022120 0.024942 0.028023 0.031418 0.035186 0.039595 0.044614 0.050857 0.058568 0.069398 0.084126 0.099272 0.108961 0.115338 0.121490 0.128090 0.135296 0.142560 0.150262 0.158046 0.165916 0.173890 0.181693 0.189522 0.197287 0.204775 0.212188 0.218964 0.225860 0.231628 0.237949 0.242632 0.247966 0.249597 0.258340 0.253326 0.260406 0.246253 0.256597
-0.000798 0.004100 0.004989 0.005129 0.007129 0.008890 0.010931 0.012962 0.015185 0.017524 0.020065 0.022811 0.025827 0.029144 0.032874 0.037023 0.041851 0.047240 0.053792 0.061106 0.070492 0.083352 0.095473 0.106056 0.113712 0.120881 0.128457 0.135963 0.143654 0.151582 0.159545 0.167611 0.175734 0.183924 0.192001 0.199926 0.207623 0.215089 0.222189 0.229047 0.235300 0.241435 0.245925 0.252213 0.253013 0.262772 0.254244 0.263815 0.276828 0.237155
-0.001298 0.004237 0.004972 0.005107 0.007117 0.008882 0.010948 0.013017 0.015295 0.017710 0.020349 0.023221 0.026390 0.029896 0.033827 0.038234 0.043280 0.049009 0.055690 0.063335 0.072126 0.082328 0.092676 0.101900 0.110354 0.118400 0.126327 0.134347 0.142423 0.150669 0.158985 0.167377 0.175779 0.184155 0.192433 0.200609 0.208531 0.216258 0.223518 0.230639 0.236851 0.243225 0.247710 0.253135 0.254227 0.258827 0.253382 0.266604 0.275958 0.276655
-0.001389 0.004349 0.004909 0.005033 0.007023 0.008778 0.010844 0.012926 0.015230 0.017687 0.020386 0.023338 0.026604 0.030225 0.034276 0.038811 0.043941 0.049709 0.056303 0.063655 0.071891 0.081019 0.090400 0.099458 0.107965 0.116260 0.124616 0.132956 0.141373 0.149914 0.158502 0.167165 0.175836 0.184491 0.193047 0.201467 0.209648 0.217614 0.225127 0.232436 0.238826 0.245319 0.249459 0.254804 0.253318 0.268063 0.255159 0.269551 0.262537 0.277363
0.000216 0.004087 0.004782 0.004900 0.006844 0.008576 0.010608 0.012677 0.014974 0.017439 0.020158 0.023142 0.026452 0.030127 0.034230 0.038816 0.043957 0.049711 0.056137 0.063271 0.071064 0.079490 0.088228 0.096900 0.105514 0.114075 0.122662 0.131325 0.140078 0.148944 0.157886 0.166891 0.175905 0.184890 0.193779 0.202538 0.211053 0.219350 0.227177 0.234816 0.241507 0.248371 0.253115 0.259205 0.260734 0.268384 0.262380 0.273601 0.266722 0.276533
0.000227 0.004506 0.004586 0.004702 0.006572 0.008257 0.010231 0.012257 0.014516 0.016953 0.019652 0.022625 0.025928 0.029601 0.033696 0.038263 0.043355 0.049019 0.055292 0.062187 0.069666 0.077688 0.086064 0.094592 0.103203 0.111896 0.120731 0.129680 0.138758 0.147966 0.157263 0.166633 0.176022 0.185390 0.194667 0.203810 0.212713 0.221392 0.229593 0.237585 0.244585 0.251725 0.256541 0.262621 0.263303 0.270631 0.262119 0.278583 0.291442 0.258189
-0.005587 0.004026 0.004327 0.004434 0.006201 0.007835 0.009706 0.011663 0.013847 0.016222 0.018861 0.021781 0.025032 0.028653 0.032691 0.037191 0.042195 0.047745 0.053857 0.060550 0.067785 0.075525 0.083666 0.092079 0.100733 0.109583 0.118633 0.127870 0.137283 0.146855 0.156551 0.166335 0.176155 0.185964 0.195690 0.205290 0.214651 0.223788 0.232439 0.240886 0.248329 0.255952 0.261317 0.268079 0.269979 0.278265 0.273662 0.284113 0.297129 0.290947
-0.005995 0.003936 0.003985 0.004091 0.005754 0.007277 0.009029 0.010881 0.012962 0.015239 0.017782 0.020607 0.023764 0.027289 0.031226 0.035616 0.040497 0.045905 0.051858 0.058370 0.065420 0.072980 0.080988 0.089366 0.098074 0.107076 0.116363 0.125902 0.135671 0.145640 0.155767 0.166009 0.176310 0.186616 0.196854 0.206973 0.216858 0.226520 0.235689 0.244643 0.252556 0.260622 0.266283 0.273307 0.274550 0.286837 0.278282 0.291114 0.305107 0.289218
-0.006264 0.004365 0.003585 0.003674 0.005172 0.006564 0.008189 0.009911 0.011857 0.014002 0.016412 0.019105 0.022127 0.025515 0.029310 0.033553 0.038281 0.043529 0.049316 0.055662 0.062557 0.069988 0.077918 0.086299 0.095101 0.104287 0.113830 0.123697 0.133853 0.144258 0.154863 0.165616 0.176458 0.187325 0.198143 0.208854 0.219340 0.229606 0.239373 0.248924 0.257407 0.266031 0.272188 0.279562 0.281466 0.288784 0.280850 0.298672 0.293427 0.302335
0.000877 0.003405 0.003073 0.003157 0.004509 0.005719 0.007210 0.008749 0.010535 0.012512 0.014753 0.017275 0.020123 0.023334 0.026948 0.031008 0.035550 0.040614 0.046226 0.052409 0.059169 0.066505 0.074398 0.082821 0.091748 0.101143 0.110978 0.121208 0.131793 0.142680 0.153816 0.165139 0.176582 0.188079 0.199547 0.210925 0.222089 0.233042 0.243493 0.253730 0.262875 0.272175 0.278970 0.287118 0.289496 0.302444 0.295546 0.307498 0.302960 0.319708
0.001148 0.003359 0.002546 0.002626 0.003745 0.004782 0.006043 0.007409 0.008991 0.010771 0.012807 0.015121 0.017756 0.020750 0.024144 0.027981 0.032304 0.037156 0.042571 0.048584 0.055211 0.062467 0.070347 0.078839 0.087922 0.097564 0.107728 0.118366 0.129428 0.140854 0.152581 0.164538 0.176653 0.188852 0.201048 0.213174 0.225100 0.236827 0.248051 0.259067 0.268957 0.279000 0.286439 0.295062 0.298066 0.307438 0.299365 0.317451 0.312355 0.330669
-0.008309 0.003293 0.001918 0.001955 0.002873 0.003683 0.004734 0.005881 0.007236 0.008784 0.010582 0.012651 0.015034 0.017768 0.020898 0.024471 0.028534 0.033138 0.038327 0.044149 0.050632 0.057811 0.065690 0.074274 0.083542 0.093466 0.104006 0.115104 0.126703 0.138729 0.151115 0.163778 0.176641 0.189620 0.202626 0.215585 0.228362 0.240957 0.253049 0.264952 0.275694 0.286630 0.294869 0.304385 0.308322 0.319518 0.314891 0.328581 0.322791 0.343761
-0.001514 -0.002381 0.001245 0.001265 0.001892 0.002481 0.003273 0.004173 0.005268 0.006556 0.008082 0.009870 0.011961 0.014394 0.017216 0.020477 0.024232 0.028540 0.033459 0.039056 0.045371 0.052460 0.060339 0.069030 0.078513 0.088761 0.099729 0.111345 0.123549 0.136249 0.149370 0.162817 0.176510 0.190354 0.204256 0.218140 0.231862 0.245427 0.258490 0.271399 0.283088 0.295103 0.304066 0.315111 0.318920 0.334768 0.326281 0.341164 0.336535 0.342847
0.005063 0.002978 0.000491 0.000500 0.000808 0.001162 0.001660 0.002288 0.003089 0.004083 0.005299 0.006772 0.008535 0.010627 0.013096 0.015993 0.019382 0.023341 0.027933 0.033252 0.039348 0.046323 0.054191 0.063001 0.072728 0.083345 0.094804 0.107008 0.119897 0.133351 0.147296 0.161612 0.176224 0.191020 0.205911 0.220814 0.235578 0.250216 0.264356 0.278381 0.291143 0.304268 0.314281 0.325919 0.330910 0.341949 0.334543 0.355264 0.351294 0.358959
-0.002118 0.002883 -0.000337 -0.000336 -0.000372 -0.000275 -0.000096 0.000239 0.000720 0.001392 0.002269 0.003383 0.004766 0.006459 0.008508 0.010986 0.013952 0.017503 0.021705 0.026682 0.032508 0.039311 0.047137 0.056071 0.066070 0.077109 0.089130 0.102003 0.115670 0.129973 0.144839 0.160119 0.175746 0.191589 0.207567 0.223589 0.239498 0.255326 0.270661 0.285972 0.299905 0.314601 0.325346 0.340084 0.344296 0.364106 0.356985 0.370742 0.395642 0.389815
-0.001448 0.002321 -0.001196 -0.001207 -0.001617 -0.001815 -0.001982 -0.001969 -0.001832 -0.001508 -0.000998 -0.000272 0.000695 0.001940 0.003510 0.005478 0.007913 0.010939 0.014639 0.019216 0.024695 0.031297 0.039022 0.048083 0.058387 0.069910 0.082595 0.096229 0.110793 0.126049 0.141948 0.158287 0.175032 0.192012 0.209174 0.226411 0.243567 0.260692 0.277334 0.294018 0.309322 0.325275 0.337712 0.351781 0.359279 0.372840 0.366059 0.388839 0.386730 0.384809
-0.001457 0.001902 -0.002151 -0.002205 -0.002979 -0.003481 -0.004008 -0.004334 -0.004562 -0.004605 -0.004486 -0.004176 -0.003662 -0.002911 -0.001880 -0.000494 0.001319 0.003718 0.006775 0.010780 0.015758 0.022085 0.029756 0.038913 0.049542 0.061621 0.075063 0.089578 0.105174 0.121514 0.138582 0.156091 0.174058 0.192283 0.210735 0.229290 0.247796 0.266350 0.284410 0.302720 0.319402 0.337613 0.350407 0.370095 0.375450 0.399616 0.392943 0.408151 0.407676 0.429343
-0.001009 0.001353 -0.003131 -0.003221 -0.004395 -0.005234 -0.006146 -0.006835 -0.007449 -0.007880 -0.008173 -0.008305 -0.008278 -0.008072 -0.007650 -0.006937 -0.005871 -0.004235 -0.002006 0.001294 0.005464 0.011578 0.018698 0.028317 0.039358 0.052052 0.066461 0.081940 0.098757 0.116311 0.134683 0.153453 0.172755 0.192283 0.212122 0.232084 0.252025 0.272107 0.291695 0.311667 0.330098 0.349586 0.365386 0.382211 0.393832 0.410770 0.406840 0.430710 0.428412 0.444402
0.000149 -0.004777 -0.004178 -0.004293 -0.005900 -0.007086 -0.008404 -0.009464 -0.010477 -0.011298 -0.012000 -0.012583 -0.013066 -0.013453 -0.013720 -0.013779 -0.013584 -0.012863 -0.011627 -0.009283 -0.005945 -0.000711 0.006345 0.015753 0.027377 0.041096 0.056481 0.073137 0.091424 0.110279 0.130320 0.150308 0.171157 0.192164 0.213488 0.234944 0.256417 0.278146 0.299336 0.321266 0.341086 0.363793 0.378858 0.404997 0.420838 0.443948 0.444399 0.458392 0.458477 0.469760
-0.001073 -0.000620 -0.005291 -0.005442 -0.007477 -0.009033 -0.010774 -0.012226 -0.013645 -0.014852 -0.015948 -0.016968 -0.017969 -0.018979 -0.020004 -0.020964 -0.021850 -0.022288 -0.022442 -0.021125 -0.019273 -0.014105 -0.009096 0.001950 0.012817 0.028408 0.045148 0.063180 0.083718 0.103390 0.125317 0.146204 0.169492 0.191345 0.214415 0.237419 0.260448 0.283959 0.306755 0.330593 0.352717 0.375235 0.397004 0.416351 0.436299 0.457042 0.464900 0.483548 0.486070 0.505303
0.003795 -0.000820 -0.006446 -0.006645 -0.009122 -0.011066 -0.013266 -0.015112 -0.016955 -0.018527 -0.019963 -0.021383 -0.022856 -0.024484 -0.026278 -0.028194 -0.030258 -0.032071 -0.033842 -0.034411 -0.034134 -0.031134 -0.024902 -0.016081 -0.001727 0.013161 0.031973 0.051721 0.073613 0.096094 0.119070 0.142896 0.166885 0.190801 0.215556 0.240141 0.264855 0.290101 0.314339 0.340749 0.363301 0.392250 0.411351 0.444545 0.455653 0.496016 0.489876 0.513413 0.523334 0.525641
-0.001230 -0.001367 -0.007612 -0.007865 -0.010789 -0.013190 -0.015870 -0.018163 -0.020432 -0.022333 -0.024033 -0.025748 -0.027676 -0.029930 -0.032592 -0.035651 -0.039194 -0.042683 -0.046866 -0.049126 -0.052759 -0.049633 -0.049037 -0.035576 -0.024212 -0.003368 0.015585 0.039332 0.064272 0.087957 0.114745 0.137712 0.165904 0.189461 0.216652 0.242042 0.268170 0.294873 0.321190 0.348485 0.375484 0.402660 0.431272 0.457024 0.484702 0.513586 0.528002 0.550564 0.561590 0.597772
-0.000093 -0.002266 -0.008830 -0.009122 -0.012568 -0.015382 -0.018636 -0.021353 -0.024128 -0.026299 -0.028045 -0.029933 -0.032104 -0.034866 -0.038223 -0.042318 -0.047212 -0.052594 -0.058849 -0.064694 -0.070233 -0.072979 -0.070884 -0.062107 -0.044092 -0.024243 -0.000148 0.023851 0.051912 0.079326 0.106199 0.133773 0.160726 0.187901 0.215453 0.243025 0.271011 0.299516 0.328099 0.358513 0.387141 0.421290 0.447732 0.487749 0.508403 0.556857 0.560320 0.585401 0.606869 0.589727
-0.001382 -0.003005 -0.010069 -0.010368 -0.014301 -0.017680 -0.021533 -0.024875 -0.028199 -0.030592 -0.032129 -0.033776 -0.036182 -0.039410 -0.043649 -0.049244 -0.055844 -0.063859 -0.073745 -0.084251 -0.096489 -0.105980 -0.110640 -0.101883 -0.081155 -0.055442 -0.025400 0.007466 0.039994 0.070418 0.101085 0.130341 0.159912 0.188982 0.217731 0.246266 0.275965 0.305395 0.336482 0.367371 0.399070 0.433984 0.466336 0.506973 0.539622 0.587778 0.609189 0.634435 0.668042 0.724778
-0.001607 -0.006448 -0.011241 -0.011582 -0.016125 -0.019936 -0.024636 -0.028543 -0.032828 -0.035373 -0.035956 -0.037138 -0.039232 -0.042639 -0.047198 -0.053288 -0.060922 -0.070903 -0.083171 -0.097469 -0.116667 -0.131482 -0.145876 -0.132508 -0.099171 -0.071874 -0.034859 -0.001771 0.028229 0.059726 0.092011 0.122278 0.154269 0.185884 0.216885 0.247117 0.278151 0.309289 0.342491 0.375439 0.410298 0.447228 0.484105 0.527511 0.563854 0.621914 0.646704 0.671734 0.703527 0.774246
-0.001971 -0.006610 -0.012478 -0.012683 -0.017677 -0.022440 -0.027785 -0.032957 -0.038590 -0.041324 -0.040544 -0.039477 -0.041416 -0.044874 -0.049984 -0.057103 -0.066733 -0.079969 -0.095549 -0.119103 -0.146233 -0.184534 -0.214879 -0.209018 -0.161034 -0.120375 -0.073839 -0.031658 0.013587 0.055126 0.090350 0.124870 0.156286 0.188561 0.217844 0.249260 0.280752 0.313447 0.346639 0.381097 0.417547 0.457101 0.498479 0.548204 0.594318 0.664945 0.705714 0.732951 0.716526 0.950752
-0.000278 -0.006438 -0.013531 -0.013396 -0.018980 -0.023807 -0.030718 -0.037221 -0.046139 -0.049082 -0.043910 -0.042401 -0.041763 -0.045162 -0.049804 -0.056651 -0.066897 -0.077931 -0.097807 -0.119490 -0.163463 -0.215385 -0.303310 -0.262056 -0.176559 -0.126615 -0.069593 -0.029249 0.011705 0.045407 0.081282 0.114667 0.144252 0.177415 0.213853 0.244792 0.277379 0.311025 0.349022 0.383911 0.422686 0.463408 0.506250 0.553734 0.603677 0.673813 0.722426 0.739409 0.858892 1.031467
-0.001874 -0.008382 -0.013390 -0.018477 -0.024691 -0.025432 -0.037074 -0.040393 -0.060223 -0.084406 -0.047491 -0.039905 -0.039230 -0.043489 -0.048299 -0.055334 -0.065421 -0.077131 -0.096615 -0.120771 -0.162508 -0.296904 -0.459303 -0.419265 -0.212345 -0.120663 -0.062635 -0.014124 0.018553 0.047136 0.083000 0.108008 0.108149 0.154957 0.165594 0.181098 0.204504 0.256398 0.285893 0.282691 0.348278 0.364614 0.416287 0.461603 0.426726 0.568626 0.656646 0.735341 0.820362 1.092796
-0.003146 -0.007930 -0.012895 -0.015651 -0.024128 -0.026874 -0.040382 -0.043803 -0.081434 -0.014421 -0.034965 -0.031947 -0.033215 -0.038876 -0.043616 -0.049591 -0.057729 -0.064785 -0.077803 -0.085137 -0.107667 -0.309258 0.050409 -0.036730 -0.102311 -0.009120 -0.031140 -0.018522 -0.000322 0.001214 0.022256 0.033450 0.043827 0.055836 0.067002 0.000605 0.091949 0.110931 0.084346 0.076559 0.103480 0.126792 0.116981 0.153426 0.010807 0.010900 0.200412 0.315334 0.409056 0.461303
0.000000 0.000000 0.000000 0.000000 0.000000 0.000000 0.000000 0.000000 0.000000 -0.004493 -0.018761 -0.024527 -0.027809 -0.034044 -0.038779 -0.044434 -0.050492 -0.056811 -0.062747 -0.066515 -0.067987 -0.062281 -0.007790 0.000000 0.000000 0.000000 0.000000 0.000000 0.000000 0.000000 0.000000 0.000000 0.000000 0.000000 0.000000 0.000000 0.000000 0.000000 0.000000 0.000000 0.000000 0.000000 0.000000 0.000000 0.000000 0.000000 0.000000 0.000000 0.000000 0.000000
0.000000 0.000000 0.000000 0.000000 0.000000 0.000000 0.000000 0.000000 0.000000 -0.005824 -0.013867 -0.019053 -0.023142 -0.029052 -0.033278 -0.037720 -0.041862 -0.044762 -0.048568 -0.045951 -0.046342 -0.024482 -0.009293 0.000000 0.000000 0.000000 0.000000 0.000000 0.000000 0.000000 0.000000 0.000000 0.000000 0.000000 0.000000 0.000000 0.000000 0.000000 0.000000 0.000000 0.000000 0.000000 0.000000 0.000000 0.000000 0.000000 0.000000 0.000000 0.000000 0.000000
0.000000 0.000000 0.000000 0.000000 0.000000 0.000000 0.000000 0.000000 0.000000 -0.001908 -0.007968 -0.015424 -0.019348 -0.024799 -0.028632 -0.032339 -0.035348 -0.037016 -0.037962 -0.035624 -0.031039 -0.016109 0.000930 0.000000 0.000000 0.000000 0.000000 0.000000 0.000000 0.000000 0.000000 0.000000 0.000000 0.000000 0.000000 0.000000 0.000000 0.000000 0.000000 0.000000 0.000000 0.000000 0.000000 0.000000 0.000000 0.000000 0.000000 0.000000 0.000000 0.000000
0.000000 0.000000 0.000000 0.000000 0.000000 0.000000 0.000000 0.000000 0.000000 -0.001865 -0.007999 -0.012787 -0.016387 -0.021101 -0.024322 -0.027182 -0.029233 -0.029735 -0.029943 -0.026084 -0.022802 -0.011035 -0.005089 0.000000 0.000000 0.000000 0.000000 0.000000 0.000000 0.000000 0.000000 0.000000 0.000000 0.000000 0.000000 0.000000 0.000000 0.000000 0.000000 0.000000 0.000000 0.000000 0.000000 0.000000 0.000000 0.000000 0.000000 0.000000 0.000000 0.000000
0.000000 0.000000 0.000000 0.000000 0.000000 0.000000 0.000000 0.000000 0.000000 -0.000652 -0.007147 -0.010865 -0.014236 -0.018228 -0.021060 -0.023370 -0.024793 -0.024859 -0.024090 -0.020787 -0.016927 -0.005248 -0.003813 0.000000 0.000000 0.000000 0.000000 0.000000 0.000000 0.000000 0.000000 0.000000 0.000000 0.000000 0.000000 0.000000 0.000000 0.000000 0.000000 0.000000 0.000000 0.000000 0.000000 0.000000 0.000000 0.000000 0.000000 0.000000 0.000000 0.000000
0.000000 0.000000 0.000000 0.000000 0.000000 0.000000 0.000000 0.000000 0.000000 -0.000009 -0.006336 -0.009635 -0.012298 -0.015919 -0.018191 -0.020015 -0.021024 -0.020595 -0.019910 -0.016232 -0.014012 -0.003637 -0.002844 0.000000 0.000000 0.000000 0.000000 0.000000 0.000000 0.000000 0.000000 0.000000 0.000000 0.000000 0.000000 0.000000 0.000000 0.000000 0.000000 0.000000 0.000000 0.000000 0.000000 0.000000 0.000000 0.000000 0.000000 0.000000 0.000000 0.000000
0.000000 0.000000 0.000000 0.000000 0.000000 0.000000 0.000000 0.000000 0.000000 -0.000110 -0.005334 -0.008905 -0.012622 -0.015650 -0.018163 -0.019828 -0.020815 -0.020397 -0.019519 -0.015976 -0.012712 -0.004707 -0.000287 0.000000 0.000000 0.000000 0.000000 0.000000 0.000000 0.000000 0.000000 0.000000 0.000000 0.000000 0.000000 0.000000 0.000000 0.000000 0.000000 0.000000 0.000000 0.000000 0.000000 0.000000 0.000000 0.000000 0.000000 0.000000 0.000000 0.000000
0.000000 0.000000 0.000000 0.000000 0.000000 0.000000 0.000000 0.000000 0.000000 -0.000602 -0.004459 -0.010418 -0.013255 -0.015929 -0.018034 -0.019305 -0.019609 -0.018851 -0.015822 -0.012971 -0.009794 -0.002523 -0.001519 0.000000 0.000000 0.000000 0.000000 0.000000 0.000000 0.000000 0.000000 0.000000 0.000000 0.000000 0.000000 0.000000 0.000000 0.000000 0.000000 0.000000 0.000000 0.000000 0.000000 0.000000 0.000000 0.000000 0.000000 0.000000 0.000000 0.000000
0.000000 0.000000 0.000000 0.000000 0.000000 0.000000 0.000000 0.000000 0.000000 -0.000833 -0.003886 -0.009611 -0.010580 -0.011701 -0.015967 -0.016805 -0.023677 -0.011913 -0.013324 -0.010697 -0.008146 -0.003114 -0.000170 0.000000 0.000000 0.000000 0.000000 0.000000 0.000000 0.000000 0.000000 0.000000 0.000000 0.000000 0.000000 0.000000 0.000000 0.000000 0.000000 0.000000 0.000000 0.000000 0.000000 0.000000 0.000000 0.000000 0.000000 0.000000 0.000000 0.000000
