-0.289729 -0.295418 -0.290184 -0.295545 -0.288264 -0.293009 -0.297762 -0.302929 -0.300240 -0.306229 -0.311910 -0.310528 -0.314771 -0.316603 -0.324389 -0.329929 -0.334162 -0.346280 -0.347402 -0.352589 -0.362619 -0.371022 -0.378549 -0.384026 -0.399873 -0.402875 -0.420016 -0.431781 -0.432177 -0.463163 -0.477470 -0.484246 -0.489728 -0.520339 -0.540317 -0.562016 -0.597510 -0.602510 -0.615499 -0.667368 -0.672806 -0.727677 -0.796033 -0.838525 -0.877100 -0.947427 -1.037009 -1.169571 -1.350664 -0.434470
-0.301030 -0.277315 -0.285275 -0.287477 -0.299694 -0.301367 -0.292842 -0.295445 -0.291499 -0.294780 -0.303687 -0.302353 -0.306695 -0.327819 -0.316630 -0.322267 -0.328378 -0.336444 -0.341937 -0.344915 -0.352399 -0.360420 -0.368997 -0.398338 -0.394567 -0.399971 -0.409836 -0.442736 -0.438375 -0.452128 -0.484330 -0.500148 -0.479851 -0.517669 -0.537260 -0.558433 -0.581405 -0.625306 -0.607239 -0.664336 -0.666564 -0.729539 -0.772889 -0.837052 -0.876276 -0.940439 -0.947391 -1.088618 -1.079046 -0.321297
-0.285208 -0.279317 -0.285612 -0.287435 -0.288892 -0.290652 -0.292741 -0.295183 -0.297969 -0.301103 -0.304596 -0.308449 -0.312681 -0.315781 -0.320545 -0.325714 -0.331297 -0.337317 -0.343780 -0.350707 -0.358115 -0.366043 -0.374499 -0.383494 -0.393102 -0.403362 -0.414313 -0.425995 -0.438477 -0.451933 -0.466099 -0.481304 -0.497578 -0.514998 -0.533691 -0.553793 -0.564206 -0.586918 -0.611538 -0.638306 -0.667494 -0.699411 -0.734526 -0.773024 -0.815326 -0.860502 -0.906993 -0.949531 -1.011845 -0.339546
-0.287210 -0.273117 -0.284425 -0.285845 -0.287165 -0.288835 -0.290878 -0.293273 -0.296010 -0.299095 -0.302538 -0.306339 -0.310514 -0.312196 -0.316886 -0.321978 -0.327480 -0.333416 -0.339796 -0.346609 -0.353903 -0.361745 -0.370104 -0.378986 -0.388473 -0.398619 -0.409450 -0.421073 -0.433758 -0.447371 -0.461539 -0.476349 -0.492141 -0.508973 -0.526993 -0.546328 -0.554574 -0.576157 -0.599351 -0.624298 -0.651308 -0.680428 -0.711783 -0.745233 -0.780865 -0.817429 -0.852422 -0.881688 -0.969181 -0.285224
-0.273949 -0.294965 -0.283311 -0.284730 -0.286094 -0.287740 -0.289735 -0.292066 -0.294738 -0.297755 -0.301123 -0.304850 -0.308945 -0.309722 -0.314346 -0.319375 -0.324790 -0.330619 -0.336876 -0.343564 -0.350788 -0.358928 -0.368265 -0.376917 -0.386201 -0.396140 -0.406670 -0.417863 -0.429748 -0.442364 -0.455823 -0.470047 -0.485188 -0.501361 -0.518626 -0.537106 -0.545582 -0.565959 -0.587710 -0.610927 -0.635620 -0.661841 -0.689711 -0.718422 -0.747946 -0.777589 -0.804566 -0.825275 -0.841276 -0.020088
-0.283992 -0.269912 -0.281835 -0.283307 -0.284663 -0.286264 -0.288202 -0.290466 -0.293068 -0.296011 -0.299302 -0.302939 -0.306914 -0.307774 -0.312372 -0.317340 -0.322757 -0.328916 -0.336145 -0.342570 -0.349541 -0.356969 -0.365034 -0.373464 -0.382434 -0.392049 -0.402306 -0.413197 -0.424747 -0.436995 -0.450009 -0.463826 -0.478450 -0.493963 -0.510439 -0.527957 -0.535912 -0.554997 -0.575182 -0.596589 -0.618997 -0.642153 -0.666460 -0.691381 -0.716315 -0.740377 -0.761251 -0.776196 -0.787094 -0.227134
-0.270314 -0.290805 -0.279690 -0.281259 -0.282601 -0.284162 -0.286048 -0.288255 -0.290796 -0.293668 -0.296869 -0.300367 -0.304161 -0.305381 -0.310072 -0.316118 -0.321175 -0.326738 -0.332709 -0.338999 -0.345781 -0.353053 -0.360857 -0.369199 -0.378045 -0.387429 -0.397414 -0.408007 -0.419198 -0.431038 -0.443571 -0.456847 -0.470874 -0.485688 -0.501333 -0.517876 -0.525314 -0.543085 -0.561509 -0.580874 -0.601152 -0.622095 -0.643416 -0.664791 -0.685677 -0.705335 -0.721791 -0.732680 -0.779539 -0.224275
-0.281163 -0.295376 -0.278199 -0.278088 -0.279131 -0.280573 -0.282288 -0.284350 -0.288432 -0.290971 -0.294247 -0.297897 -0.301966 -0.306442 -0.310701 -0.315487 -0.320920 -0.326421 -0.332447 -0.338895 -0.345807 -0.353149 -0.360963 -0.364368 -0.373072 -0.382309 -0.392104 -0.402480 -0.413447 -0.425026 -0.437251 -0.450164 -0.463798 -0.478170 -0.493304 -0.509264 -0.522724 -0.539890 -0.557414 -0.575826 -0.594950 -0.614414 -0.634042 -0.653610 -0.672312 -0.689744 -0.704027 -0.713803 -0.733844 -0.539180
-0.275319 -0.292939 -0.274341 -0.276016 -0.277273 -0.278730 -0.280508 -0.282598 -0.284972 -0.287582 -0.290280 -0.292266 -0.296061 -0.300276 -0.304399 -0.308932 -0.313875 -0.319210 -0.324943 -0.331097 -0.337678 -0.344652 -0.352060 -0.359942 -0.368318 -0.377171 -0.386519 -0.396396 -0.406811 -0.417764 -0.429170 -0.441139 -0.453750 -0.466995 -0.480701 -0.495030 -0.501289 -0.516518 -0.532214 -0.548315 -0.564696 -0.581172 -0.597489 -0.613340 -0.628230 -0.641701 -0.652331 -0.658134 -0.693441 -0.197980
-0.289366 -0.262581 -0.271074 -0.272950 -0.274412 -0.276000 -0.277903 -0.280106 -0.282557 -0.285277 -0.288511 -0.292628 -0.297067 -0.295777 -0.299971 -0.304539 -0.309463 -0.314768 -0.320453 -0.326517 -0.332978 -0.339844 -0.347126 -0.354846 -0.363030 -0.371689 -0.380841 -0.390495 -0.400646 -0.411335 -0.422536 -0.434216 -0.446487 -0.459313 -0.472652 -0.486524 -0.497212 -0.511732 -0.526621 -0.541802 -0.557134 -0.572451 -0.587474 -0.601965 -0.615360 -0.627426 -0.636703 -0.642427 -0.662593 -0.187319
-0.284999 -0.282463 -0.267891 -0.269728 -0.271154 -0.272722 -0.274605 -0.276710 -0.279015 -0.281949 -0.285554 -0.289186 -0.292680 -0.291985 -0.296101 -0.300567 -0.305387 -0.310557 -0.316087 -0.321988 -0.328263 -0.334919 -0.341972 -0.349444 -0.357368 -0.365731 -0.374540 -0.383804 -0.393481 -0.403637 -0.414270 -0.425342 -0.436890 -0.448927 -0.461414 -0.474323 -0.483934 -0.497264 -0.510839 -0.524561 -0.538292 -0.551870 -0.565045 -0.577594 -0.589044 -0.599216 -0.606833 -0.611391 -0.629041 -0.585810
-0.265460 -0.283359 -0.264453 -0.266220 -0.267616 -0.269163 -0.271001 -0.272934 -0.275415 -0.278641 -0.281854 -0.284932 -0.288503 -0.287919 -0.293882 -0.296358 -0.300955 -0.305909 -0.311209 -0.316859 -0.322872 -0.329279 -0.335936 -0.342952 -0.350281 -0.358210 -0.366306 -0.374905 -0.383901 -0.393289 -0.403081 -0.413253 -0.423795 -0.434688 -0.445904 -0.457400 -0.462193 -0.473998 -0.485914 -0.497841 -0.509655 -0.521197 -0.532273 -0.542662 -0.552069 -0.560161 -0.566046 -0.568519 -0.582057 -0.168513
-0.261562 -0.279729 -0.260752 -0.262430 -0.263811 -0.265325 -0.267018 -0.268945 -0.271695 -0.274745 -0.277405 -0.280551 -0.284069 -0.283573 -0.287488 -0.291716 -0.296264 -0.301132 -0.306332 -0.311873 -0.317770 -0.324016 -0.330610 -0.337536 -0.343818 -0.352497 -0.360516 -0.368934 -0.377730 -0.386891 -0.396415 -0.406293 -0.416509 -0.427043 -0.437864 -0.448931 -0.456641 -0.467824 -0.479061 -0.490256 -0.501285 -0.512004 -0.522214 -0.531745 -0.540288 -0.547684 -0.552968 -0.556079 -0.569556 -0.414260
-0.257960 -0.269630 -0.256755 -0.258362 -0.259720 -0.261182 -0.262723 -0.264945 -0.267951 -0.270136 -0.272809 -0.275931 -0.279317 -0.278915 -0.282712 -0.286810 -0.291212 -0.295920 -0.300968 -0.306337 -0.312037 -0.318031 -0.324330 -0.330967 -0.337782 -0.345259 -0.352936 -0.360956 -0.369307 -0.377980 -0.386964 -0.396248 -0.405813 -0.415635 -0.425678 -0.435900 -0.442785 -0.453013 -0.463234 -0.473352 -0.483250 -0.492798 -0.501828 -0.510193 -0.517636 -0.523995 -0.528458 -0.531155 -0.536843 -0.149926
-0.243351 -0.265301 -0.252483 -0.254035 -0.255362 -0.256678 -0.258323 -0.261134 -0.263088 -0.265266 -0.267993 -0.270985 -0.274267 -0.273965 -0.277639 -0.281601 -0.285861 -0.290435 -0.295317 -0.300490 -0.305918 -0.311662 -0.317682 -0.324045 -0.330476 -0.337723 -0.345034 -0.352650 -0.360559 -0.368749 -0.377206 -0.385915 -0.394855 -0.403997 -0.413306 -0.422734 -0.428870 -0.438229 -0.447527 -0.456676 -0.465570 -0.474094 -0.482108 -0.489482 -0.495993 -0.501486 -0.505289 -0.507729 -0.511692 -0.145914
-0.245437 -0.259640 -0.248005 -0.249450 -0.250729 -0.251904 -0.253828 -0.256185 -0.257938 -0.260241 -0.262876 -0.265765 -0.268958 -0.268740 -0.272288 -0.276123 -0.280259 -0.284679 -0.289332 -0.294275 -0.299467 -0.304974 -0.310763 -0.316845 -0.322898 -0.329885 -0.336830 -0.344048 -0.351522 -0.359240 -0.367186 -0.375343 -0.383684 -0.392183 -0.400801 -0.409493 -0.414957 -0.423516 -0.431975 -0.440254 -0.448258 -0.455890 -0.463021 -0.469543 -0.475252 -0.480023 -0.483305 -0.485623 -0.485296 -0.129421
-0.249483 -0.254437 -0.243258 -0.244605 -0.245799 -0.247011 -0.249559 -0.250906 -0.252670 -0.254967 -0.257490 -0.260301 -0.263385 -0.263248 -0.266684 -0.270410 -0.274390 -0.278580 -0.283030 -0.287765 -0.292769 -0.298039 -0.303571 -0.309369 -0.315052 -0.321768 -0.328351 -0.335176 -0.342228 -0.349488 -0.356942 -0.364568 -0.372342 -0.380235 -0.388207 -0.396215 -0.401075 -0.408902 -0.416602 -0.424104 -0.431321 -0.438168 -0.444534 -0.450313 -0.455331 -0.459504 -0.462394 -0.464834 -0.464363 -0.133509
-0.237844 -0.255805 -0.238285 -0.239517 -0.240561 -0.242049 -0.244046 -0.245342 -0.247246 -0.249420 -0.251879 -0.254592 -0.257601 -0.257510 -0.260848 -0.264418 -0.268184 -0.272191 -0.276481 -0.281022 -0.285811 -0.290844 -0.296116 -0.301633 -0.306955 -0.313398 -0.319627 -0.326070 -0.332711 -0.339530 -0.346511 -0.353634 -0.360873 -0.368195 -0.375565 -0.382939 -0.387255 -0.394413 -0.401428 -0.408233 -0.414752 -0.420908 -0.426597 -0.431728 -0.436156 -0.439850 -0.442535 -0.445038 -0.444416 -0.127388
-0.239222 -0.243534 -0.233076 -0.234187 -0.235215 -0.237323 -0.238346 -0.239673 -0.241553 -0.243661 -0.246036 -0.248676 -0.251705 -0.251554 -0.254744 -0.258114 -0.261720 -0.265588 -0.269696 -0.274037 -0.278608 -0.283403 -0.288419 -0.293659 -0.298627 -0.304803 -0.310686 -0.316759 -0.323003 -0.329400 -0.335932 -0.342577 -0.349309 -0.356098 -0.362907 -0.369696 -0.373518 -0.380069 -0.386464 -0.392645 -0.398541 -0.404082 -0.409174 -0.413753 -0.417680 -0.420979 -0.423568 -0.425986 -0.425206 -0.133873
-0.223680 -0.244512 -0.227679 -0.228600 -0.229582 -0.231470 -0.232367 -0.233847 -0.235630 -0.237678 -0.239980 -0.242665 -0.245476 -0.245353 -0.248352 -0.251580 -0.255057 -0.258760 -0.262684 -0.266825 -0.271178 -0.275739 -0.280503 -0.285471 -0.290084 -0.296010 -0.301557 -0.307273 -0.313136 -0.319130 -0.325233 -0.331426 -0.337682 -0.343972 -0.350261 -0.356511 -0.359885 -0.365882 -0.371716 -0.377334 -0.382670 -0.387655 -0.392233 -0.396308 -0.399920 -0.402983 -0.405288 -0.407524 -0.406457 -0.116425
-0.228046 -0.238426 -0.222299 -0.222830 -0.224097 -0.225415 -0.226268 -0.227779 -0.229513 -0.231481 -0.233804 -0.236407 -0.238514 -0.238873 -0.241746 -0.244857 -0.248182 -0.251717 -0.255457 -0.259399 -0.263539 -0.267869 -0.272386 -0.277088 -0.281351 -0.287038 -0.292263 -0.297634 -0.303134 -0.308742 -0.314440 -0.320206 -0.326015 -0.331840 -0.337647 -0.343400 -0.346364 -0.351857 -0.357181 -0.362287 -0.367118 -0.371625 -0.375757 -0.379486 -0.382726 -0.385539 -0.387703 -0.389757 -0.388203 -0.122680
-0.214512 -0.232112 -0.216422 -0.216966 -0.218690 -0.219102 -0.220073 -0.221499 -0.223184 -0.225124 -0.227472 -0.229387 -0.231782 -0.232193 -0.234962 -0.237935 -0.241106 -0.244473 -0.248031 -0.251777 -0.255705 -0.259811 -0.264087 -0.268530 -0.272449 -0.277912 -0.282824 -0.287866 -0.293017 -0.298260 -0.303574 -0.308939 -0.314330 -0.319721 -0.325080 -0.330374 -0.332964 -0.337998 -0.342848 -0.347498 -0.351901 -0.355989 -0.359708 -0.363030 -0.365929 -0.368485 -0.370702 -0.372552 -0.370565 -0.105974
-0.228067 -0.225579 -0.211025 -0.211290 -0.212149 -0.212574 -0.213653 -0.215039 -0.216665 -0.218703 -0.220605 -0.222510 -0.224852 -0.225347 -0.227991 -0.230825 -0.233842 -0.237043 -0.240421 -0.243975 -0.247697 -0.251581 -0.255621 -0.259815 -0.263396 -0.268646 -0.273259 -0.277986 -0.282807 -0.287703 -0.292653 -0.297640 -0.302639 -0.307626 -0.312565 -0.317435 -0.319686 -0.324300 -0.328767 -0.332979 -0.336950 -0.340627 -0.343978 -0.346979 -0.349591 -0.351906 -0.354165 -0.355902 -0.353443 -0.123839
-0.221361 -0.218674 -0.204729 -0.205245 -0.205571 -0.205945 -0.207053 -0.208393 -0.210040 -0.212017 -0.213474 -0.215522 -0.217764 -0.218330 -0.220848 -0.223541 -0.226408 -0.229444 -0.232647 -0.236012 -0.239531 -0.243200 -0.247010 -0.250961 -0.254204 -0.259263 -0.263591 -0.268018 -0.272524 -0.277091 -0.281699 -0.286331 -0.290957 -0.295562 -0.300058 -0.304538 -0.306586 -0.310777 -0.314815 -0.318642 -0.322235 -0.325571 -0.328609 -0.331334 -0.333714 -0.335829 -0.338091 -0.339819 -0.336945 -0.007810
-0.214468 -0.212532 -0.198084 -0.198676 -0.198764 -0.199229 -0.200304 -0.201605 -0.203349 -0.204668 -0.206434 -0.208376 -0.210510 -0.211145 -0.213536 -0.216092 -0.218810 -0.221686 -0.224716 -0.227897 -0.231220 -0.234680 -0.238268 -0.241984 -0.244888 -0.249777 -0.253832 -0.257973 -0.262180 -0.266435 -0.270716 -0.275013 -0.279240 -0.283484 -0.287387 -0.291225 -0.293522 -0.297353 -0.301031 -0.304525 -0.307800 -0.310835 -0.313596 -0.316074 -0.318237 -0.320181 -0.322432 -0.324199 -0.330392 -0.091872
-0.200526 -0.205341 -0.191258 -0.191669 -0.191761 -0.192362 -0.193404 -0.194739 -0.196310 -0.197485 -0.199197 -0.201063 -0.203092 -0.203781 -0.206047 -0.208467 -0.211038 -0.213757 -0.216619 -0.219620 -0.222752 -0.226009 -0.229384 -0.232875 -0.235476 -0.240181 -0.243974 -0.247841 -0.251760 -0.255723 -0.259645 -0.263634 -0.267270 -0.270934 -0.274721 -0.278458 -0.280576 -0.284093 -0.287468 -0.290662 -0.293645 -0.304983 -0.307635 -0.311818 -0.314253 -0.315613 -0.317543 -0.315544 -0.320622 -0.230640
-0.200144 -0.196635 -0.184269 -0.184556 -0.184625 -0.185356 -0.186367 -0.187792 -0.188791 -0.190221 -0.191828 -0.193597 -0.195517 -0.196238 -0.198381 -0.200669 -0.203097 -0.205663 -0.208361 -0.211189 -0.214136 -0.217199 -0.220368 -0.223641 -0.225978 -0.230485 -0.234024 -0.237633 -0.241231 -0.244946 -0.248255 -0.251675 -0.255271 -0.258877 -0.262427 -0.265890 -0.267803 -0.271037 -0.274128 -0.277049 -0.279774 -0.282282 -0.284543 -0.286547 -0.288291 -0.289957 -0.291987 -0.293876 -0.290615 -0.079781
-0.173652 -0.188994 -0.177113 -0.177281 -0.177403 -0.178191 -0.179233 -0.180440 -0.181394 -0.182775 -0.184304 -0.185977 -0.187791 -0.188546 -0.190569 -0.192727 -0.195016 -0.197433 -0.199973 -0.202631 -0.205400 -0.208275 -0.211246 -0.214314 -0.216404 -0.220712 -0.223973 -0.227363 -0.230366 -0.233498 -0.236902 -0.240291 -0.243666 -0.246999 -0.250275 -0.253464 -0.255147 -0.258114 -0.260943 -0.263613 -0.266098 -0.268383 -0.270436 -0.272255 -0.273809 -0.275312 -0.277258 -0.279154 -0.275899 -0.006046
-0.166946 -0.181162 -0.169792 -0.169841 -0.170092 -0.170866 -0.172027 -0.172759 -0.173894 -0.175196 -0.176640 -0.178218 -0.179927 -0.180727 -0.182632 -0.184663 -0.186817 -0.189090 -0.191475 -0.193970 -0.196567 -0.199260 -0.202042 -0.204918 -0.206765 -0.210863 -0.213602 -0.216425 -0.219545 -0.222683 -0.225844 -0.228989 -0.232112 -0.235187 -0.238204 -0.241134 -0.242593 -0.245312 -0.247900 -0.250337 -0.252603 -0.254682 -0.256548 -0.258202 -0.259614 -0.260962 -0.262833 -0.264739 -0.268980 -0.005719
-0.185101 -0.173161 -0.162302 -0.162276 -0.162664 -0.163434 -0.164494 -0.165153 -0.166252 -0.167485 -0.168844 -0.170330 -0.171937 -0.172786 -0.174576 -0.176485 -0.178506 -0.180638 -0.182874 -0.185211 -0.187641 -0.190156 -0.192753 -0.195418 -0.197065 -0.200406 -0.203205 -0.206060 -0.208964 -0.211880 -0.214805 -0.217713 -0.220594 -0.223428 -0.226203 -0.228893 -0.230143 -0.232632 -0.234998 -0.237222 -0.239286 -0.241176 -0.242873 -0.244376 -0.245667 -0.246882 -0.248683 -0.250587 -0.247345 -0.005372
-0.151288 -0.165059 -0.154661 -0.154614 -0.155106 -0.156000 -0.156595 -0.157466 -0.158494 -0.159651 -0.160929 -0.162322 -0.163830 -0.164727 -0.166406 -0.168195 -0.170088 -0.172083 -0.174174 -0.176356 -0.178627 -0.180942 -0.183250 -0.185311 -0.187267 -0.190417 -0.193038 -0.195688 -0.198376 -0.201074 -0.203776 -0.206459 -0.209115 -0.211721 -0.214270 -0.216736 -0.217798 -0.220075 -0.222236 -0.224264 -0.226143 -0.227859 -0.229399 -0.230763 -0.231941 -0.233060 -0.234767 -0.236656 -0.233787 -0.066372
-0.143582 -0.142434 -0.146898 -0.146835 -0.147431 -0.148358 -0.148782 -0.149645 -0.150616 -0.151703 -0.152899 -0.154203 -0.155613 -0.156558 -0.158128 -0.159800 -0.161569 -0.163432 -0.165379 -0.167393 -0.169510 -0.171192 -0.173325 -0.175636 -0.177465 -0.180417 -0.182844 -0.185294 -0.187778 -0.190268 -0.192760 -0.195232 -0.197675 -0.200068 -0.202406 -0.204664 -0.205555 -0.207635 -0.209607 -0.211453 -0.213161 -0.214717 -0.216113 -0.217347 -0.218421 -0.219453 -0.221045 -0.222871 -0.220135 -0.004838
-0.135774 -0.148539 -0.139005 -0.139029 -0.139712 -0.140279 -0.140936 -0.141724 -0.142631 -0.143646 -0.144762 -0.145980 -0.147295 -0.148285 -0.149749 -0.151308 -0.152956 -0.154694 -0.156477 -0.158098 -0.159710 -0.161719 -0.163804 -0.165955 -0.167610 -0.170379 -0.172621 -0.174882 -0.177172 -0.179465 -0.181759 -0.184032 -0.186275 -0.188469 -0.190610 -0.192674 -0.193409 -0.195307 -0.197104 -0.198782 -0.200331 -0.201739 -0.203001 -0.204115 -0.205092 -0.206050 -0.207538 -0.209305 -0.206728 -0.003743
-0.152932 -0.149985 -0.130997 -0.131146 -0.131916 -0.132302 -0.132949 -0.133696 -0.134543 -0.135488 -0.136527 -0.137660 -0.138883 -0.139917 -0.141278 -0.142724 -0.144240 -0.145828 -0.146951 -0.148629 -0.150435 -0.152305 -0.154238 -0.156227 -0.157712 -0.160308 -0.162374 -0.164455 -0.166561 -0.168669 -0.170776 -0.172860 -0.174914 -0.176922 -0.178878 -0.180763 -0.181355 -0.183083 -0.184717 -0.186241 -0.187644 -0.188914 -0.190050 -0.191050 -0.191934 -0.192831 -0.194203 -0.195854 -0.211322 -0.078312
-0.130765 -0.119957 -0.122904 -0.123205 -0.123845 -0.124284 -0.124878 -0.125572 -0.126359 -0.127236 -0.128200 -0.129250 -0.130384 -0.131461 -0.132720 -0.134041 -0.135213 -0.136305 -0.137842 -0.139444 -0.141116 -0.142840 -0.144622 -0.146454 -0.147777 -0.150210 -0.152106 -0.154016 -0.155948 -0.157881 -0.159809 -0.161715 -0.163593 -0.165426 -0.167210 -0.168926 -0.169385 -0.170958 -0.172442 -0.173822 -0.175091 -0.176235 -0.177258 -0.178151 -0.178951 -0.179758 -0.181027 -0.182576 -0.180399 -0.003999
-0.119900 -0.132907 -0.114747 -0.115201 -0.115714 -0.116166 -0.116717 -0.117360 -0.118087 -0.118897 -0.119788 -0.120758 -0.121806 -0.122925 -0.124068 -0.124815 -0.125952 -0.127306 -0.128731 -0.130206 -0.131742 -0.133326 -0.134962 -0.136642 -0.137810 -0.140086 -0.141821 -0.143568 -0.145335 -0.147101 -0.148861 -0.150599 -0.152309 -0.153978 -0.155600 -0.157159 -0.157495 -0.158922 -0.160267 -0.161516 -0.162661 -0.163689 -0.164603 -0.165395 -0.166117 -0.166850 -0.168064 -0.169511 -0.167513 -0.151642
-0.115854 -0.114337 -0.111087 -0.111637 -0.112031 -0.112532 -0.113099 -0.113741 -0.114463 -0.115260 -0.116138 -0.117087 -0.118119 -0.119780 -0.120883 -0.122046 -0.123263 -0.124557 -0.125912 -0.127325 -0.128789 -0.130303 -0.131860 -0.133458 -0.135032 -0.136729 -0.138392 -0.140071 -0.141757 -0.143443 -0.145118 -0.146775 -0.148405 -0.149998 -0.151544 -0.153036 -0.153339 -0.154717 -0.156017 -0.157216 -0.158316 -0.159295 -0.160153 -0.160867 -0.161453 -0.161868 -0.162332 -0.163531 -0.154759 -0.054693
-0.100967 -0.105629 -0.103046 -0.103509 -0.103914 -0.104376 -0.104898 -0.105493 -0.106154 -0.106888 -0.107688 -0.108563 -0.109568 -0.111124 -0.112040 -0.113166 -0.114292 -0.115478 -0.116718 -0.118010 -0.119346 -0.120727 -0.122148 -0.123604 -0.125046 -0.126584 -0.128098 -0.129626 -0.131159 -0.132690 -0.134211 -0.135715 -0.137194 -0.138638 -0.140039 -0.141390 -0.141590 -0.142838 -0.144013 -0.145095 -0.146087 -0.146973 -0.147738 -0.148377 -0.148906 -0.149286 -0.149707 -0.150780 -0.141906 -0.002856
-0.092511 -0.096930 -0.094947 -0.095379 -0.095726 -0.096142 -0.096623 -0.097162 -0.097769 -0.098437 -0.099172 -0.100131 -0.101434 -0.102365 -0.103274 -0.104245 -0.105272 -0.106352 -0.107478 -0.108651 -0.109864 -0.111118 -0.112407 -0.113727 -0.115034 -0.115249 -0.117799 -0.119183 -0.120569 -0.121954 -0.123328 -0.124688 -0.126023 -0.127331 -0.128596 -0.129815 -0.129908 -0.131037 -0.132104 -0.133078 -0.133975 -0.134782 -0.135456 -0.136012 -0.136476 -0.136823 -0.137152 -0.138122 -0.129515 -0.118367
-0.088273 -0.088044 -0.086775 -0.087128 -0.087472 -0.087845 -0.088278 -0.088771 -0.089319 -0.089928 -0.090892 -0.091927 -0.092657 -0.093567 -0.094394 -0.095274 -0.096201 -0.097177 -0.098193 -0.099252 -0.100346 -0.101476 -0.102637 -0.103825 -0.104993 -0.105111 -0.107494 -0.108739 -0.109989 -0.111236 -0.112470 -0.113690 -0.114896 -0.116086 -0.117224 -0.118313 -0.118287 -0.119365 -0.121380 -0.121161 -0.121951 -0.122637 -0.123262 -0.123774 -0.124203 -0.124495 -0.124749 -0.125367 -0.117779 -0.090058
-0.081743 -0.079055 -0.078533 -0.078854 -0.079164 -0.079497 -0.079880 -0.080322 -0.080810 -0.081783 -0.082557 -0.083174 -0.083820 -0.084728 -0.085469 -0.086258 -0.087088 -0.087961 -0.088871 -0.089819 -0.090798 -0.091808 -0.092846 -0.093908 -0.091055 -0.096085 -0.097189 -0.098303 -0.099430 -0.100552 -0.101647 -0.102730 -0.103820 -0.104949 -0.105979 -0.106910 -0.106714 -0.107583 -0.108424 -0.109217 -0.109946 -0.110590 -0.111155 -0.111606 -0.111986 -0.112246 -0.113192 -0.113018 -0.105742 -0.071194
-0.071254 -0.079608 -0.070253 -0.070523 -0.070797 -0.071096 -0.071435 -0.071819 -0.072762 -0.073344 -0.073825 -0.074364 -0.074937 -0.075835 -0.076492 -0.077192 -0.077928 -0.078703 -0.079509 -0.080350 -0.081218 -0.082112 -0.083029 -0.083973 -0.083832 -0.085909 -0.086879 -0.087868 -0.088897 -0.089948 -0.090870 -0.091791 -0.092707 -0.093576 -0.094514 -0.095426 -0.095166 -0.095967 -0.096720 -0.097416 -0.098050 -0.098618 -0.099110 -0.099514 -0.099846 -0.100071 -0.101467 -0.101035 -0.085148 -0.001261
-0.064040 -0.059942 -0.060144 -0.060115 -0.060264 -0.060460 -0.060696 -0.060969 -0.061290 -0.061637 -0.062033 -0.062463 -0.062932 -0.063436 -0.063975 -0.064548 -0.065153 -0.065786 -0.066447 -0.067134 -0.067849 -0.068580 -0.069327 -0.070093 -0.070873 -0.071663 -0.072464 -0.073266 -0.078258 -0.079103 -0.080020 -0.080885 -0.081704 -0.082497 -0.083286 -0.084028 -0.083694 -0.084391 -0.085044 -0.085654 -0.086210 -0.086714 -0.087152 -0.087518 -0.087824 -0.088039 -0.089393 -0.088819 -0.083476 -0.049633
-0.055118 -0.052631 -0.053448 -0.053685 -0.053885 -0.054111 -0.054960 -0.055252 -0.055530 -0.055856 -0.056214 -0.056617 -0.057048 -0.057983 -0.058483 -0.059014 -0.059576 -0.060165 -0.060770 -0.061411 -0.062119 -0.062767 -0.063419 -0.064115 -0.063706 -0.065549 -0.066337 -0.067079 -0.067808 -0.068538 -0.069254 -0.069978 -0.070684 -0.071374 -0.072050 -0.072706 -0.072253 -0.072852 -0.073415 -0.073943 -0.074427 -0.074868 -0.075258 -0.075588 -0.075908 -0.076119 -0.077430 -0.077212 -0.083188 -0.000941
-0.046728 -0.043659 -0.044994 -0.045198 -0.045373 -0.046165 -0.046341 -0.046541 -0.046772 -0.047046 -0.047345 -0.047682 -0.048044 -0.049109 -0.049529 -0.049983 -0.050473 -0.050986 -0.051464 -0.051994 -0.052498 -0.053124 -0.053735 -0.054326 -0.053687 -0.055515 -0.056143 -0.056772 -0.057398 -0.058016 -0.058638 -0.059258 -0.059858 -0.060453 -0.061030 -0.061604 -0.060864 -0.061372 -0.061853 -0.062303 -0.062720 -0.063100 -0.063448 -0.063723 -0.063949 -0.064143 -0.065036 -0.065095 -0.071659 -0.016231
-0.038562 -0.043053 -0.036486 -0.036675 -0.037382 -0.037498 -0.037620 -0.037779 -0.037963 -0.038184 -0.038425 -0.038690 -0.038988 -0.040353 -0.040685 -0.041079 -0.041464 -0.041890 -0.042359 -0.042814 -0.043267 -0.043753 -0.044240 -0.044739 -0.043637 -0.045735 -0.046259 -0.046793 -0.047323 -0.047850 -0.048349 -0.048855 -0.049356 -0.049860 -0.050370 -0.050896 -0.049496 -0.049925 -0.050335 -0.050720 -0.051083 -0.051410 -0.051722 -0.052048 -0.052197 -0.051875 -0.051492 -0.052996 -0.059480 -0.012489
-0.028391 -0.025337 -0.027897 -0.028618 -0.028591 -0.028649 -0.028728 -0.028831 -0.028968 -0.029143 -0.029346 -0.029563 -0.029804 -0.031895 -0.032254 -0.032582 -0.032916 -0.033281 -0.033657 -0.034045 -0.034413 -0.034826 -0.035252 -0.035678 -0.033417 -0.036508 -0.036948 -0.037397 -0.037848 -0.038287 -0.038716 -0.039134 -0.039544 -0.039934 -0.040299 -0.040618 -0.038006 -0.038332 -0.038624 -0.038836 -0.038914 -0.039145 -0.039067 -0.039363 -0.039506 -0.039103 -0.037252 -0.039528 -0.046235 -0.010263
-0.018769 -0.017474 -0.019417 -0.019127 -0.018920 -0.018787 -0.018716 -0.018673 -0.018719 -0.018817 -0.018944 -0.019090 -0.019230 -0.024145 -0.024515 -0.024863 -0.025218 -0.025566 -0.025931 -0.026301 -0.026680 -0.027048 -0.027422 -0.027795 -0.021214 -0.028534 -0.028865 -0.029184 -0.029489 -0.029780 -0.030074 -0.030353 -0.030620 -0.030864 -0.031092 -0.031294 -0.021254 -0.021112 -0.020988 -0.020941 -0.020953 -0.020919 -0.021036 -0.020866 -0.020946 -0.021195 -0.017919 -0.027476 -0.021000 0.000434
-0.018030 -0.011720 -0.011601 -0.014661 -0.008344 -0.008213 -0.008110 -0.010287 -0.008613 -0.007873 -0.007594 -0.007481 -0.008885 -0.021894 -0.007376 -0.007318 -0.009188 -0.025236 -0.026088 -0.007113 -0.007225 -0.007300 -0.007398 -0.007447 -0.013400 -0.008667 -0.032477 -0.033217 -0.008048 -0.008195 -0.008380 -0.036115 -0.036807 -0.012809 -0.009058 -0.009246 -0.009443 -0.009614 -0.009788 -0.039814 -0.012651 -0.012614 -0.010320 -0.010493 -0.010664 -0.010674 -0.010917 -0.043854 -0.023092 -0.002604
-0.002023 -0.002086 0.000100 0.000218 -0.002139 -0.003510 -0.002238 0.000454 -0.002266 -0.002271 -0.005337 -0.002263 0.000139 -0.000479 -0.006329 -0.006431 0.004330 -0.002106 -0.000927 -0.001017 -0.006761 0.004919 -0.001161 -0.006887 -0.000230 -0.002545 -0.004117 0.005319 -0.003988 -0.007043 -0.007107 -0.002580 -0.001559 -0.003245 -0.017472 -0.007284 -0.003298 -0.018652 -0.001249 -0.002104 -0.007145 -0.001278 -0.002319 -0.001337 -0.006919 -0.006864 -0.001259 -0.004956 -0.003004 0.009920
