-0.000438 0.000999 -0.000335 -0.000551 0.000056 -0.000492 -0.001081 -0.000846 -0.000853 -0.001473 -0.001136 -0.000988 -0.001071 -0.001199 -0.001223 -0.001309 -0.002320 -0.002009 -0.002862 -0.001838 -0.003458 -0.003788 -0.003945 -0.003704 -0.002583 -0.002751 -0.005569 -0.003294 -0.006103 -0.004298 -0.005685 -0.007400 -0.008764 0.001327 0.000370 -0.000791 -0.017888 -0.014041 -0.013075 -0.017625 -0.016901 -0.023204 -0.033649 -0.034579 -0.040027 -0.050982 -0.070748 -0.088737 -0.181985 -0.472291
0.002510 0.004354 0.005318 0.005236 -0.002485 -0.003012 0.004320 -0.010658 -0.002688 -0.003174 -0.012369 -0.004208 -0.004754 -0.008776 -0.005898 -0.006505 -0.007143 -0.017467 -0.008465 -0.009812 -0.010575 -0.011383 -0.012243 -0.018170 -0.005500 -0.026709 -0.016412 -0.023705 -0.030402 -0.032094 -0.029023 -0.031108 -0.023962 -0.040571 -0.043244 -0.046236 -0.049601 -0.051318 -0.041324 -0.063356 -0.052044 -0.083929 -0.049398 -0.102524 -0.082944 -0.110537 -0.150004 -0.253949 -0.385222 -0.507620
0.006088 0.018533 -0.002863 -0.003227 -0.004314 -0.005299 -0.006331 -0.007360 -0.008401 -0.009461 -0.010540 -0.011645 -0.012777 -0.013887 -0.015108 -0.016372 -0.017682 -0.019044 -0.020459 -0.021945 -0.023513 -0.025163 -0.026896 -0.028711 -0.030632 -0.032697 -0.034945 -0.037387 -0.040039 -0.042953 -0.046057 -0.049467 -0.053252 -0.057481 -0.062239 -0.067638 -0.067880 -0.074256 -0.081663 -0.090424 -0.100900 -0.113550 -0.129313 -0.149057 -0.175148 -0.209209 -0.255202 -0.309657 -0.398320 -0.508139
-0.000437 -0.000674 -0.005854 -0.005315 -0.006147 -0.007294 -0.008577 -0.009926 -0.011313 -0.012731 -0.014175 -0.015653 -0.017168 -0.018368 -0.019975 -0.021633 -0.023351 -0.025146 -0.027022 -0.028973 -0.031021 -0.033189 -0.035480 -0.037876 -0.040399 -0.043108 -0.046048 -0.049246 -0.052778 -0.056581 -0.060642 -0.065204 -0.070038 -0.075373 -0.081423 -0.088265 -0.088832 -0.096868 -0.106130 -0.116917 -0.129678 -0.144918 -0.163429 -0.186279 -0.214894 -0.250982 -0.295453 -0.345405 -0.421191 -0.520279
0.001825 -0.000370 -0.006842 -0.006820 -0.007850 -0.009230 -0.010818 -0.012491 -0.014215 -0.015980 -0.017781 -0.019628 -0.021517 -0.022898 -0.024886 -0.026952 -0.029098 -0.031329 -0.033657 -0.036072 -0.038594 -0.041374 -0.044731 -0.047764 -0.050563 -0.053845 -0.057429 -0.061248 -0.065298 -0.069710 -0.074574 -0.080018 -0.085995 -0.092573 -0.099845 -0.107996 -0.108963 -0.118456 -0.129308 -0.141813 -0.156405 -0.173657 -0.194095 -0.218470 -0.247840 -0.284020 -0.326035 -0.371725 -0.454516 -0.492919
-0.000533 -0.001990 -0.007509 -0.008029 -0.009392 -0.011096 -0.013010 -0.015013 -0.017072 -0.019179 -0.021326 -0.023521 -0.025761 -0.027418 -0.029825 -0.032309 -0.034889 -0.037606 -0.040820 -0.043806 -0.046458 -0.049465 -0.052648 -0.056149 -0.060041 -0.064016 -0.068249 -0.072761 -0.077588 -0.082802 -0.088484 -0.094741 -0.101595 -0.109126 -0.117447 -0.126706 -0.128089 -0.138817 -0.151014 -0.164940 -0.180805 -0.199159 -0.220578 -0.245895 -0.275232 -0.310413 -0.349291 -0.390831 -0.463260 -0.505759
0.001677 -0.000543 -0.008161 -0.009203 -0.010893 -0.012927 -0.015169 -0.017500 -0.019890 -0.022327 -0.024806 -0.027331 -0.029921 -0.031923 -0.034761 -0.038082 -0.041098 -0.043813 -0.046772 -0.050002 -0.053655 -0.057306 -0.061059 -0.065052 -0.069378 -0.073926 -0.078756 -0.083921 -0.089447 -0.095388 -0.101824 -0.108831 -0.116472 -0.124849 -0.134076 -0.144297 -0.146175 -0.157868 -0.170932 -0.185759 -0.202646 -0.221894 -0.243816 -0.269202 -0.297893 -0.331551 -0.367349 -0.405077 -0.464370 -0.519697
-0.001433 -0.004110 -0.006847 -0.006744 -0.009084 -0.011553 -0.013925 -0.016344 -0.020908 -0.023561 -0.026191 -0.028891 -0.031671 -0.034223 -0.037414 -0.040687 -0.044081 -0.046679 -0.049833 -0.053202 -0.056950 -0.060807 -0.064825 -0.068005 -0.072443 -0.077146 -0.082159 -0.087522 -0.093271 -0.099451 -0.106131 -0.113376 -0.121253 -0.129826 -0.139262 -0.149741 -0.154788 -0.166987 -0.180481 -0.195672 -0.213000 -0.232374 -0.254890 -0.279466 -0.309717 -0.339731 -0.382396 -0.414950 -0.469859 -0.499498
0.005109 -0.004287 -0.009578 -0.011488 -0.013817 -0.016484 -0.019362 -0.022319 -0.025332 -0.028386 -0.031456 -0.034627 -0.037943 -0.040896 -0.044024 -0.047738 -0.051426 -0.055299 -0.059289 -0.063431 -0.067776 -0.072318 -0.077068 -0.082065 -0.087338 -0.092918 -0.098840 -0.105140 -0.111849 -0.119009 -0.126610 -0.134839 -0.143833 -0.153665 -0.164281 -0.175813 -0.178388 -0.191531 -0.206023 -0.222056 -0.239818 -0.259586 -0.281449 -0.305973 -0.332540 -0.362765 -0.392927 -0.424568 -0.474053 -0.508004
0.001725 -0.003500 -0.004404 -0.010013 -0.013697 -0.016910 -0.020011 -0.023131 -0.026267 -0.029453 -0.032720 -0.036063 -0.039665 -0.041948 -0.045540 -0.049237 -0.053059 -0.057017 -0.061130 -0.065407 -0.069867 -0.074526 -0.079409 -0.084535 -0.089942 -0.095654 -0.101693 -0.108111 -0.114968 -0.122352 -0.130267 -0.138731 -0.147857 -0.157749 -0.168522 -0.180263 -0.185673 -0.199085 -0.213831 -0.230034 -0.247988 -0.267631 -0.289769 -0.313297 -0.341162 -0.367836 -0.405460 -0.431331 -0.478651 -0.508195
0.000752 -0.000660 -0.005122 -0.011089 -0.015088 -0.018610 -0.022004 -0.025418 -0.028838 -0.032351 -0.035961 -0.039721 -0.043467 -0.046031 -0.049957 -0.054001 -0.058183 -0.062508 -0.066992 -0.071650 -0.076501 -0.081564 -0.086861 -0.092400 -0.098221 -0.104376 -0.110922 -0.117881 -0.125231 -0.133047 -0.141408 -0.150385 -0.160032 -0.170435 -0.181689 -0.193888 -0.199504 -0.213298 -0.228343 -0.244736 -0.262717 -0.282198 -0.303886 -0.326696 -0.353336 -0.378478 -0.413926 -0.437219 -0.481782 -0.517475
0.005006 -0.004615 -0.005795 -0.012134 -0.016445 -0.020261 -0.023949 -0.027624 -0.031364 -0.035198 -0.039181 -0.043144 -0.047229 -0.050009 -0.057467 -0.061997 -0.066766 -0.071687 -0.076784 -0.082067 -0.087551 -0.093234 -0.099104 -0.105284 -0.108109 -0.118822 -0.126007 -0.133565 -0.141625 -0.150168 -0.159247 -0.168930 -0.179269 -0.190332 -0.202191 -0.214932 -0.218435 -0.232566 -0.247802 -0.264248 -0.281976 -0.301135 -0.321638 -0.343910 -0.367056 -0.392709 -0.416273 -0.441914 -0.456510 -0.518985
0.004957 -0.004601 -0.006458 -0.013156 -0.017769 -0.021863 -0.025815 -0.029793 -0.033825 -0.038021 -0.042217 -0.046504 -0.050927 -0.053893 -0.058462 -0.063170 -0.068020 -0.073027 -0.078207 -0.083564 -0.089110 -0.094908 -0.101013 -0.107348 -0.109870 -0.120919 -0.128248 -0.135977 -0.144158 -0.152825 -0.162029 -0.171824 -0.182268 -0.193427 -0.205370 -0.218175 -0.223998 -0.238210 -0.253491 -0.269897 -0.287591 -0.306447 -0.327029 -0.348311 -0.372659 -0.395141 -0.426863 -0.446097 -0.486368 -0.501112
-0.001032 -0.007794 -0.007134 -0.014155 -0.019053 -0.023426 -0.027625 -0.031878 -0.036226 -0.040728 -0.045179 -0.049793 -0.054475 -0.057650 -0.062530 -0.067545 -0.072708 -0.078024 -0.083499 -0.089179 -0.095146 -0.101309 -0.107675 -0.114341 -0.117778 -0.128623 -0.136311 -0.144402 -0.152935 -0.161947 -0.171485 -0.181598 -0.192340 -0.203768 -0.215944 -0.228931 -0.234780 -0.249070 -0.264343 -0.280633 -0.298078 -0.316539 -0.336537 -0.357068 -0.380381 -0.401714 -0.431878 -0.449529 -0.482946 -0.505454
0.000614 -0.008286 -0.007741 -0.015120 -0.020294 -0.024908 -0.029400 -0.033854 -0.038659 -0.043283 -0.048076 -0.052940 -0.057939 -0.061295 -0.066467 -0.071776 -0.077218 -0.082814 -0.088650 -0.094703 -0.100908 -0.107362 -0.114056 -0.121039 -0.124561 -0.135981 -0.143992 -0.152403 -0.161246 -0.170558 -0.180383 -0.190763 -0.201748 -0.213387 -0.225733 -0.238839 -0.244669 -0.258978 -0.274184 -0.290306 -0.307464 -0.325510 -0.344930 -0.364740 -0.387094 -0.407368 -0.436172 -0.452454 -0.483571 -0.518746
0.006860 -0.008481 -0.008101 -0.016034 -0.021495 -0.026345 -0.031085 -0.035959 -0.040847 -0.045807 -0.050846 -0.056008 -0.061291 -0.064820 -0.070269 -0.075830 -0.081549 -0.087523 -0.093636 -0.099925 -0.106423 -0.113166 -0.120168 -0.127452 -0.131064 -0.142986 -0.151287 -0.159980 -0.169097 -0.178669 -0.188737 -0.199339 -0.210518 -0.222318 -0.234783 -0.247957 -0.253736 -0.268015 -0.283110 -0.299031 -0.315882 -0.333507 -0.352365 -0.371490 -0.392952 -0.412256 -0.439867 -0.455028 -0.462178 -0.513651
-0.006839 -0.008703 -0.008652 -0.016936 -0.022647 -0.027743 -0.032635 -0.037934 -0.043011 -0.048230 -0.053542 -0.058979 -0.064531 -0.068216 -0.073899 -0.079741 -0.085829 -0.092008 -0.098367 -0.104929 -0.111714 -0.118736 -0.126014 -0.133570 -0.137264 -0.149639 -0.158198 -0.167141 -0.176497 -0.186291 -0.196563 -0.207346 -0.218677 -0.230595 -0.243136 -0.256338 -0.262049 -0.276260 -0.291215 -0.306913 -0.323445 -0.340651 -0.358971 -0.377446 -0.398087 -0.416523 -0.443060 -0.457349 -0.463113 -0.506490
0.004738 -0.004256 -0.009242 -0.017814 -0.023736 -0.029060 -0.034402 -0.039729 -0.045113 -0.050567 -0.056152 -0.061846 -0.067662 -0.071453 -0.077410 -0.083597 -0.089859 -0.096285 -0.102906 -0.109732 -0.116777 -0.124055 -0.131587 -0.139393 -0.143150 -0.155944 -0.164734 -0.173897 -0.183459 -0.193445 -0.203887 -0.214816 -0.226265 -0.238264 -0.250847 -0.264042 -0.269668 -0.283784 -0.298578 -0.314039 -0.330251 -0.347049 -0.364854 -0.382718 -0.402605 -0.420291 -0.445943 -0.459468 -0.463911 -0.518375
-0.006839 -0.009055 -0.009818 -0.018661 -0.024802 -0.030174 -0.036000 -0.041503 -0.047110 -0.052838 -0.058666 -0.064616 -0.070659 -0.074580 -0.080866 -0.087215 -0.093712 -0.100389 -0.107257 -0.114324 -0.121609 -0.129124 -0.136888 -0.144923 -0.148737 -0.161911 -0.170905 -0.180262 -0.190003 -0.200151 -0.210734 -0.221778 -0.233314 -0.245366 -0.257962 -0.271126 -0.276652 -0.290656 -0.305274 -0.320493 -0.336389 -0.352789 -0.370101 -0.387400 -0.406600 -0.423615 -0.448560 -0.461341 -0.464558 -0.504047
-0.000155 -0.004772 -0.010331 -0.019452 -0.025816 -0.031570 -0.037432 -0.043210 -0.049053 -0.055019 -0.061088 -0.067266 -0.073567 -0.077667 -0.084104 -0.090674 -0.097409 -0.104318 -0.111414 -0.118706 -0.126213 -0.133947 -0.141925 -0.150168 -0.154028 -0.167549 -0.176725 -0.186251 -0.196148 -0.206431 -0.217129 -0.228264 -0.239861 -0.251942 -0.264529 -0.277641 -0.283058 -0.296934 -0.311369 -0.326345 -0.341927 -0.357940 -0.374789 -0.391547 -0.410237 -0.426749 -0.450843 -0.462871 -0.486776 -0.517951
-0.006828 -0.005172 -0.010660 -0.020197 -0.026734 -0.032930 -0.038849 -0.044835 -0.050929 -0.057119 -0.063422 -0.069831 -0.076162 -0.080548 -0.087194 -0.093990 -0.100946 -0.108071 -0.115379 -0.122881 -0.130594 -0.138529 -0.146704 -0.155136 -0.159020 -0.172870 -0.182208 -0.191882 -0.201910 -0.212308 -0.223099 -0.234302 -0.245940 -0.258029 -0.270590 -0.283634 -0.288935 -0.302675 -0.316923 -0.331652 -0.346923 -0.362580 -0.379010 -0.395376 -0.413511 -0.429553 -0.452998 -0.464285 -0.487285 -0.504116
0.004574 -0.005622 -0.011184 -0.020877 -0.027676 -0.034075 -0.040217 -0.046412 -0.052724 -0.059143 -0.065631 -0.072106 -0.078862 -0.083298 -0.090158 -0.097162 -0.104323 -0.111649 -0.119156 -0.126853 -0.134756 -0.142877 -0.151232 -0.159836 -0.163729 -0.177889 -0.187368 -0.197170 -0.207312 -0.217806 -0.228671 -0.239925 -0.251586 -0.263667 -0.276186 -0.289150 -0.294329 -0.307928 -0.321972 -0.336467 -0.351462 -0.366784 -0.382806 -0.398696 -0.416307 -0.431884 -0.454948 -0.465509 -0.487717 -0.517158
0.002098 -0.006109 -0.011279 -0.021369 -0.028654 -0.035144 -0.041502 -0.047932 -0.054447 -0.061066 -0.067702 -0.074491 -0.081317 -0.085934 -0.092993 -0.100192 -0.107544 -0.115059 -0.122750 -0.130628 -0.138708 -0.147000 -0.155519 -0.164280 -0.168165 -0.182617 -0.192222 -0.202137 -0.212375 -0.222947 -0.233871 -0.245159 -0.256829 -0.268889 -0.281353 -0.294225 -0.299271 -0.312727 -0.326616 -0.340848 -0.355538 -0.370515 -0.386164 -0.401655 -0.418796 -0.433918 -0.456639 -0.466594 -0.488148 -0.508064
0.002131 -0.006387 -0.011732 -0.022012 -0.029542 -0.036178 -0.042739 -0.049378 -0.056115 -0.062925 -0.069698 -0.076639 -0.083678 -0.088457 -0.095702 -0.103084 -0.110616 -0.118307 -0.126170 -0.134217 -0.142460 -0.150908 -0.159577 -0.168480 -0.172337 -0.187075 -0.196792 -0.206804 -0.217124 -0.227760 -0.238728 -0.250036 -0.261699 -0.273723 -0.286079 -0.298853 -0.303843 -0.317105 -0.330759 -0.344765 -0.359185 -0.373870 -0.389176 -0.404294 -0.421018 -0.435730 -0.458132 -0.467626 -0.488535 -0.497467
0.002163 -0.005004 -0.012492 -0.022695 -0.030337 -0.037173 -0.043933 -0.050764 -0.057663 -0.064527 -0.071636 -0.078713 -0.085931 -0.090861 -0.098280 -0.105833 -0.113534 -0.121389 -0.129414 -0.137616 -0.146010 -0.154603 -0.163409 -0.172440 -0.176253 -0.191264 -0.201079 -0.211176 -0.221565 -0.232251 -0.243248 -0.254563 -0.266166 -0.278135 -0.290168 -0.302546 -0.307909 -0.321029 -0.334506 -0.348309 -0.362488 -0.376894 -0.391886 -0.406659 -0.422990 -0.437319 -0.459418 -0.468525 -0.475892 -0.515608
-0.001207 -0.009958 -0.013202 -0.023361 -0.031106 -0.038117 -0.045077 -0.052094 -0.059152 -0.066244 -0.073405 -0.080677 -0.088066 -0.093133 -0.100714 -0.108427 -0.116284 -0.124292 -0.132465 -0.140811 -0.149343 -0.158068 -0.166998 -0.176146 -0.179925 -0.195174 -0.205073 -0.215240 -0.225684 -0.236408 -0.247383 -0.258700 -0.269989 -0.281631 -0.293787 -0.306295 -0.311653 -0.324647 -0.337965 -0.351572 -0.365515 -0.379865 -0.394388 -0.410364 -0.426548 -0.440353 -0.460139 -0.466402 -0.485203 -0.502680
0.002181 -0.006960 -0.013842 -0.023992 -0.031825 -0.039019 -0.046164 -0.053349 -0.060483 -0.067784 -0.075105 -0.082542 -0.090088 -0.095274 -0.103007 -0.110868 -0.118870 -0.127019 -0.135330 -0.143808 -0.152467 -0.161312 -0.170355 -0.179607 -0.183362 -0.198816 -0.208786 -0.219011 -0.229466 -0.240247 -0.250881 -0.261884 -0.273392 -0.285243 -0.297396 -0.309845 -0.315140 -0.328009 -0.341171 -0.354598 -0.368338 -0.382246 -0.396655 -0.410756 -0.426359 -0.439979 -0.461359 -0.469839 -0.489036 -0.509555
0.004203 -0.007208 -0.014444 -0.024586 -0.032504 -0.039887 -0.047199 -0.054498 -0.061865 -0.069238 -0.076720 -0.084308 -0.092001 -0.097299 -0.105173 -0.113173 -0.121311 -0.129592 -0.138030 -0.146630 -0.155405 -0.164361 -0.173507 -0.182853 -0.186570 -0.202222 -0.212231 -0.222534 -0.232661 -0.243120 -0.254118 -0.265378 -0.276911 -0.288716 -0.300800 -0.313157 -0.318346 -0.331089 -0.344103 -0.357360 -0.370907 -0.384605 -0.398774 -0.412613 -0.427881 -0.441141 -0.462227 -0.470449 -0.489204 -0.496329
-0.001782 -0.007448 -0.014997 -0.025126 -0.033168 -0.040716 -0.048192 -0.055590 -0.063074 -0.070617 -0.078247 -0.085976 -0.093806 -0.099217 -0.107224 -0.115354 -0.123618 -0.132023 -0.140579 -0.149293 -0.158176 -0.167233 -0.176474 -0.185914 -0.189560 -0.205407 -0.215159 -0.225155 -0.235666 -0.246414 -0.257413 -0.268659 -0.280162 -0.291917 -0.303932 -0.316199 -0.321282 -0.333906 -0.346781 -0.359878 -0.373246 -0.386744 -0.400698 -0.414306 -0.429311 -0.442229 -0.463065 -0.471053 -0.477695 -0.496387
0.002167 -0.007690 -0.015485 -0.025641 -0.033799 -0.041494 -0.049089 -0.056675 -0.064247 -0.071924 -0.079689 -0.087548 -0.095505 -0.101029 -0.109161 -0.117412 -0.125795 -0.134313 -0.142979 -0.151798 -0.160780 -0.169930 -0.179258 -0.188766 -0.192348 -0.207810 -0.217873 -0.228173 -0.238705 -0.249464 -0.260460 -0.271689 -0.283159 -0.294864 -0.306810 -0.318989 -0.323972 -0.336480 -0.349223 -0.362170 -0.375370 -0.388688 -0.402440 -0.415845 -0.430624 -0.443258 -0.463855 -0.471630 -0.489552 -0.496456
0.003864 -0.007972 -0.015949 -0.026139 -0.034399 -0.042242 -0.049910 -0.057617 -0.065345 -0.073155 -0.081044 -0.089025 -0.097101 -0.102734 -0.110983 -0.119348 -0.127841 -0.136465 -0.145233 -0.154148 -0.163223 -0.172442 -0.181720 -0.190859 -0.194939 -0.210515 -0.220642 -0.230969 -0.241519 -0.252284 -0.263274 -0.274483 -0.285919 -0.297573 -0.309451 -0.321546 -0.326433 -0.338833 -0.351451 -0.364256 -0.377299 -0.390448 -0.404017 -0.417239 -0.431822 -0.444240 -0.464598 -0.472182 -0.488724 -0.512400
0.003743 -0.001505 -0.016417 -0.026569 -0.034972 -0.042961 -0.050738 -0.058528 -0.066380 -0.074310 -0.082315 -0.090409 -0.098595 -0.104336 -0.112694 -0.121165 -0.129760 -0.138483 -0.147342 -0.156337 -0.165491 -0.174297 -0.183617 -0.193248 -0.197376 -0.213043 -0.223205 -0.233556 -0.244119 -0.254887 -0.265869 -0.277056 -0.288456 -0.300060 -0.311873 -0.323887 -0.328682 -0.340980 -0.353480 -0.366153 -0.379050 -0.392042 -0.405443 -0.418498 -0.432914 -0.445131 -0.465260 -0.472674 -0.488555 -0.498219
0.003594 -0.008596 -0.016853 -0.026999 -0.035496 -0.043511 -0.051482 -0.059385 -0.067350 -0.075390 -0.083503 -0.091702 -0.099991 -0.105837 -0.114296 -0.122866 -0.131556 -0.140372 -0.149303 -0.158113 -0.166964 -0.176310 -0.185818 -0.195500 -0.199632 -0.215382 -0.225574 -0.235945 -0.246519 -0.257286 -0.268257 -0.279422 -0.290786 -0.302342 -0.314092 -0.326030 -0.330737 -0.342937 -0.355326 -0.367875 -0.380636 -0.393483 -0.406730 -0.419633 -0.433906 -0.445937 -0.465869 -0.473090 -0.488561 -0.497561
0.002108 -0.007049 -0.017266 -0.027424 -0.036029 -0.044152 -0.052159 -0.060183 -0.068254 -0.076397 -0.084610 -0.092907 -0.101291 -0.107241 -0.115794 -0.124453 -0.133226 -0.142097 -0.150558 -0.159607 -0.168874 -0.178284 -0.187849 -0.197581 -0.201718 -0.217541 -0.227758 -0.238146 -0.248727 -0.259493 -0.270452 -0.281593 -0.292922 -0.304430 -0.316121 -0.327986 -0.332610 -0.344719 -0.357003 -0.369437 -0.382072 -0.394783 -0.407890 -0.420652 -0.434807 -0.446662 -0.466416 -0.473377 -0.478033 -0.509834
-0.005477 -0.003588 -0.017665 -0.027818 -0.036454 -0.044714 -0.052803 -0.060927 -0.069095 -0.077332 -0.085637 -0.094024 -0.102495 -0.108550 -0.117190 -0.125926 -0.134536 -0.143083 -0.152140 -0.161320 -0.170643 -0.180106 -0.189723 -0.199499 -0.203641 -0.219528 -0.229767 -0.240168 -0.250755 -0.261519 -0.272464 -0.283581 -0.294875 -0.306338 -0.317973 -0.329770 -0.334313 -0.346335 -0.358523 -0.370849 -0.383367 -0.395952 -0.408930 -0.421562 -0.435626 -0.447312 -0.466896 -0.473489 -0.490765 -0.496783
0.003262 -0.007370 -0.018064 -0.028182 -0.036906 -0.045209 -0.053399 -0.061617 -0.069873 -0.078198 -0.086587 -0.095056 -0.103609 -0.109770 -0.118480 -0.126811 -0.135531 -0.144532 -0.153652 -0.162893 -0.172269 -0.181783 -0.191446 -0.201260 -0.205408 -0.221349 -0.231608 -0.242021 -0.252612 -0.263371 -0.274302 -0.285396 -0.296656 -0.308078 -0.319660 -0.331395 -0.335860 -0.347803 -0.359900 -0.372125 -0.384534 -0.397002 -0.409862 -0.422374 -0.436366 -0.447876 -0.467346 -0.473414 -0.491060 -0.517389
-0.003738 -0.009155 -0.021966 -0.030067 -0.038156 -0.046349 -0.054556 -0.062806 -0.071110 -0.079476 -0.087915 -0.096430 -0.105034 -0.110639 -0.119380 -0.128221 -0.137145 -0.146182 -0.155337 -0.164614 -0.174017 -0.183554 -0.193231 -0.203058 -0.207702 -0.223154 -0.233426 -0.243848 -0.254422 -0.265155 -0.276046 -0.287098 -0.298306 -0.309671 -0.321184 -0.332851 -0.338643 -0.350554 -0.362603 -0.374775 -0.387051 -0.399488 -0.411882 -0.424757 -0.436840 -0.451080 -0.460357 -0.482265 -0.491333 -0.505111
-0.001271 -0.009218 -0.022192 -0.030360 -0.038544 -0.046813 -0.055098 -0.063427 -0.071806 -0.080248 -0.088757 -0.097343 -0.106078 -0.111686 -0.120255 -0.129353 -0.138339 -0.147433 -0.156642 -0.165967 -0.175415 -0.184992 -0.194706 -0.204563 -0.209291 -0.224703 -0.234988 -0.245417 -0.255991 -0.266716 -0.277593 -0.288621 -0.299799 -0.311123 -0.322590 -0.334200 -0.340019 -0.351863 -0.363832 -0.375916 -0.388096 -0.400431 -0.412707 -0.425486 -0.437466 -0.451759 -0.460929 -0.483263 -0.487122 -0.495962
-0.001116 -0.009323 -0.022397 -0.030655 -0.038896 -0.047235 -0.055590 -0.063987 -0.072436 -0.080944 -0.089517 -0.098338 -0.107564 -0.112602 -0.121447 -0.130387 -0.139427 -0.148572 -0.157827 -0.167197 -0.176685 -0.186298 -0.196043 -0.205927 -0.210739 -0.220616 -0.236401 -0.246835 -0.257409 -0.268126 -0.278989 -0.289997 -0.301146 -0.312434 -0.323856 -0.335418 -0.341261 -0.353047 -0.364944 -0.376948 -0.389055 -0.401349 -0.413535 -0.426245 -0.438156 -0.452442 -0.461372 -0.484080 -0.491945 -0.510974
-0.015320 -0.009414 -0.022568 -0.030906 -0.039221 -0.047617 -0.056033 -0.064494 -0.073004 -0.081570 -0.090518 -0.099600 -0.108387 -0.113431 -0.122330 -0.131321 -0.140409 -0.149600 -0.158897 -0.168306 -0.177829 -0.187475 -0.197248 -0.207156 -0.212054 -0.221903 -0.237672 -0.248111 -0.258684 -0.269392 -0.280241 -0.291230 -0.302360 -0.313615 -0.324993 -0.336514 -0.342378 -0.348169 -0.366793 -0.378119 -0.390191 -0.402354 -0.414443 -0.427109 -0.438953 -0.453272 -0.462025 -0.484871 -0.472028 -0.511892
-0.003011 -0.009574 -0.022732 -0.031146 -0.039515 -0.047965 -0.056432 -0.064948 -0.073507 -0.082574 -0.091508 -0.100285 -0.109118 -0.114176 -0.123122 -0.132158 -0.141290 -0.150520 -0.159855 -0.169298 -0.178854 -0.188528 -0.198325 -0.208254 -0.214780 -0.228490 -0.238806 -0.249250 -0.259827 -0.270519 -0.281357 -0.292337 -0.303477 -0.314851 -0.326388 -0.337928 -0.343609 -0.355285 -0.367057 -0.378948 -0.390944 -0.403085 -0.415149 -0.427772 -0.439529 -0.453769 -0.463603 -0.484248 -0.489885 -0.502510
0.002078 -0.008111 -0.022892 -0.031362 -0.039777 -0.048278 -0.056794 -0.065349 -0.074493 -0.083328 -0.092070 -0.100889 -0.109767 -0.114840 -0.123827 -0.132903 -0.142072 -0.151338 -0.160706 -0.170181 -0.179764 -0.189462 -0.199280 -0.209228 -0.213913 -0.229487 -0.239811 -0.250267 -0.260889 -0.271767 -0.282676 -0.293657 -0.304752 -0.315960 -0.327304 -0.338738 -0.344330 -0.356008 -0.367783 -0.379656 -0.391594 -0.403687 -0.415684 -0.428285 -0.439977 -0.454242 -0.464023 -0.483188 -0.509651 -0.498851
-0.002726 -0.017198 -0.025429 -0.025381 -0.033902 -0.042413 -0.050986 -0.059556 -0.068211 -0.076865 -0.085613 -0.094393 -0.103259 -0.112186 -0.121198 -0.130291 -0.139474 -0.148747 -0.158119 -0.167592 -0.177169 -0.186851 -0.196648 -0.206566 -0.216594 -0.226732 -0.236997 -0.247394 -0.261984 -0.272669 -0.283460 -0.294393 -0.305471 -0.316671 -0.328004 -0.339455 -0.345120 -0.356764 -0.368491 -0.380328 -0.392213 -0.404270 -0.416206 -0.428783 -0.440375 -0.454670 -0.464274 -0.482093 -0.502513 -0.502731
-0.002567 -0.007694 -0.023130 -0.031694 -0.040173 -0.048745 -0.057977 -0.066699 -0.075405 -0.084168 -0.092983 -0.101874 -0.110825 -0.115923 -0.124978 -0.134119 -0.143353 -0.152675 -0.162095 -0.171626 -0.181311 -0.191130 -0.201000 -0.210995 -0.215580 -0.231226 -0.241580 -0.252052 -0.262638 -0.273348 -0.284183 -0.295140 -0.306216 -0.317416 -0.328740 -0.340180 -0.345823 -0.357432 -0.369125 -0.380922 -0.392768 -0.404786 -0.416679 -0.429231 -0.440818 -0.455189 -0.464900 -0.481394 -0.495406 -0.500286
0.001104 -0.007893 -0.023213 -0.031799 -0.040321 -0.049581 -0.058253 -0.066954 -0.075691 -0.084489 -0.093332 -0.102252 -0.111233 -0.116344 -0.125421 -0.134589 -0.143868 -0.153284 -0.162743 -0.172302 -0.181895 -0.191631 -0.201502 -0.211488 -0.216160 -0.231845 -0.242223 -0.252718 -0.263320 -0.274022 -0.284846 -0.295789 -0.306849 -0.318044 -0.329366 -0.340811 -0.346469 -0.358067 -0.369761 -0.381543 -0.393380 -0.405367 -0.417244 -0.429731 -0.441302 -0.455649 -0.465741 -0.480614 -0.497323 -0.475904
0.000598 -0.009698 -0.023265 -0.031861 -0.041050 -0.049727 -0.058405 -0.067132 -0.075896 -0.084721 -0.093583 -0.102516 -0.111519 -0.116705 -0.125820 -0.135032 -0.144284 -0.153636 -0.163110 -0.172682 -0.182366 -0.192147 -0.202012 -0.212002 -0.216678 -0.232404 -0.242817 -0.253333 -0.263951 -0.274690 -0.285558 -0.296601 -0.307789 -0.319094 -0.330516 -0.342046 -0.347233 -0.358834 -0.370538 -0.382313 -0.394148 -0.406108 -0.417946 -0.430116 -0.442205 -0.455620 -0.466916 -0.479324 -0.500657 -0.471421
0.000170 -0.014359 -0.023297 -0.032537 -0.041086 -0.049747 -0.058418 -0.067127 -0.075881 -0.084707 -0.093579 -0.102481 -0.111510 -0.116912 -0.126038 -0.135247 -0.144571 -0.153992 -0.163501 -0.173117 -0.182841 -0.192759 -0.202821 -0.212994 -0.217009 -0.233591 -0.244029 -0.254577 -0.265242 -0.276028 -0.286940 -0.297961 -0.309098 -0.320349 -0.331717 -0.343200 -0.347445 -0.359016 -0.370693 -0.382468 -0.394398 -0.406294 -0.418517 -0.430190 -0.442716 -0.455328 -0.468066 -0.484212 -0.504918 -0.463412
-0.002040 -0.013843 -0.023604 -0.032055 -0.040668 -0.049328 -0.057994 -0.066700 -0.075441 -0.084228 -0.093070 -0.101985 -0.110951 -0.116111 -0.125309 -0.134590 -0.143955 -0.153405 -0.162936 -0.172553 -0.182287 -0.192114 -0.202048 -0.212089 -0.216033 -0.232439 -0.242745 -0.253171 -0.263706 -0.274391 -0.285202 -0.296122 -0.307153 -0.318300 -0.329561 -0.340926 -0.346472 -0.358124 -0.369881 -0.381686 -0.393633 -0.405526 -0.417677 -0.429199 -0.442069 -0.451860 -0.464611 -0.478123 -0.504869 -0.563252
-0.002168 -0.015882 -0.023664 -0.025329 -0.034834 -0.044120 -0.053383 -0.070921 -0.079983 -0.080916 -0.090248 -0.099853 -0.117876 -0.109895 -0.128762 -0.138545 -0.156615 -0.145973 -0.155263 -0.178873 -0.189433 -0.200057 -0.210766 -0.221576 -0.245763 -0.245265 -0.233719 -0.244081 -0.278030 -0.289634 -0.301353 -0.287003 -0.298073 -0.330540 -0.349919 -0.362381 -0.374977 -0.387692 -0.400530 -0.380619 -0.415052 -0.427482 -0.440099 -0.453564 -0.467337 -0.480854 -0.495212 -0.470481 -0.503215 -0.455656
-0.003925 -0.018132 -0.024166 -0.028120 -0.035433 -0.043801 -0.052386 -0.063381 -0.069497 -0.078120 -0.087022 -0.095468 -0.110975 -0.116242 -0.123509 -0.133017 -0.155836 -0.158542 -0.164571 -0.160518 -0.182415 -0.204128 -0.194560 -0.213494 -0.241525 -0.218927 -0.266156 -0.254251 -0.277112 -0.278851 -0.289990 -0.306175 -0.315066 -0.332946 -0.321648 -0.335259 -0.364300 -0.356435 -0.384890 -0.392624 -0.393987 -0.423161 -0.428950 -0.449195 -0.442636 -0.454263 -0.488716 -0.476853 -0.500751 -0.501657
