0.004020 0.000004 -0.000148 0.006934 0.002289 0.004231 0.012732 0.004204 0.004647 0.010622 0.005423 -0.008409 0.003299 -0.004323 0.000641 -0.007285 0.019339 -0.035917 0.001272 0.005317 0.003700 0.002382 0.000165 -0.001982 -0.002301 -0.038468 -0.008074 0.001040 0.001852 -0.001804 -0.001772 0.008643 -0.013683 -0.030344 -0.013498 -0.012796 0.014800 -0.001466 -0.003158 -0.010653 -0.009504 -0.007777 0.001050 -0.004438 -0.006299 -0.000782 -0.000452 -0.000312 -0.002620 -0.006377
0.029287 0.021351 0.023421 0.019476 0.017805 0.015395 0.013905 0.027615 0.010403 0.009054 0.025927 0.006163 0.004379 0.023291 0.022024 0.020747 0.019239 0.017427 0.015607 0.013525 0.011263 0.009193 0.007195 -0.017464 -0.014509 0.001386 -0.000088 -0.001485 -0.002792 -0.003925 -0.004822 -0.005560 -0.006074 -0.006427 -0.006709 -0.007024 -0.021208 -0.020438 -0.019598 -0.018699 -0.017747 -0.008227 -0.007786 -0.013701 -0.013173 -0.007077 -0.011690 -0.009885 -0.008376 -0.007807
0.034852 0.046183 0.050073 0.047564 0.047590 0.047102 0.045327 0.043249 0.040910 0.038352 0.035446 0.032433 0.029172 0.025736 0.022127 0.018428 0.014646 0.010822 0.007033 0.003169 -0.000371 -0.004010 -0.007380 -0.010571 -0.013542 -0.016380 -0.018888 -0.021164 -0.023228 -0.024992 -0.026460 -0.027663 -0.028575 -0.029237 -0.029603 -0.029601 -0.029465 -0.028928 -0.028327 -0.027363 -0.026373 -0.025200 -0.024001 -0.022749 -0.021704 -0.020701 -0.020265 -0.019946 -0.016787 -0.009771
0.053574 0.064095 0.068696 0.051174 0.049309 0.048402 0.046592 0.044566 0.042089 0.039363 0.036328 0.033268 0.029721 0.026345 0.022537 0.018703 0.014783 0.010832 0.006907 0.003010 -0.000393 -0.004141 -0.007361 -0.010683 -0.013747 -0.016687 -0.019376 -0.021699 -0.023741 -0.025696 -0.027276 -0.028535 -0.029502 -0.030152 -0.030516 -0.030588 -0.030462 -0.029997 -0.029387 -0.028394 -0.027342 -0.026117 -0.024854 -0.023497 -0.022379 -0.021309 -0.020397 -0.026778 -0.024501 -0.023045
0.066101 0.081777 0.069356 0.069956 0.068807 0.066103 0.064379 0.061497 0.058303 0.054721 0.050668 0.046325 0.041654 0.036714 0.031538 0.026233 0.020843 0.015382 0.009852 0.004352 -0.000894 -0.006132 -0.011082 -0.015610 -0.019895 -0.023876 -0.027461 -0.030745 -0.033604 -0.036078 -0.038147 -0.039841 -0.041128 -0.042031 -0.042503 -0.042538 -0.042225 -0.041472 -0.040454 -0.039090 -0.037529 -0.035783 -0.033955 -0.032155 -0.029962 -0.028950 -0.027514 -0.026901 -0.030926 -0.027736
0.081597 0.100687 0.087296 0.087329 0.084351 0.082970 0.080014 0.076506 0.072512 0.067927 0.062904 0.057476 0.051610 0.045463 0.038989 0.032355 0.025591 0.018737 0.011823 0.005066 -0.001432 -0.007851 -0.013863 -0.019523 -0.024841 -0.029791 -0.034299 -0.038348 -0.041924 -0.045037 -0.047646 -0.049753 -0.051352 -0.052439 -0.053017 -0.053074 -0.052662 -0.051740 -0.050401 -0.048638 -0.046550 -0.044272 -0.041790 -0.039491 -0.037049 -0.034824 -0.033305 -0.033166 -0.037357 -0.032747
0.115052 0.119554 0.106583 0.106442 0.104435 0.101429 0.097867 0.093588 0.088702 0.083184 0.077072 0.070414 0.063249 0.055658 0.047725 0.039535 0.031191 0.022728 0.014178 0.005855 -0.002267 -0.010185 -0.017634 -0.024590 -0.031088 -0.037123 -0.042610 -0.047542 -0.051888 -0.055647 -0.058800 -0.061346 -0.063272 -0.064575 -0.065246 -0.065280 -0.064692 -0.063496 -0.061717 -0.059452 -0.056699 -0.053726 -0.050464 -0.047381 -0.044210 -0.041782 -0.039256 -0.039079 -0.042195 -0.032975
0.142695 0.139298 0.125805 0.125573 0.122713 0.119503 0.115269 0.110333 0.104599 0.098109 0.090901 0.083025 0.074529 0.065521 0.056095 0.046340 0.036407 0.026317 0.016155 0.006277 -0.003332 -0.012693 -0.021462 -0.029671 -0.037326 -0.044421 -0.050874 -0.056659 -0.061760 -0.066167 -0.069865 -0.072845 -0.075099 -0.076616 -0.077384 -0.077398 -0.076651 -0.075168 -0.072931 -0.070092 -0.066574 -0.062799 -0.058577 -0.054643 -0.050651 -0.047301 -0.044444 -0.044256 -0.044021 -0.034706
0.141554 0.159629 0.146212 0.145888 0.142869 0.138987 0.134147 0.128432 0.121798 0.114279 0.105898 0.096705 0.086771 0.076216 0.065130 0.053652 0.041966 0.030061 0.018112 0.006513 -0.004783 -0.015757 -0.025983 -0.035550 -0.044453 -0.052670 -0.060136 -0.066818 -0.072703 -0.077780 -0.082039 -0.085473 -0.088068 -0.089812 -0.090682 -0.090670 -0.089736 -0.087926 -0.085148 -0.081642 -0.077183 -0.072436 -0.066987 -0.061987 -0.056895 -0.052887 -0.049044 -0.048829 -0.050953 -0.040808
0.186453 0.181119 0.167170 0.166830 0.163285 0.159013 0.153540 0.147104 0.139575 0.131012 0.121424 0.110862 0.099419 0.087218 0.074370 0.061053 0.047494 0.033633 0.019799 0.006381 -0.006666 -0.019317 -0.031026 -0.041982 -0.052154 -0.061509 -0.069997 -0.077578 -0.084249 -0.089998 -0.094824 -0.098717 -0.101666 -0.103652 -0.104641 -0.104619 -0.103503 -0.101356 -0.097974 -0.093710 -0.088100 -0.082156 -0.075126 -0.068782 -0.062364 -0.057323 -0.052681 -0.052398 -0.053153 -0.031966
0.180717 0.203921 0.189271 0.188893 0.185000 0.180273 0.174193 0.167013 0.158569 0.148920 0.138060 0.126038 0.112973 0.098966 0.084189 0.068846 0.053219 0.037178 0.021278 0.005869 -0.009095 -0.023563 -0.036850 -0.049273 -0.060776 -0.071309 -0.080848 -0.089345 -0.096815 -0.103246 -0.108651 -0.113020 -0.116343 -0.118599 -0.119737 -0.119737 -0.118462 -0.115980 -0.111962 -0.106860 -0.099845 -0.092497 -0.083315 -0.075387 -0.067162 -0.061027 -0.055219 -0.054892 -0.054452 -0.052816
0.238805 0.226342 0.212400 0.212007 0.207741 0.202588 0.195932 0.188034 0.178686 0.167937 0.155760 0.142197 0.127392 0.111420 0.094528 0.076945 0.059030 0.040548 0.022394 0.004814 -0.012218 -0.028606 -0.043549 -0.057494 -0.070366 -0.082097 -0.092697 -0.102107 -0.110375 -0.117486 -0.123474 -0.128330 -0.132051 -0.134616 -0.135955 -0.136049 -0.134668 -0.131940 -0.127249 -0.121267 -0.112554 -0.103411 -0.091309 -0.081055 -0.070834 -0.063169 -0.056278 -0.055945 -0.053556 -0.050092
0.252222 0.229907 0.236757 0.236323 0.231750 0.226247 0.219060 0.210487 0.200253 0.188396 0.174858 0.159662 0.142980 0.124847 0.105609 0.085522 0.065038 0.043804 0.023157 0.003186 -0.016129 -0.034574 -0.051275 -0.066810 -0.081096 -0.094041 -0.105708 -0.116018 -0.125075 -0.132854 -0.139425 -0.144778 -0.148923 -0.151844 -0.153453 -0.153720 -0.152367 -0.149395 -0.144229 -0.137380 -0.126730 -0.115443 -0.098992 -0.086149 -0.073076 -0.063852 -0.055655 -0.055196 -0.051214 -0.044665
0.330263 0.292754 0.262315 0.261877 0.257055 0.251302 0.243668 0.234493 0.223430 0.210481 0.195553 0.178625 0.159906 0.139366 0.117487 0.094528 0.071078 0.046690 0.023238 0.000617 -0.021244 -0.041754 -0.060350 -0.077518 -0.093240 -0.107385 -0.120111 -0.131286 -0.141113 -0.149529 -0.156670 -0.162521 -0.167116 -0.170461 -0.172433 -0.173077 -0.171858 -0.169203 -0.163659 -0.156299 -0.143292 -0.129285 -0.106315 -0.089009 -0.073231 -0.061808 -0.052749 -0.052366 -0.042701 -0.032293
0.275532 0.321845 0.289290 0.288893 0.283914 0.277959 0.269997 0.260321 0.248524 0.234538 0.218225 0.199490 0.178580 0.155373 0.130545 0.104301 0.077403 0.049571 0.022918 -0.002634 -0.027376 -0.050096 -0.070725 -0.089577 -0.106733 -0.122071 -0.135822 -0.147787 -0.158335 -0.167334 -0.175020 -0.181359 -0.186426 -0.190248 -0.192709 -0.193838 -0.193227 -0.190282 -0.185615 -0.177889 -0.163119 -0.145543 -0.112211 -0.090058 -0.070450 -0.057385 -0.047330 -0.046555 -0.037650 -0.034571
0.337617 0.352129 0.317625 0.317264 0.312271 0.306295 0.298178 0.288172 0.275791 0.260866 0.243194 0.222554 0.199248 0.172973 0.144709 0.114454 0.083335 0.051360 0.020980 -0.007965 -0.035742 -0.060677 -0.083363 -0.103845 -0.122472 -0.138844 -0.153588 -0.166242 -0.177462 -0.186949 -0.195124 -0.201897 -0.207416 -0.211775 -0.214797 -0.216794 -0.217107 -0.215955 -0.211293 -0.205348 -0.189044 -0.167577 -0.119787 -0.084598 -0.062327 -0.047457 -0.038204 -0.037886 -0.028663 -0.025124
0.368460 0.383772 0.347450 0.347132 0.342301 0.336477 0.328444 0.318355 0.305643 0.289994 0.271117 0.248597 0.222788 0.193136 0.161046 0.126153 0.090139 0.053660 0.019079 -0.013392 -0.044912 -0.072317 -0.097279 -0.119413 -0.139518 -0.156781 -0.172379 -0.185530 -0.197290 -0.207145 -0.215740 -0.222908 -0.228881 -0.233798 -0.237528 -0.240347 -0.241973 -0.241981 -0.240869 -0.238023 -0.227843 -0.199633 -0.118216 -0.073738 -0.048766 -0.034532 -0.027512 -0.024461 -0.015709 -0.013972
0.379944 0.341177 0.378609 0.378325 0.373910 0.368522 0.360887 0.351045 0.338325 0.322220 0.302307 0.277863 0.249281 0.215577 0.178840 0.137609 0.095119 0.052518 0.012824 -0.024309 -0.058935 -0.088565 -0.115507 -0.139016 -0.160403 -0.178354 -0.194822 -0.208267 -0.220548 -0.230545 -0.239437 -0.246780 -0.253029 -0.258382 -0.262683 -0.266613 -0.269799 -0.273009 -0.275746 -0.280851 -0.287413 -0.271833 -0.074732 -0.022777 -0.029298 -0.010504 -0.006659 -0.007050 -0.004127 -0.008360
0.420523 0.405589 0.411206 0.410907 0.407255 0.402566 0.395773 0.386683 0.374531 0.358559 0.338153 0.312169 0.280946 0.242956 0.201039 0.152445 0.102427 0.054006 0.008596 -0.032225 -0.072042 -0.104444 -0.133941 -0.158866 -0.181519 -0.199649 -0.216492 -0.229849 -0.242223 -0.252220 -0.261246 -0.268767 -0.275315 -0.281069 -0.286017 -0.290745 -0.295598 -0.300360 -0.308738 -0.317305 -0.341929 -0.381171 -0.388639 0.000000 0.000000 0.000000 0.000000 0.000000 0.000000 0.000000
0.522355 0.439389 0.444926 0.444641 0.442032 0.438452 0.432979 0.425192 0.414209 0.398943 0.378545 0.351171 0.317153 0.273771 0.225599 0.164832 0.104686 0.045693 -0.006679 -0.054814 -0.095653 -0.130240 -0.160967 -0.187004 -0.210065 -0.228331 -0.245960 -0.259025 -0.271803 -0.281351 -0.290423 -0.297523 -0.303929 -0.309485 -0.314412 -0.319169 -0.322980 -0.329556 -0.336717 -0.342415 -0.360791 -0.381735 -0.359650 0.000000 0.000000 0.000000 0.000000 0.000000 0.000000 0.000000
0.555580 0.472802 0.479584 0.479349 0.478129 0.476258 0.472833 0.467313 0.458677 0.445542 0.426610 0.399330 0.363226 0.314955 0.258653 0.183495 0.111275 0.045232 -0.015971 -0.065002 -0.114374 -0.151650 -0.185443 -0.211436 -0.235608 -0.252400 -0.268992 -0.281054 -0.292731 -0.301943 -0.310512 -0.317569 -0.324017 -0.329632 -0.334772 -0.339430 -0.344060 -0.349504 -0.355025 -0.362843 -0.368025 -0.411729 -0.427828 0.000000 0.000000 0.000000 0.000000 0.000000 0.000000 0.000000
0.588194 0.506112 0.514753 0.514567 0.515138 0.515385 0.514624 0.512126 0.506769 0.496798 0.480529 0.454187 0.417143 0.362078 0.299282 0.196737 0.107125 0.020811 -0.049050 -0.111620 -0.154335 -0.192462 -0.224907 -0.253935 -0.274726 -0.292742 -0.309442 -0.320803 -0.332887 -0.340942 -0.349493 -0.355252 -0.361129 -0.365252 -0.370067 -0.372136 -0.377138 -0.380174 -0.384900 -0.387689 -0.397242 -0.439777 -0.449977 0.000000 0.000000 0.000000 0.000000 0.000000 0.000000 0.000000
0.535663 0.538931 0.550173 0.550152 0.552786 0.555870 0.558799 0.560905 0.560982 0.557313 0.547179 0.526520 0.490713 0.432782 0.352476 0.217399 0.101616 0.010832 -0.070877 -0.123430 -0.183812 -0.222602 -0.258188 -0.281193 -0.307279 -0.316612 -0.331779 -0.339410 -0.348676 -0.355509 -0.362043 -0.367968 -0.373295 -0.377194 -0.382442 -0.383639 -0.387806 -0.391790 -0.395674 -0.397384 -0.399301 -0.448189 -0.458930 0.000000 0.000000 0.000000 0.000000 0.000000 0.000000 0.000000
0.601587 0.620825 0.584882 0.584805 0.590032 0.596177 0.603295 0.610640 0.617118 0.620986 0.619166 0.606662 0.577784 0.516068 0.437391 0.239277 0.082448 -0.045708 -0.135380 -0.215584 -0.246853 -0.282738 -0.309137 -0.338848 -0.352843 -0.374711 -0.386870 -0.399764 -0.408235 -0.414954 -0.420717 -0.424005 -0.427027 -0.429001 -0.432526 -0.431090 -0.436410 -0.437637 -0.441819 -0.441993 -0.436700 -0.448186 -0.497204 0.000000 0.000000 0.000000 0.000000 0.000000 0.000000 0.000000
0.651578 0.588834 0.618281 0.618236 0.626331 0.636194 0.648605 0.663260 0.679494 0.696844 0.711210 0.720243 0.709684 0.664708 0.527996 0.242117 0.015701 -0.100670 -0.198790 -0.229110 -0.301120 -0.330272 -0.361809 -0.377335 -0.399270 -0.397075 -0.410913 -0.412267 -0.419378 -0.421352 -0.424764 -0.426742 -0.427374 -0.428332 -0.432577 -0.428325 -0.433599 -0.431423 -0.437224 -0.438942 -0.445244 -0.472131 -0.466196 0.000000 0.000000 0.000000 0.000000 0.000000 0.000000 0.000000
0.668204 0.630073 0.649425 0.649607 0.660052 0.673448 0.690785 0.712207 0.737545 0.767476 0.798451 0.830755 0.847576 0.832507 0.757186 0.298502 -0.038904 -0.206703 -0.303667 -0.401741 -0.390705 -0.404448 -0.418208 -0.434424 -0.441088 -0.467708 -0.467191 -0.476622 -0.478368 -0.484312 -0.485754 -0.487509 -0.488301 -0.487621 -0.484157 -0.489255 -0.490133 -0.500644 -0.498205 -0.500224 -0.479600 -0.505745 -0.538114 0.000000 0.000000 0.000000 0.000000 0.000000 0.000000 0.000000
0.642003 0.656273 0.677480 0.677690 0.690578 0.707418 0.730019 0.759463 0.797737 0.846489 0.905388 0.990900 1.103152 1.508696 -0.120176 -0.392846 -0.542722 -0.505784 -0.490546 -0.511191 -0.505312 -0.518924 -0.485013 -0.479051 -0.507161 -0.513561 -0.508071 -0.507995 -0.515328 -0.514168 -0.496827 -0.512087 -0.523713 -0.531424 -0.520036 -0.438662 -0.518998 -0.517919 -0.530942 -0.526786 -0.517883 -0.516668 -0.521393 0.000000 0.000000 0.000000 0.000000 0.000000 0.000000 0.000000
0.727414 0.671438 0.701541 0.701700 0.716355 0.735463 0.761520 0.795769 0.841106 0.902978 0.985221 1.104070 1.261876 2.059501 0.900652 0.000000 0.000000 0.000000 0.000000 0.000000 0.000000 0.000000 0.000000 0.000000 0.000000 0.000000 0.000000 0.000000 0.000000 0.000000 0.000000 0.000000 0.000000 0.000000 0.000000 0.000000 0.000000 0.000000 0.000000 0.000000 0.000000 0.000000 0.000000 0.000000 0.000000 0.000000 0.000000 0.000000 0.000000 0.000000
0.741889 0.698755 0.720919 0.720923 0.736374 0.756303 0.783442 0.818219 0.863713 0.921162 0.995950 1.084015 1.209724 1.472020 1.278737 0.000000 0.000000 0.000000 0.000000 0.000000 0.000000 0.000000 0.000000 0.000000 0.000000 0.000000 0.000000 0.000000 0.000000 0.000000 0.000000 0.000000 0.000000 0.000000 0.000000 0.000000 0.000000 0.000000 0.000000 0.000000 0.000000 0.000000 0.000000 0.000000 0.000000 0.000000 0.000000 0.000000 0.000000 0.000000
0.759418 0.714606 0.735626 0.735438 0.751275 0.771463 0.798983 0.833515 0.878968 0.934233 1.008966 1.088601 1.206041 1.367563 1.453186 0.000000 0.000000 0.000000 0.000000 0.000000 0.000000 0.000000 0.000000 0.000000 0.000000 0.000000 0.000000 0.000000 0.000000 0.000000 0.000000 0.000000 0.000000 0.000000 0.000000 0.000000 0.000000 0.000000 0.000000 0.000000 0.000000 0.000000 0.000000 0.000000 0.000000 0.000000 0.000000 0.000000 0.000000 0.000000
0.751619 0.726422 0.745483 0.745178 0.760524 0.779148 0.804717 0.836163 0.876766 0.925243 0.989686 1.060689 1.166844 1.384497 1.436183 0.000000 0.000000 0.000000 0.000000 0.000000 0.000000 0.000000 0.000000 0.000000 0.000000 0.000000 0.000000 0.000000 0.000000 0.000000 0.000000 0.000000 0.000000 0.000000 0.000000 0.000000 0.000000 0.000000 0.000000 0.000000 0.000000 0.000000 0.000000 0.000000 0.000000 0.000000 0.000000 0.000000 0.000000 0.000000
0.780791 0.733792 0.750849 0.750427 0.764548 0.781237 0.804051 0.832166 0.867952 0.912172 0.968117 1.037168 1.132235 1.456446 1.564258 0.000000 0.000000 0.000000 0.000000 0.000000 0.000000 0.000000 0.000000 0.000000 0.000000 0.000000 0.000000 0.000000 0.000000 0.000000 0.000000 0.000000 0.000000 0.000000 0.000000 0.000000 0.000000 0.000000 0.000000 0.000000 0.000000 0.000000 0.000000 0.000000 0.000000 0.000000 0.000000 0.000000 0.000000 0.000000
0.753872 0.737687 0.752153 0.751645 0.763803 0.777866 0.796898 0.819839 0.847817 0.881952 0.921240 0.972512 1.026183 1.104542 0.521888 -0.364086 -0.057169 0.027803 0.031864 0.011410 0.020004 0.018445 0.013317 0.000000 0.000000 0.000000 0.000000 0.000000 0.000000 0.000000 0.000000 0.000000 0.000000 0.000000 0.000000 0.000000 0.000000 0.000000 0.000000 0.000000 0.000000 0.000000 0.000000 0.000000 0.000000 0.000000 0.000000 0.000000 0.000000 0.000000
0.806553 0.781655 0.749944 0.749273 0.759460 0.770511 0.785297 0.802427 0.822013 0.844604 0.866005 0.891679 0.901190 0.911120 0.864173 0.475467 0.282552 0.203974 0.164146 0.127051 0.126107 0.116195 0.116425 0.000000 0.000000 0.000000 0.000000 0.000000 0.000000 0.000000 0.000000 0.000000 0.000000 0.000000 0.000000 0.000000 0.000000 0.000000 0.000000 0.000000 0.000000 0.000000 0.000000 0.000000 0.000000 0.000000 0.000000 0.000000 0.000000 0.000000
0.836745 0.778994 0.745174 0.744367 0.752385 0.760623 0.771391 0.783198 0.795833 0.808551 0.818442 0.824211 0.817617 0.783443 0.724407 0.513249 0.376334 0.296063 0.245173 0.214755 0.191888 0.177511 0.119531 0.000000 0.000000 0.000000 0.000000 0.000000 0.000000 0.000000 0.000000 0.000000 0.000000 0.000000 0.000000 0.000000 0.000000 0.000000 0.000000 0.000000 0.000000 0.000000 0.000000 0.000000 0.000000 0.000000 0.000000 0.000000 0.000000 0.000000
0.806356 0.775168 0.738672 0.737760 0.743535 0.749064 0.756051 0.762979 0.769499 0.774403 0.775433 0.769819 0.753617 0.713399 0.657330 0.528660 0.436876 0.362736 0.313923 0.279418 0.256105 0.240070 0.251499 0.000000 0.000000 0.000000 0.000000 0.000000 0.000000 0.000000 0.000000 0.000000 0.000000 0.000000 0.000000 0.000000 0.000000 0.000000 0.000000 0.000000 0.000000 0.000000 0.000000 0.000000 0.000000 0.000000 0.000000 0.000000 0.000000 0.000000
0.721647 0.729217 0.730680 0.729837 0.733562 0.736824 0.740735 0.743838 0.745842 0.745228 0.740635 0.728753 0.708707 0.669407 0.621363 0.536674 0.466803 0.408722 0.363929 0.331536 0.308354 0.291545 0.285164 0.000000 0.000000 0.000000 0.000000 0.000000 0.000000 0.000000 0.000000 0.000000 0.000000 0.000000 0.000000 0.000000 0.000000 0.000000 0.000000 0.000000 0.000000 0.000000 0.000000 0.000000 0.000000 0.000000 0.000000 0.000000 0.000000 0.000000
0.731569 0.715916 0.722204 0.721405 0.723535 0.724792 0.726093 0.726095 0.724617 0.720143 0.711933 0.697044 0.675901 0.641176 0.601190 0.540543 0.489173 0.441185 0.403824 0.374292 0.353301 0.336972 0.329898 0.000000 0.000000 0.000000 0.000000 0.000000 0.000000 0.000000 0.000000 0.000000 0.000000 0.000000 0.000000 0.000000 0.000000 0.000000 0.000000 0.000000 0.000000 0.000000 0.000000 0.000000 0.000000 0.000000 0.000000 0.000000 0.000000 0.000000
0.733831 0.717781 0.713210 0.712473 0.712977 0.712748 0.712429 0.709998 0.706315 0.699420 0.689357 0.673561 0.652938 0.622900 0.589248 0.544453 0.503621 0.465501 0.433753 0.408358 0.389555 0.373812 0.361724 0.000000 0.000000 0.000000 0.000000 0.000000 0.000000 0.000000 0.000000 0.000000 0.000000 0.000000 0.000000 0.000000 0.000000 0.000000 0.000000 0.000000 0.000000 0.000000 0.000000 0.000000 0.000000 0.000000 0.000000 0.000000 0.000000 0.000000
0.713615 0.707161 0.704664 0.703391 0.704014 0.702199 0.700279 0.696488 0.690913 0.682742 0.671583 0.655873 0.636690 0.610762 0.582555 0.547769 0.515586 0.484391 0.458223 0.436552 0.420166 0.406382 0.404987 0.000000 0.000000 0.000000 0.000000 0.000000 0.000000 0.000000 0.000000 0.000000 0.000000 0.000000 0.000000 0.000000 0.000000 0.000000 0.000000 0.000000 0.000000 0.000000 0.000000 0.000000 0.000000 0.000000 0.000000 0.000000 0.000000 0.000000
0.674785 0.699438 0.695853 0.694936 0.694321 0.691162 0.688850 0.683177 0.677608 0.668388 0.657402 0.642422 0.624521 0.602355 0.578146 0.550501 0.524054 0.498711 0.476780 0.458566 0.444485 0.431727 0.394733 0.000000 0.000000 0.000000 0.000000 0.000000 0.000000 0.000000 0.000000 0.000000 0.000000 0.000000 0.000000 0.000000 0.000000 0.000000 0.000000 0.000000 0.000000 0.000000 0.000000 0.000000 0.000000 0.000000 0.000000 0.000000 0.000000 0.000000
0.685252 0.691764 0.688890 0.687664 0.687497 0.683138 0.680270 0.674272 0.667485 0.658676 0.646938 0.632881 0.617378 0.597517 0.576958 0.554367 0.532565 0.511590 0.493263 0.477714 0.465411 0.454371 0.421901 0.000000 0.000000 0.000000 0.000000 0.000000 0.000000 0.000000 0.000000 0.000000 0.000000 0.000000 0.000000 0.000000 0.000000 0.000000 0.000000 0.000000 0.000000 0.000000 0.000000 0.000000 0.000000 0.000000 0.000000 0.000000 0.000000 0.000000
0.689486 0.731593 0.680227 0.678837 0.678812 0.672551 0.670908 0.662405 0.658098 0.646738 0.638279 0.624878 0.609238 0.593346 0.573991 0.555524 0.536768 0.519297 0.503916 0.490820 0.480959 0.470196 0.466863 0.000000 0.000000 0.000000 0.000000 0.000000 0.000000 0.000000 0.000000 0.000000 0.000000 0.000000 0.000000 0.000000 0.000000 0.000000 0.000000 0.000000 0.000000 0.000000 0.000000 0.000000 0.000000 0.000000 0.000000 0.000000 0.000000 0.000000
0.728600 0.723867 0.676287 0.673957 0.676203 0.668278 0.667351 0.657849 0.653081 0.642130 0.632857 0.620654 0.607253 0.592751 0.576998 0.560986 0.545330 0.530066 0.517165 0.504298 0.496077 0.486697 0.507667 0.000000 0.000000 0.000000 0.000000 0.000000 0.000000 0.000000 0.000000 0.000000 0.000000 0.000000 0.000000 0.000000 0.000000 0.000000 0.000000 0.000000 0.000000 0.000000 0.000000 0.000000 0.000000 0.000000 0.000000 0.000000 0.000000 0.000000
0.674893 0.673403 0.667808 0.663639 0.664988 0.655617 0.655980 0.645159 0.642663 0.630978 0.623642 0.611346 0.599834 0.585547 0.571623 0.557517 0.543098 0.530438 0.519182 0.509045 0.502919 0.493133 0.512658 0.000000 0.000000 0.000000 0.000000 0.000000 0.000000 0.000000 0.000000 0.000000 0.000000 0.000000 0.000000 0.000000 0.000000 0.000000 0.000000 0.000000 0.000000 0.000000 0.000000 0.000000 0.000000 0.000000 0.000000 0.000000 0.000000 0.000000
0.693548 0.667046 0.667460 0.665227 0.671657 0.661216 0.662700 0.651484 0.647809 0.636194 0.628968 0.617692 0.606451 0.594340 0.581525 0.569760 0.557909 0.545637 0.535128 0.524140 0.521982 0.510228 0.551088 0.000000 0.000000 0.000000 0.000000 0.000000 0.000000 0.000000 0.000000 0.000000 0.000000 0.000000 0.000000 0.000000 0.000000 0.000000 0.000000 0.000000 0.000000 0.000000 0.000000 0.000000 0.000000 0.000000 0.000000 0.000000 0.000000 0.000000
0.735855 0.676340 0.668057 0.646326 0.648376 0.638871 0.638167 0.629289 0.623722 0.615659 0.607288 0.597665 0.586719 0.575857 0.563910 0.553678 0.542377 0.531271 0.523512 0.515226 0.508918 0.502903 0.526195 0.000000 0.000000 0.000000 0.000000 0.000000 0.000000 0.000000 0.000000 0.000000 0.000000 0.000000 0.000000 0.000000 0.000000 0.000000 0.000000 0.000000 0.000000 0.000000 0.000000 0.000000 0.000000 0.000000 0.000000 0.000000 0.000000 0.000000
0.694034 0.658502 0.660739 0.659509 0.660629 0.654660 0.649844 0.643831 0.635977 0.628828 0.618756 0.609777 0.599266 0.588720 0.577256 0.566153 0.555052 0.545161 0.535420 0.529563 0.521840 0.521311 0.522142 0.000000 0.000000 0.000000 0.000000 0.000000 0.000000 0.000000 0.000000 0.000000 0.000000 0.000000 0.000000 0.000000 0.000000 0.000000 0.000000 0.000000 0.000000 0.000000 0.000000 0.000000 0.000000 0.000000 0.000000 0.000000 0.000000 0.000000
0.701625 0.639609 0.624412 0.687556 0.686895 0.683778 0.679580 0.672626 0.665382 0.663753 0.609261 0.599130 0.587068 0.584431 0.573277 0.563347 0.593193 0.541593 0.572998 0.519732 0.514458 0.541335 0.551547 0.000000 0.000000 0.000000 0.000000 0.000000 0.000000 0.000000 0.000000 0.000000 0.000000 0.000000 0.000000 0.000000 0.000000 0.000000 0.000000 0.000000 0.000000 0.000000 0.000000 0.000000 0.000000 0.000000 0.000000 0.000000 0.000000 0.000000
0.680671 0.661988 0.666933 0.654652 0.652899 0.663910 0.630447 0.655035 0.650580 0.624153 0.618906 0.620802 0.618965 0.586059 0.593967 0.583235 0.559177 0.566427 0.551506 0.544486 0.540402 0.520534 0.547151 0.000000 0.000000 0.000000 0.000000 0.000000 0.000000 0.000000 0.000000 0.000000 0.000000 0.000000 0.000000 0.000000 0.000000 0.000000 0.000000 0.000000 0.000000 0.000000 0.000000 0.000000 0.000000 0.000000 0.000000 0.000000 0.000000 0.000000
