0.624677 0.539788 0.562664 0.513322 0.496257 0.496256 0.498414 0.455652 0.547294 0.485264 0.432714 0.542317 0.489216 0.538837 0.542829 0.464730 0.493473 0.506001 0.527190 0.507464 0.507400 0.507522 0.507112 0.507097 0.507063 0.506709 0.507655 0.507641 0.509296 0.463997 0.505928 0.531237 0.489392 0.514710 0.508077 0.508072 0.508132 0.498653 0.495528 0.500928 0.497681 0.508509 0.342777 0.534494 0.525276 0.000000 0.000000 0.000000 0.000000 0.000000
0.245438 0.275131 0.422731 0.434038 0.448498 0.455335 0.464548 0.469062 0.474863 0.474240 0.474129 0.475440 0.484548 0.486854 0.485492 0.484714 0.481762 0.484792 0.492396 0.496436 0.498406 0.499310 0.499536 0.482482 0.488479 0.487455 0.489001 0.490477 0.462497 0.492505 0.503129 0.494562 0.494327 0.495598 0.495829 0.498383 0.482892 0.490925 0.488210 0.496709 0.486646 0.477257 0.465595 0.421881 0.495497 0.000000 0.000000 0.000000 0.000000 0.000000
0.207716 0.250828 0.274773 0.290929 0.309273 0.335285 0.352740 0.366818 0.376721 0.385052 0.391392 0.396626 0.400600 0.404056 0.406480 0.408783 0.410716 0.411757 0.412411 0.413024 0.413743 0.414264 0.414518 0.414707 0.414048 0.411997 0.398201 0.411880 0.412033 0.411858 0.412237 0.412024 0.413169 0.412496 0.412403 0.411964 0.411224 0.411864 0.409552 0.410594 0.413269 0.433007 0.424465 0.430250 0.439186 0.000000 0.000000 0.000000 0.000000 0.000000
0.090005 0.207335 0.248690 0.264918 0.295323 0.314144 0.334446 0.344957 0.356326 0.364976 0.370281 0.375208 0.379102 0.381745 0.384201 0.386565 0.387339 0.389105 0.391922 0.393851 0.394228 0.394780 0.394931 0.394563 0.394836 0.394508 0.416375 0.394649 0.394494 0.395550 0.397080 0.397175 0.398921 0.394365 0.400276 0.394484 0.405528 0.398283 0.412766 0.412895 0.401078 0.398110 0.407090 0.434392 0.428019 0.000000 0.000000 0.000000 0.000000 0.000000
0.038827 0.092153 0.251772 0.247847 0.284536 0.304048 0.334837 0.346155 0.364077 0.372456 0.380246 0.386206 0.391225 0.394824 0.398431 0.401130 0.402902 0.405123 0.407125 0.408116 0.408242 0.408933 0.409294 0.409379 0.410192 0.409972 0.346843 0.410776 0.410648 0.411436 0.411451 0.411052 0.409809 0.407067 0.410278 0.406077 0.412332 0.408159 0.413657 0.407219 0.400665 0.404935 0.394406 0.400656 0.407892 0.000000 0.000000 0.000000 0.000000 0.000000
0.048965 0.076672 0.180254 0.182284 0.214514 0.235450 0.259412 0.272508 0.287037 0.298175 0.307019 0.314108 0.319896 0.324409 0.328263 0.331369 0.333712 0.335897 0.337863 0.339347 0.340309 0.341173 0.341695 0.341973 0.342345 0.342300 0.344248 0.342667 0.342690 0.343334 0.344419 0.344606 0.348110 0.344466 0.351716 0.346046 0.356317 0.351376 0.363132 0.363051 0.358646 0.361137 0.356650 0.374503 0.384456 0.000000 0.000000 0.000000 0.000000 0.000000
0.015988 0.052954 0.169995 0.168660 0.199889 0.220256 0.248668 0.262141 0.280742 0.291550 0.300525 0.307799 0.313873 0.318736 0.322861 0.326192 0.328877 0.331174 0.333032 0.334426 0.335410 0.336252 0.336846 0.337235 0.337648 0.337757 0.294134 0.338050 0.338082 0.338170 0.338386 0.338229 0.338950 0.338478 0.340506 0.339516 0.342809 0.341449 0.345864 0.346105 0.342552 0.343637 0.340088 0.344441 0.349103 0.000000 0.000000 0.000000 0.000000 0.000000
0.066731 0.102305 0.128957 0.129538 0.156203 0.177489 0.199777 0.214897 0.230173 0.240893 0.250510 0.258178 0.264674 0.269948 0.274365 0.277984 0.280950 0.283421 0.285461 0.287105 0.288387 0.289413 0.290181 0.290719 0.291134 0.291339 0.293637 0.291635 0.291757 0.291956 0.292450 0.292733 0.294142 0.294257 0.296900 0.297307 0.301139 0.301874 0.306156 0.307628 0.309364 0.310739 0.307992 0.317447 0.319486 0.000000 0.000000 0.000000 0.000000 0.000000
0.029206 0.029857 0.116315 0.117371 0.140895 0.161618 0.183478 0.198182 0.212738 0.223402 0.232649 0.240152 0.246505 0.251719 0.256090 0.259681 0.262644 0.265080 0.267056 0.268628 0.269845 0.270787 0.271473 0.271932 0.272241 0.272352 0.275371 0.272320 0.272214 0.272127 0.272135 0.272259 0.272825 0.273525 0.275196 0.276497 0.279041 0.280642 0.283272 0.285103 0.286163 0.287048 0.284716 0.289161 0.265758 0.000000 0.000000 0.000000 0.000000 0.000000
0.031121 0.077528 0.092829 0.094810 0.112470 0.131412 0.151223 0.164541 0.178373 0.188057 0.197140 0.204408 0.210681 0.215860 0.220222 0.223828 0.226828 0.229295 0.231318 0.232950 0.234238 0.235236 0.235965 0.236456 0.236750 0.236841 0.238024 0.236650 0.236398 0.236231 0.236006 0.236234 0.236567 0.237792 0.239797 0.242122 0.245264 0.248056 0.251367 0.253995 0.256512 0.258037 0.257430 0.272609 0.271726 0.000000 0.000000 0.000000 0.000000 0.000000
0.025365 0.037987 0.080052 0.081272 0.099753 0.117145 0.132744 0.145645 0.157114 0.166397 0.174590 0.181373 0.187184 0.192029 0.196127 0.199512 0.202347 0.204661 0.206558 0.208069 0.209250 0.210142 0.210761 0.211141 0.211307 0.211246 0.212104 0.210619 0.210086 0.209511 0.208884 0.208684 0.208677 0.210007 0.212014 0.215025 0.218457 0.222059 0.225688 0.228864 0.231627 0.233629 0.233205 0.232983 0.243370 0.000000 0.000000 0.000000 0.000000 0.000000
0.012068 0.005256 0.065209 0.065020 0.083770 0.097768 0.110282 0.121001 0.131046 0.139277 0.146649 0.152810 0.158129 0.162601 0.166408 0.169539 0.172197 0.174356 0.176144 0.177567 0.178681 0.179515 0.180071 0.180389 0.180462 0.180282 0.180106 0.179289 0.178333 0.177532 0.175956 0.175690 0.173836 0.175870 0.178395 0.182803 0.187343 0.192324 0.196989 0.201209 0.204875 0.207476 0.207603 0.207200 0.216570 0.000000 0.000000 0.000000 0.000000 0.000000
0.010298 0.001771 0.054316 0.057067 0.069591 0.080503 0.091310 0.101114 0.109688 0.116969 0.123392 0.128797 0.133465 0.137384 0.140800 0.143548 0.145948 0.147840 0.149449 0.150682 0.151667 0.152378 0.152816 0.153018 0.152985 0.152633 0.151992 0.151122 0.149954 0.148302 0.146386 0.144695 0.142939 0.144584 0.147454 0.153048 0.158570 0.164939 0.170587 0.175851 0.180187 0.183396 0.184241 0.182477 0.201022 0.000000 0.000000 0.000000 0.000000 0.000000
0.002668 0.048509 0.041459 0.044058 0.052740 0.062567 0.073528 0.080803 0.087978 0.093863 0.099199 0.103641 0.107525 0.110886 0.113838 0.116041 0.118125 0.119705 0.121109 0.122155 0.123009 0.123598 0.123905 0.124034 0.123878 0.123354 0.122123 0.121585 0.119678 0.118009 0.114031 0.112455 0.102316 0.105780 0.111090 0.119716 0.127696 0.136336 0.143683 0.150349 0.155844 0.159741 0.161498 0.156075 0.190598 0.000000 0.000000 0.000000 0.000000 0.000000
0.001664 0.043983 0.034156 0.033079 0.042760 0.049322 0.057205 0.061926 0.067597 0.072189 0.076635 0.080160 0.083288 0.085757 0.088375 0.090091 0.091955 0.093131 0.094378 0.095086 0.095873 0.096381 0.096599 0.096627 0.096468 0.095828 0.093933 0.093492 0.091827 0.088530 0.084321 0.078243 0.070961 0.072020 0.077173 0.088668 0.098441 0.109516 0.118317 0.126594 0.132881 0.138097 0.139784 0.148302 0.144190 0.000000 0.000000 0.000000 0.000000 0.000000
0.001039 0.042190 0.020968 0.017221 0.032294 0.036100 0.040631 0.044124 0.048375 0.051618 0.054694 0.056621 0.058433 0.060793 0.063129 0.063440 0.064921 0.065634 0.066695 0.067116 0.067893 0.068121 0.068035 0.068098 0.067794 0.066640 0.065373 0.065373 0.062764 0.059665 0.049907 0.044455 0.014580 0.020508 0.034497 0.053837 0.067909 0.082586 0.093820 0.103717 0.111609 0.117354 0.120954 0.126248 0.123924 0.000000 0.000000 0.000000 0.000000 0.000000
0.017243 0.022985 0.014751 0.003916 0.026313 0.017660 0.026813 0.023290 0.027215 0.029089 0.032551 0.034225 0.035602 0.035243 0.037701 0.038164 0.039834 0.039969 0.041193 0.040722 0.041682 0.042465 0.042595 0.042694 0.042689 0.042140 0.037568 0.039343 0.036903 0.033568 0.023905 0.015263 -0.014664 -0.022246 -0.009666 0.021048 0.040872 0.058350 0.071672 0.082954 0.091386 0.098422 0.102761 0.105202 0.094110 0.000000 0.000000 0.000000 0.000000 0.000000
0.010260 -0.053749 -0.014062 0.007485 0.019962 0.019036 0.020035 0.017798 0.010541 0.021681 0.023630 0.032660 0.016417 0.012393 0.019671 0.009087 0.015123 0.018766 0.012777 0.022025 0.010095 0.015460 0.020952 0.010242 0.013434 0.014044 -0.023798 -0.023461 0.017186 0.007714 0.018936 -0.038896 -0.156104 -0.099739 -0.051956 -0.010440 0.014817 0.037746 0.052155 0.064854 0.074115 0.081588 0.087991 0.101679 0.107750 0.000000 0.000000 0.000000 0.000000 0.000000
-0.000001 -0.000000 -0.000001 -0.000003 0.000002 -0.000011 -0.000002 -0.000011 0.000001 -0.000001 -0.000005 -0.000015 -0.000017 0.000011 -0.000005 -0.000058 0.000014 0.000094 -0.000042 0.000160 0.000037 0.000187 -0.000085 -0.000386 0.000157 -0.000353 -0.000411 0.000295 -0.002681 -0.001207 -0.002644 -0.003154 -0.026930 -0.232850 -0.067879 -0.031317 0.001258 0.020654 0.037213 0.048842 0.058201 0.065048 0.070951 0.070592 0.006454 -0.000444 0.001156 0.000371 0.000458 0.000554
-0.000014 -0.000009 -0.000010 -0.000011 -0.000013 -0.000016 -0.000022 -0.000023 -0.000035 -0.000042 -0.000042 -0.000051 -0.000067 -0.000104 -0.000138 -0.000170 -0.000201 -0.000273 -0.000351 -0.000450 -0.000580 -0.000711 -0.000943 -0.001292 -0.001085 -0.002377 -0.003309 -0.004713 -0.004640 -0.011383 -0.017157 -0.035517 -0.077359 -0.064975 -0.052198 -0.029107 -0.004346 0.012797 0.026279 0.036587 0.044115 0.050222 0.050605 0.040982 0.025635 0.018948 0.009157 0.006536 0.004970 0.003465
-0.000022 -0.000018 -0.000017 -0.000019 -0.000021 -0.000025 -0.000035 -0.000043 -0.000053 -0.000066 -0.000081 -0.000100 -0.000124 -0.000154 -0.000191 -0.000238 -0.000299 -0.000377 -0.000479 -0.000613 -0.000788 -0.001027 -0.001341 -0.001779 -0.002368 -0.003196 -0.003674 -0.005664 -0.008325 -0.012486 -0.020152 -0.031574 -0.048554 -0.053601 -0.037498 -0.024678 -0.005891 0.006314 0.018445 0.026918 0.033084 0.037182 0.037075 0.034178 0.023418 0.016102 0.010625 0.009602 0.007662 0.005526
-0.000016 -0.000024 -0.000023 -0.000024 -0.000028 -0.000033 -0.000040 -0.000049 -0.000061 -0.000074 -0.000092 -0.000114 -0.000140 -0.000174 -0.000215 -0.000268 -0.000336 -0.000423 -0.000536 -0.000683 -0.000874 -0.001130 -0.001468 -0.001925 -0.002541 -0.003391 -0.004524 -0.006241 -0.008756 -0.012092 -0.016982 -0.023665 -0.032580 -0.033825 -0.026232 -0.017905 -0.005505 0.004301 0.013010 0.019854 0.024750 0.027556 0.027637 0.024469 0.018464 0.014144 0.010560 0.010750 0.008631 0.005783
-0.000022 -0.000029 -0.000030 -0.000031 -0.000036 -0.000043 -0.000052 -0.000063 -0.000078 -0.000096 -0.000119 -0.000146 -0.000181 -0.000222 -0.000275 -0.000341 -0.000425 -0.000532 -0.000671 -0.000851 -0.001086 -0.001395 -0.001800 -0.002338 -0.003044 -0.003990 -0.005235 -0.006862 -0.008990 -0.011970 -0.015880 -0.019978 -0.024351 -0.025147 -0.019368 -0.013660 -0.004898 0.002055 0.009278 0.014759 0.018729 0.021309 0.021491 0.020659 0.016826 0.014260 0.011204 0.011274 0.009597 0.007734
-0.000029 -0.000033 -0.000034 -0.000034 -0.000041 -0.000048 -0.000059 -0.000072 -0.000089 -0.000110 -0.000136 -0.000168 -0.000205 -0.000254 -0.000310 -0.000384 -0.000474 -0.000590 -0.000737 -0.000929 -0.001175 -0.001494 -0.001909 -0.002448 -0.003143 -0.004020 -0.005203 -0.006577 -0.008590 -0.010533 -0.013106 -0.015475 -0.017636 -0.017331 -0.014118 -0.010122 -0.003958 0.001493 0.006699 0.010965 0.014162 0.016140 0.016670 0.016010 0.014013 0.012358 0.010471 0.010456 0.009552 0.011467
-0.000028 -0.000033 -0.000037 -0.000037 -0.000044 -0.000052 -0.000064 -0.000079 -0.000097 -0.000120 -0.000149 -0.000184 -0.000227 -0.000276 -0.000338 -0.000412 -0.000506 -0.000624 -0.000774 -0.000966 -0.001214 -0.001531 -0.001939 -0.002458 -0.003123 -0.003941 -0.004968 -0.006190 -0.007699 -0.009281 -0.011093 -0.012524 -0.013583 -0.013303 -0.010676 -0.007673 -0.003239 0.000769 0.004928 0.008329 0.010943 0.012753 0.013313 0.013363 0.012141 0.011184 0.009786 0.009786 0.008636 0.008338
-0.000030 -0.000035 -0.000037 -0.000037 -0.000044 -0.000053 -0.000065 -0.000081 -0.000101 -0.000125 -0.000155 -0.000193 -0.000236 -0.000287 -0.000346 -0.000419 -0.000509 -0.000619 -0.000760 -0.000940 -0.001166 -0.001460 -0.001834 -0.002306 -0.002899 -0.003613 -0.004491 -0.005472 -0.006734 -0.007822 -0.009065 -0.009947 -0.010452 -0.009865 -0.008202 -0.005925 -0.002645 0.000540 0.003655 0.006351 0.008496 0.009961 0.010686 0.010762 0.010187 0.009521 0.008671 0.008660 0.007453 0.007800
-0.000023 -0.000030 -0.000035 -0.000036 -0.000042 -0.000051 -0.000062 -0.000079 -0.000097 -0.000123 -0.000155 -0.000193 -0.000238 -0.000285 -0.000344 -0.000410 -0.000489 -0.000588 -0.000711 -0.000864 -0.001063 -0.001310 -0.001633 -0.002047 -0.002558 -0.003169 -0.003885 -0.004679 -0.005691 -0.006486 -0.007373 -0.007973 -0.008236 -0.007881 -0.006473 -0.004694 -0.002207 0.000247 0.002759 0.004955 0.006736 0.008067 0.008745 0.008983 0.008593 0.008141 0.007517 0.007529 0.007956 0.008183
-0.000022 -0.000025 -0.000031 -0.000032 -0.000038 -0.000047 -0.000058 -0.000073 -0.000092 -0.000118 -0.000151 -0.000191 -0.000237 -0.000282 -0.000330 -0.000387 -0.000450 -0.000530 -0.000626 -0.000744 -0.000901 -0.001078 -0.001352 -0.001705 -0.002132 -0.002649 -0.003234 -0.003882 -0.004678 -0.005302 -0.006018 -0.006495 -0.006824 -0.006485 -0.005490 -0.003921 -0.001980 0.000066 0.002093 0.003923 0.005474 0.006590 0.007323 0.007551 0.007228 0.006844 0.006327 0.006296 0.005533 0.005322
-0.000020 -0.000019 -0.000026 -0.000025 -0.000031 -0.000038 -0.000046 -0.000060 -0.000076 -0.000100 -0.000131 -0.000173 -0.000224 -0.000267 -0.000310 -0.000350 -0.000399 -0.000452 -0.000519 -0.000592 -0.000694 -0.000809 -0.000979 -0.001251 -0.001594 -0.001975 -0.002424 -0.002876 -0.003672 -0.003938 -0.004558 -0.004998 -0.005479 -0.005523 -0.004761 -0.003458 -0.001831 -0.000136 0.001586 0.003176 0.004543 0.005586 0.006277 0.006398 0.005850 0.005395 0.004901 0.004993 0.004275 0.004835
-0.000012 -0.000013 -0.000019 -0.000020 -0.000024 -0.000030 -0.000038 -0.000049 -0.000065 -0.000088 -0.000126 -0.000176 -0.000236 -0.000264 -0.000288 -0.000313 -0.000338 -0.000366 -0.000395 -0.000408 -0.000458 -0.000424 -0.000599 -0.000777 -0.001091 -0.001442 -0.001789 -0.002194 -0.002686 -0.003121 -0.003724 -0.004588 -0.005426 -0.005694 -0.004981 -0.003262 -0.001880 -0.000300 0.001225 0.002657 0.003974 0.004942 0.005922 0.005958 0.005168 0.004392 0.003855 0.003615 0.002654 0.002929
-0.000007 -0.000009 -0.000011 -0.000012 -0.000014 -0.000016 -0.000022 -0.000030 -0.000045 -0.000065 -0.000107 -0.000171 -0.000256 -0.000267 -0.000272 -0.000274 -0.000278 -0.000281 -0.000272 -0.000247 -0.000206 -0.000069 -0.000281 -0.000586 -0.000254 -0.001005 -0.000918 -0.001296 -0.001849 -0.002327 -0.002771 -0.003826 -0.006647 -0.006478 -0.005039 -0.003430 -0.002066 -0.000500 0.000921 0.002301 0.003567 0.004789 0.005694 0.006871 0.005248 0.003079 0.002921 0.002215 0.002202 0.001553
0.000000 -0.000000 0.000000 -0.000001 -0.000000 -0.000002 -0.000004 -0.000004 0.000001 0.000007 0.000016 -0.000474 -0.000471 -0.000282 -0.000252 -0.000239 -0.000220 -0.000197 -0.000162 -0.000104 0.000013 0.000177 0.000847 0.000243 -0.000012 -0.000302 -0.000305 -0.000074 -0.000782 0.000136 0.000032 -0.000151 -0.014267 -0.015078 -0.005326 -0.003684 -0.002048 -0.000662 0.000731 0.002025 0.003328 0.004711 0.006228 0.008380 0.012324 0.001143 0.000467 -0.000188 -0.000145 0.000344
0.000000 0.000000 0.000000 0.000000 0.000000 0.000000 0.000000 0.000000 0.000000 0.000000 0.000000 -0.000329 -0.000287 -0.000258 -0.000222 -0.000198 -0.000171 -0.000137 -0.000085 -0.000016 0.000111 0.000244 0.000602 0.000743 0.000000 0.000000 0.000000 0.000000 0.000000 0.000000 0.000000 0.000000 -0.008640 -0.008688 -0.004768 -0.003452 -0.001950 -0.000677 0.000557 0.001747 0.002945 0.004203 0.005628 0.006251 0.008926 0.000000 0.000000 0.000000 0.000000 0.000000
0.000000 0.000000 0.000000 0.000000 0.000000 0.000000 0.000000 0.000000 0.000000 0.000000 0.000000 -0.000218 -0.000218 -0.000201 -0.000179 -0.000157 -0.000128 -0.000094 -0.000043 0.000022 0.000129 0.000230 0.000372 0.000431 0.000000 0.000000 0.000000 0.000000 0.000000 0.000000 0.000000 0.000000 -0.005654 -0.005176 -0.003904 -0.002930 -0.001697 -0.000650 0.000416 0.001432 0.002406 0.003435 0.004228 0.004615 0.005345 0.000000 0.000000 0.000000 0.000000 0.000000
0.000000 0.000000 0.000000 0.000000 0.000000 0.000000 0.000000 0.000000 0.000000 0.000000 0.000000 -0.000176 -0.000172 -0.000160 -0.000142 -0.000122 -0.000096 -0.000062 -0.000017 0.000036 0.000113 0.000183 0.000247 0.000317 0.000000 0.000000 0.000000 0.000000 0.000000 0.000000 0.000000 0.000000 -0.005796 -0.005221 -0.003106 -0.002311 -0.001420 -0.000549 0.000317 0.001158 0.001966 0.002722 0.003360 0.003491 0.003002 0.000000 0.000000 0.000000 0.000000 0.000000
0.000000 0.000000 0.000000 0.000000 0.000000 0.000000 0.000000 0.000000 0.000000 0.000000 0.000000 -0.000141 -0.000114 -0.000121 -0.000109 -0.000092 -0.000069 -0.000041 -0.000004 0.000039 0.000094 0.000138 0.000174 0.000175 0.000000 0.000000 0.000000 0.000000 0.000000 0.000000 0.000000 0.000000 -0.002527 -0.003920 -0.002357 -0.001847 -0.001161 -0.000468 0.000230 0.000912 0.001538 0.002131 0.002524 0.002624 0.002882 0.000000 0.000000 0.000000 0.000000 0.000000
0.000000 0.000000 0.000000 0.000000 0.000000 0.000000 0.000000 0.000000 0.000000 0.000000 0.000000 -0.000099 -0.000098 -0.000092 -0.000082 -0.000068 -0.000050 -0.000027 0.000001 0.000032 0.000070 0.000101 0.000158 0.000117 0.000000 0.000000 0.000000 0.000000 0.000000 0.000000 0.000000 0.000000 -0.001953 -0.001788 -0.001829 -0.001428 -0.000921 -0.000373 0.000177 0.000716 0.001210 0.001648 0.001963 0.002411 0.002173 0.000000 0.000000 0.000000 0.000000 0.000000
0.000000 0.000000 0.000000 0.000000 0.000000 0.000000 0.000000 0.000000 0.000000 0.000000 0.000000 -0.000059 -0.000106 -0.000063 -0.000057 -0.000046 -0.000033 -0.000017 0.000004 0.000026 0.000051 0.000068 0.000104 0.000080 0.000000 0.000000 0.000000 0.000000 0.000000 0.000000 0.000000 0.000000 -0.001838 -0.001561 -0.001394 -0.001117 -0.000724 -0.000302 0.000129 0.000553 0.000936 0.001274 0.001497 0.001848 0.001496 0.000000 0.000000 0.000000 0.000000 0.000000
0.000000 0.000000 0.000000 0.000000 0.000000 0.000000 0.000000 0.000000 0.000000 0.000000 0.000000 -0.000048 -0.000059 -0.000044 -0.000040 -0.000033 -0.000023 -0.000011 0.000004 0.000017 0.000038 0.000045 0.000069 0.000065 0.000000 0.000000 0.000000 0.000000 0.000000 0.000000 0.000000 0.000000 -0.001460 -0.001752 -0.001067 -0.000859 -0.000561 -0.000236 0.000099 0.000428 0.000725 0.000979 0.001151 0.001410 0.001314 0.000000 0.000000 0.000000 0.000000 0.000000
0.000000 0.000000 0.000000 0.000000 0.000000 0.000000 0.000000 0.000000 0.000000 0.000000 0.000000 -0.000022 -0.000019 -0.000027 -0.000026 -0.000023 -0.000015 -0.000012 -0.000002 0.000006 0.000016 0.000024 0.000049 0.000049 0.000000 0.000000 0.000000 0.000000 0.000000 0.000000 0.000000 0.000000 -0.001278 -0.001153 -0.000813 -0.000663 -0.000435 -0.000186 0.000074 0.000328 0.000557 0.000752 0.000880 0.001079 0.000972 0.000000 0.000000 0.000000 0.000000 0.000000
0.000000 0.000000 0.000000 0.000000 0.000000 0.000000 0.000000 0.000000 0.000000 0.000000 0.000000 -0.000013 -0.000003 0.000006 -0.000005 0.000007 0.000008 0.000023 0.000009 0.000013 0.000002 -0.000001 -0.000002 0.000013 0.000000 0.000000 0.000000 0.000000 0.000000 0.000000 0.000000 0.000000 -0.000858 -0.000962 -0.000621 -0.000509 -0.000334 -0.000144 0.000056 0.000251 0.000427 0.000575 0.000673 0.000825 0.000710 0.000000 0.000000 0.000000 0.000000 0.000000
0.000000 0.000000 0.000000 0.000000 0.000000 0.000000 0.000000 0.000000 0.000000 0.000000 0.000000 0.000000 0.000000 0.000000 0.000000 0.000000 0.000000 0.000000 0.000000 0.000000 0.000000 0.000000 0.000000 0.000000 0.000000 0.000000 0.000000 0.000000 0.000000 0.000000 0.000000 0.000000 -0.000558 -0.000472 -0.000473 -0.000389 -0.000256 -0.000111 0.000042 0.000192 0.000326 0.000440 0.000511 0.000630 0.000732 0.000000 0.000000 0.000000 0.000000 0.000000
0.000000 0.000000 0.000000 0.000000 0.000000 0.000000 0.000000 0.000000 0.000000 0.000000 0.000000 0.000000 0.000000 0.000000 0.000000 0.000000 0.000000 0.000000 0.000000 0.000000 0.000000 0.000000 0.000000 0.000000 0.000000 0.000000 0.000000 0.000000 0.000000 0.000000 0.000000 0.000000 -0.000424 -0.000384 -0.000359 -0.000296 -0.000195 -0.000085 0.000032 0.000146 0.000248 0.000334 0.000389 0.000480 0.000428 0.000000 0.000000 0.000000 0.000000 0.000000
0.000000 0.000000 0.000000 0.000000 0.000000 0.000000 0.000000 0.000000 0.000000 0.000000 0.000000 0.000000 0.000000 0.000000 0.000000 0.000000 0.000000 0.000000 0.000000 0.000000 0.000000 0.000000 0.000000 0.000000 0.000000 0.000000 0.000000 0.000000 0.000000 0.000000 0.000000 0.000000 -0.000310 -0.000346 -0.000270 -0.000223 -0.000147 -0.000064 0.000023 0.000110 0.000187 0.000252 0.000294 0.000362 0.000314 0.000000 0.000000 0.000000 0.000000 0.000000
0.000000 0.000000 0.000000 0.000000 0.000000 0.000000 0.000000 0.000000 0.000000 0.000000 0.000000 0.000000 0.000000 0.000000 0.000000 0.000000 0.000000 0.000000 0.000000 0.000000 0.000000 0.000000 0.000000 0.000000 0.000000 0.000000 0.000000 0.000000 0.000000 0.000000 0.000000 0.000000 -0.000212 -0.000276 -0.000201 -0.000165 -0.000110 -0.000048 0.000017 0.000081 0.000138 0.000187 0.000217 0.000271 0.000249 0.000000 0.000000 0.000000 0.000000 0.000000
0.000000 0.000000 0.000000 0.000000 0.000000 0.000000 0.000000 0.000000 0.000000 0.000000 0.000000 0.000000 0.000000 0.000000 0.000000 0.000000 0.000000 0.000000 0.000000 0.000000 0.000000 0.000000 0.000000 0.000000 0.000000 0.000000 0.000000 0.000000 0.000000 0.000000 0.000000 0.000000 -0.000197 -0.000198 -0.000148 -0.000121 -0.000080 -0.000035 0.000013 0.000060 0.000102 0.000138 0.000160 0.000199 0.000180 0.000000 0.000000 0.000000 0.000000 0.000000
0.000000 0.000000 0.000000 0.000000 0.000000 0.000000 0.000000 0.000000 0.000000 0.000000 0.000000 0.000000 0.000000 0.000000 0.000000 0.000000 0.000000 0.000000 0.000000 0.000000 0.000000 0.000000 0.000000 0.000000 0.000000 0.000000 0.000000 0.000000 0.000000 0.000000 0.000000 0.000000 -0.000153 -0.000141 -0.000100 -0.000082 -0.000054 -0.000024 0.000009 0.000040 0.000069 0.000093 0.000109 0.000146 0.000132 0.000000 0.000000 0.000000 0.000000 0.000000
0.000000 0.000000 0.000000 0.000000 0.000000 0.000000 0.000000 0.000000 0.000000 0.000000 0.000000 0.000000 0.000000 0.000000 0.000000 0.000000 0.000000 0.000000 0.000000 0.000000 0.000000 0.000000 0.000000 0.000000 0.000000 0.000000 0.000000 0.000000 0.000000 0.000000 0.000000 0.000000 -0.000075 -0.000073 -0.000103 -0.000081 -0.000054 -0.000023 0.000008 0.000039 0.000067 0.000091 0.000110 0.000093 0.000104 0.000000 0.000000 0.000000 0.000000 0.000000
0.000000 0.000000 0.000000 0.000000 0.000000 0.000000 0.000000 0.000000 0.000000 0.000000 0.000000 0.000000 0.000000 0.000000 0.000000 0.000000 0.000000 0.000000 0.000000 0.000000 0.000000 0.000000 0.000000 0.000000 0.000000 0.000000 0.000000 0.000000 0.000000 0.000000 0.000000 0.000000 -0.000045 -0.000037 -0.000043 -0.000045 -0.000014 -0.000026 0.000020 0.000027 0.000038 0.000046 0.000031 0.000043 0.000047 0.000000 0.000000 0.000000 0.000000 0.000000
0.000000 0.000000 0.000000 0.000000 0.000000 0.000000 0.000000 0.000000 0.000000 0.000000 0.000000 0.000000 0.000000 0.000000 0.000000 0.000000 0.000000 0.000000 0.000000 0.000000 0.000000 0.000000 0.000000 0.000000 0.000000 0.000000 0.000000 0.000000 0.000000 0.000000 0.000000 0.000000 -0.000008 -0.000031 -0.000003 0.000001 -0.000004 -0.000018 -0.000007 0.000021 0.000026 0.000003 0.000008 -0.000001 0.000007 0.000000 0.000000 0.000000 0.000000 0.000000
