-0.839986 -0.448263 -0.073840 -0.373323 -0.021485 -0.020446 -0.020783 -0.008093 -0.041664 -0.240477 -0.533259 -0.034591 -0.221006 -0.028651 -0.022828 -0.143316 -0.012763 -0.260297 -0.020540 -0.243097 -0.235770 -0.228151 -0.219844 -0.207171 -0.195217 -0.182476 -0.169279 -0.156835 -0.159424 -0.106052 -0.095668 -0.148124 -0.004669 -0.075010 -0.082028 -0.072207 -0.064114 -0.000293 -0.002018 -0.029659 -0.030094 -0.026858 -0.067643 0.013397 0.015852 0.000000 0.000000 0.000000 0.000000 0.000000
-1.563739 -1.492683 -1.420102 -1.363016 -1.288007 -1.229844 -1.185969 -1.137843 -1.090849 -1.052629 -1.015539 -0.974698 -0.964207 -0.931049 -0.896763 -0.861859 -0.831238 -0.797859 -0.764034 -0.732896 -0.702236 -0.672002 -0.642096 -0.579562 -0.578261 -0.520469 -0.490325 -0.460139 -0.447112 -0.399826 -0.398566 -0.339363 -0.310675 -0.279047 -0.250709 -0.247699 -0.221758 -0.198553 -0.164177 -0.142603 -0.095363 -0.042630 -0.010423 -0.042349 -0.030763 0.000000 0.000000 0.000000 0.000000 0.000000
-1.515176 -1.395662 -1.345239 -1.294095 -1.293867 -1.227400 -1.182482 -1.132663 -1.091877 -1.050756 -1.013646 -0.977067 -0.942385 -0.908387 -0.875319 -0.843031 -0.811287 -0.779883 -0.748724 -0.717913 -0.687352 -0.657025 -0.626846 -0.596931 -0.566814 -0.536731 -0.510256 -0.477120 -0.447270 -0.417017 -0.386865 -0.356341 -0.327937 -0.297511 -0.268290 -0.236818 -0.207723 -0.176144 -0.148574 -0.121615 -0.094750 -0.055575 -0.031932 -0.015279 0.004637 0.000000 0.000000 0.000000 0.000000 0.000000
-1.462130 -1.456536 -1.295776 -1.316266 -1.275775 -1.215242 -1.172813 -1.125674 -1.085861 -1.045900 -1.009264 -0.973424 -0.938796 -0.905232 -0.872444 -0.839922 -0.808584 -0.777486 -0.746046 -0.714770 -0.684366 -0.654335 -0.624365 -0.594608 -0.564706 -0.535027 -0.503027 -0.475416 -0.445527 -0.415479 -0.385126 -0.355366 -0.325673 -0.297396 -0.266482 -0.240371 -0.206369 -0.182056 -0.150523 -0.121543 -0.082652 -0.047246 -0.016514 -0.045346 -0.008574 0.000000 0.000000 0.000000 0.000000 0.000000
-1.422602 -1.309962 -1.297008 -1.266913 -1.247954 -1.188195 -1.160119 -1.111848 -1.079794 -1.039168 -1.005251 -0.969520 -0.936104 -0.902571 -0.870397 -0.838240 -0.806755 -0.776036 -0.745361 -0.714497 -0.683856 -0.653672 -0.623411 -0.593385 -0.563581 -0.533647 -0.503250 -0.474470 -0.444861 -0.415331 -0.385387 -0.355292 -0.325204 -0.295691 -0.266579 -0.238057 -0.209241 -0.180739 -0.153224 -0.123142 -0.096569 -0.072976 -0.056260 -0.049006 -0.018073 0.000000 0.000000 0.000000 0.000000 0.000000
-1.313794 -1.258126 -1.265767 -1.233145 -1.211392 -1.168409 -1.136803 -1.099328 -1.066494 -1.030350 -0.997665 -0.963733 -0.931435 -0.899103 -0.867648 -0.836203 -0.805350 -0.774807 -0.744258 -0.713769 -0.683637 -0.653788 -0.623872 -0.594249 -0.564559 -0.534834 -0.506064 -0.475613 -0.445848 -0.416172 -0.385355 -0.355966 -0.323979 -0.296795 -0.264535 -0.238066 -0.206198 -0.179326 -0.148267 -0.119718 -0.092770 -0.064617 -0.035855 -0.045065 -0.010884 0.000000 0.000000 0.000000 0.000000 0.000000
-1.303394 -1.212240 -1.222855 -1.191821 -1.191275 -1.138700 -1.122276 -1.079717 -1.055938 -1.020356 -0.990425 -0.957706 -0.926687 -0.895260 -0.864496 -0.833768 -0.803409 -0.773266 -0.743237 -0.713273 -0.683450 -0.653745 -0.624039 -0.594459 -0.564856 -0.535291 -0.505728 -0.476247 -0.446609 -0.417217 -0.387042 -0.357894 -0.326915 -0.297934 -0.267731 -0.238216 -0.209950 -0.179712 -0.153381 -0.122058 -0.095292 -0.067775 -0.044610 -0.046719 -0.016916 0.000000 0.000000 0.000000 0.000000 0.000000
-1.223716 -1.211573 -1.195502 -1.163534 -1.152946 -1.121797 -1.099414 -1.069081 -1.042606 -1.010404 -0.981334 -0.950383 -0.920519 -0.890201 -0.860283 -0.830305 -0.800525 -0.770812 -0.741158 -0.711554 -0.682040 -0.652594 -0.623143 -0.593755 -0.564328 -0.534886 -0.505667 -0.475849 -0.446113 -0.416355 -0.386192 -0.356277 -0.325855 -0.296016 -0.265841 -0.236315 -0.206891 -0.178026 -0.149705 -0.119957 -0.092389 -0.065460 -0.039466 -0.044670 -0.015726 0.000000 0.000000 0.000000 0.000000 0.000000
-1.197699 -1.154626 -1.163167 -1.132423 -1.140572 -1.096198 -1.086450 -1.051932 -1.030735 -0.999992 -0.973141 -0.943540 -0.914915 -0.885572 -0.856463 -0.827189 -0.797982 -0.768764 -0.739558 -0.710351 -0.681152 -0.651960 -0.622739 -0.593513 -0.564240 -0.534922 -0.505850 -0.476045 -0.446340 -0.416582 -0.386382 -0.356302 -0.325684 -0.295357 -0.265065 -0.235271 -0.205958 -0.177020 -0.148990 -0.120431 -0.093522 -0.065666 -0.041248 -0.044801 0.006928 0.000000 0.000000 0.000000 0.000000 0.000000
-1.170217 -1.141613 -1.139648 -1.105800 -1.106019 -1.080771 -1.066294 -1.040211 -1.018129 -0.990395 -0.964511 -0.936471 -0.908905 -0.880580 -0.852289 -0.823726 -0.795107 -0.766384 -0.737597 -0.708758 -0.679876 -0.650959 -0.621991 -0.592979 -0.563900 -0.534738 -0.505670 -0.476031 -0.446323 -0.416452 -0.386084 -0.355612 -0.324618 -0.293668 -0.262889 -0.232578 -0.202997 -0.173930 -0.145852 -0.117928 -0.090925 -0.064344 -0.039619 0.002923 0.006642 0.000000 0.000000 0.000000 0.000000 0.000000
-1.195350 -1.174881 -1.116562 -1.079807 -1.088239 -1.061091 -1.051769 -1.027217 -1.007254 -0.981203 -0.956774 -0.929984 -0.903451 -0.876023 -0.848487 -0.820578 -0.792511 -0.764270 -0.735899 -0.707428 -0.678863 -0.650227 -0.621512 -0.592721 -0.563846 -0.534866 -0.505983 -0.476453 -0.446770 -0.416989 -0.386396 -0.355753 -0.324143 -0.292126 -0.260726 -0.229785 -0.200000 -0.170886 -0.143034 -0.115541 -0.089378 -0.063012 -0.039216 -0.039808 -0.009337 0.000000 0.000000 0.000000 0.000000 0.000000
-1.141457 -1.090652 -1.098224 -1.064010 -1.073707 -1.048682 -1.039073 -1.016368 -0.997328 -0.972860 -0.949492 -0.923838 -0.898219 -0.871612 -0.844784 -0.817490 -0.789946 -0.762163 -0.734182 -0.706060 -0.677799 -0.649445 -0.620989 -0.592431 -0.563791 -0.535018 -0.506353 -0.476972 -0.447439 -0.417667 -0.386929 -0.355841 -0.323321 -0.290336 -0.257870 -0.226117 -0.195943 -0.166675 -0.139022 -0.111967 -0.086177 -0.060742 -0.037061 -0.037230 -0.008254 0.000000 0.000000 0.000000 0.000000 0.000000
-1.137263 -1.072775 -1.082811 -1.060073 -1.067106 -1.036369 -1.028596 -1.006622 -0.988945 -0.965566 -0.943208 -0.918477 -0.893639 -0.867727 -0.841535 -0.814778 -0.787684 -0.760316 -0.732684 -0.704888 -0.676913 -0.648834 -0.620637 -0.592328 -0.563951 -0.535435 -0.507032 -0.478014 -0.448528 -0.419380 -0.388252 -0.357901 -0.324049 -0.287561 -0.253794 -0.220801 -0.190454 -0.161208 -0.134125 -0.107669 -0.083012 -0.058280 -0.035984 -0.034977 -0.003116 0.000000 0.000000 0.000000 0.000000 0.000000
-1.100335 -1.066513 -1.070220 -1.037065 -1.048606 -1.023257 -1.018377 -0.997992 -0.981417 -0.959101 -0.937617 -0.913724 -0.889604 -0.864256 -0.838599 -0.812327 -0.785640 -0.758655 -0.731334 -0.703838 -0.676100 -0.648294 -0.620350 -0.592263 -0.564176 -0.535913 -0.507927 -0.479107 -0.450261 -0.421243 -0.390545 -0.359321 -0.323526 -0.285879 -0.249435 -0.214970 -0.184033 -0.154622 -0.128088 -0.102315 -0.078562 -0.054971 -0.034306 -0.009590 -0.007094 0.000000 0.000000 0.000000 0.000000 0.000000
-1.085551 -1.054035 -1.060817 -1.026690 -1.036310 -1.019207 -1.011900 -0.992418 -0.975862 -0.954307 -0.933387 -0.910110 -0.886377 -0.861400 -0.836358 -0.810478 -0.784007 -0.757328 -0.730229 -0.702986 -0.675467 -0.647935 -0.620202 -0.592357 -0.564635 -0.536628 -0.508960 -0.481048 -0.452099 -0.425052 -0.393046 -0.362432 -0.323496 -0.278918 -0.239265 -0.204129 -0.173754 -0.145159 -0.120088 -0.095495 -0.073510 -0.051064 -0.031808 -0.001719 -0.004745 0.000000 0.000000 0.000000 0.000000 0.000000
-1.108442 -1.056665 -1.051594 -1.026871 -1.039772 -1.013752 -1.007678 -0.987685 -0.971145 -0.950019 -0.929584 -0.906993 -0.883981 -0.859172 -0.834229 -0.808719 -0.782570 -0.756224 -0.729365 -0.702340 -0.674799 -0.647552 -0.620092 -0.592390 -0.564971 -0.537323 -0.510189 -0.482374 -0.455257 -0.428613 -0.398918 -0.370667 -0.331230 -0.281645 -0.232908 -0.192465 -0.163164 -0.134450 -0.111000 -0.087759 -0.066731 -0.046374 -0.027687 -0.008321 -0.003846 0.000000 0.000000 0.000000 0.000000 0.000000
-1.079863 -1.035841 -1.049323 -1.024719 -1.029309 -1.005980 -0.997313 -0.976558 -0.960354 -0.940122 -0.920377 -0.898608 -0.874659 -0.849134 -0.826316 -0.801901 -0.775103 -0.748989 -0.722286 -0.695746 -0.668681 -0.642140 -0.614913 -0.587226 -0.560837 -0.533113 -0.511462 -0.480639 -0.453089 -0.432337 -0.397020 -0.398864 -0.337124 -0.256658 -0.206774 -0.170525 -0.143017 -0.119013 -0.098470 -0.077798 -0.059820 -0.040247 -0.024047 0.003827 -0.001927 0.000000 0.000000 0.000000 0.000000 0.000000
-1.084627 -1.091047 -1.041906 -1.055030 -1.023717 -1.005414 -0.985256 -0.963869 -0.950773 -0.931868 -0.909853 -0.883753 -0.860111 -0.856007 -0.819257 -0.805191 -0.779240 -0.750315 -0.721290 -0.687464 -0.670073 -0.643754 -0.607139 -0.586529 -0.558339 -0.531065 -0.556116 -0.526989 -0.455496 -0.426204 -0.409716 -0.369075 -0.341720 -0.214409 -0.179882 -0.140605 -0.125351 -0.101058 -0.086314 -0.067142 -0.051175 -0.034365 -0.018363 -0.018002 -0.008422 0.000000 0.000000 0.000000 0.000000 0.000000
0.000004 0.000007 0.000015 0.000025 0.000022 0.000046 0.000041 0.000073 0.000077 0.000102 0.000120 0.000157 0.000248 0.000268 0.000382 0.000349 0.000481 0.001054 0.000756 0.001680 0.001978 0.002705 0.002088 0.002128 0.003557 0.005039 0.006594 0.008574 0.013652 0.018391 0.031258 0.065516 0.096180 -0.081663 -0.113750 -0.099168 -0.093728 -0.081576 -0.070111 -0.055921 -0.042335 -0.025856 -0.011790 0.017834 0.044629 0.021631 0.018260 0.009963 0.003672 0.002227
-0.000002 0.000012 0.000018 0.000026 0.000036 0.000048 0.000062 0.000080 0.000102 0.000129 0.000164 0.000204 0.000260 0.000315 0.000359 0.000448 0.000606 0.000696 0.000872 0.001094 0.001382 0.001932 0.002470 0.002894 0.003252 0.004923 0.006535 0.008727 0.010320 0.016448 0.024658 0.028145 0.012015 -0.032896 -0.071399 -0.070280 -0.073451 -0.064815 -0.057527 -0.046507 -0.035578 -0.021202 -0.008435 0.009876 0.023479 0.019286 0.013011 0.008377 0.003784 0.000318
-0.000001 0.000008 0.000020 0.000020 0.000028 0.000038 0.000046 0.000059 0.000076 0.000096 0.000121 0.000152 0.000190 0.000237 0.000295 0.000366 0.000453 0.000562 0.000698 0.000868 0.001083 0.001352 0.001699 0.002120 0.002693 0.003315 0.005237 0.006376 0.007857 0.010440 0.011627 0.012407 0.003252 -0.024535 -0.042683 -0.051288 -0.053810 -0.051052 -0.045725 -0.038051 -0.029104 -0.018604 -0.006342 0.004030 0.009377 0.007889 0.006345 0.006264 0.003217 0.000014
0.000002 0.000009 0.000017 0.000017 0.000025 0.000033 0.000044 0.000056 0.000072 0.000091 0.000115 0.000144 0.000180 0.000224 0.000278 0.000344 0.000426 0.000526 0.000651 0.000807 0.001002 0.001247 0.001558 0.001946 0.002436 0.003022 0.003808 0.004563 0.005878 0.005990 0.005796 0.003165 -0.004782 -0.020327 -0.032607 -0.039181 -0.042483 -0.040552 -0.037397 -0.031685 -0.025327 -0.017246 -0.009744 -0.001767 0.003054 0.004175 0.003898 0.003578 0.002702 -0.000704
-0.000001 0.000007 0.000013 0.000013 0.000019 0.000026 0.000034 0.000044 0.000056 0.000071 0.000090 0.000114 0.000143 0.000178 0.000220 0.000270 0.000331 0.000404 0.000492 0.000598 0.000728 0.000884 0.001072 0.001298 0.001554 0.001850 0.002110 0.002380 0.002838 0.001952 0.000483 -0.002385 -0.008159 -0.017799 -0.025471 -0.030547 -0.032893 -0.032524 -0.030344 -0.026324 -0.021433 -0.015669 -0.009869 -0.004386 -0.000940 0.000498 0.001093 0.000962 0.001468 -0.000453
-0.000001 0.000005 0.000008 0.000009 0.000013 0.000017 0.000023 0.000030 0.000039 0.000050 0.000064 0.000082 0.000103 0.000129 0.000159 0.000194 0.000234 0.000279 0.000331 0.000390 0.000456 0.000531 0.000610 0.000694 0.000762 0.000819 0.000769 0.000646 0.000363 -0.000688 -0.002389 -0.005237 -0.009499 -0.015779 -0.021076 -0.024693 -0.026781 -0.026440 -0.025132 -0.022228 -0.018768 -0.014392 -0.010348 -0.006231 -0.003282 -0.001544 -0.000467 -0.000458 0.000900 -0.000523
0.000002 -0.000000 0.000003 0.000004 0.000005 0.000007 0.000010 0.000013 0.000018 0.000024 0.000033 0.000044 0.000058 0.000073 0.000091 0.000108 0.000126 0.000141 0.000154 0.000163 0.000163 0.000152 0.000123 0.000070 -0.000030 -0.000184 -0.000468 -0.000902 -0.001480 -0.002744 -0.004458 -0.006909 -0.010135 -0.014272 -0.017775 -0.020389 -0.021718 -0.021871 -0.020900 -0.018861 -0.016260 -0.013157 -0.009991 -0.007036 -0.004658 -0.003028 -0.001761 -0.001700 -0.001291 0.000391
0.000000 -0.000002 -0.000002 -0.000002 -0.000003 -0.000003 -0.000004 -0.000004 -0.000003 -0.000002 0.000000 0.000004 0.000011 0.000017 0.000022 0.000025 0.000021 0.000010 -0.000012 -0.000051 -0.000109 -0.000197 -0.000321 -0.000490 -0.000723 -0.001032 -0.001476 -0.002073 -0.002882 -0.004104 -0.005705 -0.007732 -0.010165 -0.012983 -0.015446 -0.017264 -0.018340 -0.018312 -0.017690 -0.016209 -0.014344 -0.011979 -0.009734 -0.007404 -0.005459 -0.003882 -0.002530 -0.002452 -0.000555 0.000018
-0.000001 -0.000002 -0.000007 -0.000008 -0.000011 -0.000014 -0.000018 -0.000022 -0.000026 -0.000031 -0.000034 -0.000037 -0.000037 -0.000037 -0.000042 -0.000053 -0.000075 -0.000111 -0.000165 -0.000246 -0.000358 -0.000513 -0.000730 -0.000999 -0.001340 -0.001777 -0.002331 -0.003057 -0.003898 -0.005157 -0.006587 -0.008290 -0.010115 -0.012012 -0.013597 -0.014837 -0.015496 -0.015573 -0.015068 -0.014018 -0.012627 -0.010968 -0.009204 -0.007536 -0.005914 -0.004509 -0.003135 -0.003025 -0.001762 0.000032
-0.000001 -0.000005 -0.000012 -0.000013 -0.000018 -0.000023 -0.000031 -0.000038 -0.000048 -0.000058 -0.000068 -0.000078 -0.000084 -0.000089 -0.000100 -0.000121 -0.000157 -0.000211 -0.000289 -0.000402 -0.000556 -0.000769 -0.001051 -0.001420 -0.001832 -0.002373 -0.002988 -0.003807 -0.004682 -0.005915 -0.007202 -0.008638 -0.010065 -0.011282 -0.012257 -0.012999 -0.013426 -0.013378 -0.013002 -0.012231 -0.011233 -0.010057 -0.008784 -0.007627 -0.006242 -0.004979 -0.003542 -0.003414 -0.001031 -0.000486
0.000001 -0.000007 -0.000017 -0.000017 -0.000025 -0.000033 -0.000044 -0.000056 -0.000071 -0.000089 -0.000107 -0.000123 -0.000127 -0.000129 -0.000146 -0.000174 -0.000219 -0.000287 -0.000383 -0.000521 -0.000708 -0.000976 -0.001346 -0.001778 -0.002282 -0.002877 -0.003559 -0.004419 -0.005290 -0.006568 -0.007804 -0.009106 -0.010046 -0.010655 -0.011008 -0.011338 -0.011564 -0.011502 -0.011209 -0.010636 -0.009928 -0.009092 -0.008289 -0.007600 -0.006617 -0.005414 -0.003950 -0.003827 -0.001273 0.000855
0.000001 -0.000008 -0.000020 -0.000020 -0.000029 -0.000039 -0.000052 -0.000067 -0.000086 -0.000112 -0.000135 -0.000171 -0.000177 -0.000177 -0.000183 -0.000212 -0.000258 -0.000331 -0.000430 -0.000577 -0.000765 -0.001061 -0.001481 -0.002018 -0.002520 -0.003134 -0.003854 -0.004733 -0.005773 -0.006898 -0.008171 -0.009394 -0.010384 -0.010571 -0.010240 -0.010108 -0.010082 -0.009919 -0.009691 -0.009288 -0.008822 -0.008360 -0.008069 -0.007885 -0.007226 -0.005889 -0.004273 -0.004189 -0.001790 0.000293
-0.000000 -0.000012 -0.000019 -0.000030 -0.000041 -0.000057 -0.000076 -0.000097 -0.000128 -0.000168 -0.000217 -0.000260 -0.000222 -0.000170 -0.000190 -0.000225 -0.000271 -0.000345 -0.000446 -0.000575 -0.000785 -0.001020 -0.001700 -0.002707 -0.002668 -0.003995 -0.004517 -0.005581 -0.007036 -0.008478 -0.010014 -0.011576 -0.011296 -0.009084 -0.009340 -0.008439 -0.008652 -0.008387 -0.008252 -0.007887 -0.007594 -0.007172 -0.007436 -0.008191 -0.008839 -0.007348 -0.005239 -0.003588 -0.002054 -0.000287
-0.000005 -0.000011 -0.000016 -0.000029 -0.000035 -0.000057 -0.000075 -0.000093 -0.000113 -0.000148 -0.000242 -0.000092 -0.000115 -0.000169 -0.000190 -0.000218 -0.000263 -0.000326 -0.000400 -0.000519 -0.000624 -0.000855 -0.000871 -0.002324 -0.003030 -0.002301 -0.004749 -0.005341 -0.006378 -0.008738 -0.008352 -0.010304 -0.003380 -0.007742 -0.007177 -0.006699 -0.007035 -0.006934 -0.006849 -0.006606 -0.006309 -0.005970 -0.005780 -0.004206 -0.003295 -0.009963 -0.005769 -0.003144 -0.001701 -0.001474
0.000000 0.000000 0.000000 0.000000 0.000000 0.000000 0.000000 0.000000 0.000000 0.000000 0.000000 -0.000027 -0.000031 -0.000115 -0.000152 -0.000191 -0.000234 -0.000285 -0.000332 -0.000407 -0.000446 -0.000542 -0.000337 -0.000140 0.000000 0.000000 0.000000 0.000000 0.000000 0.000000 0.000000 0.000000 -0.000539 -0.001042 -0.005026 -0.005138 -0.005588 -0.005598 -0.005567 -0.005277 -0.004973 -0.004323 -0.003729 -0.001616 -0.001519 0.000000 0.000000 0.000000 0.000000 0.000000
0.000000 0.000000 0.000000 0.000000 0.000000 0.000000 0.000000 0.000000 0.000000 0.000000 0.000000 -0.000001 -0.000020 -0.000090 -0.000127 -0.000166 -0.000202 -0.000242 -0.000275 -0.000316 -0.000315 -0.000345 -0.000131 -0.000063 0.000000 0.000000 0.000000 0.000000 0.000000 0.000000 0.000000 0.000000 -0.000095 -0.000279 -0.003420 -0.003804 -0.004306 -0.004435 -0.004422 -0.004219 -0.003838 -0.003231 -0.002440 -0.000589 -0.000837 0.000000 0.000000 0.000000 0.000000 0.000000
0.000000 0.000000 0.000000 0.000000 0.000000 0.000000 0.000000 0.000000 0.000000 0.000000 0.000000 -0.000019 -0.000012 -0.000071 -0.000104 -0.000140 -0.000171 -0.000200 -0.000222 -0.000243 -0.000233 -0.000225 -0.000069 -0.000012 0.000000 0.000000 0.000000 0.000000 0.000000 0.000000 0.000000 0.000000 -0.000123 -0.000109 -0.002387 -0.002910 -0.003342 -0.003484 -0.003494 -0.003293 -0.002979 -0.002400 -0.001725 -0.000388 -0.000340 0.000000 0.000000 0.000000 0.000000 0.000000
0.000000 0.000000 0.000000 0.000000 0.000000 0.000000 0.000000 0.000000 0.000000 0.000000 0.000000 -0.000028 0.000000 -0.000059 -0.000088 -0.000118 -0.000142 -0.000165 -0.000176 -0.000186 -0.000168 -0.000154 -0.000059 -0.000020 0.000000 0.000000 0.000000 0.000000 0.000000 0.000000 0.000000 0.000000 -0.000435 -0.000180 -0.001770 -0.002163 -0.002553 -0.002703 -0.002719 -0.002573 -0.002279 -0.001813 -0.001244 -0.000208 -0.000378 0.000000 0.000000 0.000000 0.000000 0.000000
0.000000 0.000000 0.000000 0.000000 0.000000 0.000000 0.000000 0.000000 0.000000 0.000000 0.000000 -0.000007 -0.000019 -0.000049 -0.000074 -0.000099 -0.000120 -0.000136 -0.000144 -0.000146 -0.000131 -0.000110 -0.000015 -0.000022 0.000000 0.000000 0.000000 0.000000 0.000000 0.000000 0.000000 0.000000 -0.000451 -0.000174 -0.001305 -0.001655 -0.001970 -0.002096 -0.002117 -0.001991 -0.001757 -0.001373 -0.000923 -0.000831 -0.000024 0.000000 0.000000 0.000000 0.000000 0.000000
0.000000 0.000000 0.000000 0.000000 0.000000 0.000000 0.000000 0.000000 0.000000 0.000000 0.000000 -0.000003 -0.000001 -0.000043 -0.000063 -0.000085 -0.000101 -0.000114 -0.000116 -0.000117 -0.000098 -0.000086 -0.000041 -0.000015 0.000000 0.000000 0.000000 0.000000 0.000000 0.000000 0.000000 0.000000 0.000004 -0.000421 -0.000974 -0.001236 -0.001505 -0.001611 -0.001634 -0.001538 -0.001347 -0.001048 -0.000697 -0.000655 -0.000015 0.000000 0.000000 0.000000 0.000000 0.000000
0.000000 0.000000 0.000000 0.000000 0.000000 0.000000 0.000000 0.000000 0.000000 0.000000 0.000000 -0.000006 -0.000014 -0.000035 -0.000056 -0.000075 -0.000088 -0.000099 -0.000099 -0.000098 -0.000081 -0.000067 -0.000028 -0.000005 0.000000 0.000000 0.000000 0.000000 0.000000 0.000000 0.000000 0.000000 0.000018 -0.000360 -0.000737 -0.000951 -0.001159 -0.001245 -0.001264 -0.001187 -0.001037 -0.000801 -0.000527 -0.000487 0.000121 0.000000 0.000000 0.000000 0.000000 0.000000
0.000000 0.000000 0.000000 0.000000 0.000000 0.000000 0.000000 0.000000 0.000000 0.000000 0.000000 -0.000007 -0.000008 -0.000045 -0.000060 -0.000075 -0.000093 -0.000100 -0.000099 -0.000091 -0.000070 -0.000071 -0.000016 0.000005 0.000000 0.000000 0.000000 0.000000 0.000000 0.000000 0.000000 0.000000 -0.000071 -0.000347 -0.000558 -0.000721 -0.000886 -0.000955 -0.000974 -0.000914 -0.000798 -0.000613 -0.000405 -0.000371 -0.000087 0.000000 0.000000 0.000000 0.000000 0.000000
0.000000 0.000000 0.000000 0.000000 0.000000 0.000000 0.000000 0.000000 0.000000 0.000000 0.000000 -0.000006 -0.000022 -0.000051 -0.000043 -0.000063 -0.000110 -0.000117 -0.000062 -0.000100 -0.000061 -0.000048 -0.000032 -0.000003 0.000000 0.000000 0.000000 0.000000 0.000000 0.000000 0.000000 0.000000 -0.000043 0.000063 -0.000427 -0.000553 -0.000683 -0.000739 -0.000752 -0.000705 -0.000615 -0.000471 -0.000311 -0.000284 -0.000031 0.000000 0.000000 0.000000 0.000000 0.000000
0.000000 0.000000 0.000000 0.000000 0.000000 0.000000 0.000000 0.000000 0.000000 0.000000 0.000000 0.000000 0.000000 0.000000 0.000000 0.000000 0.000000 0.000000 0.000000 0.000000 0.000000 0.000000 0.000000 0.000000 0.000000 0.000000 0.000000 0.000000 0.000000 0.000000 0.000000 0.000000 -0.000118 -0.000019 -0.000327 -0.000425 -0.000526 -0.000568 -0.000580 -0.000544 -0.000474 -0.000363 -0.000240 -0.000218 -0.000010 0.000000 0.000000 0.000000 0.000000 0.000000
0.000000 0.000000 0.000000 0.000000 0.000000 0.000000 0.000000 0.000000 0.000000 0.000000 0.000000 0.000000 0.000000 0.000000 0.000000 0.000000 0.000000 0.000000 0.000000 0.000000 0.000000 0.000000 0.000000 0.000000 0.000000 0.000000 0.000000 0.000000 0.000000 0.000000 0.000000 0.000000 -0.000085 -0.000105 -0.000252 -0.000328 -0.000406 -0.000441 -0.000450 -0.000422 -0.000367 -0.000282 -0.000184 -0.000168 -0.000053 0.000000 0.000000 0.000000 0.000000 0.000000
0.000000 0.000000 0.000000 0.000000 0.000000 0.000000 0.000000 0.000000 0.000000 0.000000 0.000000 0.000000 0.000000 0.000000 0.000000 0.000000 0.000000 0.000000 0.000000 0.000000 0.000000 0.000000 0.000000 0.000000 0.000000 0.000000 0.000000 0.000000 0.000000 0.000000 0.000000 0.000000 -0.000035 -0.000015 -0.000195 -0.000256 -0.000317 -0.000344 -0.000351 -0.000329 -0.000286 -0.000219 -0.000144 -0.000132 -0.000045 0.000000 0.000000 0.000000 0.000000 0.000000
0.000000 0.000000 0.000000 0.000000 0.000000 0.000000 0.000000 0.000000 0.000000 0.000000 0.000000 0.000000 0.000000 0.000000 0.000000 0.000000 0.000000 0.000000 0.000000 0.000000 0.000000 0.000000 0.000000 0.000000 0.000000 0.000000 0.000000 0.000000 0.000000 0.000000 0.000000 0.000000 -0.000051 -0.000014 -0.000154 -0.000199 -0.000248 -0.000268 -0.000276 -0.000258 -0.000225 -0.000173 -0.000114 -0.000099 -0.000047 0.000000 0.000000 0.000000 0.000000 0.000000
0.000000 0.000000 0.000000 0.000000 0.000000 0.000000 0.000000 0.000000 0.000000 0.000000 0.000000 0.000000 0.000000 0.000000 0.000000 0.000000 0.000000 0.000000 0.000000 0.000000 0.000000 0.000000 0.000000 0.000000 0.000000 0.000000 0.000000 0.000000 0.000000 0.000000 0.000000 0.000000 -0.000009 -0.000021 -0.000123 -0.000161 -0.000200 -0.000217 -0.000222 -0.000208 -0.000181 -0.000139 -0.000091 -0.000077 -0.000018 0.000000 0.000000 0.000000 0.000000 0.000000
0.000000 0.000000 0.000000 0.000000 0.000000 0.000000 0.000000 0.000000 0.000000 0.000000 0.000000 0.000000 0.000000 0.000000 0.000000 0.000000 0.000000 0.000000 0.000000 0.000000 0.000000 0.000000 0.000000 0.000000 0.000000 0.000000 0.000000 0.000000 0.000000 0.000000 0.000000 0.000000 -0.000007 -0.000019 -0.000105 -0.000130 -0.000163 -0.000175 -0.000180 -0.000168 -0.000148 -0.000113 -0.000077 -0.000060 -0.000011 0.000000 0.000000 0.000000 0.000000 0.000000
0.000000 0.000000 0.000000 0.000000 0.000000 0.000000 0.000000 0.000000 0.000000 0.000000 0.000000 0.000000 0.000000 0.000000 0.000000 0.000000 0.000000 0.000000 0.000000 0.000000 0.000000 0.000000 0.000000 0.000000 0.000000 0.000000 0.000000 0.000000 0.000000 0.000000 0.000000 0.000000 -0.000011 -0.000017 -0.000096 -0.000127 -0.000160 -0.000173 -0.000179 -0.000168 -0.000145 -0.000112 -0.000069 -0.000044 -0.000010 0.000000 0.000000 0.000000 0.000000 0.000000
0.000000 0.000000 0.000000 0.000000 0.000000 0.000000 0.000000 0.000000 0.000000 0.000000 0.000000 0.000000 0.000000 0.000000 0.000000 0.000000 0.000000 0.000000 0.000000 0.000000 0.000000 0.000000 0.000000 0.000000 0.000000 0.000000 0.000000 0.000000 0.000000 0.000000 0.000000 0.000000 -0.000005 -0.000020 -0.000094 -0.000128 -0.000137 -0.000145 -0.000165 -0.000158 -0.000141 -0.000114 -0.000085 -0.000044 -0.000002 0.000000 0.000000 0.000000 0.000000 0.000000
0.000000 0.000000 0.000000 0.000000 0.000000 0.000000 0.000000 0.000000 0.000000 0.000000 0.000000 0.000000 0.000000 0.000000 0.000000 0.000000 0.000000 0.000000 0.000000 0.000000 0.000000 0.000000 0.000000 0.000000 0.000000 0.000000 0.000000 0.000000 0.000000 0.000000 0.000000 0.000000 -0.000008 -0.000016 -0.000083 -0.000085 -0.000122 -0.000122 -0.000132 -0.000081 -0.000092 -0.000099 -0.000066 -0.000040 -0.000007 0.000000 0.000000 0.000000 0.000000 0.000000
