-1.876589 -1.881723 -1.671820 -1.525783 -1.454025 -1.391253 -1.323076 -1.325030 -1.154289 -1.087626 -1.021106 -0.928384 -0.922484 -0.877464 -0.808127 -0.742909 -0.637987 -0.581626 -0.529659 -0.516147 -0.471860 -0.431563 -0.401287 -0.354601 -0.305770 -0.302320 -0.286856 -0.293633 -0.283857 -0.269507 0.000000 0.000000 0.000000 0.000000 0.000000 0.000000 0.000000 0.000000 0.000000 0.000000 0.000000 0.000000 0.000000 0.000000 0.000000 0.000000 0.000000 0.000000 0.000000 0.000000
-0.473335 -1.680286 -1.525164 -1.559933 -1.373005 -1.372073 -1.330505 -1.304787 -1.109585 -1.092793 -0.976603 -0.906026 -0.890316 -0.824529 -0.759250 -0.700979 -0.636779 -0.637155 -0.531468 -0.483136 -0.437733 -0.402079 -0.363820 -0.343844 -0.318798 -0.324107 -0.282573 -0.272283 -0.284556 -0.272190 0.000000 0.000000 0.000000 0.000000 0.000000 0.000000 0.000000 0.000000 0.000000 0.000000 0.000000 0.000000 0.000000 0.000000 0.000000 0.000000 0.000000 0.000000 0.000000 0.000000
-0.490659 -1.594742 -1.466028 -1.405905 -1.406423 -1.356149 -1.295337 -1.238790 -1.176680 -1.114350 -1.049361 -0.981684 -0.913539 -0.841035 -0.773270 -0.704609 -0.642248 -0.582502 -0.529408 -0.480378 -0.437768 -0.399591 -0.367206 -0.339023 -0.316221 -0.297518 -0.283196 -0.271092 -0.270157 -0.238463 0.000000 0.000000 0.000000 0.000000 0.000000 0.000000 0.000000 0.000000 0.000000 0.000000 0.000000 0.000000 0.000000 0.000000 0.000000 0.000000 0.000000 0.000000 0.000000 0.000000
-0.399138 -1.508327 -1.432637 -1.438556 -1.380178 -1.326695 -1.267341 -1.211137 -1.151320 -1.083309 -1.026532 -0.959542 -0.889768 -0.821747 -0.748139 -0.685168 -0.618589 -0.563852 -0.505756 -0.463246 -0.413627 -0.383504 -0.343284 -0.324443 -0.295140 -0.284102 -0.270820 -0.263340 -0.259225 -0.285322 0.000000 0.000000 0.000000 0.000000 0.000000 0.000000 0.000000 0.000000 0.000000 0.000000 0.000000 0.000000 0.000000 0.000000 0.000000 0.000000 0.000000 0.000000 0.000000 0.000000
-0.416585 -1.479007 -1.430583 -1.414116 -1.375388 -1.324431 -1.283254 -1.217229 -1.176395 -1.105679 -1.054992 -0.979000 -0.911180 -0.838091 -0.758193 -0.693023 -0.619677 -0.565892 -0.503408 -0.462143 -0.410891 -0.381484 -0.341768 -0.321722 -0.294741 -0.279148 -0.269298 -0.257258 -0.235228 -0.237118 0.000000 0.000000 0.000000 0.000000 0.000000 0.000000 0.000000 0.000000 0.000000 0.000000 0.000000 0.000000 0.000000 0.000000 0.000000 0.000000 0.000000 0.000000 0.000000 0.000000
-0.453567 -1.380640 -1.387394 -1.376198 -1.340328 -1.304465 -1.258003 -1.213234 -1.160760 -1.105736 -1.044762 -0.975388 -0.902218 -0.815012 -0.737544 -0.659724 -0.590747 -0.527702 -0.472255 -0.424048 -0.381618 -0.346023 -0.314971 -0.290262 -0.267262 -0.254611 -0.241060 -0.232286 -0.217870 -0.187246 0.000000 0.000000 0.000000 0.000000 0.000000 0.000000 0.000000 0.000000 0.000000 0.000000 0.000000 0.000000 0.000000 0.000000 0.000000 0.000000 0.000000 0.000000 0.000000 0.000000
-0.023818 -1.396217 -1.366709 -1.357778 -1.335529 -1.301133 -1.268569 -1.218124 -1.182135 -1.124325 -1.069089 -0.994470 -0.914796 -0.815485 -0.727563 -0.644452 -0.567223 -0.505395 -0.445720 -0.400188 -0.355856 -0.322915 -0.292592 -0.267473 -0.248480 -0.233403 -0.222175 -0.212534 -0.191684 -0.220614 0.000000 0.000000 0.000000 0.000000 0.000000 0.000000 0.000000 0.000000 0.000000 0.000000 0.000000 0.000000 0.000000 0.000000 0.000000 0.000000 0.000000 0.000000 0.000000 0.000000
-0.550847 -1.394241 -1.344837 -1.338163 -1.316591 -1.294762 -1.260766 -1.230685 -1.190745 -1.142803 -1.086337 -1.010566 -0.928104 -0.800331 -0.703761 -0.606280 -0.528338 -0.460347 -0.404065 -0.356575 -0.317311 -0.284918 -0.256770 -0.235579 -0.217206 -0.204258 -0.193654 -0.184793 -0.164248 -0.181414 0.000000 0.000000 0.000000 0.000000 0.000000 0.000000 0.000000 0.000000 0.000000 0.000000 0.000000 0.000000 0.000000 0.000000 0.000000 0.000000 0.000000 0.000000 0.000000 0.000000
-0.340083 -1.367301 -1.334145 -1.328209 -1.316398 -1.297909 -1.276431 -1.247303 -1.218600 -1.177699 -1.125276 -1.045831 -0.960495 -0.792731 -0.675268 -0.564427 -0.480360 -0.411559 -0.356517 -0.311864 -0.274665 -0.245163 -0.220949 -0.201254 -0.185713 -0.173413 -0.164389 -0.156169 -0.133358 -0.151462 0.000000 0.000000 0.000000 0.000000 0.000000 0.000000 0.000000 0.000000 0.000000 0.000000 0.000000 0.000000 0.000000 0.000000 0.000000 0.000000 0.000000 0.000000 0.000000 0.000000
-0.394329 -1.352307 -1.324887 -1.320328 -1.310926 -1.300563 -1.282631 -1.269585 -1.247999 -1.218466 -1.176147 -1.102371 -1.013013 -0.779748 -0.626001 -0.499949 -0.411096 -0.345329 -0.295376 -0.255120 -0.223209 -0.198232 -0.177581 -0.161518 -0.148537 -0.138526 -0.131258 -0.124562 -0.099251 -0.117827 0.000000 0.000000 0.000000 0.000000 0.000000 0.000000 0.000000 0.000000 0.000000 0.000000 0.000000 0.000000 0.000000 0.000000 0.000000 0.000000 0.000000 0.000000 0.000000 0.000000
-0.033693 -1.354901 -1.320070 -1.315411 -1.312547 -1.307904 -1.303085 -1.299715 -1.290803 -1.280072 -1.254126 -1.198761 -1.120001 -0.759491 -0.538061 -0.403503 -0.321891 -0.266860 -0.223622 -0.191391 -0.166014 -0.146110 -0.130629 -0.117894 -0.108039 -0.100368 -0.094786 -0.089518 -0.065214 -0.083530 0.000000 0.000000 0.000000 0.000000 0.000000 0.000000 0.000000 0.000000 0.000000 0.000000 0.000000 0.000000 0.000000 0.000000 0.000000 0.000000 0.000000 0.000000 0.000000 0.000000
-0.025458 -1.336866 -1.315391 -1.311508 -1.312709 -1.315963 -1.317433 -1.328104 -1.334631 -1.352096 -1.348985 -1.625102 -1.672111 -0.378714 -0.037527 -0.097112 -0.079352 -0.069811 -0.054342 -0.041148 -0.030760 -0.024588 -0.065359 -0.018723 -0.018232 -0.048358 -0.019194 -0.022600 -0.023429 -0.047695 0.000000 0.000000 0.000000 0.000000 0.000000 0.000000 0.000000 0.000000 0.000000 0.000000 0.000000 0.000000 0.000000 0.000000 0.000000 0.000000 0.000000 0.000000 0.000000 0.000000
-0.267773 -1.286737 -1.310786 -1.306093 -1.312942 -1.321974 -1.335049 -1.359094 -1.387730 -1.442243 -1.505658 -1.932066 -1.142513 -0.212278 0.078778 -0.016715 -0.005259 -0.004882 -0.012591 0.000220 0.001988 0.003631 0.004058 -0.012874 -0.003209 -0.006996 -0.002363 -0.002686 -0.004021 -0.006035 0.000000 0.000000 0.000000 0.000000 0.000000 0.000000 0.000000 0.000000 0.000000 0.000000 0.000000 0.000000 0.000000 0.000000 0.000000 0.000000 0.000000 0.000000 0.000000 0.000000
-0.054646 -1.324307 -1.303050 -1.298301 -1.308873 -1.322573 -1.342253 -1.373918 -1.417889 -1.490054 -1.598997 -1.961096 -2.542869 0.000000 0.000000 0.000000 0.000000 0.000000 0.000000 0.000000 0.000000 0.000000 0.000000 0.000000 0.000000 0.000000 0.000000 0.000000 0.000000 0.000000 0.000000 0.000000 0.000000 0.000000 0.000000 0.000000 0.000000 0.000000 0.000000 0.000000 0.000000 0.000000 0.000000 0.000000 0.000000 0.000000 0.000000 0.000000 0.000000 0.000000
-0.275808 -1.308530 -1.291658 -1.287057 -1.299638 -1.315340 -1.337884 -1.369126 -1.414781 -1.472787 -1.568089 -1.770496 -1.841310 0.000000 0.000000 0.000000 0.000000 0.000000 0.000000 0.000000 0.000000 0.000000 0.000000 0.000000 0.000000 0.000000 0.000000 0.000000 0.000000 0.000000 0.000000 0.000000 0.000000 0.000000 0.000000 0.000000 0.000000 0.000000 0.000000 0.000000 0.000000 0.000000 0.000000 0.000000 0.000000 0.000000 0.000000 0.000000 0.000000 0.000000
-0.241130 -1.290215 -1.276326 -1.272056 -1.285286 -1.301544 -1.324057 -1.353705 -1.394609 -1.442245 -1.514475 -1.627830 -1.593128 0.000000 0.000000 0.000000 0.000000 0.000000 0.000000 0.000000 0.000000 0.000000 0.000000 0.000000 0.000000 0.000000 0.000000 0.000000 0.000000 0.000000 0.000000 0.000000 0.000000 0.000000 0.000000 0.000000 0.000000 0.000000 0.000000 0.000000 0.000000 0.000000 0.000000 0.000000 0.000000 0.000000 0.000000 0.000000 0.000000 0.000000
-0.654235 -1.271538 -1.256804 -1.252974 -1.265564 -1.281154 -1.301844 -1.328098 -1.361574 -1.400948 -1.449099 -1.530688 -1.606411 0.000000 0.000000 0.000000 0.000000 0.000000 0.000000 0.000000 0.000000 0.000000 0.000000 0.000000 0.000000 0.000000 0.000000 0.000000 0.000000 0.000000 0.000000 0.000000 0.000000 0.000000 0.000000 0.000000 0.000000 0.000000 0.000000 0.000000 0.000000 0.000000 0.000000 0.000000 0.000000 0.000000 0.000000 0.000000 0.000000 0.000000
-0.017282 -1.248194 -1.233639 -1.229797 -1.241813 -1.255992 -1.274587 -1.296751 -1.324733 -1.353765 -1.390322 -1.430868 -1.488503 0.000000 0.000000 0.000000 0.000000 0.000000 0.000000 0.000000 0.000000 0.000000 0.000000 0.000000 0.000000 0.000000 0.000000 0.000000 0.000000 0.000000 0.000000 0.000000 0.000000 0.000000 0.000000 0.000000 0.000000 0.000000 0.000000 0.000000 0.000000 0.000000 0.000000 0.000000 0.000000 0.000000 0.000000 0.000000 0.000000 0.000000
-0.278436 -1.219729 -1.206676 -1.202640 -1.214020 -1.226504 -1.242360 -1.261131 -1.282501 -1.306056 -1.328863 -1.365485 -1.333215 0.000000 0.000000 0.000000 0.000000 0.000000 0.000000 0.000000 0.000000 0.000000 0.000000 0.000000 0.000000 0.000000 0.000000 0.000000 0.000000 0.000000 0.000000 0.000000 0.000000 0.000000 0.000000 0.000000 0.000000 0.000000 0.000000 0.000000 0.000000 0.000000 0.000000 0.000000 0.000000 0.000000 0.000000 0.000000 0.000000 0.000000
-0.616001 -1.187936 -1.176719 -1.172890 -1.183252 -1.194098 -1.207800 -1.223271 -1.240770 -1.258313 -1.275900 -1.309886 -1.368837 0.000000 0.000000 0.000000 0.000000 0.000000 0.000000 0.000000 0.000000 0.000000 0.000000 0.000000 0.000000 0.000000 0.000000 0.000000 0.000000 0.000000 0.000000 0.000000 0.000000 0.000000 0.000000 0.000000 0.000000 0.000000 0.000000 0.000000 0.000000 0.000000 0.000000 0.000000 0.000000 0.000000 0.000000 0.000000 0.000000 0.000000
-0.896750 -1.155382 -1.144215 -1.140839 -1.149874 -1.159260 -1.170791 -1.183748 -1.197445 -1.211772 -1.223867 -1.252927 -1.324518 0.000000 0.000000 0.000000 0.000000 0.000000 0.000000 0.000000 0.000000 0.000000 0.000000 0.000000 0.000000 0.000000 0.000000 0.000000 0.000000 0.000000 0.000000 0.000000 0.000000 0.000000 0.000000 0.000000 0.000000 0.000000 0.000000 0.000000 0.000000 0.000000 0.000000 0.000000 0.000000 0.000000 0.000000 0.000000 0.000000 0.000000
-0.869243 -1.120873 -1.109599 -1.106538 -1.114490 -1.122731 -1.132683 -1.143596 -1.155103 -1.166603 -1.176661 -1.205711 -1.277178 0.000000 0.000000 0.000000 0.000000 0.000000 0.000000 0.000000 0.000000 0.000000 0.000000 0.000000 0.000000 0.000000 0.000000 0.000000 0.000000 0.000000 0.000000 0.000000 0.000000 0.000000 0.000000 0.000000 0.000000 0.000000 0.000000 0.000000 0.000000 0.000000 0.000000 0.000000 0.000000 0.000000 0.000000 0.000000 0.000000 0.000000
-0.811986 -1.085905 -1.073158 -1.070511 -1.077383 -1.084691 -1.093303 -1.102716 -1.112426 -1.122024 -1.130232 -1.156250 -1.231525 0.000000 0.000000 0.000000 0.000000 0.000000 0.000000 0.000000 0.000000 0.000000 0.000000 0.000000 0.000000 0.000000 0.000000 0.000000 0.000000 0.000000 0.000000 0.000000 0.000000 0.000000 0.000000 0.000000 0.000000 0.000000 0.000000 0.000000 0.000000 0.000000 0.000000 0.000000 0.000000 0.000000 0.000000 0.000000 0.000000 0.000000
-0.322948 -1.048639 -1.035173 -1.032818 -1.038943 -1.045496 -1.053262 -1.061771 -1.070567 -1.079571 -1.086925 -1.110270 -1.150322 0.000000 0.000000 0.000000 0.000000 0.000000 0.000000 0.000000 0.000000 0.000000 0.000000 0.000000 0.000000 0.000000 0.000000 0.000000 0.000000 0.000000 0.000000 0.000000 0.000000 0.000000 0.000000 0.000000 0.000000 0.000000 0.000000 0.000000 0.000000 0.000000 0.000000 0.000000 0.000000 0.000000 0.000000 0.000000 0.000000 0.000000
-0.268196 -1.009291 -0.995908 -0.993622 -0.999355 -1.005148 -1.012373 -1.020253 -1.028763 -1.037306 -1.045518 -1.068128 -1.129098 0.000000 0.000000 0.000000 0.000000 0.000000 0.000000 0.000000 0.000000 0.000000 0.000000 0.000000 0.000000 0.000000 0.000000 0.000000 0.000000 0.000000 0.000000 0.000000 0.000000 0.000000 0.000000 0.000000 0.000000 0.000000 0.000000 0.000000 0.000000 0.000000 0.000000 0.000000 0.000000 0.000000 0.000000 0.000000 0.000000 0.000000
-0.524073 -0.971820 -0.954764 -0.952263 -0.958312 -0.963647 -0.970749 -0.978652 -0.987203 -0.996703 -1.004719 -1.036121 -1.095748 0.000000 0.000000 0.000000 0.000000 0.000000 0.000000 0.000000 0.000000 0.000000 0.000000 0.000000 0.000000 0.000000 0.000000 0.000000 0.000000 0.000000 0.000000 0.000000 0.000000 0.000000 0.000000 0.000000 0.000000 0.000000 0.000000 0.000000 0.000000 0.000000 0.000000 0.000000 0.000000 0.000000 0.000000 0.000000 0.000000 0.000000
-0.184932 -0.916396 -0.912732 -0.909937 -0.915997 -0.920837 -0.927900 -0.935697 -0.945108 -0.955213 -0.966099 -1.009344 -1.062333 0.000000 0.000000 0.000000 0.000000 0.000000 0.000000 0.000000 0.000000 0.000000 0.000000 0.000000 0.000000 0.000000 0.000000 0.000000 0.000000 0.000000 0.000000 0.000000 0.000000 0.000000 0.000000 0.000000 0.000000 0.000000 0.000000 0.000000 0.000000 0.000000 0.000000 0.000000 0.000000 0.000000 0.000000 0.000000 0.000000 0.000000
-0.165932 -0.874707 -0.869419 -0.866316 -0.872089 -0.877035 -0.884139 -0.892964 -0.903527 -0.917859 -0.931763 -0.967025 -1.020711 0.000000 0.000000 0.000000 0.000000 0.000000 0.000000 0.000000 0.000000 0.000000 0.000000 0.000000 0.000000 0.000000 0.000000 0.000000 0.000000 0.000000 0.000000 0.000000 0.000000 0.000000 0.000000 0.000000 0.000000 0.000000 0.000000 0.000000 0.000000 0.000000 0.000000 0.000000 0.000000 0.000000 0.000000 0.000000 0.000000 0.000000
-0.162543 -0.831802 -0.824408 -0.821815 -0.826632 -0.831116 -0.837785 -0.846108 -0.857742 -0.871913 -0.892273 -0.948490 -0.969719 0.000000 0.000000 0.000000 0.000000 0.000000 0.000000 0.000000 0.000000 0.000000 0.000000 0.000000 0.000000 0.000000 0.000000 0.000000 0.000000 0.000000 0.000000 0.000000 0.000000 0.000000 0.000000 0.000000 0.000000 0.000000 0.000000 0.000000 0.000000 0.000000 0.000000 0.000000 0.000000 0.000000 0.000000 0.000000 0.000000 0.000000
-0.239128 -0.788534 -0.778852 -0.776897 -0.780437 -0.784342 -0.790022 -0.799520 -0.810772 -0.835443 -0.860079 -0.998103 -0.991490 0.000000 0.000000 0.000000 0.000000 0.000000 0.000000 0.000000 0.000000 0.000000 0.000000 0.000000 0.000000 0.000000 0.000000 0.000000 0.000000 0.000000 0.000000 0.000000 0.000000 0.000000 0.000000 0.000000 0.000000 0.000000 0.000000 0.000000 0.000000 0.000000 0.000000 0.000000 0.000000 0.000000 0.000000 0.000000 0.000000 0.000000
-0.378553 -0.743790 -0.732032 -0.729887 -0.731971 -0.734466 -0.737851 -0.744116 -0.751314 -0.767257 -0.792787 -0.799780 -0.231464 -0.038141 -0.007767 -0.002729 -0.036942 -0.016194 0.000841 -0.016000 -0.011724 0.000392 -0.000079 -0.003354 -0.001208 0.001001 0.000243 0.000213 0.000165 0.000136 0.000108 0.000086 0.000066 0.000051 0.000034 0.000027 -0.000282 -0.000214 -0.000014 0.000003 -0.000105 -0.000078 -0.000063 -0.000017 -0.000036 -0.000022 -0.000020 -0.000014 -0.000002 -0.000007
-0.357904 -0.697421 -0.684646 -0.682627 -0.683310 -0.683316 -0.683819 -0.683077 -0.684015 -0.681835 -0.683425 -0.536695 -0.302002 -0.243088 -0.081708 -0.034057 -0.024332 -0.034173 0.002745 -0.011558 -0.003016 -0.007777 -0.001194 -0.005264 -0.003880 -0.006808 -0.002489 -0.001420 -0.001498 -0.001201 -0.000127 -0.000876 -0.000652 -0.000530 -0.000357 -0.000284 -0.000168 -0.000247 -0.000269 -0.000101 -0.000019 -0.000012 -0.000103 -0.000009 -0.000008 -0.000008 -0.000044 -0.000035 -0.000009 -0.000028
-0.335218 -0.650672 -0.637284 -0.634355 -0.634073 -0.632168 -0.629923 -0.624945 -0.618901 -0.605167 -0.587597 -0.534406 -0.498301 -0.336477 -0.224632 -0.149928 -0.107436 -0.078231 -0.058748 -0.044556 -0.034447 -0.026535 -0.020710 -0.016148 -0.012595 -0.009900 -0.007708 -0.006063 -0.004726 -0.003710 -0.002902 -0.002274 -0.001778 -0.001395 -0.001092 -0.000851 -0.000668 -0.000524 -0.000409 -0.000320 -0.000253 -0.000200 -0.000157 -0.000125 -0.000102 -0.000083 -0.000070 -0.000065 -0.000065 -0.000050
-0.322173 -0.607747 -0.589878 -0.587880 -0.585653 -0.582081 -0.577684 -0.568169 -0.558101 -0.536980 -0.514040 -0.462684 -0.398786 -0.294896 -0.223866 -0.165961 -0.125423 -0.095410 -0.073427 -0.056645 -0.044054 -0.034288 -0.026786 -0.020938 -0.016371 -0.012832 -0.010028 -0.007860 -0.006145 -0.004811 -0.003765 -0.002944 -0.002303 -0.001801 -0.001410 -0.001101 -0.000862 -0.000675 -0.000529 -0.000413 -0.000325 -0.000256 -0.000203 -0.000161 -0.000130 -0.000107 -0.000089 -0.000092 -0.000090 -0.000059
-0.297824 -0.569022 -0.543819 -0.541316 -0.539066 -0.533555 -0.528222 -0.517203 -0.504938 -0.483329 -0.461167 -0.409354 -0.377164 -0.292092 -0.241247 -0.184807 -0.147238 -0.113590 -0.089855 -0.069811 -0.055037 -0.042882 -0.033649 -0.026357 -0.020590 -0.016191 -0.012614 -0.009934 -0.007729 -0.006079 -0.004735 -0.003723 -0.002900 -0.002281 -0.001777 -0.001395 -0.001090 -0.000855 -0.000667 -0.000526 -0.000411 -0.000325 -0.000256 -0.000205 -0.000164 -0.000136 -0.000112 -0.000112 -0.000105 -0.000093
-0.501611 -0.518484 -0.499076 -0.495505 -0.494436 -0.488574 -0.481820 -0.469151 -0.455503 -0.433141 -0.410430 -0.370855 -0.327873 -0.274911 -0.227767 -0.186134 -0.150612 -0.120588 -0.096054 -0.076214 -0.060191 -0.047471 -0.037339 -0.029329 -0.023002 -0.018040 -0.014119 -0.011064 -0.008655 -0.006778 -0.005301 -0.004148 -0.003244 -0.002538 -0.001985 -0.001553 -0.001215 -0.000951 -0.000745 -0.000584 -0.000458 -0.000361 -0.000285 -0.000228 -0.000183 -0.000150 -0.000126 -0.000125 -0.000117 -0.000071
-0.125420 -0.481389 -0.457448 -0.455490 -0.452863 -0.444531 -0.438435 -0.426005 -0.412791 -0.392494 -0.371507 -0.337383 -0.309005 -0.261579 -0.227518 -0.186638 -0.155778 -0.124731 -0.101128 -0.079985 -0.063559 -0.049989 -0.039372 -0.030929 -0.024275 -0.019033 -0.014898 -0.011678 -0.009127 -0.007152 -0.005587 -0.004376 -0.003419 -0.002678 -0.002092 -0.001639 -0.001281 -0.001004 -0.000786 -0.000616 -0.000484 -0.000381 -0.000301 -0.000240 -0.000193 -0.000159 -0.000132 -0.000131 -0.000123 -0.000098
-0.133978 -0.427499 -0.415345 -0.413274 -0.410953 -0.403482 -0.397335 -0.385176 -0.372559 -0.354216 -0.334961 -0.307574 -0.278317 -0.245874 -0.213128 -0.182033 -0.151716 -0.123651 -0.099656 -0.079405 -0.062924 -0.049587 -0.038984 -0.030594 -0.023980 -0.018779 -0.014696 -0.011502 -0.008996 -0.007038 -0.005505 -0.004305 -0.003368 -0.002633 -0.002060 -0.001611 -0.001260 -0.000986 -0.000772 -0.000605 -0.000475 -0.000374 -0.000296 -0.000236 -0.000190 -0.000156 -0.000130 -0.000129 -0.000121 -0.000097
-0.203047 -0.380324 -0.375044 -0.372861 -0.372215 -0.364008 -0.359529 -0.348075 -0.336871 -0.320976 -0.304432 -0.282304 -0.260513 -0.231781 -0.206427 -0.175955 -0.148743 -0.119001 -0.095847 -0.075227 -0.059466 -0.046503 -0.036445 -0.028489 -0.022275 -0.017405 -0.013606 -0.010632 -0.008312 -0.006498 -0.005078 -0.003971 -0.003103 -0.002427 -0.001898 -0.001484 -0.001161 -0.000909 -0.000712 -0.000558 -0.000438 -0.000345 -0.000273 -0.000218 -0.000175 -0.000144 -0.000120 -0.000119 -0.000117 -0.000086
-0.080956 -0.341572 -0.335768 -0.334143 -0.334400 -0.326199 -0.322354 -0.312408 -0.302802 -0.289430 -0.275520 -0.257831 -0.239469 -0.218093 -0.197383 -0.171849 -0.143092 -0.112202 -0.087503 -0.067778 -0.052469 -0.040748 -0.031626 -0.024612 -0.019165 -0.014937 -0.011653 -0.009095 -0.007106 -0.005554 -0.004341 -0.003394 -0.002653 -0.002075 -0.001623 -0.001269 -0.000992 -0.000776 -0.000608 -0.000477 -0.000374 -0.000295 -0.000233 -0.000186 -0.000150 -0.000123 -0.000103 -0.000101 -0.000100 -0.000083
-0.056930 -0.302080 -0.298717 -0.296896 -0.297644 -0.290821 -0.288355 -0.279334 -0.271540 -0.260553 -0.249704 -0.236172 -0.223198 -0.206226 -0.191186 -0.166754 -0.137788 -0.099454 -0.073651 -0.054908 -0.041704 -0.031874 -0.024566 -0.019001 -0.014737 -0.011441 -0.008931 -0.006937 -0.005422 -0.004227 -0.003302 -0.002579 -0.002014 -0.001574 -0.001231 -0.000960 -0.000753 -0.000589 -0.000462 -0.000363 -0.000284 -0.000224 -0.000177 -0.000141 -0.000113 -0.000094 -0.000077 -0.000077 -0.000079 -0.000064
-0.049294 -0.264988 -0.261896 -0.261921 -0.262933 -0.255670 -0.254330 -0.246682 -0.240984 -0.232561 -0.224762 -0.215563 -0.207576 -0.196026 -0.192603 -0.177326 -0.137269 -0.085695 -0.056029 -0.040006 -0.028819 -0.021545 -0.016253 -0.012426 -0.009557 -0.007397 -0.005748 -0.004479 -0.003511 -0.002754 -0.002158 -0.001686 -0.001319 -0.001033 -0.000813 -0.000632 -0.000488 -0.000384 -0.000302 -0.000234 -0.000183 -0.000144 -0.000115 -0.000091 -0.000074 -0.000060 -0.000053 -0.000047 -0.000049 -0.000037
-0.039968 -0.226418 -0.225890 -0.226143 -0.228923 -0.222608 -0.222009 -0.215978 -0.211877 -0.205371 -0.200281 -0.195035 -0.192292 -0.190830 -0.195376 -0.197276 -0.209923 -0.031073 -0.018074 -0.010660 -0.006846 -0.004675 -0.003310 -0.002456 -0.001715 -0.001267 -0.000898 -0.000758 -0.000596 -0.000467 -0.000366 -0.000288 -0.000225 -0.000180 -0.000142 -0.000086 -0.000467 -0.000375 -0.000288 -0.000221 -0.000162 -0.000132 -0.000103 -0.000081 -0.000066 -0.000050 -0.000042 -0.000030 -0.000027 -0.000030
-0.108642 -0.238842 -0.188612 -0.193357 -0.196413 -0.219062 -0.213466 -0.213595 -0.208274 -0.202750 -0.197685 -0.173206 -0.173914 -0.177086 -0.189059 -0.200493 -0.066504 -0.003166 -0.004192 -0.001912 -0.002460 0.000173 -0.005219 -0.003399 -0.000025 0.001762 -0.000396 0.000484 -0.000542 -0.000275 -0.000861 0.000571 -0.000524 -0.000080 -0.000033 -0.000052 -0.000099 -0.000013 0.000003 -0.000095 -0.000089 -0.000067 -0.000050 -0.000034 -0.000010 -0.000011 -0.000018 -0.000001 -0.000005 -0.000004
-0.078927 -0.156246 -0.156195 -0.158120 -0.164681 -0.157148 -0.158518 -0.154213 -0.152639 -0.149202 -0.147427 -0.147266 -0.146292 -0.154599 -0.157959 -0.247420 -0.191633 0.000000 0.000000 0.000000 0.000000 0.000000 0.000000 0.000000 0.000000 0.000000 0.000000 0.000000 0.000000 0.000000 0.000000 0.000000 0.000000 0.000000 0.000000 0.000000 0.000000 0.000000 0.000000 0.000000 0.000000 0.000000 0.000000 0.000000 0.000000 0.000000 0.000000 0.000000 0.000000 0.000000
-0.032860 -0.171080 -0.125170 -0.123218 -0.129553 -0.123506 -0.126077 -0.121021 -0.123338 -0.121383 -0.121060 -0.120748 -0.122624 -0.126276 -0.131235 -0.164582 -0.181848 0.000000 0.000000 0.000000 0.000000 0.000000 0.000000 0.000000 0.000000 0.000000 0.000000 0.000000 0.000000 0.000000 0.000000 0.000000 0.000000 0.000000 0.000000 0.000000 0.000000 0.000000 0.000000 0.000000 0.000000 0.000000 0.000000 0.000000 0.000000 0.000000 0.000000 0.000000 0.000000 0.000000
-0.048782 -0.080279 -0.120882 -0.083793 -0.099844 -0.088701 -0.091154 -0.089994 -0.090733 -0.089173 -0.088876 -0.089488 -0.089049 -0.093654 -0.095512 -0.103166 -0.107023 0.000000 0.000000 0.000000 0.000000 0.000000 0.000000 0.000000 0.000000 0.000000 0.000000 0.000000 0.000000 0.000000 0.000000 0.000000 0.000000 0.000000 0.000000 0.000000 0.000000 0.000000 0.000000 0.000000 0.000000 0.000000 0.000000 0.000000 0.000000 0.000000 0.000000 0.000000 0.000000 0.000000
0.002488 -0.048536 -0.094488 -0.101333 -0.109173 -0.092879 -0.094544 -0.088726 -0.089023 -0.085984 -0.086692 -0.086973 -0.087397 -0.090603 -0.099741 -0.065935 -0.091211 0.000000 0.000000 0.000000 0.000000 0.000000 0.000000 0.000000 0.000000 0.000000 0.000000 0.000000 0.000000 0.000000 0.000000 0.000000 0.000000 0.000000 0.000000 0.000000 0.000000 0.000000 0.000000 0.000000 0.000000 0.000000 0.000000 0.000000 0.000000 0.000000 0.000000 0.000000 0.000000 0.000000
0.045812 -0.038875 -0.038017 -0.047298 -0.041362 -0.018238 -0.046859 -0.029045 -0.047996 -0.030932 -0.050823 -0.047195 -0.048558 -0.032999 -0.038797 -0.061260 -0.057855 0.000000 0.000000 0.000000 0.000000 0.000000 0.000000 0.000000 0.000000 0.000000 0.000000 0.000000 0.000000 0.000000 0.000000 0.000000 0.000000 0.000000 0.000000 0.000000 0.000000 0.000000 0.000000 0.000000 0.000000 0.000000 0.000000 0.000000 0.000000 0.000000 0.000000 0.000000 0.000000 0.000000
-0.006815 -0.047245 -0.018593 0.001443 -0.026887 -0.024505 -0.014694 0.007916 -0.005041 -0.003519 0.003272 -0.008300 -0.030081 0.016458 0.005716 -0.002300 -0.006464 0.000000 0.000000 0.000000 0.000000 0.000000 0.000000 0.000000 0.000000 0.000000 0.000000 0.000000 0.000000 0.000000 0.000000 0.000000 0.000000 0.000000 0.000000 0.000000 0.000000 0.000000 0.000000 0.000000 0.000000 0.000000 0.000000 0.000000 0.000000 0.000000 0.000000 0.000000 0.000000 0.000000
