0.342142 0.291324 0.126127 0.098277 0.065505 0.062801 0.056426 0.089509 0.051613 0.042433 0.044753 0.034620 0.009230 0.033659 0.030892 0.027321 0.032802 0.025706 0.025509 0.015401 0.013052 0.010925 0.012930 0.014944 0.010446 0.011385 -0.002734 0.025981 0.000366 0.005318 0.000000 0.000000 0.000000 0.000000 0.000000 0.000000 0.000000 0.000000 0.000000 0.000000 0.000000 0.000000 0.000000 0.000000 0.000000 0.000000 0.000000 0.000000 0.000000 0.000000
0.547086 0.404011 0.169958 0.234731 0.124246 0.174839 0.157773 0.144057 0.087287 0.142123 0.081373 0.079695 0.135052 0.132016 0.126671 0.122987 0.113914 0.085180 0.096847 0.088844 0.079144 0.070584 0.026443 0.053533 0.045962 0.029691 0.030355 0.014149 0.032898 0.002274 0.000000 0.000000 0.000000 0.000000 0.000000 0.000000 0.000000 0.000000 0.000000 0.000000 0.000000 0.000000 0.000000 0.000000 0.000000 0.000000 0.000000 0.000000 0.000000 0.000000
0.553630 0.422875 0.315129 0.294341 0.307382 0.250463 0.256380 0.231383 0.233162 0.227031 0.229606 0.227402 0.227331 0.223049 0.215258 0.205021 0.191249 0.176253 0.159783 0.143024 0.126467 0.110221 0.094585 0.079436 0.064881 0.051523 0.037768 0.024911 -0.002356 -0.012462 0.000000 0.000000 0.000000 0.000000 0.000000 0.000000 0.000000 0.000000 0.000000 0.000000 0.000000 0.000000 0.000000 0.000000 0.000000 0.000000 0.000000 0.000000 0.000000 0.000000
0.510957 0.457864 0.335233 0.307310 0.304288 0.253720 0.257347 0.234113 0.238888 0.230875 0.234865 0.234375 0.232134 0.231070 0.220105 0.211648 0.195077 0.181552 0.162419 0.147577 0.127651 0.112873 0.095019 0.080953 0.065526 0.049838 0.036610 0.021370 0.022842 0.020419 0.000000 0.000000 0.000000 0.000000 0.000000 0.000000 0.000000 0.000000 0.000000 0.000000 0.000000 0.000000 0.000000 0.000000 0.000000 0.000000 0.000000 0.000000 0.000000 0.000000
0.513415 0.465400 0.358142 0.345541 0.352834 0.303793 0.311049 0.289940 0.297110 0.293723 0.304515 0.303293 0.307808 0.303048 0.291794 0.279742 0.258554 0.239818 0.214914 0.194059 0.169167 0.149593 0.126151 0.109321 0.087218 0.072342 0.052681 0.040031 0.014217 -0.001890 0.000000 0.000000 0.000000 0.000000 0.000000 0.000000 0.000000 0.000000 0.000000 0.000000 0.000000 0.000000 0.000000 0.000000 0.000000 0.000000 0.000000 0.000000 0.000000 0.000000
0.568139 0.441598 0.392649 0.374001 0.383907 0.342707 0.350354 0.339489 0.349290 0.353764 0.367601 0.373517 0.384769 0.378653 0.366863 0.348281 0.323768 0.296420 0.267880 0.238328 0.210283 0.182108 0.156132 0.131435 0.105907 0.085737 0.061411 0.042517 0.018086 -0.012270 0.000000 0.000000 0.000000 0.000000 0.000000 0.000000 0.000000 0.000000 0.000000 0.000000 0.000000 0.000000 0.000000 0.000000 0.000000 0.000000 0.000000 0.000000 0.000000 0.000000
0.497417 0.495802 0.417997 0.403347 0.425944 0.382434 0.400157 0.387539 0.407056 0.413042 0.436436 0.448798 0.465222 0.467286 0.448706 0.426854 0.391917 0.358765 0.320279 0.285144 0.248760 0.216057 0.184110 0.154001 0.126131 0.100675 0.072784 0.053102 0.020276 0.035051 0.000000 0.000000 0.000000 0.000000 0.000000 0.000000 0.000000 0.000000 0.000000 0.000000 0.000000 0.000000 0.000000 0.000000 0.000000 0.000000 0.000000 0.000000 0.000000 0.000000
0.487661 0.499153 0.437841 0.420021 0.443248 0.408732 0.424521 0.426593 0.447650 0.468543 0.502798 0.525119 0.558742 0.565847 0.539068 0.509575 0.464646 0.419900 0.373024 0.329056 0.286410 0.247360 0.209363 0.175768 0.142734 0.113368 0.081791 0.058752 0.021780 0.003046 0.000000 0.000000 0.000000 0.000000 0.000000 0.000000 0.000000 0.000000 0.000000 0.000000 0.000000 0.000000 0.000000 0.000000 0.000000 0.000000 0.000000 0.000000 0.000000 0.000000
0.459177 0.506329 0.452647 0.435270 0.471631 0.433839 0.465600 0.460295 0.496864 0.518724 0.568806 0.606080 0.662951 0.684346 0.643114 0.601551 0.539773 0.482265 0.425492 0.371808 0.322012 0.276234 0.233799 0.195220 0.158157 0.125413 0.090494 0.065046 0.021662 0.002855 0.000000 0.000000 0.000000 0.000000 0.000000 0.000000 0.000000 0.000000 0.000000 0.000000 0.000000 0.000000 0.000000 0.000000 0.000000 0.000000 0.000000 0.000000 0.000000 0.000000
0.539177 0.505994 0.462836 0.445784 0.482142 0.450424 0.476356 0.486309 0.527160 0.561954 0.631750 0.686621 0.792282 0.834211 0.762962 0.698728 0.613313 0.541764 0.472300 0.410003 0.352834 0.301697 0.254270 0.211583 0.170999 0.134846 0.097408 0.069030 0.022982 0.001837 0.000000 0.000000 0.000000 0.000000 0.000000 0.000000 0.000000 0.000000 0.000000 0.000000 0.000000 0.000000 0.000000 0.000000 0.000000 0.000000 0.000000 0.000000 0.000000 0.000000
0.497439 0.508731 0.468331 0.450831 0.492230 0.459660 0.496906 0.501553 0.548760 0.591838 0.682211 0.761070 0.947156 1.053061 0.917985 0.809199 0.692077 0.598713 0.514106 0.442872 0.378490 0.321977 0.270375 0.224260 0.181052 0.142540 0.103106 0.073236 0.024395 0.001489 0.000000 0.000000 0.000000 0.000000 0.000000 0.000000 0.000000 0.000000 0.000000 0.000000 0.000000 0.000000 0.000000 0.000000 0.000000 0.000000 0.000000 0.000000 0.000000 0.000000
0.497419 0.504793 0.469572 0.452539 0.494137 0.461115 0.494512 0.500801 0.548985 0.598746 0.710825 0.952424 1.496800 1.785478 1.156572 0.927202 0.784621 0.671408 0.566357 0.484139 0.410866 0.345650 0.322494 0.235156 0.185710 0.169439 0.099552 0.060874 0.021669 -0.000197 0.000000 0.000000 0.000000 0.000000 0.000000 0.000000 0.000000 0.000000 0.000000 0.000000 0.000000 0.000000 0.000000 0.000000 0.000000 0.000000 0.000000 0.000000 0.000000 0.000000
0.514076 0.478302 0.467416 0.450709 0.491414 0.454386 0.486767 0.487421 0.526363 0.581536 0.662219 1.021520 1.049877 0.028420 0.945054 0.922701 0.808994 0.692155 0.584777 0.483327 0.403807 0.336026 0.277238 0.253284 0.184919 0.158978 0.102735 0.065149 0.032417 0.006214 0.000000 0.000000 0.000000 0.000000 0.000000 0.000000 0.000000 0.000000 0.000000 0.000000 0.000000 0.000000 0.000000 0.000000 0.000000 0.000000 0.000000 0.000000 0.000000 0.000000
0.555223 0.515621 0.461105 0.445333 0.482442 0.439209 0.463577 0.449681 0.465284 0.478843 0.481896 0.373920 0.222307 0.000000 0.000000 0.000000 0.000000 0.000000 0.000000 0.000000 0.000000 0.000000 0.000000 0.000000 0.000000 0.000000 0.000000 0.000000 0.000000 0.000000 0.000000 0.000000 0.000000 0.000000 0.000000 0.000000 0.000000 0.000000 0.000000 0.000000 0.000000 0.000000 0.000000 0.000000 0.000000 0.000000 0.000000 0.000000 0.000000 0.000000
0.477165 0.512113 0.453229 0.437366 0.470338 0.421379 0.437300 0.411928 0.409116 0.395823 0.350843 0.139535 0.023271 0.000000 0.000000 0.000000 0.000000 0.000000 0.000000 0.000000 0.000000 0.000000 0.000000 0.000000 0.000000 0.000000 0.000000 0.000000 0.000000 0.000000 0.000000 0.000000 0.000000 0.000000 0.000000 0.000000 0.000000 0.000000 0.000000 0.000000 0.000000 0.000000 0.000000 0.000000 0.000000 0.000000 0.000000 0.000000 0.000000 0.000000
0.469203 0.506052 0.443851 0.427535 0.456546 0.400949 0.410110 0.372540 0.361368 0.323345 0.281585 0.079307 0.055147 0.000000 0.000000 0.000000 0.000000 0.000000 0.000000 0.000000 0.000000 0.000000 0.000000 0.000000 0.000000 0.000000 0.000000 0.000000 0.000000 0.000000 0.000000 0.000000 0.000000 0.000000 0.000000 0.000000 0.000000 0.000000 0.000000 0.000000 0.000000 0.000000 0.000000 0.000000 0.000000 0.000000 0.000000 0.000000 0.000000 0.000000
0.429876 0.498593 0.434936 0.417855 0.443095 0.382426 0.385380 0.341409 0.320684 0.277714 0.225095 0.058935 0.035880 0.000000 0.000000 0.000000 0.000000 0.000000 0.000000 0.000000 0.000000 0.000000 0.000000 0.000000 0.000000 0.000000 0.000000 0.000000 0.000000 0.000000 0.000000 0.000000 0.000000 0.000000 0.000000 0.000000 0.000000 0.000000 0.000000 0.000000 0.000000 0.000000 0.000000 0.000000 0.000000 0.000000 0.000000 0.000000 0.000000 0.000000
0.453889 0.492642 0.426061 0.408329 0.430358 0.364657 0.363323 0.312808 0.289155 0.238119 0.189042 0.049373 0.002706 0.000000 0.000000 0.000000 0.000000 0.000000 0.000000 0.000000 0.000000 0.000000 0.000000 0.000000 0.000000 0.000000 0.000000 0.000000 0.000000 0.000000 0.000000 0.000000 0.000000 0.000000 0.000000 0.000000 0.000000 0.000000 0.000000 0.000000 0.000000 0.000000 0.000000 0.000000 0.000000 0.000000 0.000000 0.000000 0.000000 0.000000
0.451444 0.495965 0.418344 0.400661 0.418885 0.349877 0.344737 0.291247 0.264164 0.212274 0.164121 0.041069 0.028459 0.000000 0.000000 0.000000 0.000000 0.000000 0.000000 0.000000 0.000000 0.000000 0.000000 0.000000 0.000000 0.000000 0.000000 0.000000 0.000000 0.000000 0.000000 0.000000 0.000000 0.000000 0.000000 0.000000 0.000000 0.000000 0.000000 0.000000 0.000000 0.000000 0.000000 0.000000 0.000000 0.000000 0.000000 0.000000 0.000000 0.000000
0.431973 0.493308 0.411200 0.393133 0.408283 0.336574 0.328812 0.272700 0.244429 0.191764 0.146229 0.033167 0.003505 0.000000 0.000000 0.000000 0.000000 0.000000 0.000000 0.000000 0.000000 0.000000 0.000000 0.000000 0.000000 0.000000 0.000000 0.000000 0.000000 0.000000 0.000000 0.000000 0.000000 0.000000 0.000000 0.000000 0.000000 0.000000 0.000000 0.000000 0.000000 0.000000 0.000000 0.000000 0.000000 0.000000 0.000000 0.000000 0.000000 0.000000
0.590977 0.490663 0.405167 0.386585 0.399232 0.325531 0.315720 0.258352 0.229256 0.177226 0.134404 0.027337 0.025062 0.000000 0.000000 0.000000 0.000000 0.000000 0.000000 0.000000 0.000000 0.000000 0.000000 0.000000 0.000000 0.000000 0.000000 0.000000 0.000000 0.000000 0.000000 0.000000 0.000000 0.000000 0.000000 0.000000 0.000000 0.000000 0.000000 0.000000 0.000000 0.000000 0.000000 0.000000 0.000000 0.000000 0.000000 0.000000 0.000000 0.000000
0.590368 0.487139 0.399792 0.380509 0.391343 0.315819 0.304503 0.246111 0.216547 0.165461 0.122967 0.021781 0.020080 0.000000 0.000000 0.000000 0.000000 0.000000 0.000000 0.000000 0.000000 0.000000 0.000000 0.000000 0.000000 0.000000 0.000000 0.000000 0.000000 0.000000 0.000000 0.000000 0.000000 0.000000 0.000000 0.000000 0.000000 0.000000 0.000000 0.000000 0.000000 0.000000 0.000000 0.000000 0.000000 0.000000 0.000000 0.000000 0.000000 0.000000
0.567610 0.483024 0.395304 0.374878 0.384552 0.307473 0.295040 0.235984 0.206409 0.155802 0.116092 0.019651 0.023621 0.000000 0.000000 0.000000 0.000000 0.000000 0.000000 0.000000 0.000000 0.000000 0.000000 0.000000 0.000000 0.000000 0.000000 0.000000 0.000000 0.000000 0.000000 0.000000 0.000000 0.000000 0.000000 0.000000 0.000000 0.000000 0.000000 0.000000 0.000000 0.000000 0.000000 0.000000 0.000000 0.000000 0.000000 0.000000 0.000000 0.000000
0.472945 0.474670 0.391352 0.369482 0.378679 0.299999 0.286651 0.227031 0.197395 0.147839 0.109679 0.015867 0.007941 0.000000 0.000000 0.000000 0.000000 0.000000 0.000000 0.000000 0.000000 0.000000 0.000000 0.000000 0.000000 0.000000 0.000000 0.000000 0.000000 0.000000 0.000000 0.000000 0.000000 0.000000 0.000000 0.000000 0.000000 0.000000 0.000000 0.000000 0.000000 0.000000 0.000000 0.000000 0.000000 0.000000 0.000000 0.000000 0.000000 0.000000
0.504223 0.473115 0.387987 0.365076 0.373430 0.293263 0.278934 0.218728 0.188775 0.139605 0.101846 0.013074 -0.017245 0.000000 0.000000 0.000000 0.000000 0.000000 0.000000 0.000000 0.000000 0.000000 0.000000 0.000000 0.000000 0.000000 0.000000 0.000000 0.000000 0.000000 0.000000 0.000000 0.000000 0.000000 0.000000 0.000000 0.000000 0.000000 0.000000 0.000000 0.000000 0.000000 0.000000 0.000000 0.000000 0.000000 0.000000 0.000000 0.000000 0.000000
0.430298 0.469684 0.384946 0.361880 0.368845 0.287145 0.271696 0.210702 0.180535 0.131433 0.096101 0.005957 0.024427 0.000000 0.000000 0.000000 0.000000 0.000000 0.000000 0.000000 0.000000 0.000000 0.000000 0.000000 0.000000 0.000000 0.000000 0.000000 0.000000 0.000000 0.000000 0.000000 0.000000 0.000000 0.000000 0.000000 0.000000 0.000000 0.000000 0.000000 0.000000 0.000000 0.000000 0.000000 0.000000 0.000000 0.000000 0.000000 0.000000 0.000000
0.463453 0.472800 0.381416 0.358758 0.363683 0.281027 0.264061 0.202346 0.170978 0.122768 0.087621 0.001718 0.019892 0.000000 0.000000 0.000000 0.000000 0.000000 0.000000 0.000000 0.000000 0.000000 0.000000 0.000000 0.000000 0.000000 0.000000 0.000000 0.000000 0.000000 0.000000 0.000000 0.000000 0.000000 0.000000 0.000000 0.000000 0.000000 0.000000 0.000000 0.000000 0.000000 0.000000 0.000000 0.000000 0.000000 0.000000 0.000000 0.000000 0.000000
0.465254 0.475378 0.377823 0.356735 0.359529 0.275419 0.256947 0.193511 0.161261 0.110927 0.077017 -0.001218 0.027481 0.000000 0.000000 0.000000 0.000000 0.000000 0.000000 0.000000 0.000000 0.000000 0.000000 0.000000 0.000000 0.000000 0.000000 0.000000 0.000000 0.000000 0.000000 0.000000 0.000000 0.000000 0.000000 0.000000 0.000000 0.000000 0.000000 0.000000 0.000000 0.000000 0.000000 0.000000 0.000000 0.000000 0.000000 0.000000 0.000000 0.000000
0.478233 0.473185 0.375060 0.352305 0.354372 0.269091 0.248230 0.182900 0.146329 0.093860 0.054439 -0.022571 0.007201 0.000000 0.000000 0.000000 0.000000 0.000000 0.000000 0.000000 0.000000 0.000000 0.000000 0.000000 0.000000 0.000000 0.000000 0.000000 0.000000 0.000000 0.000000 0.000000 0.000000 0.000000 0.000000 0.000000 0.000000 0.000000 0.000000 0.000000 0.000000 0.000000 0.000000 0.000000 0.000000 0.000000 0.000000 0.000000 0.000000 0.000000
0.496556 0.472671 0.372831 0.350588 0.351516 0.264391 0.242069 0.173161 0.134874 0.072964 0.031032 -0.039795 0.149901 0.000000 0.000000 0.000000 0.000000 0.000000 0.000000 0.000000 0.000000 0.000000 0.000000 0.000000 0.000000 0.000000 0.000000 0.000000 0.000000 0.000000 0.000000 0.000000 0.000000 0.000000 0.000000 0.000000 0.000000 0.000000 0.000000 0.000000 0.000000 0.000000 0.000000 0.000000 0.000000 0.000000 0.000000 0.000000 0.000000 0.000000
0.429825 0.469681 0.371417 0.348476 0.348510 0.259697 0.233131 0.161702 0.107001 0.040375 -0.049650 -0.355388 -0.914797 -0.598202 -0.250682 -0.254151 -0.173969 -0.145398 -0.114395 -0.086372 -0.064755 -0.037865 -0.039333 -0.029794 -0.022051 -0.019030 -0.014618 -0.011430 -0.008934 -0.007002 -0.005484 -0.004293 -0.003353 -0.002604 -0.002023 -0.001587 -0.001441 -0.001130 -0.000706 -0.000773 -0.000534 -0.000418 -0.000322 -0.000254 -0.000187 -0.000139 -0.000081 -0.000065 -0.000043 -0.000005
0.430211 0.470631 0.371158 0.347998 0.348250 0.258827 0.232665 0.160000 0.107736 0.032970 -0.047683 -0.294707 -0.787193 -0.378048 -0.395259 -0.247262 -0.182899 -0.122750 -0.104347 -0.081323 -0.065723 -0.049369 -0.039998 -0.030511 -0.023740 -0.021025 -0.014616 -0.011157 -0.008702 -0.006843 -0.005611 -0.004279 -0.003062 -0.002632 -0.001984 -0.001588 -0.001211 -0.001142 -0.000864 -0.000569 -0.000468 -0.000376 -0.000316 -0.000217 -0.000162 -0.000120 -0.000100 -0.000069 -0.000027 -0.000002
0.432162 0.476031 0.371108 0.349695 0.349242 0.259620 0.233464 0.162035 0.109282 0.042739 -0.042285 -0.116460 -0.224463 -0.260061 -0.221728 -0.181887 -0.144397 -0.113949 -0.089548 -0.070149 -0.055136 -0.043235 -0.033903 -0.026586 -0.020804 -0.016275 -0.012740 -0.009958 -0.007800 -0.006092 -0.004767 -0.003728 -0.002913 -0.002276 -0.001780 -0.001392 -0.001085 -0.000850 -0.000664 -0.000518 -0.000402 -0.000312 -0.000241 -0.000185 -0.000139 -0.000104 -0.000071 -0.000072 -0.000032 -0.000014
0.422435 0.481118 0.372494 0.350690 0.351902 0.263806 0.240045 0.171562 0.125687 0.064235 0.000865 -0.057561 -0.124131 -0.176372 -0.161364 -0.143848 -0.117247 -0.095738 -0.075855 -0.060235 -0.047277 -0.037205 -0.029114 -0.022829 -0.017857 -0.013981 -0.010940 -0.008557 -0.006694 -0.005235 -0.004094 -0.003203 -0.002503 -0.001958 -0.001530 -0.001197 -0.000934 -0.000730 -0.000570 -0.000444 -0.000345 -0.000268 -0.000207 -0.000159 -0.000119 -0.000089 -0.000061 -0.000059 -0.000031 -0.000010
0.429636 0.476098 0.372893 0.353286 0.355791 0.269452 0.247661 0.181755 0.140509 0.084862 0.030316 -0.014041 -0.067596 -0.085448 -0.092710 -0.084726 -0.074994 -0.062370 -0.051679 -0.041545 -0.033356 -0.026433 -0.020881 -0.016452 -0.012905 -0.010125 -0.007932 -0.006202 -0.004858 -0.003794 -0.002971 -0.002319 -0.001816 -0.001416 -0.001110 -0.000865 -0.000677 -0.000528 -0.000413 -0.000321 -0.000250 -0.000194 -0.000150 -0.000115 -0.000087 -0.000064 -0.000044 -0.000042 -0.000023 0.000003
0.504072 0.459106 0.353626 0.355528 0.359261 0.275314 0.257091 0.194941 0.159363 0.109188 0.065419 0.023624 -0.008370 -0.041147 -0.040106 -0.049932 -0.039853 -0.038056 -0.029521 -0.025140 -0.019559 -0.015824 -0.012344 -0.009761 -0.007622 -0.005963 -0.004661 -0.003632 -0.002844 -0.002215 -0.001732 -0.001351 -0.001056 -0.000824 -0.000644 -0.000503 -0.000393 -0.000307 -0.000239 -0.000186 -0.000145 -0.000113 -0.000087 -0.000067 -0.000050 -0.000037 -0.000026 -0.000025 -0.000018 -0.000008
0.498442 0.469315 0.378930 0.361992 0.367597 0.285000 0.267514 0.207966 0.176133 0.129790 0.093034 0.057335 0.026644 0.007384 -0.004575 -0.008771 -0.009625 -0.008682 -0.007276 -0.005831 -0.004567 -0.003532 -0.002738 -0.002115 -0.001624 -0.001253 -0.000969 -0.000743 -0.000579 -0.000443 -0.000346 -0.000266 -0.000208 -0.000160 -0.000125 -0.000096 -0.000075 -0.000058 -0.000045 -0.000035 -0.000027 -0.000021 -0.000016 -0.000012 -0.000009 -0.000007 -0.000005 -0.000004 0.000004 0.000006
0.508419 0.478686 0.381762 0.364565 0.371311 0.290806 0.276940 0.220602 0.192606 0.150034 0.118451 0.086218 0.062431 0.040454 0.032045 0.021899 0.020711 0.016660 0.014767 0.012263 0.010160 0.008393 0.006777 0.005469 0.004356 0.003460 0.002735 0.002157 0.001697 0.001336 0.001048 0.000823 0.000645 0.000505 0.000396 0.000310 0.000242 0.000190 0.000148 0.000116 0.000090 0.000070 0.000054 0.000041 0.000031 0.000023 0.000016 0.000015 -0.000010 -0.000004
0.400681 0.481254 0.384974 0.371228 0.377661 0.300594 0.286390 0.232666 0.206871 0.167091 0.138990 0.109296 0.087748 0.070010 0.059442 0.052945 0.048921 0.043648 0.037194 0.031043 0.025268 0.020380 0.016270 0.012914 0.010211 0.008044 0.006328 0.004968 0.003896 0.003055 0.002392 0.001874 0.001466 0.001147 0.000898 0.000703 0.000550 0.000429 0.000335 0.000262 0.000204 0.000158 0.000122 0.000094 0.000070 0.000052 0.000036 0.000035 0.000020 0.000009
0.489561 0.487553 0.387116 0.374504 0.380989 0.307082 0.294528 0.243302 0.219554 0.182306 0.156818 0.129743 0.110328 0.093929 0.085060 0.080077 0.077161 0.070331 0.058518 0.049070 0.039178 0.031436 0.024838 0.019652 0.015446 0.012137 0.009517 0.007460 0.005837 0.004571 0.003576 0.002799 0.002189 0.001712 0.001339 0.001047 0.000818 0.000639 0.000499 0.000390 0.000303 0.000235 0.000181 0.000139 0.000104 0.000078 0.000054 0.000052 0.000026 -0.000003
0.471162 0.489687 0.390316 0.379230 0.384872 0.313646 0.301603 0.252293 0.229737 0.194263 0.170418 0.144697 0.127366 0.112149 0.105330 0.106035 0.108782 0.099365 0.081315 0.065937 0.052206 0.041202 0.032366 0.025359 0.019866 0.015549 0.012166 0.009513 0.007438 0.005820 0.004552 0.003562 0.002786 0.002178 0.001704 0.001335 0.001043 0.000814 0.000635 0.000496 0.000386 0.000299 0.000231 0.000177 0.000133 0.000099 0.000068 0.000067 0.000032 0.000005
0.471070 0.483381 0.391946 0.380468 0.386854 0.320292 0.307383 0.260180 0.238263 0.204084 0.181105 0.156115 0.139970 0.125682 0.125597 0.127813 0.145242 0.132745 0.100367 0.079891 0.060975 0.048050 0.037290 0.029190 0.022821 0.017824 0.013875 0.010889 0.008485 0.006634 0.005180 0.004052 0.003165 0.002472 0.001936 0.001513 0.001179 0.000922 0.000720 0.000562 0.000438 0.000340 0.000262 0.000201 0.000151 0.000113 0.000077 0.000079 0.000036 0.000008
0.467858 0.490246 0.393698 0.384459 0.389053 0.324265 0.311748 0.265904 0.243838 0.210459 0.187366 0.161836 0.144517 0.127334 0.125638 0.157427 0.260294 0.142596 0.110317 0.084378 0.064661 0.049960 0.038767 0.030188 0.023462 0.018365 0.014300 0.011218 0.008794 0.006892 0.005397 0.004242 0.003314 0.002592 0.002028 0.001605 0.001437 0.001116 0.000895 0.000685 0.000542 0.000416 0.000323 0.000247 0.000187 0.000140 0.000102 0.000065 0.000037 0.000003
0.424195 0.491306 0.395421 0.384947 0.390549 0.317349 0.268692 0.268314 0.247056 0.211911 0.188191 0.164080 0.143976 0.118181 0.109639 0.159914 0.066250 0.163591 0.120081 0.092879 0.065941 0.054257 0.040836 0.031680 0.021063 0.019864 0.016055 0.010420 0.009902 0.006532 0.005473 0.006177 0.003224 0.002409 0.001910 0.001474 0.001122 0.000907 0.000812 0.000572 0.000449 0.000392 0.000272 0.000212 0.000174 0.000098 0.000089 0.000055 0.000035 0.000000
0.421199 0.485403 0.395707 0.397943 0.394499 0.335230 0.317432 0.274249 0.250844 0.217562 0.192243 0.163268 0.139459 0.110244 0.092426 0.044550 0.026988 0.000000 0.000000 0.000000 0.000000 0.000000 0.000000 0.000000 0.000000 0.000000 0.000000 0.000000 0.000000 0.000000 0.000000 0.000000 0.000000 0.000000 0.000000 0.000000 0.000000 0.000000 0.000000 0.000000 0.000000 0.000000 0.000000 0.000000 0.000000 0.000000 0.000000 0.000000 0.000000 0.000000
0.512132 0.482331 0.400935 0.395517 0.392735 0.342880 0.320598 0.281039 0.254296 0.220736 0.193300 0.163374 0.136587 0.105617 0.080614 0.039478 0.000812 0.000000 0.000000 0.000000 0.000000 0.000000 0.000000 0.000000 0.000000 0.000000 0.000000 0.000000 0.000000 0.000000 0.000000 0.000000 0.000000 0.000000 0.000000 0.000000 0.000000 0.000000 0.000000 0.000000 0.000000 0.000000 0.000000 0.000000 0.000000 0.000000 0.000000 0.000000 0.000000 0.000000
0.516049 0.451415 0.394326 0.381284 0.380441 0.330065 0.310376 0.276217 0.251317 0.219513 0.192138 0.161376 0.134077 0.101761 0.076616 0.014567 0.001112 0.000000 0.000000 0.000000 0.000000 0.000000 0.000000 0.000000 0.000000 0.000000 0.000000 0.000000 0.000000 0.000000 0.000000 0.000000 0.000000 0.000000 0.000000 0.000000 0.000000 0.000000 0.000000 0.000000 0.000000 0.000000 0.000000 0.000000 0.000000 0.000000 0.000000 0.000000 0.000000 0.000000
0.503069 0.423208 0.420518 0.392514 0.383049 0.339338 0.317211 0.280034 0.253199 0.221262 0.192756 0.161646 0.133285 0.102626 0.069304 0.015737 0.002802 0.000000 0.000000 0.000000 0.000000 0.000000 0.000000 0.000000 0.000000 0.000000 0.000000 0.000000 0.000000 0.000000 0.000000 0.000000 0.000000 0.000000 0.000000 0.000000 0.000000 0.000000 0.000000 0.000000 0.000000 0.000000 0.000000 0.000000 0.000000 0.000000 0.000000 0.000000 0.000000 0.000000
0.492903 0.450385 0.423534 0.406722 0.368002 0.361394 0.312054 0.295198 0.248773 0.228505 0.169849 0.151948 0.120135 0.095553 0.065319 0.008598 0.003884 0.000000 0.000000 0.000000 0.000000 0.000000 0.000000 0.000000 0.000000 0.000000 0.000000 0.000000 0.000000 0.000000 0.000000 0.000000 0.000000 0.000000 0.000000 0.000000 0.000000 0.000000 0.000000 0.000000 0.000000 0.000000 0.000000 0.000000 0.000000 0.000000 0.000000 0.000000 0.000000 0.000000
0.484069 0.382724 0.402614 0.365477 0.384403 0.353889 0.313214 0.246051 0.249947 0.195135 0.173598 0.182707 0.123135 0.106928 0.066476 0.010343 0.006166 0.000000 0.000000 0.000000 0.000000 0.000000 0.000000 0.000000 0.000000 0.000000 0.000000 0.000000 0.000000 0.000000 0.000000 0.000000 0.000000 0.000000 0.000000 0.000000 0.000000 0.000000 0.000000 0.000000 0.000000 0.000000 0.000000 0.000000 0.000000 0.000000 0.000000 0.000000 0.000000 0.000000
