-0.005725 0.011172 0.019092 0.029923 0.030397 0.030166 0.012878 0.021786 0.002929 0.017180 0.009447 0.000505 0.007171 0.000000 0.000000 0.000000 0.000000 0.000000 0.000000 0.000000 0.000000 0.000000 0.000000 0.000000 0.000000 0.000000 0.000000 0.000000 0.000000 0.000000 0.000000 0.000000 0.000000 0.000000 0.000000 0.000000 0.000000 0.000000 0.000000 0.000000 0.000000 0.000000 0.000000 0.000000 0.000000 0.000000 0.000000 0.000000 0.000000 0.000000
0.011411 0.034732 0.056167 0.053845 0.052389 0.061174 0.067848 0.066819 0.050855 0.062671 0.058591 0.051895 0.051972 0.000000 0.000000 0.000000 0.000000 0.000000 0.000000 0.000000 0.000000 0.000000 0.000000 0.000000 0.000000 0.000000 0.000000 0.000000 0.000000 0.000000 0.000000 0.000000 0.000000 0.000000 0.000000 0.000000 0.000000 0.000000 0.000000 0.000000 0.000000 0.000000 0.000000 0.000000 0.000000 0.000000 0.000000 0.000000 0.000000 0.000000
0.017171 0.123929 0.112712 0.120469 0.130879 0.116123 0.121520 0.117138 0.122008 0.120484 0.126036 0.116148 0.086999 0.000000 0.000000 0.000000 0.000000 0.000000 0.000000 0.000000 0.000000 0.000000 0.000000 0.000000 0.000000 0.000000 0.000000 0.000000 0.000000 0.000000 0.000000 0.000000 0.000000 0.000000 0.000000 0.000000 0.000000 0.000000 0.000000 0.000000 0.000000 0.000000 0.000000 0.000000 0.000000 0.000000 0.000000 0.000000 0.000000 0.000000
0.046232 0.099560 0.144127 0.103266 0.121013 0.112729 0.119218 0.120434 0.124885 0.123642 0.128512 0.166660 0.172785 0.000000 0.000000 0.000000 0.000000 0.000000 0.000000 0.000000 0.000000 0.000000 0.000000 0.000000 0.000000 0.000000 0.000000 0.000000 0.000000 0.000000 0.000000 0.000000 0.000000 0.000000 0.000000 0.000000 0.000000 0.000000 0.000000 0.000000 0.000000 0.000000 0.000000 0.000000 0.000000 0.000000 0.000000 0.000000 0.000000 0.000000
0.039150 0.191897 0.147877 0.147665 0.158590 0.153485 0.163847 0.162925 0.169978 0.172214 0.175692 0.213928 0.181397 0.000000 0.000000 0.000000 0.000000 0.000000 0.000000 0.000000 0.000000 0.000000 0.000000 0.000000 0.000000 0.000000 0.000000 0.000000 0.000000 0.000000 0.000000 0.000000 0.000000 0.000000 0.000000 0.000000 0.000000 0.000000 0.000000 0.000000 0.000000 0.000000 0.000000 0.000000 0.000000 0.000000 0.000000 0.000000 0.000000 0.000000
0.000197 0.228912 0.184601 0.186576 0.197788 0.197576 0.204867 0.205471 0.211132 0.212950 0.217408 0.239243 0.228139 0.000000 0.000000 0.000000 0.000000 0.000000 0.000000 0.000000 0.000000 0.000000 0.000000 0.000000 0.000000 0.000000 0.000000 0.000000 0.000000 0.000000 0.000000 0.000000 0.000000 0.000000 0.000000 0.000000 0.000000 0.000000 0.000000 0.000000 0.000000 0.000000 0.000000 0.000000 0.000000 0.000000 0.000000 0.000000 0.000000 0.000000
0.046383 0.267264 0.221829 0.225994 0.235457 0.233213 0.243473 0.246674 0.253841 0.258398 0.264022 0.311486 0.274639 0.000000 0.000000 0.000000 0.000000 0.000000 0.000000 0.000000 0.000000 0.000000 0.000000 0.000000 0.000000 0.000000 0.000000 0.000000 0.000000 0.000000 0.000000 0.000000 0.000000 0.000000 0.000000 0.000000 0.000000 0.000000 0.000000 0.000000 0.000000 0.000000 0.000000 0.000000 0.000000 0.000000 0.000000 0.000000 0.000000 0.000000
0.146264 0.303908 0.259937 0.260632 0.269518 0.274029 0.283564 0.287793 0.295928 0.302178 0.309356 0.361382 0.362268 0.000000 0.000000 0.000000 0.000000 0.000000 0.000000 0.000000 0.000000 0.000000 0.000000 0.000000 0.000000 0.000000 0.000000 0.000000 0.000000 0.000000 0.000000 0.000000 0.000000 0.000000 0.000000 0.000000 0.000000 0.000000 0.000000 0.000000 0.000000 0.000000 0.000000 0.000000 0.000000 0.000000 0.000000 0.000000 0.000000 0.000000
0.074729 0.306020 0.296441 0.295852 0.305597 0.310306 0.320645 0.327796 0.338337 0.347193 0.357586 0.416261 0.387277 0.000000 0.000000 0.000000 0.000000 0.000000 0.000000 0.000000 0.000000 0.000000 0.000000 0.000000 0.000000 0.000000 0.000000 0.000000 0.000000 0.000000 0.000000 0.000000 0.000000 0.000000 0.000000 0.000000 0.000000 0.000000 0.000000 0.000000 0.000000 0.000000 0.000000 0.000000 0.000000 0.000000 0.000000 0.000000 0.000000 0.000000
0.113390 0.339516 0.330494 0.329385 0.339617 0.346757 0.357873 0.367658 0.380390 0.393114 0.406311 0.473767 0.518346 0.000000 0.000000 0.000000 0.000000 0.000000 0.000000 0.000000 0.000000 0.000000 0.000000 0.000000 0.000000 0.000000 0.000000 0.000000 0.000000 0.000000 0.000000 0.000000 0.000000 0.000000 0.000000 0.000000 0.000000 0.000000 0.000000 0.000000 0.000000 0.000000 0.000000 0.000000 0.000000 0.000000 0.000000 0.000000 0.000000 0.000000
0.084800 0.358304 0.362496 0.361083 0.371689 0.380559 0.393028 0.405324 0.421724 0.437584 0.458248 0.508167 0.516322 0.000000 0.000000 0.000000 0.000000 0.000000 0.000000 0.000000 0.000000 0.000000 0.000000 0.000000 0.000000 0.000000 0.000000 0.000000 0.000000 0.000000 0.000000 0.000000 0.000000 0.000000 0.000000 0.000000 0.000000 0.000000 0.000000 0.000000 0.000000 0.000000 0.000000 0.000000 0.000000 0.000000 0.000000 0.000000 0.000000 0.000000
0.154097 0.430868 0.393064 0.391131 0.402057 0.412782 0.426578 0.442232 0.462010 0.484882 0.511642 0.533280 0.600754 0.000000 0.000000 0.000000 0.000000 0.000000 0.000000 0.000000 0.000000 0.000000 0.000000 0.000000 0.000000 0.000000 0.000000 0.000000 0.000000 0.000000 0.000000 0.000000 0.000000 0.000000 0.000000 0.000000 0.000000 0.000000 0.000000 0.000000 0.000000 0.000000 0.000000 0.000000 0.000000 0.000000 0.000000 0.000000 0.000000 0.000000
0.146733 0.417459 0.422449 0.422949 0.438545 0.453329 0.472278 0.473106 0.496650 0.524072 0.563468 0.691117 0.705894 0.000000 0.000000 0.000000 0.000000 0.000000 0.000000 0.000000 0.000000 0.000000 0.000000 0.000000 0.000000 0.000000 0.000000 0.000000 0.000000 0.000000 0.000000 0.000000 0.000000 0.000000 0.000000 0.000000 0.000000 0.000000 0.000000 0.000000 0.000000 0.000000 0.000000 0.000000 0.000000 0.000000 0.000000 0.000000 0.000000 0.000000
0.177689 0.434366 0.446064 0.443391 0.454010 0.467338 0.483147 0.503403 0.530282 0.565322 0.618283 0.755575 0.909712 0.000000 0.000000 0.000000 0.000000 0.000000 0.000000 0.000000 0.000000 0.000000 0.000000 0.000000 0.000000 0.000000 0.000000 0.000000 0.000000 0.000000 0.000000 0.000000 0.000000 0.000000 0.000000 0.000000 0.000000 0.000000 0.000000 0.000000 0.000000 0.000000 0.000000 0.000000 0.000000 0.000000 0.000000 0.000000 0.000000 0.000000
0.187166 0.455201 0.468172 0.465214 0.475054 0.488812 0.503779 0.524204 0.548428 0.583954 0.629096 0.834951 1.294384 -0.116078 0.029222 0.032995 0.014624 0.000000 0.000000 0.000000 0.000000 0.000000 0.000000 0.000000 0.000000 0.000000 0.000000 0.000000 0.000000 0.000000 0.000000 0.000000 0.000000 0.000000 0.000000 0.000000 0.000000 0.000000 0.000000 0.000000 0.000000 0.000000 0.000000 0.000000 0.000000 0.000000 0.000000 0.000000 0.000000 0.000000
0.194229 0.473845 0.487223 0.484204 0.493217 0.506394 0.519867 0.538071 0.557707 0.576518 0.610263 0.630720 0.579769 0.293205 0.229996 0.313302 0.331290 0.000000 0.000000 0.000000 0.000000 0.000000 0.000000 0.000000 0.000000 0.000000 0.000000 0.000000 0.000000 0.000000 0.000000 0.000000 0.000000 0.000000 0.000000 0.000000 0.000000 0.000000 0.000000 0.000000 0.000000 0.000000 0.000000 0.000000 0.000000 0.000000 0.000000 0.000000 0.000000 0.000000
0.181618 0.491069 0.503842 0.500611 0.508482 0.521064 0.532927 0.548705 0.564679 0.577435 0.598567 0.599341 0.572965 0.474690 0.394316 0.290743 0.322758 0.000000 0.000000 0.000000 0.000000 0.000000 0.000000 0.000000 0.000000 0.000000 0.000000 0.000000 0.000000 0.000000 0.000000 0.000000 0.000000 0.000000 0.000000 0.000000 0.000000 0.000000 0.000000 0.000000 0.000000 0.000000 0.000000 0.000000 0.000000 0.000000 0.000000 0.000000 0.000000 0.000000
0.155005 0.506482 0.517925 0.514579 0.521458 0.532971 0.543086 0.555409 0.568827 0.578568 0.590203 0.588881 0.577667 0.511421 0.490609 0.469150 0.533843 0.000000 0.000000 0.000000 0.000000 0.000000 0.000000 0.000000 0.000000 0.000000 0.000000 0.000000 0.000000 0.000000 0.000000 0.000000 0.000000 0.000000 0.000000 0.000000 0.000000 0.000000 0.000000 0.000000 0.000000 0.000000 0.000000 0.000000 0.000000 0.000000 0.000000 0.000000 0.000000 0.000000
0.202507 0.516161 0.530126 0.526628 0.532211 0.543189 0.552202 0.563216 0.575122 0.585799 0.598774 0.603765 0.610453 0.589752 0.606406 0.747510 0.729648 0.000000 0.000000 0.000000 0.000000 0.000000 0.000000 0.000000 0.000000 0.000000 0.000000 0.000000 0.000000 0.000000 0.000000 0.000000 0.000000 0.000000 0.000000 0.000000 0.000000 0.000000 0.000000 0.000000 0.000000 0.000000 0.000000 0.000000 0.000000 0.000000 0.000000 0.000000 0.000000 0.000000
0.181681 0.527089 0.540191 0.536724 0.541651 0.551695 0.559459 0.569244 0.579888 0.590956 0.604531 0.616807 0.634249 0.647788 0.690793 0.761707 0.772462 0.000000 0.000000 0.000000 0.000000 0.000000 0.000000 0.000000 0.000000 0.000000 0.000000 0.000000 0.000000 0.000000 0.000000 0.000000 0.000000 0.000000 0.000000 0.000000 0.000000 0.000000 0.000000 0.000000 0.000000 0.000000 0.000000 0.000000 0.000000 0.000000 0.000000 0.000000 0.000000 0.000000
0.290569 0.549894 0.549295 0.545677 0.549270 0.559004 0.565725 0.574792 0.584736 0.596871 0.612193 0.632062 0.659474 0.705168 0.766852 1.098266 1.090785 0.000000 0.000000 0.000000 0.000000 0.000000 0.000000 0.000000 0.000000 0.000000 0.000000 0.000000 0.000000 0.000000 0.000000 0.000000 0.000000 0.000000 0.000000 0.000000 0.000000 0.000000 0.000000 0.000000 0.000000 0.000000 0.000000 0.000000 0.000000 0.000000 0.000000 0.000000 0.000000 0.000000
0.545366 0.577399 0.556771 0.552934 0.555807 0.564591 0.570143 0.578022 0.586609 0.597607 0.612321 0.631789 0.662242 0.708250 0.778891 1.390130 1.600382 -0.031517 0.015473 0.049329 0.008079 0.011597 0.025321 0.027797 0.038346 0.002695 0.002727 0.002709 0.002933 0.003062 0.003207 0.003305 0.003401 0.003554 0.003737 0.003852 -0.003967 -0.003780 -0.003504 -0.003145 -0.002880 -0.002508 -0.002204 -0.001751 -0.001480 -0.001188 0.000791 0.001739 -0.002309 0.007521
0.288411 0.549652 0.563024 0.559102 0.561104 0.569135 0.573282 0.579751 0.586288 0.594887 0.606246 0.620283 0.642666 0.668602 0.703800 0.812879 0.380051 0.065705 0.089704 0.085134 0.041017 0.031595 0.028049 0.072362 0.066377 0.022262 0.012071 0.009525 0.007298 0.019781 0.004029 0.002873 0.015116 0.009373 0.009280 0.009260 0.027914 0.026734 0.026190 0.025147 0.023736 0.022815 0.017441 0.002754 0.020465 0.011009 0.018568 0.016237 0.018296 0.008522
0.138507 0.570828 0.568776 0.564409 0.565649 0.572504 0.575121 0.579867 0.583904 0.589169 0.595872 0.602627 0.613669 0.619256 0.630838 0.604423 0.505618 0.329542 0.217999 0.157961 0.131536 0.114076 0.100016 0.087145 0.077190 0.068800 0.062246 0.056998 0.052595 0.048786 0.045491 0.042614 0.040087 0.037883 0.035966 0.034096 0.032819 0.031373 0.029901 0.028773 0.027960 0.026948 0.026313 0.025648 0.025358 0.024717 0.025268 0.022383 0.025854 0.015398
0.294549 0.564098 0.573914 0.569268 0.569343 0.575338 0.576412 0.579373 0.580748 0.582713 0.584586 0.585246 0.585754 0.579136 0.568742 0.532039 0.451717 0.333300 0.264847 0.214537 0.178868 0.150666 0.129365 0.113926 0.101885 0.092601 0.084349 0.076458 0.070449 0.065504 0.061239 0.057509 0.054229 0.051307 0.048766 0.046371 0.044418 0.042591 0.041033 0.039661 0.038481 0.037312 0.036470 0.035562 0.034975 0.034137 0.034021 0.033311 0.029786 0.035307
0.210461 0.577010 0.578918 0.573577 0.573285 0.577890 0.577292 0.578545 0.577464 0.576338 0.574162 0.570015 0.563950 0.551649 0.532608 0.497963 0.440172 0.363244 0.300958 0.252360 0.217888 0.189785 0.166989 0.149527 0.135098 0.122970 0.112625 0.103694 0.096064 0.089489 0.083749 0.078701 0.074247 0.070288 0.066789 0.063628 0.060877 0.058371 0.056138 0.054168 0.052492 0.050954 0.049208 0.048586 0.047048 0.047000 0.046093 0.045594 0.047297 0.040658
0.128986 0.581689 0.583881 0.578638 0.576597 0.580207 0.578487 0.578126 0.574837 0.571108 0.565635 0.557885 0.547261 0.530976 0.508430 0.474683 0.429220 0.371835 0.325950 0.284030 0.249730 0.221063 0.197100 0.177616 0.161393 0.147455 0.135255 0.124895 0.116015 0.108285 0.101513 0.095536 0.090241 0.085519 0.081326 0.077549 0.074219 0.071225 0.068576 0.066239 0.064167 0.062438 0.060773 0.059101 0.058275 0.056625 0.056657 0.056543 0.057724 0.054956
0.311376 0.587307 0.588974 0.583472 0.581787 0.583594 0.580272 0.578567 0.573347 0.567480 0.559530 0.549310 0.536064 0.518300 0.495205 0.465052 0.427395 0.383706 0.343280 0.306232 0.274839 0.247440 0.223895 0.204006 0.186764 0.171831 0.158816 0.147463 0.137491 0.128700 0.120912 0.113985 0.107809 0.102283 0.097346 0.092910 0.088954 0.085405 0.082243 0.079439 0.076957 0.074807 0.072876 0.071352 0.069859 0.068914 0.067799 0.067770 0.075937 0.070993
0.205637 0.594108 0.594875 0.589746 0.586066 0.587364 0.582750 0.579899 0.573208 0.565619 0.555843 0.543880 0.529047 0.510474 0.487768 0.459968 0.427964 0.391943 0.358160 0.325568 0.296452 0.270170 0.246995 0.226704 0.208906 0.193204 0.179324 0.167073 0.156225 0.146585 0.137991 0.130305 0.123419 0.117234 0.111684 0.106689 0.102216 0.098201 0.094618 0.091435 0.088613 0.086149 0.083985 0.082092 0.080594 0.079221 0.078356 0.078329 0.078229 0.067979
0.208424 0.601812 0.601299 0.595841 0.592584 0.592169 0.586476 0.582500 0.574608 0.565636 0.554533 0.541408 0.525720 0.507047 0.485114 0.459681 0.431292 0.400491 0.370429 0.341117 0.314313 0.289524 0.267217 0.247182 0.229265 0.213254 0.198901 0.186063 0.174552 0.164219 0.154929 0.146563 0.139024 0.132222 0.126090 0.120559 0.115585 0.111115 0.107113 0.103552 0.100391 0.097631 0.095205 0.093172 0.091406 0.090050 0.088876 0.088877 0.098626 0.106229
0.145739 0.610487 0.608695 0.603853 0.598995 0.598231 0.591275 0.586426 0.577552 0.567467 0.555376 0.541428 0.525244 0.506628 0.485487 0.461776 0.436099 0.408783 0.381816 0.355236 0.330243 0.306770 0.285195 0.265462 0.247533 0.231295 0.216587 0.203279 0.191243 0.180354 0.170497 0.161570 0.153483 0.146156 0.139524 0.133525 0.128112 0.123239 0.118867 0.114968 0.111505 0.108469 0.105815 0.103551 0.101646 0.100092 0.098916 0.098884 0.109341 0.096781
0.152099 0.628921 0.617233 0.612041 0.607425 0.605282 0.597554 0.591734 0.582047 0.571049 0.558193 0.543650 0.527181 0.508728 0.488281 0.465941 0.442135 0.417227 0.392366 0.367782 0.344325 0.322035 0.301249 0.281973 0.264217 0.247932 0.233036 0.219429 0.207005 0.195677 0.185352 0.175945 0.167380 0.159588 0.152507 0.146083 0.140269 0.135023 0.130308 0.126095 0.122349 0.119061 0.116186 0.113744 0.111667 0.110011 0.108687 0.108676 0.119607 0.093553
0.216767 0.631204 0.626827 0.622713 0.616664 0.613908 0.605154 0.598488 0.588064 0.576263 0.562761 0.547724 0.531033 0.512701 0.492791 0.471441 0.449011 0.425803 0.402563 0.379532 0.357287 0.335969 0.315842 0.296973 0.279407 0.263131 0.248101 0.234268 0.221551 0.209873 0.199166 0.189362 0.180393 0.172201 0.164731 0.157933 0.151764 0.146185 0.141161 0.136664 0.132661 0.129142 0.126064 0.123444 0.121217 0.119442 0.118011 0.118015 0.129471 0.111766
0.153487 0.643542 0.638094 0.633660 0.627657 0.623759 0.614291 0.606719 0.595587 0.583030 0.568927 0.553431 0.536512 0.518228 0.498681 0.478027 0.456549 0.434521 0.412432 0.390534 0.369238 0.348709 0.329160 0.310681 0.293329 0.277120 0.262034 0.248042 0.235099 0.223149 0.212131 0.201991 0.192678 0.184139 0.176326 0.169196 0.162711 0.156832 0.151529 0.146774 0.142537 0.138807 0.135542 0.132763 0.130393 0.128515 0.126977 0.126992 0.125198 0.119853
0.161403 0.667845 0.650645 0.647105 0.639938 0.635198 0.624817 0.616279 0.604480 0.591177 0.576477 0.560502 0.543301 0.524956 0.505597 0.485380 0.464546 0.443328 0.422074 0.401009 0.380433 0.360514 0.341427 0.323268 0.306103 0.289964 0.274850 0.260747 0.247625 0.235449 0.224177 0.213760 0.204153 0.195315 0.187205 0.179785 0.173019 0.166874 0.161321 0.156335 0.151885 0.147965 0.144529 0.141606 0.139107 0.137137 0.135518 0.135529 0.147343 0.117361
0.355052 0.665201 0.665060 0.661731 0.654185 0.648216 0.637146 0.627502 0.614901 0.600786 0.585379 0.568832 0.551245 0.532703 0.513358 0.493358 0.472906 0.452204 0.431510 0.411023 0.390971 0.371507 0.352779 0.334879 0.317874 0.301801 0.286674 0.272489 0.259230 0.246871 0.235381 0.224727 0.214872 0.205778 0.197409 0.189733 0.182719 0.176337 0.170560 0.165366 0.160725 0.156633 0.153042 0.149989 0.147369 0.145310 0.143604 0.143609 0.141372 0.145348
0.156027 0.677143 0.681337 0.678395 0.669598 0.662801 0.650594 0.639694 0.626187 0.611365 0.595252 0.578084 0.560021 0.541165 0.521683 0.501710 0.481434 0.461022 0.440680 0.420604 0.401272 0.382162 0.363784 0.345561 0.329308 0.313297 0.298175 0.283847 0.270422 0.257797 0.246073 0.235099 0.225006 0.215471 0.206880 0.198981 0.191749 0.185158 0.179182 0.173803 0.168992 0.164747 0.161015 0.157849 0.155117 0.153002 0.151183 0.151229 0.156726 0.136324
0.175676 0.701774 0.702619 0.690360 0.681635 0.670142 0.657289 0.655591 0.642630 0.625537 0.607936 0.589504 0.570374 0.550916 0.530577 0.510448 0.490159 0.469844 0.449670 0.429771 0.410297 0.391357 0.373060 0.355479 0.338672 0.322680 0.307523 0.293210 0.279740 0.267101 0.255279 0.244251 0.233993 0.224481 0.215691 0.207597 0.200175 0.193398 0.187247 0.181703 0.176739 0.172359 0.168501 0.165241 0.162406 0.160261 0.158360 0.158416 0.163176 0.174855
0.180437 0.722738 0.720602 0.717882 0.706607 0.697096 0.682653 0.668472 0.651896 0.635883 0.617861 0.599059 0.579608 0.559715 0.539504 0.519104 0.498667 0.478309 0.458169 0.438352 0.418985 0.400155 0.381958 0.364453 0.347691 0.331711 0.316530 0.302162 0.288607 0.275859 0.263906 0.252731 0.242317 0.232641 0.223682 0.215416 0.207828 0.200890 0.194588 0.188898 0.183803 0.179300 0.175333 0.171984 0.169059 0.166856 0.164908 0.164927 0.170249 0.151453
0.188802 0.778033 0.744039 0.741121 0.729604 0.716837 0.702712 0.684754 0.669207 0.649602 0.631179 0.610982 0.590663 0.569852 0.549050 0.528165 0.507425 0.486863 0.466628 0.446759 0.427402 0.408581 0.390415 0.372922 0.356162 0.340163 0.324940 0.310509 0.296869 0.284018 0.271946 0.260638 0.250084 0.240259 0.231152 0.222733 0.214999 0.207910 0.201475 0.195657 0.190448 0.185836 0.181773 0.178353 0.175336 0.173138 0.171042 0.171148 0.164457 0.168444
0.194376 0.772441 0.769911 0.766682 0.752386 0.738156 0.720287 0.702322 0.681386 0.663563 0.642031 0.621916 0.600180 0.579035 0.557532 0.536257 0.515127 0.494342 0.473929 0.453964 0.434545 0.415708 0.397537 0.380047 0.363278 0.347266 0.332002 0.317525 0.303818 0.290886 0.278721 0.267308 0.256644 0.246698 0.237477 0.228929 0.221083 0.213867 0.207327 0.201391 0.196101 0.191372 0.187256 0.183740 0.180699 0.178475 0.176356 0.176502 0.183444 0.167215
0.193542 0.799075 0.800473 0.795999 0.781197 0.762795 0.746961 0.720449 0.703724 0.676583 0.658696 0.634234 0.613028 0.589627 0.567569 0.545366 0.523798 0.502459 0.481847 0.461540 0.442114 0.423031 0.404878 0.387254 0.370426 0.354353 0.339013 0.324466 0.310672 0.297648 0.285386 0.273864 0.263099 0.253026 0.243704 0.235019 0.227083 0.219729 0.213109 0.207055 0.201707 0.196852 0.192708 0.189072 0.186020 0.183815 0.181545 0.181830 0.188557 0.180584
0.243414 0.833755 0.832830 0.826686 0.806852 0.785097 0.762533 0.740243 0.714267 0.692360 0.665595 0.644322 0.618649 0.596984 0.573086 0.551379 0.528956 0.507683 0.486598 0.466280 0.446496 0.427571 0.409252 0.391770 0.374916 0.358897 0.343491 0.328951 0.315116 0.302051 0.289742 0.278142 0.267341 0.257173 0.247820 0.239021 0.231059 0.223574 0.216936 0.210777 0.205455 0.200362 0.196357 0.192379 0.189676 0.187040 0.185336 0.185760 0.179674 0.184929
0.231987 0.874625 0.873529 0.867371 0.847518 0.815074 0.796172 0.759115 0.741777 0.705539 0.688020 0.654753 0.635949 0.605948 0.585675 0.559795 0.537925 0.514797 0.494279 0.472460 0.453778 0.433251 0.415943 0.397505 0.380719 0.364567 0.349023 0.334431 0.320497 0.307364 0.294999 0.283295 0.272480 0.262140 0.252816 0.243812 0.235926 0.228204 0.221645 0.215302 0.210171 0.204673 0.200940 0.196204 0.194156 0.191230 0.189754 0.190695 0.198632 0.182619
0.377165 0.921472 0.912871 0.899537 0.870853 0.840524 0.807790 0.778615 0.745559 0.717788 0.688319 0.662183 0.634851 0.610217 0.584421 0.561824 0.538051 0.514748 0.494601 0.472166 0.453620 0.433001 0.415824 0.397609 0.381176 0.365032 0.349657 0.335172 0.321246 0.308130 0.295803 0.284034 0.273272 0.262882 0.253496 0.244513 0.236567 0.228789 0.222268 0.215919 0.211006 0.205139 0.201962 0.195439 0.195484 0.189822 0.191162 0.193073 0.201433 0.179590
0.368560 0.979262 0.973649 0.953360 0.922125 0.877171 0.852221 0.802557 0.782852 0.737832 0.718517 0.678352 0.659132 0.623590 0.605069 0.573350 0.555781 0.530954 0.504137 0.488667 0.462564 0.448591 0.424671 0.411038 0.389838 0.376752 0.358372 0.345207 0.330124 0.317049 0.304644 0.291941 0.282453 0.270039 0.262779 0.250851 0.245821 0.234689 0.230172 0.222145 0.218191 0.212062 0.207349 0.207864 0.199665 0.203183 0.194999 0.198246 0.188563 0.194718
0.364090 1.054702 0.978647 0.994933 0.937912 0.897509 0.848104 0.812060 0.771145 0.729073 0.706342 0.666925 0.645864 0.610104 0.591233 0.559396 0.539635 0.519154 0.489798 0.475601 0.448525 0.435679 0.411598 0.398640 0.377427 0.364222 0.346951 0.333077 0.319283 0.306199 0.294471 0.281857 0.273166 0.260765 0.254550 0.242487 0.238258 0.227058 0.223049 0.214453 0.211923 0.203856 0.202031 0.196238 0.196613 0.191696 0.191959 0.193486 0.194282 0.200279
0.327441 1.142571 1.020034 0.961923 0.964351 0.924134 0.876560 0.837619 0.796966 0.761387 0.726800 0.695255 0.664628 0.636517 0.609141 0.583673 0.559043 0.535534 0.513254 0.491717 0.471227 0.451476 0.432585 0.414553 0.397219 0.380827 0.365019 0.350134 0.335889 0.322437 0.309720 0.297720 0.286495 0.275901 0.266116 0.256916 0.248539 0.240716 0.233693 0.227298 0.221429 0.216415 0.211676 0.208137 0.204253 0.202352 0.198133 0.199283 0.203193 0.197572
0.342762 1.173825 1.195927 0.999374 0.968521 0.898993 0.855963 0.809271 0.767189 0.732793 0.696247 0.665619 0.635269 0.631050 0.605811 0.576686 0.554053 0.530684 0.505022 0.486669 0.463299 0.444957 0.424606 0.406190 0.388622 0.372940 0.357024 0.342169 0.328038 0.314721 0.302211 0.290285 0.279443 0.268875 0.259651 0.250267 0.242502 0.234543 0.227944 0.221559 0.221149 0.210544 0.210367 0.200152 0.199964 0.192815 0.193180 0.197012 0.188690 0.214380
0.725884 1.468285 1.186602 1.087161 1.015228 0.944776 0.915978 0.867450 0.792099 0.751102 0.774843 0.689834 0.666566 0.643736 0.619033 0.584548 0.581172 0.546440 0.511583 0.507071 0.477994 0.465970 0.446109 0.410286 0.397611 0.380669 0.368622 0.359727 0.330676 0.325645 0.305849 0.294159 0.294037 0.272621 0.260171 0.259654 0.243913 0.247444 0.240076 0.220329 0.220733 0.221790 0.209282 0.212991 0.209382 0.206951 0.192058 0.189667 0.203824 0.197380
