0.423040 0.480890 0.382770 0.366689 0.329832 0.290731 0.269437 0.242582 0.171447 0.136631 0.081333 0.048748 0.007880 0.000000 0.000000 0.000000 0.000000 0.000000 0.000000 0.000000 0.000000 0.000000 0.000000 0.000000 0.000000 0.000000 0.000000 0.000000 0.000000 0.000000 0.000000 0.000000 0.000000 0.000000 0.000000 0.000000 0.000000 0.000000 0.000000 0.000000 0.000000 0.000000 0.000000 0.000000 0.000000 0.000000 0.000000 0.000000 0.000000 0.000000
0.505471 0.422119 0.389435 0.383981 0.336912 0.309751 0.244499 0.204733 0.177897 0.133078 0.088420 0.052749 0.006151 0.000000 0.000000 0.000000 0.000000 0.000000 0.000000 0.000000 0.000000 0.000000 0.000000 0.000000 0.000000 0.000000 0.000000 0.000000 0.000000 0.000000 0.000000 0.000000 0.000000 0.000000 0.000000 0.000000 0.000000 0.000000 0.000000 0.000000 0.000000 0.000000 0.000000 0.000000 0.000000 0.000000 0.000000 0.000000 0.000000 0.000000
0.516996 0.447112 0.402017 0.372018 0.361475 0.310985 0.280287 0.235194 0.196244 0.152658 0.108599 0.022005 0.001062 0.000000 0.000000 0.000000 0.000000 0.000000 0.000000 0.000000 0.000000 0.000000 0.000000 0.000000 0.000000 0.000000 0.000000 0.000000 0.000000 0.000000 0.000000 0.000000 0.000000 0.000000 0.000000 0.000000 0.000000 0.000000 0.000000 0.000000 0.000000 0.000000 0.000000 0.000000 0.000000 0.000000 0.000000 0.000000 0.000000 0.000000
0.514722 0.447237 0.385049 0.364285 0.360530 0.302096 0.276923 0.231598 0.195077 0.153287 0.109021 0.016596 0.020403 0.000000 0.000000 0.000000 0.000000 0.000000 0.000000 0.000000 0.000000 0.000000 0.000000 0.000000 0.000000 0.000000 0.000000 0.000000 0.000000 0.000000 0.000000 0.000000 0.000000 0.000000 0.000000 0.000000 0.000000 0.000000 0.000000 0.000000 0.000000 0.000000 0.000000 0.000000 0.000000 0.000000 0.000000 0.000000 0.000000 0.000000
0.514466 0.475517 0.389953 0.386365 0.380527 0.320500 0.290238 0.238620 0.201759 0.154931 0.112352 0.014918 0.006820 0.000000 0.000000 0.000000 0.000000 0.000000 0.000000 0.000000 0.000000 0.000000 0.000000 0.000000 0.000000 0.000000 0.000000 0.000000 0.000000 0.000000 0.000000 0.000000 0.000000 0.000000 0.000000 0.000000 0.000000 0.000000 0.000000 0.000000 0.000000 0.000000 0.000000 0.000000 0.000000 0.000000 0.000000 0.000000 0.000000 0.000000
0.498042 0.476265 0.387309 0.382557 0.381725 0.311467 0.291540 0.237576 0.203343 0.156807 0.114533 0.062640 0.008197 0.000000 0.000000 0.000000 0.000000 0.000000 0.000000 0.000000 0.000000 0.000000 0.000000 0.000000 0.000000 0.000000 0.000000 0.000000 0.000000 0.000000 0.000000 0.000000 0.000000 0.000000 0.000000 0.000000 0.000000 0.000000 0.000000 0.000000 0.000000 0.000000 0.000000 0.000000 0.000000 0.000000 0.000000 0.000000 0.000000 0.000000
0.506674 0.482807 0.391330 0.379742 0.385345 0.317153 0.297247 0.243118 0.209494 0.161516 0.118534 0.013876 0.010113 0.000000 0.000000 0.000000 0.000000 0.000000 0.000000 0.000000 0.000000 0.000000 0.000000 0.000000 0.000000 0.000000 0.000000 0.000000 0.000000 0.000000 0.000000 0.000000 0.000000 0.000000 0.000000 0.000000 0.000000 0.000000 0.000000 0.000000 0.000000 0.000000 0.000000 0.000000 0.000000 0.000000 0.000000 0.000000 0.000000 0.000000
0.428917 0.485315 0.394787 0.380569 0.390104 0.317863 0.301729 0.247584 0.215058 0.166872 0.122988 0.016017 -0.029866 0.000000 0.000000 0.000000 0.000000 0.000000 0.000000 0.000000 0.000000 0.000000 0.000000 0.000000 0.000000 0.000000 0.000000 0.000000 0.000000 0.000000 0.000000 0.000000 0.000000 0.000000 0.000000 0.000000 0.000000 0.000000 0.000000 0.000000 0.000000 0.000000 0.000000 0.000000 0.000000 0.000000 0.000000 0.000000 0.000000 0.000000
0.504477 0.491815 0.400394 0.385403 0.395435 0.323151 0.309654 0.255447 0.223817 0.174908 0.130123 0.018455 0.003041 0.000000 0.000000 0.000000 0.000000 0.000000 0.000000 0.000000 0.000000 0.000000 0.000000 0.000000 0.000000 0.000000 0.000000 0.000000 0.000000 0.000000 0.000000 0.000000 0.000000 0.000000 0.000000 0.000000 0.000000 0.000000 0.000000 0.000000 0.000000 0.000000 0.000000 0.000000 0.000000 0.000000 0.000000 0.000000 0.000000 0.000000
0.508073 0.492038 0.404516 0.388105 0.402202 0.330361 0.318634 0.265235 0.234395 0.186094 0.139576 0.023529 -0.011480 0.000000 0.000000 0.000000 0.000000 0.000000 0.000000 0.000000 0.000000 0.000000 0.000000 0.000000 0.000000 0.000000 0.000000 0.000000 0.000000 0.000000 0.000000 0.000000 0.000000 0.000000 0.000000 0.000000 0.000000 0.000000 0.000000 0.000000 0.000000 0.000000 0.000000 0.000000 0.000000 0.000000 0.000000 0.000000 0.000000 0.000000
0.505756 0.467431 0.410758 0.394043 0.409767 0.339518 0.330161 0.277928 0.249184 0.200890 0.154073 0.087551 -0.000476 0.000000 0.000000 0.000000 0.000000 0.000000 0.000000 0.000000 0.000000 0.000000 0.000000 0.000000 0.000000 0.000000 0.000000 0.000000 0.000000 0.000000 0.000000 0.000000 0.000000 0.000000 0.000000 0.000000 0.000000 0.000000 0.000000 0.000000 0.000000 0.000000 0.000000 0.000000 0.000000 0.000000 0.000000 0.000000 0.000000 0.000000
0.508123 0.500014 0.416101 0.399251 0.418150 0.349925 0.343085 0.293834 0.266639 0.222659 0.173820 0.124102 0.004080 0.000000 0.000000 0.000000 0.000000 0.000000 0.000000 0.000000 0.000000 0.000000 0.000000 0.000000 0.000000 0.000000 0.000000 0.000000 0.000000 0.000000 0.000000 0.000000 0.000000 0.000000 0.000000 0.000000 0.000000 0.000000 0.000000 0.000000 0.000000 0.000000 0.000000 0.000000 0.000000 0.000000 0.000000 0.000000 0.000000 0.000000
0.509556 0.492627 0.408168 0.433560 0.364197 0.366206 0.314112 0.314555 0.294423 0.246268 0.210876 0.116141 0.008920 0.000000 0.000000 0.000000 0.000000 0.000000 0.000000 0.000000 0.000000 0.000000 0.000000 0.000000 0.000000 0.000000 0.000000 0.000000 0.000000 0.000000 0.000000 0.000000 0.000000 0.000000 0.000000 0.000000 0.000000 0.000000 0.000000 0.000000 0.000000 0.000000 0.000000 0.000000 0.000000 0.000000 0.000000 0.000000 0.000000 0.000000
0.508325 0.470526 0.429512 0.412665 0.437164 0.375020 0.375425 0.334668 0.316704 0.287077 0.249164 0.233290 0.063239 0.000000 0.000000 0.000000 0.000000 0.000000 0.000000 0.000000 0.000000 0.000000 0.000000 0.000000 0.000000 0.000000 0.000000 0.000000 0.000000 0.000000 0.000000 0.000000 0.000000 0.000000 0.000000 0.000000 0.000000 0.000000 0.000000 0.000000 0.000000 0.000000 0.000000 0.000000 0.000000 0.000000 0.000000 0.000000 0.000000 0.000000
0.508378 0.472085 0.436924 0.420077 0.447464 0.389256 0.395151 0.360423 0.354243 0.339200 0.339605 0.461093 0.231947 0.417380 0.353120 0.131389 0.006344 0.000000 0.000000 0.000000 0.000000 0.000000 0.000000 0.000000 0.000000 0.000000 0.000000 0.000000 0.000000 0.000000 0.000000 0.000000 0.000000 0.000000 0.000000 0.000000 0.000000 0.000000 0.000000 0.000000 0.000000 0.000000 0.000000 0.000000 0.000000 0.000000 0.000000 0.000000 0.000000 0.000000
0.508211 0.473767 0.443644 0.426755 0.456573 0.401570 0.410466 0.379549 0.377891 0.366986 0.375521 0.466720 0.543276 0.504849 0.306291 0.037116 0.002322 0.000000 0.000000 0.000000 0.000000 0.000000 0.000000 0.000000 0.000000 0.000000 0.000000 0.000000 0.000000 0.000000 0.000000 0.000000 0.000000 0.000000 0.000000 0.000000 0.000000 0.000000 0.000000 0.000000 0.000000 0.000000 0.000000 0.000000 0.000000 0.000000 0.000000 0.000000 0.000000 0.000000
0.509048 0.475427 0.450181 0.433382 0.465496 0.413687 0.426208 0.398062 0.404111 0.390675 0.405694 0.412023 0.460654 0.440764 0.289974 0.020651 0.008069 0.000000 0.000000 0.000000 0.000000 0.000000 0.000000 0.000000 0.000000 0.000000 0.000000 0.000000 0.000000 0.000000 0.000000 0.000000 0.000000 0.000000 0.000000 0.000000 0.000000 0.000000 0.000000 0.000000 0.000000 0.000000 0.000000 0.000000 0.000000 0.000000 0.000000 0.000000 0.000000 0.000000
0.499686 0.474866 0.455964 0.439031 0.472886 0.423517 0.437430 0.411179 0.416178 0.403013 0.405154 0.400455 0.401617 0.357818 0.285346 0.042784 0.003177 0.000000 0.000000 0.000000 0.000000 0.000000 0.000000 0.000000 0.000000 0.000000 0.000000 0.000000 0.000000 0.000000 0.000000 0.000000 0.000000 0.000000 0.000000 0.000000 0.000000 0.000000 0.000000 0.000000 0.000000 0.000000 0.000000 0.000000 0.000000 0.000000 0.000000 0.000000 0.000000 0.000000
0.508225 0.476070 0.461305 0.444274 0.478986 0.432514 0.447934 0.423706 0.428628 0.416147 0.415810 0.402786 0.392882 0.342612 0.272452 0.085229 0.025443 0.000000 0.000000 0.000000 0.000000 0.000000 0.000000 0.000000 0.000000 0.000000 0.000000 0.000000 0.000000 0.000000 0.000000 0.000000 0.000000 0.000000 0.000000 0.000000 0.000000 0.000000 0.000000 0.000000 0.000000 0.000000 0.000000 0.000000 0.000000 0.000000 0.000000 0.000000 0.000000 0.000000
0.496461 0.477883 0.465816 0.449386 0.485215 0.440401 0.456736 0.434043 0.438789 0.427188 0.425383 0.412993 0.398774 0.357888 0.302437 0.042288 0.025853 0.000000 0.000000 0.000000 0.000000 0.000000 0.000000 0.000000 0.000000 0.000000 0.000000 0.000000 0.000000 0.000000 0.000000 0.000000 0.000000 0.000000 0.000000 0.000000 0.000000 0.000000 0.000000 0.000000 0.000000 0.000000 0.000000 0.000000 0.000000 0.000000 0.000000 0.000000 0.000000 0.000000
0.422874 0.508693 0.471351 0.452978 0.489297 0.447138 0.464758 0.444087 0.450285 0.440771 0.442082 0.433039 0.428302 0.399656 0.374707 0.096179 0.108541 0.000000 0.000000 0.000000 0.000000 0.000000 0.000000 0.000000 0.000000 0.000000 0.000000 0.000000 0.000000 0.000000 0.000000 0.000000 0.000000 0.000000 0.000000 0.000000 0.000000 0.000000 0.000000 0.000000 0.000000 0.000000 0.000000 0.000000 0.000000 0.000000 0.000000 0.000000 0.000000 0.000000
0.536737 0.517723 0.475403 0.456736 0.493215 0.453050 0.471662 0.452993 0.460851 0.454710 0.460727 0.460861 0.473321 0.473718 0.515677 0.505971 0.288811 0.821738 0.516160 0.721530 0.649766 0.571909 0.571187 0.520799 0.527432 0.402122 0.371108 0.342946 0.317071 0.293104 0.270886 0.250143 0.230710 0.212373 0.195375 0.178422 0.169255 0.154494 0.140040 0.125712 0.112113 0.099497 0.086649 0.074470 0.062691 0.051512 0.041872 0.027819 0.022751 0.000455
0.422215 0.509971 0.477986 0.459131 0.495843 0.457635 0.477196 0.460421 0.469832 0.466522 0.476322 0.483208 0.505884 0.527249 0.597415 0.740460 1.058233 0.875748 0.770670 0.672225 0.626335 0.571074 0.523724 0.485090 0.444580 0.414439 0.377261 0.348767 0.322626 0.283545 0.276015 0.255038 0.223046 0.220718 0.202583 0.185461 0.181652 0.165650 0.150248 0.134917 0.120187 0.106224 0.088945 0.082319 0.066394 0.055362 0.041884 0.028781 0.018187 0.000842
0.505778 0.505472 0.480158 0.461494 0.497597 0.461040 0.481014 0.465735 0.475925 0.474645 0.486067 0.497278 0.521748 0.553972 0.615414 0.694092 0.819306 0.813114 0.702299 0.645862 0.590605 0.542852 0.497866 0.457667 0.422037 0.389736 0.360347 0.333639 0.309264 0.286532 0.265317 0.245385 0.226649 0.208881 0.192169 0.176137 0.160770 0.146214 0.132084 0.118587 0.105541 0.093040 0.080594 0.068909 0.056618 0.045837 0.033146 0.033514 0.016702 0.000020
0.422528 0.509515 0.481300 0.462881 0.497998 0.462944 0.483093 0.468743 0.479039 0.478459 0.489715 0.500969 0.522068 0.549916 0.590423 0.646362 0.700262 0.707522 0.659665 0.609024 0.560823 0.516931 0.479909 0.445113 0.413526 0.383783 0.356351 0.330920 0.307111 0.284849 0.263989 0.244349 0.225824 0.208256 0.191618 0.175715 0.160527 0.146071 0.132069 0.118553 0.105478 0.092795 0.080430 0.068558 0.056452 0.045489 0.033304 0.032558 0.015287 -0.001066
0.511160 0.483078 0.481772 0.464029 0.497464 0.463593 0.483199 0.469385 0.479138 0.478464 0.488614 0.498486 0.515911 0.537388 0.566024 0.598788 0.626998 0.624684 0.595871 0.565773 0.531417 0.497310 0.463703 0.431688 0.401832 0.373697 0.348043 0.323741 0.300759 0.279254 0.259039 0.239971 0.221943 0.204815 0.188544 0.172990 0.158091 0.143841 0.130065 0.116850 0.103918 0.091664 0.078973 0.067854 0.055446 0.045074 0.032808 0.031930 0.018908 0.001441
0.531323 0.480600 0.481358 0.464707 0.495910 0.463112 0.481906 0.467965 0.476677 0.475143 0.483411 0.490782 0.503584 0.518783 0.537126 0.556017 0.570809 0.568558 0.550447 0.525995 0.497879 0.469720 0.441081 0.413256 0.386697 0.361365 0.337408 0.314599 0.293021 0.272587 0.253238 0.234877 0.217435 0.200819 0.184975 0.169817 0.155281 0.141341 0.127872 0.114912 0.102265 0.090187 0.078054 0.066380 0.054796 0.043769 0.032286 0.031345 0.019763 -0.002488
0.431559 0.479726 0.480483 0.464502 0.495646 0.461449 0.479006 0.464646 0.471966 0.469258 0.475421 0.480147 0.489005 0.498760 0.510015 0.519684 0.526037 0.521669 0.507891 0.490076 0.467748 0.444400 0.419737 0.395222 0.371237 0.348104 0.325834 0.304469 0.284104 0.264710 0.246250 0.228662 0.211892 0.195870 0.180546 0.165856 0.151742 0.138175 0.125059 0.112422 0.100098 0.088258 0.076559 0.065340 0.053815 0.043370 0.031442 0.030517 0.018792 -0.001559
0.509620 0.479237 0.479173 0.462244 0.489858 0.458069 0.474114 0.459553 0.465393 0.461328 0.465280 0.467367 0.472619 0.477985 0.483882 0.488104 0.489518 0.484294 0.473148 0.457834 0.439069 0.419022 0.397556 0.375995 0.354519 0.333465 0.313008 0.293232 0.274218 0.255970 0.238489 0.221743 0.205706 0.190330 0.175578 0.161403 0.147757 0.134611 0.121888 0.109609 0.097616 0.086086 0.074590 0.063750 0.052424 0.042380 0.030844 0.029851 0.020420 0.007058
0.507352 0.478451 0.477198 0.461312 0.488581 0.454518 0.468936 0.453298 0.457461 0.451889 0.453708 0.453375 0.455620 0.457487 0.459513 0.459890 0.458057 0.451892 0.441731 0.428501 0.412487 0.395006 0.376236 0.357016 0.337671 0.318502 0.299687 0.281354 0.263601 0.246461 0.229955 0.214076 0.198807 0.184121 0.169989 0.156377 0.143244 0.130568 0.118283 0.106406 0.094800 0.083617 0.072486 0.061940 0.050960 0.041152 0.029950 0.028932 0.019669 0.019335
0.515325 0.477385 0.474758 0.458045 0.482076 0.449427 0.461889 0.445774 0.448283 0.441241 0.441066 0.438554 0.438256 0.437366 0.436495 0.434272 0.430344 0.423496 0.413854 0.401755 0.387511 0.371935 0.355227 0.338008 0.320513 0.303061 0.285803 0.268871 0.252364 0.236337 0.220822 0.205828 0.191355 0.177387 0.163907 0.150890 0.138305 0.126134 0.114319 0.102880 0.091687 0.080891 0.070122 0.059942 0.049294 0.039856 0.028965 0.028003 0.019802 -0.003995
0.506845 0.502933 0.471802 0.456132 0.478992 0.444134 0.454787 0.437418 0.438249 0.429700 0.427685 0.423244 0.420822 0.417725 0.414658 0.410504 0.405078 0.397636 0.388206 0.376951 0.364042 0.349968 0.334936 0.319362 0.303474 0.287509 0.271650 0.256004 0.240671 0.225711 0.211167 0.197056 0.183388 0.170158 0.157354 0.144961 0.132954 0.121320 0.110009 0.099041 0.088298 0.077923 0.067564 0.057770 0.047501 0.038426 0.027868 0.026972 0.019684 -0.003187
0.508203 0.474566 0.468393 0.451803 0.472581 0.437599 0.446380 0.428120 0.427362 0.417374 0.413686 0.407544 0.403338 0.398465 0.393705 0.388127 0.381638 0.373745 0.364428 0.353731 0.341778 0.328867 0.315171 0.300979 0.286479 0.271860 0.257266 0.242824 0.228607 0.214680 0.201087 0.187854 0.174994 0.162511 0.150400 0.138650 0.127244 0.116171 0.105390 0.094921 0.084654 0.074729 0.064806 0.055427 0.045568 0.036886 0.026715 0.025877 0.019521 0.001481
0.515217 0.472752 0.464494 0.448323 0.467681 0.430592 0.437661 0.418077 0.415799 0.404384 0.399171 0.391522 0.385809 0.379487 0.373400 0.366727 0.359447 0.351199 0.341947 0.331688 0.320491 0.308532 0.295946 0.282930 0.269635 0.256210 0.242777 0.229431 0.216263 0.203322 0.190653 0.178282 0.166226 0.154494 0.143085 0.131994 0.121207 0.110717 0.100489 0.090543 0.080778 0.071329 0.061871 0.052931 0.043511 0.035235 0.025486 0.024705 0.020797 -0.002772
0.506655 0.498652 0.460166 0.443246 0.460851 0.422760 0.427856 0.407205 0.403461 0.390703 0.384113 0.375138 0.368148 0.360639 0.353508 0.345999 0.338138 0.329638 0.320451 0.310548 0.299962 0.288797 0.277148 0.265151 0.252920 0.240568 0.228196 0.215884 0.203699 0.191700 0.179924 0.168398 0.157140 0.146159 0.135457 0.125035 0.114880 0.104991 0.095334 0.085933 0.076691 0.067740 0.058770 0.050291 0.041334 0.033489 0.024180 0.023459 0.018777 0.001914
0.433340 0.515621 0.455171 0.438075 0.454780 0.414098 0.417954 0.395509 0.390493 0.376370 0.368523 0.358356 0.350277 0.341789 0.333832 0.325682 0.317400 0.308735 0.299637 0.290057 0.280004 0.269532 0.258705 0.247610 0.236333 0.224958 0.213562 0.202213 0.190966 0.179868 0.168952 0.158252 0.147779 0.137546 0.127555 0.117808 0.108297 0.099021 0.089952 0.081112 0.072413 0.063981 0.055522 0.047524 0.039060 0.031668 0.022832 0.022177 0.016525 -0.003059
0.505141 0.491110 0.449787 0.431880 0.445917 0.404703 0.406014 0.382819 0.376405 0.361168 0.352189 0.341015 0.332035 0.322762 0.314171 0.305552 0.296990 0.288249 0.279279 0.270053 0.260721 0.250841 0.240711 0.230249 0.219951 0.209450 0.198949 0.188506 0.178157 0.167942 0.157882 0.148000 0.138309 0.128692 0.119411 0.110345 0.101486 0.092834 0.084367 0.076103 0.067965 0.060066 0.052137 0.044635 0.036675 0.029749 0.021335 0.020776 -0.001603 0.000558
0.506613 0.508544 0.425925 0.449706 0.396284 0.398936 0.370480 0.371202 0.363101 0.345722 0.335725 0.323483 0.313624 0.303767 0.294386 0.285440 0.276719 0.267988 0.259194 0.250264 0.241176 0.231927 0.222533 0.213020 0.203430 0.193800 0.184174 0.174591 0.165087 0.155692 0.146433 0.137328 0.128391 0.119633 0.111060 0.102676 0.094474 0.086457 0.078602 0.070927 0.063365 0.056015 0.048638 0.041645 0.034235 0.027760 0.019984 0.019419 0.016179 0.027189
0.506853 0.505664 0.436566 0.417080 0.426267 0.382362 0.379664 0.353992 0.344017 0.327920 0.317030 0.304293 0.293985 0.283632 0.274263 0.265143 0.256394 0.247767 0.239214 0.230650 0.222045 0.213378 0.204649 0.195864 0.187048 0.178222 0.169417 0.160660 0.151978 0.143394 0.134930 0.126601 0.118419 0.110393 0.102527 0.094825 0.087284 0.079907 0.072675 0.065601 0.058628 0.051840 0.045034 0.038561 0.031719 0.025731 0.018518 0.018038 0.017555 -0.015552
0.474118 0.498316 0.427822 0.408793 0.420627 0.368930 0.368848 0.338349 0.329150 0.309893 0.298429 0.284905 0.274059 0.263376 0.253793 0.244616 0.235934 0.227498 0.219244 0.211088 0.202986 0.194906 0.186833 0.178756 0.170689 0.162639 0.154626 0.146669 0.138784 0.130991 0.123305 0.115739 0.108301 0.101001 0.093841 0.086825 0.079948 0.073213 0.066611 0.060146 0.053773 0.047557 0.041337 0.035394 0.029133 0.023641 0.016931 0.016506 -0.001242 -0.006349
0.500308 0.486583 0.418809 0.399249 0.403014 0.355254 0.346499 0.319455 0.305172 0.289516 0.276601 0.263743 0.252692 0.242037 0.232596 0.223530 0.215099 0.206974 0.199111 0.191427 0.183868 0.176391 0.168989 0.161609 0.154286 0.146996 0.139759 0.132585 0.125482 0.118467 0.111547 0.104736 0.098035 0.091458 0.085000 0.078673 0.072465 0.066385 0.060419 0.054572 0.048811 0.043172 0.037564 0.032145 0.026528 0.021471 0.015489 0.015043 -0.005055 0.004765
0.510545 0.466725 0.407040 0.385161 0.395803 0.338018 0.335663 0.301173 0.289772 0.267375 0.256492 0.241765 0.231165 0.220483 0.210959 0.202227 0.194029 0.186303 0.178866 0.171704 0.164730 0.157894 0.151168 0.144492 0.137901 0.131356 0.124878 0.118477 0.112138 0.105887 0.099719 0.093656 0.087685 0.081828 0.076066 0.070427 0.064885 0.059459 0.054138 0.048920 0.043752 0.038716 0.033714 0.028854 0.023890 0.019330 0.014048 0.013617 0.016161 -0.008102
0.509227 0.459486 0.393069 0.372945 0.365615 0.315086 0.302212 0.275967 0.260215 0.243777 0.229285 0.217730 0.205999 0.196696 0.187656 0.179581 0.171980 0.165013 0.158060 0.151682 0.145189 0.139140 0.133094 0.127124 0.121341 0.115559 0.109837 0.104219 0.098641 0.093155 0.087734 0.082413 0.077162 0.072029 0.066961 0.062019 0.057144 0.052379 0.047721 0.043150 0.038590 0.034141 0.029771 0.025454 0.021282 0.017004 0.012722 0.012036 -0.005561 -0.001064
0.505469 0.449122 0.376136 0.354927 0.361580 0.299281 0.290944 0.252914 0.241276 0.217203 0.207547 0.191313 0.183106 0.171454 0.164397 0.155901 0.149051 0.142265 0.136469 0.130166 0.125146 0.119129 0.114502 0.108839 0.103992 0.098896 0.093995 0.089167 0.084386 0.079707 0.075071 0.070548 0.066050 0.061685 0.057337 0.053153 0.048962 0.044920 0.040962 0.037056 0.033160 0.029292 0.025539 0.021799 0.018526 0.014618 0.011766 0.010857 -0.006694 -0.015279
0.503946 0.438942 0.352236 0.327214 0.317515 0.264555 0.248553 0.221315 0.205929 0.189551 0.176931 0.165611 0.155628 0.147671 0.139254 0.133070 0.126815 0.119889 0.115876 0.109553 0.105527 0.100146 0.095956 0.091497 0.087299 0.083245 0.078977 0.075134 0.070944 0.067087 0.063091 0.059410 0.055478 0.051958 0.048042 0.044724 0.041028 0.037515 0.034602 0.031069 0.028390 0.024404 0.022998 0.018142 0.016080 0.011951 0.007883 0.009071 0.015450 0.005509
0.508580 0.421566 0.322613 0.308698 0.302586 0.238313 0.229030 0.190357 0.180143 0.158730 0.151432 0.136649 0.130650 0.120419 0.115849 0.107886 0.105311 0.097185 0.093063 0.089772 0.084740 0.082017 0.077195 0.074295 0.070117 0.067225 0.063381 0.060380 0.056911 0.053780 0.050616 0.047455 0.044667 0.041414 0.038840 0.035597 0.033220 0.030037 0.027811 0.024893 0.022690 0.019878 0.017917 0.015551 0.012778 0.010623 0.007441 0.009123 -0.010298 0.007677
0.504482 0.413095 0.300885 0.270862 0.254087 0.195892 0.183752 0.153124 0.144318 0.125110 0.118928 0.106485 0.101592 0.092907 0.088680 0.082981 0.078317 0.077159 0.070804 0.068401 0.064264 0.061675 0.058495 0.055884 0.052976 0.050312 0.047801 0.045239 0.042809 0.040356 0.038058 0.035608 0.033581 0.031078 0.029358 0.026729 0.025124 0.022572 0.020349 0.018615 0.017141 0.014871 0.013142 0.011208 0.010129 0.006730 0.004057 0.008561 -0.015291 0.000695
0.513297 0.373122 0.280163 0.251735 0.259138 0.194848 0.188158 0.153281 0.142099 0.125759 0.116259 0.105919 0.099102 0.092331 0.087212 0.082135 0.078042 0.073755 0.070054 0.066814 0.063607 0.060706 0.057768 0.054963 0.052276 0.049666 0.047144 0.044634 0.042226 0.039830 0.037486 0.035189 0.032941 0.030746 0.028577 0.026473 0.024396 0.022339 0.020370 0.018434 0.016575 0.014611 0.012937 0.010680 0.009841 0.005942 0.007295 0.007383 -0.010586 0.001903
0.510622 0.294945 0.283121 0.134386 0.090978 0.078017 0.058666 0.046607 0.038673 0.030890 0.026283 0.022726 0.019388 0.070205 0.067913 0.064352 0.061797 0.011001 0.056590 0.053920 0.052115 0.050722 0.048663 0.005786 0.005095 0.042692 0.040848 0.039037 0.037284 0.035560 0.033926 0.032301 0.030677 0.029193 0.027638 0.026250 -0.002484 -0.003131 -0.003087 -0.003898 0.021365 -0.005310 0.018924 -0.006777 0.018534 -0.007351 0.014199 -0.003421 -0.003269 0.032318
0.519291 0.252996 0.062570 0.065684 0.046983 0.041463 0.017058 0.041180 0.028357 0.025895 0.026335 0.007764 -0.000083 0.003073 0.019628 -0.000137 0.013446 -0.011640 0.007512 0.019870 0.012534 0.005998 0.005472 0.009377 0.008752 0.018278 0.005554 0.003757 0.004828 0.004534 0.001684 0.001775 0.004707 0.001904 -0.001904 0.011947 0.010328 0.002830 0.002657 0.003556 -0.002271 0.002009 0.007974 0.001501 0.001626 0.001196 0.005615 0.004769 -0.003004 0.002527
