0.490677 0.516922 0.513985 0.433923 0.463486 0.512172 0.492385 0.498538 0.489870 0.506735 0.509600 0.499651 0.464569 0.499594 0.495866 0.463863 0.481810 0.506326 0.498051 0.433268 0.432513 0.467101 0.466316 0.469786 0.469925 0.493930 0.508007 0.456883 0.433265 0.464705 0.465102 0.465200 0.567950 0.480444 0.570424 0.571790 0.479535 0.431324 0.430796 0.559829 0.458979 0.586031 0.497824 0.489130 0.423393 0.497934 0.553348 0.497137 0.504027 0.338884
0.449935 0.448164 0.468498 0.480198 0.472039 0.485293 0.489969 0.488566 0.494882 0.492673 0.485795 0.494591 0.494927 0.485795 0.487591 0.485274 0.484184 0.480501 0.480021 0.477662 0.480169 0.480485 0.480372 0.471789 0.479338 0.480252 0.478441 0.483773 0.482837 0.485779 0.488282 0.490658 0.493059 0.495545 0.498077 0.500537 0.507968 0.508911 0.509222 0.509301 0.501993 0.501580 0.500290 0.495193 0.483986 0.464558 0.459003 0.418310 0.409235 0.201884
0.441063 0.417274 0.413423 0.389370 0.394934 0.392050 0.393760 0.394333 0.395174 0.396409 0.396812 0.398026 0.397626 0.398258 0.398697 0.399110 0.401649 0.402834 0.403795 0.404675 0.405225 0.405966 0.406807 0.407925 0.409207 0.410889 0.412931 0.415319 0.417904 0.421154 0.424813 0.428965 0.433353 0.437917 0.442171 0.445980 0.448594 0.449766 0.448671 0.445198 0.438474 0.428782 0.415540 0.397899 0.375137 0.343281 0.320478 0.302204 0.268934 0.104593
0.393529 0.396373 0.383433 0.374623 0.386531 0.392353 0.385518 0.383662 0.381129 0.384092 0.379410 0.380984 0.381261 0.380961 0.379932 0.381683 0.381624 0.383642 0.383031 0.383746 0.384856 0.385904 0.386968 0.387956 0.389682 0.390990 0.392022 0.394802 0.397795 0.401708 0.405736 0.410122 0.414698 0.419484 0.423977 0.428069 0.431036 0.432392 0.431898 0.428218 0.420832 0.411636 0.398989 0.384142 0.357353 0.330798 0.294107 0.278615 0.213506 0.089268
0.369498 0.368433 0.374297 0.372343 0.382908 0.388434 0.387263 0.389751 0.388966 0.391933 0.390774 0.391438 0.392545 0.392655 0.392010 0.393089 0.392715 0.394141 0.394285 0.395021 0.396094 0.397215 0.398784 0.400458 0.402948 0.405407 0.408015 0.411471 0.415361 0.420353 0.425778 0.431875 0.438262 0.444941 0.451206 0.456709 0.460765 0.462420 0.461330 0.457186 0.446036 0.436567 0.411477 0.397692 0.358442 0.332060 0.286356 0.289520 0.169769 0.071545
0.296619 0.334305 0.327109 0.318530 0.332150 0.325822 0.321744 0.321450 0.318566 0.320758 0.318076 0.318487 0.318349 0.318405 0.318303 0.319278 0.319615 0.320739 0.321420 0.322481 0.323785 0.325245 0.327035 0.329063 0.331636 0.334643 0.338124 0.342577 0.347790 0.354092 0.361105 0.369256 0.377935 0.387512 0.396746 0.405702 0.412527 0.416841 0.416886 0.412101 0.402272 0.388289 0.367153 0.345958 0.311277 0.277585 0.232266 0.229638 0.106583 0.052493
0.279702 0.291042 0.301564 0.296377 0.306189 0.306648 0.306401 0.307080 0.307025 0.307959 0.307678 0.308261 0.308551 0.308991 0.309267 0.309941 0.310355 0.311280 0.312058 0.313202 0.314571 0.316229 0.318268 0.320724 0.323811 0.327398 0.331635 0.336878 0.342992 0.350554 0.359216 0.369393 0.380472 0.392838 0.405331 0.417840 0.428221 0.435712 0.437388 0.433697 0.418160 0.406659 0.372303 0.354329 0.310480 0.279136 0.231387 0.231540 0.151521 0.025085
0.260428 0.270893 0.260961 0.257048 0.262934 0.258486 0.258116 0.257446 0.257027 0.257013 0.256600 0.256586 0.256688 0.256855 0.257070 0.257617 0.258149 0.258827 0.259873 0.260939 0.262360 0.264040 0.266170 0.268748 0.271860 0.275860 0.280581 0.286365 0.293528 0.302330 0.312403 0.325095 0.338730 0.355151 0.371688 0.389754 0.404953 0.417442 0.421504 0.418458 0.406362 0.387954 0.361930 0.331306 0.293352 0.252217 0.205129 0.203103 0.081429 0.039557
0.214304 0.216720 0.229133 0.227730 0.231515 0.229886 0.231158 0.230951 0.231315 0.231450 0.231629 0.231855 0.232097 0.232414 0.232919 0.233376 0.233907 0.234715 0.235442 0.236723 0.238137 0.239993 0.242060 0.244841 0.248434 0.252503 0.257421 0.263844 0.271261 0.281183 0.292949 0.307446 0.324227 0.344217 0.366417 0.390493 0.413569 0.433081 0.438273 0.438913 0.420217 0.405326 0.367148 0.340996 0.295172 0.254613 0.206807 0.201825 0.134541 0.033523
0.164858 0.181214 0.192860 0.191667 0.192312 0.191160 0.191446 0.190820 0.191182 0.190588 0.191151 0.190699 0.191299 0.191399 0.191561 0.192158 0.192664 0.192818 0.194400 0.195179 0.196542 0.198175 0.200417 0.202995 0.205987 0.210616 0.215625 0.221596 0.230178 0.240638 0.252895 0.270599 0.289411 0.315526 0.342933 0.378030 0.411013 0.442733 0.452635 0.450411 0.435231 0.408732 0.377364 0.336556 0.293929 0.246736 0.196052 0.194115 0.063929 0.040646
0.138963 0.144477 0.157036 0.156478 0.158703 0.158198 0.158972 0.158516 0.158757 0.158612 0.158707 0.158840 0.158769 0.159073 0.159914 0.160155 0.160354 0.161199 0.160970 0.162670 0.163798 0.165792 0.166878 0.169770 0.174014 0.177573 0.181812 0.188482 0.194965 0.206588 0.220617 0.238361 0.260885 0.289068 0.325976 0.368304 0.419908 0.471786 0.489491 0.487483 0.466230 0.436055 0.396323 0.353520 0.301376 0.254181 0.200023 0.195230 0.068426 0.044080
0.107393 0.109111 0.122229 0.123101 0.122293 0.122781 0.122261 0.122068 0.122670 0.121677 0.123190 0.122030 0.123243 0.123348 0.122848 0.124180 0.124157 0.123095 0.126224 0.125964 0.126632 0.127974 0.130666 0.131673 0.133641 0.139246 0.143037 0.146566 0.156340 0.165008 0.177087 0.198571 0.219918 0.256242 0.297516 0.362798 0.437966 0.523308 0.538535 0.529827 0.500595 0.460527 0.413260 0.363048 0.308946 0.253792 0.199106 0.193418 0.128719 0.029239
0.066345 0.071425 0.086133 0.085693 0.087069 0.086366 0.087494 0.087264 0.087879 0.087068 0.086553 0.086701 0.085726 0.086466 0.088787 0.088985 0.088032 0.088791 0.085296 0.088939 0.090164 0.092625 0.089432 0.093204 0.100552 0.101612 0.102609 0.107325 0.106935 0.120658 0.134796 0.151584 0.175350 0.205542 0.258926 0.320198 0.446798 0.600634 0.634732 0.607988 0.559611 0.501781 0.442153 0.381507 0.322355 0.263370 0.200106 0.196459 0.117144 0.034005
0.026857 0.041434 0.037811 0.044433 0.053228 0.047149 0.049735 0.051660 0.055937 0.055764 0.056520 0.053961 0.059725 0.054408 0.053596 0.059180 0.057950 0.053644 0.059201 0.054918 0.053929 0.057156 0.057169 0.007941 0.056608 0.056958 0.058307 0.056326 0.065722 0.059089 0.063980 0.078871 0.114616 0.108881 0.141198 0.298207 0.343269 0.918164 0.854574 0.683777 0.613540 0.538586 0.462932 0.395137 0.328795 0.266186 0.203457 0.198163 0.106533 0.031252
0.000400 0.007363 -0.001668 0.002214 0.000562 0.000050 0.002521 -0.003404 -0.014984 -0.016954 -0.005830 -0.010443 -0.001547 0.001096 -0.004963 0.003893 0.002595 -0.008295 -0.002648 0.020101 -0.001952 0.015729 0.001893 0.008297 0.002056 0.009917 0.007256 -0.002862 -0.000090 0.016687 -0.014800 0.021906 0.001907 0.026085 0.022549 0.040909 0.216853 2.095718 1.846593 0.837737 0.698395 0.581658 0.490304 0.409231 0.337464 0.268788 0.202600 0.198930 0.119221 0.032054
0.000000 0.000000 0.000000 0.000000 0.000000 0.000000 0.000000 0.000000 0.000000 0.000000 0.000000 0.000000 0.000000 0.000000 0.000000 0.000000 0.000000 0.000000 0.000000 0.000000 0.000000 0.000000 0.000000 0.000000 0.000000 0.000000 0.000000 0.000000 0.000000 0.000000 0.000000 0.000000 0.000000 0.000000 0.000000 0.000000 0.000000 0.833884 1.766044 0.916313 0.731903 0.603232 0.500512 0.414436 0.336635 0.269216 0.203779 0.196887 0.062304 0.022700
0.000000 0.000000 0.000000 0.000000 0.000000 0.000000 0.000000 0.000000 0.000000 0.000000 0.000000 0.000000 0.000000 0.000000 0.000000 0.000000 0.000000 0.000000 0.000000 0.000000 0.000000 0.000000 0.000000 0.000000 0.000000 0.000000 0.000000 0.000000 0.000000 0.000000 0.000000 0.000000 0.000000 0.000000 0.000000 0.000000 0.000000 0.817800 0.992178 0.836911 0.691419 0.579263 0.485016 0.402325 0.329309 0.260430 0.195472 0.191413 0.116832 0.009230
0.000000 0.000000 0.000000 0.000000 0.000000 0.000000 0.000000 0.000000 0.000000 0.000000 0.000000 0.000000 0.000000 0.000000 0.000000 0.000000 0.000000 0.000000 0.000000 0.000000 0.000000 0.000000 0.000000 0.000000 0.000000 0.000000 0.000000 0.000000 0.000000 0.000000 0.000000 0.000000 0.000000 0.000000 0.000000 0.000000 0.000000 0.869444 0.847853 0.735279 0.634844 0.545364 0.461689 0.386764 0.315286 0.253162 0.189417 0.183592 0.089719 0.032702
0.000000 0.000000 0.000000 0.000000 0.000000 0.000000 0.000000 0.000000 0.000000 0.000000 0.000000 0.000000 0.000000 0.000000 0.000000 0.000000 0.000000 0.000000 0.000000 0.000000 0.000000 0.000000 0.000000 0.000000 0.000000 0.000000 0.000000 0.000000 0.000000 0.000000 0.000000 0.000000 0.000000 0.000000 0.000000 0.000000 0.000000 0.744717 0.737949 0.641759 0.569085 0.497142 0.427059 0.359502 0.297079 0.235626 0.176104 0.173379 0.083413 0.013651
0.000000 0.000000 0.000000 0.000000 0.000000 0.000000 0.000000 0.000000 0.000000 0.000000 0.000000 0.000000 0.000000 0.000000 0.000000 0.000000 0.000000 0.000000 0.000000 0.000000 0.000000 0.000000 0.000000 0.000000 0.000000 0.000000 0.000000 0.000000 0.000000 0.000000 0.000000 0.000000 0.000000 0.000000 0.000000 0.000000 0.000000 0.683634 0.645556 0.563261 0.507626 0.450299 0.390358 0.333603 0.275660 0.223394 0.164846 0.161602 0.095313 0.000761
0.000000 0.000000 0.000000 0.000000 0.000000 0.000000 0.000000 0.000000 0.000000 0.000000 0.000000 0.000000 0.000000 0.000000 0.000000 0.000000 0.000000 0.000000 0.000000 0.000000 0.000000 0.000000 0.000000 0.000000 0.000000 0.000000 0.000000 0.000000 0.000000 0.000000 0.000000 0.000000 0.000000 0.000000 0.000000 0.000000 0.000000 0.577373 0.561246 0.494664 0.452027 0.402104 0.353513 0.303020 0.252578 0.202086 0.151444 0.148710 0.088503 0.031275
0.000000 0.000000 0.000000 0.000000 0.000000 0.000000 0.000000 0.000000 0.000000 0.000000 0.000000 0.000000 0.000000 0.000000 0.000000 0.000000 0.000000 0.000000 0.000000 0.000000 0.000000 0.000000 0.000000 0.000000 0.000000 0.000000 0.000000 0.000000 0.000000 0.000000 0.000000 0.000000 0.000000 0.000000 0.000000 0.000000 0.000000 0.513237 0.481598 0.436318 0.397937 0.358774 0.316667 0.273768 0.229039 0.186901 0.136964 0.135298 0.080603 -0.000438
0.000000 0.000000 0.000000 0.000000 0.000000 0.000000 0.000000 0.000000 0.000000 0.000000 0.000000 0.000000 0.000000 0.000000 0.000000 0.000000 0.000000 0.000000 0.000000 0.000000 0.000000 0.000000 0.000000 0.000000 0.000000 0.000000 0.000000 0.000000 0.000000 0.000000 0.000000 0.000000 0.000000 0.000000 0.000000 0.000000 0.000000 0.457181 0.420530 0.384615 0.349683 0.316873 0.281666 0.244385 0.205268 0.167054 0.125612 0.122202 0.068336 -0.007481
0.000000 0.000000 -0.000000 0.000001 0.000002 0.000001 -0.000004 0.000002 0.000007 -0.000002 -0.000005 0.000001 -0.000010 0.000002 -0.000017 0.000021 -0.000053 0.000037 0.000024 -0.000078 -0.000105 0.000139 0.000431 -0.000021 -0.000298 0.001775 0.001165 0.002042 0.002746 0.001556 0.000795 0.008669 0.006222 0.010075 0.014678 0.014271 -0.060692 0.214424 0.375382 0.328214 0.300592 0.276879 0.247520 0.216071 0.182497 0.149648 0.111585 0.109222 0.068919 0.037251
0.000002 0.000003 0.000004 0.000002 0.000003 0.000006 0.000012 0.000006 0.000008 0.000019 0.000026 0.000035 0.000045 0.000078 0.000096 0.000095 0.000129 0.000168 0.000323 0.000224 0.000243 0.000750 0.000444 0.000802 0.001129 0.002088 0.002813 0.004092 0.005641 0.003228 0.009796 0.014329 0.019968 0.027169 0.042285 0.072169 0.093663 0.164991 0.311718 0.270787 0.253634 0.237252 0.213761 0.188921 0.160315 0.132276 0.099562 0.096833 0.057802 0.005582
0.000005 0.000007 0.000007 0.000008 0.000009 0.000012 0.000015 0.000020 0.000026 0.000034 0.000045 0.000058 0.000077 0.000103 0.000138 0.000181 0.000237 0.000311 0.000407 0.000540 0.000718 0.000949 0.001267 0.001688 0.002270 0.003017 0.004002 0.005377 0.007071 0.009706 0.013370 0.018288 0.026432 0.037245 0.055161 0.085641 0.127807 0.190532 0.209232 0.218882 0.212574 0.201794 0.184370 0.164370 0.140323 0.116335 0.086705 0.085320 0.034265 0.000709
0.000008 0.000009 0.000010 0.000010 0.000012 0.000015 0.000020 0.000026 0.000033 0.000044 0.000058 0.000077 0.000102 0.000135 0.000177 0.000234 0.000308 0.000410 0.000541 0.000719 0.000953 0.001266 0.001686 0.002226 0.002942 0.003879 0.005171 0.006909 0.009214 0.012421 0.016551 0.022412 0.030460 0.041241 0.057422 0.079165 0.108431 0.145480 0.169147 0.177073 0.178048 0.171741 0.158212 0.142390 0.122118 0.102003 0.076281 0.074704 0.029217 0.006366
0.000008 0.000011 0.000012 0.000012 0.000015 0.000019 0.000024 0.000032 0.000042 0.000055 0.000072 0.000095 0.000125 0.000166 0.000219 0.000290 0.000380 0.000506 0.000667 0.000883 0.001171 0.001547 0.002052 0.002720 0.003565 0.004782 0.006216 0.008448 0.010961 0.014694 0.019822 0.025427 0.034419 0.046827 0.059546 0.082315 0.100582 0.130016 0.142481 0.151340 0.151483 0.147279 0.136513 0.123591 0.106457 0.089097 0.066722 0.065369 0.025200 0.004836
0.000009 0.000011 0.000013 0.000013 0.000016 0.000020 0.000026 0.000034 0.000045 0.000059 0.000078 0.000103 0.000136 0.000179 0.000236 0.000312 0.000412 0.000546 0.000720 0.000952 0.001260 0.001658 0.002205 0.002868 0.003848 0.005004 0.006721 0.008828 0.011572 0.015422 0.019836 0.026611 0.034986 0.044297 0.058371 0.072300 0.091107 0.106790 0.122068 0.127737 0.129718 0.126457 0.118108 0.107385 0.092812 0.078017 0.058202 0.057188 0.021545 0.004394
0.000009 0.000011 0.000013 0.000013 0.000016 0.000020 0.000026 0.000034 0.000045 0.000059 0.000078 0.000103 0.000135 0.000179 0.000235 0.000312 0.000409 0.000545 0.000716 0.000948 0.001252 0.001652 0.002181 0.002868 0.003792 0.005003 0.006568 0.008751 0.011290 0.015057 0.019257 0.025591 0.033137 0.042958 0.054236 0.067908 0.082080 0.095500 0.106578 0.112771 0.113177 0.110462 0.103314 0.094083 0.081435 0.068526 0.051206 0.050256 0.031582 0.003791
0.000008 0.000010 0.000012 0.000012 0.000015 0.000019 0.000025 0.000032 0.000042 0.000054 0.000072 0.000094 0.000126 0.000164 0.000219 0.000286 0.000382 0.000502 0.000663 0.000877 0.001155 0.001523 0.002012 0.002637 0.003493 0.004565 0.006046 0.007882 0.010424 0.013545 0.017784 0.022713 0.029987 0.037407 0.048828 0.060169 0.074546 0.087702 0.096083 0.100365 0.100621 0.097683 0.091329 0.083063 0.071888 0.060476 0.045058 0.044333 0.028166 0.003333
0.000006 0.000008 0.000010 0.000010 0.000012 0.000015 0.000020 0.000026 0.000034 0.000044 0.000058 0.000076 0.000102 0.000133 0.000177 0.000232 0.000308 0.000408 0.000537 0.000710 0.000936 0.001235 0.001625 0.002144 0.002816 0.003716 0.004862 0.006399 0.008340 0.010934 0.014181 0.018485 0.023989 0.030879 0.039886 0.050905 0.063932 0.078642 0.088338 0.092067 0.091226 0.088096 0.081844 0.074177 0.064012 0.053771 0.039957 0.039347 0.025117 0.003091
0.000004 0.000005 0.000007 0.000008 0.000010 0.000012 0.000015 0.000020 0.000026 0.000035 0.000045 0.000060 0.000079 0.000105 0.000136 0.000183 0.000236 0.000316 0.000416 0.000552 0.000727 0.000963 0.001260 0.001668 0.002183 0.002879 0.003769 0.004929 0.006449 0.008442 0.011019 0.014342 0.019002 0.024467 0.033290 0.044917 0.062850 0.082063 0.087646 0.087807 0.085348 0.080968 0.074518 0.066975 0.057526 0.048175 0.035619 0.035084 0.022545 -0.000500
0.000003 0.000004 0.000004 0.000004 0.000006 0.000006 0.000010 0.000015 0.000014 0.000018 0.000023 0.000040 0.000040 0.000069 0.000092 0.000121 0.000159 0.000243 0.000283 0.000375 0.000500 0.000655 0.000846 0.000854 0.000463 0.001537 0.001912 0.002343 0.002173 0.005855 0.007622 0.010144 0.013267 0.017720 0.024573 0.036656 0.035657 0.092935 0.101631 0.088846 0.081621 0.076038 0.068592 0.061062 0.052034 0.043346 0.032162 0.031430 0.010939 0.008696
0.000002 0.000000 0.000000 0.000000 0.000001 0.000002 0.000002 0.000001 0.000007 0.000001 0.000006 -0.000005 0.000001 -0.000009 0.000018 0.000005 0.000040 0.000031 0.000163 0.000188 0.000033 0.000041 0.000533 0.000059 -0.000164 0.000162 0.000341 0.000084 0.000077 0.002825 0.002383 0.000258 -0.000280 -0.000030 0.002987 0.006494 0.002787 0.207048 0.130177 0.088488 0.079000 0.071446 0.063727 0.055866 0.047292 0.039129 0.028762 0.028250 0.009617 0.002765
0.000000 0.000000 0.000000 0.000000 0.000000 0.000000 0.000000 0.000000 0.000000 0.000000 0.000000 0.000000 0.000000 0.000000 0.000000 0.000000 0.000000 0.000000 0.000000 0.000000 0.000000 0.000000 0.000000 0.000000 0.000000 0.000000 0.000000 0.000000 0.000000 0.000000 0.000000 0.000000 0.000000 0.000000 0.000000 0.000000 0.000000 0.157866 0.106308 0.083812 0.074031 0.066104 0.058547 0.050926 0.042868 0.035337 0.025924 0.025383 0.008582 0.000962
0.000000 0.000000 0.000000 0.000000 0.000000 0.000000 0.000000 0.000000 0.000000 0.000000 0.000000 0.000000 0.000000 0.000000 0.000000 0.000000 0.000000 0.000000 0.000000 0.000000 0.000000 0.000000 0.000000 0.000000 0.000000 0.000000 0.000000 0.000000 0.000000 0.000000 0.000000 0.000000 0.000000 0.000000 0.000000 0.000000 0.000000 0.102029 0.092331 0.074571 0.066521 0.059728 0.052719 0.045955 0.038572 0.031710 0.023152 0.022788 0.011336 0.002923
0.000000 0.000000 0.000000 0.000000 0.000000 0.000000 0.000000 0.000000 0.000000 0.000000 0.000000 0.000000 0.000000 0.000000 0.000000 0.000000 0.000000 0.000000 0.000000 0.000000 0.000000 0.000000 0.000000 0.000000 0.000000 0.000000 0.000000 0.000000 0.000000 0.000000 0.000000 0.000000 0.000000 0.000000 0.000000 0.000000 0.000000 0.081311 0.084706 0.065342 0.059442 0.053222 0.047103 0.040856 0.034433 0.028463 0.020621 0.020350 0.010054 0.002006
0.000000 0.000000 0.000000 0.000000 0.000000 0.000000 0.000000 0.000000 0.000000 0.000000 0.000000 0.000000 0.000000 0.000000 0.000000 0.000000 0.000000 0.000000 0.000000 0.000000 0.000000 0.000000 0.000000 0.000000 0.000000 0.000000 0.000000 0.000000 0.000000 0.000000 0.000000 0.000000 0.000000 0.000000 0.000000 0.000000 0.000000 0.065963 0.071562 0.056729 0.051859 0.047180 0.041828 0.036566 0.030579 0.025103 0.018701 0.018126 0.004468 0.001906
0.000000 0.000000 0.000000 0.000000 0.000000 0.000000 0.000000 0.000000 0.000000 0.000000 0.000000 0.000000 0.000000 0.000000 0.000000 0.000000 0.000000 0.000000 0.000000 0.000000 0.000000 0.000000 0.000000 0.000000 0.000000 0.000000 0.000000 0.000000 0.000000 0.000000 0.000000 0.000000 0.000000 0.000000 0.000000 0.000000 0.000000 0.053092 0.058323 0.048847 0.045335 0.041281 0.036818 0.032209 0.027059 0.021993 0.015924 0.015974 0.011776 0.002056
0.000000 0.000000 0.000000 0.000000 0.000000 0.000000 0.000000 0.000000 0.000000 0.000000 0.000000 0.000000 0.000000 0.000000 0.000000 0.000000 0.000000 0.000000 0.000000 0.000000 0.000000 0.000000 0.000000 0.000000 0.000000 0.000000 0.000000 0.000000 0.000000 0.000000 0.000000 0.000000 0.000000 0.000000 0.000000 0.000000 0.000000 0.045608 0.048254 0.041891 0.038957 0.035751 0.031941 0.028062 0.023397 0.019395 0.014628 0.013968 0.007149 0.001402
0.000000 0.000000 0.000000 0.000000 0.000000 0.000000 0.000000 0.000000 0.000000 0.000000 0.000000 0.000000 0.000000 0.000000 0.000000 0.000000 0.000000 0.000000 0.000000 0.000000 0.000000 0.000000 0.000000 0.000000 0.000000 0.000000 0.000000 0.000000 0.000000 0.000000 0.000000 0.000000 0.000000 0.000000 0.000000 0.000000 0.000000 0.038791 0.043571 0.035574 0.033335 0.030657 0.027510 0.024228 0.020380 0.016348 0.011967 0.012081 0.006001 0.000184
0.000000 0.000000 0.000000 0.000000 0.000000 0.000000 0.000000 0.000000 0.000000 0.000000 0.000000 0.000000 0.000000 0.000000 0.000000 0.000000 0.000000 0.000000 0.000000 0.000000 0.000000 0.000000 0.000000 0.000000 0.000000 0.000000 0.000000 0.000000 0.000000 0.000000 0.000000 0.000000 0.000000 0.000000 0.000000 0.000000 0.000000 0.034479 0.034524 0.029912 0.028061 0.025916 0.023277 0.020563 0.017353 0.014444 0.010634 0.010301 0.003826 0.000914
0.000000 0.000000 0.000000 0.000000 0.000000 0.000000 0.000000 0.000000 0.000000 0.000000 0.000000 0.000000 0.000000 0.000000 0.000000 0.000000 0.000000 0.000000 0.000000 0.000000 0.000000 0.000000 0.000000 0.000000 0.000000 0.000000 0.000000 0.000000 0.000000 0.000000 0.000000 0.000000 0.000000 0.000000 0.000000 0.000000 0.000000 0.025946 0.031425 0.024808 0.023379 0.021596 0.019470 0.017190 0.014431 0.011668 0.008553 0.008579 0.004370 0.000871
0.000000 0.000000 0.000000 0.000000 0.000000 0.000000 0.000000 0.000000 0.000000 0.000000 0.000000 0.000000 0.000000 0.000000 0.000000 0.000000 0.000000 0.000000 0.000000 0.000000 0.000000 0.000000 0.000000 0.000000 0.000000 0.000000 0.000000 0.000000 0.000000 0.000000 0.000000 0.000000 0.000000 0.000000 0.000000 0.000000 0.000000 0.020871 0.023252 0.019994 0.018823 0.017461 0.015585 0.013914 0.012184 0.010159 0.007169 0.007122 0.002631 0.003052
0.000000 0.000000 0.000000 0.000000 0.000000 0.000000 0.000000 0.000000 0.000000 0.000000 0.000000 0.000000 0.000000 0.000000 0.000000 0.000000 0.000000 0.000000 0.000000 0.000000 0.000000 0.000000 0.000000 0.000000 0.000000 0.000000 0.000000 0.000000 0.000000 0.000000 0.000000 0.000000 0.000000 0.000000 0.000000 0.000000 0.000000 0.016867 0.018287 0.015841 0.014955 0.013895 0.012477 0.010801 0.008996 0.007748 0.005421 0.005280 0.000621 0.005239
0.000000 0.000000 0.000000 0.000000 0.000000 0.000000 0.000000 0.000000 0.000000 0.000000 0.000000 0.000000 0.000000 0.000000 0.000000 0.000000 0.000000 0.000000 0.000000 0.000000 0.000000 0.000000 0.000000 0.000000 0.000000 0.000000 0.000000 0.000000 0.000000 0.000000 0.000000 0.000000 0.000000 0.000000 0.000000 0.000000 0.000000 0.016611 0.014253 0.011385 0.010750 0.010025 0.009139 0.008307 0.006631 0.005707 0.003805 0.005375 0.002441 -0.005391
0.000000 0.000000 0.000000 0.000000 0.000000 0.000000 0.000000 0.000000 0.000000 0.000000 0.000000 0.000000 0.000000 0.000000 0.000000 0.000000 0.000000 0.000000 0.000000 0.000000 0.000000 0.000000 0.000000 0.000000 0.000000 0.000000 0.000000 0.000000 0.000000 0.000000 0.000000 0.000000 0.000000 0.000000 0.000000 0.000000 0.000000 0.010553 0.009710 0.011160 0.010465 0.009701 0.008759 0.007873 0.006635 0.005769 0.005366 0.004593 0.000950 0.000061
0.000000 0.000000 0.000000 0.000000 0.000000 0.000000 0.000000 0.000000 0.000000 0.000000 0.000000 0.000000 0.000000 0.000000 0.000000 0.000000 0.000000 0.000000 0.000000 0.000000 0.000000 0.000000 0.000000 0.000000 0.000000 0.000000 0.000000 0.000000 0.000000 0.000000 0.000000 0.000000 0.000000 0.000000 0.000000 0.000000 0.000000 0.004308 0.004658 0.004045 0.003397 0.002983 0.005659 0.002068 0.000598 0.000409 -0.001751 -0.001307 -0.000101 0.000544
0.000000 0.000000 0.000000 0.000000 0.000000 0.000000 0.000000 0.000000 0.000000 0.000000 0.000000 0.000000 0.000000 0.000000 0.000000 0.000000 0.000000 0.000000 0.000000 0.000000 0.000000 0.000000 0.000000 0.000000 0.000000 0.000000 0.000000 0.000000 0.000000 0.000000 0.000000 0.000000 0.000000 0.000000 0.000000 0.000000 0.000000 0.000082 0.000181 0.001572 0.001262 -0.000925 0.000899 0.000706 0.001204 0.001290 0.000339 0.002902 0.005768 -0.000075
