0.010742 0.010062 -0.012687 0.032744 0.033946 0.058829 0.004285 0.002094 0.006961 0.101222 0.125392 0.102083 0.059941 0.011145 0.011014 0.094941 0.008177 0.214543 0.011303 0.362444 0.382181 0.129434 0.137370 0.151701 0.159513 0.279975 0.319327 0.162669 0.511886 0.185328 0.190530 0.195086 0.800631 0.232426 0.834058 0.848749 0.243608 0.600893 0.610280 0.364850 0.344796 0.959428 0.466094 0.316537 0.696329 0.488594 0.440426 0.028818 0.642150 1.824151
0.017522 0.042920 0.115603 0.128744 0.126249 0.213517 0.249812 0.238854 0.322269 0.357843 0.351425 0.432601 0.465374 0.460864 0.506727 0.537950 0.576112 0.607820 0.646876 0.680280 0.715106 0.749251 0.783070 0.773114 0.847689 0.879337 0.917967 0.947529 0.974759 1.002766 1.029766 1.055028 1.078668 1.100512 1.120773 1.139647 1.153792 1.171045 1.188399 1.206211 1.225566 1.248711 1.273327 1.303626 1.340178 1.378043 1.451251 1.504732 1.592578 1.651021
-0.000264 0.031683 0.100515 0.130194 0.135019 0.170231 0.203288 0.240187 0.277292 0.313261 0.348308 0.384253 0.419619 0.455285 0.490383 0.525059 0.559989 0.594822 0.628983 0.663278 0.697030 0.730812 0.764136 0.797198 0.829739 0.861854 0.893100 0.923490 0.952829 0.980870 1.007774 1.032989 1.056483 1.077955 1.097412 1.114885 1.130626 1.145113 1.158998 1.173582 1.188886 1.207711 1.227940 1.258563 1.286154 1.337101 1.338244 1.376371 1.431538 1.544577
0.008948 0.048176 0.110375 0.091543 0.129042 0.169820 0.205998 0.242116 0.276619 0.311778 0.347907 0.382701 0.418091 0.453450 0.488763 0.523289 0.557954 0.592147 0.627035 0.660882 0.694742 0.728335 0.761599 0.794425 0.826796 0.859191 0.890525 0.920832 0.949941 0.977715 1.004562 1.029681 1.053020 1.074321 1.093568 1.110856 1.126443 1.140789 1.154710 1.169006 1.184748 1.201976 1.221349 1.249376 1.274698 1.319738 1.349466 1.318731 1.445301 1.438986
0.026526 0.041287 0.118489 0.110635 0.141276 0.176839 0.212298 0.247426 0.281005 0.316675 0.350908 0.385320 0.420235 0.455109 0.489159 0.523869 0.558079 0.592954 0.627685 0.661855 0.696176 0.730156 0.763975 0.797270 0.830234 0.862801 0.894339 0.925074 0.954921 0.983515 1.010867 1.036380 1.059982 1.081215 1.100065 1.116300 1.130237 1.142372 1.152995 1.164815 1.174976 1.191128 1.202360 1.230273 1.242607 1.284550 1.293585 1.319488 1.402107 1.374377
0.030885 0.056960 0.102320 0.099581 0.136250 0.173288 0.208953 0.244150 0.279891 0.314426 0.350773 0.385065 0.420463 0.455559 0.490215 0.524952 0.559602 0.594206 0.628975 0.663304 0.697721 0.731831 0.765823 0.799474 0.832822 0.865859 0.898189 0.929740 0.960373 0.989789 1.017927 1.044183 1.068406 1.089939 1.108643 1.123973 1.136082 1.145212 1.151979 1.158263 1.164828 1.173988 1.182772 1.199104 1.210690 1.237734 1.244691 1.273946 1.236520 1.289591
0.003754 0.051543 0.105838 0.103559 0.141936 0.178571 0.213011 0.248461 0.282634 0.317657 0.352808 0.387111 0.422117 0.456748 0.491410 0.526096 0.560799 0.595529 0.630334 0.664863 0.699492 0.733915 0.768263 0.802339 0.836207 0.869762 0.902753 0.935163 0.966856 0.997292 1.026588 1.053816 1.078890 1.100821 1.119319 1.133487 1.143105 1.148726 1.150151 1.152475 1.149760 1.157598 1.154390 1.173251 1.170626 1.202968 1.191005 1.219055 1.223217 1.278331
0.016071 0.033401 0.100273 0.102750 0.137738 0.175747 0.210592 0.246329 0.281295 0.316600 0.351693 0.386571 0.421605 0.456543 0.491441 0.526297 0.561222 0.596082 0.631068 0.665951 0.700860 0.735634 0.770410 0.805115 0.839587 0.873780 0.907785 0.941208 0.974144 1.006078 1.036806 1.065520 1.092034 1.115063 1.133944 1.147233 1.154635 1.155368 1.150872 1.146285 1.139037 1.136357 1.132447 1.132520 1.134468 1.145076 1.142935 1.169989 1.121775 1.143033
0.016424 0.052720 0.102366 0.104776 0.142429 0.177284 0.212271 0.247462 0.282239 0.317391 0.352405 0.387263 0.422411 0.457144 0.492196 0.527199 0.562026 0.597272 0.632454 0.667356 0.702598 0.737732 0.772976 0.808037 0.843336 0.878498 0.913275 0.948135 0.982834 1.016171 1.049368 1.080142 1.108963 1.133745 1.153849 1.166744 1.170893 1.164997 1.150069 1.138137 1.120800 1.114458 1.099218 1.104973 1.091234 1.113205 1.091311 1.116540 1.106515 1.110829
0.008127 0.054344 0.099207 0.103054 0.142173 0.175558 0.211665 0.246492 0.281808 0.316926 0.352104 0.387049 0.422166 0.457376 0.492408 0.527284 0.562572 0.597619 0.633081 0.668660 0.704144 0.739572 0.775280 0.811528 0.847282 0.882799 0.919172 0.955081 0.991519 1.027795 1.063101 1.096843 1.128896 1.157274 1.180147 1.194252 1.198115 1.184120 1.157083 1.131586 1.105533 1.086107 1.069391 1.058086 1.048512 1.052633 1.033006 1.064640 1.003868 1.086552
-0.001192 0.052611 0.101788 0.104547 0.143028 0.176484 0.211917 0.247229 0.282004 0.317377 0.352502 0.387423 0.423115 0.457389 0.492969 0.528309 0.562669 0.599050 0.634807 0.669484 0.705602 0.741621 0.777798 0.813605 0.850993 0.888138 0.924261 0.962741 1.001869 1.038869 1.079333 1.116584 1.153930 1.187535 1.216401 1.234416 1.235636 1.207629 1.160958 1.121613 1.083885 1.057346 1.032695 1.023608 1.002598 1.014601 0.990360 1.010271 0.954183 1.020528
0.004110 0.051216 0.100353 0.101617 0.141282 0.174451 0.212003 0.246310 0.281934 0.316898 0.352340 0.387109 0.422384 0.458560 0.493473 0.527703 0.563643 0.598189 0.634559 0.671505 0.707252 0.742646 0.779330 0.818765 0.855061 0.890628 0.930179 0.968242 1.009693 1.053458 1.094868 1.137068 1.179824 1.222923 1.259489 1.287653 1.300637 1.253217 1.173669 1.109197 1.054482 1.017860 0.987039 0.973042 0.952075 0.952187 0.929404 0.955318 0.934691 0.911781
0.008231 0.047798 0.102127 0.104769 0.143616 0.177151 0.211526 0.247742 0.281522 0.317428 0.352629 0.387307 0.424393 0.456931 0.493889 0.529595 0.561510 0.601264 0.637467 0.669781 0.707701 0.745717 0.781385 0.816604 0.858722 0.897411 0.931652 0.976334 1.020164 1.059738 1.112979 1.159004 1.211151 1.266552 1.324007 1.372454 1.392667 1.306641 1.170621 1.083791 1.014705 0.969418 0.934833 0.919485 0.897183 0.903718 0.873063 0.897757 0.899267 0.881647
0.006653 0.042286 0.081251 0.119145 0.139353 0.184940 0.224332 0.261132 0.295064 0.332744 0.369948 0.392254 0.437135 0.457698 0.491219 0.546735 0.580997 0.602626 0.650151 0.681040 0.719392 0.737017 0.788185 0.808134 0.876526 0.924304 0.971187 0.985514 1.041426 1.079789 1.134970 1.198772 1.223230 1.379284 1.465082 1.466320 1.724276 1.664762 1.383610 1.032262 0.946672 0.898768 0.867874 0.853762 0.833068 0.842616 0.815784 0.837643 0.884953 0.863727
0.004962 0.057332 0.091529 0.109133 0.177357 0.213316 0.230730 0.282061 0.322381 0.366843 0.371585 0.404207 0.452758 0.446299 0.593067 0.634324 0.587751 0.649093 0.680382 0.652738 0.680391 0.774340 0.835319 0.797953 0.884448 0.954156 0.994090 1.066620 1.090280 1.176911 1.110521 1.252726 1.254518 1.324890 1.533356 1.778074 2.189616 0.957132 1.353002 0.942914 0.860535 0.820825 0.792502 0.781444 0.767405 0.773183 0.751414 0.776719 0.755050 0.816030
0.000000 0.000000 0.000000 0.000000 0.000000 0.000000 0.000000 0.000000 0.000000 0.000000 0.000000 0.000000 0.000000 0.000000 0.000000 0.000000 0.000000 0.000000 0.000000 0.000000 0.000000 0.000000 0.000000 0.000000 0.000000 0.000000 0.000000 0.000000 0.000000 0.000000 0.000000 0.000000 0.000000 0.000000 0.000000 0.000000 0.000000 -0.429927 1.202654 0.674993 0.684770 0.690247 0.690184 0.698735 0.693584 0.711717 0.693780 0.712426 0.701940 0.754931
0.000000 0.000000 0.000000 0.000000 0.000000 0.000000 0.000000 0.000000 0.000000 0.000000 0.000000 0.000000 0.000000 0.000000 0.000000 0.000000 0.000000 0.000000 0.000000 0.000000 0.000000 0.000000 0.000000 0.000000 0.000000 0.000000 0.000000 0.000000 0.000000 0.000000 0.000000 0.000000 0.000000 0.000000 0.000000 0.000000 0.000000 -0.124617 0.046771 0.472452 0.542628 0.579969 0.599718 0.617545 0.622191 0.638367 0.625025 0.650624 0.633785 0.642853
0.000000 0.000000 0.000000 0.000000 0.000000 0.000000 0.000000 0.000000 0.000000 0.000000 0.000000 0.000000 0.000000 0.000000 0.000000 0.000000 0.000000 0.000000 0.000000 0.000000 0.000000 0.000000 0.000000 0.000000 0.000000 0.000000 0.000000 0.000000 0.000000 0.000000 0.000000 0.000000 0.000000 0.000000 0.000000 0.000000 0.000000 0.024861 0.071526 0.348371 0.430221 0.481861 0.514047 0.543466 0.552832 0.580794 0.570048 0.588435 0.638464 0.602402
0.000000 0.000000 0.000000 0.000000 0.000000 0.000000 0.000000 0.000000 0.000000 0.000000 0.000000 0.000000 0.000000 0.000000 0.000000 0.000000 0.000000 0.000000 0.000000 0.000000 0.000000 0.000000 0.000000 0.000000 0.000000 0.000000 0.000000 0.000000 0.000000 0.000000 0.000000 0.000000 0.000000 0.000000 0.000000 0.000000 0.000000 0.019471 0.062753 0.270006 0.346128 0.403034 0.440612 0.473070 0.489138 0.513264 0.506958 0.530618 0.578572 0.489956
0.000000 0.000000 0.000000 0.000000 0.000000 0.000000 0.000000 0.000000 0.000000 0.000000 0.000000 0.000000 0.000000 0.000000 0.000000 0.000000 0.000000 0.000000 0.000000 0.000000 0.000000 0.000000 0.000000 0.000000 0.000000 0.000000 0.000000 0.000000 0.000000 0.000000 0.000000 0.000000 0.000000 0.000000 0.000000 0.000000 0.000000 0.004788 0.049298 0.216899 0.283494 0.337972 0.377694 0.414035 0.431336 0.463039 0.458236 0.474986 0.471041 0.484662
0.000000 0.000000 0.000000 0.000000 0.000000 0.000000 0.000000 0.000000 0.000000 0.000000 0.000000 0.000000 0.000000 0.000000 0.000000 0.000000 0.000000 0.000000 0.000000 0.000000 0.000000 0.000000 0.000000 0.000000 0.000000 0.000000 0.000000 0.000000 0.000000 0.000000 0.000000 0.000000 0.000000 0.000000 0.000000 0.000000 0.000000 0.019846 0.032499 0.175036 0.233427 0.285744 0.323718 0.359825 0.379314 0.407383 0.406006 0.424570 0.421383 0.432347
0.000000 0.000000 0.000000 0.000000 0.000000 0.000000 0.000000 0.000000 0.000000 0.000000 0.000000 0.000000 0.000000 0.000000 0.000000 0.000000 0.000000 0.000000 0.000000 0.000000 0.000000 0.000000 0.000000 0.000000 0.000000 0.000000 0.000000 0.000000 0.000000 0.000000 0.000000 0.000000 0.000000 0.000000 0.000000 0.000000 0.000000 0.016340 0.012453 0.136617 0.192818 0.239663 0.277314 0.313183 0.332856 0.364618 0.360927 0.377772 0.375829 0.388679
0.000000 0.000000 0.000000 0.000000 0.000000 0.000000 0.000000 0.000000 0.000000 0.000000 0.000000 0.000000 0.000000 0.000000 0.000000 0.000000 0.000000 0.000000 0.000000 0.000000 0.000000 0.000000 0.000000 0.000000 0.000000 0.000000 0.000000 0.000000 0.000000 0.000000 0.000000 0.000000 0.000000 0.000000 0.000000 0.000000 0.000000 -0.024104 -0.019159 0.107821 0.158342 0.203217 0.238395 0.272844 0.292636 0.321601 0.322233 0.335812 0.333801 0.333212
-0.000002 -0.000003 -0.000007 -0.000011 -0.000016 -0.000022 -0.000029 -0.000035 -0.000042 -0.000057 -0.000100 -0.000139 -0.000164 -0.000243 -0.000245 -0.000223 -0.000599 -0.000438 -0.000650 -0.001265 -0.001714 -0.001352 -0.003040 -0.002775 -0.003149 -0.005157 -0.007798 -0.009742 -0.011007 -0.017228 -0.020984 -0.028964 -0.047532 -0.065899 -0.093902 -0.136054 -0.173290 -0.335577 -0.096832 0.067682 0.125832 0.166811 0.204034 0.236789 0.256478 0.285541 0.284174 0.298009 0.296705 0.303544
-0.000000 -0.000005 -0.000007 -0.000011 -0.000016 -0.000021 -0.000027 -0.000040 -0.000053 -0.000070 -0.000092 -0.000124 -0.000157 -0.000213 -0.000269 -0.000339 -0.000447 -0.000579 -0.000707 -0.001001 -0.001226 -0.001719 -0.002268 -0.002609 -0.003217 -0.005742 -0.007582 -0.009101 -0.011952 -0.016728 -0.023124 -0.029973 -0.040058 -0.059549 -0.080644 -0.107119 -0.156607 -0.201921 -0.061162 0.053879 0.104068 0.143849 0.177548 0.207950 0.226263 0.252763 0.253320 0.264786 0.265017 0.277388
-0.000002 -0.000003 -0.000008 -0.000007 -0.000011 -0.000015 -0.000021 -0.000028 -0.000037 -0.000049 -0.000066 -0.000088 -0.000115 -0.000151 -0.000199 -0.000261 -0.000346 -0.000461 -0.000608 -0.000813 -0.001076 -0.001421 -0.001877 -0.002437 -0.003202 -0.004245 -0.005646 -0.007478 -0.009889 -0.013122 -0.017029 -0.022611 -0.029538 -0.038639 -0.050278 -0.061876 -0.072021 -0.051769 -0.000669 0.048479 0.091322 0.126332 0.155913 0.183495 0.199867 0.224896 0.223396 0.235516 0.264979 0.247195
0.000000 -0.000003 -0.000006 -0.000006 -0.000009 -0.000013 -0.000017 -0.000023 -0.000030 -0.000040 -0.000053 -0.000070 -0.000094 -0.000122 -0.000161 -0.000211 -0.000280 -0.000371 -0.000491 -0.000653 -0.000856 -0.001128 -0.001506 -0.001965 -0.002597 -0.003421 -0.004528 -0.005972 -0.007926 -0.010399 -0.013460 -0.017631 -0.022181 -0.028124 -0.034468 -0.037303 -0.035983 -0.013632 0.021715 0.053095 0.087353 0.115194 0.140158 0.164045 0.178349 0.200358 0.200369 0.209934 0.235863 0.226624
-0.000001 -0.000002 -0.000004 -0.000004 -0.000006 -0.000008 -0.000011 -0.000014 -0.000019 -0.000025 -0.000034 -0.000044 -0.000058 -0.000077 -0.000102 -0.000133 -0.000176 -0.000233 -0.000308 -0.000406 -0.000537 -0.000703 -0.000926 -0.001201 -0.001561 -0.002057 -0.002651 -0.003512 -0.004461 -0.005775 -0.007198 -0.009003 -0.010886 -0.012317 -0.013639 -0.011495 -0.006703 0.008142 0.032098 0.056911 0.081806 0.106226 0.126538 0.147503 0.159539 0.179421 0.178324 0.187617 0.210614 0.202264
0.000000 -0.000002 -0.000001 -0.000002 -0.000002 -0.000003 -0.000004 -0.000005 -0.000007 -0.000010 -0.000013 -0.000017 -0.000022 -0.000029 -0.000038 -0.000049 -0.000065 -0.000086 -0.000113 -0.000146 -0.000194 -0.000239 -0.000333 -0.000385 -0.000539 -0.000637 -0.000857 -0.001076 -0.001254 -0.001702 -0.001628 -0.001733 -0.001886 -0.000585 0.000861 0.005392 0.012862 0.024758 0.044108 0.061219 0.080948 0.100091 0.116466 0.134048 0.143902 0.161252 0.159833 0.168177 0.188059 0.181708
-0.000001 -0.000001 0.000001 0.000001 0.000002 0.000002 0.000003 0.000004 0.000006 0.000008 0.000010 0.000014 0.000018 0.000024 0.000033 0.000043 0.000058 0.000075 0.000102 0.000135 0.000182 0.000243 0.000329 0.000440 0.000592 0.000808 0.001077 0.001557 0.002019 0.002989 0.003823 0.005610 0.007791 0.011050 0.015508 0.021026 0.029393 0.038110 0.050675 0.064858 0.079028 0.094539 0.107463 0.122244 0.130220 0.145313 0.143659 0.151079 0.149957 0.162782
0.000000 0.000001 0.000003 0.000004 0.000005 0.000007 0.000010 0.000013 0.000017 0.000024 0.000031 0.000042 0.000054 0.000073 0.000096 0.000128 0.000169 0.000223 0.000296 0.000392 0.000520 0.000688 0.000914 0.001211 0.001604 0.002133 0.002821 0.003767 0.005012 0.006641 0.008833 0.011540 0.015438 0.019929 0.026572 0.033373 0.042545 0.050561 0.058608 0.068310 0.078524 0.090194 0.100086 0.112189 0.118392 0.131459 0.129274 0.136094 0.134607 0.145941
-0.000000 0.000002 0.000006 0.000006 0.000009 0.000012 0.000016 0.000022 0.000029 0.000038 0.000051 0.000067 0.000089 0.000117 0.000156 0.000204 0.000272 0.000361 0.000478 0.000632 0.000838 0.001106 0.001468 0.001937 0.002564 0.003391 0.004474 0.005924 0.007804 0.010324 0.013541 0.017805 0.023133 0.029855 0.038100 0.047086 0.055840 0.060153 0.063284 0.069410 0.076385 0.085232 0.092845 0.102819 0.107684 0.118970 0.116571 0.122755 0.121380 0.130583
0.000000 0.000003 0.000007 0.000007 0.000011 0.000015 0.000020 0.000027 0.000036 0.000047 0.000063 0.000083 0.000110 0.000146 0.000193 0.000255 0.000338 0.000446 0.000590 0.000780 0.001031 0.001363 0.001801 0.002378 0.003138 0.004147 0.005447 0.007198 0.009446 0.012415 0.016215 0.021228 0.027558 0.035668 0.046066 0.057298 0.069406 0.072348 0.071994 0.071398 0.074606 0.080794 0.086176 0.094375 0.098039 0.107847 0.105155 0.110853 0.110233 0.104703
0.000001 0.000004 0.000007 0.000011 0.000015 0.000021 0.000027 0.000035 0.000051 0.000068 0.000089 0.000114 0.000156 0.000198 0.000262 0.000346 0.000459 0.000572 0.000797 0.001054 0.001390 0.001845 0.002422 0.003044 0.003434 0.005293 0.006894 0.008959 0.011951 0.016576 0.021649 0.028436 0.036717 0.048242 0.061663 0.076357 0.094223 0.103309 0.071173 0.067378 0.069497 0.074392 0.078865 0.085851 0.088952 0.097521 0.095287 0.100064 0.110199 0.086120
-0.000000 0.000003 0.000006 0.000010 0.000014 0.000022 0.000029 0.000034 0.000046 0.000050 0.000057 0.000110 0.000089 0.000206 0.000234 0.000195 0.000320 0.000392 0.000814 0.000960 0.001269 0.001674 0.003065 0.002905 0.003340 0.004426 0.005811 0.008687 0.011408 0.015653 0.019316 0.022414 0.033299 0.044587 0.052973 0.074009 0.106405 0.105439 0.033622 0.060262 0.061275 0.067654 0.071216 0.077863 0.080391 0.088232 0.085600 0.090286 0.099084 0.094675
0.000000 0.000000 0.000000 0.000000 0.000000 0.000000 0.000000 0.000000 0.000000 0.000000 0.000000 0.000000 0.000000 0.000000 0.000000 0.000000 0.000000 0.000000 0.000000 0.000000 0.000000 0.000000 0.000000 0.000000 0.000000 0.000000 0.000000 0.000000 0.000000 0.000000 0.000000 0.000000 0.000000 0.000000 0.000000 0.000000 0.000000 -0.013699 0.053136 0.044439 0.051987 0.057846 0.063299 0.069467 0.072291 0.079410 0.077369 0.081387 0.089482 0.086545
0.000000 0.000000 0.000000 0.000000 0.000000 0.000000 0.000000 0.000000 0.000000 0.000000 0.000000 0.000000 0.000000 0.000000 0.000000 0.000000 0.000000 0.000000 0.000000 0.000000 0.000000 0.000000 0.000000 0.000000 0.000000 0.000000 0.000000 0.000000 0.000000 0.000000 0.000000 0.000000 0.000000 0.000000 0.000000 0.000000 0.000000 0.001924 0.028041 0.036378 0.043804 0.050854 0.056036 0.062235 0.064861 0.071553 0.069487 0.073355 0.081708 0.083279
0.000000 0.000000 0.000000 0.000000 0.000000 0.000000 0.000000 0.000000 0.000000 0.000000 0.000000 0.000000 0.000000 0.000000 0.000000 0.000000 0.000000 0.000000 0.000000 0.000000 0.000000 0.000000 0.000000 0.000000 0.000000 0.000000 0.000000 0.000000 0.000000 0.000000 0.000000 0.000000 0.000000 0.000000 0.000000 0.000000 0.000000 0.008401 0.001924 0.028797 0.037380 0.043989 0.050287 0.055448 0.059123 0.064347 0.062494 0.066110 0.073559 0.070334
0.000000 0.000000 0.000000 0.000000 0.000000 0.000000 0.000000 0.000000 0.000000 0.000000 0.000000 0.000000 0.000000 0.000000 0.000000 0.000000 0.000000 0.000000 0.000000 0.000000 0.000000 0.000000 0.000000 0.000000 0.000000 0.000000 0.000000 0.000000 0.000000 0.000000 0.000000 0.000000 0.000000 0.000000 0.000000 0.000000 0.000000 -0.006642 0.001699 0.024409 0.031974 0.038675 0.043826 0.049470 0.052097 0.057862 0.056840 0.059635 0.057355 0.074992
0.000000 0.000000 0.000000 0.000000 0.000000 0.000000 0.000000 0.000000 0.000000 0.000000 0.000000 0.000000 0.000000 0.000000 0.000000 0.000000 0.000000 0.000000 0.000000 0.000000 0.000000 0.000000 0.000000 0.000000 0.000000 0.000000 0.000000 0.000000 0.000000 0.000000 0.000000 0.000000 0.000000 0.000000 0.000000 0.000000 0.000000 -0.001727 0.014838 0.020877 0.027874 0.033998 0.038955 0.044165 0.046731 0.051772 0.050113 0.053925 0.058583 0.055503
0.000000 0.000000 0.000000 0.000000 0.000000 0.000000 0.000000 0.000000 0.000000 0.000000 0.000000 0.000000 0.000000 0.000000 0.000000 0.000000 0.000000 0.000000 0.000000 0.000000 0.000000 0.000000 0.000000 0.000000 0.000000 0.000000 0.000000 0.000000 0.000000 0.000000 0.000000 0.000000 0.000000 0.000000 0.000000 0.000000 0.000000 0.004412 0.012230 0.018077 0.024412 0.030180 0.034776 0.039738 0.042050 0.047188 0.046627 0.048823 0.054686 0.051714
0.000000 0.000000 0.000000 0.000000 0.000000 0.000000 0.000000 0.000000 0.000000 0.000000 0.000000 0.000000 0.000000 0.000000 0.000000 0.000000 0.000000 0.000000 0.000000 0.000000 0.000000 0.000000 0.000000 0.000000 0.000000 0.000000 0.000000 0.000000 0.000000 0.000000 0.000000 0.000000 0.000000 0.000000 0.000000 0.000000 0.000000 0.003501 0.000082 0.016004 0.021733 0.026996 0.031284 0.035794 0.038144 0.041947 0.041047 0.044566 0.049451 0.046565
0.000000 0.000000 0.000000 0.000000 0.000000 0.000000 0.000000 0.000000 0.000000 0.000000 0.000000 0.000000 0.000000 0.000000 0.000000 0.000000 0.000000 0.000000 0.000000 0.000000 0.000000 0.000000 0.000000 0.000000 0.000000 0.000000 0.000000 0.000000 0.000000 0.000000 0.000000 0.000000 0.000000 0.000000 0.000000 0.000000 0.000000 0.000462 0.009297 0.014295 0.019501 0.024368 0.028360 0.032627 0.034875 0.039198 0.038831 0.040652 0.049178 0.043766
0.000000 0.000000 0.000000 0.000000 0.000000 0.000000 0.000000 0.000000 0.000000 0.000000 0.000000 0.000000 0.000000 0.000000 0.000000 0.000000 0.000000 0.000000 0.000000 0.000000 0.000000 0.000000 0.000000 0.000000 0.000000 0.000000 0.000000 0.000000 0.000000 0.000000 0.000000 0.000000 0.000000 0.000000 0.000000 0.000000 0.000000 0.001277 0.000053 0.012999 0.017743 0.022222 0.025939 0.029879 0.031965 0.035191 0.034573 0.037629 0.041645 0.035119
0.000000 0.000000 0.000000 0.000000 0.000000 0.000000 0.000000 0.000000 0.000000 0.000000 0.000000 0.000000 0.000000 0.000000 0.000000 0.000000 0.000000 0.000000 0.000000 0.000000 0.000000 0.000000 0.000000 0.000000 0.000000 0.000000 0.000000 0.000000 0.000000 0.000000 0.000000 0.000000 0.000000 0.000000 0.000000 0.000000 0.000000 0.001512 0.007004 0.011903 0.016299 0.020466 0.023820 0.027656 0.029899 0.033387 0.033238 0.034799 0.041472 0.032521
0.000000 0.000000 0.000000 0.000000 0.000000 0.000000 0.000000 0.000000 0.000000 0.000000 0.000000 0.000000 0.000000 0.000000 0.000000 0.000000 0.000000 0.000000 0.000000 0.000000 0.000000 0.000000 0.000000 0.000000 0.000000 0.000000 0.000000 0.000000 0.000000 0.000000 0.000000 0.000000 0.000000 0.000000 0.000000 0.000000 0.000000 -0.001730 0.006085 0.011134 0.015222 0.019125 0.022388 0.025355 0.027172 0.031475 0.030329 0.032940 0.031373 0.035309
0.000000 0.000000 0.000000 0.000000 0.000000 0.000000 0.000000 0.000000 0.000000 0.000000 0.000000 0.000000 0.000000 0.000000 0.000000 0.000000 0.000000 0.000000 0.000000 0.000000 0.000000 0.000000 0.000000 0.000000 0.000000 0.000000 0.000000 0.000000 0.000000 0.000000 0.000000 0.000000 0.000000 0.000000 0.000000 0.000000 0.000000 0.002762 0.005663 0.010372 0.014359 0.017996 0.021278 0.024406 0.026524 0.028979 0.029767 0.032040 0.033918 0.034505
0.000000 0.000000 0.000000 0.000000 0.000000 0.000000 0.000000 0.000000 0.000000 0.000000 0.000000 0.000000 0.000000 0.000000 0.000000 0.000000 0.000000 0.000000 0.000000 0.000000 0.000000 0.000000 0.000000 0.000000 0.000000 0.000000 0.000000 0.000000 0.000000 0.000000 0.000000 0.000000 0.000000 0.000000 0.000000 0.000000 0.000000 0.000417 0.004325 0.010436 0.014293 0.018015 0.021271 0.024436 0.026817 0.029490 0.028430 0.031043 0.033755 0.033101
0.000000 0.000000 0.000000 0.000000 0.000000 0.000000 0.000000 0.000000 0.000000 0.000000 0.000000 0.000000 0.000000 0.000000 0.000000 0.000000 0.000000 0.000000 0.000000 0.000000 0.000000 0.000000 0.000000 0.000000 0.000000 0.000000 0.000000 0.000000 0.000000 0.000000 0.000000 0.000000 0.000000 0.000000 0.000000 0.000000 0.000000 0.000567 0.004573 0.008660 0.012427 0.016447 0.019635 0.023916 0.027015 0.029052 0.031326 0.030713 0.032424 0.030658
0.000000 0.000000 0.000000 0.000000 0.000000 0.000000 0.000000 0.000000 0.000000 0.000000 0.000000 0.000000 0.000000 0.000000 0.000000 0.000000 0.000000 0.000000 0.000000 0.000000 0.000000 0.000000 0.000000 0.000000 0.000000 0.000000 0.000000 0.000000 0.000000 0.000000 0.000000 0.000000 0.000000 0.000000 0.000000 0.000000 0.000000 0.002461 0.002821 0.009795 0.008593 0.009218 0.018183 0.018832 0.024863 0.025105 0.030930 0.027792 0.033083 0.028734
