0.000000 0.000000 0.000000 0.000000 0.000000 0.000000 0.000000 0.001238 0.003617 -0.007958 -0.006214 -0.003045 0.010901 -0.000795 0.000291 -0.004935 -0.004348 0.012286 -0.005375 -0.004885 -0.004368 -0.025742 -0.005378 0.001257 -0.001615 -0.001625 -0.001644 -0.001262 -0.027389 0.000000 0.000000 0.000000 0.000000 0.000000 0.000000 0.000000 0.000000 0.000000 0.000000 0.000000 0.000000 0.000000 0.000000 0.000000 0.000000 0.000000 0.000000 0.000000 0.000000 0.000000
0.000000 0.000000 0.000000 0.000000 0.000000 0.000000 0.000000 0.025931 0.028640 0.013856 0.011749 0.010151 0.007885 0.019103 0.017367 0.016309 0.014056 0.014634 0.009678 0.009481 0.006210 0.002888 -0.001669 -0.006923 -0.025468 -0.025023 -0.028001 -0.047539 -0.054237 0.000000 0.000000 0.000000 0.000000 0.000000 0.000000 0.000000 0.000000 0.000000 0.000000 0.000000 0.000000 0.000000 0.000000 0.000000 0.000000 0.000000 0.000000 0.000000 0.000000 0.000000
0.000000 0.000000 0.000000 0.000000 0.000000 0.000000 0.000000 0.032544 0.037878 0.045323 0.039608 0.036648 0.033303 0.030220 0.026767 0.023342 0.019444 0.015042 0.010013 0.004076 -0.002812 -0.010995 -0.020282 -0.031184 -0.043696 -0.055922 -0.072768 -0.056506 -0.046729 0.000000 0.000000 0.000000 0.000000 0.000000 0.000000 0.000000 0.000000 0.000000 0.000000 0.000000 0.000000 0.000000 0.000000 0.000000 0.000000 0.000000 0.000000 0.000000 0.000000 0.000000
0.000000 0.000000 0.000000 0.000000 0.000000 0.000000 0.000000 0.056969 0.058719 0.043492 0.040998 0.037517 0.034372 0.031052 0.027620 0.023989 0.019945 0.015448 0.010234 0.004220 -0.002627 -0.011084 -0.020652 -0.032213 -0.044816 -0.058282 -0.070719 -0.079449 -0.120911 0.000000 0.000000 0.000000 0.000000 0.000000 0.000000 0.000000 0.000000 0.000000 0.000000 0.000000 0.000000 0.000000 0.000000 0.000000 0.000000 0.000000 0.000000 0.000000 0.000000 0.000000
0.000000 0.000000 0.000000 0.000000 0.000000 0.000000 0.000000 0.062063 0.077371 0.060984 0.056243 0.052008 0.046757 0.042938 0.038424 0.033679 0.028432 0.022515 0.015616 0.007452 -0.002109 -0.013557 -0.026720 -0.042568 -0.059929 -0.080222 -0.097731 -0.116264 -0.108088 0.000000 0.000000 0.000000 0.000000 0.000000 0.000000 0.000000 0.000000 0.000000 0.000000 0.000000 0.000000 0.000000 0.000000 0.000000 0.000000 0.000000 0.000000 0.000000 0.000000 0.000000
0.000000 0.000000 0.000000 0.000000 0.000000 0.000000 0.000000 0.084439 0.099805 0.075299 0.070470 0.062831 0.058292 0.052971 0.047822 0.042315 0.036315 0.029464 0.021507 0.011934 0.000743 -0.013101 -0.029155 -0.049743 -0.072868 -0.101923 -0.127898 -0.168227 -0.224539 0.000000 0.000000 0.000000 0.000000 0.000000 0.000000 0.000000 0.000000 0.000000 0.000000 0.000000 0.000000 0.000000 0.000000 0.000000 0.000000 0.000000 0.000000 0.000000 0.000000 0.000000
0.000000 0.000000 0.000000 0.000000 0.000000 0.000000 0.000000 0.149026 0.117171 0.092412 0.085457 0.076269 0.070379 0.064180 0.058588 0.052505 0.045874 0.038228 0.029308 0.018427 0.005519 -0.010582 -0.029232 -0.053619 -0.082032 -0.121817 -0.159724 -0.262388 -0.305843 0.000000 0.000000 0.000000 0.000000 0.000000 0.000000 0.000000 0.000000 0.000000 0.000000 0.000000 0.000000 0.000000 0.000000 0.000000 0.000000 0.000000 0.000000 0.000000 0.000000 0.000000
0.004161 0.001463 0.007841 -0.001206 0.000252 0.008233 0.010159 0.140279 0.127005 0.107585 0.096189 0.087061 0.080587 0.074611 0.068888 0.062776 0.055947 0.047995 0.038604 0.027160 0.013286 -0.003755 -0.024750 -0.051927 -0.085660 -0.132531 -0.197100 -0.329565 -0.115750 0.003731 0.014766 0.006301 0.014960 0.014934 0.013932 0.017380 0.018521 0.005271 0.013382 -0.016336 0.017493 -0.018771 -0.019040 0.001711 -0.017797 0.007758 -0.002679 -0.000187 -0.003035 -0.008765
0.006521 0.014528 0.010707 0.005136 0.002096 0.007196 0.084311 0.144964 0.120204 0.111270 0.101932 0.096073 0.090137 0.085146 0.079865 0.074104 0.067418 0.059491 0.049995 0.038481 0.024253 0.006616 -0.014263 -0.040913 -0.074360 -0.114237 -0.179337 -0.182889 -0.290298 -0.042947 -0.004008 0.002175 0.002901 0.004313 0.004609 0.005474 0.000107 0.005009 0.003767 -0.004808 -0.006495 -0.008183 0.007767 -0.001994 -0.011200 -0.012669 -0.005657 -0.017976 -0.033458 -0.016188
0.019080 0.031463 0.024451 0.027484 0.031800 0.040690 0.056370 0.084401 0.103576 0.109123 0.103699 0.102306 0.098655 0.095354 0.091095 0.086126 0.080004 0.072543 0.063416 0.052383 0.038664 0.022475 0.002530 -0.019653 -0.049364 -0.078915 -0.120717 -0.141949 -0.127806 -0.077524 -0.046442 -0.036851 -0.031646 -0.031637 -0.032793 -0.034728 -0.036551 -0.038643 -0.040990 -0.041789 -0.043826 -0.045113 -0.046524 -0.046785 -0.048378 -0.048223 -0.050920 -0.045488 -0.072754 -0.061742
0.040405 0.042553 0.039638 0.039634 0.045463 0.054816 0.067042 0.086676 0.098910 0.107802 0.108373 0.109558 0.108162 0.106432 0.103374 0.099374 0.094052 0.087307 0.078845 0.068498 0.055817 0.040260 0.022087 0.000114 -0.022825 -0.045814 -0.075535 -0.087828 -0.091960 -0.058489 -0.051119 -0.044919 -0.045483 -0.047664 -0.051038 -0.055458 -0.058606 -0.062699 -0.065460 -0.068816 -0.071177 -0.073322 -0.075026 -0.076505 -0.077641 -0.078695 -0.078826 -0.078136 -0.105870 -0.085699
0.041207 0.055164 0.051494 0.052060 0.059052 0.067674 0.078924 0.092970 0.103784 0.112025 0.115543 0.118211 0.118757 0.118452 0.116719 0.113839 0.109553 0.103794 0.096320 0.087018 0.075491 0.061932 0.045006 0.027095 0.005719 -0.014452 -0.039047 -0.051572 -0.056991 -0.054052 -0.052719 -0.055959 -0.059403 -0.065822 -0.071604 -0.078101 -0.083678 -0.089061 -0.093698 -0.097657 -0.101171 -0.104101 -0.106519 -0.108453 -0.109963 -0.110924 -0.111803 -0.111910 -0.133670 -0.111206
0.051737 0.063016 0.060361 0.067107 0.075922 0.086095 0.086658 0.099251 0.109372 0.118531 0.123939 0.128397 0.130665 0.131836 0.131371 0.129707 0.126584 0.121965 0.115657 0.107541 0.097338 0.085049 0.070252 0.052940 0.033888 0.013551 -0.006993 -0.024081 -0.038304 -0.039310 -0.050475 -0.059291 -0.070061 -0.080138 -0.089833 -0.098909 -0.106808 -0.114016 -0.120054 -0.125400 -0.129805 -0.133593 -0.136623 -0.139420 -0.141251 -0.143097 -0.143351 -0.143769 -0.167063 -0.123201
0.060601 0.070810 0.069634 0.070031 0.077770 0.086563 0.096972 0.108387 0.118591 0.127834 0.134694 0.140313 0.144042 0.146484 0.147412 0.147008 0.145163 0.141843 0.136895 0.130201 0.121494 0.110753 0.097497 0.082298 0.063752 0.044598 0.022811 0.002627 -0.017615 -0.035020 -0.052133 -0.068935 -0.084300 -0.099288 -0.112332 -0.124314 -0.134423 -0.143280 -0.150673 -0.156933 -0.162112 -0.166438 -0.169889 -0.172848 -0.174888 -0.176933 -0.176909 -0.177645 -0.186726 -0.181468
0.063025 0.075885 0.075799 0.076212 0.084426 0.093950 0.104838 0.117044 0.127968 0.138483 0.146700 0.153732 0.158849 0.162605 0.164845 0.165743 0.165251 0.163346 0.159907 0.154792 0.147757 0.138601 0.126962 0.112712 0.095577 0.075405 0.052374 0.027717 0.001922 -0.023424 -0.049127 -0.072506 -0.093473 -0.113276 -0.130084 -0.144970 -0.157375 -0.168009 -0.176786 -0.184169 -0.190201 -0.195260 -0.199258 -0.202790 -0.205194 -0.207618 -0.208771 -0.209536 -0.219928 -0.218384
0.070434 0.078553 0.079931 0.080495 0.089654 0.100303 0.112544 0.126219 0.138776 0.150761 0.160544 0.168839 0.175269 0.180217 0.183711 0.185892 0.186798 0.186411 0.184643 0.181320 0.176195 0.168909 0.159039 0.146041 0.129380 0.108558 0.082708 0.051825 0.016694 -0.019929 -0.056028 -0.087765 -0.115490 -0.140197 -0.160653 -0.178300 -0.192563 -0.204445 -0.214016 -0.221855 -0.228132 -0.233242 -0.237204 -0.240493 -0.242707 -0.244814 -0.244979 -0.245777 -0.253552 -0.255574
0.092570 0.078028 0.081709 0.082234 0.092478 0.104622 0.118876 0.135555 0.150001 0.164470 0.175714 0.185504 0.193120 0.199210 0.203889 0.207331 0.209676 0.210911 0.211006 0.209764 0.206950 0.202039 0.194610 0.183518 0.168364 0.147069 0.120086 0.083844 0.041731 -0.008783 -0.050721 -0.092522 -0.124215 -0.154495 -0.177770 -0.197925 -0.213788 -0.226959 -0.237418 -0.246052 -0.252882 -0.258568 -0.262896 -0.266884 -0.269782 -0.272596 -0.273767 -0.276088 -0.286421 -0.335893
0.060510 0.075775 0.080996 0.081641 0.093455 0.108049 0.124696 0.145605 0.163274 0.180028 0.193353 0.204066 0.212782 0.219674 0.225378 0.229943 0.233695 0.236600 0.238706 0.239796 0.239664 0.237630 0.233235 0.224776 0.211612 0.190478 0.160752 0.116605 0.057082 -0.009690 -0.072541 -0.121734 -0.164116 -0.197881 -0.225017 -0.246705 -0.263689 -0.277103 -0.287495 -0.295613 -0.301977 -0.306874 -0.310546 -0.313223 -0.315621 -0.316063 -0.315976 -0.316699 -0.322815 -0.300698
0.065342 0.068217 0.077010 0.077270 0.090147 0.107187 0.127534 0.155110 0.176783 0.198554 0.212630 0.224632 0.233901 0.241417 0.247911 0.253464 0.258585 0.263226 0.267559 0.271385 0.274612 0.276478 0.276667 0.272766 0.264448 0.245339 0.215889 0.163578 0.094199 -0.004160 -0.065917 -0.131835 -0.175713 -0.215494 -0.242189 -0.264774 -0.281359 -0.294846 -0.304726 -0.313009 -0.319396 -0.324336 -0.328190 -0.331852 -0.334533 -0.335452 -0.334147 -0.338377 -0.349151 -0.439285
0.063751 0.056300 0.069097 0.069822 0.085258 0.105164 0.130418 0.168053 0.194948 0.219172 0.236971 0.247455 0.257146 0.264373 0.271369 0.277574 0.283920 0.290226 0.296832 0.303586 0.310524 0.316992 0.322733 0.325316 0.323888 0.312001 0.285457 0.231466 0.131108 -0.011697 -0.121186 -0.187246 -0.247137 -0.283731 -0.314931 -0.336903 -0.354356 -0.366756 -0.376173 -0.382845 -0.388392 -0.391098 -0.392487 -0.393268 -0.394210 -0.393404 -0.391208 -0.396850 -0.418428 -0.427535
0.045110 0.043375 0.056623 0.056483 0.070359 0.093042 0.123219 0.179840 0.215607 0.245702 0.263104 0.273306 0.281771 0.288339 0.295286 0.301859 0.309242 0.317148 0.326120 0.336129 0.347504 0.359911 0.373722 0.386425 0.398052 0.397879 0.382231 0.313300 0.177472 -0.041798 -0.137140 -0.228682 -0.277127 -0.317959 -0.343922 -0.362694 -0.375292 -0.384483 -0.390018 -0.397953 -0.400633 -0.402418 -0.402891 -0.402520 -0.404793 -0.404839 -0.404177 -0.388534 -0.420661 -0.434141
0.021107 0.024133 0.036589 0.040864 0.053721 0.077583 0.119816 0.203711 0.257926 0.279374 0.296389 0.300726 0.307864 0.312502 0.319108 0.325648 0.333818 0.343070 0.354153 0.367198 0.382719 0.401105 0.422959 0.447688 0.476243 0.500879 0.512325 0.492351 0.310175 -0.055196 -0.236392 -0.324885 -0.388401 -0.411665 -0.431701 -0.443942 -0.455388 -0.461048 -0.466008 -0.468666 -0.474207 -0.476005 -0.475823 -0.478039 -0.474172 -0.474299 -0.478008 -0.479550 -0.469766 -0.507468
0.002801 0.002135 0.002523 0.002413 0.004149 0.012492 0.033042 0.574651 0.370043 0.328743 0.337332 0.333255 0.335044 0.336802 0.342319 0.348433 0.357067 0.367373 0.380279 0.396142 0.415353 0.440796 0.473191 0.515302 0.572363 0.647123 0.724560 0.929620 -0.416559 -0.442003 -0.489566 -0.531058 -0.493219 -0.493303 -0.492966 -0.495598 -0.492416 -0.480179 -0.493217 -0.498337 -0.493625 -0.498036 -0.492404 -0.491312 -0.492385 -0.493550 -0.494267 -0.492710 -0.493354 -0.492844
0.000000 0.000000 0.000000 0.000000 0.000000 0.000000 0.000000 0.635914 0.410215 0.371979 0.367679 0.360943 0.358713 0.359099 0.363512 0.369361 0.378161 0.389158 0.403228 0.420860 0.442315 0.471422 0.508286 0.558634 0.628353 0.728648 0.909450 1.477675 0.884191 0.000000 0.000000 0.000000 0.000000 0.000000 0.000000 0.000000 0.000000 0.000000 0.000000 0.000000 0.000000 0.000000 0.000000 0.000000 0.000000 0.000000 0.000000 0.000000 0.000000 0.000000
0.000000 0.000000 0.000000 0.000000 0.000000 0.000000 0.000000 0.411156 0.410717 0.382010 0.390013 0.376745 0.378713 0.377595 0.382173 0.387712 0.396561 0.407786 0.422203 0.440351 0.462747 0.491205 0.525090 0.571905 0.622617 0.705869 0.765076 0.930625 0.845261 0.000000 0.000000 0.000000 0.000000 0.000000 0.000000 0.000000 0.000000 0.000000 0.000000 0.000000 0.000000 0.000000 0.000000 0.000000 0.000000 0.000000 0.000000 0.000000 0.000000 0.000000
0.000000 0.000000 0.000000 0.000000 0.000000 0.000000 0.000000 0.433110 0.411911 0.397895 0.402748 0.394519 0.394545 0.394452 0.398063 0.403667 0.412151 0.423342 0.437685 0.455730 0.478083 0.505215 0.537184 0.579202 0.621965 0.685049 0.717780 0.787978 0.831032 0.000000 0.000000 0.000000 0.000000 0.000000 0.000000 0.000000 0.000000 0.000000 0.000000 0.000000 0.000000 0.000000 0.000000 0.000000 0.000000 0.000000 0.000000 0.000000 0.000000 0.000000
0.000000 0.000000 0.000000 0.000000 0.000000 0.000000 0.000000 0.430326 0.454709 0.415108 0.411751 0.410054 0.407275 0.408726 0.411230 0.416921 0.424788 0.435628 0.449390 0.466501 0.488158 0.512066 0.540912 0.574956 0.610661 0.651145 0.678449 0.718881 0.773811 0.000000 0.000000 0.000000 0.000000 0.000000 0.000000 0.000000 0.000000 0.000000 0.000000 0.000000 0.000000 0.000000 0.000000 0.000000 0.000000 0.000000 0.000000 0.000000 0.000000 0.000000
0.000000 0.000000 0.000000 0.000000 0.000000 0.000000 0.000000 0.465489 0.464045 0.425805 0.422530 0.422016 0.418694 0.420287 0.422105 0.427489 0.434690 0.444938 0.457857 0.473795 0.494099 0.515351 0.541451 0.569680 0.601074 0.629440 0.655399 0.690993 0.720231 0.000000 0.000000 0.000000 0.000000 0.000000 0.000000 0.000000 0.000000 0.000000 0.000000 0.000000 0.000000 0.000000 0.000000 0.000000 0.000000 0.000000 0.000000 0.000000 0.000000 0.000000
0.000000 0.000000 0.000000 0.000000 0.000000 0.000000 0.000000 0.450926 0.471736 0.437541 0.432336 0.433032 0.428085 0.429813 0.430610 0.435557 0.441931 0.451389 0.463275 0.477873 0.497109 0.515321 0.538776 0.562349 0.590022 0.612257 0.634020 0.656740 0.683921 0.000000 0.000000 0.000000 0.000000 0.000000 0.000000 0.000000 0.000000 0.000000 0.000000 0.000000 0.000000 0.000000 0.000000 0.000000 0.000000 0.000000 0.000000 0.000000 0.000000 0.000000
0.000000 0.000000 0.000000 0.000000 0.000000 0.000000 0.000000 0.461989 0.483708 0.447175 0.442869 0.441477 0.436200 0.436838 0.436948 0.441094 0.446650 0.455173 0.465971 0.479217 0.496701 0.512962 0.534100 0.554609 0.579728 0.598999 0.617370 0.634302 0.669592 0.000000 0.000000 0.000000 0.000000 0.000000 0.000000 0.000000 0.000000 0.000000 0.000000 0.000000 0.000000 0.000000 0.000000 0.000000 0.000000 0.000000 0.000000 0.000000 0.000000 0.000000
0.000000 0.000000 0.000000 0.000000 0.000000 0.000000 0.000000 0.445874 0.495771 0.459633 0.451502 0.449466 0.442102 0.441872 0.440954 0.444257 0.448937 0.456501 0.466195 0.478189 0.494314 0.508812 0.527890 0.547009 0.569434 0.590515 0.604632 0.620086 0.673439 0.000000 0.000000 0.000000 0.000000 0.000000 0.000000 0.000000 0.000000 0.000000 0.000000 0.000000 0.000000 0.000000 0.000000 0.000000 0.000000 0.000000 0.000000 0.000000 0.000000 0.000000
0.000000 0.000000 0.000000 0.000000 0.000000 0.000000 0.000000 0.484151 0.508511 0.471712 0.461169 0.454619 0.446641 0.444277 0.442774 0.444961 0.448879 0.455453 0.464087 0.474894 0.489288 0.502771 0.520092 0.538278 0.560192 0.580728 0.598451 0.653593 0.656072 0.000000 0.000000 0.000000 0.000000 0.000000 0.000000 0.000000 0.000000 0.000000 0.000000 0.000000 0.000000 0.000000 0.000000 0.000000 0.000000 0.000000 0.000000 0.000000 0.000000 0.000000
0.000000 0.000000 0.000000 0.000000 0.000000 0.000000 0.000000 0.503073 0.517148 0.487079 0.466268 0.458235 0.447825 0.444029 0.441937 0.443222 0.446499 0.452189 0.459834 0.469575 0.482548 0.495103 0.510643 0.529175 0.549065 0.580435 0.591617 0.626769 0.665197 0.000000 0.000000 0.000000 0.000000 0.000000 0.000000 0.000000 0.000000 0.000000 0.000000 0.000000 0.000000 0.000000 0.000000 0.000000 0.000000 0.000000 0.000000 0.000000 0.000000 0.000000
0.000000 0.000000 0.000000 0.000000 0.000000 0.000000 0.000000 0.574431 0.538238 0.494937 0.471334 0.456360 0.446280 0.440517 0.438614 0.439009 0.441909 0.446805 0.453536 0.462237 0.473473 0.485134 0.498710 0.518019 0.534174 0.576884 0.584144 0.626617 0.703487 0.000000 0.000000 0.000000 0.000000 0.000000 0.000000 0.000000 0.000000 0.000000 0.000000 0.000000 0.000000 0.000000 0.000000 0.000000 0.000000 0.000000 0.000000 0.000000 0.000000 0.000000
0.000000 0.000000 0.000000 0.000000 0.000000 0.000000 0.000000 0.780168 0.575420 0.492045 0.471290 0.448551 0.440510 0.433299 0.432271 0.432448 0.435201 0.439493 0.445401 0.452953 0.462727 0.472656 0.484662 0.501611 0.519124 0.567037 0.582551 0.685768 0.761206 0.000000 0.000000 0.000000 0.000000 0.000000 0.000000 0.000000 0.000000 0.000000 0.000000 0.000000 0.000000 0.000000 0.000000 0.000000 0.000000 0.000000 0.000000 0.000000 0.000000 0.000000
0.026774 0.005272 0.004735 0.002255 0.033179 0.031619 0.009431 0.631434 0.467383 0.461061 0.445786 0.432123 0.426851 0.422976 0.422831 0.423783 0.426631 0.430566 0.435716 0.441964 0.449644 0.457723 0.467022 0.479196 0.492644 0.515846 0.534266 0.528288 0.253203 0.045127 0.035430 0.038323 0.032867 0.028767 0.042787 0.029233 0.000000 0.000000 0.000000 0.000000 0.000000 0.000000 0.000000 0.000000 0.000000 0.000000 0.000000 0.000000 0.000000 0.000000
0.029739 0.048226 0.029128 0.033055 0.068867 0.090655 0.201095 0.423725 0.472561 0.406704 0.411294 0.408051 0.409617 0.409509 0.411332 0.413490 0.416676 0.420428 0.424849 0.429792 0.435559 0.441015 0.446882 0.452695 0.458430 0.454485 0.463228 0.511847 0.690918 0.104362 0.133358 0.037302 0.032391 0.047988 0.049618 0.049984 0.000000 0.000000 0.000000 0.000000 0.000000 0.000000 0.000000 0.000000 0.000000 0.000000 0.000000 0.000000 0.000000 0.000000
0.059828 0.081106 0.109706 0.129277 0.159872 0.161077 0.205399 0.285012 0.338504 0.364748 0.379939 0.386470 0.392533 0.396014 0.399230 0.402537 0.406081 0.409737 0.413528 0.417374 0.421420 0.424669 0.427622 0.428773 0.428875 0.426585 0.411469 0.382219 0.316905 0.227209 0.176715 0.144127 0.122757 0.108895 0.079737 0.080007 0.000000 0.000000 0.000000 0.000000 0.000000 0.000000 0.000000 0.000000 0.000000 0.000000 0.000000 0.000000 0.000000 0.000000
0.119346 0.122819 0.143919 0.145858 0.164736 0.191408 0.227434 0.276432 0.317592 0.341977 0.358981 0.369025 0.376802 0.382524 0.387314 0.391419 0.395270 0.398772 0.402029 0.404913 0.407429 0.408886 0.409431 0.407643 0.403894 0.391131 0.379461 0.352784 0.306186 0.250178 0.209306 0.179154 0.158745 0.144710 0.118120 0.124479 0.000000 0.000000 0.000000 0.000000 0.000000 0.000000 0.000000 0.000000 0.000000 0.000000 0.000000 0.000000 0.000000 0.000000
0.157586 0.149135 0.170568 0.171127 0.188146 0.210553 0.238586 0.273381 0.303555 0.325750 0.342872 0.354428 0.363740 0.370608 0.376326 0.381022 0.385042 0.388414 0.391214 0.393328 0.394444 0.394805 0.393678 0.389952 0.384123 0.371899 0.357454 0.333137 0.300112 0.260221 0.229240 0.204449 0.185048 0.173051 0.167184 0.154810 0.000000 0.000000 0.000000 0.000000 0.000000 0.000000 0.000000 0.000000 0.000000 0.000000 0.000000 0.000000 0.000000 0.000000
0.133877 0.183429 0.190724 0.191683 0.206643 0.224763 0.247414 0.272795 0.296586 0.315383 0.330902 0.342643 0.352241 0.359710 0.365886 0.370858 0.374942 0.378160 0.380572 0.382105 0.382464 0.381887 0.379620 0.375059 0.368064 0.355621 0.342186 0.322607 0.296633 0.268519 0.243453 0.223431 0.206940 0.195773 0.195943 0.192887 0.000000 0.000000 0.000000 0.000000 0.000000 0.000000 0.000000 0.000000 0.000000 0.000000 0.000000 0.000000 0.000000 0.000000
0.191465 0.206175 0.207888 0.208265 0.220558 0.235866 0.254431 0.273811 0.292756 0.308854 0.322935 0.334230 0.343702 0.351332 0.357600 0.362659 0.366689 0.369741 0.371817 0.372880 0.372193 0.371389 0.368592 0.363362 0.356639 0.344014 0.333300 0.315601 0.296248 0.274292 0.254490 0.238410 0.224013 0.214499 0.215474 0.209475 0.000000 0.000000 0.000000 0.000000 0.000000 0.000000 0.000000 0.000000 0.000000 0.000000 0.000000 0.000000 0.000000 0.000000
0.203233 0.223730 0.220210 0.220482 0.231227 0.243156 0.258445 0.273666 0.289508 0.303072 0.315624 0.326040 0.335021 0.342498 0.348689 0.353655 0.357585 0.360529 0.362293 0.363182 0.363006 0.361483 0.358090 0.353648 0.346173 0.335956 0.323884 0.311607 0.293654 0.278835 0.260959 0.249001 0.236476 0.228422 0.232128 0.210335 0.000000 0.000000 0.000000 0.000000 0.000000 0.000000 0.000000 0.000000 0.000000 0.000000 0.000000 0.000000 0.000000 0.000000
0.225097 0.236159 0.232105 0.231595 0.241284 0.250845 0.265192 0.275782 0.290419 0.301353 0.313097 0.322718 0.331108 0.338330 0.344220 0.349073 0.352795 0.355628 0.357178 0.357685 0.362819 0.355138 0.351733 0.346631 0.339918 0.335115 0.321201 0.309476 0.295755 0.283261 0.269258 0.259710 0.248171 0.242067 0.248478 0.215367 0.000000 0.000000 0.000000 0.000000 0.000000 0.000000 0.000000 0.000000 0.000000 0.000000 0.000000 0.000000 0.000000 0.000000
0.234520 0.246426 0.238490 0.236999 0.245324 0.252858 0.264529 0.274076 0.285802 0.295806 0.305622 0.314669 0.322293 0.329467 0.335243 0.339947 0.343347 0.346753 0.347277 0.348630 0.355697 0.345917 0.342765 0.337575 0.331700 0.328551 0.313640 0.305035 0.291703 0.283092 0.269547 0.263294 0.252778 0.248289 0.259071 0.239627 0.000000 0.000000 0.000000 0.000000 0.000000 0.000000 0.000000 0.000000 0.000000 0.000000 0.000000 0.000000 0.000000 0.000000
0.219335 0.253437 0.247854 0.246464 0.258317 0.262447 0.274702 0.281337 0.293036 0.301460 0.310611 0.319047 0.325973 0.332975 0.337820 0.342730 0.345506 0.348400 0.349704 0.350127 0.348905 0.347824 0.343918 0.339455 0.333505 0.323399 0.318663 0.310214 0.299644 0.291815 0.280356 0.275145 0.263626 0.261157 0.261563 0.226551 0.000000 0.000000 0.000000 0.000000 0.000000 0.000000 0.000000 0.000000 0.000000 0.000000 0.000000 0.000000 0.000000 0.000000
0.258127 0.253029 0.245732 0.242094 0.250271 0.254263 0.262986 0.271075 0.279555 0.288325 0.296008 0.303831 0.310659 0.316832 0.321859 0.326389 0.328882 0.331770 0.333152 0.332930 0.345341 0.331069 0.327435 0.323626 0.318027 0.320219 0.304393 0.295927 0.287855 0.279805 0.270608 0.267020 0.257819 0.256445 0.268690 0.262279 0.000000 0.000000 0.000000 0.000000 0.000000 0.000000 0.000000 0.000000 0.000000 0.000000 0.000000 0.000000 0.000000 0.000000
0.251763 0.256258 0.250461 0.255765 0.257738 0.263880 0.271966 0.280033 0.288678 0.297055 0.305022 0.312212 0.318937 0.324570 0.329707 0.333632 0.336809 0.338625 0.340294 0.340793 0.339828 0.337756 0.334518 0.330439 0.325169 0.318219 0.311897 0.304057 0.295845 0.287971 0.279788 0.273717 0.266170 0.267141 0.271655 0.260464 0.000000 0.000000 0.000000 0.000000 0.000000 0.000000 0.000000 0.000000 0.000000 0.000000 0.000000 0.000000 0.000000 0.000000
0.248280 0.274482 0.242235 0.247580 0.248571 0.263598 0.262759 0.270764 0.289259 0.294708 0.301196 0.308011 0.313299 0.314456 0.320176 0.324489 0.329296 0.329495 0.330374 0.330335 0.327934 0.327714 0.325060 0.319391 0.314389 0.308215 0.303502 0.295510 0.286907 0.281429 0.272292 0.262996 0.259633 0.251485 0.285817 0.268987 0.000000 0.000000 0.000000 0.000000 0.000000 0.000000 0.000000 0.000000 0.000000 0.000000 0.000000 0.000000 0.000000 0.000000
0.283585 0.236503 0.245572 0.230111 0.241780 0.247331 0.250863 0.264857 0.282330 0.274602 0.285595 0.288721 0.301961 0.303136 0.305681 0.305829 0.334115 0.337167 0.314278 0.322365 0.347228 0.332092 0.332474 0.336040 0.317392 0.333793 0.315877 0.302981 0.301689 0.294639 0.277366 0.269308 0.268073 0.269379 0.271733 0.294691 0.000000 0.000000 0.000000 0.000000 0.000000 0.000000 0.000000 0.000000 0.000000 0.000000 0.000000 0.000000 0.000000 0.000000
