0.000000 0.000000 0.000000 0.000000 0.000000 0.000000 0.000000 -0.011882 -0.015495 -0.048611 -0.047753 -0.044049 -0.098779 -0.062520 -0.085690 -0.077382 -0.087101 -0.108584 -0.093779 -0.107848 -0.118037 -0.144148 -0.083282 -0.090928 -0.081533 -0.067337 -0.049474 -0.027168 -0.002305 0.000000 0.000000 0.000000 0.000000 0.000000 0.000000 0.000000 0.000000 0.000000 0.000000 0.000000 0.000000 0.000000 0.000000 0.000000 0.000000 0.000000 0.000000 0.000000 0.000000 0.000000
0.000000 0.000000 0.000000 0.000000 0.000000 0.000000 0.000000 -0.003480 -0.019696 -0.042462 -0.055943 -0.069985 -0.083372 -0.092416 -0.103313 -0.111870 -0.119133 -0.114000 -0.128838 -0.129431 -0.128323 -0.124715 -0.119510 -0.107443 -0.103832 -0.064774 -0.050136 -0.034422 -0.007796 0.000000 0.000000 0.000000 0.000000 0.000000 0.000000 0.000000 0.000000 0.000000 0.000000 0.000000 0.000000 0.000000 0.000000 0.000000 0.000000 0.000000 0.000000 0.000000 0.000000 0.000000
0.000000 0.000000 0.000000 0.000000 0.000000 0.000000 0.000000 -0.002544 -0.021716 -0.033750 -0.047860 -0.061957 -0.074214 -0.085511 -0.095599 -0.104793 -0.112704 -0.119384 -0.124564 -0.127957 -0.129459 -0.128172 -0.124233 -0.116239 -0.104319 -0.086130 -0.063340 -0.018928 -0.007790 0.000000 0.000000 0.000000 0.000000 0.000000 0.000000 0.000000 0.000000 0.000000 0.000000 0.000000 0.000000 0.000000 0.000000 0.000000 0.000000 0.000000 0.000000 0.000000 0.000000 0.000000
0.000000 0.000000 0.000000 0.000000 0.000000 0.000000 0.000000 -0.001400 -0.017361 -0.036393 -0.048054 -0.062504 -0.074295 -0.085652 -0.095842 -0.105039 -0.112956 -0.119691 -0.124927 -0.128309 -0.129905 -0.128716 -0.124891 -0.116720 -0.104986 -0.086217 -0.069499 -0.024227 0.012759 0.000000 0.000000 0.000000 0.000000 0.000000 0.000000 0.000000 0.000000 0.000000 0.000000 0.000000 0.000000 0.000000 0.000000 0.000000 0.000000 0.000000 0.000000 0.000000 0.000000 0.000000
0.000000 0.000000 0.000000 0.000000 0.000000 0.000000 0.000000 -0.004779 -0.019713 -0.039450 -0.052269 -0.066981 -0.078271 -0.090151 -0.100285 -0.109876 -0.118399 -0.125897 -0.132220 -0.136878 -0.140037 -0.139826 -0.138783 -0.130645 -0.122961 -0.102781 -0.083765 -0.042585 -0.015263 0.000000 0.000000 0.000000 0.000000 0.000000 0.000000 0.000000 0.000000 0.000000 0.000000 0.000000 0.000000 0.000000 0.000000 0.000000 0.000000 0.000000 0.000000 0.000000 0.000000 0.000000
0.000000 0.000000 0.000000 0.000000 0.000000 0.000000 0.000000 0.002105 -0.026094 -0.045831 -0.057428 -0.071573 -0.083328 -0.094875 -0.105178 -0.115108 -0.124254 -0.132603 -0.140039 -0.146140 -0.150959 -0.153381 -0.153676 -0.149951 -0.141725 -0.125580 -0.109663 -0.057886 0.010242 0.000000 0.000000 0.000000 0.000000 0.000000 0.000000 0.000000 0.000000 0.000000 0.000000 0.000000 0.000000 0.000000 0.000000 0.000000 0.000000 0.000000 0.000000 0.000000 0.000000 0.000000
0.000000 0.000000 0.000000 0.000000 0.000000 0.000000 0.000000 -0.002121 -0.039885 -0.056356 -0.064362 -0.079131 -0.089215 -0.100719 -0.110976 -0.121440 -0.131353 -0.140849 -0.149809 -0.157698 -0.165166 -0.169454 -0.175265 -0.172707 -0.174996 -0.159171 -0.150155 -0.146597 0.019785 0.000000 0.000000 0.000000 0.000000 0.000000 0.000000 0.000000 0.000000 0.000000 0.000000 0.000000 0.000000 0.000000 0.000000 0.000000 0.000000 0.000000 0.000000 0.000000 0.000000 0.000000
-0.014248 -0.015762 -0.046441 -0.044643 -0.067227 -0.125382 -0.208412 -0.243605 -0.068539 -0.072269 -0.074339 -0.087286 -0.095466 -0.106677 -0.116884 -0.127870 -0.138621 -0.149365 -0.159888 -0.169897 -0.179810 -0.188246 -0.196739 -0.202216 -0.208696 -0.207311 -0.221489 -0.423243 -0.853775 -0.631566 -0.563471 -0.531568 -0.513647 -0.489500 -0.420261 -0.437989 -0.409685 -0.379177 -0.320475 -0.306605 -0.315960 -0.248767 -0.218754 -0.200707 -0.157859 -0.148242 -0.099447 -0.081689 -0.053384 -0.001204
-0.002426 -0.020574 -0.041324 -0.045982 -0.081111 -0.089797 -0.219330 -0.193431 -0.102942 -0.089011 -0.085860 -0.094912 -0.101868 -0.112424 -0.122832 -0.134415 -0.146204 -0.158356 -0.170767 -0.183008 -0.196152 -0.207561 -0.222867 -0.233372 -0.256300 -0.270840 -0.311417 -0.436348 -0.698339 -0.615227 -0.547513 -0.498877 -0.499597 -0.475429 -0.505707 -0.491553 -0.401035 -0.432494 -0.348689 -0.313374 -0.282759 -0.251518 -0.278926 -0.181552 -0.187190 -0.154364 -0.143341 -0.092788 -0.045651 -0.006086
-0.001440 -0.012710 -0.040934 -0.040172 -0.058286 -0.074219 -0.097412 -0.106376 -0.094473 -0.093946 -0.092397 -0.099340 -0.106418 -0.116960 -0.127941 -0.140345 -0.153289 -0.166914 -0.181116 -0.195640 -0.211113 -0.226868 -0.244424 -0.262640 -0.284611 -0.311621 -0.356505 -0.415464 -0.493693 -0.516708 -0.493520 -0.481736 -0.462307 -0.446232 -0.425742 -0.405340 -0.382812 -0.358418 -0.332933 -0.305547 -0.278025 -0.249353 -0.219245 -0.189666 -0.157912 -0.128238 -0.093024 -0.093153 -0.034677 -0.004341
-0.000163 -0.018441 -0.035903 -0.036447 -0.051083 -0.064939 -0.079658 -0.088074 -0.088985 -0.088511 -0.092567 -0.100096 -0.108832 -0.119995 -0.132071 -0.145526 -0.159827 -0.175033 -0.191132 -0.207889 -0.225987 -0.244382 -0.265940 -0.285980 -0.313698 -0.340651 -0.379364 -0.423307 -0.467241 -0.493119 -0.488900 -0.481141 -0.468190 -0.451537 -0.433154 -0.411960 -0.389276 -0.364384 -0.338440 -0.310975 -0.282245 -0.253127 -0.222637 -0.192568 -0.160147 -0.130391 -0.096321 -0.094417 -0.031779 -0.014109
0.003417 -0.008233 -0.030062 -0.030995 -0.043688 -0.054131 -0.066171 -0.074280 -0.079057 -0.084398 -0.090438 -0.099513 -0.109550 -0.121761 -0.135009 -0.149684 -0.165386 -0.182183 -0.200063 -0.218941 -0.239122 -0.260370 -0.283630 -0.308193 -0.335829 -0.363903 -0.394997 -0.430006 -0.457601 -0.479744 -0.481308 -0.480657 -0.469107 -0.455856 -0.437339 -0.416918 -0.393726 -0.368710 -0.342094 -0.314178 -0.285146 -0.255518 -0.224452 -0.193993 -0.160556 -0.130292 -0.093872 -0.094366 -0.039089 -0.010263
-0.000450 -0.014268 -0.022985 -0.032897 -0.043103 -0.053769 -0.054377 -0.062391 -0.070050 -0.077542 -0.086288 -0.096800 -0.108631 -0.122107 -0.136693 -0.152705 -0.169894 -0.188308 -0.207993 -0.228898 -0.251329 -0.274901 -0.300561 -0.327100 -0.356400 -0.384769 -0.416220 -0.446082 -0.471174 -0.487001 -0.490446 -0.487769 -0.477983 -0.463734 -0.445430 -0.424074 -0.400263 -0.374433 -0.347069 -0.318465 -0.288701 -0.258466 -0.226956 -0.195982 -0.162443 -0.132082 -0.095561 -0.092953 -0.050041 0.003777
-0.000778 -0.012788 -0.019096 -0.019766 -0.027900 -0.035285 -0.044077 -0.052359 -0.061026 -0.070319 -0.080815 -0.092885 -0.106205 -0.121033 -0.137085 -0.154482 -0.173145 -0.193140 -0.214543 -0.237369 -0.261823 -0.287709 -0.315360 -0.344185 -0.374648 -0.404982 -0.435474 -0.462566 -0.486033 -0.500128 -0.502916 -0.500315 -0.489896 -0.475544 -0.456103 -0.433909 -0.408853 -0.381979 -0.353499 -0.323941 -0.293339 -0.262318 -0.230239 -0.198632 -0.165220 -0.134028 -0.099014 -0.095689 -0.054464 -0.011336
0.000192 -0.010089 -0.013052 -0.013598 -0.019487 -0.025634 -0.033146 -0.041387 -0.050959 -0.061649 -0.073897 -0.087491 -0.102437 -0.118686 -0.136178 -0.154964 -0.175073 -0.196599 -0.219675 -0.244369 -0.270901 -0.299123 -0.329336 -0.360731 -0.393636 -0.426244 -0.458132 -0.486169 -0.508305 -0.521595 -0.524890 -0.520350 -0.508607 -0.491890 -0.470490 -0.446218 -0.419272 -0.390720 -0.360747 -0.329916 -0.298206 -0.266227 -0.233338 -0.200978 -0.166795 -0.135119 -0.099298 -0.094675 -0.056227 -0.010490
-0.000229 -0.008429 -0.006417 -0.006785 -0.010291 -0.015012 -0.021146 -0.029368 -0.039666 -0.051647 -0.065601 -0.080764 -0.097350 -0.115052 -0.133959 -0.154088 -0.175554 -0.198501 -0.223125 -0.249567 -0.278096 -0.308645 -0.341491 -0.375938 -0.412014 -0.447752 -0.482684 -0.513023 -0.537421 -0.549943 -0.551840 -0.545705 -0.530968 -0.512044 -0.487730 -0.461178 -0.431877 -0.401378 -0.369648 -0.337341 -0.304412 -0.271351 -0.237743 -0.204584 -0.170149 -0.137696 -0.101609 -0.098307 -0.057476 -0.010320
0.003147 -0.004679 0.001095 0.000993 0.000257 -0.002874 -0.007287 -0.015281 -0.026634 -0.040011 -0.055884 -0.072808 -0.091084 -0.110264 -0.130518 -0.151888 -0.174566 -0.198769 -0.224784 -0.252848 -0.283367 -0.316375 -0.352377 -0.390710 -0.431681 -0.473172 -0.514267 -0.551347 -0.579504 -0.592929 -0.592297 -0.581261 -0.562087 -0.537779 -0.508889 -0.478260 -0.445509 -0.412237 -0.378194 -0.344054 -0.309602 -0.275291 -0.240572 -0.206376 -0.171019 -0.137216 -0.101009 -0.097245 -0.057527 0.010609
-0.002686 -0.001179 0.009346 0.009458 0.011962 0.011295 0.008878 0.001734 -0.010844 -0.026077 -0.044707 -0.063430 -0.083682 -0.104308 -0.125856 -0.148315 -0.171987 -0.197182 -0.224286 -0.253642 -0.285853 -0.321051 -0.360146 -0.402456 -0.448991 -0.497029 -0.546202 -0.589743 -0.625173 -0.639262 -0.631331 -0.620477 -0.593297 -0.565500 -0.531015 -0.497092 -0.460807 -0.424884 -0.388601 -0.352663 -0.316756 -0.281122 -0.245889 -0.210641 -0.175024 -0.140621 -0.104271 -0.100747 -0.057673 -0.000826
0.006465 0.004194 0.019334 0.019753 0.026483 0.028603 0.030134 0.022485 0.007868 -0.009946 -0.031926 -0.053484 -0.075526 -0.097696 -0.120269 -0.143587 -0.167922 -0.193768 -0.221596 -0.251897 -0.285538 -0.322825 -0.365306 -0.412559 -0.466622 -0.525340 -0.588788 -0.649948 -0.702977 -0.722055 -0.703805 -0.676699 -0.640447 -0.600335 -0.558411 -0.517207 -0.475723 -0.435506 -0.395997 -0.357653 -0.319688 -0.282493 -0.245934 -0.210132 -0.174534 -0.139009 -0.102382 -0.101089 -0.054443 -0.006215
0.002681 0.009394 0.029231 0.030054 0.041913 0.048620 0.054105 0.050708 0.028462 0.009276 -0.018496 -0.042242 -0.066950 -0.090331 -0.113833 -0.137659 -0.162241 -0.188221 -0.216136 -0.246594 -0.280755 -0.318995 -0.363885 -0.414902 -0.477003 -0.546398 -0.629464 -0.709099 -0.783086 -0.794049 -0.754960 -0.729929 -0.670706 -0.632237 -0.579328 -0.535315 -0.489276 -0.446522 -0.405579 -0.365542 -0.325734 -0.288105 -0.250822 -0.215470 -0.181420 -0.146688 -0.111390 -0.111953 -0.052297 0.004148
0.006634 0.014269 0.042090 0.043267 0.061273 0.077356 0.092776 0.088926 0.058222 0.025171 -0.004258 -0.033041 -0.058624 -0.083481 -0.107084 -0.131048 -0.155286 -0.180869 -0.208245 -0.238201 -0.272102 -0.310544 -0.356854 -0.411378 -0.480612 -0.565410 -0.672119 -0.795563 -0.930586 -0.957931 -0.883777 -0.817746 -0.739216 -0.671242 -0.610306 -0.555664 -0.504697 -0.457043 -0.412428 -0.370695 -0.329607 -0.289237 -0.250158 -0.211526 -0.174483 -0.135483 -0.099076 -0.102249 -0.023865 -0.005375
0.004430 0.020969 0.053234 0.052061 0.077329 0.100883 0.135758 0.142331 0.087414 0.051512 0.007666 -0.023115 -0.051849 -0.076796 -0.100320 -0.123712 -0.146969 -0.171365 -0.197181 -0.225239 -0.256992 -0.292775 -0.337239 -0.390275 -0.464575 -0.562450 -0.713835 -0.910985 -1.131470 -1.101027 -0.951801 -0.864546 -0.756067 -0.695210 -0.619302 -0.561538 -0.505938 -0.458028 -0.417276 -0.373750 -0.327364 -0.290043 -0.251316 -0.217751 -0.183275 -0.145553 -0.118784 -0.134963 -0.048026 -0.004151
0.000629 0.024646 0.052669 0.080819 0.099943 0.203264 0.266119 0.326455 0.078126 0.046505 0.016647 -0.021574 -0.046623 -0.072145 -0.093926 -0.116332 -0.137876 -0.160551 -0.184142 -0.209662 -0.237916 -0.270254 -0.309989 -0.357568 -0.426294 -0.519076 -0.675036 -0.850129 -1.331026 -0.540215 -0.036336 -0.040891 -0.014027 -0.016809 -0.010161 -0.027377 -0.010487 -0.073934 -0.005876 -0.008779 -0.004898 -0.006400 -0.005747 -0.007380 -0.006610 -0.002207 -0.002126 -0.004849 0.005381 -0.003287
0.000000 0.000000 0.000000 0.000000 0.000000 0.000000 0.000000 0.169416 0.064801 0.029999 -0.009699 -0.025440 -0.048300 -0.069404 -0.088653 -0.108944 -0.128034 -0.148169 -0.168455 -0.189763 -0.212601 -0.235536 -0.262308 -0.283722 -0.317791 -0.316892 -0.372234 -0.612190 -2.032321 0.000000 0.000000 0.000000 0.000000 0.000000 0.000000 0.000000 0.000000 0.000000 0.000000 0.000000 0.000000 0.000000 0.000000 0.000000 0.000000 0.000000 0.000000 0.000000 0.000000 0.000000
0.000000 0.000000 0.000000 0.000000 0.000000 0.000000 0.000000 0.013642 0.017940 0.005633 -0.018179 -0.031142 -0.048620 -0.067304 -0.083642 -0.101661 -0.118073 -0.135480 -0.152409 -0.169894 -0.188093 -0.204645 -0.222407 -0.233042 -0.246449 -0.226953 -0.210577 -0.119257 0.112022 0.000000 0.000000 0.000000 0.000000 0.000000 0.000000 0.000000 0.000000 0.000000 0.000000 0.000000 0.000000 0.000000 0.000000 0.000000 0.000000 0.000000 0.000000 0.000000 0.000000 0.000000
0.000000 0.000000 0.000000 0.000000 0.000000 0.000000 0.000000 0.010147 -0.029135 -0.010426 -0.018898 -0.037502 -0.047643 -0.065925 -0.078536 -0.094537 -0.107945 -0.122479 -0.135851 -0.149447 -0.162358 -0.173368 -0.181944 -0.186296 -0.183777 -0.164117 -0.137190 -0.047406 -0.026938 0.000000 0.000000 0.000000 0.000000 0.000000 0.000000 0.000000 0.000000 0.000000 0.000000 0.000000 0.000000 0.000000 0.000000 0.000000 0.000000 0.000000 0.000000 0.000000 0.000000 0.000000
0.000000 0.000000 0.000000 0.000000 0.000000 0.000000 0.000000 0.022865 -0.026272 -0.016373 -0.023715 -0.039595 -0.048763 -0.063788 -0.074399 -0.087561 -0.098353 -0.109919 -0.120056 -0.130017 -0.138848 -0.145252 -0.148400 -0.148479 -0.139904 -0.123055 -0.092834 -0.050126 -0.013854 0.000000 0.000000 0.000000 0.000000 0.000000 0.000000 0.000000 0.000000 0.000000 0.000000 0.000000 0.000000 0.000000 0.000000 0.000000 0.000000 0.000000 0.000000 0.000000 0.000000 0.000000
0.000000 0.000000 0.000000 0.000000 0.000000 0.000000 0.000000 0.024531 -0.029086 -0.019742 -0.026958 -0.041605 -0.048958 -0.061962 -0.070315 -0.080968 -0.089192 -0.097918 -0.105023 -0.111662 -0.116839 -0.119670 -0.118938 -0.116265 -0.105452 -0.091422 -0.070237 -0.040943 -0.042430 0.000000 0.000000 0.000000 0.000000 0.000000 0.000000 0.000000 0.000000 0.000000 0.000000 0.000000 0.000000 0.000000 0.000000 0.000000 0.000000 0.000000 0.000000 0.000000 0.000000 0.000000
0.000000 0.000000 0.000000 0.000000 0.000000 0.000000 0.000000 -0.005047 -0.024431 -0.022905 -0.030958 -0.043217 -0.050446 -0.060363 -0.067176 -0.074959 -0.080920 -0.086784 -0.091206 -0.094825 -0.097248 -0.096894 -0.094162 -0.088808 -0.079409 -0.066132 -0.052890 -0.024292 -0.021424 0.000000 0.000000 0.000000 0.000000 0.000000 0.000000 0.000000 0.000000 0.000000 0.000000 0.000000 0.000000 0.000000 0.000000 0.000000 0.000000 0.000000 0.000000 0.000000 0.000000 0.000000
0.000000 0.000000 0.000000 0.000000 0.000000 0.000000 0.000000 0.033297 -0.028427 -0.027372 -0.034771 -0.045770 -0.052115 -0.059438 -0.064553 -0.069657 -0.073398 -0.076581 -0.078542 -0.079429 -0.079128 -0.076486 -0.072094 -0.065305 -0.056446 -0.044803 -0.035060 -0.015060 -0.022152 0.000000 0.000000 0.000000 0.000000 0.000000 0.000000 0.000000 0.000000 0.000000 0.000000 0.000000 0.000000 0.000000 0.000000 0.000000 0.000000 0.000000 0.000000 0.000000 0.000000 0.000000
0.000000 0.000000 0.000000 0.000000 0.000000 0.000000 0.000000 0.021526 -0.027516 -0.033798 -0.039967 -0.049880 -0.055055 -0.059619 -0.062917 -0.065284 -0.066851 -0.067466 -0.067169 -0.065554 -0.063332 -0.058180 -0.052837 -0.044025 -0.036684 -0.023544 -0.017513 -0.005696 -0.024346 0.000000 0.000000 0.000000 0.000000 0.000000 0.000000 0.000000 0.000000 0.000000 0.000000 0.000000 0.000000 0.000000 0.000000 0.000000 0.000000 0.000000 0.000000 0.000000 0.000000 0.000000
0.000000 0.000000 0.000000 0.000000 0.000000 0.000000 0.000000 0.005028 -0.029217 -0.044416 -0.048269 -0.055083 -0.059632 -0.060592 -0.062183 -0.061691 -0.061163 -0.059327 -0.056866 -0.052959 -0.048436 -0.041515 -0.034435 -0.024440 -0.015678 -0.003393 0.001132 0.007463 -0.016714 0.000000 0.000000 0.000000 0.000000 0.000000 0.000000 0.000000 0.000000 0.000000 0.000000 0.000000 0.000000 0.000000 0.000000 0.000000 0.000000 0.000000 0.000000 0.000000 0.000000 0.000000
0.000000 0.000000 0.000000 0.000000 0.000000 0.000000 0.000000 -0.006878 -0.041652 -0.058972 -0.059784 -0.064940 -0.065281 -0.063466 -0.062258 -0.059192 -0.056371 -0.052265 -0.047740 -0.041726 -0.035343 -0.026183 -0.017484 -0.004931 0.003210 0.029558 0.021807 0.027503 -0.045910 0.000000 0.000000 0.000000 0.000000 0.000000 0.000000 0.000000 0.000000 0.000000 0.000000 0.000000 0.000000 0.000000 0.000000 0.000000 0.000000 0.000000 0.000000 0.000000 0.000000 0.000000
0.000000 0.000000 0.000000 0.000000 0.000000 0.000000 0.000000 0.001617 -0.062155 -0.080486 -0.077868 -0.074144 -0.073230 -0.066545 -0.062993 -0.057157 -0.052222 -0.046003 -0.039494 -0.031558 -0.022763 -0.011761 0.000008 0.013821 0.028457 0.044804 0.056333 0.090145 0.039637 0.000000 0.000000 0.000000 0.000000 0.000000 0.000000 0.000000 0.000000 0.000000 0.000000 0.000000 0.000000 0.000000 0.000000 0.000000 0.000000 0.000000 0.000000 0.000000 0.000000 0.000000
0.000000 0.000000 0.000000 0.000000 0.000000 0.000000 0.000000 -0.093667 -0.158806 -0.125268 -0.101648 -0.093001 -0.080908 -0.071799 -0.063814 -0.055914 -0.048625 -0.040698 -0.032352 -0.022879 -0.012010 0.000499 0.015627 0.031817 0.054933 0.063947 0.108941 0.157113 0.031699 0.000000 0.000000 0.000000 0.000000 0.000000 0.000000 0.000000 0.000000 0.000000 0.000000 0.000000 0.000000 0.000000 0.000000 0.000000 0.000000 0.000000 0.000000 0.000000 0.000000 0.000000
-0.003985 -0.072297 -0.111663 -0.166667 -0.180707 -0.283770 -0.410702 -0.575914 -0.219135 -0.166147 -0.127798 -0.105889 -0.087840 -0.074909 -0.064184 -0.054234 -0.045204 -0.035860 -0.026109 -0.015302 -0.002495 0.011303 0.029140 0.048991 0.078286 0.113211 0.164423 0.233200 0.639524 0.324862 0.244874 0.176232 0.118653 0.077490 0.061771 0.008044 0.000000 0.000000 0.000000 0.000000 0.000000 0.000000 0.000000 0.000000 0.000000 0.000000 0.000000 0.000000 0.000000 0.000000
-0.006302 -0.048083 -0.115388 -0.169545 -0.201625 -0.318133 -0.508344 -0.271102 -0.227666 -0.179972 -0.133700 -0.112452 -0.089997 -0.076142 -0.063057 -0.052177 -0.041839 -0.031614 -0.020958 -0.009352 0.003776 0.018540 0.037180 0.057909 0.088510 0.115102 0.179897 0.231626 0.491024 0.353669 0.228096 0.185955 0.126787 0.103349 0.022406 0.008563 0.000000 0.000000 0.000000 0.000000 0.000000 0.000000 0.000000 0.000000 0.000000 0.000000 0.000000 0.000000 0.000000 0.000000
-0.032012 -0.052704 -0.095333 -0.137340 -0.176988 -0.178255 -0.218632 -0.225682 -0.191286 -0.155237 -0.127492 -0.104947 -0.087846 -0.072755 -0.060338 -0.048903 -0.038258 -0.027651 -0.016575 -0.004838 0.008567 0.022972 0.040665 0.060368 0.085802 0.113936 0.151028 0.197394 0.241860 0.235438 0.190700 0.154546 0.109459 0.078402 0.033881 0.021334 0.000000 0.000000 0.000000 0.000000 0.000000 0.000000 0.000000 0.000000 0.000000 0.000000 0.000000 0.000000 0.000000 0.000000
-0.008675 -0.029453 -0.083352 -0.087032 -0.117856 -0.141818 -0.165910 -0.171155 -0.154542 -0.134134 -0.114398 -0.096456 -0.081458 -0.068082 -0.056213 -0.045189 -0.034625 -0.024120 -0.013186 -0.001727 0.010955 0.024843 0.041107 0.058784 0.080399 0.101923 0.130012 0.158327 0.181202 0.177884 0.151398 0.126718 0.093042 0.066427 0.037330 0.000009 0.000000 0.000000 0.000000 0.000000 0.000000 0.000000 0.000000 0.000000 0.000000 0.000000 0.000000 0.000000 0.000000 0.000000
-0.002266 -0.045418 -0.070486 -0.071813 -0.097249 -0.114298 -0.130572 -0.134352 -0.126665 -0.113540 -0.100225 -0.086040 -0.073943 -0.061974 -0.051230 -0.040921 -0.030889 -0.020855 -0.010444 0.000410 0.012322 0.024945 0.039263 0.054520 0.071860 0.089708 0.108896 0.127331 0.139305 0.137434 0.120914 0.103279 0.075906 0.055874 0.010569 0.011023 0.000000 0.000000 0.000000 0.000000 0.000000 0.000000 0.000000 0.000000 0.000000 0.000000 0.000000 0.000000 0.000000 0.000000
-0.015506 -0.014515 -0.058325 -0.059077 -0.078622 -0.091620 -0.103227 -0.106777 -0.103024 -0.095503 -0.085764 -0.075440 -0.065259 -0.055317 -0.045771 -0.036454 -0.027214 -0.017922 -0.008310 0.001676 0.012337 0.023750 0.036118 0.049074 0.063022 0.076129 0.090623 0.102070 0.108947 0.107117 0.095779 0.082750 0.062300 0.045434 0.008249 0.005033 0.000000 0.000000 0.000000 0.000000 0.000000 0.000000 0.000000 0.000000 0.000000 0.000000 0.000000 0.000000 0.000000 0.000000
-0.007814 -0.010687 -0.046568 -0.048022 -0.063978 -0.073650 -0.082449 -0.085499 -0.083909 -0.079180 -0.072423 -0.064728 -0.056562 -0.048297 -0.040062 -0.031851 -0.023570 -0.015202 -0.006531 0.002427 0.011724 0.021869 0.032264 0.042905 0.053926 0.063419 0.074847 0.081867 0.086449 0.084248 0.076127 0.066315 0.050119 0.037355 0.000625 -0.003130 0.000000 0.000000 0.000000 0.000000 0.000000 0.000000 0.000000 0.000000 0.000000 0.000000 0.000000 0.000000 0.000000 0.000000
-0.010402 -0.004612 -0.037840 -0.038676 -0.051454 -0.058898 -0.066566 -0.068573 -0.068240 -0.065223 -0.060314 -0.054658 -0.048159 -0.041397 -0.034432 -0.027348 -0.020123 -0.012793 -0.005228 0.002531 0.010544 0.018971 0.027807 0.036485 0.045349 0.052306 0.060643 0.066312 0.067938 0.067258 0.060142 0.052961 0.039722 0.029250 -0.002629 0.011303 0.000000 0.000000 0.000000 0.000000 0.000000 0.000000 0.000000 0.000000 0.000000 0.000000 0.000000 0.000000 0.000000 0.000000
0.019144 -0.000567 -0.030162 -0.031015 -0.040980 -0.047628 -0.052177 -0.055456 -0.054554 -0.053504 -0.049411 -0.045343 -0.040110 -0.034638 -0.028897 -0.023081 -0.016842 -0.010701 -0.004344 0.002412 0.010549 0.016368 0.023272 0.030352 0.037585 0.051683 0.048933 0.051858 0.054115 0.051861 0.048382 0.041610 0.031771 0.025135 -0.004107 0.001176 0.000000 0.000000 0.000000 0.000000 0.000000 0.000000 0.000000 0.000000 0.000000 0.000000 0.000000 0.000000 0.000000 0.000000
-0.002209 0.003490 -0.023739 -0.022672 -0.032037 -0.037028 -0.041444 -0.043239 -0.043452 -0.042424 -0.039889 -0.036768 -0.032703 -0.028507 -0.023798 -0.019107 -0.013840 -0.009008 -0.003335 0.001878 0.009326 0.013311 0.019055 0.024699 0.030113 0.040958 0.038495 0.041170 0.041642 0.040791 0.036613 0.032354 0.023362 0.017241 -0.012525 0.006321 0.000000 0.000000 0.000000 0.000000 0.000000 0.000000 0.000000 0.000000 0.000000 0.000000 0.000000 0.000000 0.000000 0.000000
0.008155 0.003471 -0.020334 -0.019143 -0.025024 -0.029021 -0.031356 -0.033659 -0.033467 -0.033144 -0.031423 -0.028957 -0.026124 -0.022714 -0.019198 -0.015224 -0.011315 -0.006813 -0.002740 0.001773 0.007469 0.010671 0.015167 0.019550 0.023430 0.031681 0.029738 0.031503 0.032207 0.030579 0.028731 0.024946 0.019469 0.018253 -0.012763 0.005878 0.000000 0.000000 0.000000 0.000000 0.000000 0.000000 0.000000 0.000000 0.000000 0.000000 0.000000 0.000000 0.000000 0.000000
-0.001015 -0.016859 -0.019916 -0.012025 -0.016124 -0.021382 -0.021989 -0.024391 -0.024417 -0.024257 -0.023026 -0.021235 -0.019349 -0.016770 -0.014160 -0.011506 -0.008603 -0.004924 -0.002217 0.001195 0.005902 0.008005 0.011360 0.014423 0.017079 0.023405 0.021672 0.022470 0.023192 0.021330 0.020695 0.016575 0.011832 0.002282 -0.012133 -0.007233 0.000000 0.000000 0.000000 0.000000 0.000000 0.000000 0.000000 0.000000 0.000000 0.000000 0.000000 0.000000 0.000000 0.000000
-0.011301 0.008437 -0.015271 -0.016178 -0.015535 -0.020270 -0.021663 -0.023030 -0.023244 -0.023175 -0.021900 -0.020494 -0.018352 -0.016056 -0.013498 -0.010520 -0.007690 -0.005006 -0.001704 0.001516 0.004242 0.007750 0.010872 0.013776 0.016765 0.016204 0.020920 0.021672 0.022100 0.021207 0.019986 0.015195 0.015806 0.004984 -0.011015 0.010007 0.000000 0.000000 0.000000 0.000000 0.000000 0.000000 0.000000 0.000000 0.000000 0.000000 0.000000 0.000000 0.000000 0.000000
0.005283 0.004561 -0.021352 -0.021447 0.004796 -0.024832 0.003946 0.004378 -0.026518 -0.027559 -0.026954 -0.026403 -0.025146 0.008564 0.010369 0.012325 0.013627 0.015016 0.017622 0.020550 0.020421 0.022091 0.022566 0.024410 -0.008612 0.026558 0.026247 -0.005257 0.026122 0.024399 0.024732 0.021610 0.021405 0.006611 -0.001643 -0.007678 0.000000 0.000000 0.000000 0.000000 0.000000 0.000000 0.000000 0.000000 0.000000 0.000000 0.000000 0.000000 0.000000 0.000000
0.008319 0.008088 0.000461 0.001165 0.001240 0.000859 0.008055 0.007677 -0.006206 0.002337 -0.010232 0.009336 0.007673 0.009669 0.006494 0.001477 0.004745 0.002343 -0.007777 0.002301 0.000031 0.001403 -0.021599 0.000566 0.004155 0.003530 0.001432 0.013804 0.001180 0.001152 0.009391 0.004511 -0.001240 0.000616 -0.001181 0.001224 0.000000 0.000000 0.000000 0.000000 0.000000 0.000000 0.000000 0.000000 0.000000 0.000000 0.000000 0.000000 0.000000 0.000000
