0.015178 0.021692 0.006352 -0.002980 0.006194 0.003936 -0.021897 0.015931 0.018056 -0.019920 -0.011522 0.005859 0.003781 -0.019507 0.001455 -0.006312 -0.017661 0.010729 -0.017575 0.006732 -0.005180 -0.000069 0.008882 0.012039 0.012848 0.009514 0.012434 0.004345 0.004161 0.003869 0.008546 0.003432 0.003047 0.002912 0.003555 0.008693 0.006701 0.005144 0.007831 0.006104 -0.001037 0.006840 0.002761 0.002522 0.002210 -0.001624 0.004255 -0.002988 -0.001629 -0.001102
-0.004100 0.004145 -0.030438 -0.026092 -0.029720 -0.029096 -0.028599 -0.029165 -0.026390 -0.027597 -0.022610 -0.020392 -0.016640 0.026198 0.002286 0.005509 0.035130 0.038750 0.039974 0.042772 0.043516 0.045002 0.045751 0.005794 0.030735 0.042658 0.041882 0.040280 0.038390 0.036720 0.035331 0.014859 0.014022 0.013276 0.013124 0.011519 0.004013 0.004127 0.023914 0.015408 0.004119 0.004043 0.019903 0.011883 0.010539 0.008799 0.004469 0.000727 0.003746 -0.000033
-0.029316 -0.014205 -0.015664 -0.013579 -0.011738 -0.017588 -0.015936 -0.016294 -0.013963 -0.011091 -0.007347 -0.002761 0.002335 0.008000 0.014046 0.020710 0.026479 0.032494 0.038411 0.043037 0.047933 0.050944 0.053815 0.055628 0.055432 0.055686 0.054576 0.052653 0.050501 0.048240 0.045545 0.042992 0.040418 0.038023 0.035873 0.033900 0.032433 0.031119 0.030104 0.029089 0.028084 0.026754 0.025071 0.022635 0.019787 0.015622 0.015548 0.013192 0.006992 -0.002235
-0.010489 -0.022577 -0.018102 -0.008850 -0.013304 -0.016659 -0.016775 -0.017119 -0.013963 -0.011822 -0.006666 -0.002772 0.003767 0.009195 0.016211 0.021442 0.028759 0.035383 0.040201 0.045911 0.049517 0.053391 0.055863 0.056190 0.058035 0.056960 0.055379 0.054163 0.051847 0.049178 0.046661 0.043806 0.041472 0.038752 0.036808 0.034833 0.033124 0.031966 0.030789 0.029897 0.028804 0.027464 0.025809 0.023046 0.020327 0.016312 0.011945 0.017082 0.012977 -0.000558
-0.001559 -0.021739 -0.019376 -0.016832 -0.021595 -0.023334 -0.023940 -0.023757 -0.020265 -0.016793 -0.011206 -0.005025 0.002800 0.010984 0.019281 0.028107 0.036968 0.046034 0.053150 0.061366 0.066698 0.071824 0.075321 0.077279 0.078299 0.076913 0.076172 0.073150 0.070155 0.066532 0.062735 0.059099 0.055278 0.052211 0.049013 0.046734 0.044409 0.042779 0.041448 0.040333 0.039232 0.038090 0.035698 0.032604 0.028210 0.023748 0.017740 0.017854 0.002112 0.000493
-0.006619 -0.023764 -0.022034 -0.020142 -0.027574 -0.031082 -0.032211 -0.032557 -0.027644 -0.024461 -0.015904 -0.008220 0.002116 0.012569 0.023718 0.035063 0.046133 0.057120 0.067056 0.076441 0.084837 0.090752 0.095480 0.097804 0.098256 0.097338 0.095382 0.091593 0.087411 0.082467 0.077629 0.072525 0.068044 0.063449 0.060032 0.056434 0.054281 0.052137 0.051019 0.050264 0.049362 0.048293 0.045865 0.041250 0.035947 0.029554 0.021603 0.021911 0.017779 0.001330
0.005199 -0.024038 -0.028116 -0.028376 -0.037571 -0.041082 -0.043724 -0.041687 -0.038612 -0.032889 -0.023323 -0.012368 0.000474 0.013948 0.028039 0.042252 0.056179 0.069758 0.082329 0.094049 0.103813 0.112026 0.117814 0.120808 0.121858 0.119909 0.116552 0.111611 0.105821 0.099513 0.093122 0.086834 0.081008 0.075608 0.070997 0.067077 0.063942 0.061998 0.060564 0.060669 0.059959 0.060152 0.057872 0.052440 0.045192 0.037035 0.027502 0.026458 0.017712 0.003631
0.035578 -0.029559 -0.035909 -0.036194 -0.047715 -0.053819 -0.057525 -0.056341 -0.052545 -0.043476 -0.031912 -0.017678 -0.001948 0.014818 0.032002 0.049399 0.066416 0.082930 0.098433 0.112641 0.124959 0.134954 0.142390 0.146505 0.146859 0.143938 0.138886 0.132074 0.124330 0.116153 0.107987 0.100125 0.092852 0.086320 0.080694 0.076184 0.072525 0.070849 0.069414 0.070916 0.071591 0.073956 0.071741 0.064167 0.055169 0.044294 0.033140 0.032231 0.021231 0.004792
-0.003054 -0.034796 -0.046123 -0.046786 -0.061974 -0.069902 -0.075055 -0.074801 -0.069010 -0.057565 -0.042680 -0.024696 -0.005301 0.015297 0.036070 0.057028 0.077519 0.097405 0.116343 0.133618 0.149133 0.161328 0.170418 0.174912 0.174359 0.170063 0.162756 0.153649 0.143497 0.133070 0.122810 0.113110 0.104219 0.096301 0.089540 0.084086 0.080020 0.077753 0.077197 0.079125 0.082132 0.089085 0.090255 0.080436 0.066902 0.053133 0.038366 0.036735 0.020089 0.003474
-0.007129 -0.010820 -0.058999 -0.060283 -0.079327 -0.089986 -0.097487 -0.097266 -0.089835 -0.074991 -0.056239 -0.033577 -0.009860 0.015206 0.039956 0.064881 0.089135 0.112795 0.135514 0.156584 0.175766 0.191043 0.202701 0.207941 0.205713 0.198962 0.188431 0.176121 0.162832 0.149640 0.136917 0.125144 0.114476 0.105077 0.097067 0.090669 0.085917 0.083699 0.084057 0.089234 0.098848 0.131169 0.160839 0.125795 0.109627 0.082811 0.056711 0.042596 0.017404 0.002543
0.029075 -0.053674 -0.074649 -0.076541 -0.100870 -0.115775 -0.126247 -0.126863 -0.117236 -0.097282 -0.072963 -0.044250 -0.015192 0.015015 0.044071 0.073256 0.101486 0.129246 0.156266 0.181844 0.205955 0.225302 0.240449 0.246407 0.241982 0.231536 0.216554 0.199874 0.182574 0.166005 0.150410 0.136253 0.123563 0.112431 0.102923 0.095059 0.089111 0.085300 0.084772 0.088627 0.101408 0.152070 0.247837 0.138640 0.093834 0.082435 0.069815 0.035389 0.030622 0.006631
-0.007220 -0.066718 -0.093423 -0.096357 -0.127018 -0.148097 -0.162846 -0.165864 -0.152906 -0.125148 -0.093545 -0.056834 -0.021641 0.014760 0.048392 0.082158 0.114485 0.146701 0.178540 0.209582 0.240120 0.265334 0.286994 0.292671 0.284525 0.267383 0.245851 0.223649 0.201428 0.181101 0.162334 0.145739 0.131013 0.118206 0.107129 0.097879 0.090113 0.085054 0.080470 0.081915 0.082886 0.069108 0.032283 0.179096 0.084329 0.089159 0.049715 0.028068 0.026195 0.007146
0.012915 -0.036674 -0.115323 -0.119700 -0.158542 -0.189665 -0.211424 -0.218008 -0.200153 -0.158836 -0.116742 -0.069374 -0.026482 0.015932 0.053855 0.091880 0.127862 0.164421 0.201141 0.238734 0.277226 0.311526 0.342243 0.353203 0.336673 0.310167 0.277780 0.248343 0.219823 0.194967 0.172687 0.153492 0.136683 0.122103 0.109438 0.098256 0.088653 0.079685 0.072195 0.062910 0.056628 0.013613 -0.007333 0.000000 0.000000 0.000000 0.000000 0.000000 0.000000 0.000000
0.001894 -0.050438 -0.141779 -0.148810 -0.196463 -0.240258 -0.274019 -0.290946 -0.263614 -0.200512 -0.142484 -0.079322 -0.030160 0.020137 0.061677 0.102791 0.141885 0.182539 0.224196 0.269798 0.319035 0.365500 0.417501 0.430936 0.397195 0.355472 0.310517 0.269462 0.234120 0.205015 0.179617 0.158400 0.139970 0.124160 0.110206 0.097974 0.086508 0.076236 0.064972 0.053923 0.039390 0.001806 0.000298 0.000000 0.000000 0.000000 0.000000 0.000000 0.000000 0.000000
0.006286 -0.065188 -0.168016 -0.173410 -0.241737 -0.301328 -0.362216 -0.402767 -0.355250 -0.252394 -0.163714 -0.090346 -0.028106 0.025325 0.070116 0.114055 0.154249 0.197839 0.243420 0.297920 0.358124 0.426099 0.516023 0.544037 0.484588 0.409797 0.339090 0.288700 0.245363 0.211849 0.183592 0.160654 0.140983 0.124212 0.109433 0.096080 0.083874 0.071715 0.060217 0.046129 0.032299 -0.010057 -0.009811 0.000000 0.000000 0.000000 0.000000 0.000000 0.000000 0.000000
-0.011839 -0.083597 -0.206360 -0.196565 -0.274268 -0.353407 -0.453540 -0.599773 -0.500271 -0.306186 -0.187193 -0.082062 -0.016709 0.038498 0.084345 0.127047 0.166705 0.211059 0.260966 0.318609 0.397353 0.491451 0.659827 0.730899 0.556539 0.441268 0.351119 0.292472 0.244685 0.210149 0.181247 0.158486 0.138771 0.122043 0.107046 0.093487 0.080569 0.068140 0.055281 0.041454 0.027867 0.017444 0.023397 0.000000 0.000000 0.000000 0.000000 0.000000 0.000000 0.000000
-0.020051 -0.078196 -0.203488 -0.277764 -0.315876 -0.493434 -0.848783 -0.981902 -0.761332 -0.316031 -0.153918 -0.058370 0.010418 0.063349 0.104554 0.141791 0.175812 0.216090 0.260446 0.321633 0.399660 0.536945 0.995724 1.715134 0.763711 0.458003 0.350773 0.287679 0.237563 0.203349 0.174958 0.153104 0.134144 0.118007 0.103409 0.089950 0.077177 0.064387 0.051822 0.037800 0.024772 0.009834 0.007130 0.000000 0.000000 0.000000 0.000000 0.000000 0.000000 0.000000
-0.077189 -0.107227 -0.187836 -0.283792 -0.436001 -0.487611 0.020415 0.342243 0.258135 -0.178235 -0.073904 0.007827 0.046921 0.099701 0.121273 0.159466 0.181758 0.215467 0.253523 0.299502 0.368978 0.475766 0.156131 -0.211989 0.282430 0.341261 0.270500 0.240269 0.205970 0.183249 0.160687 0.142864 0.126362 0.111971 0.098474 0.085791 0.073399 0.061008 0.048563 0.035197 0.022878 0.024292 -0.004527 0.000000 0.000000 0.000000 0.000000 0.000000 0.000000 0.000000
0.000000 0.000000 0.000000 0.000000 0.000000 0.000000 0.000000 0.505661 0.477238 0.124164 0.125165 0.128866 0.121072 0.144544 0.148236 0.170181 0.181761 0.201176 0.212759 0.231454 0.231280 0.251323 0.039240 -0.005579 0.073525 0.217178 0.203507 0.194607 0.175058 0.161151 0.144373 0.130698 0.117065 0.104800 0.092853 0.081245 0.069635 0.057774 0.045853 0.033007 0.021133 0.013225 -0.002626 0.000000 0.000000 0.000000 0.000000 0.000000 0.000000 0.000000
0.000000 0.000000 0.000000 0.000000 0.000000 0.000000 0.000000 0.489855 0.459676 0.292002 0.207678 0.209854 0.167018 0.183812 0.170905 0.184279 0.184145 0.193116 0.194756 0.197617 0.185222 0.163731 0.034148 0.007172 0.037407 0.138602 0.146989 0.152689 0.144862 0.137911 0.127161 0.117452 0.106989 0.097101 0.086943 0.076690 0.065969 0.054847 0.043412 0.031378 0.019619 0.007453 -0.001405 0.000000 0.000000 0.000000 0.000000 0.000000 0.000000 0.000000
0.000000 0.000000 0.000000 0.000000 0.000000 0.000000 0.000000 0.548171 0.493185 0.367066 0.278933 0.259149 0.214187 0.216224 0.193597 0.196753 0.185654 0.185464 0.174088 0.167364 0.139538 0.116555 0.005048 0.001067 0.023904 0.098171 0.106589 0.120608 0.118313 0.116642 0.110393 0.104239 0.096835 0.089349 0.081261 0.072449 0.062673 0.052336 0.041416 0.029890 0.018559 -0.003717 0.003174 0.000000 0.000000 0.000000 0.000000 0.000000 0.000000 0.000000
0.000000 0.000000 0.000000 0.000000 0.000000 0.000000 0.000000 0.533495 0.510104 0.417195 0.321133 0.303374 0.244997 0.243450 0.210518 0.207448 0.188442 0.179985 0.162919 0.145348 0.116449 0.083373 -0.013044 0.000109 0.015883 0.070238 0.083589 0.094986 0.097455 0.098370 0.095596 0.092023 0.087284 0.082322 0.076252 0.069020 0.060069 0.050319 0.039928 0.028828 0.017980 0.000821 0.000083 0.000000 0.000000 0.000000 0.000000 0.000000 0.000000 0.000000
0.000000 0.000000 0.000000 0.000000 0.000000 0.000000 0.000000 0.499092 0.520017 0.436790 0.351491 0.331909 0.271734 0.264452 0.226052 0.216851 0.191329 0.177273 0.153995 0.132457 0.101853 0.066243 -0.008678 0.001240 0.011431 0.053230 0.062147 0.076378 0.079451 0.082541 0.081989 0.080689 0.078599 0.076075 0.072736 0.066886 0.058399 0.049195 0.038907 0.028159 0.017379 0.006531 0.000712 0.000000 0.000000 0.000000 0.000000 0.000000 0.000000 0.000000
0.000000 0.000000 0.000000 0.000000 0.000000 0.000000 0.000000 0.559506 0.533952 0.452139 0.369816 0.353696 0.289528 0.280488 0.237439 0.224392 0.194345 0.175779 0.149217 0.123950 0.093430 0.059466 -0.012001 0.000685 0.009484 0.040132 0.049597 0.060344 0.065462 0.069077 0.070475 0.070389 0.070673 0.071552 0.070640 0.066507 0.058001 0.048514 0.038628 0.027658 0.017602 0.008307 0.003077 0.000000 0.000000 0.000000 0.000000 0.000000 0.000000 0.000000
0.000000 0.000000 0.000000 0.000000 0.000000 0.000000 0.000000 0.535787 0.536557 0.459390 0.383100 0.367801 0.303675 0.292656 0.247002 0.230823 0.197458 0.175879 0.146294 0.119437 0.087095 0.055306 0.004102 0.012209 0.006889 0.031289 0.038969 0.049071 0.053422 0.057407 0.059468 0.060330 0.063086 0.066599 0.072523 0.069132 0.058666 0.048992 0.038151 0.027365 0.017204 0.009291 0.000768 0.000000 0.000000 0.000000 0.000000 0.000000 0.000000 0.000000
0.000000 0.000000 0.000000 0.000000 0.000000 0.000000 0.000000 0.526973 0.495725 0.465465 0.391683 0.378485 0.313473 0.301732 0.254169 0.235885 0.200272 0.176358 0.145085 0.116475 0.084584 0.051404 -0.019486 0.009605 0.012743 0.024539 0.031111 0.039240 0.044041 0.047604 0.050208 0.051281 0.055874 0.067534 0.107997 0.076723 0.060088 0.063918 0.038151 0.026854 0.015469 0.006182 0.002822 0.000000 0.000000 0.000000 0.000000 0.000000 0.000000 0.000000
0.000000 0.000000 0.000000 0.000000 0.000000 0.000000 0.000000 0.535598 0.543843 0.468932 0.398040 0.385819 0.321003 0.308567 0.259995 0.240177 0.203003 0.177601 0.144945 0.115594 0.083524 0.050039 -0.011053 0.002163 0.004873 0.019669 0.025181 0.031902 0.035951 0.038483 0.040569 0.038932 0.039821 0.023494 0.010583 0.000000 0.000000 0.000000 0.000000 0.000000 0.000000 0.000000 0.000000 0.000000 0.000000 0.000000 0.000000 0.000000 0.000000 0.000000
0.000000 0.000000 0.000000 0.000000 0.000000 0.000000 0.000000 0.525824 0.547809 0.471735 0.402272 0.391342 0.326386 0.313634 0.264407 0.243480 0.205252 0.178613 0.145111 0.114887 0.082952 0.049311 -0.020441 0.001597 0.003350 0.015803 0.020387 0.025777 0.029049 0.030934 0.031557 0.029530 0.027432 0.009843 0.002412 0.000000 0.000000 0.000000 0.000000 0.000000 0.000000 0.000000 0.000000 0.000000 0.000000 0.000000 0.000000 0.000000 0.000000 0.000000
0.000000 0.000000 0.000000 0.000000 0.000000 0.000000 0.000000 0.534815 0.548334 0.473067 0.405886 0.395183 0.330616 0.317470 0.267984 0.246333 0.207377 0.180181 0.145806 0.115596 0.083181 0.047836 -0.022254 0.003289 0.003136 0.013066 0.016928 0.021350 0.023912 0.025157 0.025434 0.022286 0.019671 0.005731 -0.002267 0.000000 0.000000 0.000000 0.000000 0.000000 0.000000 0.000000 0.000000 0.000000 0.000000 0.000000 0.000000 0.000000 0.000000 0.000000
0.000000 0.000000 0.000000 0.000000 0.000000 0.000000 0.000000 0.509208 0.556052 0.474336 0.408351 0.398199 0.333676 0.320295 0.270673 0.248338 0.209008 0.180839 0.146389 0.115078 0.083667 0.049773 -0.018274 -0.000263 0.002639 0.011136 0.014457 0.017998 0.020028 0.020846 0.020428 0.017866 0.014929 0.004205 0.001429 0.000000 0.000000 0.000000 0.000000 0.000000 0.000000 0.000000 0.000000 0.000000 0.000000 0.000000 0.000000 0.000000 0.000000 0.000000
0.000000 0.000000 0.000000 0.000000 0.000000 0.000000 0.000000 0.478680 0.562026 0.473839 0.410977 0.400186 0.336131 0.322457 0.272875 0.250216 0.210491 0.182426 0.146968 0.117176 0.083223 0.052978 0.002923 0.001393 0.002808 0.009670 0.012561 0.015768 0.017511 0.018013 0.017454 0.014644 0.012047 0.003616 0.001338 0.000000 0.000000 0.000000 0.000000 0.000000 0.000000 0.000000 0.000000 0.000000 0.000000 0.000000 0.000000 0.000000 0.000000 0.000000
0.000000 0.000000 0.000000 0.000000 0.000000 0.000000 0.000000 0.514175 0.521884 0.475041 0.413369 0.401998 0.337973 0.324024 0.274547 0.251327 0.211695 0.182445 0.147893 0.115297 0.084940 0.049587 0.001258 0.000709 0.003269 0.009339 0.011646 0.014932 0.016160 0.017564 0.013122 0.012478 0.015267 0.005432 0.000192 0.000000 0.000000 0.000000 0.000000 0.000000 0.000000 0.000000 0.000000 0.000000 0.000000 0.000000 0.000000 0.000000 0.000000 0.000000
0.000000 0.000000 0.000000 0.000000 0.000000 0.000000 0.000000 0.556028 0.540047 0.477026 0.414459 0.403702 0.339413 0.325328 0.275872 0.252437 0.212477 0.183348 0.147384 0.116190 0.080518 0.048137 -0.000612 0.000559 0.003399 0.009061 0.012585 0.014907 0.017489 0.016846 0.013079 0.013731 0.008002 0.004335 0.000846 0.000000 0.000000 0.000000 0.000000 0.000000 0.000000 0.000000 0.000000 0.000000 0.000000 0.000000 0.000000 0.000000 0.000000 0.000000
0.000000 0.000000 0.000000 0.000000 0.000000 0.000000 0.000000 0.555909 0.562597 0.477335 0.414243 0.404946 0.340260 0.326288 0.276890 0.253263 0.213242 0.184041 0.147544 0.117501 0.078678 0.053706 -0.003687 0.000000 0.000000 0.000000 0.000000 0.000000 0.000000 0.000000 0.000000 0.000000 0.000000 0.000000 0.000000 0.000000 0.000000 0.000000 0.000000 0.000000 0.000000 0.000000 0.000000 0.000000 0.000000 0.000000 0.000000 0.000000 0.000000 0.000000
0.000000 0.000000 0.000000 0.000000 0.000000 0.000000 0.000000 0.515446 0.553477 0.477548 0.415332 0.405711 0.340948 0.326856 0.277718 0.253669 0.213940 0.183702 0.148381 0.115423 0.080937 0.051361 0.005664 0.000000 0.000000 0.000000 0.000000 0.000000 0.000000 0.000000 0.000000 0.000000 0.000000 0.000000 0.000000 0.000000 0.000000 0.000000 0.000000 0.000000 0.000000 0.000000 0.000000 0.000000 0.000000 0.000000 0.000000 0.000000 0.000000 0.000000
0.000000 0.000000 0.000000 0.000000 0.000000 0.000000 0.000000 0.514493 0.544767 0.477805 0.416978 0.406568 0.341707 0.327438 0.278472 0.254361 0.214553 0.184740 0.148661 0.117291 0.080839 0.052453 0.004316 0.000000 0.000000 0.000000 0.000000 0.000000 0.000000 0.000000 0.000000 0.000000 0.000000 0.000000 0.000000 0.000000 0.000000 0.000000 0.000000 0.000000 0.000000 0.000000 0.000000 0.000000 0.000000 0.000000 0.000000 0.000000 0.000000 0.000000
0.000000 0.000000 0.000000 0.000000 0.000000 0.000000 0.000000 0.500742 0.492175 0.481172 0.415200 0.407554 0.341793 0.327750 0.278947 0.254542 0.214986 0.184447 0.149112 0.116136 0.081785 0.052282 0.000424 0.000000 0.000000 0.000000 0.000000 0.000000 0.000000 0.000000 0.000000 0.000000 0.000000 0.000000 0.000000 0.000000 0.000000 0.000000 0.000000 0.000000 0.000000 0.000000 0.000000 0.000000 0.000000 0.000000 0.000000 0.000000 0.000000 0.000000
0.000000 0.000000 0.000000 0.000000 0.000000 0.000000 0.000000 0.547075 0.534353 0.479882 0.416185 0.407792 0.342445 0.328072 0.279552 0.255032 0.215535 0.185226 0.149598 0.117171 0.082558 0.050955 -0.011695 0.000000 0.000000 0.000000 0.000000 0.000000 0.000000 0.000000 0.000000 0.000000 0.000000 0.000000 0.000000 0.000000 0.000000 0.000000 0.000000 0.000000 0.000000 0.000000 0.000000 0.000000 0.000000 0.000000 0.000000 0.000000 0.000000 0.000000
0.000000 0.000000 0.000000 0.000000 0.000000 0.000000 0.000000 0.549232 0.532473 0.482629 0.414690 0.408332 0.342439 0.328190 0.279918 0.255189 0.215864 0.185278 0.149836 0.116995 0.082799 0.050696 -0.000816 0.000000 0.000000 0.000000 0.000000 0.000000 0.000000 0.000000 0.000000 0.000000 0.000000 0.000000 0.000000 0.000000 0.000000 0.000000 0.000000 0.000000 0.000000 0.000000 0.000000 0.000000 0.000000 0.000000 0.000000 0.000000 0.000000 0.000000
0.000000 0.000000 0.000000 0.000000 0.000000 0.000000 0.000000 0.493085 0.530603 0.481126 0.416488 0.408077 0.343082 0.328304 0.280466 0.255508 0.216341 0.185776 0.150278 0.117620 0.083401 0.050735 -0.009398 0.000000 0.000000 0.000000 0.000000 0.000000 0.000000 0.000000 0.000000 0.000000 0.000000 0.000000 0.000000 0.000000 0.000000 0.000000 0.000000 0.000000 0.000000 0.000000 0.000000 0.000000 0.000000 0.000000 0.000000 0.000000 0.000000 0.000000
0.000000 0.000000 0.000000 0.000000 0.000000 0.000000 0.000000 0.517573 0.546941 0.483559 0.414333 0.408043 0.343100 0.328264 0.280806 0.255626 0.216649 0.185962 0.150446 0.117955 0.083042 0.052806 0.005255 0.000000 0.000000 0.000000 0.000000 0.000000 0.000000 0.000000 0.000000 0.000000 0.000000 0.000000 0.000000 0.000000 0.000000 0.000000 0.000000 0.000000 0.000000 0.000000 0.000000 0.000000 0.000000 0.000000 0.000000 0.000000 0.000000 0.000000
0.000000 0.000000 0.000000 0.000000 0.000000 0.000000 0.000000 0.502563 0.549491 0.480039 0.415118 0.406871 0.343357 0.328228 0.281372 0.255851 0.217101 0.186273 0.150798 0.118201 0.083213 0.052259 0.001270 0.000000 0.000000 0.000000 0.000000 0.000000 0.000000 0.000000 0.000000 0.000000 0.000000 0.000000 0.000000 0.000000 0.000000 0.000000 0.000000 0.000000 0.000000 0.000000 0.000000 0.000000 0.000000 0.000000 0.000000 0.000000 0.000000 0.000000
0.000000 0.000000 0.000000 0.000000 0.000000 0.000000 0.000000 0.545399 0.532030 0.481468 0.412172 0.406311 0.343726 0.327997 0.281605 0.255836 0.217343 0.186382 0.150989 0.118237 0.083442 0.051788 0.000410 0.000000 0.000000 0.000000 0.000000 0.000000 0.000000 0.000000 0.000000 0.000000 0.000000 0.000000 0.000000 0.000000 0.000000 0.000000 0.000000 0.000000 0.000000 0.000000 0.000000 0.000000 0.000000 0.000000 0.000000 0.000000 0.000000 0.000000
0.000000 0.000000 0.000000 0.000000 0.000000 0.000000 0.000000 0.506444 0.527451 0.479456 0.411655 0.404495 0.345145 0.327820 0.282505 0.256064 0.217950 0.186634 0.151493 0.118422 0.083653 0.051256 -0.010495 0.000000 0.000000 0.000000 0.000000 0.000000 0.000000 0.000000 0.000000 0.000000 0.000000 0.000000 0.000000 0.000000 0.000000 0.000000 0.000000 0.000000 0.000000 0.000000 0.000000 0.000000 0.000000 0.000000 0.000000 0.000000 0.000000 0.000000
0.000000 0.000000 0.000000 0.000000 0.000000 0.000000 0.000000 0.531233 0.506412 0.481245 0.410539 0.402817 0.345680 0.327521 0.282774 0.255768 0.217993 0.186589 0.151548 0.118543 0.083530 0.052741 -0.006411 0.000000 0.000000 0.000000 0.000000 0.000000 0.000000 0.000000 0.000000 0.000000 0.000000 0.000000 0.000000 0.000000 0.000000 0.000000 0.000000 0.000000 0.000000 0.000000 0.000000 0.000000 0.000000 0.000000 0.000000 0.000000 0.000000 0.000000
0.000000 0.000000 0.000000 0.000000 0.000000 0.000000 0.000000 0.550907 0.556216 0.482127 0.408649 0.401764 0.345594 0.326739 0.283955 0.256131 0.218651 0.186738 0.151785 0.118573 0.083507 0.052106 0.007776 0.000000 0.000000 0.000000 0.000000 0.000000 0.000000 0.000000 0.000000 0.000000 0.000000 0.000000 0.000000 0.000000 0.000000 0.000000 0.000000 0.000000 0.000000 0.000000 0.000000 0.000000 0.000000 0.000000 0.000000 0.000000 0.000000 0.000000
0.000000 0.000000 0.000000 0.000000 0.000000 0.000000 0.000000 0.519714 0.532567 0.482170 0.408629 0.398380 0.341204 0.324927 0.283669 0.254745 0.218403 0.186207 0.151080 0.118732 0.083646 0.054247 0.017789 0.000000 0.000000 0.000000 0.000000 0.000000 0.000000 0.000000 0.000000 0.000000 0.000000 0.000000 0.000000 0.000000 0.000000 0.000000 0.000000 0.000000 0.000000 0.000000 0.000000 0.000000 0.000000 0.000000 0.000000 0.000000 0.000000 0.000000
0.000000 0.000000 0.000000 0.000000 0.000000 0.000000 0.000000 0.521460 0.539676 0.485343 0.394909 0.403382 0.348137 0.326373 0.287197 0.255876 0.219664 0.186669 0.151717 0.117737 0.082887 0.048140 0.015753 0.000000 0.000000 0.000000 0.000000 0.000000 0.000000 0.000000 0.000000 0.000000 0.000000 0.000000 0.000000 0.000000 0.000000 0.000000 0.000000 0.000000 0.000000 0.000000 0.000000 0.000000 0.000000 0.000000 0.000000 0.000000 0.000000 0.000000
0.000000 0.000000 0.000000 0.000000 0.000000 0.000000 0.000000 0.523932 0.489998 0.449529 0.426001 0.378433 0.363402 0.329900 0.295222 0.256826 0.222074 0.175326 0.140755 0.110798 0.077008 0.040818 0.013838 0.000000 0.000000 0.000000 0.000000 0.000000 0.000000 0.000000 0.000000 0.000000 0.000000 0.000000 0.000000 0.000000 0.000000 0.000000 0.000000 0.000000 0.000000 0.000000 0.000000 0.000000 0.000000 0.000000 0.000000 0.000000 0.000000 0.000000
0.000000 0.000000 0.000000 0.000000 0.000000 0.000000 0.000000 0.523426 0.541987 0.480725 0.410432 0.388805 0.410613 0.288706 0.288167 0.221871 0.214877 0.153691 0.146310 0.092622 0.087530 0.042023 0.001113 0.000000 0.000000 0.000000 0.000000 0.000000 0.000000 0.000000 0.000000 0.000000 0.000000 0.000000 0.000000 0.000000 0.000000 0.000000 0.000000 0.000000 0.000000 0.000000 0.000000 0.000000 0.000000 0.000000 0.000000 0.000000 0.000000 0.000000
