-0.320269 -0.296675 -0.305664 -0.303396 -0.304447 -0.304943 -0.309049 -0.312906 -0.296828 -0.293035 -0.300154 -0.298365 -0.306976 -0.319557 -0.333605 -0.327947 -0.321957 -0.371388 -0.350499 -0.380336 -0.406465 -0.373175 -0.393887 -0.398074 -0.408264 -0.411970 -0.413239 -0.412353 -0.408780 -0.401972 -0.391647 -0.377170 -0.359707 -0.339840 -0.318593 -0.295110 -0.306337 -0.249309 -0.253516 -0.252133 -0.201118 -0.188676 -0.171832 -0.158445 -0.144845 -0.150777 -0.127505 -0.118527 -0.120068 -0.118625
-0.333155 -0.291040 -0.294715 -0.294009 -0.301136 -0.301152 -0.301503 -0.301496 -0.304483 -0.311848 -0.313780 -0.319069 -0.320133 -0.320689 -0.352825 -0.360380 -0.342790 -0.350855 -0.361006 -0.375301 -0.386246 -0.396055 -0.439194 -0.413128 -0.455624 -0.458395 -0.427832 -0.426808 -0.423829 -0.417810 -0.409070 -0.432812 -0.417222 -0.396402 -0.375474 -0.350228 -0.326903 -0.302472 -0.275705 -0.253465 -0.250814 -0.192735 -0.178107 -0.164290 -0.159859 -0.141509 -0.134042 -0.136234 -0.134781 -0.141495
-0.308996 -0.314809 -0.307474 -0.305946 -0.309130 -0.309380 -0.310528 -0.311291 -0.312773 -0.313931 -0.316256 -0.318442 -0.321949 -0.325798 -0.331477 -0.338022 -0.346806 -0.356973 -0.368615 -0.381393 -0.394047 -0.406447 -0.417391 -0.427007 -0.435132 -0.440977 -0.444541 -0.445534 -0.443764 -0.438686 -0.430054 -0.417476 -0.400803 -0.380563 -0.356409 -0.330069 -0.303659 -0.276927 -0.252393 -0.228911 -0.208025 -0.189307 -0.173270 -0.159032 -0.147491 -0.138574 -0.141463 -0.130229 -0.128417 -0.117603
-0.309963 -0.331780 -0.303853 -0.297056 -0.298742 -0.296109 -0.299269 -0.297699 -0.301500 -0.301531 -0.305152 -0.305763 -0.310901 -0.313330 -0.320133 -0.325189 -0.335050 -0.345422 -0.355095 -0.369921 -0.381829 -0.395202 -0.406223 -0.416144 -0.424809 -0.431378 -0.434444 -0.435598 -0.434184 -0.429194 -0.422565 -0.408763 -0.395702 -0.372766 -0.353774 -0.323661 -0.301055 -0.273843 -0.246996 -0.222397 -0.205732 -0.184439 -0.167731 -0.156655 -0.141463 -0.137601 -0.125106 -0.125104 -0.126799 -0.089781
-0.316387 -0.321487 -0.309100 -0.303949 -0.313412 -0.306143 -0.313429 -0.308602 -0.313672 -0.311188 -0.315797 -0.314497 -0.319526 -0.321050 -0.328261 -0.332672 -0.342859 -0.354402 -0.366413 -0.385635 -0.397848 -0.414853 -0.427190 -0.439346 -0.448884 -0.455726 -0.460952 -0.463481 -0.462966 -0.458524 -0.451113 -0.437652 -0.420891 -0.399015 -0.370848 -0.343097 -0.310866 -0.280494 -0.253892 -0.230340 -0.206525 -0.185301 -0.171465 -0.155070 -0.145189 -0.134553 -0.126832 -0.124371 -0.118986 -0.084919
-0.273125 -0.323682 -0.304281 -0.302103 -0.301316 -0.302199 -0.301786 -0.303220 -0.303027 -0.305000 -0.304922 -0.306898 -0.308580 -0.311214 -0.314656 -0.320039 -0.328964 -0.341257 -0.356479 -0.374898 -0.392623 -0.409956 -0.424703 -0.437721 -0.448323 -0.456610 -0.462576 -0.466215 -0.467102 -0.464036 -0.457513 -0.444531 -0.427092 -0.403208 -0.371915 -0.337749 -0.304013 -0.269848 -0.240775 -0.213891 -0.189610 -0.169118 -0.155252 -0.139437 -0.129679 -0.120301 -0.112673 -0.112706 -0.108694 -0.102660
-0.281204 -0.322823 -0.304948 -0.303352 -0.307778 -0.303411 -0.306887 -0.303792 -0.304802 -0.305039 -0.305624 -0.306381 -0.307934 -0.309259 -0.312569 -0.315356 -0.324867 -0.338182 -0.357111 -0.379950 -0.401646 -0.422246 -0.439182 -0.453867 -0.466002 -0.475708 -0.483520 -0.488841 -0.491678 -0.490412 -0.485432 -0.473464 -0.454553 -0.426459 -0.388772 -0.343730 -0.302676 -0.264157 -0.231334 -0.202759 -0.178943 -0.159903 -0.143289 -0.129934 -0.119011 -0.110654 -0.103530 -0.102949 -0.094386 -0.075363
-0.292541 -0.323967 -0.303243 -0.302444 -0.301194 -0.302715 -0.301682 -0.302999 -0.303069 -0.302892 -0.302499 -0.301556 -0.300289 -0.299000 -0.297271 -0.298167 -0.305233 -0.320914 -0.343904 -0.373653 -0.402912 -0.428310 -0.447278 -0.464081 -0.477029 -0.488355 -0.497669 -0.504974 -0.510717 -0.512233 -0.510712 -0.500524 -0.482578 -0.450392 -0.401172 -0.341947 -0.292793 -0.248264 -0.212935 -0.183098 -0.159241 -0.139681 -0.124400 -0.111744 -0.101771 -0.094455 -0.088030 -0.087658 -0.080077 -0.070237
-0.301850 -0.321218 -0.302793 -0.302225 -0.303255 -0.302695 -0.303526 -0.302959 -0.303155 -0.302271 -0.301793 -0.299319 -0.296664 -0.292508 -0.290094 -0.281652 -0.290038 -0.306195 -0.336113 -0.376532 -0.415347 -0.444595 -0.464294 -0.481818 -0.495363 -0.507749 -0.518883 -0.528645 -0.538125 -0.543881 -0.547899 -0.542210 -0.528028 -0.493670 -0.426925 -0.347456 -0.280787 -0.229849 -0.191440 -0.162528 -0.139484 -0.121704 -0.107206 -0.096058 -0.086757 -0.080503 -0.075508 -0.075044 -0.066275 -0.052064
-0.361752 -0.320898 -0.301419 -0.300947 -0.301478 -0.301556 -0.301804 -0.301771 -0.301632 -0.300515 -0.299113 -0.295315 -0.288323 -0.281515 -0.266681 -0.249454 -0.249591 -0.267491 -0.306595 -0.366748 -0.424021 -0.462355 -0.480269 -0.499936 -0.512427 -0.525664 -0.538547 -0.551182 -0.565478 -0.576760 -0.589712 -0.590405 -0.586160 -0.550910 -0.450866 -0.330182 -0.252574 -0.194706 -0.158355 -0.129778 -0.109368 -0.093518 -0.081591 -0.072381 -0.065258 -0.061151 -0.055848 -0.054550 -0.049769 -0.055317
-0.280605 -0.318831 -0.300656 -0.300366 -0.301125 -0.301105 -0.301696 -0.301611 -0.301575 -0.300659 -0.299001 -0.294540 -0.288850 -0.250560 -0.186200 -0.166963 -0.142690 -0.163782 -0.241438 -0.460051 -0.518211 -0.497042 -0.508838 -0.521795 -0.532502 -0.545000 -0.559478 -0.575112 -0.594946 -0.614796 -0.640259 -0.660306 -0.678650 -0.716318 -0.361387 -0.207336 -0.137316 -0.093667 -0.078912 -0.056272 -0.069966 -0.046409 -0.044394 -0.038188 -0.024986 -0.031943 -0.030294 -0.022035 -0.028843 -0.018667
-0.363258 -0.316226 -0.299336 -0.299125 -0.299885 -0.300220 -0.300933 -0.301261 -0.301631 -0.301194 -0.300665 -0.297161 -0.295294 -0.287711 -0.090707 -0.069134 -0.058230 -0.054877 -0.022098 -0.727157 -0.579923 -0.547180 -0.542988 -0.546796 -0.551878 -0.562349 -0.577609 -0.596298 -0.622512 -0.650709 -0.694145 -0.737053 -0.797388 -1.275512 -1.304508 0.102528 -0.033974 0.002753 -0.023603 -0.019223 -0.014805 0.011351 -0.032812 -0.027744 -0.005411 -0.014244 -0.016702 -0.005410 -0.005157 -0.004752
-0.371645 -0.315883 -0.298176 -0.297793 -0.298922 -0.299556 -0.300604 -0.301493 -0.302285 -0.303250 -0.303194 -0.302782 -0.300640 -0.330717 -0.355984 -0.016854 -0.019623 0.001346 -0.007051 -0.846691 -0.669460 -0.593483 -0.574019 -0.566083 -0.567505 -0.575604 -0.591353 -0.612629 -0.644254 -0.682452 -0.739736 -0.814204 -0.925836 -1.361300 -1.037277 0.163912 -0.002406 -0.005050 -0.019804 -0.012345 -0.006770 -0.007197 -0.015321 -0.003761 -0.003951 -0.006567 -0.001565 -0.002726 -0.000101 -0.003754
-0.286007 -0.314058 -0.296752 -0.296411 -0.297672 -0.298694 -0.300123 -0.301590 -0.303073 -0.304980 -0.306266 -0.307178 -0.311370 -0.332788 -0.353438 0.000000 0.000000 0.000000 0.000000 -0.785521 -0.675003 -0.597921 -0.589388 -0.571618 -0.574437 -0.580808 -0.597003 -0.618793 -0.651926 -0.693448 -0.753564 -0.836305 -0.941263 -1.015640 -1.176343 0.000000 0.000000 0.000000 0.000000 0.000000 0.000000 0.000000 0.000000 0.000000 0.000000 0.000000 0.000000 0.000000 0.000000 0.000000
-0.286054 -0.311751 -0.295073 -0.294816 -0.296265 -0.297676 -0.299532 -0.301484 -0.303612 -0.305811 -0.308072 -0.309715 -0.313699 -0.334199 -0.317445 0.000000 0.000000 0.000000 0.000000 -0.626904 -0.625298 -0.586174 -0.575331 -0.569887 -0.570028 -0.579219 -0.594425 -0.616005 -0.647500 -0.684034 -0.738606 -0.799181 -0.874731 -0.925700 -0.220625 0.000000 0.000000 0.000000 0.000000 0.000000 0.000000 0.000000 0.000000 0.000000 0.000000 0.000000 0.000000 0.000000 0.000000 0.000000
-0.269438 -0.309139 -0.293041 -0.292823 -0.294567 -0.296408 -0.298755 -0.301389 -0.304147 -0.307415 -0.310047 -0.313839 -0.315493 -0.337050 -0.339491 0.000000 0.000000 0.000000 0.000000 -0.588123 -0.585216 -0.569686 -0.556038 -0.559188 -0.559459 -0.570090 -0.584675 -0.605323 -0.633931 -0.666240 -0.711552 -0.756603 -0.807123 -0.801175 -0.325073 0.000000 0.000000 0.000000 0.000000 0.000000 0.000000 0.000000 0.000000 0.000000 0.000000 0.000000 0.000000 0.000000 0.000000 0.000000
-0.283462 -0.306076 -0.290580 -0.290410 -0.292469 -0.294745 -0.297665 -0.300862 -0.304579 -0.308221 -0.312722 -0.315589 -0.321382 -0.333392 -0.346728 0.000000 0.000000 0.000000 0.000000 -0.570314 -0.552759 -0.541547 -0.534437 -0.540998 -0.543507 -0.555010 -0.569128 -0.588402 -0.613547 -0.641143 -0.676930 -0.710528 -0.741814 -0.739704 -0.246552 0.000000 0.000000 0.000000 0.000000 0.000000 0.000000 0.000000 0.000000 0.000000 0.000000 0.000000 0.000000 0.000000 0.000000 0.000000
-0.286467 -0.302497 -0.287610 -0.287489 -0.289875 -0.292659 -0.296186 -0.300162 -0.304739 -0.309534 -0.314916 -0.319693 -0.324520 -0.335751 -0.353798 0.000000 0.000000 0.000000 0.000000 -0.552147 -0.491110 -0.507583 -0.513100 -0.517031 -0.524129 -0.534709 -0.548960 -0.566448 -0.588161 -0.611526 -0.639198 -0.664199 -0.684559 -0.678151 -0.263216 0.000000 0.000000 0.000000 0.000000 0.000000 0.000000 0.000000 0.000000 0.000000 0.000000 0.000000 0.000000 0.000000 0.000000 0.000000
-0.323599 -0.277763 -0.284003 -0.283862 -0.286660 -0.289949 -0.294099 -0.298897 -0.304295 -0.310394 -0.316327 -0.323484 -0.327669 -0.351676 -0.346477 0.000000 0.000000 0.000000 0.000000 -0.507707 -0.466565 -0.474894 -0.489853 -0.490244 -0.501137 -0.510947 -0.525324 -0.541239 -0.560063 -0.579974 -0.601438 -0.620479 -0.633630 -0.617462 -0.207794 0.000000 0.000000 0.000000 0.000000 0.000000 0.000000 0.000000 0.000000 0.000000 0.000000 0.000000 0.000000 0.000000 0.000000 0.000000
-0.316791 -0.272750 -0.279620 -0.279567 -0.282714 -0.286524 -0.291396 -0.297010 -0.303704 -0.310762 -0.319125 -0.326241 -0.335188 -0.362617 -0.367632 0.000000 0.000000 0.000000 0.000000 -0.454422 -0.459978 -0.441045 -0.458783 -0.462155 -0.474190 -0.484954 -0.498894 -0.513834 -0.530114 -0.547056 -0.563398 -0.577036 -0.586439 -0.576101 -0.159150 0.000000 0.000000 0.000000 0.000000 0.000000 0.000000 0.000000 0.000000 0.000000 0.000000 0.000000 0.000000 0.000000 0.000000 0.000000
-0.302389 -0.266837 -0.274458 -0.274455 -0.277924 -0.282236 -0.287791 -0.294385 -0.302202 -0.311059 -0.320876 -0.331211 -0.340464 -0.373865 -0.363721 0.000000 0.000000 0.000000 0.000000 -0.409640 -0.407957 -0.411698 -0.423735 -0.433464 -0.444902 -0.457438 -0.470816 -0.485237 -0.499597 -0.514608 -0.527919 -0.539501 -0.543832 -0.538933 -0.183614 0.000000 0.000000 0.000000 0.000000 0.000000 0.000000 0.000000 0.000000 0.000000 0.000000 0.000000 0.000000 0.000000 0.000000 0.000000
-0.240679 -0.278674 -0.268198 -0.268144 -0.272019 -0.276773 -0.282978 -0.290446 -0.299526 -0.309957 -0.322192 -0.334916 -0.348871 -0.399380 -0.408984 0.000000 0.000000 0.000000 0.000000 -0.378388 -0.370581 -0.381882 -0.386694 -0.403751 -0.414264 -0.429081 -0.442073 -0.456400 -0.469389 -0.483044 -0.493906 -0.504255 -0.508371 -0.493102 -0.009178 0.000000 0.000000 0.000000 0.000000 0.000000 0.000000 0.000000 0.000000 0.000000 0.000000 0.000000 0.000000 0.000000 0.000000 0.000000
-0.263572 -0.251790 -0.260870 -0.260941 -0.264957 -0.270145 -0.276933 -0.285371 -0.295829 -0.308521 -0.323810 -0.341549 -0.361621 -0.419464 -0.426727 0.000000 0.000000 0.000000 0.000000 -0.332958 -0.318743 -0.342181 -0.350523 -0.370699 -0.383753 -0.399841 -0.413281 -0.427349 -0.439327 -0.451411 -0.459888 -0.466739 -0.468202 -0.465091 -0.149219 0.000000 0.000000 0.000000 0.000000 0.000000 0.000000 0.000000 0.000000 0.000000 0.000000 0.000000 0.000000 0.000000 0.000000 0.000000
-0.242313 -0.261397 -0.252378 -0.252503 -0.256521 -0.261875 -0.268922 -0.277816 -0.289128 -0.302994 -0.320918 -0.341739 -0.370306 -0.434198 -0.472420 0.000000 0.000000 0.000000 0.000000 -0.249651 -0.266817 -0.296845 -0.314998 -0.337964 -0.354312 -0.371280 -0.385570 -0.399535 -0.411235 -0.423041 -0.431371 -0.440023 -0.438489 -0.437587 -0.142723 0.000000 0.000000 0.000000 0.000000 0.000000 0.000000 0.000000 0.000000 0.000000 0.000000 0.000000 0.000000 0.000000 0.000000 0.000000
-0.244418 -0.251231 -0.242596 -0.242676 -0.246693 -0.252070 -0.259197 -0.268434 -0.280314 -0.295698 -0.316456 -0.344550 -0.383956 -0.481067 -0.503624 0.000000 0.000000 0.000000 0.000000 -0.156320 -0.243221 -0.253385 -0.282082 -0.304422 -0.326477 -0.343575 -0.359024 -0.372586 -0.383925 -0.394648 -0.402016 -0.408253 -0.408341 -0.401295 -0.143313 0.000000 0.000000 0.000000 0.000000 0.000000 0.000000 0.000000 0.000000 0.000000 0.000000 0.000000 0.000000 0.000000 0.000000 0.000000
-0.233991 -0.249166 -0.231520 -0.231586 -0.235357 -0.240391 -0.247061 -0.255794 -0.266944 -0.281300 -0.301603 -0.326430 -0.368732 -0.614702 -0.533105 -0.060298 -0.056306 0.013101 -0.039151 -0.053189 -0.193304 -0.215428 -0.250454 -0.278653 -0.301286 -0.318891 -0.334473 -0.347687 -0.358688 -0.368897 -0.375930 -0.381679 -0.378693 -0.373421 -0.248587 0.000000 0.000000 0.000000 0.000000 0.000000 0.000000 0.000000 0.000000 0.000000 0.000000 0.000000 0.000000 0.000000 0.000000 0.000000
-0.209172 -0.225955 -0.219252 -0.219294 -0.222641 -0.227048 -0.232862 -0.240448 -0.249830 -0.260618 -0.277007 -0.286830 -0.322346 -0.304420 -0.303152 -0.114190 -0.074981 -0.062553 -0.072166 -0.088359 -0.123914 -0.192953 -0.237410 -0.256836 -0.280905 -0.297168 -0.312368 -0.324697 -0.335134 -0.344583 -0.351515 -0.357362 -0.358476 -0.355472 -0.121606 0.000000 0.000000 0.000000 0.000000 0.000000 0.000000 0.000000 0.000000 0.000000 0.000000 0.000000 0.000000 0.000000 0.000000 0.000000
-0.201582 -0.212573 -0.205978 -0.205976 -0.208731 -0.212314 -0.216963 -0.222989 -0.230001 -0.237617 -0.248283 -0.253045 -0.268742 -0.273618 -0.263582 -0.197158 -0.145725 -0.122553 -0.119471 -0.140036 -0.169149 -0.184748 -0.221477 -0.241096 -0.263107 -0.278251 -0.292344 -0.303693 -0.313272 -0.321779 -0.328496 -0.332585 -0.331178 -0.336998 -0.104534 0.000000 0.000000 0.000000 0.000000 0.000000 0.000000 0.000000 0.000000 0.000000 0.000000 0.000000 0.000000 0.000000 0.000000 0.000000
-0.179356 -0.197249 -0.191866 -0.191829 -0.193856 -0.196428 -0.199740 -0.203761 -0.208565 -0.213529 -0.218761 -0.222343 -0.222992 -0.220186 -0.199973 -0.161658 -0.140325 -0.128465 -0.130425 -0.140638 -0.159934 -0.187387 -0.212994 -0.231113 -0.249214 -0.262448 -0.274703 -0.284654 -0.293021 -0.300400 -0.306121 -0.309710 -0.313821 -0.300388 -0.018576 0.000000 0.000000 0.000000 0.000000 0.000000 0.000000 0.000000 0.000000 0.000000 0.000000 0.000000 0.000000 0.000000 0.000000 0.000000
-0.166310 -0.181383 -0.177209 -0.177115 -0.178364 -0.179970 -0.181982 -0.184395 -0.187196 -0.189925 -0.193125 -0.191807 -0.196412 -0.188873 -0.187060 -0.163592 -0.151916 -0.145979 -0.148072 -0.159177 -0.174471 -0.190539 -0.208636 -0.222863 -0.237467 -0.248699 -0.258792 -0.267127 -0.273901 -0.279819 -0.283604 -0.284852 -0.285437 -0.274747 -0.085903 0.000000 0.000000 0.000000 0.000000 0.000000 0.000000 0.000000 0.000000 0.000000 0.000000 0.000000 0.000000 0.000000 0.000000 0.000000
-0.159868 -0.167012 -0.162132 -0.161979 -0.162433 -0.163009 -0.163655 -0.164334 -0.165077 -0.165390 -0.165744 -0.164340 -0.160388 -0.158182 -0.150725 -0.142137 -0.138975 -0.139523 -0.147070 -0.158384 -0.173561 -0.188912 -0.203931 -0.216276 -0.227536 -0.236642 -0.244549 -0.251213 -0.256553 -0.261652 -0.264703 -0.268350 -0.268752 -0.252879 -0.079733 0.000000 0.000000 0.000000 0.000000 0.000000 0.000000 0.000000 0.000000 0.000000 0.000000 0.000000 0.000000 0.000000 0.000000 0.000000
-0.145517 -0.152734 -0.146965 -0.146893 -0.146433 -0.146073 -0.145467 -0.144674 -0.143739 -0.142252 -0.140971 -0.138177 -0.136434 -0.132665 -0.133035 -0.130351 -0.133732 -0.138993 -0.150309 -0.164473 -0.178839 -0.191578 -0.202682 -0.211855 -0.219741 -0.226172 -0.231576 -0.236183 -0.239650 -0.242947 -0.243917 -0.244885 -0.242385 -0.240539 -0.056680 0.000000 0.000000 0.000000 0.000000 0.000000 0.000000 0.000000 0.000000 0.000000 0.000000 0.000000 0.000000 0.000000 0.000000 0.000000
-0.131183 -0.136133 -0.131894 -0.131850 -0.130544 -0.129218 -0.127337 -0.125003 -0.122214 -0.118685 -0.115002 -0.110465 -0.106595 -0.103331 -0.103498 -0.106830 -0.115611 -0.126713 -0.142855 -0.161692 -0.179430 -0.192280 -0.201234 -0.208071 -0.212772 -0.216617 -0.219546 -0.222157 -0.224220 -0.226509 -0.228243 -0.229293 -0.225306 -0.223368 -0.067711 0.000000 0.000000 0.000000 0.000000 0.000000 0.000000 0.000000 0.000000 0.000000 0.000000 0.000000 0.000000 0.000000 0.000000 0.000000
-0.107422 -0.120122 -0.117157 -0.116964 -0.115065 -0.112811 -0.109767 -0.106004 -0.101528 -0.096033 -0.090375 -0.083455 -0.078799 -0.073109 -0.077922 -0.086058 -0.100648 -0.118197 -0.141996 -0.169433 -0.189105 -0.200347 -0.203960 -0.207079 -0.207440 -0.208116 -0.208160 -0.208490 -0.208807 -0.209593 -0.210584 -0.211942 -0.213834 -0.195520 -0.095358 0.000000 0.000000 0.000000 0.000000 0.000000 0.000000 0.000000 0.000000 0.000000 0.000000 0.000000 0.000000 0.000000 0.000000 0.000000
-0.142679 -0.106104 -0.102954 -0.102648 -0.100171 -0.097053 -0.092880 -0.087691 -0.081381 -0.073662 -0.065073 -0.054838 -0.045377 -0.037224 -0.039120 -0.054141 -0.075056 -0.097351 -0.126653 -0.166210 -0.198069 -0.209445 -0.207659 -0.207177 -0.202526 -0.199707 -0.196695 -0.194578 -0.192836 -0.191127 -0.188957 -0.185663 -0.178322 -0.183797 -0.056822 0.000000 0.000000 0.000000 0.000000 0.000000 0.000000 0.000000 0.000000 0.000000 0.000000 0.000000 0.000000 0.000000 0.000000 0.000000
-0.081211 -0.092571 -0.089497 -0.089173 -0.086118 -0.082232 -0.077027 -0.070514 -0.062387 -0.052297 -0.040263 -0.025833 -0.011581 0.006768 -0.002334 -0.021263 -0.051466 -0.083060 -0.130259 -0.198310 -0.232068 -0.235581 -0.215242 -0.209338 -0.197920 -0.191134 -0.184902 -0.180448 -0.177374 -0.174877 -0.174049 -0.172470 -0.168366 -0.164797 -0.051362 0.000000 0.000000 0.000000 0.000000 0.000000 0.000000 0.000000 0.000000 0.000000 0.000000 0.000000 0.000000 0.000000 0.000000 0.000000
-0.070632 -0.090049 -0.076955 -0.076641 -0.073104 -0.068636 -0.062616 -0.055033 -0.045368 -0.032996 -0.017637 0.002339 0.026973 0.081216 0.031937 -0.011267 -0.042991 -0.062952 -0.126527 -0.265608 -0.290761 -0.264772 -0.229098 -0.210420 -0.192171 -0.180646 -0.171703 -0.165189 -0.160885 -0.156527 -0.153930 -0.149363 -0.147766 -0.148440 -0.046718 0.000000 0.000000 0.000000 0.000000 0.000000 0.000000 0.000000 0.000000 0.000000 0.000000 0.000000 0.000000 0.000000 0.000000 0.000000
-0.060943 -0.077655 -0.065475 -0.065154 -0.061314 -0.056441 -0.049838 -0.041532 -0.030516 -0.016701 0.001634 0.026378 0.062375 0.113421 0.044385 0.019059 -0.017316 -0.003803 0.068061 -0.581103 -0.374871 -0.285136 -0.239293 -0.206159 -0.183428 -0.167415 -0.156281 -0.147728 -0.142383 -0.136311 -0.134375 -0.127346 -0.127577 -0.120434 -0.037753 0.000000 0.000000 0.000000 0.000000 0.000000 0.000000 0.000000 0.000000 0.000000 0.000000 0.000000 0.000000 0.000000 0.000000 0.000000
-0.084180 -0.068482 -0.055153 -0.054829 -0.050884 -0.045878 -0.039174 -0.030740 -0.019715 -0.005614 0.012406 0.036245 0.069244 0.161580 0.179345 0.000000 0.000000 0.000000 0.000000 -0.529172 -0.377063 -0.259334 -0.221976 -0.182590 -0.164196 -0.146984 -0.136586 -0.128216 -0.123387 -0.118484 -0.117337 -0.112952 -0.117878 -0.101193 -0.025095 0.000000 0.000000 0.000000 0.000000 0.000000 0.000000 0.000000 0.000000 0.000000 0.000000 0.000000 0.000000 0.000000 0.000000 0.000000
-0.045580 -0.056098 -0.046044 -0.045722 -0.041855 -0.036964 -0.030361 -0.022383 -0.012116 0.000463 0.016484 0.035576 0.060493 0.141093 0.114837 0.000000 0.000000 0.000000 0.000000 -0.267179 -0.312302 -0.213037 -0.183971 -0.157892 -0.139021 -0.124697 -0.114939 -0.106720 -0.101205 -0.095384 -0.094444 -0.088085 -0.097037 -0.089735 -0.015263 0.000000 0.000000 0.000000 0.000000 0.000000 0.000000 0.000000 0.000000 0.000000 0.000000 0.000000 0.000000 0.000000 0.000000 0.000000
-0.044445 -0.047024 -0.038034 -0.037744 -0.034071 -0.029491 -0.023441 -0.015870 -0.006795 0.004252 0.017473 0.032670 0.049894 0.086159 0.076510 0.000000 0.000000 0.000000 0.000000 -0.178887 -0.197893 -0.153183 -0.136293 -0.115927 -0.104628 -0.092713 -0.085512 -0.079854 -0.075849 -0.072862 -0.073997 -0.070674 -0.082208 -0.082139 -0.017227 0.000000 0.000000 0.000000 0.000000 0.000000 0.000000 0.000000 0.000000 0.000000 0.000000 0.000000 0.000000 0.000000 0.000000 0.000000
-0.028385 -0.039113 -0.031141 -0.030885 -0.027554 -0.023395 -0.017965 -0.011486 -0.003551 0.005516 0.016151 0.027437 0.039960 0.070858 0.069999 0.000000 0.000000 0.000000 0.000000 -0.113192 -0.135307 -0.109871 -0.100978 -0.087272 -0.079354 -0.070594 -0.064602 -0.062049 -0.054236 -0.057343 -0.044529 -0.054749 -0.047598 -0.064172 -0.039519 0.000000 0.000000 0.000000 0.000000 0.000000 0.000000 0.000000 0.000000 0.000000 0.000000 0.000000 0.000000 0.000000 0.000000 0.000000
-0.030397 -0.032337 -0.025153 -0.024953 -0.021930 -0.018334 -0.013596 -0.008004 -0.001436 0.006017 0.014502 0.023044 0.031961 0.052168 0.054689 0.000000 0.000000 0.000000 0.000000 -0.101700 -0.103610 -0.106414 -0.089997 -0.078480 -0.067833 -0.061660 -0.057859 -0.053871 -0.050484 -0.046539 -0.040413 -0.031915 -0.012972 -0.030827 -0.013374 0.000000 0.000000 0.000000 0.000000 0.000000 0.000000 0.000000 0.000000 0.000000 0.000000 0.000000 0.000000 0.000000 0.000000 0.000000
-0.025178 -0.026056 -0.020063 -0.019899 -0.017410 -0.014275 -0.010341 -0.005692 -0.000314 0.005594 0.012051 0.018499 0.024725 0.038879 0.034106 0.000000 0.000000 0.000000 0.000000 -0.001176 -0.009902 -0.007854 -0.002086 -0.001748 -0.035788 -0.023260 -0.017952 -0.022781 0.019631 -0.029871 -0.028516 -0.026403 -0.029232 -0.017944 -0.004622 0.000000 0.000000 0.000000 0.000000 0.000000 0.000000 0.000000 0.000000 0.000000 0.000000 0.000000 0.000000 0.000000 0.000000 0.000000
-0.016084 -0.021441 -0.015573 -0.015474 -0.013280 -0.010825 -0.007590 -0.003927 0.000296 0.004889 0.009817 0.014501 0.019056 0.029563 0.022756 0.000000 0.000000 0.000000 0.000000 0.000000 0.000000 0.000000 0.000000 0.000000 0.000000 0.000000 0.000000 0.000000 0.000000 0.000000 0.000000 0.000000 0.000000 0.000000 0.000000 0.000000 0.000000 0.000000 0.000000 0.000000 0.000000 0.000000 0.000000 0.000000 0.000000 0.000000 0.000000 0.000000 0.000000 0.000000
-0.014295 -0.016496 -0.011770 -0.011834 -0.010200 -0.008043 -0.005623 -0.002673 0.000553 0.004043 0.007690 0.011137 0.014328 0.016450 0.017728 0.000000 0.000000 0.000000 0.000000 0.000000 0.000000 0.000000 0.000000 0.000000 0.000000 0.000000 0.000000 0.000000 0.000000 0.000000 0.000000 0.000000 0.000000 0.000000 0.000000 0.000000 0.000000 0.000000 0.000000 0.000000 0.000000 0.000000 0.000000 0.000000 0.000000 0.000000 0.000000 0.000000 0.000000 0.000000
-0.012334 -0.012086 -0.011775 -0.008336 -0.007069 -0.005636 -0.003816 -0.001773 0.000562 0.002980 0.005442 0.007815 0.009847 0.011241 0.017806 0.000000 0.000000 0.000000 0.000000 0.000000 0.000000 0.000000 0.000000 0.000000 0.000000 0.000000 0.000000 0.000000 0.000000 0.000000 0.000000 0.000000 0.000000 0.000000 0.000000 0.000000 0.000000 0.000000 0.000000 0.000000 0.000000 0.000000 0.000000 0.000000 0.000000 0.000000 0.000000 0.000000 0.000000 0.000000
-0.007075 -0.008122 -0.008165 -0.006784 -0.006924 -0.005451 -0.003695 -0.001701 0.000529 0.002882 0.005268 0.007587 0.009579 0.011497 0.008126 0.000000 0.000000 0.000000 0.000000 0.000000 0.000000 0.000000 0.000000 0.000000 0.000000 0.000000 0.000000 0.000000 0.000000 0.000000 0.000000 0.000000 0.000000 0.000000 0.000000 0.000000 0.000000 0.000000 0.000000 0.000000 0.000000 0.000000 0.000000 0.000000 0.000000 0.000000 0.000000 0.000000 0.000000 0.000000
-0.002517 -0.003499 -0.002621 -0.001949 -0.001755 -0.000689 -0.002988 0.001751 0.002711 -0.000220 0.004232 0.004987 0.003376 0.004444 0.006811 0.000000 0.000000 0.000000 0.000000 0.000000 0.000000 0.000000 0.000000 0.000000 0.000000 0.000000 0.000000 0.000000 0.000000 0.000000 0.000000 0.000000 0.000000 0.000000 0.000000 0.000000 0.000000 0.000000 0.000000 0.000000 0.000000 0.000000 0.000000 0.000000 0.000000 0.000000 0.000000 0.000000 0.000000 0.000000
-0.002462 -0.000561 -0.000707 -0.002078 -0.000559 -0.000367 -0.000614 0.000402 -0.001053 0.000589 -0.000486 0.000561 0.000000 0.000940 0.000200 0.000000 0.000000 0.000000 0.000000 0.000000 0.000000 0.000000 0.000000 0.000000 0.000000 0.000000 0.000000 0.000000 0.000000 0.000000 0.000000 0.000000 0.000000 0.000000 0.000000 0.000000 0.000000 0.000000 0.000000 0.000000 0.000000 0.000000 0.000000 0.000000 0.000000 0.000000 0.000000 0.000000 0.000000 0.000000
