0.009244 0.007715 -0.021258 -0.002985 0.000729 -0.001908 -0.022966 -0.007883 -0.003055 -0.009273 0.006460 -0.001619 0.005303 -0.003471 0.006506 0.008675 -0.002020 -0.003053 0.003172 -0.007090 -0.003404 -0.003932 0.004453 -0.010614 0.005797 0.006826 0.007817 0.008582 0.008781 0.009802 0.010855 0.010733 0.011743 0.012379 0.012912 0.013080 0.016458 0.011996 0.005433 0.006240 0.002553 0.009582 0.000617 0.003560 0.010729 0.003004 -0.002096 -0.002671 -0.004282 0.002840
-0.047845 -0.005456 -0.018762 -0.017959 -0.017779 0.013683 -0.019253 0.013257 0.012719 -0.021872 -0.023139 -0.021204 -0.024033 0.007780 -0.013592 -0.015205 0.003938 0.003505 0.002672 0.002977 0.004232 0.004840 -0.008089 -0.031428 -0.003432 -0.009579 0.020547 0.024242 0.028211 0.032385 0.036868 0.015694 0.020390 0.023851 0.027245 0.029135 0.037749 0.035984 0.035730 0.031999 0.024493 0.012619 0.010379 0.008218 0.026174 0.003846 0.001991 0.006669 0.002616 0.022678
0.006667 -0.008302 -0.004564 -0.002938 -0.000926 -0.003986 -0.003663 -0.005069 -0.005577 -0.006955 -0.008504 -0.010645 -0.013139 -0.016085 -0.019485 -0.023305 -0.027157 -0.030963 -0.033209 -0.034479 -0.033895 -0.031598 -0.028054 -0.023348 -0.017904 -0.011249 -0.003797 0.004232 0.013077 0.022466 0.032747 0.042820 0.052546 0.061172 0.068160 0.072254 0.072978 0.071664 0.067942 0.062982 0.057268 0.050982 0.044481 0.037667 0.031438 0.023905 0.024109 0.019469 0.007258 0.003485
0.015952 0.015036 -0.004828 -0.000225 -0.000817 -0.004540 -0.002538 -0.005213 -0.005448 -0.007317 -0.008987 -0.011025 -0.013248 -0.016716 -0.020350 -0.024498 -0.029167 -0.031630 -0.035066 -0.035860 -0.036084 -0.033786 -0.030145 -0.025261 -0.019291 -0.012673 -0.004945 0.003863 0.012898 0.023741 0.032647 0.045083 0.053664 0.064142 0.069668 0.074050 0.075189 0.073699 0.069514 0.065382 0.059756 0.052296 0.045988 0.039358 0.031790 0.025870 0.016993 0.024125 0.016216 0.003184
0.003982 -0.014097 -0.004822 -0.002918 -0.003894 -0.004358 -0.004965 -0.006243 -0.007184 -0.009139 -0.011085 -0.013822 -0.017033 -0.021375 -0.026179 -0.032299 -0.038295 -0.044207 -0.048543 -0.049607 -0.049812 -0.045749 -0.041362 -0.034153 -0.026188 -0.017183 -0.006916 0.004582 0.017150 0.031157 0.045537 0.060669 0.074931 0.087263 0.098180 0.102449 0.105040 0.101408 0.096095 0.089605 0.081367 0.070145 0.062688 0.052019 0.044116 0.035171 0.025637 0.025408 0.018498 -0.005739
-0.008456 -0.017165 -0.002840 -0.001815 -0.003451 -0.004722 -0.005783 -0.007242 -0.008532 -0.010805 -0.012764 -0.016413 -0.019875 -0.025223 -0.031196 -0.039300 -0.047785 -0.056452 -0.062089 -0.065366 -0.064268 -0.059662 -0.053231 -0.044623 -0.034872 -0.023570 -0.010704 0.003329 0.019053 0.036514 0.055371 0.075442 0.095783 0.113254 0.128724 0.135111 0.135096 0.131154 0.123170 0.112703 0.100180 0.088381 0.077274 0.064040 0.053531 0.041233 0.030269 0.029664 0.021561 0.000549
-0.000750 -0.014322 -0.003213 -0.003188 -0.004096 -0.005469 -0.006091 -0.007797 -0.009009 -0.011002 -0.013414 -0.016509 -0.020960 -0.027059 -0.035221 -0.046243 -0.059134 -0.071557 -0.081325 -0.085802 -0.084210 -0.077561 -0.068522 -0.057680 -0.045218 -0.031809 -0.016370 0.000406 0.019615 0.041117 0.065250 0.091769 0.119292 0.145672 0.166208 0.174957 0.172239 0.164578 0.151856 0.137294 0.121636 0.107096 0.091296 0.076921 0.062594 0.049507 0.035780 0.034748 0.022828 -0.002519
0.003014 0.011017 -0.002860 -0.002728 -0.004190 -0.005882 -0.006485 -0.008351 -0.008890 -0.011008 -0.012931 -0.016255 -0.020959 -0.028384 -0.038015 -0.052137 -0.071287 -0.088531 -0.103934 -0.110136 -0.107070 -0.096772 -0.084752 -0.071185 -0.056383 -0.040957 -0.023375 -0.004438 0.017830 0.043115 0.072734 0.106562 0.142813 0.181452 0.211744 0.222675 0.216051 0.201926 0.182872 0.163055 0.143100 0.123917 0.105357 0.088224 0.071389 0.056411 0.040760 0.039518 0.024069 0.001766
-0.000738 -0.014802 -0.003031 -0.003450 -0.004364 -0.005455 -0.006308 -0.007360 -0.008425 -0.009951 -0.011603 -0.013971 -0.018484 -0.025275 -0.035069 -0.055270 -0.081371 -0.109509 -0.133736 -0.144055 -0.138211 -0.121093 -0.104184 -0.087420 -0.069485 -0.052445 -0.033104 -0.012354 0.012701 0.041530 0.077442 0.120002 0.168630 0.225262 0.272844 0.282831 0.266357 0.244346 0.216811 0.190992 0.165204 0.141688 0.119407 0.099358 0.079973 0.063296 0.046274 0.045816 0.015162 -0.000881
-0.011082 0.011748 -0.003125 -0.003329 -0.004612 -0.005656 -0.006456 -0.007636 -0.008144 -0.009668 -0.010046 -0.013410 -0.014803 -0.023313 -0.031167 -0.052494 -0.090319 -0.133772 -0.173919 -0.189129 -0.171284 -0.144813 -0.121362 -0.102224 -0.082252 -0.064697 -0.044747 -0.023546 0.002977 0.033920 0.075331 0.126819 0.194255 0.275573 0.356999 0.369063 0.331865 0.290699 0.250047 0.215007 0.184215 0.156438 0.131142 0.108848 0.087032 0.069821 0.049352 0.048174 0.018001 0.012500
0.006107 -0.016173 -0.003518 -0.003541 -0.004960 -0.005784 -0.006488 -0.007189 -0.007163 -0.007513 -0.006344 -0.005786 -0.003545 0.043536 0.018115 -0.047188 -0.130628 -0.218674 -0.348805 -0.382056 -0.236778 -0.185283 -0.141270 -0.119853 -0.095375 -0.078716 -0.058945 -0.039610 -0.012699 0.017884 0.064646 0.124921 0.219453 0.407837 0.743572 0.596539 0.479490 0.392950 0.324108 0.300699 0.233458 0.208797 0.166992 0.137290 0.119236 0.088145 0.067655 0.051368 0.028232 0.003298
0.000187 -0.012858 -0.003663 -0.003843 -0.005342 -0.006219 -0.006946 -0.007502 -0.007193 -0.007069 -0.004790 -0.002961 0.003419 0.018741 0.174132 0.062180 -0.086892 -0.234842 -0.454675 -0.595928 -0.205017 -0.192393 -0.147414 -0.127336 -0.105452 -0.091708 -0.074996 -0.059917 -0.036556 -0.009986 0.031557 0.091692 0.183476 0.526009 0.932870 0.723491 0.433526 0.437137 0.267064 0.230769 0.192639 0.216970 0.145001 0.119508 0.110734 0.073008 0.054135 0.050348 0.030857 0.000990
0.002604 0.012732 -0.004133 -0.004283 -0.006038 -0.006820 -0.007515 -0.007868 -0.007067 -0.006543 -0.002957 -0.000706 0.007604 0.000109 0.006167 0.029551 -0.040427 -0.286720 -0.302150 -0.030985 -0.126159 -0.180523 -0.132421 -0.128322 -0.110887 -0.104275 -0.092911 -0.085315 -0.069632 -0.055949 -0.023412 0.007122 0.078073 0.012491 -0.299306 0.419567 0.487780 0.474365 0.377239 0.275424 0.204551 0.170080 0.134687 0.145345 0.094803 0.109669 0.052110 0.044925 0.019251 0.000712
-0.005972 0.011936 -0.004934 -0.004861 -0.007085 -0.007889 -0.008872 -0.009171 -0.008957 -0.007972 -0.006704 -0.003201 -0.000442 -0.019374 -0.017026 0.000000 0.000000 0.000000 0.000000 -0.013576 -0.068906 -0.129111 -0.113446 -0.119434 -0.114784 -0.115293 -0.112010 -0.112915 -0.108679 -0.110817 -0.109494 -0.107519 -0.132226 -0.347751 -0.415267 0.000000 0.000000 0.000000 0.000000 0.000000 0.000000 0.000000 0.000000 0.000000 0.000000 0.000000 0.000000 0.000000 0.000000 0.000000
0.000777 0.011296 -0.005824 -0.005747 -0.008303 -0.009261 -0.010400 -0.010810 -0.010464 -0.009744 -0.007893 -0.005606 -0.001388 -0.024572 -0.023916 0.000000 0.000000 0.000000 0.000000 -0.040349 -0.036615 -0.092032 -0.102971 -0.112859 -0.119842 -0.126728 -0.130763 -0.139862 -0.143448 -0.157631 -0.170786 -0.188285 -0.261656 -0.466931 -0.464035 0.000000 0.000000 0.000000 0.000000 0.000000 0.000000 0.000000 0.000000 0.000000 0.000000 0.000000 0.000000 0.000000 0.000000 0.000000
0.003603 0.010876 -0.006979 -0.006878 -0.009924 -0.011144 -0.012672 -0.013241 -0.013285 -0.012400 -0.011064 -0.007909 -0.005430 -0.027121 -0.020324 0.000000 0.000000 0.000000 0.000000 0.010458 -0.036172 -0.078219 -0.092612 -0.114036 -0.123976 -0.139601 -0.148554 -0.165643 -0.175686 -0.199541 -0.220514 -0.249353 -0.330732 -0.503259 -0.508088 0.000000 0.000000 0.000000 0.000000 0.000000 0.000000 0.000000 0.000000 0.000000 0.000000 0.000000 0.000000 0.000000 0.000000 0.000000
0.010002 0.010659 -0.008356 -0.008250 -0.011863 -0.013434 -0.015368 -0.016193 -0.016472 -0.015645 -0.014257 -0.011001 -0.007935 -0.026067 -0.014575 0.000000 0.000000 0.000000 0.000000 0.006907 -0.030944 -0.076128 -0.087801 -0.116259 -0.130891 -0.151882 -0.165907 -0.188764 -0.203820 -0.234083 -0.259841 -0.292084 -0.377029 -0.526710 -0.509017 0.000000 0.000000 0.000000 0.000000 0.000000 0.000000 0.000000 0.000000 0.000000 0.000000 0.000000 0.000000 0.000000 0.000000 0.000000
-0.008465 0.010112 -0.010035 -0.009960 -0.014231 -0.016322 -0.018777 -0.020148 -0.020636 -0.020545 -0.018415 -0.016718 -0.010503 -0.029334 -0.005365 0.000000 0.000000 0.000000 0.000000 -0.002515 -0.017177 -0.073718 -0.088254 -0.122770 -0.138166 -0.165184 -0.182140 -0.209764 -0.228404 -0.262479 -0.290649 -0.323241 -0.407037 -0.536443 -0.505859 0.000000 0.000000 0.000000 0.000000 0.000000 0.000000 0.000000 0.000000 0.000000 0.000000 0.000000 0.000000 0.000000 0.000000 0.000000
-0.042163 0.007832 -0.012011 -0.012030 -0.017002 -0.019724 -0.022857 -0.024729 -0.025834 -0.025762 -0.024443 -0.021268 -0.017870 -0.034592 -0.010898 0.000000 0.000000 0.000000 0.000000 0.015681 -0.004022 -0.073558 -0.093238 -0.126390 -0.148595 -0.176663 -0.197767 -0.227803 -0.249036 -0.285243 -0.314122 -0.346129 -0.426973 -0.536780 -0.507649 0.000000 0.000000 0.000000 0.000000 0.000000 0.000000 0.000000 0.000000 0.000000 0.000000 0.000000 0.000000 0.000000 0.000000 0.000000
-0.040753 0.006266 -0.014399 -0.014364 -0.020279 -0.023739 -0.027707 -0.030333 -0.032113 -0.032563 -0.031417 -0.028133 -0.023602 -0.035760 -0.018703 0.000000 0.000000 0.000000 0.000000 0.033884 -0.019721 -0.073024 -0.099375 -0.134143 -0.158827 -0.189389 -0.212490 -0.244498 -0.267255 -0.304053 -0.332815 -0.363604 -0.440317 -0.544631 -0.506437 0.000000 0.000000 0.000000 0.000000 0.000000 0.000000 0.000000 0.000000 0.000000 0.000000 0.000000 0.000000 0.000000 0.000000 0.000000
-0.014389 0.004108 -0.016946 -0.017123 -0.023912 -0.028370 -0.033325 -0.037026 -0.039578 -0.041158 -0.039872 -0.037309 -0.031021 -0.040170 -0.027785 0.000000 0.000000 0.000000 0.000000 -0.002995 -0.025030 -0.078195 -0.110546 -0.141868 -0.171307 -0.201390 -0.226686 -0.259023 -0.282351 -0.318692 -0.345315 -0.371775 -0.441237 -0.550435 -0.507201 0.000000 0.000000 0.000000 0.000000 0.000000 0.000000 0.000000 0.000000 0.000000 0.000000 0.000000 0.000000 0.000000 0.000000 0.000000
0.021664 0.006286 -0.019707 -0.019909 -0.028013 -0.033555 -0.039831 -0.044729 -0.048773 -0.051204 -0.051516 -0.048100 -0.041700 -0.046090 -0.022600 0.000000 0.000000 0.000000 0.000000 0.009342 -0.042665 -0.088718 -0.117347 -0.155402 -0.182672 -0.215338 -0.240328 -0.273290 -0.296719 -0.332571 -0.359498 -0.386527 -0.457292 -0.543975 -0.518618 0.000000 0.000000 0.000000 0.000000 0.000000 0.000000 0.000000 0.000000 0.000000 0.000000 0.000000 0.000000 0.000000 0.000000 0.000000
0.015840 0.000043 -0.022880 -0.023192 -0.032492 -0.039286 -0.046959 -0.053571 -0.059117 -0.063864 -0.065146 -0.064389 -0.055717 -0.053752 -0.021286 0.000000 0.000000 0.000000 0.000000 0.040307 -0.050878 -0.099950 -0.130270 -0.169355 -0.196760 -0.229176 -0.254054 -0.286328 -0.309052 -0.343319 -0.367526 -0.389745 -0.453765 -0.553919 -0.506141 0.000000 0.000000 0.000000 0.000000 0.000000 0.000000 0.000000 0.000000 0.000000 0.000000 0.000000 0.000000 0.000000 0.000000 0.000000
0.006017 0.002873 -0.026008 -0.026611 -0.037164 -0.045500 -0.055000 -0.063597 -0.071910 -0.079207 -0.084774 -0.086360 -0.081775 -0.068161 -0.027318 0.000000 0.000000 0.000000 0.000000 0.034207 -0.073975 -0.120332 -0.145603 -0.188284 -0.211936 -0.244817 -0.267875 -0.299325 -0.320842 -0.353276 -0.375535 -0.393443 -0.456939 -0.554380 -0.508579 0.000000 0.000000 0.000000 0.000000 0.000000 0.000000 0.000000 0.000000 0.000000 0.000000 0.000000 0.000000 0.000000 0.000000 0.000000
0.003152 0.000523 -0.029195 -0.029966 -0.041812 -0.051651 -0.062856 -0.073681 -0.084236 -0.095736 -0.104366 -0.114524 -0.116247 -0.149206 0.058355 0.000000 0.000000 0.000000 0.000000 -0.036275 -0.110145 -0.146946 -0.169223 -0.207954 -0.230104 -0.260372 -0.282327 -0.311968 -0.332581 -0.363616 -0.385799 -0.403966 -0.469750 -0.498095 -0.510340 0.000000 0.000000 0.000000 0.000000 0.000000 0.000000 0.000000 0.000000 0.000000 0.000000 0.000000 0.000000 0.000000 0.000000 0.000000
0.003132 -0.024634 -0.032379 -0.033304 -0.046504 -0.057960 -0.071352 -0.084711 -0.099368 -0.115512 -0.133793 -0.154543 -0.188998 -0.218116 0.000029 -0.708282 -0.415574 -0.364460 -0.267111 -0.006843 -0.146120 -0.192308 -0.202194 -0.232547 -0.250745 -0.277328 -0.296874 -0.324200 -0.342899 -0.371536 -0.390112 -0.402978 -0.462401 -0.498480 -0.455085 0.000000 0.000000 0.000000 0.000000 0.000000 0.000000 0.000000 0.000000 0.000000 0.000000 0.000000 0.000000 0.000000 0.000000 0.000000
-0.000685 -0.002600 -0.035114 -0.036210 -0.050558 -0.063300 -0.078207 -0.093548 -0.110165 -0.130612 -0.150204 -0.185198 -0.216162 -0.369294 -0.434132 -0.453996 -0.392888 -0.338479 -0.283343 -0.234048 -0.198283 -0.235134 -0.229672 -0.256334 -0.270190 -0.293503 -0.311107 -0.336157 -0.353754 -0.381112 -0.400246 -0.414398 -0.476729 -0.557993 -0.511696 0.000000 0.000000 0.000000 0.000000 0.000000 0.000000 0.000000 0.000000 0.000000 0.000000 0.000000 0.000000 0.000000 0.000000 0.000000
-0.006634 -0.004338 -0.037540 -0.038776 -0.054203 -0.068130 -0.084700 -0.101677 -0.121823 -0.143043 -0.171397 -0.200373 -0.242122 -0.295227 -0.353830 -0.379648 -0.358250 -0.332607 -0.304855 -0.278410 -0.258988 -0.252292 -0.262029 -0.277147 -0.289726 -0.308780 -0.324384 -0.346941 -0.362725 -0.388077 -0.404316 -0.416619 -0.475101 -0.559322 -0.508823 0.000000 0.000000 0.000000 0.000000 0.000000 0.000000 0.000000 0.000000 0.000000 0.000000 0.000000 0.000000 0.000000 0.000000 0.000000
0.006937 -0.004902 -0.039385 -0.040671 -0.056847 -0.071485 -0.088828 -0.106592 -0.127157 -0.148917 -0.174956 -0.202787 -0.236683 -0.272903 -0.318082 -0.349367 -0.345509 -0.333754 -0.315458 -0.299494 -0.292237 -0.286325 -0.287856 -0.297234 -0.307224 -0.322740 -0.336534 -0.357068 -0.371802 -0.396564 -0.413324 -0.430471 -0.486338 -0.542953 -0.498157 0.000000 0.000000 0.000000 0.000000 0.000000 0.000000 0.000000 0.000000 0.000000 0.000000 0.000000 0.000000 0.000000 0.000000 0.000000
-0.004008 -0.006180 -0.040637 -0.041985 -0.058762 -0.073982 -0.092003 -0.110481 -0.131658 -0.154212 -0.180545 -0.207250 -0.240038 -0.270659 -0.304685 -0.322184 -0.327613 -0.326228 -0.319768 -0.311874 -0.305290 -0.302013 -0.305709 -0.312065 -0.321105 -0.334267 -0.346579 -0.365245 -0.378441 -0.401335 -0.414752 -0.428315 -0.478188 -0.544511 -0.509763 0.000000 0.000000 0.000000 0.000000 0.000000 0.000000 0.000000 0.000000 0.000000 0.000000 0.000000 0.000000 0.000000 0.000000 0.000000
-0.006286 -0.009579 -0.041294 -0.042672 -0.059672 -0.075080 -0.093228 -0.111785 -0.132777 -0.154998 -0.180434 -0.206112 -0.234499 -0.263308 -0.290709 -0.314540 -0.322779 -0.329932 -0.328704 -0.326021 -0.322628 -0.320516 -0.321673 -0.326084 -0.332846 -0.344066 -0.354959 -0.372173 -0.384486 -0.406412 -0.419441 -0.433618 -0.482619 -0.543990 -0.510041 0.000000 0.000000 0.000000 0.000000 0.000000 0.000000 0.000000 0.000000 0.000000 0.000000 0.000000 0.000000 0.000000 0.000000 0.000000
-0.006023 -0.010121 -0.041452 -0.042701 -0.059780 -0.075195 -0.093320 -0.111898 -0.132719 -0.155046 -0.179699 -0.206249 -0.233731 -0.261439 -0.288850 -0.310316 -0.324957 -0.334371 -0.338565 -0.338729 -0.335828 -0.333270 -0.333096 -0.336102 -0.341487 -0.351276 -0.361146 -0.377240 -0.388846 -0.409566 -0.421954 -0.433653 -0.482994 -0.543103 -0.504166 0.000000 0.000000 0.000000 0.000000 0.000000 0.000000 0.000000 0.000000 0.000000 0.000000 0.000000 0.000000 0.000000 0.000000 0.000000
-0.005539 -0.011849 -0.040844 -0.042356 -0.058852 -0.074113 -0.091827 -0.110048 -0.130343 -0.152257 -0.176397 -0.202650 -0.230707 -0.260018 -0.289408 -0.314436 -0.332994 -0.346544 -0.354136 -0.354573 -0.349785 -0.344386 -0.341973 -0.343161 -0.347171 -0.355898 -0.364968 -0.380245 -0.391233 -0.410712 -0.421464 -0.428835 -0.476793 -0.550298 -0.514333 0.000000 0.000000 0.000000 0.000000 0.000000 0.000000 0.000000 0.000000 0.000000 0.000000 0.000000 0.000000 0.000000 0.000000 0.000000
0.000428 -0.010579 -0.039691 -0.041228 -0.057160 -0.071998 -0.089113 -0.106774 -0.126391 -0.147814 -0.171465 -0.197819 -0.226962 -0.258813 -0.292458 -0.322297 -0.344757 -0.361412 -0.373298 -0.375101 -0.366403 -0.354998 -0.348919 -0.347686 -0.350039 -0.358044 -0.366685 -0.381912 -0.393204 -0.413808 -0.427210 -0.441536 -0.488346 -0.539637 -0.537454 0.000000 0.000000 0.000000 0.000000 0.000000 0.000000 0.000000 0.000000 0.000000 0.000000 0.000000 0.000000 0.000000 0.000000 0.000000
0.002829 -0.012598 -0.038091 -0.039561 -0.054722 -0.068836 -0.085033 -0.101805 -0.120348 -0.141045 -0.163804 -0.191157 -0.220756 -0.258966 -0.300787 -0.336459 -0.364879 -0.387150 -0.404729 -0.400746 -0.380195 -0.358410 -0.348665 -0.346796 -0.348216 -0.356610 -0.365341 -0.380890 -0.392342 -0.412718 -0.425200 -0.436338 -0.485094 -0.547786 -0.511485 0.000000 0.000000 0.000000 0.000000 0.000000 0.000000 0.000000 0.000000 0.000000 0.000000 0.000000 0.000000 0.000000 0.000000 0.000000
0.005626 -0.011724 -0.036022 -0.037300 -0.051600 -0.064736 -0.079767 -0.095260 -0.112304 -0.131442 -0.152772 -0.178885 -0.209469 -0.251840 -0.307019 -0.356316 -0.384221 -0.411252 -0.441872 -0.444230 -0.402407 -0.367072 -0.344932 -0.342452 -0.342574 -0.352224 -0.361564 -0.378068 -0.389796 -0.409894 -0.421472 -0.427181 -0.476025 -0.547694 -0.511865 0.000000 0.000000 0.000000 0.000000 0.000000 0.000000 0.000000 0.000000 0.000000 0.000000 0.000000 0.000000 0.000000 0.000000 0.000000
0.004675 -0.019543 -0.033505 -0.034663 -0.047822 -0.059776 -0.073325 -0.087122 -0.102076 -0.118979 -0.137227 -0.160821 -0.188494 -0.293456 -0.351845 -0.410534 -0.439077 -0.465490 -0.527443 -0.505940 -0.374263 -0.358785 -0.321401 -0.329360 -0.330018 -0.343575 -0.354672 -0.373369 -0.386788 -0.409601 -0.424439 -0.436444 -0.486952 -0.535447 -0.513916 0.000000 0.000000 0.000000 0.000000 0.000000 0.000000 0.000000 0.000000 0.000000 0.000000 0.000000 0.000000 0.000000 0.000000 0.000000
0.002933 -0.017843 -0.030699 -0.031734 -0.043640 -0.054275 -0.066151 -0.077951 -0.090271 -0.103787 -0.117406 -0.133892 -0.150840 -0.179101 -0.522756 -0.530283 -0.485291 -0.528865 -0.541592 -0.257140 -0.330396 -0.301587 -0.284133 -0.304530 -0.312807 -0.331701 -0.346126 -0.367270 -0.381219 -0.403054 -0.414802 -0.420761 -0.472973 -0.556185 -0.514218 0.000000 0.000000 0.000000 0.000000 0.000000 0.000000 0.000000 0.000000 0.000000 0.000000 0.000000 0.000000 0.000000 0.000000 0.000000
0.000458 -0.010359 -0.027678 -0.028605 -0.039154 -0.048327 -0.058379 -0.067859 -0.077280 -0.086125 -0.093900 -0.101213 -0.102079 -0.110593 -0.018266 0.000000 0.000000 0.000000 0.000000 -0.213316 -0.156677 -0.219052 -0.237868 -0.270675 -0.290810 -0.316140 -0.334918 -0.359478 -0.375375 -0.401692 -0.414927 -0.426172 -0.479549 -0.512648 -0.518551 0.000000 0.000000 0.000000 0.000000 0.000000 0.000000 0.000000 0.000000 0.000000 0.000000 0.000000 0.000000 0.000000 0.000000 0.000000
-0.007299 -0.014566 -0.024684 -0.025506 -0.034731 -0.042584 -0.050854 -0.058520 -0.065613 -0.071640 -0.075377 -0.076912 -0.071598 -0.056395 -0.012121 0.000000 0.000000 0.000000 0.000000 -0.033128 -0.093775 -0.170677 -0.205692 -0.246456 -0.274282 -0.303820 -0.327029 -0.354068 -0.371505 -0.397076 -0.410356 -0.425182 -0.478454 -0.515543 -0.507557 0.000000 0.000000 0.000000 0.000000 0.000000 0.000000 0.000000 0.000000 0.000000 0.000000 0.000000 0.000000 0.000000 0.000000 0.000000
-0.001891 -0.013045 -0.021733 -0.022421 -0.030432 -0.036951 -0.043780 -0.049374 -0.054479 -0.057865 -0.059182 -0.057901 -0.050420 -0.034913 -0.008611 0.000000 0.000000 0.000000 0.000000 -0.025928 -0.102195 -0.146018 -0.182298 -0.227362 -0.258139 -0.291407 -0.316320 -0.345569 -0.363912 -0.394863 -0.407104 -0.432094 -0.473588 -0.558456 -0.521009 0.000000 0.000000 0.000000 0.000000 0.000000 0.000000 0.000000 0.000000 0.000000 0.000000 0.000000 0.000000 0.000000 0.000000 0.000000
-0.001986 -0.011535 -0.019060 -0.019637 -0.026514 -0.031958 -0.037423 -0.041913 -0.045201 -0.047398 -0.046884 -0.044543 -0.037348 -0.012645 -0.008715 0.000000 0.000000 0.000000 0.000000 -0.020494 -0.082427 -0.124241 -0.168116 -0.213636 -0.248121 -0.283588 -0.309970 -0.341957 -0.362055 -0.392878 -0.404368 -0.425914 -0.447977 -0.566120 -0.539218 0.000000 0.000000 0.000000 0.000000 0.000000 0.000000 0.000000 0.000000 0.000000 0.000000 0.000000 0.000000 0.000000 0.000000 0.000000
-0.001891 -0.010207 -0.016597 -0.017112 -0.022875 -0.027428 -0.031791 -0.035095 -0.037471 -0.038321 -0.037367 -0.034219 -0.028023 -0.007666 -0.002891 0.000000 0.000000 0.000000 0.000000 -0.006374 -0.075492 -0.117574 -0.169667 -0.215151 -0.250520 -0.285587 -0.313958 -0.347759 -0.368745 -0.409193 -0.413941 -0.470158 -0.442410 -0.545669 -0.519318 0.000000 0.000000 0.000000 0.000000 0.000000 0.000000 0.000000 0.000000 0.000000 0.000000 0.000000 0.000000 0.000000 0.000000 0.000000
-0.000795 -0.008490 -0.014461 -0.014895 -0.019929 -0.023627 -0.027230 -0.029664 -0.031179 -0.031484 -0.030015 -0.026956 -0.021472 -0.004497 -0.004528 0.000000 0.000000 0.000000 0.000000 -0.036255 -0.062579 -0.119536 -0.142839 -0.196397 -0.214247 -0.329437 -0.366577 -0.381033 -0.410284 -0.440663 -0.453297 -0.487940 -0.479431 -0.525902 -0.550293 0.000000 0.000000 0.000000 0.000000 0.000000 0.000000 0.000000 0.000000 0.000000 0.000000 0.000000 0.000000 0.000000 0.000000 0.000000
-0.003260 -0.004865 -0.012679 -0.013039 -0.017091 -0.020379 -0.023151 -0.025150 -0.026137 -0.025988 -0.024467 -0.021573 -0.016856 -0.003284 0.000237 0.000000 0.000000 0.000000 0.000000 0.000000 0.000000 0.000000 0.000000 0.000000 0.000000 0.000000 0.000000 0.000000 0.000000 0.000000 0.000000 0.000000 0.000000 0.000000 0.000000 0.000000 0.000000 0.000000 0.000000 0.000000 0.000000 0.000000 0.000000 0.000000 0.000000 0.000000 0.000000 0.000000 0.000000 0.000000
-0.000966 -0.004387 -0.011221 -0.011546 -0.015311 -0.017782 -0.020324 -0.021577 -0.022356 -0.021953 -0.020444 -0.017702 -0.013699 -0.008917 -0.001384 0.000000 0.000000 0.000000 0.000000 0.000000 0.000000 0.000000 0.000000 0.000000 0.000000 0.000000 0.000000 0.000000 0.000000 0.000000 0.000000 0.000000 0.000000 0.000000 0.000000 0.000000 0.000000 0.000000 0.000000 0.000000 0.000000 0.000000 0.000000 0.000000 0.000000 0.000000 0.000000 0.000000 0.000000 0.000000
-0.002794 -0.005806 -0.010974 -0.010330 -0.013570 -0.015815 -0.017810 -0.018953 -0.019358 -0.018833 -0.017351 -0.014969 -0.011425 -0.007661 -0.001910 0.000000 0.000000 0.000000 0.000000 0.000000 0.000000 0.000000 0.000000 0.000000 0.000000 0.000000 0.000000 0.000000 0.000000 0.000000 0.000000 0.000000 0.000000 0.000000 0.000000 0.000000 0.000000 0.000000 0.000000 0.000000 0.000000 0.000000 0.000000 0.000000 0.000000 0.000000 0.000000 0.000000 0.000000 0.000000
0.000477 -0.004749 -0.010080 -0.013094 -0.013241 -0.015685 -0.017579 -0.018782 -0.019184 -0.018662 -0.017225 -0.014800 -0.011469 -0.007017 -0.000072 0.000000 0.000000 0.000000 0.000000 0.000000 0.000000 0.000000 0.000000 0.000000 0.000000 0.000000 0.000000 0.000000 0.000000 0.000000 0.000000 0.000000 0.000000 0.000000 0.000000 0.000000 0.000000 0.000000 0.000000 0.000000 0.000000 0.000000 0.000000 0.000000 0.000000 0.000000 0.000000 0.000000 0.000000 0.000000
-0.000684 -0.006223 -0.008686 -0.011458 -0.013153 -0.015034 -0.015758 -0.018199 -0.017973 -0.017282 -0.014678 -0.011627 -0.008736 -0.004775 -0.000214 0.000000 0.000000 0.000000 0.000000 0.000000 0.000000 0.000000 0.000000 0.000000 0.000000 0.000000 0.000000 0.000000 0.000000 0.000000 0.000000 0.000000 0.000000 0.000000 0.000000 0.000000 0.000000 0.000000 0.000000 0.000000 0.000000 0.000000 0.000000 0.000000 0.000000 0.000000 0.000000 0.000000 0.000000 0.000000
-0.000568 -0.005876 -0.006575 -0.010309 -0.011635 -0.013775 -0.015241 -0.015559 -0.015414 -0.013906 -0.012831 -0.010577 -0.010192 -0.004271 -0.002071 0.000000 0.000000 0.000000 0.000000 0.000000 0.000000 0.000000 0.000000 0.000000 0.000000 0.000000 0.000000 0.000000 0.000000 0.000000 0.000000 0.000000 0.000000 0.000000 0.000000 0.000000 0.000000 0.000000 0.000000 0.000000 0.000000 0.000000 0.000000 0.000000 0.000000 0.000000 0.000000 0.000000 0.000000 0.000000
