0.508514 0.506052 0.507283 0.510249 0.456286 0.502685 0.453313 0.507743 0.508336 0.465070 0.510057 0.492267 0.521927 0.373459 0.520734 0.501575 0.503033 0.507922 0.504491 0.506670 0.506064 0.499372 0.531034 0.514477 0.509263 0.512650 0.499908 0.511235 0.517648 0.507112 0.495764 0.501151 0.515273 0.513250 0.503708 0.518365 0.396212 0.500253 0.497488 0.495061 0.514746 0.502711 0.515059 0.522349 0.510877 0.546621 0.519883 0.507016 0.509151 0.509021
0.562419 0.515370 0.505271 0.517256 0.533725 0.541476 0.550436 0.561482 0.556879 0.551014 0.562869 0.552471 0.567325 0.556275 0.566324 0.560362 0.557984 0.560680 0.556908 0.554162 0.562829 0.550738 0.546056 0.540311 0.535804 0.538849 0.536501 0.535530 0.534195 0.531710 0.530864 0.529892 0.531172 0.530937 0.533912 0.532850 0.532442 0.533475 0.536900 0.539047 0.544287 0.548373 0.531438 0.536205 0.538731 0.496891 0.501128 0.504093 0.498036 0.480163
0.509964 0.512419 0.524852 0.453808 0.505632 0.505308 0.508483 0.518204 0.518723 0.523879 0.515042 0.506424 0.502265 0.494241 0.493835 0.489996 0.488440 0.488508 0.487523 0.487933 0.488132 0.488225 0.487478 0.486790 0.486360 0.485016 0.483612 0.480989 0.478858 0.476703 0.474391 0.472627 0.470006 0.468434 0.464729 0.463356 0.459663 0.460103 0.456210 0.454395 0.452627 0.446914 0.447160 0.461150 0.466261 0.470479 0.443392 0.483036 0.483506 0.493192
0.536227 0.550503 0.528638 0.485869 0.498295 0.485378 0.483892 0.488848 0.490979 0.488353 0.484215 0.485941 0.486708 0.485870 0.479535 0.488542 0.485772 0.488865 0.486420 0.486861 0.484309 0.483566 0.483888 0.481727 0.480872 0.479869 0.478582 0.477082 0.474905 0.472808 0.471000 0.469341 0.466970 0.465311 0.462317 0.461232 0.457844 0.456679 0.453299 0.453974 0.451079 0.453317 0.456735 0.474202 0.455691 0.446774 0.432908 0.481490 0.490435 0.456805
0.536400 0.545681 0.526161 0.513865 0.538443 0.519051 0.537236 0.540867 0.544073 0.541870 0.545498 0.547636 0.548595 0.549910 0.545884 0.550509 0.548482 0.549557 0.547672 0.546901 0.544150 0.542712 0.541271 0.538563 0.536387 0.534166 0.531644 0.529207 0.526158 0.523294 0.520609 0.517712 0.514943 0.512005 0.509337 0.506785 0.504698 0.502416 0.501461 0.499525 0.498771 0.497332 0.498815 0.498046 0.480661 0.478035 0.467716 0.466293 0.480184 0.508775
0.603890 0.576202 0.519421 0.506970 0.515081 0.504754 0.509373 0.509729 0.510325 0.510276 0.509573 0.510105 0.509595 0.508995 0.506835 0.507954 0.506167 0.506251 0.504609 0.503834 0.501946 0.500415 0.498840 0.496560 0.494294 0.491793 0.488974 0.485923 0.482456 0.478739 0.474902 0.470998 0.466888 0.462958 0.458760 0.454995 0.450879 0.447285 0.443931 0.444338 0.438764 0.448153 0.436554 0.459580 0.446958 0.455334 0.428403 0.437416 0.477043 0.446268
0.535285 0.573895 0.538346 0.518269 0.541576 0.532030 0.526199 0.535072 0.529924 0.528139 0.530272 0.529975 0.531240 0.530925 0.531423 0.530996 0.530825 0.530354 0.529417 0.528289 0.526702 0.524783 0.522356 0.519514 0.516178 0.512367 0.508130 0.503408 0.498303 0.492844 0.486925 0.480993 0.474834 0.468934 0.462900 0.457235 0.451297 0.446677 0.440996 0.439463 0.432860 0.437646 0.457088 0.429118 0.438391 0.449699 0.440260 0.440194 0.458410 0.476434
0.632518 0.581865 0.533269 0.529218 0.529415 0.528811 0.531001 0.530897 0.532116 0.532037 0.532597 0.532515 0.532481 0.532168 0.531543 0.531273 0.530385 0.529742 0.528476 0.527184 0.525306 0.523178 0.520626 0.517570 0.514091 0.510155 0.505752 0.500938 0.495706 0.490150 0.484347 0.478402 0.472362 0.466381 0.460438 0.454765 0.449221 0.444255 0.439312 0.436416 0.431300 0.434340 0.425661 0.435640 0.423675 0.435308 0.423245 0.421629 0.450767 0.437723
0.584735 0.534461 0.542628 0.539472 0.546884 0.539807 0.548450 0.543136 0.549586 0.547842 0.550452 0.550522 0.551089 0.551223 0.551138 0.551060 0.550511 0.549892 0.548705 0.547270 0.545261 0.542842 0.539875 0.536342 0.532253 0.527592 0.522369 0.516633 0.510428 0.503841 0.496983 0.489974 0.482917 0.475935 0.469080 0.462510 0.456181 0.450341 0.444638 0.439931 0.434651 0.431664 0.426872 0.425633 0.420663 0.419956 0.415576 0.413407 0.436420 0.421593
0.547241 0.539627 0.546127 0.545036 0.542952 0.545851 0.546121 0.547524 0.549158 0.548932 0.549908 0.549989 0.550440 0.550579 0.550605 0.550488 0.550047 0.549393 0.548277 0.546792 0.544742 0.542159 0.538939 0.535044 0.530455 0.525157 0.519168 0.512527 0.505306 0.497608 0.489580 0.481349 0.473074 0.464872 0.456857 0.449165 0.441829 0.435061 0.428656 0.423284 0.417765 0.414490 0.409384 0.408963 0.403424 0.404220 0.399416 0.398878 0.422380 0.425485
0.550331 0.541829 0.552786 0.551708 0.554146 0.553317 0.556250 0.555741 0.557887 0.558011 0.559419 0.559960 0.560742 0.561207 0.561541 0.561657 0.561452 0.560932 0.559932 0.558454 0.556356 0.553608 0.550118 0.545831 0.540710 0.534728 0.527907 0.520285 0.511973 0.503068 0.493778 0.484229 0.474656 0.465184 0.455992 0.447189 0.438852 0.431114 0.423871 0.417466 0.411312 0.406438 0.401209 0.397958 0.393514 0.391542 0.387715 0.387760 0.406775 0.381725
0.544827 0.595565 0.557736 0.557069 0.558096 0.558352 0.559791 0.560356 0.561873 0.562508 0.563743 0.564529 0.565445 0.566129 0.566682 0.567001 0.567011 0.566662 0.565824 0.564440 0.562379 0.559563 0.555889 0.551271 0.545652 0.538989 0.531303 0.522616 0.513082 0.502796 0.492054 0.480981 0.469929 0.459000 0.448466 0.438410 0.428964 0.420216 0.412129 0.404911 0.398203 0.392665 0.387183 0.383422 0.378925 0.376702 0.373153 0.373358 0.391458 0.417333
0.609906 0.600016 0.563835 0.563123 0.564472 0.564669 0.566234 0.566898 0.568448 0.569421 0.570816 0.571930 0.573115 0.574121 0.574991 0.575626 0.575950 0.575883 0.575306 0.574120 0.572188 0.569393 0.565603 0.560702 0.554606 0.547237 0.538619 0.528750 0.517842 0.505974 0.493581 0.480761 0.468052 0.455506 0.443528 0.432144 0.421544 0.411753 0.402770 0.394688 0.387289 0.380910 0.374942 0.370240 0.365572 0.362463 0.359008 0.359208 0.374507 0.415759
0.655310 0.597881 0.568960 0.568404 0.569497 0.570004 0.571391 0.572359 0.573894 0.575160 0.576708 0.578124 0.579589 0.580935 0.582160 0.583168 0.583876 0.584185 0.583967 0.583094 0.581409 0.578754 0.574965 0.569875 0.563365 0.555301 0.545708 0.534528 0.522062 0.508340 0.494018 0.479127 0.464505 0.450087 0.436492 0.423638 0.411804 0.400934 0.391051 0.382160 0.374101 0.367061 0.360632 0.355363 0.350426 0.346890 0.343381 0.343534 0.345928 0.310191
0.576004 0.602144 0.574273 0.573874 0.574799 0.575530 0.576948 0.578189 0.580389 0.581921 0.583788 0.585561 0.587516 0.589289 0.591054 0.592460 0.593667 0.594427 0.594585 0.594083 0.592681 0.590278 0.586183 0.581026 0.574186 0.565445 0.554825 0.542174 0.527923 0.511992 0.495403 0.478011 0.461191 0.444609 0.429252 0.414819 0.401725 0.389780 0.379015 0.369354 0.360634 0.352957 0.345999 0.340149 0.334825 0.330822 0.327028 0.327233 0.357847 0.347199
0.666893 0.604661 0.579225 0.578793 0.579852 0.580681 0.582209 0.583592 0.585431 0.587259 0.589336 0.591455 0.593672 0.595885 0.598054 0.600089 0.601891 0.603335 0.604265 0.604501 0.603821 0.601976 0.598696 0.593666 0.586651 0.577303 0.565633 0.551326 0.534988 0.516366 0.497013 0.476543 0.457140 0.438018 0.420722 0.404577 0.390206 0.377206 0.365619 0.355264 0.345936 0.337700 0.330218 0.323862 0.318109 0.313711 0.309590 0.309806 0.334065 0.352399
0.638776 0.608760 0.583672 0.583204 0.584631 0.585505 0.587241 0.588803 0.590879 0.592994 0.595405 0.597922 0.600595 0.603332 0.606092 0.608788 0.611317 0.613550 0.615315 0.616409 0.616575 0.615506 0.612865 0.608224 0.601261 0.591439 0.578742 0.562594 0.543849 0.521893 0.499198 0.474742 0.452338 0.430162 0.410800 0.392847 0.377282 0.363336 0.351066 0.340152 0.330302 0.321577 0.313568 0.306707 0.300481 0.295667 0.291163 0.291429 0.314642 0.306468
0.658983 0.612015 0.588286 0.587728 0.589363 0.590247 0.592210 0.593927 0.596272 0.598680 0.601462 0.604411 0.607593 0.610921 0.614360 0.617830 0.621226 0.624427 0.627245 0.629467 0.630794 0.630864 0.629259 0.625411 0.618878 0.608841 0.595203 0.577001 0.555288 0.529122 0.501963 0.472457 0.446391 0.420645 0.399081 0.379265 0.362639 0.347910 0.335156 0.323875 0.313627 0.304532 0.295958 0.288616 0.281804 0.276554 0.271595 0.271837 0.291915 0.249871
0.601408 0.617335 0.592110 0.591545 0.593524 0.594256 0.596489 0.598343 0.600975 0.603682 0.606857 0.610256 0.613982 0.617945 0.622128 0.626464 0.630855 0.635192 0.639281 0.642911 0.645744 0.647370 0.647282 0.644751 0.639178 0.629376 0.615102 0.594779 0.569768 0.538180 0.505589 0.468723 0.438566 0.408253 0.384584 0.362950 0.345652 0.330516 0.317667 0.306334 0.295893 0.286504 0.277378 0.269441 0.262070 0.256324 0.251082 0.251106 0.269270 0.243022
0.618122 0.619539 0.596205 0.595332 0.597894 0.598523 0.601087 0.603043 0.605996 0.608997 0.612599 0.616484 0.620807 0.625475 0.630498 0.635826 0.641368 0.647056 0.652688 0.658091 0.662892 0.666659 0.668789 0.668385 0.664630 0.655854 0.641376 0.618947 0.589350 0.550835 0.509436 0.463450 0.427696 0.392641 0.366858 0.343797 0.326286 0.311238 0.298756 0.287804 0.277393 0.267990 0.258039 0.249552 0.241199 0.234956 0.229220 0.229016 0.243814 0.244086
0.583947 0.623123 0.598751 0.597559 0.600569 0.601064 0.603731 0.605948 0.609096 0.612427 0.616425 0.620776 0.625676 0.631031 0.636903 0.643257 0.650018 0.657174 0.664550 0.672035 0.679221 0.685706 0.690798 0.693502 0.692702 0.686217 0.672723 0.648900 0.614977 0.567214 0.515597 0.453248 0.412790 0.370693 0.343960 0.319902 0.303299 0.289289 0.278041 0.268082 0.258136 0.248566 0.237813 0.228102 0.219051 0.211950 0.205646 0.205487 0.215674 0.203425
0.595812 0.627402 0.602677 0.601464 0.605321 0.605261 0.608367 0.610474 0.614012 0.617569 0.622051 0.626911 0.632471 0.638606 0.645450 0.652988 0.661148 0.670016 0.679425 0.689434 0.699612 0.709671 0.718862 0.726187 0.730227 0.728288 0.717517 0.693870 0.652734 0.593448 0.519283 0.438519 0.388405 0.342599 0.314753 0.291866 0.277112 0.265383 0.256251 0.248222 0.239090 0.230274 0.217449 0.206748 0.195495 0.188004 0.180578 0.180233 0.184724 0.199104
0.611985 0.626431 0.604019 0.600701 0.603707 0.604683 0.606233 0.609683 0.612742 0.616782 0.621586 0.626844 0.632897 0.639615 0.647301 0.655904 0.665341 0.675818 0.687353 0.700141 0.713604 0.727786 0.741874 0.755376 0.766252 0.771616 0.766926 0.746775 0.701929 0.627255 0.528698 0.404522 0.355287 0.299942 0.276591 0.256014 0.245960 0.238400 0.233078 0.228002 0.220705 0.211305 0.196312 0.182028 0.170313 0.161135 0.153406 0.153382 0.153454 0.161218
0.607667 0.628422 0.606709 0.607700 0.612282 0.610825 0.613559 0.616040 0.619980 0.623950 0.629422 0.635214 0.642013 0.649520 0.658376 0.668379 0.679402 0.691758 0.705628 0.721502 0.738966 0.758350 0.778981 0.801138 0.823087 0.842351 0.851866 0.844553 0.794965 0.699224 0.529140 0.359336 0.292319 0.248278 0.226143 0.215717 0.211159 0.210271 0.210063 0.209810 0.205254 0.198662 0.177217 0.159391 0.142998 0.133393 0.124788 0.123537 0.117008 0.125245
0.641581 0.643173 0.612254 0.596698 0.594663 0.601651 0.597480 0.605293 0.606831 0.611342 0.616813 0.622423 0.629188 0.636431 0.645659 0.656364 0.668132 0.681250 0.697404 0.716831 0.737693 0.761591 0.788069 0.820287 0.854587 0.889380 0.917595 0.930786 0.893258 0.780543 0.526180 0.233847 0.206990 0.163095 0.162577 0.164207 0.171532 0.180048 0.187636 0.194181 0.195339 0.186176 0.155010 0.126943 0.111727 0.100393 0.092834 0.092459 0.108911 0.083279
0.617348 0.605124 0.602974 0.622911 0.638235 0.627643 0.634994 0.632748 0.636448 0.642872 0.648132 0.654468 0.661985 0.669214 0.679836 0.692528 0.706358 0.720192 0.737831 0.759082 0.784014 0.814139 0.849323 0.894540 0.950825 1.020352 1.108459 1.187428 1.212793 1.015937 0.520826 0.088517 0.030894 0.077659 0.082775 0.113763 0.130663 0.150956 0.167375 0.182822 0.193958 0.195835 0.145360 0.099655 0.079357 0.064925 0.063584 0.055726 0.045090 0.039928
0.629592 0.642985 0.622376 0.633181 0.624632 0.629395 0.624654 0.625685 0.622281 0.667232 0.650197 0.661624 0.653754 0.646713 0.687940 0.699717 0.698793 0.710487 0.735781 0.836208 0.870108 0.847304 0.896296 0.935839 1.014658 1.167704 1.263063 1.463254 2.179499 2.345224 0.709825 -0.472555 -0.205065 -0.053876 -0.005803 0.056486 0.090270 0.123663 0.151093 0.183078 0.214471 0.214617 0.098071 0.015129 -0.000825 -0.016952 0.017287 0.006113 0.001414 0.011692
0.000000 0.000000 0.000000 0.000000 0.000000 0.000000 0.000000 0.000000 0.000000 0.000000 0.000000 0.000000 0.000000 0.000000 0.000000 0.000000 0.000000 0.000000 0.000000 0.000000 0.000000 0.000000 0.000000 0.000000 0.000000 0.000000 0.000000 0.000000 0.000000 0.000000 0.000000 -0.520557 -0.281908 -0.148037 -0.051109 0.011596 0.059672 0.098229 0.134238 0.170208 0.227584 0.306833 0.298526 0.000000 0.000000 0.000000 0.000000 0.000000 0.000000 0.000000
0.000000 0.000000 0.000000 0.000000 0.000000 0.000000 0.000000 0.000000 0.000000 0.000000 0.000000 0.000000 0.000000 0.000000 0.000000 0.000000 0.000000 0.000000 0.000000 0.000000 0.000000 0.000000 0.000000 0.000000 0.000000 0.000000 0.000000 0.000000 0.000000 0.000000 0.000000 -0.310001 -0.215818 -0.135056 -0.059227 -0.005331 0.039674 0.076743 0.111451 0.142642 0.185716 0.186442 0.207005 0.000000 0.000000 0.000000 0.000000 0.000000 0.000000 0.000000
0.000000 0.000000 0.000000 0.000000 0.000000 0.000000 0.000000 0.000000 0.000000 0.000000 0.000000 0.000000 0.000000 0.000000 0.000000 0.000000 0.000000 0.000000 0.000000 0.000000 0.000000 0.000000 0.000000 0.000000 0.000000 0.000000 0.000000 0.000000 0.000000 0.000000 0.000000 -0.205566 -0.168182 -0.119439 -0.060525 -0.016877 0.023962 0.057904 0.088029 0.116033 0.139013 0.153075 0.175672 0.000000 0.000000 0.000000 0.000000 0.000000 0.000000 0.000000
0.000000 0.000000 0.000000 0.000000 0.000000 0.000000 0.000000 0.000000 0.000000 0.000000 0.000000 0.000000 0.000000 0.000000 0.000000 0.000000 0.000000 0.000000 0.000000 0.000000 0.000000 0.000000 0.000000 0.000000 0.000000 0.000000 0.000000 0.000000 0.000000 0.000000 0.000000 -0.135947 -0.124517 -0.091647 -0.051002 -0.016803 0.015963 0.043838 0.069358 0.090306 0.108498 0.117342 0.123767 0.000000 0.000000 0.000000 0.000000 0.000000 0.000000 0.000000
0.000000 0.000000 0.000000 0.000000 0.000000 0.000000 0.000000 0.000000 0.000000 0.000000 0.000000 0.000000 0.000000 0.000000 0.000000 0.000000 0.000000 0.000000 0.000000 0.000000 0.000000 0.000000 0.000000 0.000000 0.000000 0.000000 0.000000 0.000000 0.000000 0.000000 0.000000 -0.145184 -0.093443 -0.073634 -0.043444 -0.017492 0.009241 0.032458 0.053087 0.070590 0.083224 0.091033 0.097424 0.000000 0.000000 0.000000 0.000000 0.000000 0.000000 0.000000
0.000000 0.000000 0.000000 0.000000 0.000000 0.000000 0.000000 0.000000 0.000000 0.000000 0.000000 0.000000 0.000000 0.000000 0.000000 0.000000 0.000000 0.000000 0.000000 0.000000 0.000000 0.000000 0.000000 0.000000 0.000000 0.000000 0.000000 0.000000 0.000000 0.000000 0.000000 -0.083590 -0.069305 -0.054884 -0.034144 -0.014236 0.006142 0.024312 0.040786 0.053943 0.063791 0.072260 0.072502 0.000000 0.000000 0.000000 0.000000 0.000000 0.000000 0.000000
0.000000 0.000000 0.000000 0.000000 0.000000 0.000000 0.000000 0.000000 0.000000 0.000000 0.000000 0.000000 0.000000 0.000000 0.000000 0.000000 0.000000 0.000000 0.000000 0.000000 0.000000 0.000000 0.000000 0.000000 0.000000 0.000000 0.000000 0.000000 0.000000 0.000000 0.000000 -0.051860 -0.052258 -0.042710 -0.027350 -0.012401 0.003530 0.018029 0.030898 0.041711 0.048454 0.053919 0.055229 0.000000 0.000000 0.000000 0.000000 0.000000 0.000000 0.000000
0.000000 0.000000 0.000000 0.000000 0.000000 0.000000 0.000000 0.000000 0.000000 0.000000 0.000000 0.000000 0.000000 0.000000 0.000000 0.000000 0.000000 0.000000 0.000000 0.000000 0.000000 0.000000 0.000000 0.000000 0.000000 0.000000 0.000000 0.000000 0.000000 0.000000 0.000000 -0.057091 -0.039029 -0.031941 -0.021034 -0.009687 0.002321 0.013471 0.023520 0.031681 0.037244 0.058983 0.049633 0.000000 0.000000 0.000000 0.000000 0.000000 0.000000 0.000000
0.000000 0.000000 0.000000 0.000000 0.000000 0.000000 0.000000 0.000000 0.000000 0.000000 0.000000 0.000000 0.000000 0.000000 0.000000 0.000000 0.000000 0.000000 0.000000 0.000000 0.000000 0.000000 0.000000 0.000000 0.000000 0.000000 0.000000 0.000000 0.000000 0.000000 0.000000 -0.034052 -0.029493 -0.024437 -0.016377 -0.007827 0.001374 0.010051 0.017824 0.024262 0.028480 0.048474 0.036094 0.000000 0.000000 0.000000 0.000000 0.000000 0.000000 0.000000
0.000000 0.000000 0.000000 0.000000 0.000000 0.000000 0.000000 0.000000 0.000000 0.000000 0.000000 0.000000 0.000000 0.000000 0.000000 0.000000 0.000000 0.000000 0.000000 0.000000 0.000000 0.000000 0.000000 0.000000 0.000000 0.000000 0.000000 0.000000 0.000000 0.000000 0.000000 -0.024592 -0.022189 -0.018392 -0.012510 -0.006045 0.000888 0.007519 0.013483 0.018408 0.021632 0.024914 0.025636 0.000000 0.000000 0.000000 0.000000 0.000000 0.000000 0.000000
0.000000 0.000000 0.000000 0.000000 0.000000 0.000000 0.000000 0.000000 0.000000 0.000000 0.000000 0.000000 0.000000 0.000000 0.000000 0.000000 0.000000 0.000000 0.000000 0.000000 0.000000 0.000000 0.000000 0.000000 0.000000 0.000000 0.000000 0.000000 0.000000 0.000000 0.000000 -0.018861 -0.016720 -0.013966 -0.009591 -0.004716 0.000551 0.005641 0.010217 0.014025 0.016495 0.018622 0.019132 0.000000 0.000000 0.000000 0.000000 0.000000 0.000000 0.000000
0.000000 0.000000 0.000000 0.000000 0.000000 0.000000 0.000000 0.000000 0.000000 0.000000 0.000000 0.000000 0.000000 0.000000 0.000000 0.000000 0.000000 0.000000 0.000000 0.000000 0.000000 0.000000 0.000000 0.000000 0.000000 0.000000 0.000000 0.000000 0.000000 0.000000 0.000000 -0.014920 -0.012601 -0.010537 -0.007291 -0.003616 0.000358 0.004231 0.007715 0.010637 0.012480 0.014222 0.016032 0.000000 0.000000 0.000000 0.000000 0.000000 0.000000 0.000000
0.000000 0.000000 0.000000 0.000000 0.000000 0.000000 0.000000 0.000000 0.000000 0.000000 0.000000 0.000000 0.000000 0.000000 0.000000 0.000000 0.000000 0.000000 0.000000 0.000000 0.000000 0.000000 0.000000 0.000000 0.000000 0.000000 0.000000 0.000000 0.000000 0.000000 0.000000 -0.011433 -0.009539 -0.007974 -0.005553 -0.002775 0.000233 0.003183 0.005845 0.008073 0.009510 0.010453 0.010699 0.000000 0.000000 0.000000 0.000000 0.000000 0.000000 0.000000
0.000000 0.000000 0.000000 0.000000 0.000000 0.000000 0.000000 0.000000 0.000000 0.000000 0.000000 0.000000 0.000000 0.000000 0.000000 0.000000 0.000000 0.000000 0.000000 0.000000 0.000000 0.000000 0.000000 0.000000 0.000000 0.000000 0.000000 0.000000 0.000000 0.000000 0.000000 -0.008550 -0.007180 -0.006009 -0.004203 -0.002111 0.000156 0.002391 0.004411 0.006105 0.007216 0.012729 0.008392 0.000000 0.000000 0.000000 0.000000 0.000000 0.000000 0.000000
0.000000 0.000000 0.000000 0.000000 0.000000 0.000000 0.000000 0.000000 0.000000 0.000000 0.000000 0.000000 0.000000 0.000000 0.000000 0.000000 0.000000 0.000000 0.000000 0.000000 0.000000 0.000000 0.000000 0.000000 0.000000 0.000000 0.000000 0.000000 0.000000 0.000000 0.000000 -0.006368 -0.005426 -0.004537 -0.003182 -0.001605 0.000105 0.001797 0.003324 0.004618 0.005418 0.008939 0.008552 0.000000 0.000000 0.000000 0.000000 0.000000 0.000000 0.000000
0.000000 0.000000 0.000000 0.000000 0.000000 0.000000 0.000000 0.000000 0.000000 0.000000 0.000000 0.000000 0.000000 0.000000 0.000000 0.000000 0.000000 0.000000 0.000000 0.000000 0.000000 0.000000 0.000000 0.000000 0.000000 0.000000 0.000000 0.000000 0.000000 0.000000 0.000000 -0.006363 -0.004052 -0.003398 -0.002388 -0.001208 0.000073 0.001345 0.002498 0.003470 0.004103 0.004825 0.003861 0.000000 0.000000 0.000000 0.000000 0.000000 0.000000 0.000000
0.000000 0.000000 0.000000 0.000000 0.000000 0.000000 0.000000 0.000000 0.000000 0.000000 0.000000 0.000000 0.000000 0.000000 0.000000 0.000000 0.000000 0.000000 0.000000 0.000000 0.000000 0.000000 0.000000 0.000000 0.000000 0.000000 0.000000 0.000000 0.000000 0.000000 0.000000 -0.003932 -0.003036 -0.002541 -0.001791 -0.000908 0.000051 0.001004 0.001871 0.002598 0.003083 0.003772 0.004018 0.000000 0.000000 0.000000 0.000000 0.000000 0.000000 0.000000
0.000000 0.000000 0.000000 0.000000 0.000000 0.000000 0.000000 0.000000 0.000000 0.000000 0.000000 0.000000 0.000000 0.000000 0.000000 0.000000 0.000000 0.000000 0.000000 0.000000 0.000000 0.000000 0.000000 0.000000 0.000000 0.000000 0.000000 0.000000 0.000000 0.000000 0.000000 -0.002701 -0.002224 -0.001868 -0.001312 -0.000667 0.000036 0.000737 0.001372 0.001913 0.002263 0.003582 0.002481 0.000000 0.000000 0.000000 0.000000 0.000000 0.000000 0.000000
0.000000 0.000000 0.000000 0.000000 0.000000 0.000000 0.000000 0.000000 0.000000 0.000000 0.000000 0.000000 0.000000 0.000000 0.000000 0.000000 0.000000 0.000000 0.000000 0.000000 0.000000 0.000000 0.000000 0.000000 0.000000 0.000000 0.000000 0.000000 0.000000 0.000000 0.000000 -0.002514 -0.001639 -0.001371 -0.000967 -0.000491 0.000024 0.000539 0.001007 0.001403 0.001652 0.001700 0.002547 0.000000 0.000000 0.000000 0.000000 0.000000 0.000000 0.000000
0.000000 0.000000 0.000000 0.000000 0.000000 0.000000 0.000000 0.000000 0.000000 0.000000 0.000000 0.000000 0.000000 0.000000 0.000000 0.000000 0.000000 0.000000 0.000000 0.000000 0.000000 0.000000 0.000000 0.000000 0.000000 0.000000 0.000000 0.000000 0.000000 0.000000 0.000000 -0.001793 -0.001104 -0.000930 -0.000651 -0.000335 0.000015 0.000368 0.000682 0.000950 0.001135 0.001261 0.001591 0.000000 0.000000 0.000000 0.000000 0.000000 0.000000 0.000000
0.000000 0.000000 0.000000 0.000000 0.000000 0.000000 0.000000 0.000000 0.000000 0.000000 0.000000 0.000000 0.000000 0.000000 0.000000 0.000000 0.000000 0.000000 0.000000 0.000000 0.000000 0.000000 0.000000 0.000000 0.000000 0.000000 0.000000 0.000000 0.000000 0.000000 0.000000 -0.000932 -0.001112 -0.000899 -0.000628 -0.000319 0.000015 0.000348 0.000656 0.000921 0.001135 0.001268 0.001176 0.000000 0.000000 0.000000 0.000000 0.000000 0.000000 0.000000
0.000000 0.000000 0.000000 0.000000 0.000000 0.000000 0.000000 0.000000 0.000000 0.000000 0.000000 0.000000 0.000000 0.000000 0.000000 0.000000 0.000000 0.000000 0.000000 0.000000 0.000000 0.000000 0.000000 0.000000 0.000000 0.000000 0.000000 0.000000 0.000000 0.000000 0.000000 -0.000702 -0.000578 -0.000597 -0.000280 -0.000268 0.000030 0.000319 0.000483 0.000557 0.000510 0.000566 0.000366 0.000000 0.000000 0.000000 0.000000 0.000000 0.000000 0.000000
0.000000 0.000000 0.000000 0.000000 0.000000 0.000000 0.000000 0.000000 0.000000 0.000000 0.000000 0.000000 0.000000 0.000000 0.000000 0.000000 0.000000 0.000000 0.000000 0.000000 0.000000 0.000000 0.000000 0.000000 0.000000 0.000000 0.000000 0.000000 0.000000 0.000000 0.000000 -0.000076 -0.000091 0.000107 0.000109 -0.000304 0.000099 -0.000130 -0.000107 0.000027 0.000023 0.000044 0.000064 0.000000 0.000000 0.000000 0.000000 0.000000 0.000000 0.000000
