0.004189 -0.003884 0.018112 0.022431 -0.003042 0.006202 0.000165 -0.005531 0.034844 -0.001152 -0.009409 -0.002360 -0.025899 -0.026219 -0.027163 -0.003237 -0.003882 -0.054632 -0.049264 -0.027079 -0.043099 -0.002927 -0.053871 -0.049859 -0.031091 -0.034945 -0.003440 -0.042080 -0.041129 -0.035918 -0.009203 -0.035342 -0.061700 -0.051113 -0.035137 -0.064831 -0.045294 -0.001559 -0.003746 -0.018853 -0.013848 -0.011611 0.002588 0.019125 0.016822 -0.018401 -0.005800 0.004531 0.001974 0.051386
0.003386 -0.010372 0.014497 -0.053368 0.009191 -0.010521 -0.006091 -0.076086 -0.046365 -0.027807 -0.095305 -0.062481 -0.059634 -0.116505 -0.117152 -0.121481 -0.126696 -0.132469 -0.136613 -0.138874 -0.105113 -0.149998 -0.152369 -0.156932 -0.111938 -0.162157 -0.164391 -0.165687 -0.164639 -0.168079 -0.164138 -0.166169 -0.161925 -0.159057 -0.154348 -0.152302 -0.100836 -0.093804 -0.141966 -0.079286 -0.070514 -0.060459 -0.067060 -0.052856 -0.046771 -0.027675 -0.020670 -0.058675 0.020295 -0.012908
-0.002791 -0.009826 -0.016671 -0.044087 -0.030329 -0.030117 -0.038383 -0.042624 -0.051298 -0.052970 -0.055056 -0.063824 -0.070951 -0.081050 -0.088457 -0.094429 -0.099154 -0.104567 -0.110168 -0.114699 -0.119603 -0.123668 -0.127807 -0.131343 -0.134552 -0.137075 -0.139157 -0.140862 -0.141900 -0.142468 -0.141977 -0.140975 -0.138713 -0.135862 -0.131769 -0.127564 -0.121753 -0.115665 -0.107539 -0.097809 -0.088174 -0.076482 -0.061857 -0.059071 -0.058827 -0.040590 -0.030373 -0.034625 -0.019206 -0.007237
0.003948 -0.002071 0.002844 -0.027018 -0.034162 -0.027932 -0.034248 -0.037781 -0.045561 -0.049142 -0.055408 -0.061272 -0.067111 -0.073006 -0.079197 -0.085871 -0.091565 -0.096945 -0.102361 -0.107538 -0.113292 -0.118757 -0.122686 -0.127295 -0.131262 -0.134305 -0.137002 -0.138680 -0.139973 -0.140850 -0.140217 -0.138951 -0.136651 -0.133570 -0.129859 -0.125200 -0.119482 -0.113181 -0.106087 -0.097881 -0.089324 -0.080051 -0.069942 -0.056694 -0.042930 -0.027112 -0.021751 -0.048873 -0.021337 0.001177
0.005588 -0.009874 -0.000008 -0.009894 -0.019232 -0.021771 -0.034987 -0.038176 -0.044397 -0.047643 -0.055381 -0.061441 -0.067274 -0.073379 -0.079794 -0.087892 -0.093258 -0.100358 -0.105731 -0.111964 -0.117103 -0.123112 -0.127613 -0.131976 -0.136109 -0.139303 -0.141903 -0.143639 -0.144629 -0.144984 -0.144474 -0.142992 -0.140761 -0.137459 -0.133592 -0.128657 -0.123206 -0.117051 -0.109817 -0.103625 -0.094810 -0.088098 -0.081267 -0.065707 -0.053944 -0.047452 -0.044048 -0.049716 0.003006 0.023997
0.025268 0.003610 -0.017265 -0.020506 -0.026232 -0.031229 -0.040777 -0.043246 -0.047972 -0.053662 -0.059562 -0.065374 -0.071395 -0.076810 -0.083646 -0.090419 -0.096076 -0.102260 -0.107603 -0.113362 -0.118603 -0.124239 -0.128969 -0.133535 -0.137758 -0.141234 -0.144105 -0.146192 -0.147538 -0.148202 -0.148016 -0.146916 -0.144930 -0.141940 -0.138163 -0.133391 -0.127972 -0.121189 -0.114603 -0.103896 -0.098238 -0.082897 -0.079017 -0.059024 -0.049609 -0.039534 -0.026802 -0.034889 -0.020431 -0.005979
-0.011735 -0.000249 -0.011138 -0.013549 -0.021957 -0.030555 -0.042205 -0.037045 -0.046325 -0.053202 -0.061235 -0.065996 -0.073812 -0.078748 -0.085507 -0.091279 -0.097833 -0.103987 -0.110328 -0.116592 -0.122615 -0.128414 -0.133887 -0.139040 -0.143746 -0.147987 -0.151541 -0.154301 -0.156201 -0.156849 -0.156844 -0.155677 -0.153580 -0.150538 -0.146496 -0.141392 -0.135878 -0.128885 -0.122123 -0.111678 -0.104834 -0.089469 -0.084006 -0.083115 -0.063752 -0.043412 -0.030795 -0.037469 -0.016013 -0.004628
0.005925 0.003903 -0.016561 -0.017659 -0.019398 -0.029292 -0.035156 -0.041367 -0.048730 -0.053386 -0.060862 -0.065856 -0.072601 -0.078321 -0.084923 -0.091263 -0.097695 -0.104099 -0.110375 -0.116675 -0.122745 -0.128749 -0.134355 -0.139635 -0.144456 -0.148670 -0.152207 -0.154955 -0.156854 -0.157846 -0.157889 -0.156909 -0.154893 -0.151804 -0.147735 -0.142628 -0.136736 -0.129676 -0.122426 -0.112939 -0.105034 -0.091607 -0.084497 -0.067862 -0.059067 -0.043130 -0.032375 -0.034536 -0.018798 -0.023806
0.018634 0.013206 -0.015559 -0.015612 -0.022647 -0.026596 -0.035895 -0.038683 -0.047783 -0.052087 -0.059727 -0.065281 -0.071989 -0.078155 -0.084845 -0.091447 -0.098199 -0.104957 -0.111687 -0.118403 -0.124966 -0.131412 -0.137540 -0.143324 -0.148641 -0.153361 -0.157372 -0.160548 -0.162798 -0.164058 -0.164266 -0.163356 -0.161304 -0.158097 -0.153822 -0.148488 -0.142309 -0.135076 -0.127502 -0.118403 -0.110069 -0.098825 -0.088690 -0.076410 -0.064115 -0.052043 -0.034465 -0.037471 -0.022349 -0.023813
0.012939 0.011873 -0.016684 -0.016740 -0.021307 -0.028546 -0.034250 -0.040799 -0.047987 -0.052957 -0.059834 -0.065403 -0.072015 -0.078340 -0.085107 -0.091899 -0.098872 -0.105916 -0.113012 -0.120139 -0.127197 -0.134162 -0.140887 -0.147294 -0.153246 -0.158598 -0.163216 -0.166954 -0.169697 -0.171336 -0.171796 -0.171011 -0.168965 -0.165669 -0.161181 -0.155546 -0.148916 -0.141227 -0.132852 -0.123304 -0.113528 -0.102360 -0.091201 -0.078644 -0.065695 -0.053417 -0.037637 -0.038245 -0.024276 -0.005858
-0.001652 -0.021216 -0.015081 -0.015290 -0.022326 -0.028429 -0.034817 -0.040506 -0.046690 -0.052239 -0.058739 -0.064756 -0.071405 -0.077991 -0.084935 -0.092003 -0.099293 -0.106727 -0.114288 -0.121938 -0.129599 -0.137214 -0.144654 -0.151807 -0.158527 -0.164646 -0.169998 -0.174402 -0.177714 -0.179785 -0.180529 -0.179871 -0.177793 -0.174327 -0.169541 -0.163529 -0.156423 -0.148262 -0.139296 -0.129319 -0.118886 -0.107356 -0.095580 -0.082887 -0.069179 -0.056580 -0.040115 -0.040313 -0.023876 0.009180
0.004126 0.003834 -0.015286 -0.015755 -0.022259 -0.027656 -0.034049 -0.039476 -0.045759 -0.051458 -0.057885 -0.064078 -0.070767 -0.077540 -0.084658 -0.091991 -0.099600 -0.107439 -0.115492 -0.123718 -0.132048 -0.140405 -0.148670 -0.156710 -0.164357 -0.171409 -0.177668 -0.182898 -0.186924 -0.189542 -0.190649 -0.190145 -0.188023 -0.184344 -0.179184 -0.172692 -0.164993 -0.156205 -0.146499 -0.135865 -0.124557 -0.112453 -0.099706 -0.086629 -0.072162 -0.059117 -0.042212 -0.042117 -0.023998 0.016892
0.002503 0.007435 -0.014619 -0.015103 -0.021448 -0.026750 -0.032923 -0.038419 -0.044534 -0.050364 -0.056717 -0.063054 -0.069805 -0.076754 -0.084064 -0.091676 -0.099633 -0.107915 -0.116511 -0.125384 -0.134476 -0.143703 -0.152944 -0.162042 -0.170809 -0.178997 -0.186371 -0.192619 -0.197527 -0.200805 -0.202337 -0.201989 -0.199766 -0.195781 -0.190123 -0.183024 -0.174614 -0.165094 -0.154600 -0.143241 -0.131124 -0.118362 -0.104808 -0.091122 -0.075876 -0.062237 -0.044451 -0.044270 -0.026296 0.023184
0.005497 -0.024737 -0.014167 -0.014860 -0.020715 -0.025885 -0.031821 -0.037258 -0.043239 -0.049091 -0.055377 -0.061782 -0.068578 -0.075665 -0.083156 -0.091035 -0.099344 -0.108086 -0.117258 -0.126838 -0.136777 -0.146992 -0.157362 -0.167708 -0.177824 -0.187398 -0.196157 -0.203676 -0.209699 -0.213801 -0.215858 -0.215671 -0.213276 -0.208867 -0.202546 -0.194675 -0.185382 -0.174974 -0.163559 -0.151341 -0.138328 -0.124788 -0.110362 -0.095969 -0.079909 -0.065566 -0.047120 -0.046722 -0.011053 -0.026297
-0.010820 0.005617 -0.013617 -0.014197 -0.019858 -0.024859 -0.030573 -0.035907 -0.041738 -0.047513 -0.053711 -0.060147 -0.067012 -0.074244 -0.081931 -0.090087 -0.098762 -0.107974 -0.117752 -0.128093 -0.138952 -0.150283 -0.161822 -0.173639 -0.185380 -0.196652 -0.207145 -0.216261 -0.223707 -0.228840 -0.231538 -0.231491 -0.228797 -0.223787 -0.216566 -0.207707 -0.197315 -0.185846 -0.173371 -0.160184 -0.146214 -0.131818 -0.116490 -0.101298 -0.084318 -0.069164 -0.049736 -0.049131 -0.026617 -0.001522
0.000286 -0.020354 -0.012918 -0.013383 -0.019075 -0.023739 -0.029221 -0.034412 -0.040032 -0.045751 -0.051834 -0.058213 -0.065015 -0.072259 -0.080027 -0.088368 -0.097344 -0.107007 -0.117397 -0.128537 -0.140421 -0.152993 -0.166161 -0.179703 -0.193401 -0.206757 -0.219429 -0.230576 -0.239870 -0.246309 -0.249822 -0.249869 -0.246666 -0.240797 -0.232330 -0.222198 -0.210420 -0.197686 -0.183983 -0.169715 -0.154718 -0.139410 -0.123155 -0.107115 -0.089205 -0.073237 -0.052843 -0.052114 -0.004955 0.014355
-0.030444 -0.022486 -0.012206 -0.012755 -0.017989 -0.022506 -0.027671 -0.032702 -0.038076 -0.043650 -0.049563 -0.055844 -0.062571 -0.069809 -0.077636 -0.086133 -0.095380 -0.105459 -0.116446 -0.128395 -0.141348 -0.155277 -0.170132 -0.185682 -0.201737 -0.217668 -0.233120 -0.246905 -0.258650 -0.266796 -0.271333 -0.271341 -0.267304 -0.260191 -0.249999 -0.238218 -0.224686 -0.210439 -0.195313 -0.179861 -0.163771 -0.147525 -0.130316 -0.113381 -0.094440 -0.077552 -0.055913 -0.055071 -0.007104 -0.016728
-0.005014 -0.021121 -0.011428 -0.011728 -0.016794 -0.021135 -0.025933 -0.030781 -0.035849 -0.041230 -0.046911 -0.053030 -0.059610 -0.066768 -0.074577 -0.083151 -0.092592 -0.103018 -0.114549 -0.127286 -0.141334 -0.156710 -0.173445 -0.191304 -0.210178 -0.229270 -0.248268 -0.265469 -0.280545 -0.290928 -0.296926 -0.296693 -0.291220 -0.282314 -0.269636 -0.255712 -0.239938 -0.223910 -0.207167 -0.190474 -0.173287 -0.156136 -0.138017 -0.120176 -0.100219 -0.082424 -0.059645 -0.058674 -0.011819 -0.001788
-0.011246 -0.022802 -0.010525 -0.010988 -0.015488 -0.019664 -0.024003 -0.028646 -0.033331 -0.038466 -0.043839 -0.049720 -0.056067 -0.063050 -0.070736 -0.079276 -0.088794 -0.099454 -0.111421 -0.124863 -0.139967 -0.156825 -0.175594 -0.196066 -0.218299 -0.241331 -0.264952 -0.286824 -0.306505 -0.320085 -0.327914 -0.326848 -0.319081 -0.307473 -0.291373 -0.274661 -0.256055 -0.237930 -0.219347 -0.201384 -0.183111 -0.165186 -0.146228 -0.127513 -0.106482 -0.087631 -0.063533 -0.062441 -0.013809 0.003428
-0.000734 -0.023776 -0.009839 -0.010303 -0.014114 -0.018174 -0.021862 -0.026301 -0.030518 -0.035354 -0.040344 -0.045910 -0.051929 -0.058630 -0.066067 -0.074436 -0.083878 -0.094611 -0.106849 -0.120846 -0.136898 -0.155195 -0.176080 -0.199416 -0.225541 -0.253327 -0.282840 -0.310804 -0.337107 -0.355046 -0.366216 -0.363605 -0.351631 -0.336251 -0.314927 -0.294657 -0.272378 -0.251898 -0.231344 -0.212239 -0.193115 -0.174647 -0.155085 -0.135466 -0.113320 -0.093284 -0.067862 -0.066550 -0.016125 0.001728
-0.005424 -0.020585 -0.008736 -0.009080 -0.012338 -0.016469 -0.019498 -0.023740 -0.027384 -0.031866 -0.036357 -0.041514 -0.047080 -0.053365 -0.060392 -0.068417 -0.077579 -0.088156 -0.100412 -0.114692 -0.131440 -0.150971 -0.173906 -0.200256 -0.230829 -0.264570 -0.301811 -0.338875 -0.374617 -0.400003 -0.414960 -0.408348 -0.389837 -0.368239 -0.340242 -0.315274 -0.288608 -0.265453 -0.242768 -0.222734 -0.202922 -0.184538 -0.164681 -0.144339 -0.121071 -0.099483 -0.072929 -0.071172 -0.019767 -0.005898
0.002732 -0.015773 -0.008211 -0.008533 -0.010648 -0.014992 -0.016990 -0.020939 -0.024042 -0.028031 -0.032003 -0.036665 -0.041681 -0.047409 -0.053849 -0.061329 -0.069976 -0.080099 -0.092014 -0.106214 -0.123278 -0.143676 -0.168339 -0.197559 -0.232824 -0.273275 -0.320016 -0.368582 -0.418698 -0.454497 -0.479427 -0.465989 -0.434111 -0.405055 -0.365711 -0.335347 -0.302956 -0.277124 -0.252520 -0.232121 -0.212630 -0.194972 -0.175579 -0.154215 -0.129464 -0.106569 -0.078118 -0.076112 -0.024574 -0.004123
-0.005675 -0.015181 -0.007449 -0.007488 -0.008562 -0.013406 -0.014211 -0.018036 -0.020192 -0.023766 -0.026971 -0.031063 -0.035377 -0.040400 -0.046050 -0.052768 -0.060596 -0.069907 -0.081025 -0.094563 -0.111280 -0.131824 -0.157511 -0.189036 -0.228826 -0.277319 -0.336101 -0.403864 -0.475281 -0.534002 -0.567925 -0.537951 -0.486039 -0.442072 -0.391008 -0.352918 -0.315034 -0.286263 -0.259881 -0.239854 -0.220869 -0.206174 -0.188256 -0.166299 -0.139850 -0.114289 -0.084142 -0.082005 -0.027411 -0.001227
0.009867 -0.010452 -0.008786 -0.008690 -0.006188 -0.011668 -0.011003 -0.013959 -0.016238 -0.018821 -0.021593 -0.024948 -0.028533 -0.032669 -0.037280 -0.042982 -0.049763 -0.057841 -0.067471 -0.079804 -0.095576 -0.115457 -0.140829 -0.173319 -0.216697 -0.272585 -0.344326 -0.433244 -0.537295 -0.629233 -0.697271 -0.637158 -0.539509 -0.484418 -0.409458 -0.365932 -0.320399 -0.289901 -0.262853 -0.244455 -0.229375 -0.219342 -0.204795 -0.180225 -0.150360 -0.123448 -0.089775 -0.087636 -0.032646 -0.010440
-0.021608 0.016832 -0.010376 -0.002466 -0.004203 -0.010504 -0.007679 -0.013422 -0.010909 -0.014206 -0.015626 -0.018231 -0.020983 -0.024037 -0.027293 -0.031696 -0.037325 -0.043963 -0.051722 -0.061836 -0.074879 -0.091977 -0.114830 -0.145668 -0.188888 -0.250017 -0.335153 -0.461807 -0.625094 -0.802701 -0.890156 -0.769604 -0.600194 -0.508802 -0.423567 -0.367718 -0.320341 -0.287265 -0.260411 -0.244718 -0.232147 -0.233959 -0.227061 -0.200522 -0.165966 -0.132419 -0.096976 -0.095539 -0.047517 -0.003521
0.004224 0.005858 -0.007459 -0.005965 -0.001285 -0.006227 -0.004371 -0.008285 -0.005887 -0.008618 -0.009858 -0.010622 -0.013215 -0.014462 -0.016340 -0.018570 -0.023448 -0.027099 -0.030211 -0.037767 -0.048283 -0.061832 -0.077793 -0.101091 -0.139448 -0.197386 -0.290770 -0.434579 -0.677053 -0.993223 -1.184332 -0.946467 -0.607555 -0.529651 -0.406706 -0.356569 -0.304126 -0.273504 -0.248649 -0.237264 -0.238001 -0.257128 -0.260576 -0.221860 -0.175168 -0.141023 -0.101242 -0.102023 -0.044869 -0.006137
-0.001384 0.025445 0.027639 -0.003336 0.001137 -0.005668 -0.005766 -0.003782 -0.017295 -0.006411 0.008167 0.027005 -0.007456 0.018101 -0.023716 0.021691 -0.009817 0.033206 -0.005331 -0.025756 -0.029267 -0.025190 0.005550 -0.028015 -0.041025 -0.073657 -0.108367 -0.199522 -0.765965 -1.430442 -2.554359 -0.979571 -0.623200 -0.445231 -0.388169 -0.319542 -0.282724 -0.250197 -0.228243 -0.218296 -0.213364 -0.265227 -0.485238 -0.340964 -0.259161 -0.177808 -0.112605 -0.070004 -0.043536 -0.036006
0.000000 0.000000 0.000000 0.000000 0.000000 0.000000 0.000000 0.000000 0.000000 0.000000 0.000000 0.000000 0.000000 0.000000 0.000000 0.000000 0.000000 0.000000 0.000000 0.000000 0.000000 0.000000 0.000000 0.000000 0.000000 0.000000 0.000000 0.000000 0.000000 0.000000 0.000000 -0.128561 -0.375373 -0.310900 -0.295926 -0.260865 -0.235916 -0.211632 -0.188113 -0.173592 -0.144436 -0.057967 0.078555 0.000000 0.000000 0.000000 0.000000 0.000000 0.000000 0.000000
0.000000 0.000000 0.000000 0.000000 0.000000 0.000000 0.000000 0.000000 0.000000 0.000000 0.000000 0.000000 0.000000 0.000000 0.000000 0.000000 0.000000 0.000000 0.000000 0.000000 0.000000 0.000000 0.000000 0.000000 0.000000 0.000000 0.000000 0.000000 0.000000 0.000000 0.000000 -0.087232 -0.199867 -0.215337 -0.226250 -0.209150 -0.196575 -0.174602 -0.155209 -0.128081 -0.099711 -0.036433 -0.006641 0.000000 0.000000 0.000000 0.000000 0.000000 0.000000 0.000000
0.000000 0.000000 0.000000 0.000000 0.000000 0.000000 0.000000 0.000000 0.000000 0.000000 0.000000 0.000000 0.000000 0.000000 0.000000 0.000000 0.000000 0.000000 0.000000 0.000000 0.000000 0.000000 0.000000 0.000000 0.000000 0.000000 0.000000 0.000000 0.000000 0.000000 0.000000 -0.029753 -0.127508 -0.150724 -0.165525 -0.161515 -0.153883 -0.139343 -0.120984 -0.098038 -0.071075 0.002393 -0.003463 0.000000 0.000000 0.000000 0.000000 0.000000 0.000000 0.000000
0.000000 0.000000 0.000000 0.000000 0.000000 0.000000 0.000000 0.000000 0.000000 0.000000 0.000000 0.000000 0.000000 0.000000 0.000000 0.000000 0.000000 0.000000 0.000000 0.000000 0.000000 0.000000 0.000000 0.000000 0.000000 0.000000 0.000000 0.000000 0.000000 0.000000 0.000000 -0.007212 -0.080734 -0.106138 -0.123923 -0.124737 -0.122209 -0.110500 -0.096318 -0.075288 -0.051345 -0.019089 -0.009421 0.000000 0.000000 0.000000 0.000000 0.000000 0.000000 0.000000
0.000000 0.000000 0.000000 0.000000 0.000000 0.000000 0.000000 0.000000 0.000000 0.000000 0.000000 0.000000 0.000000 0.000000 0.000000 0.000000 0.000000 0.000000 0.000000 0.000000 0.000000 0.000000 0.000000 0.000000 0.000000 0.000000 0.000000 0.000000 0.000000 0.000000 0.000000 -0.012452 -0.056747 -0.076522 -0.091047 -0.094755 -0.093489 -0.085841 -0.074136 -0.057765 -0.039293 -0.015483 -0.007653 0.000000 0.000000 0.000000 0.000000 0.000000 0.000000 0.000000
0.000000 0.000000 0.000000 0.000000 0.000000 0.000000 0.000000 0.000000 0.000000 0.000000 0.000000 0.000000 0.000000 0.000000 0.000000 0.000000 0.000000 0.000000 0.000000 0.000000 0.000000 0.000000 0.000000 0.000000 0.000000 0.000000 0.000000 0.000000 0.000000 0.000000 0.000000 -0.020458 -0.039062 -0.055463 -0.068125 -0.072211 -0.072517 -0.066698 -0.057988 -0.044326 -0.030065 -0.012402 -0.008618 0.000000 0.000000 0.000000 0.000000 0.000000 0.000000 0.000000
0.000000 0.000000 0.000000 0.000000 0.000000 0.000000 0.000000 0.000000 0.000000 0.000000 0.000000 0.000000 0.000000 0.000000 0.000000 0.000000 0.000000 0.000000 0.000000 0.000000 0.000000 0.000000 0.000000 0.000000 0.000000 0.000000 0.000000 0.000000 0.000000 0.000000 0.000000 -0.001501 -0.028781 -0.040764 -0.050582 -0.054584 -0.055104 -0.051212 -0.044403 -0.034186 -0.023080 -0.010217 -0.007700 0.000000 0.000000 0.000000 0.000000 0.000000 0.000000 0.000000
0.000000 0.000000 0.000000 0.000000 0.000000 0.000000 0.000000 0.000000 0.000000 0.000000 0.000000 0.000000 0.000000 0.000000 0.000000 0.000000 0.000000 0.000000 0.000000 0.000000 0.000000 0.000000 0.000000 0.000000 0.000000 0.000000 0.000000 0.000000 0.000000 0.000000 0.000000 -0.002071 -0.020698 -0.030149 -0.037938 -0.041411 -0.042212 -0.039378 -0.034260 -0.026323 -0.017469 0.003328 0.004439 0.000000 0.000000 0.000000 0.000000 0.000000 0.000000 0.000000
0.000000 0.000000 0.000000 0.000000 0.000000 0.000000 0.000000 0.000000 0.000000 0.000000 0.000000 0.000000 0.000000 0.000000 0.000000 0.000000 0.000000 0.000000 0.000000 0.000000 0.000000 0.000000 0.000000 0.000000 0.000000 0.000000 0.000000 0.000000 0.000000 0.000000 0.000000 -0.005837 -0.015409 -0.022437 -0.028395 -0.031287 -0.032029 -0.030048 -0.026174 -0.020098 -0.013471 -0.000538 0.001219 0.000000 0.000000 0.000000 0.000000 0.000000 0.000000 0.000000
0.000000 0.000000 0.000000 0.000000 0.000000 0.000000 0.000000 0.000000 0.000000 0.000000 0.000000 0.000000 0.000000 0.000000 0.000000 0.000000 0.000000 0.000000 0.000000 0.000000 0.000000 0.000000 0.000000 0.000000 0.000000 0.000000 0.000000 0.000000 0.000000 0.000000 0.000000 -0.002456 -0.011403 -0.016776 -0.021369 -0.023703 -0.024391 -0.022960 -0.020042 -0.015400 -0.010233 -0.004929 -0.001780 0.000000 0.000000 0.000000 0.000000 0.000000 0.000000 0.000000
0.000000 0.000000 0.000000 0.000000 0.000000 0.000000 0.000000 0.000000 0.000000 0.000000 0.000000 0.000000 0.000000 0.000000 0.000000 0.000000 0.000000 0.000000 0.000000 0.000000 0.000000 0.000000 0.000000 0.000000 0.000000 0.000000 0.000000 0.000000 0.000000 0.000000 0.000000 -0.001599 -0.008515 -0.012561 -0.016074 -0.017923 -0.018504 -0.017476 -0.015284 -0.011747 -0.007860 -0.003515 -0.003084 0.000000 0.000000 0.000000 0.000000 0.000000 0.000000 0.000000
0.000000 0.000000 0.000000 0.000000 0.000000 0.000000 0.000000 0.000000 0.000000 0.000000 0.000000 0.000000 0.000000 0.000000 0.000000 0.000000 0.000000 0.000000 0.000000 0.000000 0.000000 0.000000 0.000000 0.000000 0.000000 0.000000 0.000000 0.000000 0.000000 0.000000 0.000000 -0.000858 -0.006382 -0.009484 -0.012134 -0.013585 -0.014062 -0.013313 -0.011661 -0.008969 -0.005987 -0.002836 -0.001327 0.000000 0.000000 0.000000 0.000000 0.000000 0.000000 0.000000
0.000000 0.000000 0.000000 0.000000 0.000000 0.000000 0.000000 0.000000 0.000000 0.000000 0.000000 0.000000 0.000000 0.000000 0.000000 0.000000 0.000000 0.000000 0.000000 0.000000 0.000000 0.000000 0.000000 0.000000 0.000000 0.000000 0.000000 0.000000 0.000000 0.000000 0.000000 -0.001899 -0.004798 -0.007145 -0.009164 -0.010292 -0.010676 -0.010134 -0.008883 -0.006872 -0.004544 -0.001878 -0.001814 0.000000 0.000000 0.000000 0.000000 0.000000 0.000000 0.000000
0.000000 0.000000 0.000000 0.000000 0.000000 0.000000 0.000000 0.000000 0.000000 0.000000 0.000000 0.000000 0.000000 0.000000 0.000000 0.000000 0.000000 0.000000 0.000000 0.000000 0.000000 0.000000 0.000000 0.000000 0.000000 0.000000 0.000000 0.000000 0.000000 0.000000 0.000000 -0.001441 -0.003624 -0.005411 -0.006943 -0.007813 -0.008117 -0.007711 -0.006774 -0.005207 -0.003493 -0.000334 -0.001428 0.000000 0.000000 0.000000 0.000000 0.000000 0.000000 0.000000
0.000000 0.000000 0.000000 0.000000 0.000000 0.000000 0.000000 0.000000 0.000000 0.000000 0.000000 0.000000 0.000000 0.000000 0.000000 0.000000 0.000000 0.000000 0.000000 0.000000 0.000000 0.000000 0.000000 0.000000 0.000000 0.000000 0.000000 0.000000 0.000000 0.000000 0.000000 -0.001122 -0.002749 -0.004097 -0.005273 -0.005942 -0.006183 -0.005886 -0.005172 -0.004004 -0.002661 0.000946 -0.000430 0.000000 0.000000 0.000000 0.000000 0.000000 0.000000 0.000000
0.000000 0.000000 0.000000 0.000000 0.000000 0.000000 0.000000 0.000000 0.000000 0.000000 0.000000 0.000000 0.000000 0.000000 0.000000 0.000000 0.000000 0.000000 0.000000 0.000000 0.000000 0.000000 0.000000 0.000000 0.000000 0.000000 0.000000 0.000000 0.000000 0.000000 0.000000 -0.000396 -0.002086 -0.003123 -0.004017 -0.004532 -0.004721 -0.004497 -0.003956 -0.003063 -0.002038 -0.000167 -0.000114 0.000000 0.000000 0.000000 0.000000 0.000000 0.000000 0.000000
0.000000 0.000000 0.000000 0.000000 0.000000 0.000000 0.000000 0.000000 0.000000 0.000000 0.000000 0.000000 0.000000 0.000000 0.000000 0.000000 0.000000 0.000000 0.000000 0.000000 0.000000 0.000000 0.000000 0.000000 0.000000 0.000000 0.000000 0.000000 0.000000 0.000000 0.000000 0.000036 -0.001608 -0.002393 -0.003086 -0.003484 -0.003632 -0.003464 -0.003049 -0.002362 -0.001570 -0.000071 -0.000745 0.000000 0.000000 0.000000 0.000000 0.000000 0.000000 0.000000
0.000000 0.000000 0.000000 0.000000 0.000000 0.000000 0.000000 0.000000 0.000000 0.000000 0.000000 0.000000 0.000000 0.000000 0.000000 0.000000 0.000000 0.000000 0.000000 0.000000 0.000000 0.000000 0.000000 0.000000 0.000000 0.000000 0.000000 0.000000 0.000000 0.000000 0.000000 -0.000484 -0.001258 -0.001853 -0.002385 -0.002691 -0.002808 -0.002677 -0.002363 -0.001823 -0.001238 -0.000781 -0.000035 0.000000 0.000000 0.000000 0.000000 0.000000 0.000000 0.000000
0.000000 0.000000 0.000000 0.000000 0.000000 0.000000 0.000000 0.000000 0.000000 0.000000 0.000000 0.000000 0.000000 0.000000 0.000000 0.000000 0.000000 0.000000 0.000000 0.000000 0.000000 0.000000 0.000000 0.000000 0.000000 0.000000 0.000000 0.000000 0.000000 0.000000 0.000000 -0.000541 -0.000971 -0.001464 -0.001886 -0.002135 -0.002226 -0.002127 -0.001872 -0.001454 -0.000955 -0.000563 -0.000186 0.000000 0.000000 0.000000 0.000000 0.000000 0.000000 0.000000
0.000000 0.000000 0.000000 0.000000 0.000000 0.000000 0.000000 0.000000 0.000000 0.000000 0.000000 0.000000 0.000000 0.000000 0.000000 0.000000 0.000000 0.000000 0.000000 0.000000 0.000000 0.000000 0.000000 0.000000 0.000000 0.000000 0.000000 0.000000 0.000000 0.000000 0.000000 -0.000178 -0.000823 -0.001167 -0.001504 -0.001698 -0.001775 -0.001692 -0.001497 -0.001165 -0.000817 -0.000170 -0.000179 0.000000 0.000000 0.000000 0.000000 0.000000 0.000000 0.000000
0.000000 0.000000 0.000000 0.000000 0.000000 0.000000 0.000000 0.000000 0.000000 0.000000 0.000000 0.000000 0.000000 0.000000 0.000000 0.000000 0.000000 0.000000 0.000000 0.000000 0.000000 0.000000 0.000000 0.000000 0.000000 0.000000 0.000000 0.000000 0.000000 0.000000 0.000000 -0.000163 -0.000714 -0.001162 -0.001480 -0.001684 -0.001750 -0.001679 -0.001474 -0.001156 -0.000711 -0.000370 -0.000167 0.000000 0.000000 0.000000 0.000000 0.000000 0.000000 0.000000
0.000000 0.000000 0.000000 0.000000 0.000000 0.000000 0.000000 0.000000 0.000000 0.000000 0.000000 0.000000 0.000000 0.000000 0.000000 0.000000 0.000000 0.000000 0.000000 0.000000 0.000000 0.000000 0.000000 0.000000 0.000000 0.000000 0.000000 0.000000 0.000000 0.000000 0.000000 -0.000149 -0.000783 -0.001381 -0.001421 -0.001689 -0.001519 -0.001649 -0.001480 -0.001352 -0.000843 -0.000403 -0.000069 0.000000 0.000000 0.000000 0.000000 0.000000 0.000000 0.000000
0.000000 0.000000 0.000000 0.000000 0.000000 0.000000 0.000000 0.000000 0.000000 0.000000 0.000000 0.000000 0.000000 0.000000 0.000000 0.000000 0.000000 0.000000 0.000000 0.000000 0.000000 0.000000 0.000000 0.000000 0.000000 0.000000 0.000000 0.000000 0.000000 0.000000 0.000000 -0.000086 -0.000661 -0.000560 -0.001240 -0.001192 -0.001479 -0.001335 -0.001248 -0.000746 -0.000854 -0.000226 -0.000069 0.000000 0.000000 0.000000 0.000000 0.000000 0.000000 0.000000
