-0.242025 -0.223997 -0.232305 -0.241222 -0.228678 -0.243664 -0.267007 -0.283154 -0.314469 -0.323054 -0.340094 -0.407234 -0.422008 -0.471748 -0.495552 -0.548871 -0.581693 -0.598390 -0.667007 -0.755606 -0.766514 -0.776060 -0.888061 -0.917411 -0.983580 -1.070306 -1.157287 -1.254936 -1.508507 -1.450398 0.000000 0.000000 0.000000 0.000000 0.000000 0.000000 0.000000 0.000000 0.000000 0.000000 0.000000 0.000000 0.000000 0.000000 0.000000 0.000000 0.000000 0.000000 0.000000 0.000000
-0.216880 -0.219106 -0.214201 -0.236671 -0.251595 -0.263222 -0.281936 -0.299340 -0.322174 -0.344151 -0.337568 -0.401136 -0.394431 -0.427383 -0.462384 -0.499026 -0.537835 -0.584301 -0.627241 -0.670262 -0.717829 -0.765480 -0.817822 -0.872163 -0.945431 -0.990368 -1.065943 -1.162563 -1.117825 -0.485160 0.000000 0.000000 0.000000 0.000000 0.000000 0.000000 0.000000 0.000000 0.000000 0.000000 0.000000 0.000000 0.000000 0.000000 0.000000 0.000000 0.000000 0.000000 0.000000 0.000000
-0.242792 -0.230234 -0.229933 -0.235058 -0.240515 -0.250458 -0.265215 -0.281018 -0.300779 -0.322306 -0.347486 -0.374780 -0.405363 -0.438128 -0.473490 -0.510925 -0.549974 -0.590661 -0.631842 -0.674666 -0.717402 -0.762306 -0.806302 -0.855562 -0.900770 -0.954541 -0.995289 -1.042656 -1.069010 -0.019805 0.000000 0.000000 0.000000 0.000000 0.000000 0.000000 0.000000 0.000000 0.000000 0.000000 0.000000 0.000000 0.000000 0.000000 0.000000 0.000000 0.000000 0.000000 0.000000 0.000000
-0.179291 -0.225649 -0.216598 -0.221664 -0.226664 -0.240514 -0.246222 -0.269298 -0.279758 -0.308832 -0.325704 -0.359218 -0.385570 -0.417969 -0.453000 -0.491185 -0.527932 -0.565642 -0.609828 -0.650777 -0.691667 -0.739895 -0.779539 -0.829594 -0.872478 -0.927758 -0.969983 -1.013922 -0.998751 -0.421773 0.000000 0.000000 0.000000 0.000000 0.000000 0.000000 0.000000 0.000000 0.000000 0.000000 0.000000 0.000000 0.000000 0.000000 0.000000 0.000000 0.000000 0.000000 0.000000 0.000000
-0.199547 -0.216185 -0.222125 -0.219018 -0.232909 -0.240018 -0.250093 -0.271748 -0.284258 -0.312748 -0.331900 -0.364857 -0.393580 -0.426892 -0.463367 -0.499863 -0.543896 -0.578131 -0.625934 -0.661941 -0.709353 -0.741829 -0.793945 -0.824983 -0.876661 -0.913266 -0.952830 -0.977277 -0.935982 -0.250960 0.000000 0.000000 0.000000 0.000000 0.000000 0.000000 0.000000 0.000000 0.000000 0.000000 0.000000 0.000000 0.000000 0.000000 0.000000 0.000000 0.000000 0.000000 0.000000 0.000000
-0.164194 -0.206233 -0.207259 -0.205300 -0.209388 -0.223924 -0.233783 -0.251614 -0.268878 -0.290375 -0.314906 -0.342036 -0.373575 -0.406751 -0.443543 -0.483131 -0.522524 -0.564886 -0.604890 -0.647107 -0.684203 -0.725256 -0.757804 -0.799577 -0.829743 -0.868541 -0.894938 -0.915943 -0.888983 -0.228178 0.000000 0.000000 0.000000 0.000000 0.000000 0.000000 0.000000 0.000000 0.000000 0.000000 0.000000 0.000000 0.000000 0.000000 0.000000 0.000000 0.000000 0.000000 0.000000 0.000000
-0.184843 -0.168092 -0.194520 -0.194138 -0.201043 -0.212290 -0.223326 -0.239924 -0.257837 -0.278847 -0.304413 -0.331298 -0.364505 -0.398175 -0.437808 -0.477698 -0.522223 -0.564366 -0.608796 -0.646315 -0.687737 -0.719096 -0.758517 -0.786865 -0.821264 -0.845215 -0.870792 -0.883036 -0.871303 -0.256062 0.000000 0.000000 0.000000 0.000000 0.000000 0.000000 0.000000 0.000000 0.000000 0.000000 0.000000 0.000000 0.000000 0.000000 0.000000 0.000000 0.000000 0.000000 0.000000 0.000000
-0.152254 -0.159759 -0.177056 -0.177124 -0.184160 -0.194004 -0.205668 -0.220536 -0.238055 -0.258720 -0.282788 -0.310872 -0.342512 -0.379140 -0.418426 -0.463602 -0.507724 -0.556940 -0.598857 -0.640794 -0.675179 -0.710590 -0.736861 -0.768997 -0.792792 -0.816226 -0.833115 -0.842104 -0.830771 -0.008801 0.000000 0.000000 0.000000 0.000000 0.000000 0.000000 0.000000 0.000000 0.000000 0.000000 0.000000 0.000000 0.000000 0.000000 0.000000 0.000000 0.000000 0.000000 0.000000 0.000000
-0.134702 -0.149536 -0.159238 -0.159359 -0.166689 -0.175460 -0.186820 -0.200851 -0.217686 -0.237726 -0.261551 -0.288912 -0.321888 -0.359545 -0.401851 -0.450219 -0.500111 -0.555032 -0.601035 -0.642451 -0.677444 -0.707873 -0.735026 -0.757537 -0.780147 -0.797619 -0.814313 -0.820573 -0.769720 -0.218379 0.000000 0.000000 0.000000 0.000000 0.000000 0.000000 0.000000 0.000000 0.000000 0.000000 0.000000 0.000000 0.000000 0.000000 0.000000 0.000000 0.000000 0.000000 0.000000 0.000000
-0.100223 -0.131904 -0.138371 -0.138663 -0.145257 -0.153161 -0.163653 -0.176450 -0.192135 -0.211120 -0.233630 -0.261194 -0.293355 -0.332694 -0.377296 -0.433001 -0.486604 -0.555833 -0.603149 -0.645344 -0.676791 -0.704702 -0.725990 -0.746299 -0.762372 -0.775550 -0.783806 -0.787670 -0.746961 -0.280407 0.000000 0.000000 0.000000 0.000000 0.000000 0.000000 0.000000 0.000000 0.000000 0.000000 0.000000 0.000000 0.000000 0.000000 0.000000 0.000000 0.000000 0.000000 0.000000 0.000000
-0.103080 -0.091432 -0.116222 -0.116263 -0.122266 -0.129082 -0.138418 -0.149727 -0.163829 -0.181186 -0.202285 -0.227497 -0.260151 -0.300110 -0.347473 -0.410702 -0.473186 -0.564122 -0.616510 -0.658666 -0.686557 -0.708757 -0.725965 -0.739816 -0.751667 -0.760155 -0.766134 -0.766157 -0.725541 -0.483559 0.000000 0.000000 0.000000 0.000000 0.000000 0.000000 0.000000 0.000000 0.000000 0.000000 0.000000 0.000000 0.000000 0.000000 0.000000 0.000000 0.000000 0.000000 0.000000 0.000000
-0.078540 -0.070265 -0.092029 -0.092658 -0.097274 -0.103112 -0.110689 -0.120309 -0.132273 -0.147210 -0.165673 -0.189611 -0.218155 -0.257367 -0.307165 -0.380325 -0.462556 -0.588535 -0.641992 -0.678200 -0.700131 -0.715203 -0.726090 -0.734683 -0.741847 -0.747556 -0.752691 -0.748557 -0.706978 -0.470897 0.000000 0.000000 0.000000 0.000000 0.000000 0.000000 0.000000 0.000000 0.000000 0.000000 0.000000 0.000000 0.000000 0.000000 0.000000 0.000000 0.000000 0.000000 0.000000 0.000000
-0.039557 -0.052455 -0.066840 -0.066701 -0.070317 -0.074686 -0.080437 -0.087383 -0.096396 -0.108014 -0.122730 -0.141929 -0.167447 -0.201187 -0.248685 -0.327234 -0.438610 -0.636436 -0.687972 -0.717531 -0.725036 -0.728709 -0.731345 -0.732087 -0.733409 -0.734337 -0.734250 -0.730731 -0.713218 -0.466715 0.000000 0.000000 0.000000 0.000000 0.000000 0.000000 0.000000 0.000000 0.000000 0.000000 0.000000 0.000000 0.000000 0.000000 0.000000 0.000000 0.000000 0.000000 0.000000 0.000000
-0.019483 -0.029724 -0.013349 -0.010642 -0.036700 -0.040822 -0.044730 -0.013295 -0.013091 -0.018639 -0.068594 -0.075474 -0.089443 -0.101062 -0.116352 -0.135695 -0.542353 -0.930046 -0.766935 -0.759244 -0.754461 -0.741118 -0.735238 -0.728458 -0.724654 -0.721688 -0.718613 -0.709957 -0.676065 -0.450290 0.000000 0.000000 0.000000 0.000000 0.000000 0.000000 0.000000 0.000000 0.000000 0.000000 0.000000 0.000000 0.000000 0.000000 0.000000 0.000000 0.000000 0.000000 0.000000 0.000000
-0.004179 -0.005535 -0.004330 -0.010648 -0.002480 -0.010017 -0.009445 -0.006451 -0.013910 -0.003454 0.009329 -0.041455 -0.028425 -0.015485 -0.018411 0.108245 -1.347792 -1.126756 -0.919507 -0.842309 -0.797701 -0.760875 -0.740306 -0.724704 -0.715095 -0.708371 -0.704022 -0.697779 -0.680015 -0.212300 0.000000 0.000000 0.000000 0.000000 0.000000 0.000000 0.000000 0.000000 0.000000 0.000000 0.000000 0.000000 0.000000 0.000000 0.000000 0.000000 0.000000 0.000000 0.000000 0.000000
0.000000 0.000000 0.000000 0.000000 0.000000 0.000000 0.000000 0.000000 0.000000 0.000000 0.000000 0.000000 0.000000 0.000000 0.000000 0.000000 -1.372380 -1.349090 -0.993327 -0.882941 -0.813541 -0.765408 -0.736098 -0.714999 -0.701029 -0.691011 -0.682980 -0.673615 -0.660217 -0.014358 0.000000 0.000000 0.000000 0.000000 0.000000 0.000000 0.000000 0.000000 0.000000 0.000000 0.000000 0.000000 0.000000 0.000000 0.000000 0.000000 0.000000 0.000000 0.000000 0.000000
0.000000 0.000000 0.000000 0.000000 0.000000 0.000000 0.000000 0.000000 0.000000 0.000000 0.000000 0.000000 0.000000 0.000000 0.000000 0.000000 -1.071944 -1.088999 -0.912083 -0.852437 -0.787047 -0.749491 -0.718387 -0.697810 -0.681973 -0.670798 -0.661247 -0.652432 -0.636322 -0.017434 0.000000 0.000000 0.000000 0.000000 0.000000 0.000000 0.000000 0.000000 0.000000 0.000000 0.000000 0.000000 0.000000 0.000000 0.000000 0.000000 0.000000 0.000000 0.000000 0.000000
0.000000 0.000000 0.000000 0.000000 0.000000 0.000000 0.000000 0.000000 0.000000 0.000000 0.000000 0.000000 0.000000 0.000000 0.000000 0.000000 -0.939733 -0.908576 -0.835953 -0.794318 -0.754331 -0.722548 -0.694682 -0.674803 -0.659118 -0.647780 -0.638261 -0.626693 -0.591896 -0.222419 0.000000 0.000000 0.000000 0.000000 0.000000 0.000000 0.000000 0.000000 0.000000 0.000000 0.000000 0.000000 0.000000 0.000000 0.000000 0.000000 0.000000 0.000000 0.000000 0.000000
0.000000 0.000000 0.000000 0.000000 0.000000 0.000000 0.000000 0.000000 0.000000 0.000000 0.000000 0.000000 0.000000 0.000000 0.000000 0.000000 -0.762076 -0.794962 -0.766010 -0.738329 -0.711726 -0.685978 -0.663453 -0.645780 -0.631580 -0.620930 -0.612350 -0.603746 -0.566723 -0.202148 0.000000 0.000000 0.000000 0.000000 0.000000 0.000000 0.000000 0.000000 0.000000 0.000000 0.000000 0.000000 0.000000 0.000000 0.000000 0.000000 0.000000 0.000000 0.000000 0.000000
0.000000 0.000000 0.000000 0.000000 0.000000 0.000000 0.000000 0.000000 0.000000 0.000000 0.000000 0.000000 0.000000 0.000000 0.000000 0.000000 -0.719312 -0.768518 -0.701330 -0.690727 -0.667297 -0.647988 -0.628990 -0.613745 -0.600753 -0.590641 -0.581196 -0.571534 -0.539537 -0.191669 0.000000 0.000000 0.000000 0.000000 0.000000 0.000000 0.000000 0.000000 0.000000 0.000000 0.000000 0.000000 0.000000 0.000000 0.000000 0.000000 0.000000 0.000000 0.000000 0.000000
0.000000 0.000000 0.000000 0.000000 0.000000 0.000000 0.000000 0.000000 0.000000 0.000000 0.000000 0.000000 0.000000 0.000000 0.000000 0.000000 -0.679349 -0.667496 -0.643517 -0.634772 -0.621582 -0.605886 -0.591421 -0.578354 -0.567365 -0.558269 -0.550255 -0.542305 -0.510383 -0.182045 0.000000 0.000000 0.000000 0.000000 0.000000 0.000000 0.000000 0.000000 0.000000 0.000000 0.000000 0.000000 0.000000 0.000000 0.000000 0.000000 0.000000 0.000000 0.000000 0.000000
0.000000 0.000000 0.000000 0.000000 0.000000 0.000000 0.000000 0.000000 0.000000 0.000000 0.000000 0.000000 0.000000 0.000000 0.000000 0.000000 -0.652524 -0.650789 -0.591834 -0.588902 -0.577008 -0.564930 -0.552775 -0.541636 -0.531793 -0.523349 -0.515085 -0.506890 -0.479386 -0.180071 0.000000 0.000000 0.000000 0.000000 0.000000 0.000000 0.000000 0.000000 0.000000 0.000000 0.000000 0.000000 0.000000 0.000000 0.000000 0.000000 0.000000 0.000000 0.000000 0.000000
0.000000 0.000000 0.000000 0.000000 0.000000 0.000000 0.000000 0.000000 0.000000 0.000000 0.000000 0.000000 0.000000 0.000000 0.000000 0.000000 -0.585358 -0.562320 -0.544778 -0.540783 -0.532876 -0.522692 -0.513036 -0.503395 -0.494908 -0.487265 -0.479951 -0.472208 -0.446882 -0.153731 0.000000 0.000000 0.000000 0.000000 0.000000 0.000000 0.000000 0.000000 0.000000 0.000000 0.000000 0.000000 0.000000 0.000000 0.000000 0.000000 0.000000 0.000000 0.000000 0.000000
0.000000 0.000000 0.000000 0.000000 0.000000 0.000000 0.000000 0.000000 0.000000 0.000000 0.000000 0.000000 0.000000 0.000000 0.000000 0.000000 -0.561811 -0.559081 -0.498137 -0.497195 -0.489888 -0.481568 -0.473076 -0.464495 -0.456660 -0.449534 -0.442327 -0.434412 -0.412164 -0.139706 0.000000 0.000000 0.000000 0.000000 0.000000 0.000000 0.000000 0.000000 0.000000 0.000000 0.000000 0.000000 0.000000 0.000000 0.000000 0.000000 0.000000 0.000000 0.000000 0.000000
0.000000 0.000000 0.000000 0.000000 0.000000 0.000000 0.000000 0.000000 0.000000 0.000000 0.000000 0.000000 0.000000 0.000000 0.000000 0.000000 -0.493906 -0.490553 -0.453854 -0.453798 -0.447724 -0.440509 -0.432980 -0.425116 -0.417790 -0.411170 -0.404496 -0.397098 -0.382431 -0.138874 0.000000 0.000000 0.000000 0.000000 0.000000 0.000000 0.000000 0.000000 0.000000 0.000000 0.000000 0.000000 0.000000 0.000000 0.000000 0.000000 0.000000 0.000000 0.000000 0.000000
0.000000 0.000000 0.000000 0.000000 0.000000 0.000000 0.000000 0.000000 0.000000 0.000000 0.000000 0.000000 0.000000 0.000000 0.000000 0.000000 -0.446227 -0.457529 -0.412612 -0.412556 -0.406894 -0.400148 -0.392905 -0.385176 -0.377712 -0.370829 -0.363419 -0.356735 -0.337583 -0.115897 0.000000 0.000000 0.000000 0.000000 0.000000 0.000000 0.000000 0.000000 0.000000 0.000000 0.000000 0.000000 0.000000 0.000000 0.000000 0.000000 0.000000 0.000000 0.000000 0.000000
0.000000 0.000000 0.000000 0.000000 0.000000 0.000000 0.000000 0.000000 0.000000 0.000000 0.000000 0.000000 0.000000 0.000000 0.000000 0.000000 -0.373712 -0.382661 -0.372764 -0.372873 -0.367169 -0.360567 -0.353272 -0.345289 -0.340496 -0.328929 -0.317922 -0.309704 -0.296590 -0.185701 0.000000 0.000000 0.000000 0.000000 0.000000 0.000000 0.000000 0.000000 0.000000 0.000000 0.000000 0.000000 0.000000 0.000000 0.000000 0.000000 0.000000 0.000000 0.000000 0.000000
0.000000 0.000000 0.000000 0.000000 0.000000 0.000000 0.000000 0.000000 0.000000 0.000000 0.000000 0.000000 0.000000 0.000000 0.000000 0.000000 -0.380166 -0.375846 -0.334708 -0.334009 -0.328553 -0.321588 -0.313906 -0.305299 -0.296469 -0.288789 -0.278475 -0.266858 -0.252527 -0.151527 0.000000 0.000000 0.000000 0.000000 0.000000 0.000000 0.000000 0.000000 0.000000 0.000000 0.000000 0.000000 0.000000 0.000000 0.000000 0.000000 0.000000 0.000000 0.000000 0.000000
0.000000 0.000000 0.000000 0.000000 0.000000 0.000000 0.000000 0.000000 0.000000 0.000000 0.000000 0.000000 0.000000 0.000000 0.000000 0.000000 -0.307459 -0.280073 -0.298545 -0.297708 -0.291476 -0.285506 -0.275407 -0.265631 -0.255168 -0.244846 -0.232598 -0.222742 -0.202437 -0.130557 0.000000 0.000000 0.000000 0.000000 0.000000 0.000000 0.000000 0.000000 0.000000 0.000000 0.000000 0.000000 0.000000 0.000000 0.000000 0.000000 0.000000 0.000000 0.000000 0.000000
0.000000 0.000000 0.000000 0.000000 0.000000 0.000000 0.000000 0.000000 0.000000 0.000000 0.000000 0.000000 0.000000 0.000000 0.000000 0.000000 -0.278151 -0.268845 -0.264068 -0.261489 -0.255713 -0.247588 -0.237583 -0.226003 -0.213722 -0.200439 -0.184194 -0.171330 -0.138114 -0.078342 0.000000 0.000000 0.000000 0.000000 0.000000 0.000000 0.000000 0.000000 0.000000 0.000000 0.000000 0.000000 0.000000 0.000000 0.000000 0.000000 0.000000 0.000000 0.000000 0.000000
0.000000 0.000000 0.000000 0.000000 0.000000 0.000000 0.000000 0.000000 0.000000 0.000000 0.000000 0.000000 0.000000 0.000000 0.000000 0.000000 -0.226454 -0.233406 -0.231746 -0.229384 -0.221834 -0.212934 -0.201060 -0.187386 -0.173084 -0.157849 -0.138698 -0.126828 -0.084397 -0.089256 0.000000 0.000000 0.000000 0.000000 0.000000 0.000000 0.000000 0.000000 0.000000 0.000000 0.000000 0.000000 0.000000 0.000000 0.000000 0.000000 0.000000 0.000000 0.000000 0.000000
0.000000 0.000000 0.000000 0.000000 0.000000 0.000000 0.000000 0.000000 0.000000 0.000000 0.000000 0.000000 0.000000 0.000000 0.000000 0.000000 -0.205669 -0.200007 -0.202305 -0.194440 -0.190150 -0.179312 -0.166958 -0.151006 -0.134097 -0.115067 -0.089478 -0.073769 -0.037087 -0.009819 0.000000 0.000000 0.000000 0.000000 0.000000 0.000000 0.000000 0.000000 0.000000 0.000000 0.000000 0.000000 0.000000 0.000000 0.000000 0.000000 0.000000 0.000000 0.000000 0.000000
0.000000 0.000000 0.000000 0.000000 0.000000 0.000000 0.000000 0.000000 0.000000 0.000000 0.000000 0.000000 0.000000 0.000000 0.000000 0.000000 -0.173796 -0.167589 -0.174805 -0.167640 -0.160209 -0.147377 -0.133844 -0.113511 -0.095052 -0.066785 -0.039541 -0.010589 0.041684 -0.007345 0.000000 0.000000 0.000000 0.000000 0.000000 0.000000 0.000000 0.000000 0.000000 0.000000 0.000000 0.000000 0.000000 0.000000 0.000000 0.000000 0.000000 0.000000 0.000000 0.000000
0.000000 0.000000 0.000000 0.000000 0.000000 0.000000 0.000000 0.000000 0.000000 0.000000 0.000000 0.000000 0.000000 0.000000 0.000000 0.000000 -0.149098 -0.149463 -0.151364 -0.142396 -0.133224 -0.121170 -0.105037 -0.083417 -0.060271 -0.025179 0.011883 0.059160 0.144313 0.062346 0.000000 0.000000 0.000000 0.000000 0.000000 0.000000 0.000000 0.000000 0.000000 0.000000 0.000000 0.000000 0.000000 0.000000 0.000000 0.000000 0.000000 0.000000 0.000000 0.000000
0.000000 0.000000 0.000000 0.000000 0.000000 0.000000 0.000000 0.000000 0.000000 0.000000 0.000000 0.000000 0.000000 0.000000 0.000000 0.000000 -0.156583 -0.156224 -0.132114 -0.117997 -0.109385 -0.094845 -0.080051 -0.058285 -0.033834 0.005621 0.045188 0.115153 0.299328 0.140867 0.000000 0.000000 0.000000 0.000000 0.000000 0.000000 0.000000 0.000000 0.000000 0.000000 0.000000 0.000000 0.000000 0.000000 0.000000 0.000000 0.000000 0.000000 0.000000 0.000000
-0.000164 -0.000111 -0.000090 -0.000120 -0.000113 -0.000154 -0.000575 -0.000182 -0.000242 0.000034 -0.000383 -0.000542 -0.000852 -0.001245 -0.002705 -0.007813 -0.080181 -0.077220 -0.097399 -0.094236 -0.085291 -0.073149 -0.059305 -0.038247 -0.016605 0.026570 0.046994 0.138642 0.190822 0.263381 -0.000159 0.011123 0.006731 0.000566 0.000740 0.000562 0.000391 0.001306 0.000773 -0.000193 0.000544 -0.000102 0.000095 0.000078 0.000076 0.000072 0.000144 0.000080 0.000064 0.000083
-0.000260 -0.000392 -0.000188 -0.000172 -0.000174 -0.000189 -0.000215 -0.000292 -0.000393 -0.000560 -0.000841 -0.003611 -0.002290 -0.007206 -0.011781 -0.021757 -0.052649 -0.072348 -0.069330 -0.070757 -0.064907 -0.056223 -0.043756 -0.026280 -0.007191 0.021565 0.047883 0.085581 0.195841 0.061010 0.032735 0.008664 0.004920 0.002773 0.001733 0.000997 0.003405 0.002478 0.002005 0.000336 0.001136 0.000890 0.000708 0.000559 0.000099 0.000365 0.000292 0.000111 0.000244 0.000214
-0.000752 -0.000561 -0.000842 -0.000996 -0.001188 -0.001202 -0.001471 -0.001854 -0.002374 -0.003098 -0.004101 -0.005551 -0.007617 -0.010794 -0.015218 -0.022242 -0.032897 -0.047026 -0.052925 -0.053955 -0.049609 -0.041975 -0.031913 -0.017105 -0.002146 0.020526 0.037577 0.062741 0.074198 0.068971 0.039848 0.028808 0.018691 0.013466 0.009411 0.006895 0.005111 0.003864 0.002950 0.002281 0.001782 0.001409 0.001127 0.000914 0.000750 0.000632 0.000539 0.000536 0.000400 0.000301
-0.000819 -0.000929 -0.001147 -0.001163 -0.001362 -0.001626 -0.001991 -0.002477 -0.003128 -0.004002 -0.005169 -0.006771 -0.008946 -0.011975 -0.015917 -0.021712 -0.028216 -0.037055 -0.039809 -0.040937 -0.037483 -0.031609 -0.023322 -0.011805 0.000183 0.016424 0.029152 0.043469 0.052162 0.049100 0.036553 0.027369 0.019959 0.014824 0.011024 0.008286 0.006279 0.004829 0.003738 0.002924 0.002304 0.001833 0.001472 0.001197 0.000986 0.000833 0.000715 0.000705 0.000596 0.000599
-0.001069 -0.001211 -0.001361 -0.001369 -0.001602 -0.001900 -0.002313 -0.002848 -0.003553 -0.004471 -0.005666 -0.007231 -0.009243 -0.011933 -0.015179 -0.019470 -0.024028 -0.029070 -0.031143 -0.031253 -0.028542 -0.023621 -0.017013 -0.007917 0.001272 0.013387 0.022367 0.033196 0.035874 0.036509 0.028092 0.024398 0.018060 0.014667 0.011093 0.008788 0.006787 0.005360 0.004206 0.003339 0.002656 0.002132 0.001723 0.001409 0.001165 0.000989 0.000847 0.000842 0.000728 0.000658
-0.001127 -0.001354 -0.001498 -0.001511 -0.001759 -0.002072 -0.002502 -0.003052 -0.003763 -0.004672 -0.005815 -0.007279 -0.009056 -0.011333 -0.013867 -0.017080 -0.019947 -0.023165 -0.024104 -0.024020 -0.021685 -0.017777 -0.012507 -0.005532 0.001618 0.010427 0.016903 0.023507 0.026967 0.027459 0.023968 0.020585 0.016524 0.013682 0.010825 0.008744 0.006925 0.005555 0.004428 0.003556 0.002857 0.002312 0.001881 0.001547 0.001285 0.001094 0.000941 0.000933 0.000909 0.000529
-0.001244 -0.001425 -0.001566 -0.001578 -0.001827 -0.002138 -0.002561 -0.003095 -0.003773 -0.004621 -0.005660 -0.006945 -0.008453 -0.010289 -0.012255 -0.014542 -0.016504 -0.018413 -0.018916 -0.018517 -0.016565 -0.013457 -0.009220 -0.003860 0.001646 0.008098 0.013150 0.018063 0.019681 0.020788 0.018264 0.017073 0.014094 0.012219 0.009882 0.008240 0.006652 0.005442 0.004401 0.003579 0.002906 0.002371 0.001942 0.001608 0.001341 0.001147 0.000990 0.000982 0.000974 0.000807
-0.001282 -0.001518 -0.001548 -0.001562 -0.001802 -0.002095 -0.002494 -0.002987 -0.003606 -0.004363 -0.005271 -0.006365 -0.007604 -0.009058 -0.010539 -0.012175 -0.013466 -0.014615 -0.014763 -0.014258 -0.012622 -0.010145 -0.006827 -0.002761 0.001445 0.006116 0.009818 0.013295 0.015040 0.015975 0.015080 0.013963 0.012066 0.010580 0.008843 0.007471 0.006157 0.005101 0.004179 0.003434 0.002813 0.002313 0.001907 0.001587 0.001329 0.001141 0.000987 0.000979 0.000987 0.001209
-0.001262 -0.001460 -0.001490 -0.001494 -0.001709 -0.001977 -0.002336 -0.002775 -0.003320 -0.003974 -0.004743 -0.005643 -0.006640 -0.007758 -0.008865 -0.010008 -0.010868 -0.011537 -0.011512 -0.010971 -0.009624 -0.007657 -0.005074 -0.001987 0.001224 0.004664 0.007488 0.010072 0.011360 0.012250 0.011654 0.011196 0.009930 0.008912 0.007608 0.006545 0.005485 0.004605 0.003820 0.003170 0.002620 0.002170 0.001800 0.001506 0.001268 0.001092 0.000950 0.000943 0.000957 0.000796
-0.001181 -0.001402 -0.001318 -0.001335 -0.001530 -0.001751 -0.002066 -0.002432 -0.002890 -0.003427 -0.004050 -0.004764 -0.005536 -0.006377 -0.007183 -0.007973 -0.008533 -0.008902 -0.008787 -0.008278 -0.007201 -0.005678 -0.003717 -0.001420 0.000969 0.003460 0.005553 0.007434 0.008517 0.009237 0.009090 0.008791 0.007987 0.007242 0.006304 0.005481 0.004656 0.003947 0.003306 0.002765 0.002301 0.001917 0.001598 0.001344 0.001134 0.000981 0.000853 0.000846 0.000872 0.000683
-0.001049 -0.001170 -0.001161 -0.001169 -0.001316 -0.001505 -0.001762 -0.002066 -0.002438 -0.002871 -0.003363 -0.003917 -0.004503 -0.005124 -0.005708 -0.006245 -0.006610 -0.006810 -0.006663 -0.006224 -0.005374 -0.004214 -0.002735 -0.001035 0.000750 0.002574 0.004129 0.005510 0.006356 0.006934 0.006914 0.006786 0.006268 0.005751 0.005079 0.004465 0.003838 0.003284 0.002776 0.002339 0.001959 0.001641 0.001375 0.001160 0.000983 0.000854 0.000756 0.000745 0.000798 0.000717
-0.000739 -0.000969 -0.001108 -0.000881 -0.001024 -0.001143 -0.001341 -0.001557 -0.001828 -0.002143 -0.002494 -0.002886 -0.003295 -0.003721 -0.004112 -0.004460 -0.004684 -0.004769 -0.004636 -0.004297 -0.003684 -0.002869 -0.001845 -0.000676 0.000520 0.001736 0.002796 0.003749 0.004369 0.004804 0.004865 0.004790 0.004499 0.004160 0.003712 0.003285 0.002844 0.002447 0.002080 0.001761 0.001482 0.001246 0.001048 0.000887 0.000754 0.000664 0.000572 0.000714 0.000589 0.000407
-0.000737 -0.000689 -0.000858 -0.000947 -0.001003 -0.001109 -0.001315 -0.001511 -0.001773 -0.002075 -0.002414 -0.002792 -0.003182 -0.003586 -0.003962 -0.004289 -0.004507 -0.004591 -0.004461 -0.004143 -0.003546 -0.002763 -0.001777 -0.000658 0.000507 0.001690 0.002704 0.003615 0.004200 0.004607 0.004660 0.004605 0.004319 0.003994 0.003571 0.003163 0.002743 0.002362 0.002010 0.001703 0.001434 0.001207 0.001015 0.000859 0.000732 0.000643 0.000619 0.000558 0.000409 0.000426
-0.000485 -0.000538 -0.000393 -0.000394 -0.000460 -0.000437 -0.000487 -0.000926 -0.000769 -0.000854 -0.000970 -0.001043 -0.001193 -0.002503 -0.002787 -0.003070 -0.003256 -0.003425 -0.003499 -0.003107 -0.003287 -0.000017 -0.002626 -0.002146 0.001928 -0.000880 -0.000186 0.000383 0.000517 0.001116 0.001364 0.001354 0.001414 0.001327 0.001100 0.001067 0.001670 0.001462 0.000737 0.001039 0.000549 0.000853 0.000713 0.000595 0.000442 0.000268 0.000335 0.000268 0.000258 0.000190
-0.000041 -0.000090 -0.000110 -0.000152 0.000031 -0.000204 0.000033 0.000013 -0.000123 -0.000163 -0.000305 0.000165 0.000662 -0.000236 0.000165 0.000937 -0.000003 0.000682 -0.000696 -0.001892 0.001692 0.000170 0.000972 -0.000657 -0.001020 0.001044 0.000385 0.000991 0.000940 0.001130 0.000087 -0.000066 0.001566 0.000353 -0.001030 0.000180 0.000484 -0.000434 -0.000374 0.000588 0.000136 0.000352 0.000169 -0.000047 0.000181 -0.000019 0.000018 -0.000019 -0.000032 0.000125
