0.003124 0.002320 0.000824 -0.003974 -0.008074 -0.011432 -0.005101 -0.007178 -0.022222 -0.016437 -0.007107 -0.027797 -0.014568 -0.040255 -0.019463 -0.018196 -0.018239 -0.030549 -0.029904 -0.042827 -0.033811 -0.036621 -0.039932 -0.042946 -0.047172 -0.062148 -0.095158 -0.120894 -0.305607 -0.378368 0.000000 0.000000 0.000000 0.000000 0.000000 0.000000 0.000000 0.000000 0.000000 0.000000 0.000000 0.000000 0.000000 0.000000 0.000000 0.000000 0.000000 0.000000 0.000000 0.000000
0.003794 -0.007065 -0.000616 -0.026546 -0.029787 -0.035962 -0.039779 -0.043354 -0.047838 -0.054055 -0.018566 -0.064278 -0.024037 -0.026485 -0.028355 -0.030842 -0.033388 -0.036809 -0.038639 -0.043710 -0.047782 -0.108645 -0.065060 -0.079359 -0.168661 -0.119890 -0.171583 -0.229185 -0.470158 -0.506822 0.000000 0.000000 0.000000 0.000000 0.000000 0.000000 0.000000 0.000000 0.000000 0.000000 0.000000 0.000000 0.000000 0.000000 0.000000 0.000000 0.000000 0.000000 0.000000 0.000000
-0.020411 0.006859 -0.024189 -0.028933 -0.028974 -0.038369 -0.045709 -0.054185 -0.062330 -0.071066 -0.079488 -0.088176 -0.096310 -0.104278 -0.111732 -0.118917 -0.125433 -0.131309 -0.137887 -0.144490 -0.153269 -0.162040 -0.179474 -0.190824 -0.229591 -0.244812 -0.325603 -0.342108 -0.490138 -0.493685 0.000000 0.000000 0.000000 0.000000 0.000000 0.000000 0.000000 0.000000 0.000000 0.000000 0.000000 0.000000 0.000000 0.000000 0.000000 0.000000 0.000000 0.000000 0.000000 0.000000
-0.004951 -0.023186 -0.030082 -0.020288 -0.030260 -0.038341 -0.046343 -0.055771 -0.062696 -0.073665 -0.079954 -0.091426 -0.097466 -0.105992 -0.113824 -0.121687 -0.126912 -0.132940 -0.140954 -0.146065 -0.155303 -0.164346 -0.179072 -0.193791 -0.219177 -0.249317 -0.286806 -0.378865 -0.495456 -0.493988 0.000000 0.000000 0.000000 0.000000 0.000000 0.000000 0.000000 0.000000 0.000000 0.000000 0.000000 0.000000 0.000000 0.000000 0.000000 0.000000 0.000000 0.000000 0.000000 0.000000
0.017909 -0.021862 -0.031611 -0.030817 -0.041889 -0.054043 -0.062012 -0.075170 -0.083963 -0.097050 -0.107210 -0.119355 -0.131166 -0.141565 -0.151832 -0.160437 -0.170890 -0.175080 -0.183528 -0.189191 -0.199117 -0.206352 -0.224624 -0.236763 -0.265333 -0.290795 -0.319683 -0.405397 -0.501767 -0.510200 0.000000 0.000000 0.000000 0.000000 0.000000 0.000000 0.000000 0.000000 0.000000 0.000000 0.000000 0.000000 0.000000 0.000000 0.000000 0.000000 0.000000 0.000000 0.000000 0.000000
0.007215 -0.029566 -0.036149 -0.035892 -0.049676 -0.065268 -0.076233 -0.091442 -0.104900 -0.119103 -0.134583 -0.147980 -0.163795 -0.176472 -0.189798 -0.200113 -0.210341 -0.218014 -0.223909 -0.230808 -0.238258 -0.246696 -0.259628 -0.275781 -0.297832 -0.324215 -0.346249 -0.419982 -0.507489 -0.532994 0.000000 0.000000 0.000000 0.000000 0.000000 0.000000 0.000000 0.000000 0.000000 0.000000 0.000000 0.000000 0.000000 0.000000 0.000000 0.000000 0.000000 0.000000 0.000000 0.000000
0.000482 -0.032779 -0.043008 -0.045381 -0.059870 -0.075443 -0.091434 -0.107718 -0.125496 -0.142130 -0.160961 -0.177692 -0.196533 -0.212214 -0.228919 -0.241015 -0.253424 -0.259936 -0.267087 -0.270362 -0.278998 -0.283585 -0.299566 -0.309730 -0.335239 -0.354794 -0.375431 -0.449868 -0.535657 -0.524196 0.000000 0.000000 0.000000 0.000000 0.000000 0.000000 0.000000 0.000000 0.000000 0.000000 0.000000 0.000000 0.000000 0.000000 0.000000 0.000000 0.000000 0.000000 0.000000 0.000000
0.005086 -0.012899 -0.048484 -0.050690 -0.069117 -0.086646 -0.105822 -0.124690 -0.145239 -0.165520 -0.187003 -0.208276 -0.229779 -0.250033 -0.269037 -0.284747 -0.297023 -0.305177 -0.307614 -0.310977 -0.313250 -0.318659 -0.326920 -0.338471 -0.359123 -0.374607 -0.385328 -0.448361 -0.544492 -0.467754 0.000000 0.000000 0.000000 0.000000 0.000000 0.000000 0.000000 0.000000 0.000000 0.000000 0.000000 0.000000 0.000000 0.000000 0.000000 0.000000 0.000000 0.000000 0.000000 0.000000
0.005980 -0.035519 -0.054379 -0.056507 -0.077588 -0.097120 -0.119028 -0.140791 -0.164281 -0.188142 -0.213407 -0.238477 -0.264946 -0.288629 -0.313408 -0.330240 -0.346572 -0.352044 -0.351110 -0.349875 -0.349499 -0.350156 -0.358727 -0.363162 -0.382796 -0.396327 -0.407623 -0.472359 -0.509689 -0.507715 0.000000 0.000000 0.000000 0.000000 0.000000 0.000000 0.000000 0.000000 0.000000 0.000000 0.000000 0.000000 0.000000 0.000000 0.000000 0.000000 0.000000 0.000000 0.000000 0.000000
-0.004605 -0.017190 -0.059507 -0.061713 -0.085123 -0.106728 -0.131167 -0.155596 -0.182193 -0.209516 -0.238721 -0.268462 -0.299739 -0.328607 -0.360264 -0.380489 -0.401626 -0.404915 -0.393990 -0.387491 -0.380114 -0.376674 -0.381209 -0.383598 -0.400060 -0.410999 -0.420014 -0.480312 -0.512066 -0.507786 0.000000 0.000000 0.000000 0.000000 0.000000 0.000000 0.000000 0.000000 0.000000 0.000000 0.000000 0.000000 0.000000 0.000000 0.000000 0.000000 0.000000 0.000000 0.000000 0.000000
-0.006562 -0.038951 -0.064438 -0.066617 -0.092034 -0.115495 -0.142290 -0.169268 -0.198953 -0.229739 -0.263669 -0.297682 -0.336245 -0.372591 -0.412851 -0.440058 -0.468551 -0.461088 -0.439634 -0.423513 -0.408722 -0.399424 -0.400254 -0.398883 -0.412192 -0.419457 -0.421913 -0.473945 -0.512336 -0.458705 0.000000 0.000000 0.000000 0.000000 0.000000 0.000000 0.000000 0.000000 0.000000 0.000000 0.000000 0.000000 0.000000 0.000000 0.000000 0.000000 0.000000 0.000000 0.000000 0.000000
-0.001706 -0.039120 -0.068591 -0.070618 -0.097948 -0.122896 -0.151812 -0.181007 -0.213612 -0.247977 -0.286198 -0.326654 -0.371061 -0.416441 -0.468623 -0.507706 -0.552326 -0.529646 -0.484800 -0.455401 -0.431018 -0.415952 -0.412963 -0.409305 -0.420556 -0.427155 -0.427693 -0.483464 -0.513627 -0.459194 0.000000 0.000000 0.000000 0.000000 0.000000 0.000000 0.000000 0.000000 0.000000 0.000000 0.000000 0.000000 0.000000 0.000000 0.000000 0.000000 0.000000 0.000000 0.000000 0.000000
-0.009525 -0.035840 -0.072387 -0.074033 -0.102539 -0.128927 -0.159442 -0.190757 -0.225705 -0.262853 -0.305438 -0.350875 -0.405145 -0.461689 -0.533057 -0.593547 -0.667556 -0.603054 -0.524546 -0.483968 -0.445296 -0.425045 -0.419663 -0.414687 -0.425297 -0.432790 -0.434456 -0.492844 -0.434581 -0.422144 0.000000 0.000000 0.000000 0.000000 0.000000 0.000000 0.000000 0.000000 0.000000 0.000000 0.000000 0.000000 0.000000 0.000000 0.000000 0.000000 0.000000 0.000000 0.000000 0.000000
-0.001815 -0.030831 -0.070326 -0.100686 -0.120702 -0.152610 -0.186427 -0.240426 -0.281970 -0.329907 -0.365195 -0.424404 -0.498094 -0.568660 -0.673417 -0.835653 -1.285800 -0.645972 -0.562854 -0.492995 -0.445678 -0.420277 -0.416350 -0.411438 -0.423021 -0.429773 -0.430702 -0.484005 -0.528354 -0.484021 0.000000 0.000000 0.000000 0.000000 0.000000 0.000000 0.000000 0.000000 0.000000 0.000000 0.000000 0.000000 0.000000 0.000000 0.000000 0.000000 0.000000 0.000000 0.000000 0.000000
-0.000172 -0.043635 -0.072452 -0.112076 -0.128826 -0.146585 -0.202671 -0.213222 -0.287464 -0.305644 -0.371182 -0.405617 -0.502535 -0.614707 -0.634008 -0.933494 -1.134525 -0.822865 -0.570439 -0.469176 -0.432407 -0.406492 -0.406296 -0.404201 -0.418863 -0.428959 -0.434327 -0.492081 -0.555206 -0.504676 0.000000 0.000000 0.000000 0.000000 0.000000 0.000000 0.000000 0.000000 0.000000 0.000000 0.000000 0.000000 0.000000 0.000000 0.000000 0.000000 0.000000 0.000000 0.000000 0.000000
0.000000 0.000000 0.000000 0.000000 0.000000 0.000000 0.000000 0.000000 0.000000 0.000000 0.000000 0.000000 0.000000 0.000000 0.000000 0.000000 -0.120790 -0.095586 -0.376840 -0.350223 -0.366856 -0.363852 -0.380208 -0.386270 -0.406925 -0.420165 -0.428706 -0.487970 -0.551956 -0.533637 0.000000 0.000000 0.000000 0.000000 0.000000 0.000000 0.000000 0.000000 0.000000 0.000000 0.000000 0.000000 0.000000 0.000000 0.000000 0.000000 0.000000 0.000000 0.000000 0.000000
0.000000 0.000000 0.000000 0.000000 0.000000 0.000000 0.000000 0.000000 0.000000 0.000000 0.000000 0.000000 0.000000 0.000000 0.000000 0.000000 -0.020065 -0.039166 -0.236538 -0.260291 -0.313272 -0.328143 -0.355651 -0.369082 -0.395010 -0.412323 -0.423931 -0.484101 -0.557906 -0.494667 0.000000 0.000000 0.000000 0.000000 0.000000 0.000000 0.000000 0.000000 0.000000 0.000000 0.000000 0.000000 0.000000 0.000000 0.000000 0.000000 0.000000 0.000000 0.000000 0.000000
0.000000 0.000000 0.000000 0.000000 0.000000 0.000000 0.000000 0.000000 0.000000 0.000000 0.000000 0.000000 0.000000 0.000000 0.000000 0.000000 -0.027201 0.024551 -0.164921 -0.217740 -0.263958 -0.295066 -0.328350 -0.349697 -0.380042 -0.400510 -0.414293 -0.474729 -0.526454 -0.506941 0.000000 0.000000 0.000000 0.000000 0.000000 0.000000 0.000000 0.000000 0.000000 0.000000 0.000000 0.000000 0.000000 0.000000 0.000000 0.000000 0.000000 0.000000 0.000000 0.000000
0.000000 0.000000 0.000000 0.000000 0.000000 0.000000 0.000000 0.000000 0.000000 0.000000 0.000000 0.000000 0.000000 0.000000 0.000000 0.000000 -0.018807 -0.019353 -0.128315 -0.176583 -0.233632 -0.268427 -0.307888 -0.333447 -0.368222 -0.393209 -0.411671 -0.478064 -0.525478 -0.507750 0.000000 0.000000 0.000000 0.000000 0.000000 0.000000 0.000000 0.000000 0.000000 0.000000 0.000000 0.000000 0.000000 0.000000 0.000000 0.000000 0.000000 0.000000 0.000000 0.000000
0.000000 0.000000 0.000000 0.000000 0.000000 0.000000 0.000000 0.000000 0.000000 0.000000 0.000000 0.000000 0.000000 0.000000 0.000000 0.000000 -0.002304 -0.000516 -0.104883 -0.152608 -0.206863 -0.246705 -0.288122 -0.317767 -0.355332 -0.382542 -0.403257 -0.470090 -0.524892 -0.508017 0.000000 0.000000 0.000000 0.000000 0.000000 0.000000 0.000000 0.000000 0.000000 0.000000 0.000000 0.000000 0.000000 0.000000 0.000000 0.000000 0.000000 0.000000 0.000000 0.000000
0.000000 0.000000 0.000000 0.000000 0.000000 0.000000 0.000000 0.000000 0.000000 0.000000 0.000000 0.000000 0.000000 0.000000 0.000000 0.000000 -0.030226 0.037164 -0.090281 -0.134668 -0.190069 -0.230038 -0.273663 -0.305192 -0.345315 -0.375253 -0.398944 -0.468616 -0.524381 -0.506997 0.000000 0.000000 0.000000 0.000000 0.000000 0.000000 0.000000 0.000000 0.000000 0.000000 0.000000 0.000000 0.000000 0.000000 0.000000 0.000000 0.000000 0.000000 0.000000 0.000000
0.000000 0.000000 0.000000 0.000000 0.000000 0.000000 0.000000 0.000000 0.000000 0.000000 0.000000 0.000000 0.000000 0.000000 0.000000 0.000000 -0.009395 0.010501 -0.080029 -0.122702 -0.175776 -0.216500 -0.260559 -0.293673 -0.335377 -0.366661 -0.392143 -0.462504 -0.523975 -0.507541 0.000000 0.000000 0.000000 0.000000 0.000000 0.000000 0.000000 0.000000 0.000000 0.000000 0.000000 0.000000 0.000000 0.000000 0.000000 0.000000 0.000000 0.000000 0.000000 0.000000
0.000000 0.000000 0.000000 0.000000 0.000000 0.000000 0.000000 0.000000 0.000000 0.000000 0.000000 0.000000 0.000000 0.000000 0.000000 0.000000 -0.000716 0.026002 -0.074310 -0.114222 -0.165932 -0.205790 -0.250384 -0.284197 -0.327190 -0.359900 -0.387038 -0.458855 -0.523727 -0.508386 0.000000 0.000000 0.000000 0.000000 0.000000 0.000000 0.000000 0.000000 0.000000 0.000000 0.000000 0.000000 0.000000 0.000000 0.000000 0.000000 0.000000 0.000000 0.000000 0.000000
0.000000 0.000000 0.000000 0.000000 0.000000 0.000000 0.000000 0.000000 0.000000 0.000000 0.000000 0.000000 0.000000 0.000000 0.000000 0.000000 0.002153 -0.000701 -0.071517 -0.107452 -0.157658 -0.196645 -0.241255 -0.275521 -0.319379 -0.352893 -0.381259 -0.453970 -0.523646 -0.508353 0.000000 0.000000 0.000000 0.000000 0.000000 0.000000 0.000000 0.000000 0.000000 0.000000 0.000000 0.000000 0.000000 0.000000 0.000000 0.000000 0.000000 0.000000 0.000000 0.000000
0.000000 0.000000 0.000000 0.000000 0.000000 0.000000 0.000000 0.000000 0.000000 0.000000 0.000000 0.000000 0.000000 0.000000 0.000000 0.000000 -0.004712 0.014811 -0.067004 -0.101865 -0.150728 -0.188970 -0.233317 -0.267766 -0.312370 -0.346858 -0.377094 -0.452010 -0.495499 -0.509978 0.000000 0.000000 0.000000 0.000000 0.000000 0.000000 0.000000 0.000000 0.000000 0.000000 0.000000 0.000000 0.000000 0.000000 0.000000 0.000000 0.000000 0.000000 0.000000 0.000000
0.000000 0.000000 0.000000 0.000000 0.000000 0.000000 0.000000 0.000000 0.000000 0.000000 0.000000 0.000000 0.000000 0.000000 0.000000 0.000000 0.005029 -0.021143 -0.064134 -0.097194 -0.144550 -0.181883 -0.225851 -0.260298 -0.305523 -0.340843 -0.374077 -0.451867 -0.525047 -0.508337 0.000000 0.000000 0.000000 0.000000 0.000000 0.000000 0.000000 0.000000 0.000000 0.000000 0.000000 0.000000 0.000000 0.000000 0.000000 0.000000 0.000000 0.000000 0.000000 0.000000
0.000000 0.000000 0.000000 0.000000 0.000000 0.000000 0.000000 0.000000 0.000000 0.000000 0.000000 0.000000 0.000000 0.000000 0.000000 0.000000 -0.007687 0.020072 -0.061227 -0.093259 -0.138646 -0.174960 -0.218333 -0.252536 -0.302327 -0.333521 -0.366396 -0.443483 -0.523758 -0.467417 0.000000 0.000000 0.000000 0.000000 0.000000 0.000000 0.000000 0.000000 0.000000 0.000000 0.000000 0.000000 0.000000 0.000000 0.000000 0.000000 0.000000 0.000000 0.000000 0.000000
0.000000 0.000000 0.000000 0.000000 0.000000 0.000000 0.000000 0.000000 0.000000 0.000000 0.000000 0.000000 0.000000 0.000000 0.000000 0.000000 0.004346 0.017631 -0.058624 -0.089354 -0.132780 -0.167962 -0.210568 -0.243982 -0.296959 -0.322900 -0.355191 -0.430274 -0.541973 -0.466196 0.000000 0.000000 0.000000 0.000000 0.000000 0.000000 0.000000 0.000000 0.000000 0.000000 0.000000 0.000000 0.000000 0.000000 0.000000 0.000000 0.000000 0.000000 0.000000 0.000000
0.000000 0.000000 0.000000 0.000000 0.000000 0.000000 0.000000 0.000000 0.000000 0.000000 0.000000 0.000000 0.000000 0.000000 0.000000 0.000000 0.006058 0.006613 -0.055373 -0.084332 -0.126465 -0.155543 -0.202017 -0.235149 -0.281594 -0.317362 -0.356534 -0.435067 -0.525852 -0.463290 0.000000 0.000000 0.000000 0.000000 0.000000 0.000000 0.000000 0.000000 0.000000 0.000000 0.000000 0.000000 0.000000 0.000000 0.000000 0.000000 0.000000 0.000000 0.000000 0.000000
0.000000 0.000000 0.000000 0.000000 0.000000 0.000000 0.000000 0.000000 0.000000 0.000000 0.000000 0.000000 0.000000 0.000000 0.000000 0.000000 -0.003220 0.016049 -0.052237 -0.079654 -0.119487 -0.147584 -0.192198 -0.223661 -0.268512 -0.300922 -0.333520 -0.410619 -0.530522 -0.467000 0.000000 0.000000 0.000000 0.000000 0.000000 0.000000 0.000000 0.000000 0.000000 0.000000 0.000000 0.000000 0.000000 0.000000 0.000000 0.000000 0.000000 0.000000 0.000000 0.000000
0.000000 0.000000 0.000000 0.000000 0.000000 0.000000 0.000000 0.000000 0.000000 0.000000 0.000000 0.000000 0.000000 0.000000 0.000000 0.000000 0.007528 0.013878 -0.047716 -0.074570 -0.111996 -0.136942 -0.180891 -0.211177 -0.256068 -0.288925 -0.327359 -0.406080 -0.527260 -0.467911 0.000000 0.000000 0.000000 0.000000 0.000000 0.000000 0.000000 0.000000 0.000000 0.000000 0.000000 0.000000 0.000000 0.000000 0.000000 0.000000 0.000000 0.000000 0.000000 0.000000
0.000000 0.000000 0.000000 0.000000 0.000000 0.000000 0.000000 0.000000 0.000000 0.000000 0.000000 0.000000 0.000000 0.000000 0.000000 0.000000 -0.018213 0.012622 -0.043509 -0.067596 -0.102333 -0.129505 -0.167340 -0.195558 -0.238833 -0.267840 -0.306897 -0.374982 -0.542474 -0.490010 0.000000 0.000000 0.000000 0.000000 0.000000 0.000000 0.000000 0.000000 0.000000 0.000000 0.000000 0.000000 0.000000 0.000000 0.000000 0.000000 0.000000 0.000000 0.000000 0.000000
0.000000 0.000000 0.000000 0.000000 0.000000 0.000000 0.000000 0.000000 0.000000 0.000000 0.000000 0.000000 0.000000 0.000000 0.000000 0.000000 -0.020023 0.005649 -0.038374 -0.059635 -0.092907 -0.117688 -0.152707 -0.178847 -0.220003 -0.247921 -0.291948 -0.355350 -0.505547 -0.514842 0.000000 0.000000 0.000000 0.000000 0.000000 0.000000 0.000000 0.000000 0.000000 0.000000 0.000000 0.000000 0.000000 0.000000 0.000000 0.000000 0.000000 0.000000 0.000000 0.000000
0.000000 0.000000 0.000000 0.000000 0.000000 0.000000 0.000000 0.000000 0.000000 0.000000 0.000000 0.000000 0.000000 0.000000 0.000000 0.000000 0.005399 -0.002609 -0.030461 -0.053397 -0.080425 -0.102412 -0.133999 -0.156187 -0.189209 -0.213633 -0.250468 -0.308020 -0.449701 -0.534319 0.000000 0.000000 0.000000 0.000000 0.000000 0.000000 0.000000 0.000000 0.000000 0.000000 0.000000 0.000000 0.000000 0.000000 0.000000 0.000000 0.000000 0.000000 0.000000 0.000000
0.000000 0.000000 0.000000 0.000000 0.000000 0.000000 0.000000 0.000000 0.000000 0.000000 0.000000 0.000000 0.000000 0.000000 0.000000 0.000000 -0.021674 -0.003613 -0.021322 -0.042862 -0.068875 -0.089524 -0.115664 -0.134419 -0.161628 -0.175683 -0.205040 -0.226587 -0.251228 -0.446035 0.000000 0.000000 0.000000 0.000000 0.000000 0.000000 0.000000 0.000000 0.000000 0.000000 0.000000 0.000000 0.000000 0.000000 0.000000 0.000000 0.000000 0.000000 0.000000 0.000000
0.000050 0.000342 0.000591 0.000920 0.001304 0.001762 0.002318 0.003006 0.003896 0.007094 0.006839 0.008612 0.011478 0.015677 0.023417 0.052605 0.083172 0.031689 -0.009441 -0.031033 -0.056156 -0.074703 -0.094914 -0.110073 -0.128819 -0.131606 -0.147203 -0.135809 -0.049645 0.204125 0.085597 0.060725 0.025224 0.018653 0.019899 0.009384 0.007153 0.006458 0.004967 0.004908 0.002970 0.002968 0.001894 0.001461 0.001105 0.000896 0.000548 0.000508 0.000203 0.000082
0.000037 0.000356 0.000862 0.001279 0.001742 0.002309 0.002986 0.003883 0.005002 0.006463 0.008487 0.010025 0.014749 0.017439 0.024677 0.037169 0.052368 0.016399 -0.008161 -0.028312 -0.048042 -0.064004 -0.080169 -0.090432 -0.102368 -0.102807 -0.101216 -0.085318 -0.043567 0.111756 0.054687 0.036700 0.022536 0.018955 0.012992 0.010764 0.009520 0.007296 0.005873 0.005041 0.003429 0.002692 0.002117 0.001648 0.001448 0.000988 0.000718 0.000555 0.000238 0.000043
0.000071 0.000436 0.000740 0.001099 0.001490 0.001497 0.001976 0.002543 0.003269 0.004124 0.005258 0.006513 0.008294 0.009790 0.012265 0.013217 0.013142 0.003849 -0.011791 -0.026385 -0.041555 -0.053720 -0.066029 -0.073547 -0.080883 -0.079743 -0.075966 -0.060434 -0.030053 0.003234 0.016809 0.015721 0.014963 0.011784 0.009961 0.007681 0.006318 0.004935 0.003989 0.003150 0.002520 0.001993 0.001573 0.001233 0.000943 0.000716 0.000498 0.000487 0.000262 0.000038
0.000087 0.000409 0.000629 0.000648 0.000934 0.001220 0.001588 0.002002 0.002512 0.003093 0.003805 0.004538 0.005441 0.006050 0.006603 0.005864 0.003890 -0.003187 -0.014120 -0.025185 -0.036568 -0.046021 -0.055173 -0.060527 -0.064964 -0.063329 -0.058339 -0.048403 -0.030257 -0.007521 0.003339 0.005003 0.007859 0.006384 0.006564 0.005135 0.004596 0.003654 0.003073 0.002463 0.002008 0.001606 0.001280 0.001011 0.000777 0.000594 0.000414 0.000401 0.000127 0.000028
-0.000005 0.000108 0.000461 0.000477 0.000681 0.000880 0.001131 0.001398 0.001716 0.002039 0.002414 0.002691 0.002987 0.002813 0.002473 0.000731 -0.002048 -0.007788 -0.015710 -0.023784 -0.032430 -0.039543 -0.046264 -0.050057 -0.052847 -0.050788 -0.047071 -0.037689 -0.025885 -0.012818 -0.004273 -0.000459 0.002413 0.002831 0.003421 0.003008 0.002860 0.002391 0.002083 0.001715 0.001428 0.001160 0.000937 0.000747 0.000578 0.000445 0.000311 0.000300 0.000228 -0.000011
0.000070 0.000288 0.000276 0.000286 0.000404 0.000511 0.000640 0.000760 0.000887 0.000976 0.001039 0.000953 0.000761 0.000123 -0.000859 -0.002853 -0.005738 -0.010366 -0.016339 -0.022564 -0.029031 -0.034452 -0.039365 -0.042117 -0.043687 -0.042206 -0.038715 -0.033172 -0.024896 -0.015438 -0.008946 -0.005033 -0.001682 -0.000603 0.000686 0.000818 0.001160 0.001067 0.001049 0.000911 0.000800 0.000671 0.000557 0.000453 0.000356 0.000277 0.000195 0.000188 -0.000001 0.000053
-0.000072 0.000071 0.000089 0.000093 0.000123 0.000139 0.000150 0.000136 0.000094 -0.000016 -0.000197 -0.000556 -0.001074 -0.002013 -0.003285 -0.005372 -0.008106 -0.011933 -0.016555 -0.021349 -0.026249 -0.030400 -0.033950 -0.035932 -0.036845 -0.035466 -0.032664 -0.027930 -0.022247 -0.016100 -0.010924 -0.007367 -0.004494 -0.002914 -0.001525 -0.000900 -0.000335 -0.000110 0.000080 0.000142 0.000183 0.000183 0.000172 0.000151 0.000126 0.000102 0.000075 0.000072 -0.000061 -0.000056
0.000051 -0.000174 -0.000098 -0.000102 -0.000153 -0.000222 -0.000317 -0.000452 -0.000640 -0.000914 -0.001289 -0.001845 -0.002587 -0.003683 -0.005104 -0.007107 -0.009605 -0.012774 -0.016443 -0.020206 -0.023960 -0.027146 -0.029769 -0.031226 -0.031735 -0.030674 -0.028466 -0.024956 -0.020852 -0.016187 -0.012434 -0.009204 -0.006540 -0.004822 -0.003299 -0.002416 -0.001642 -0.001188 -0.000817 -0.000586 -0.000410 -0.000293 -0.000207 -0.000148 -0.000104 -0.000073 -0.000049 -0.000047 -0.000111 0.000220
0.000069 -0.000235 -0.000274 -0.000282 -0.000407 -0.000552 -0.000742 -0.000977 -0.001284 -0.001684 -0.002201 -0.002893 -0.003772 -0.004950 -0.006406 -0.008297 -0.010547 -0.013226 -0.016194 -0.019200 -0.022122 -0.024596 -0.026562 -0.027648 -0.027935 -0.027080 -0.025356 -0.022689 -0.019551 -0.016129 -0.012923 -0.010224 -0.007883 -0.006144 -0.004641 -0.003593 -0.002711 -0.002092 -0.001590 -0.001227 -0.000940 -0.000725 -0.000555 -0.000426 -0.000319 -0.000239 -0.000164 -0.000158 -0.000153 -0.000105
0.000056 0.000008 -0.000428 -0.000443 -0.000640 -0.000848 -0.001121 -0.001439 -0.001843 -0.002340 -0.002962 -0.003746 -0.004707 -0.005915 -0.007357 -0.009114 -0.011132 -0.013417 -0.015871 -0.018313 -0.020632 -0.022584 -0.024089 -0.024913 -0.025075 -0.024393 -0.023033 -0.020965 -0.018529 -0.015823 -0.013239 -0.010925 -0.008829 -0.007148 -0.005673 -0.004546 -0.003589 -0.002858 -0.002256 -0.001790 -0.001412 -0.001115 -0.000872 -0.000681 -0.000517 -0.000391 -0.000272 -0.000263 -0.000168 -0.000097
0.000052 -0.000327 -0.000584 -0.000587 -0.000830 -0.001094 -0.001425 -0.001807 -0.002283 -0.002852 -0.003545 -0.004386 -0.005392 -0.006603 -0.008009 -0.009649 -0.011478 -0.013476 -0.015565 -0.017607 -0.019508 -0.021097 -0.022291 -0.022944 -0.023039 -0.022476 -0.021361 -0.019709 -0.017738 -0.015549 -0.013370 -0.011324 -0.009438 -0.007834 -0.006409 -0.005247 -0.004251 -0.003448 -0.002777 -0.002236 -0.001791 -0.001431 -0.001132 -0.000892 -0.000682 -0.000521 -0.000368 -0.000359 -0.000067 -0.000042
-0.000016 -0.000388 -0.000553 -0.000693 -0.001008 -0.001297 -0.001692 -0.002120 -0.002651 -0.003271 -0.004015 -0.004893 -0.005920 -0.007123 -0.008483 -0.010019 -0.011699 -0.013471 -0.015283 -0.017017 -0.018608 -0.019931 -0.020897 -0.021411 -0.021450 -0.020994 -0.020076 -0.018725 -0.017097 -0.015264 -0.013388 -0.011575 -0.009869 -0.008343 -0.006964 -0.005794 -0.004777 -0.003926 -0.003206 -0.002611 -0.002113 -0.001702 -0.001356 -0.001076 -0.000825 -0.000640 -0.000442 -0.000347 -0.000264 -0.000052
-0.000144 -0.000356 -0.000679 -0.000983 -0.001008 -0.001309 -0.001715 -0.002142 -0.002680 -0.003305 -0.004052 -0.004934 -0.005963 -0.007165 -0.008525 -0.010054 -0.011719 -0.013480 -0.015278 -0.016999 -0.018571 -0.019868 -0.020813 -0.021324 -0.021368 -0.020915 -0.020009 -0.018677 -0.017069 -0.015256 -0.013406 -0.011603 -0.009899 -0.008381 -0.007009 -0.005838 -0.004818 -0.003965 -0.003241 -0.002641 -0.002138 -0.001723 -0.001373 -0.001088 -0.000834 -0.000639 -0.000626 -0.000435 -0.000228 -0.000051
-0.000051 -0.000308 -0.000744 -0.001070 -0.001419 -0.001868 -0.002375 -0.002844 -0.003536 -0.004311 -0.005194 -0.006221 -0.007375 -0.008116 -0.009513 -0.010981 -0.012575 -0.014193 -0.015805 -0.018574 -0.018679 -0.019118 -0.020557 -0.020892 -0.020997 -0.021340 -0.019480 -0.018351 -0.017529 -0.015559 -0.013679 -0.011950 -0.010308 -0.008746 -0.007396 -0.006203 -0.006084 -0.005067 -0.004315 -0.003463 -0.002945 -0.002250 -0.001813 -0.001442 -0.001173 -0.000931 -0.000636 -0.000412 -0.000244 -0.000007
-0.000042 -0.000478 -0.000551 -0.000983 -0.001222 -0.001584 -0.001824 -0.002238 -0.003185 -0.003860 -0.005478 -0.005565 -0.006156 -0.007684 -0.009092 -0.010170 -0.011703 -0.019490 -0.014956 -0.012982 -0.024048 -0.015590 -0.019795 -0.018568 -0.019060 -0.017081 -0.017904 -0.017805 -0.016509 -0.013247 -0.019996 -0.010641 -0.010190 -0.008630 -0.008610 -0.004011 -0.004756 -0.005120 -0.005843 -0.003154 -0.002095 -0.001969 -0.001808 -0.001490 -0.000925 -0.000718 -0.000697 -0.000394 -0.000349 -0.000038
