0.000000 0.000000 0.000000 0.000000 0.000000 0.000031 0.000100 0.000031 0.000169 0.000143 -0.000017 0.000175 0.000137 -0.000133 -0.000146 0.000208 -0.000534 -0.000516 -0.000099 -0.000538 -0.000507 -0.000469 -0.000138 0.000056 -0.000122 0.000063 -0.000129 -0.000088 -0.000078 -0.000060 0.000044 -0.000049 -0.000048 0.000000 0.000000 0.000000 0.000000 0.000000 0.000000 0.000000 0.000000 0.000000 0.000000 0.000000 0.000000 0.000000 0.000000 0.000000 0.000000 0.000000
0.000000 0.000000 0.000000 0.000000 0.000000 0.000669 0.000599 0.000432 0.000349 0.000274 0.000223 0.000512 0.000531 0.000387 0.000325 0.000251 0.000213 0.000217 0.000099 0.000020 -0.000041 -0.000067 -0.000093 -0.000159 -0.000411 -0.000210 -0.000199 -0.000247 -0.000226 -0.000249 -0.000275 -0.000407 -0.000348 0.000000 0.000000 0.000000 0.000000 0.000000 0.000000 0.000000 0.000000 0.000000 0.000000 0.000000 0.000000 0.000000 0.000000 0.000000 0.000000 0.000000
0.000000 0.000000 0.000000 0.000000 0.000000 0.001252 0.001178 0.001217 0.001121 0.001027 0.000919 0.000791 0.000652 0.000498 0.000341 0.000184 0.000030 -0.000113 -0.000245 -0.000359 -0.000455 -0.000530 -0.000586 -0.000621 -0.000640 -0.000573 -0.000643 -0.000636 -0.000626 -0.000619 -0.000630 -0.000454 -0.000454 0.000000 0.000000 0.000000 0.000000 0.000000 0.000000 0.000000 0.000000 0.000000 0.000000 0.000000 0.000000 0.000000 0.000000 0.000000 0.000000 0.000000
0.000000 0.000000 0.000000 0.000000 0.000000 0.001317 0.001699 0.001189 0.001144 0.001059 0.000950 0.000820 0.000674 0.000514 0.000352 0.000187 0.000027 -0.000117 -0.000253 -0.000372 -0.000471 -0.000548 -0.000603 -0.000642 -0.000664 -0.000846 -0.000664 -0.000655 -0.000643 -0.000631 -0.000615 -0.000933 -0.000531 0.000000 0.000000 0.000000 0.000000 0.000000 0.000000 0.000000 0.000000 0.000000 0.000000 0.000000 0.000000 0.000000 0.000000 0.000000 0.000000 0.000000
0.000000 0.000000 0.000000 0.000000 0.000000 0.001779 0.002214 0.001687 0.001610 0.001488 0.001333 0.001148 0.000944 0.000721 0.000490 0.000258 0.000031 -0.000183 -0.000377 -0.000543 -0.000681 -0.000787 -0.000862 -0.000907 -0.000927 -0.001121 -0.000920 -0.000902 -0.000882 -0.000864 -0.000847 -0.000849 -0.000887 0.000000 0.000000 0.000000 0.000000 0.000000 0.000000 0.000000 0.000000 0.000000 0.000000 0.000000 0.000000 0.000000 0.000000 0.000000 0.000000 0.000000
0.000000 0.000000 0.000000 0.000000 0.000000 0.002284 0.002833 0.002131 0.002047 0.001888 0.001690 0.001452 0.001187 0.000899 0.000601 0.000301 0.000010 -0.000261 -0.000507 -0.000718 -0.000890 -0.001019 -0.001107 -0.001157 -0.001174 -0.001422 -0.001145 -0.001114 -0.001082 -0.001054 -0.001023 -0.000787 -0.000790 0.000000 0.000000 0.000000 0.000000 0.000000 0.000000 0.000000 0.000000 0.000000 0.000000 0.000000 0.000000 0.000000 0.000000 0.000000 0.000000 0.000000
0.000000 0.000000 0.000000 0.000000 0.000000 0.002857 0.003513 0.002679 0.002576 0.002374 0.002122 0.001819 0.001480 0.001113 0.000732 0.000349 -0.000023 -0.000370 -0.000682 -0.000947 -0.001161 -0.001316 -0.001416 -0.001465 -0.001470 -0.001697 -0.001405 -0.001355 -0.001306 -0.001261 -0.001223 -0.001246 -0.001151 0.000000 0.000000 0.000000 0.000000 0.000000 0.000000 0.000000 0.000000 0.000000 0.000000 0.000000 0.000000 0.000000 0.000000 0.000000 0.000000 0.000000
0.000000 0.000000 0.000000 0.000000 0.000000 0.003443 0.004207 0.003269 0.003140 0.002889 0.002578 0.002202 0.001782 0.001327 0.000854 0.000379 -0.000082 -0.000512 -0.000896 -0.001218 -0.001474 -0.001652 -0.001758 -0.001798 -0.001780 -0.001717 -0.001658 -0.001581 -0.001505 -0.001444 -0.001387 -0.001400 -0.001431 0.000000 0.000000 0.000000 0.000000 0.000000 0.000000 0.000000 0.000000 0.000000 0.000000 0.000000 0.000000 0.000000 0.000000 0.000000 0.000000 0.000000
0.000000 0.000000 0.000000 0.000000 0.000000 0.003326 0.005066 0.003960 0.003793 0.003490 0.003106 0.002645 0.002129 0.001569 0.000985 0.000399 -0.000172 -0.000700 -0.001173 -0.001563 -0.001868 -0.002069 -0.002175 -0.002193 -0.002137 -0.002041 -0.001928 -0.001813 -0.001704 -0.001620 -0.001538 -0.001643 -0.001594 0.000000 0.000000 0.000000 0.000000 0.000000 0.000000 0.000000 0.000000 0.000000 0.000000 0.000000 0.000000 0.000000 0.000000 0.000000 0.000000 0.000000
0.000000 0.000000 0.000000 0.000000 0.000000 0.003638 0.005565 0.004726 0.004528 0.004163 0.003697 0.003139 0.002510 0.001828 0.001115 0.000399 -0.000300 -0.000945 -0.001521 -0.001990 -0.002350 -0.002572 -0.002666 -0.002649 -0.002528 -0.002376 -0.002196 -0.002031 -0.001879 -0.001763 -0.001660 -0.001522 -0.001646 0.000000 0.000000 0.000000 0.000000 0.000000 0.000000 0.000000 0.000000 0.000000 0.000000 0.000000 0.000000 0.000000 0.000000 0.000000 0.000000 0.000000
0.000000 0.000000 0.000000 0.000000 0.000000 0.005860 0.007062 0.005630 0.005384 0.004945 0.004383 0.003708 0.002947 0.002119 0.001251 0.000378 -0.000477 -0.001265 -0.001973 -0.002537 -0.002969 -0.003206 -0.003284 -0.003193 -0.002978 -0.002739 -0.002466 -0.002235 -0.002027 -0.001874 -0.001751 -0.001742 -0.002000 0.000000 0.000000 0.000000 0.000000 0.000000 0.000000 0.000000 0.000000 0.000000 0.000000 0.000000 0.000000 0.000000 0.000000 0.000000 0.000000 0.000000
0.000000 0.000000 0.000000 0.000000 0.000000 0.007005 0.008251 0.006670 0.006373 0.005848 0.005173 0.004363 0.003446 0.002447 0.001395 0.000334 -0.000711 -0.001672 -0.002540 -0.003222 -0.003737 -0.003993 -0.004026 -0.003848 -0.003464 -0.003117 -0.002715 -0.002402 -0.002131 -0.001934 -0.001784 -0.001163 -0.001150 0.000000 0.000000 0.000000 0.000000 0.000000 0.000000 0.000000 0.000000 0.000000 0.000000 0.000000 0.000000 0.000000 0.000000 0.000000 0.000000 0.000000
0.000000 0.000000 0.000000 0.000000 0.000000 0.009026 0.008480 0.007871 0.007534 0.006899 0.006096 0.005125 0.004026 0.002827 0.001550 0.000262 -0.001019 -0.002197 -0.003280 -0.004111 -0.004760 -0.005022 -0.005025 -0.004636 -0.004026 -0.003480 -0.002930 -0.002516 -0.002168 -0.001932 -0.001756 -0.001568 -0.001634 0.000000 0.000000 0.000000 0.000000 0.000000 0.000000 0.000000 0.000000 0.000000 0.000000 0.000000 0.000000 0.000000 0.000000 0.000000 0.000000 0.000000
0.000000 0.000000 0.000000 0.000000 0.000000 0.009770 0.010965 0.009282 0.008887 0.008130 0.007175 0.006020 0.004706 0.003263 0.001728 0.000167 -0.001401 -0.002848 -0.004194 -0.005225 -0.006025 -0.006324 -0.006231 -0.005646 -0.004574 -0.003820 -0.003062 -0.002533 -0.002119 -0.001837 -0.001646 -0.001258 -0.001296 0.000000 0.000000 0.000000 0.000000 0.000000 0.000000 0.000000 0.000000 0.000000 0.000000 0.000000 0.000000 0.000000 0.000000 0.000000 0.000000 0.000000
0.000000 0.000000 0.000000 0.000000 0.000000 0.010879 0.012848 0.010935 0.010456 0.009573 0.008442 0.007073 0.005510 0.003787 0.001940 0.000049 -0.001876 -0.003665 -0.005381 -0.006678 -0.007788 -0.008116 -0.008074 -0.006863 -0.005175 -0.004025 -0.003050 -0.002420 -0.001943 -0.001649 -0.001445 -0.001139 -0.001196 0.000000 0.000000 0.000000 0.000000 0.000000 0.000000 0.000000 0.000000 0.000000 0.000000 0.000000 0.000000 0.000000 0.000000 0.000000 0.000000 0.000000
0.000000 0.000000 0.000000 0.000000 0.000000 0.016719 0.015329 0.012918 0.012313 0.011279 0.009940 0.008323 0.006472 0.004422 0.002209 -0.000074 -0.002430 -0.004647 -0.006818 -0.008484 -0.009936 -0.010408 -0.010232 -0.008558 -0.005548 -0.003992 -0.002828 -0.002069 -0.001602 -0.001306 -0.001131 -0.000966 -0.001082 0.000000 0.000000 0.000000 0.000000 0.000000 0.000000 0.000000 0.000000 0.000000 0.000000 0.000000 0.000000 0.000000 0.000000 0.000000 0.000000 0.000000
0.000000 0.000000 0.000000 0.000000 0.000000 0.019601 0.018150 0.015194 0.014502 0.013276 0.011707 0.009808 0.007630 0.005205 0.002569 -0.000178 -0.003056 -0.005813 -0.008605 -0.010780 -0.013010 -0.013952 -0.014484 -0.010854 -0.005585 -0.003437 -0.002177 -0.001494 -0.001139 -0.000901 -0.000777 -0.000488 -0.000532 0.000000 0.000000 0.000000 0.000000 0.000000 0.000000 0.000000 0.000000 0.000000 0.000000 0.000000 0.000000 0.000000 0.000000 0.000000 0.000000 0.000000
0.000000 0.000000 0.000000 0.000000 0.000000 0.018845 0.021297 0.017821 0.017084 0.015622 0.013797 0.011576 0.009030 0.006179 0.003059 -0.000229 -0.003728 -0.007148 -0.010756 -0.013610 -0.017148 -0.018695 -0.025061 -0.007277 -0.001203 -0.000202 -0.000331 -0.000226 -0.000210 -0.000022 -0.000038 -0.000147 -0.000150 0.000000 0.000000 0.000000 0.000000 0.000000 0.000000 0.000000 0.000000 0.000000 0.000000 0.000000 0.000000 0.000000 0.000000 0.000000 0.000000 0.000000
0.000000 0.000000 0.000000 0.000000 0.000000 0.022828 0.024801 0.020967 0.020091 0.018382 0.016257 0.013682 0.010728 0.007407 0.003755 -0.000149 -0.004330 -0.008544 -0.012997 -0.016794 -0.021238 -0.023737 -0.032049 -0.042920 0.000000 0.000000 0.000000 0.000000 0.000000 0.000000 0.000000 0.000000 0.000000 0.000000 0.000000 0.000000 0.000000 0.000000 0.000000 0.000000 0.000000 0.000000 0.000000 0.000000 0.000000 0.000000 0.000000 0.000000 0.000000 0.000000
0.000000 0.000000 0.000000 0.000000 0.000000 0.025759 0.029351 0.024620 0.023595 0.021604 0.019149 0.016177 0.012782 0.008950 0.004713 0.000126 -0.004838 -0.009950 -0.015425 -0.020106 -0.025911 -0.027992 -0.037610 -0.051655 0.000000 0.000000 0.000000 0.000000 0.000000 0.000000 0.000000 0.000000 0.000000 0.000000 0.000000 0.000000 0.000000 0.000000 0.000000 0.000000 0.000000 0.000000 0.000000 0.000000 0.000000 0.000000 0.000000 0.000000 0.000000 0.000000
0.000000 0.000000 0.000000 0.000000 0.000000 0.031646 0.033858 0.028973 0.027689 0.025378 0.022519 0.019131 0.015262 0.010896 0.006043 0.000708 -0.005088 -0.011277 -0.017879 -0.024115 -0.030865 -0.034671 -0.044722 -0.062524 0.000000 0.000000 0.000000 0.000000 0.000000 0.000000 0.000000 0.000000 0.000000 0.000000 0.000000 0.000000 0.000000 0.000000 0.000000 0.000000 0.000000 0.000000 0.000000 0.000000 0.000000 0.000000 0.000000 0.000000 0.000000 0.000000
0.000000 0.000000 0.000000 0.000000 0.000000 0.032077 0.039578 0.034042 0.032497 0.029691 0.026434 0.022563 0.018227 0.013315 0.007838 0.001718 -0.004990 -0.012399 -0.020333 -0.028838 -0.036482 -0.043089 -0.055747 -0.049627 0.000000 0.000000 0.000000 0.000000 0.000000 0.000000 0.000000 0.000000 0.000000 0.000000 0.000000 0.000000 0.000000 0.000000 0.000000 0.000000 0.000000 0.000000 0.000000 0.000000 0.000000 0.000000 0.000000 0.000000 0.000000 0.000000
0.000000 0.000000 0.000000 0.000000 0.000000 0.031201 0.046675 0.040027 0.037912 0.034720 0.030879 0.026576 0.021746 0.016332 0.010245 0.003351 -0.004320 -0.013090 -0.022538 -0.033382 -0.043669 -0.053180 -0.065844 -0.061247 0.000000 0.000000 0.000000 0.000000 0.000000 0.000000 0.000000 0.000000 0.000000 0.000000 0.000000 0.000000 0.000000 0.000000 0.000000 0.000000 0.000000 0.000000 0.000000 0.000000 0.000000 0.000000 0.000000 0.000000 0.000000 0.000000
0.000000 0.000000 0.000000 0.000000 0.000000 0.050933 0.055164 0.046716 0.044276 0.040128 0.035883 0.031040 0.025846 0.020000 0.013411 0.005846 -0.002804 -0.012881 -0.024386 -0.037594 -0.051674 -0.063942 -0.080313 -0.075170 0.000000 0.000000 0.000000 0.000000 0.000000 0.000000 0.000000 0.000000 0.000000 0.000000 0.000000 0.000000 0.000000 0.000000 0.000000 0.000000 0.000000 0.000000 0.000000 0.000000 0.000000 0.000000 0.000000 0.000000 0.000000 0.000000
0.000000 0.000000 0.000000 0.000000 0.000000 0.060419 0.065523 0.055397 0.051159 0.046487 0.041353 0.036158 0.030586 0.024472 0.017545 0.009481 0.000008 -0.011325 -0.024943 -0.041226 -0.060740 -0.080460 -0.109820 -0.116533 0.000000 0.000000 0.000000 0.000000 0.000000 0.000000 0.000000 0.000000 0.000000 0.000000 0.000000 0.000000 0.000000 0.000000 0.000000 0.000000 0.000000 0.000000 0.000000 0.000000 0.000000 0.000000 0.000000 0.000000 0.000000 0.000000
0.000000 0.000000 0.000000 0.000000 0.000000 0.076009 0.076187 0.063739 0.058636 0.052384 0.046997 0.041424 0.035859 0.029719 0.022797 0.014604 0.004667 -0.007378 -0.023150 -0.042086 -0.069037 -0.094142 -0.143308 -0.155670 0.000000 0.000000 0.000000 0.000000 0.000000 0.000000 0.000000 0.000000 0.000000 0.000000 0.000000 0.000000 0.000000 0.000000 0.000000 0.000000 0.000000 0.000000 0.000000 0.000000 0.000000 0.000000 0.000000 0.000000 0.000000 0.000000
0.000000 0.000000 0.000000 0.000000 0.000000 0.105389 0.094708 0.076126 0.066188 0.059117 0.052735 0.047148 0.041719 0.035887 0.029301 0.021514 0.011729 -0.000397 -0.017205 -0.038786 -0.071893 -0.118563 -0.219730 -0.175483 0.000000 0.000000 0.000000 0.000000 0.000000 0.000000 0.000000 0.000000 0.000000 0.000000 0.000000 0.000000 0.000000 0.000000 0.000000 0.000000 0.000000 0.000000 0.000000 0.000000 0.000000 0.000000 0.000000 0.000000 0.000000 0.000000
0.005833 0.003643 0.004459 0.009193 0.009861 0.026114 0.099130 0.079342 0.069718 0.063586 0.057428 0.052581 0.047853 0.042806 0.037092 0.030301 0.021779 0.010845 -0.003980 -0.024025 -0.056720 -0.105140 -0.245221 0.195207 0.510146 0.532483 0.524822 0.510252 0.545267 0.553860 0.533921 0.501305 0.497849 0.526373 0.500471 0.525675 0.507946 0.507153 0.525447 0.516645 0.542680 0.446698 0.521394 0.514700 0.491896 0.000000 0.000000 0.000000 0.000000 0.000000
0.010151 0.017394 0.017356 0.020784 0.037657 0.051705 0.072856 0.072046 0.069208 0.065445 0.061322 0.057810 0.054305 0.050457 0.046130 0.041040 0.034940 0.027140 0.017766 0.004284 -0.009228 -0.027385 0.029713 0.191725 0.217999 0.404947 0.433109 0.431321 0.448855 0.449850 0.447001 0.468600 0.463855 0.466979 0.443836 0.499047 0.489708 0.531667 0.509433 0.547262 0.531725 0.512017 0.486164 0.544580 0.527701 0.000000 0.000000 0.000000 0.000000 0.000000
0.025545 0.029725 0.030272 0.034308 0.040224 0.051984 0.065588 0.068941 0.067737 0.067339 0.065151 0.063385 0.061074 0.058650 0.055898 0.052782 0.049380 0.045334 0.041581 0.036689 0.037184 0.036138 0.078492 0.158615 0.264059 0.346732 0.394960 0.427499 0.450473 0.465152 0.470435 0.459626 0.455448 0.469252 0.474228 0.494865 0.518819 0.515083 0.513581 0.518561 0.533115 0.540438 0.515451 0.516769 0.513466 0.000000 0.000000 0.000000 0.000000 0.000000
0.038343 0.041007 0.041543 0.041080 0.047585 0.053024 0.063626 0.067384 0.069240 0.070012 0.069573 0.069043 0.068113 0.067105 0.066014 0.064928 0.064092 0.063540 0.064367 0.066473 0.074026 0.086366 0.116508 0.174219 0.241732 0.297152 0.332665 0.358911 0.384299 0.390918 0.414525 0.408172 0.428812 0.420907 0.436878 0.415539 0.428592 0.446847 0.443107 0.437820 0.459794 0.468522 0.506326 0.546789 0.591195 0.000000 0.000000 0.000000 0.000000 0.000000
0.050887 0.049711 0.051423 0.052206 0.055836 0.061902 0.067174 0.070925 0.072609 0.074003 0.074630 0.075119 0.075355 0.075653 0.076085 0.076831 0.078221 0.080468 0.084631 0.090950 0.102509 0.118800 0.148904 0.192641 0.245234 0.287640 0.324104 0.349873 0.376836 0.384541 0.403167 0.403243 0.414608 0.416284 0.431182 0.433870 0.437733 0.451559 0.463744 0.457244 0.475056 0.494731 0.526920 0.607429 0.774670 0.000000 0.000000 0.000000 0.000000 0.000000
0.052348 0.063762 0.058723 0.058678 0.062489 0.065891 0.070702 0.073762 0.076336 0.078371 0.079866 0.081247 0.082535 0.083989 0.085746 0.088029 0.091174 0.095493 0.101778 0.110534 0.123338 0.141104 0.166423 0.199043 0.236475 0.269650 0.299013 0.320215 0.347059 0.354370 0.375797 0.374982 0.392891 0.390241 0.402496 0.401706 0.401760 0.410391 0.421521 0.410993 0.427288 0.441698 0.460395 0.451714 0.185509 0.001772 0.007328 0.022372 0.008606 0.031102
0.076996 0.065864 0.066317 0.066580 0.069056 0.072625 0.075645 0.078602 0.081105 0.083394 0.085440 0.087495 0.089621 0.092031 0.094881 0.098399 0.102893 0.108690 0.116381 0.126406 0.139859 0.157092 0.179655 0.206650 0.237179 0.264953 0.291660 0.311833 0.333948 0.344950 0.361422 0.366609 0.379134 0.381299 0.392303 0.395073 0.398920 0.402409 0.411641 0.404958 0.405959 0.405732 0.392863 0.351582 0.226997 0.142250 0.109197 0.094811 0.064575 0.054123
0.073623 0.079354 0.072479 0.072557 0.074987 0.077450 0.080428 0.083159 0.085852 0.088419 0.090948 0.093572 0.096388 0.099566 0.103265 0.107693 0.113114 0.119816 0.128207 0.138686 0.151802 0.167899 0.187243 0.209414 0.233602 0.256278 0.278889 0.296263 0.315939 0.327169 0.342596 0.348754 0.360499 0.363264 0.371305 0.372838 0.376474 0.375975 0.382088 0.372967 0.371754 0.367135 0.340590 0.312298 0.231426 0.181653 0.145422 0.147091 0.130759 0.137889
0.096557 0.080981 0.078559 0.078610 0.080636 0.082930 0.085504 0.088121 0.090820 0.093564 0.096421 0.099474 0.102819 0.106592 0.110938 0.116039 0.122106 0.129377 0.138149 0.148713 0.161363 0.176265 0.193519 0.212559 0.233105 0.252716 0.272276 0.288811 0.305464 0.317104 0.330109 0.337597 0.347328 0.351585 0.358741 0.360343 0.363888 0.363873 0.365423 0.359266 0.352789 0.342573 0.320555 0.294235 0.242971 0.208338 0.178519 0.175204 0.158443 0.151068
0.083484 0.087021 0.083930 0.083917 0.085831 0.087838 0.090306 0.092846 0.095620 0.098524 0.101649 0.105038 0.108786 0.112997 0.117799 0.123336 0.129777 0.137311 0.146133 0.156436 0.168356 0.181981 0.197209 0.213687 0.231027 0.247909 0.264690 0.279305 0.293951 0.305157 0.316743 0.324520 0.332910 0.337684 0.343239 0.345068 0.347273 0.346075 0.345759 0.340953 0.332232 0.323038 0.302912 0.283357 0.248253 0.223493 0.200251 0.199760 0.171730 0.174197
0.108588 0.091400 0.088709 0.090330 0.092275 0.094675 0.097308 0.097394 0.100226 0.103348 0.106714 0.110392 0.114427 0.118961 0.123959 0.129784 0.136447 0.144083 0.152820 0.162780 0.174023 0.186559 0.200276 0.214853 0.230049 0.244902 0.259683 0.273008 0.285939 0.296463 0.306826 0.314299 0.322000 0.326578 0.331611 0.333318 0.335424 0.334317 0.332886 0.327955 0.320127 0.310621 0.294533 0.278630 0.253476 0.236128 0.217664 0.216463 0.194284 0.179812
0.075004 0.091808 0.093499 0.093474 0.095198 0.096979 0.099304 0.101786 0.104650 0.107764 0.111230 0.115048 0.119296 0.124030 0.129340 0.135314 0.142044 0.149623 0.158144 0.167659 0.178195 0.189707 0.202087 0.215074 0.228460 0.241644 0.254631 0.266615 0.278068 0.287937 0.297117 0.304518 0.311132 0.315959 0.319951 0.322051 0.323170 0.322275 0.320118 0.315735 0.308710 0.300420 0.287542 0.275120 0.257170 0.243656 0.229658 0.228911 0.224609 0.206213
0.089623 0.102117 0.097714 0.097688 0.099416 0.101116 0.103415 0.105890 0.108795 0.111976 0.115551 0.119501 0.123882 0.128756 0.134185 0.140232 0.146964 0.154439 0.162719 0.171809 0.181723 0.192372 0.203689 0.215420 0.227437 0.239272 0.250916 0.261769 0.272100 0.281189 0.289555 0.296447 0.302566 0.307077 0.310748 0.312740 0.313738 0.312979 0.310905 0.307041 0.300996 0.293911 0.283601 0.273626 0.260319 0.250248 0.239299 0.238915 0.224996 0.225779
0.097282 0.105186 0.101341 0.101388 0.103089 0.104708 0.107066 0.109504 0.112453 0.115679 0.119330 0.123354 0.127836 0.132754 0.138204 0.144226 0.150852 0.158119 0.166113 0.174740 0.184075 0.193931 0.204343 0.215001 0.225888 0.236578 0.247090 0.256968 0.266320 0.274720 0.282339 0.288840 0.294392 0.298723 0.302000 0.303982 0.304833 0.304252 0.302401 0.299088 0.294095 0.288177 0.280054 0.272222 0.262190 0.254521 0.246007 0.245596 0.235118 0.277444
0.098246 0.110958 0.104803 0.104873 0.106763 0.108313 0.110598 0.113090 0.116060 0.119324 0.123048 0.127160 0.131608 0.136587 0.142073 0.148098 0.154664 0.161790 0.169538 0.177794 0.186648 0.195846 0.205554 0.215332 0.225363 0.235084 0.244733 0.253758 0.262327 0.270095 0.277016 0.283173 0.288099 0.292463 0.295157 0.297451 0.298117 0.297744 0.296362 0.293339 0.289523 0.284282 0.278242 0.271589 0.264310 0.258159 0.251597 0.251839 0.242888 0.244674
0.105263 0.112784 0.107449 0.107499 0.109635 0.110964 0.113590 0.115902 0.118893 0.122157 0.125900 0.130032 0.134715 0.139440 0.144779 0.150646 0.156908 0.163653 0.171204 0.178957 0.187435 0.195918 0.205082 0.214019 0.223352 0.232210 0.241146 0.249426 0.257353 0.264569 0.271042 0.276781 0.281556 0.285558 0.288275 0.290381 0.291142 0.291004 0.289917 0.287640 0.284348 0.280438 0.275294 0.270367 0.264522 0.259860 0.254976 0.255377 0.248966 0.251912
0.104667 0.116172 0.110267 0.110964 0.112770 0.114441 0.116591 0.119194 0.121986 0.125416 0.129056 0.133212 0.137814 0.142854 0.148270 0.154290 0.160656 0.167375 0.174668 0.182233 0.190343 0.198289 0.207146 0.215364 0.224370 0.232288 0.240876 0.248411 0.255853 0.262630 0.268200 0.274035 0.277974 0.282473 0.284140 0.287003 0.287372 0.287366 0.286723 0.285108 0.281785 0.280381 0.274508 0.273004 0.266037 0.265308 0.258334 0.259925 0.272790 0.238227
0.105352 0.111342 0.112191 0.110652 0.114237 0.113726 0.118036 0.119056 0.123425 0.125717 0.130420 0.134044 0.138956 0.143546 0.148573 0.154834 0.160483 0.166622 0.174048 0.180833 0.188890 0.195837 0.204837 0.211963 0.220773 0.227709 0.236135 0.242805 0.249984 0.256207 0.261876 0.267188 0.271523 0.274953 0.277325 0.279721 0.280422 0.280622 0.280510 0.278577 0.276949 0.274909 0.270711 0.268756 0.263914 0.262425 0.258400 0.260418 0.273143 0.245421
0.088378 0.111762 0.114960 0.115624 0.118514 0.119678 0.122536 0.124758 0.128018 0.131194 0.135037 0.139208 0.143819 0.148902 0.154158 0.160113 0.166512 0.172825 0.179583 0.186966 0.194476 0.201896 0.209907 0.217682 0.225999 0.232543 0.240315 0.247163 0.253741 0.260125 0.265024 0.270395 0.274314 0.277916 0.280520 0.282173 0.283972 0.283406 0.285044 0.282434 0.280602 0.280496 0.275761 0.276075 0.269648 0.271304 0.263060 0.264968 0.258175 0.262285
0.107153 0.123333 0.115434 0.110939 0.114905 0.114004 0.118489 0.119751 0.123663 0.126242 0.130439 0.134195 0.138918 0.143476 0.147689 0.154272 0.159810 0.165232 0.172292 0.178971 0.185828 0.192246 0.200746 0.207359 0.215063 0.220934 0.229142 0.235054 0.241813 0.247247 0.252461 0.257335 0.261280 0.264112 0.266651 0.268906 0.269634 0.269262 0.270577 0.269327 0.268283 0.266443 0.264147 0.262638 0.258983 0.259732 0.255753 0.263158 0.282731 0.245382
0.113299 0.119364 0.115202 0.117029 0.117252 0.118652 0.120944 0.123475 0.126465 0.129811 0.133558 0.137732 0.142171 0.147148 0.152376 0.158040 0.164083 0.170422 0.177345 0.184166 0.191446 0.198828 0.206011 0.213666 0.220928 0.228413 0.235442 0.242058 0.248523 0.254155 0.259560 0.264128 0.268309 0.271802 0.274277 0.276539 0.277697 0.278483 0.278233 0.277686 0.276491 0.275133 0.273117 0.271091 0.268588 0.267340 0.265203 0.264204 0.270201 0.271361
0.126400 0.117991 0.109556 0.110732 0.124568 0.115653 0.117494 0.136970 0.140501 0.140032 0.149164 0.154068 0.141512 0.143002 0.147971 0.153452 0.177290 0.164405 0.191001 0.198301 0.205676 0.213315 0.220883 0.205482 0.236306 0.243170 0.249809 0.255891 0.262213 0.244478 0.249855 0.254778 0.282044 0.285295 0.287774 0.289473 0.292687 0.290694 0.269036 0.268493 0.290063 0.266736 0.263380 0.262662 0.282420 0.254599 0.252167 0.253194 0.274223 0.284272
0.121414 0.099899 0.119025 0.108600 0.102655 0.118756 0.121566 0.127721 0.109664 0.135257 0.118136 0.143468 0.139310 0.144180 0.149223 0.170384 0.168153 0.168314 0.175245 0.176207 0.192884 0.199504 0.210639 0.218457 0.219595 0.216775 0.232344 0.242398 0.242312 0.249060 0.264476 0.260242 0.261508 0.253549 0.266825 0.268547 0.269687 0.277032 0.277993 0.269718 0.276595 0.268513 0.254461 0.276861 0.275122 0.263275 0.267551 0.253603 0.262747 0.282651
