-0.002122 -0.000892 -0.000357 0.000004 -0.002263 0.001353 0.001140 -0.000413 -0.000761 -0.005575 -0.002945 0.001252 0.002096 0.003613 0.002263 0.000000 0.000000 0.000000 0.000000 0.000000 0.000000 0.000000 0.000000 0.000000 0.000000 0.000000 0.000000 0.000000 0.000000 0.000000 0.000000 0.000000 0.000000 0.000000 0.000000 0.000000 0.000000 0.000000 0.000000 0.000000 0.000000 0.000000 0.000000 0.000000 0.000000 0.000000 0.000000 0.000000 0.000000 0.000000
-0.008254 -0.012147 -0.007544 -0.006704 -0.005364 -0.010449 -0.008826 -0.007265 0.005446 -0.002896 0.003696 0.015817 0.017301 0.014589 0.017034 0.000000 0.000000 0.000000 0.000000 0.000000 0.000000 0.000000 0.000000 0.000000 0.000000 0.000000 0.000000 0.000000 0.000000 0.000000 0.000000 0.000000 0.000000 0.000000 0.000000 0.000000 0.000000 0.000000 0.000000 0.000000 0.000000 0.000000 0.000000 0.000000 0.000000 0.000000 0.000000 0.000000 0.000000 0.000000
-0.018105 -0.020001 -0.021821 -0.019578 -0.019962 -0.017518 -0.014282 -0.010260 -0.004981 0.001450 0.009555 0.018976 0.029841 0.035660 0.027729 0.000000 0.000000 0.000000 0.000000 0.000000 0.000000 0.000000 0.000000 0.000000 0.000000 0.000000 0.000000 0.000000 0.000000 0.000000 0.000000 0.000000 0.000000 0.000000 0.000000 0.000000 0.000000 0.000000 0.000000 0.000000 0.000000 0.000000 0.000000 0.000000 0.000000 0.000000 0.000000 0.000000 0.000000 0.000000
-0.027373 -0.029051 -0.030938 -0.022199 -0.020641 -0.018130 -0.014735 -0.010612 -0.005095 0.001307 0.009895 0.019466 0.030915 0.063239 0.057414 0.000000 0.000000 0.000000 0.000000 0.000000 0.000000 0.000000 0.000000 0.000000 0.000000 0.000000 0.000000 0.000000 0.000000 0.000000 0.000000 0.000000 0.000000 0.000000 0.000000 0.000000 0.000000 0.000000 0.000000 0.000000 0.000000 0.000000 0.000000 0.000000 0.000000 0.000000 0.000000 0.000000 0.000000 0.000000
-0.041111 -0.035246 -0.031392 -0.031486 -0.029006 -0.025957 -0.021657 -0.016302 -0.008998 0.000038 0.012117 0.025613 0.044609 0.099792 0.097627 0.000000 0.000000 0.000000 0.000000 0.000000 0.000000 0.000000 0.000000 0.000000 0.000000 0.000000 0.000000 0.000000 0.000000 0.000000 0.000000 0.000000 0.000000 0.000000 0.000000 0.000000 0.000000 0.000000 0.000000 0.000000 0.000000 0.000000 0.000000 0.000000 0.000000 0.000000 0.000000 0.000000 0.000000 0.000000
-0.041258 -0.048976 -0.040373 -0.040270 -0.037765 -0.034292 -0.029519 -0.023292 -0.014929 -0.004212 0.010342 0.028466 0.053945 0.128321 0.123558 0.000000 0.000000 0.000000 0.000000 0.000000 0.000000 0.000000 0.000000 0.000000 0.000000 0.000000 0.000000 0.000000 0.000000 0.000000 0.000000 0.000000 0.000000 0.000000 0.000000 0.000000 0.000000 0.000000 0.000000 0.000000 0.000000 0.000000 0.000000 0.000000 0.000000 0.000000 0.000000 0.000000 0.000000 0.000000
-0.039863 -0.054382 -0.050911 -0.050744 -0.048023 -0.044359 -0.043650 -0.043651 -0.034687 -0.011243 0.005417 0.027896 0.060882 0.169723 0.220954 0.001468 0.008688 0.006678 0.009132 0.009918 0.010004 0.010294 0.015694 0.013775 0.015490 0.007342 0.006397 0.005550 0.004697 0.003852 0.003022 0.002173 0.001659 0.001041 0.001078 0.003435 -0.001023 0.002416 -0.000380 0.008289 0.007263 0.007270 0.000428 0.004909 0.004234 -0.002379 0.000126 0.001647 0.000879 0.000535
-0.066271 -0.070859 -0.061812 -0.061660 -0.059042 -0.055554 -0.050683 -0.044139 -0.035419 -0.023517 -0.007877 0.014553 0.043053 0.147800 0.121814 0.092557 -0.028422 -0.039625 -0.033909 0.036239 -0.027514 -0.023857 0.044643 0.029039 0.047261 -0.000181 0.001168 0.001924 0.002390 0.002624 0.002729 0.002905 0.003276 0.002447 0.002830 0.002053 0.015119 0.013565 0.012439 0.011368 0.009635 0.008716 0.007795 0.007328 0.006110 0.005137 0.005393 0.004087 0.004858 0.004771
-0.072199 -0.080289 -0.073777 -0.073512 -0.071347 -0.068289 -0.064033 -0.058248 -0.050732 -0.040446 -0.027883 -0.009758 0.007965 0.041305 0.062401 0.001738 -0.004260 -0.018935 -0.001040 0.004604 0.009899 0.017333 0.020405 0.024737 0.028001 0.030206 0.034380 0.034022 0.033107 0.031722 0.029916 0.027886 0.025770 0.023680 0.021637 0.019702 0.017907 0.016264 0.014779 0.013445 0.012275 0.011218 0.010364 0.009534 0.009043 0.008319 0.008329 0.007401 0.007399 0.006840
-0.086527 -0.096405 -0.086400 -0.086229 -0.084465 -0.082118 -0.078747 -0.074171 -0.068161 -0.060135 -0.050277 -0.037428 -0.023377 -0.007972 0.005914 -0.005150 -0.016627 -0.012664 -0.006583 0.005268 0.016263 0.028144 0.037534 0.045354 0.050445 0.053546 0.054595 0.054066 0.052444 0.049980 0.046998 0.043729 0.040357 0.037015 0.033796 0.030761 0.027949 0.025380 0.023061 0.020992 0.019168 0.017573 0.016209 0.015038 0.014086 0.013288 0.012700 0.012718 0.015012 0.011065
-0.096998 -0.104538 -0.099676 -0.099566 -0.098447 -0.096985 -0.094791 -0.091717 -0.087658 -0.082062 -0.075413 -0.066512 -0.057536 -0.046810 -0.039575 -0.043305 -0.038425 -0.028696 -0.014505 0.004614 0.022978 0.041829 0.056147 0.067797 0.075010 0.079111 0.080116 0.078905 0.076041 0.072097 0.067478 0.062534 0.057548 0.052298 0.047380 0.042876 0.038738 0.035083 0.031783 0.028900 0.026336 0.024109 0.022202 0.020646 0.020609 0.019337 0.018412 0.017603 0.017030 0.018665
-0.098841 -0.113336 -0.113221 -0.113022 -0.112518 -0.111709 -0.111673 -0.110241 -0.108240 -0.105225 -0.101416 -0.096072 -0.090218 -0.082944 -0.075866 -0.069246 -0.062317 -0.043322 -0.025216 0.005552 0.031117 0.058358 0.077509 0.092706 0.101411 0.105849 0.106096 0.103625 0.099088 0.093319 0.086837 0.080086 0.073359 0.066865 0.060733 0.055042 0.049833 0.045118 0.040892 0.037144 0.033844 0.030984 0.028511 0.026454 0.024693 0.023386 0.022207 0.022228 0.022308 0.029229
-0.119845 -0.114230 -0.126897 -0.127481 -0.128148 -0.128842 -0.129368 -0.129564 -0.129662 -0.129337 -0.128631 -0.126560 -0.124172 -0.119284 -0.114342 -0.104559 -0.093174 -0.067339 -0.041553 0.001484 0.039921 0.078136 0.104526 0.123827 0.133844 0.137933 0.136540 0.131880 0.124837 0.116558 0.107663 0.098681 0.089929 0.081621 0.073879 0.066767 0.060307 0.054497 0.049315 0.044737 0.040718 0.037244 0.034244 0.031754 0.029621 0.028032 0.026552 0.026582 0.026444 0.024341
-0.142420 -0.145294 -0.140673 -0.140787 -0.142303 -0.144237 -0.146544 -0.149058 -0.151791 -0.154350 -0.156960 -0.158395 -0.159811 -0.157382 -0.155161 -0.142331 -0.130895 -0.094376 -0.063354 0.003645 0.055790 0.107707 0.140101 0.162032 0.171438 0.173322 0.168782 0.160744 0.150367 0.139000 0.127329 0.115901 0.105016 0.094860 0.085526 0.077044 0.069412 0.062594 0.056547 0.051231 0.046582 0.042577 0.039122 0.036272 0.033838 0.032050 0.030542 0.030464 0.027331 0.026417
-0.154042 -0.157572 -0.153796 -0.153843 -0.156537 -0.159781 -0.163826 -0.168463 -0.173813 -0.179455 -0.185741 -0.191144 -0.197208 -0.198745 -0.201161 -0.189699 -0.179540 -0.137626 -0.097480 -0.009751 0.074877 0.144845 0.189446 0.213085 0.220619 0.218032 0.208236 0.194957 0.179756 0.164183 0.148921 0.134473 0.121059 0.108792 0.097689 0.087711 0.078812 0.070919 0.063956 0.057860 0.052546 0.047980 0.044056 0.040818 0.038064 0.036035 0.034233 0.034102 0.029756 0.033109
-0.147690 -0.167705 -0.166274 -0.166429 -0.170115 -0.174667 -0.180489 -0.187347 -0.195499 -0.204541 -0.215036 -0.225252 -0.237318 -0.244613 -0.254861 -0.246533 -0.244644 -0.191056 -0.154206 -0.007292 0.113954 0.206487 0.255166 0.275137 0.275091 0.263875 0.246103 0.225847 0.205032 0.184900 0.166021 0.148675 0.132943 0.118796 0.106179 0.094983 0.085104 0.076410 0.068778 0.062143 0.056387 0.051454 0.047207 0.043719 0.040749 0.038601 0.036868 0.036893 0.028471 0.045265
-0.205924 -0.182422 -0.177621 -0.177742 -0.182555 -0.188391 -0.195965 -0.205015 -0.215976 -0.228510 -0.243457 -0.259172 -0.278179 -0.294292 -0.314335 -0.319717 -0.325727 -0.285993 -0.233368 -0.047320 0.175203 0.303503 0.367410 0.372503 0.357516 0.329967 0.299191 0.268207 0.239086 0.212533 0.188733 0.167595 0.148919 0.132486 0.118034 0.105296 0.094142 0.084366 0.075843 0.068432 0.062010 0.056510 0.051826 0.047941 0.044713 0.042221 0.040285 0.039605 0.035066 0.037791
-0.156531 -0.193815 -0.187660 -0.187827 -0.193571 -0.200627 -0.209858 -0.221045 -0.234810 -0.250964 -0.270727 -0.292697 -0.320376 -0.347588 -0.384275 -0.407753 -0.444913 -0.419018 -0.426229 -0.070400 0.295366 0.445607 0.483319 0.462613 0.421863 0.375018 0.329808 0.288579 0.252915 0.221848 0.194997 0.171710 0.151476 0.133822 0.118522 0.105308 0.093872 0.083979 0.075270 0.067868 0.061525 0.056087 0.051372 0.047477 0.044161 0.041913 0.039571 0.041358 0.036241 0.045978
-0.190181 -0.199421 -0.196214 -0.196524 -0.202892 -0.210946 -0.221579 -0.234598 -0.250791 -0.270170 -0.294182 -0.322345 -0.357734 -0.399393 -0.449509 -0.517158 -0.557712 -0.658634 -0.654168 -0.174712 0.504878 0.803706 0.794648 0.681114 0.572132 0.480552 0.408250 0.348651 0.300425 0.260298 0.226918 0.198760 0.174865 0.154562 0.137045 0.121688 0.108471 0.096880 0.087018 0.078355 0.070851 0.064439 0.059080 0.054568 0.050967 0.047829 0.045641 0.042246 0.040012 0.033989
-0.227230 -0.205735 -0.202555 -0.202805 -0.210032 -0.218926 -0.230735 -0.245242 -0.263433 -0.285494 -0.313222 -0.346731 -0.390136 -0.444515 -0.515385 -0.617799 -0.739574 -0.948196 -1.801263 0.570853 1.699896 1.529167 1.169667 0.861373 0.678683 0.505687 0.388250 0.321934 0.271454 0.231634 0.199626 0.173427 0.151358 0.132721 0.116199 0.106725 0.097988 0.094509 0.078127 0.066231 0.063857 0.056024 0.047770 0.048160 0.040952 0.044080 0.036747 0.034924 0.038846 0.036319
-0.199865 -0.202825 -0.205178 -0.211934 -0.221572 -0.234498 -0.250325 -0.250842 -0.270999 -0.295345 -0.325614 -0.361732 -0.409315 -0.467831 -0.549603 -0.658860 -0.818406 -1.051028 -0.942611 0.000000 0.000000 0.000000 0.000000 0.000000 0.000000 0.000000 0.000000 0.000000 0.000000 0.000000 0.000000 0.000000 0.000000 0.000000 0.000000 0.000000 0.000000 0.000000 0.000000 0.000000 0.000000 0.000000 0.000000 0.000000 0.000000 0.000000 0.000000 0.000000 0.000000 0.000000
-0.232859 -0.187763 -0.209183 -0.209532 -0.217301 -0.226882 -0.239675 -0.255401 -0.275077 -0.299007 -0.328726 -0.364724 -0.410207 -0.465556 -0.536117 -0.625450 -0.781437 -0.898514 -0.441428 0.000000 0.000000 0.000000 0.000000 0.000000 0.000000 0.000000 0.000000 0.000000 0.000000 0.000000 0.000000 0.000000 0.000000 0.000000 0.000000 0.000000 0.000000 0.000000 0.000000 0.000000 0.000000 0.000000 0.000000 0.000000 0.000000 0.000000 0.000000 0.000000 0.000000 0.000000
-0.195704 -0.188149 -0.208953 -0.209224 -0.217105 -0.226626 -0.239307 -0.254844 -0.274159 -0.297599 -0.326323 -0.360836 -0.403888 -0.453715 -0.524953 -0.581569 -0.690831 -0.751586 -0.277603 0.000000 0.000000 0.000000 0.000000 0.000000 0.000000 0.000000 0.000000 0.000000 0.000000 0.000000 0.000000 0.000000 0.000000 0.000000 0.000000 0.000000 0.000000 0.000000 0.000000 0.000000 0.000000 0.000000 0.000000 0.000000 0.000000 0.000000 0.000000 0.000000 0.000000 0.000000
-0.177953 -0.207143 -0.206720 -0.207077 -0.214492 -0.223628 -0.235706 -0.250469 -0.268616 -0.290590 -0.316780 -0.348532 -0.385500 -0.429794 -0.487979 -0.541973 -0.609533 -0.647174 -0.237327 0.000000 0.000000 0.000000 0.000000 0.000000 0.000000 0.000000 0.000000 0.000000 0.000000 0.000000 0.000000 0.000000 0.000000 0.000000 0.000000 0.000000 0.000000 0.000000 0.000000 0.000000 0.000000 0.000000 0.000000 0.000000 0.000000 0.000000 0.000000 0.000000 0.000000 0.000000
-0.193814 -0.205603 -0.202162 -0.202412 -0.209455 -0.217976 -0.229191 -0.242817 -0.259399 -0.279342 -0.302568 -0.330655 -0.361178 -0.398082 -0.446585 -0.478678 -0.535835 -0.559057 -0.200434 0.000000 0.000000 0.000000 0.000000 0.000000 0.000000 0.000000 0.000000 0.000000 0.000000 0.000000 0.000000 0.000000 0.000000 0.000000 0.000000 0.000000 0.000000 0.000000 0.000000 0.000000 0.000000 0.000000 0.000000 0.000000 0.000000 0.000000 0.000000 0.000000 0.000000 0.000000
-0.168101 -0.194750 -0.195828 -0.196033 -0.202386 -0.210037 -0.220095 -0.232269 -0.246955 -0.264503 -0.284600 -0.308683 -0.333698 -0.363564 -0.403913 -0.431013 -0.461525 -0.483526 -0.165782 0.000000 0.000000 0.000000 0.000000 0.000000 0.000000 0.000000 0.000000 0.000000 0.000000 0.000000 0.000000 0.000000 0.000000 0.000000 0.000000 0.000000 0.000000 0.000000 0.000000 0.000000 0.000000 0.000000 0.000000 0.000000 0.000000 0.000000 0.000000 0.000000 0.000000 0.000000
-0.177398 -0.186435 -0.187577 -0.187753 -0.193316 -0.200011 -0.208745 -0.219255 -0.231844 -0.246742 -0.263608 -0.283497 -0.303513 -0.326072 -0.358311 -0.378422 -0.402122 -0.415140 -0.142427 0.000000 0.000000 0.000000 0.000000 0.000000 0.000000 0.000000 0.000000 0.000000 0.000000 0.000000 0.000000 0.000000 0.000000 0.000000 0.000000 0.000000 0.000000 0.000000 0.000000 0.000000 0.000000 0.000000 0.000000 0.000000 0.000000 0.000000 0.000000 0.000000 0.000000 0.000000
-0.175779 -0.177190 -0.177813 -0.178024 -0.182586 -0.188213 -0.195472 -0.204182 -0.214565 -0.226774 -0.240642 -0.256745 -0.274133 -0.289973 -0.308357 -0.329087 -0.343605 -0.356332 -0.124710 0.000000 0.000000 0.000000 0.000000 0.000000 0.000000 0.000000 0.000000 0.000000 0.000000 0.000000 0.000000 0.000000 0.000000 0.000000 0.000000 0.000000 0.000000 0.000000 0.000000 0.000000 0.000000 0.000000 0.000000 0.000000 0.000000 0.000000 0.000000 0.000000 0.000000 0.000000
-0.155356 -0.165972 -0.166801 -0.166960 -0.170508 -0.174959 -0.180643 -0.187435 -0.195491 -0.204903 -0.215549 -0.227933 -0.239447 -0.254364 -0.267175 -0.280352 -0.292578 -0.299261 -0.081455 0.000000 0.000000 0.000000 0.000000 0.000000 0.000000 0.000000 0.000000 0.000000 0.000000 0.000000 0.000000 0.000000 0.000000 0.000000 0.000000 0.000000 0.000000 0.000000 0.000000 0.000000 0.000000 0.000000 0.000000 0.000000 0.000000 0.000000 0.000000 0.000000 0.000000 0.000000
-0.142636 -0.155118 -0.154660 -0.154689 -0.157346 -0.160563 -0.164640 -0.169462 -0.175156 -0.181752 -0.189257 -0.197886 -0.206989 -0.215164 -0.224083 -0.237085 -0.241821 -0.250106 -0.078220 0.000000 0.000000 0.000000 0.000000 0.000000 0.000000 0.000000 0.000000 0.000000 0.000000 0.000000 0.000000 0.000000 0.000000 0.000000 0.000000 0.000000 0.000000 0.000000 0.000000 0.000000 0.000000 0.000000 0.000000 0.000000 0.000000 0.000000 0.000000 0.000000 0.000000 0.000000
-0.124636 -0.142270 -0.141900 -0.141878 -0.143460 -0.145413 -0.147813 -0.150601 -0.153847 -0.157541 -0.161760 -0.166732 -0.170759 -0.177833 -0.182564 -0.192322 -0.195006 -0.199756 -0.066953 0.000000 0.000000 0.000000 0.000000 0.000000 0.000000 0.000000 0.000000 0.000000 0.000000 0.000000 0.000000 0.000000 0.000000 0.000000 0.000000 0.000000 0.000000 0.000000 0.000000 0.000000 0.000000 0.000000 0.000000 0.000000 0.000000 0.000000 0.000000 0.000000 0.000000 0.000000
-0.126869 -0.130931 -0.128670 -0.128544 -0.129172 -0.129838 -0.130585 -0.131348 -0.132155 -0.132916 -0.134010 -0.135282 -0.137111 -0.137674 -0.140677 -0.151010 -0.147608 -0.160232 -0.052746 0.000000 0.000000 0.000000 0.000000 0.000000 0.000000 0.000000 0.000000 0.000000 0.000000 0.000000 0.000000 0.000000 0.000000 0.000000 0.000000 0.000000 0.000000 0.000000 0.000000 0.000000 0.000000 0.000000 0.000000 0.000000 0.000000 0.000000 0.000000 0.000000 0.000000 0.000000
-0.106978 -0.118237 -0.115313 -0.115196 -0.114772 -0.114182 -0.113266 -0.111972 -0.110224 -0.107927 -0.104838 -0.102182 -0.099258 -0.096995 -0.095474 -0.108895 -0.101822 -0.118797 -0.024988 0.000000 0.000000 0.000000 0.000000 0.000000 0.000000 0.000000 0.000000 0.000000 0.000000 0.000000 0.000000 0.000000 0.000000 0.000000 0.000000 0.000000 0.000000 0.000000 0.000000 0.000000 0.000000 0.000000 0.000000 0.000000 0.000000 0.000000 0.000000 0.000000 0.000000 0.000000
-0.093922 -0.094916 -0.102071 -0.101960 -0.100558 -0.098845 -0.096365 -0.093149 -0.088905 -0.083630 -0.077070 -0.069215 -0.062450 -0.052000 -0.046404 -0.069385 -0.063328 -0.089126 -0.028240 0.000000 0.000000 0.000000 0.000000 0.000000 0.000000 0.000000 0.000000 0.000000 0.000000 0.000000 0.000000 0.000000 0.000000 0.000000 0.000000 0.000000 0.000000 0.000000 0.000000 0.000000 0.000000 0.000000 0.000000 0.000000 0.000000 0.000000 0.000000 0.000000 0.000000 0.000000
-0.092353 -0.083707 -0.089284 -0.089067 -0.086909 -0.084114 -0.080189 -0.075111 -0.068398 -0.059884 -0.048567 -0.035340 -0.020001 -0.001472 0.004641 -0.032816 -0.015718 -0.069329 -0.010108 0.000000 0.000000 0.000000 0.000000 0.000000 0.000000 0.000000 0.000000 0.000000 0.000000 0.000000 0.000000 0.000000 0.000000 0.000000 0.000000 0.000000 0.000000 0.000000 0.000000 0.000000 0.000000 0.000000 0.000000 0.000000 0.000000 0.000000 0.000000 0.000000 0.000000 0.000000
-0.078570 -0.072971 -0.077201 -0.076950 -0.074116 -0.070464 -0.065350 -0.058813 -0.049907 -0.038830 -0.022785 -0.004632 0.025487 0.111625 0.115511 -0.033970 -0.016513 -0.030439 0.001123 0.000000 0.000000 0.000000 0.000000 0.000000 0.000000 0.000000 0.000000 0.000000 0.000000 0.000000 0.000000 0.000000 0.000000 0.000000 0.000000 0.000000 0.000000 0.000000 0.000000 0.000000 0.000000 0.000000 0.000000 0.000000 0.000000 0.000000 0.000000 0.000000 0.000000 0.000000
-0.061877 -0.067708 -0.065992 -0.065688 -0.062404 -0.058097 -0.052142 -0.044461 -0.034035 -0.020626 -0.001747 0.022655 0.060679 0.222435 -0.033366 0.007691 -0.000281 -0.050391 -0.003066 0.000000 0.000000 0.000000 0.000000 0.000000 0.000000 0.000000 0.000000 0.000000 0.000000 0.000000 0.000000 0.000000 0.000000 0.000000 0.000000 0.000000 0.000000 0.000000 0.000000 0.000000 0.000000 0.000000 0.000000 0.000000 0.000000 0.000000 0.000000 0.000000 0.000000 0.000000
-0.067376 -0.063064 -0.056692 -0.053507 -0.048821 -0.042261 -0.040921 -0.032841 -0.022158 -0.008225 0.010803 0.035854 0.071464 0.224363 0.161404 0.000000 0.000000 0.000000 0.000000 0.000000 0.000000 0.000000 0.000000 0.000000 0.000000 0.000000 0.000000 0.000000 0.000000 0.000000 0.000000 0.000000 0.000000 0.000000 0.000000 0.000000 0.000000 0.000000 0.000000 0.000000 0.000000 0.000000 0.000000 0.000000 0.000000 0.000000 0.000000 0.000000 0.000000 0.000000
-0.037884 -0.053934 -0.046814 -0.046514 -0.042871 -0.038201 -0.031903 -0.023959 -0.013645 -0.000910 0.015492 0.035288 0.060943 0.144177 0.111425 0.000000 0.000000 0.000000 0.000000 0.000000 0.000000 0.000000 0.000000 0.000000 0.000000 0.000000 0.000000 0.000000 0.000000 0.000000 0.000000 0.000000 0.000000 0.000000 0.000000 0.000000 0.000000 0.000000 0.000000 0.000000 0.000000 0.000000 0.000000 0.000000 0.000000 0.000000 0.000000 0.000000 0.000000 0.000000
-0.047191 -0.048785 -0.038880 -0.038575 -0.035052 -0.030542 -0.024570 -0.017084 -0.007767 0.003716 0.017262 0.034274 0.051716 0.088803 0.090956 0.000000 0.000000 0.000000 0.000000 0.000000 0.000000 0.000000 0.000000 0.000000 0.000000 0.000000 0.000000 0.000000 0.000000 0.000000 0.000000 0.000000 0.000000 0.000000 0.000000 0.000000 0.000000 0.000000 0.000000 0.000000 0.000000 0.000000 0.000000 0.000000 0.000000 0.000000 0.000000 0.000000 0.000000 0.000000
-0.035032 -0.039567 -0.032013 -0.031744 -0.028444 -0.024297 -0.018884 -0.012246 -0.004175 0.005284 0.016323 0.028399 0.041345 0.064209 0.060972 0.000000 0.000000 0.000000 0.000000 0.000000 0.000000 0.000000 0.000000 0.000000 0.000000 0.000000 0.000000 0.000000 0.000000 0.000000 0.000000 0.000000 0.000000 0.000000 0.000000 0.000000 0.000000 0.000000 0.000000 0.000000 0.000000 0.000000 0.000000 0.000000 0.000000 0.000000 0.000000 0.000000 0.000000 0.000000
-0.024750 -0.033581 -0.026123 -0.025887 -0.022897 -0.019176 -0.014383 -0.008599 -0.001764 0.006135 0.014835 0.024282 0.033381 0.048287 0.053627 0.000000 0.000000 0.000000 0.000000 0.000000 0.000000 0.000000 0.000000 0.000000 0.000000 0.000000 0.000000 0.000000 0.000000 0.000000 0.000000 0.000000 0.000000 0.000000 0.000000 0.000000 0.000000 0.000000 0.000000 0.000000 0.000000 0.000000 0.000000 0.000000 0.000000 0.000000 0.000000 0.000000 0.000000 0.000000
-0.021144 -0.026999 -0.021042 -0.020846 -0.018230 -0.015023 -0.010936 -0.006103 -0.000493 0.005772 0.012567 0.019446 0.026095 0.036609 0.033720 0.000000 0.000000 0.000000 0.000000 0.000000 0.000000 0.000000 0.000000 0.000000 0.000000 0.000000 0.000000 0.000000 0.000000 0.000000 0.000000 0.000000 0.000000 0.000000 0.000000 0.000000 0.000000 0.000000 0.000000 0.000000 0.000000 0.000000 0.000000 0.000000 0.000000 0.000000 0.000000 0.000000 0.000000 0.000000
-0.018501 -0.022066 -0.016782 -0.016627 -0.014397 -0.011681 -0.008248 -0.004258 0.000290 0.005283 0.010520 0.015734 0.020463 0.027819 0.029274 0.000000 0.000000 0.000000 0.000000 0.000000 0.000000 0.000000 0.000000 0.000000 0.000000 0.000000 0.000000 0.000000 0.000000 0.000000 0.000000 0.000000 0.000000 0.000000 0.000000 0.000000 0.000000 0.000000 0.000000 0.000000 0.000000 0.000000 0.000000 0.000000 0.000000 0.000000 0.000000 0.000000 0.000000 0.000000
-0.016989 -0.017300 -0.012990 -0.012890 -0.011044 -0.008862 -0.006129 -0.002970 0.000572 0.004382 0.008322 0.012110 0.015547 0.021015 0.019149 0.000000 0.000000 0.000000 0.000000 0.000000 0.000000 0.000000 0.000000 0.000000 0.000000 0.000000 0.000000 0.000000 0.000000 0.000000 0.000000 0.000000 0.000000 0.000000 0.000000 0.000000 0.000000 0.000000 0.000000 0.000000 0.000000 0.000000 0.000000 0.000000 0.000000 0.000000 0.000000 0.000000 0.000000 0.000000
-0.010884 -0.013494 -0.009891 -0.009865 -0.008408 -0.006656 -0.004497 -0.002048 0.000690 0.003586 0.006527 0.009325 0.011752 0.015641 0.014567 0.000000 0.000000 0.000000 0.000000 0.000000 0.000000 0.000000 0.000000 0.000000 0.000000 0.000000 0.000000 0.000000 0.000000 0.000000 0.000000 0.000000 0.000000 0.000000 0.000000 0.000000 0.000000 0.000000 0.000000 0.000000 0.000000 0.000000 0.000000 0.000000 0.000000 0.000000 0.000000 0.000000 0.000000 0.000000
-0.009543 -0.009929 -0.009783 -0.006919 -0.005892 -0.004610 -0.003061 -0.001337 0.000581 0.002583 0.004604 0.006490 0.008124 0.011535 0.010086 0.000000 0.000000 0.000000 0.000000 0.000000 0.000000 0.000000 0.000000 0.000000 0.000000 0.000000 0.000000 0.000000 0.000000 0.000000 0.000000 0.000000 0.000000 0.000000 0.000000 0.000000 0.000000 0.000000 0.000000 0.000000 0.000000 0.000000 0.000000 0.000000 0.000000 0.000000 0.000000 0.000000 0.000000 0.000000
-0.005324 -0.006756 -0.006826 -0.005632 -0.005702 -0.004475 -0.002975 -0.001291 0.000563 0.002497 0.004452 0.006307 0.007972 0.007276 0.006652 0.000000 0.000000 0.000000 0.000000 0.000000 0.000000 0.000000 0.000000 0.000000 0.000000 0.000000 0.000000 0.000000 0.000000 0.000000 0.000000 0.000000 0.000000 0.000000 0.000000 0.000000 0.000000 0.000000 0.000000 0.000000 0.000000 0.000000 0.000000 0.000000 0.000000 0.000000 0.000000 0.000000 0.000000 0.000000
-0.005113 -0.004738 -0.002815 -0.001969 -0.003373 -0.000490 0.000349 0.001650 0.002426 0.002960 0.003508 0.001797 0.004201 0.003562 0.004190 0.000000 0.000000 0.000000 0.000000 0.000000 0.000000 0.000000 0.000000 0.000000 0.000000 0.000000 0.000000 0.000000 0.000000 0.000000 0.000000 0.000000 0.000000 0.000000 0.000000 0.000000 0.000000 0.000000 0.000000 0.000000 0.000000 0.000000 0.000000 0.000000 0.000000 0.000000 0.000000 0.000000 0.000000 0.000000
-0.000255 -0.000627 -0.000602 -0.000092 -0.000578 -0.001662 -0.000249 -0.000290 -0.000128 0.000170 -0.000694 0.001308 0.000773 0.000700 0.000422 0.000000 0.000000 0.000000 0.000000 0.000000 0.000000 0.000000 0.000000 0.000000 0.000000 0.000000 0.000000 0.000000 0.000000 0.000000 0.000000 0.000000 0.000000 0.000000 0.000000 0.000000 0.000000 0.000000 0.000000 0.000000 0.000000 0.000000 0.000000 0.000000 0.000000 0.000000 0.000000 0.000000 0.000000 0.000000
