0.007570 0.010275 0.017809 0.023649 0.023418 0.034159 0.036343 0.039361 0.041217 0.047008 0.043843 0.038003 0.024375 0.015903 0.000044 0.000000 0.000000 0.000000 0.000000 0.000000 0.000000 0.000000 0.000000 0.000000 0.000000 0.000000 0.000000 0.000000 0.000000 0.000000 0.000000 0.000000 0.000000 0.000000 0.000000 0.000000 0.000000 0.000000 0.000000 0.000000 0.000000 0.000000 0.000000 0.000000 0.000000 0.000000 0.000000 0.000000 0.000000 0.000000
-0.000315 0.012540 0.020005 0.028747 0.035741 0.038604 0.040433 0.041303 0.045267 0.049783 0.045128 0.039273 0.029495 0.016757 0.000393 0.000000 0.000000 0.000000 0.000000 0.000000 0.000000 0.000000 0.000000 0.000000 0.000000 0.000000 0.000000 0.000000 0.000000 0.000000 0.000000 0.000000 0.000000 0.000000 0.000000 0.000000 0.000000 0.000000 0.000000 0.000000 0.000000 0.000000 0.000000 0.000000 0.000000 0.000000 0.000000 0.000000 0.000000 0.000000
-0.000208 0.009141 0.024677 0.032925 0.033672 0.040629 0.047524 0.052846 0.056826 0.058985 0.058273 0.054694 0.046275 0.018640 -0.000184 0.000000 0.000000 0.000000 0.000000 0.000000 0.000000 0.000000 0.000000 0.000000 0.000000 0.000000 0.000000 0.000000 0.000000 0.000000 0.000000 0.000000 0.000000 0.000000 0.000000 0.000000 0.000000 0.000000 0.000000 0.000000 0.000000 0.000000 0.000000 0.000000 0.000000 0.000000 0.000000 0.000000 0.000000 0.000000
0.001630 0.009712 0.025755 0.025109 0.033935 0.040927 0.047933 0.053369 0.057256 0.059598 0.058917 0.055554 0.046115 0.016071 0.002526 0.000000 0.000000 0.000000 0.000000 0.000000 0.000000 0.000000 0.000000 0.000000 0.000000 0.000000 0.000000 0.000000 0.000000 0.000000 0.000000 0.000000 0.000000 0.000000 0.000000 0.000000 0.000000 0.000000 0.000000 0.000000 0.000000 0.000000 0.000000 0.000000 0.000000 0.000000 0.000000 0.000000 0.000000 0.000000
0.002974 0.007282 0.026336 0.027102 0.036483 0.044364 0.052422 0.059162 0.064862 0.068928 0.070214 0.068707 0.060889 0.031226 0.004911 0.000000 0.000000 0.000000 0.000000 0.000000 0.000000 0.000000 0.000000 0.000000 0.000000 0.000000 0.000000 0.000000 0.000000 0.000000 0.000000 0.000000 0.000000 0.000000 0.000000 0.000000 0.000000 0.000000 0.000000 0.000000 0.000000 0.000000 0.000000 0.000000 0.000000 0.000000 0.000000 0.000000 0.000000 0.000000
0.006378 0.010983 0.028136 0.028837 0.039387 0.048245 0.057604 0.066097 0.073674 0.080805 0.084570 0.088103 0.081664 0.070739 -0.000473 0.000000 0.000000 0.000000 0.000000 0.000000 0.000000 0.000000 0.000000 0.000000 0.000000 0.000000 0.000000 0.000000 0.000000 0.000000 0.000000 0.000000 0.000000 0.000000 0.000000 0.000000 0.000000 0.000000 0.000000 0.000000 0.000000 0.000000 0.000000 0.000000 0.000000 0.000000 0.000000 0.000000 0.000000 0.000000
-0.001067 0.007236 0.030158 0.031060 0.042397 0.052568 0.079825 0.079911 0.092896 0.094299 0.102972 0.112459 0.116098 0.215576 0.421989 0.421922 0.375211 0.353685 0.356355 0.355856 0.348932 0.328422 0.282200 0.294070 0.259625 0.266559 0.244892 0.222774 0.201183 0.180476 0.160992 0.143085 0.112004 0.087550 0.094919 0.085785 0.069184 0.067794 0.058082 0.059007 0.050437 0.043860 0.031928 0.031722 0.025685 0.020460 0.015790 0.011770 0.004820 0.002747
0.003406 0.009860 0.032247 0.033180 0.045720 0.056955 0.069440 0.082014 0.095002 0.109703 0.123884 0.143887 0.161106 0.226531 0.359354 0.316086 0.344923 0.360982 0.355300 0.355720 0.346375 0.337958 0.334682 0.329178 0.304057 0.279257 0.257517 0.235733 0.214492 0.194112 0.174910 0.156946 0.140586 0.125140 0.111156 0.098454 0.093346 0.082096 0.072006 0.062847 0.054621 0.046787 0.039853 0.033123 0.027444 0.021676 0.016419 0.010912 0.005366 0.000440
0.007496 0.020494 0.034046 0.035116 0.048468 0.060888 0.074837 0.089133 0.104705 0.121888 0.141202 0.163841 0.193402 0.233392 0.295841 0.351913 0.361622 0.362552 0.373635 0.369239 0.365015 0.356157 0.344892 0.328171 0.308170 0.287089 0.262123 0.239987 0.218239 0.197540 0.177938 0.159665 0.142754 0.127222 0.113023 0.100091 0.088337 0.077668 0.067980 0.059181 0.051151 0.043837 0.037066 0.030913 0.024984 0.019771 0.014182 0.014345 0.010001 0.001636
0.001770 0.008862 0.035563 0.036648 0.050914 0.064235 0.079462 0.095325 0.112893 0.132552 0.154539 0.180486 0.211574 0.247289 0.301256 0.336702 0.353833 0.368022 0.375757 0.380506 0.375746 0.367040 0.351488 0.333064 0.311262 0.288322 0.264676 0.241383 0.218702 0.197272 0.177185 0.158589 0.141485 0.125863 0.111650 0.098752 0.087068 0.076493 0.066909 0.058223 0.050307 0.043103 0.036437 0.030375 0.024538 0.019389 0.013867 0.013671 0.004452 0.002470
0.008571 0.023239 0.036564 0.037689 0.052555 0.066576 0.082761 0.099719 0.118778 0.139893 0.163901 0.190849 0.222742 0.256557 0.297912 0.334637 0.359509 0.377461 0.390377 0.395281 0.391195 0.380667 0.362587 0.341282 0.316438 0.290918 0.264989 0.239974 0.216081 0.193831 0.173247 0.154424 0.137418 0.122031 0.108037 0.095440 0.084027 0.073728 0.064391 0.055940 0.048229 0.041204 0.034699 0.028761 0.028705 0.023116 0.017995 0.012940 0.009257 0.000725
0.002186 0.018385 0.033103 0.049777 0.066663 0.082785 0.084363 0.102451 0.122556 0.144829 0.170191 0.198332 0.230955 0.264924 0.304759 0.338616 0.369053 0.392073 0.408903 0.417628 0.412725 0.400245 0.377708 0.352081 0.322711 0.293536 0.264544 0.237357 0.211927 0.188730 0.167636 0.148637 0.131562 0.116267 0.102574 0.090319 0.079342 0.069497 0.060644 0.052667 0.045433 0.038876 0.032824 0.027332 0.022048 0.017384 0.012402 0.012131 0.002416 -0.003147
0.004874 0.024228 0.033829 0.048085 0.063602 0.080648 0.099715 0.101559 0.121157 0.145037 0.172027 0.201614 0.235657 0.270863 0.311407 0.348270 0.385915 0.414627 0.439008 0.451165 0.443647 0.427038 0.397411 0.365356 0.329701 0.295668 0.262788 0.232962 0.205757 0.181557 0.159991 0.140924 0.124048 0.109130 0.095921 0.084207 0.073793 0.064509 0.056203 0.048747 0.042010 0.035916 0.030310 0.025221 0.020351 0.016019 0.011487 0.011183 0.006732 -0.002704
-0.002726 0.025189 0.035995 0.036998 0.052281 0.066507 0.083548 0.101673 0.122606 0.145864 0.172986 0.202762 0.238368 0.274916 0.319527 0.359956 0.406809 0.443846 0.477494 0.498181 0.488772 0.464676 0.424168 0.381718 0.336981 0.296291 0.258501 0.225638 0.196581 0.171532 0.149737 0.130882 0.114483 0.100200 0.087704 0.076733 0.067061 0.058495 0.050874 0.044063 0.037935 0.032399 0.027332 0.022712 0.018331 0.014321 0.010274 0.010024 0.005939 0.001657
-0.003111 0.024907 0.034303 0.035258 0.049904 0.063630 0.080172 0.097860 0.118524 0.141575 0.169054 0.199219 0.236927 0.275430 0.326587 0.372603 0.435099 0.482690 0.535835 0.568433 0.547256 0.511051 0.452982 0.397048 0.341161 0.293022 0.250172 0.214494 0.183968 0.158483 0.136862 0.118585 0.102987 0.089622 0.078089 0.068078 0.059331 0.051635 0.044832 0.038776 0.033353 0.028456 0.024008 0.019945 0.016141 0.012738 0.009129 0.008932 0.005514 0.000822
-0.002441 0.024192 0.031831 0.032687 0.046406 0.059261 0.074905 0.091720 0.111648 0.133964 0.161327 0.191298 0.230786 0.270874 0.328685 0.381535 0.460608 0.526708 0.606387 0.666836 0.642058 0.578812 0.494160 0.413646 0.342119 0.283872 0.235375 0.197112 0.165774 0.140667 0.120002 0.103001 0.088790 0.076819 0.066612 0.057844 0.050256 0.043629 0.037807 0.032645 0.028049 0.023908 0.020172 0.016728 0.013565 0.010512 0.007768 0.007544 0.005609 -0.006157
-0.028567 0.022620 0.028583 0.029388 0.041745 0.053316 0.067548 0.082901 0.101381 0.122088 0.148399 0.176964 0.217611 0.257710 0.324781 0.382122 0.493015 0.573627 0.721688 0.830952 0.762474 0.651177 0.523855 0.417236 0.329802 0.263732 0.211923 0.173276 0.142924 0.119410 0.100611 0.085499 0.073099 0.062842 0.054261 0.046991 0.040741 0.035301 0.030557 0.026376 0.022658 0.019274 0.016275 0.013494 0.011037 0.008877 0.006260 0.006454 0.003716 0.002325
-0.002193 0.019174 0.024516 0.025140 0.035837 0.045923 0.058352 0.071776 0.088233 0.106566 0.130784 0.156709 0.195847 0.234946 0.303316 0.370196 0.498749 0.615442 0.866722 1.059619 0.985902 0.772792 0.563985 0.405148 0.299739 0.225768 0.173912 0.137425 0.110481 0.090603 0.075267 0.063328 0.053761 0.045960 0.039437 0.033969 0.029312 0.025341 0.021879 0.018811 0.016131 0.013737 0.011612 0.009631 0.007865 0.006135 0.004596 0.004948 0.004503 -0.004809
-0.005015 0.017569 0.019871 0.020337 0.029057 0.037153 0.047306 0.058156 0.071728 0.086499 0.107127 0.127768 0.163723 0.194054 0.266948 0.316046 0.486263 0.594703 0.992448 1.424891 1.286360 0.841694 0.528157 0.345949 0.233309 0.166129 0.122025 0.094394 0.074735 0.060314 0.049522 0.041205 0.034526 0.029145 0.025163 0.021906 0.018873 0.016427 0.014195 0.012352 0.010651 0.008983 0.007488 0.006137 0.005339 0.004220 0.004151 0.003364 0.007032 0.001599
-0.035762 0.016958 0.014712 0.015190 0.021631 0.027487 0.035002 0.042929 0.053124 0.063785 0.079457 0.094295 0.120548 0.145150 0.189768 0.248476 0.327258 0.530286 0.263404 2.671291 1.647007 0.573758 0.305196 0.125939 0.089687 0.017660 0.025728 0.019215 0.015696 0.013528 0.011898 0.010579 0.009467 0.009320 0.000301 0.003935 -0.002225 0.005191 -0.001235 0.001252 -0.001829 0.000136 -0.000992 -0.002178 -0.000499 -0.002559 0.000913 -0.000063 0.001915 0.003996
0.002300 -0.009129 0.007743 0.011439 0.015445 0.020155 0.024876 0.024990 0.031215 0.036468 0.045680 0.050405 0.065019 0.067593 0.087519 0.084542 0.094326 0.124104 -0.427164 0.000000 0.000000 0.000000 0.000000 0.000000 0.000000 0.000000 0.000000 0.000000 0.000000 0.000000 0.000000 0.000000 0.000000 0.000000 0.000000 0.000000 0.000000 0.000000 0.000000 0.000000 0.000000 0.000000 0.000000 0.000000 0.000000 0.000000 0.000000 0.000000 0.000000 0.000000
-0.033680 0.013693 0.003157 0.003262 0.004638 0.005433 0.006824 0.007751 0.009544 0.009595 0.012296 0.008914 0.012362 0.000119 -0.003486 -0.027436 -0.085499 -0.143502 -0.502890 0.000000 0.000000 0.000000 0.000000 0.000000 0.000000 0.000000 0.000000 0.000000 0.000000 0.000000 0.000000 0.000000 0.000000 0.000000 0.000000 0.000000 0.000000 0.000000 0.000000 0.000000 0.000000 0.000000 0.000000 0.000000 0.000000 0.000000 0.000000 0.000000 0.000000 0.000000
0.003927 -0.011814 -0.002894 -0.002872 -0.004286 -0.005845 -0.007559 -0.010082 -0.012385 -0.017335 -0.020430 -0.031439 -0.036325 -0.061205 -0.074523 -0.116909 -0.160539 -0.277447 -0.515491 0.000000 0.000000 0.000000 0.000000 0.000000 0.000000 0.000000 0.000000 0.000000 0.000000 0.000000 0.000000 0.000000 0.000000 0.000000 0.000000 0.000000 0.000000 0.000000 0.000000 0.000000 0.000000 0.000000 0.000000 0.000000 0.000000 0.000000 0.000000 0.000000 0.000000 0.000000
0.009920 0.008344 -0.008661 -0.008911 -0.012783 -0.016828 -0.021531 -0.027331 -0.033568 -0.043062 -0.051696 -0.069521 -0.081857 -0.119004 -0.140714 -0.203261 -0.249540 -0.349204 -0.509851 0.000000 0.000000 0.000000 0.000000 0.000000 0.000000 0.000000 0.000000 0.000000 0.000000 0.000000 0.000000 0.000000 0.000000 0.000000 0.000000 0.000000 0.000000 0.000000 0.000000 0.000000 0.000000 0.000000 0.000000 0.000000 0.000000 0.000000 0.000000 0.000000 0.000000 0.000000
0.001586 -0.018576 -0.014164 -0.014605 -0.020824 -0.027073 -0.034479 -0.043122 -0.052694 -0.065679 -0.078617 -0.100129 -0.118211 -0.157631 -0.184561 -0.253379 -0.298863 -0.394696 -0.513660 0.000000 0.000000 0.000000 0.000000 0.000000 0.000000 0.000000 0.000000 0.000000 0.000000 0.000000 0.000000 0.000000 0.000000 0.000000 0.000000 0.000000 0.000000 0.000000 0.000000 0.000000 0.000000 0.000000 0.000000 0.000000 0.000000 0.000000 0.000000 0.000000 0.000000 0.000000
0.006685 0.004055 -0.019238 -0.019839 -0.028178 -0.036358 -0.046136 -0.057250 -0.069737 -0.085690 -0.102365 -0.127049 -0.149593 -0.191802 -0.221606 -0.296550 -0.332366 -0.418678 -0.512334 0.000000 0.000000 0.000000 0.000000 0.000000 0.000000 0.000000 0.000000 0.000000 0.000000 0.000000 0.000000 0.000000 0.000000 0.000000 0.000000 0.000000 0.000000 0.000000 0.000000 0.000000 0.000000 0.000000 0.000000 0.000000 0.000000 0.000000 0.000000 0.000000 0.000000 0.000000
0.009503 0.002396 -0.023656 -0.024256 -0.034679 -0.044606 -0.056485 -0.069711 -0.084622 -0.102904 -0.122410 -0.148843 -0.174354 -0.213827 -0.246126 -0.322686 -0.352666 -0.436409 -0.515209 0.000000 0.000000 0.000000 0.000000 0.000000 0.000000 0.000000 0.000000 0.000000 0.000000 0.000000 0.000000 0.000000 0.000000 0.000000 0.000000 0.000000 0.000000 0.000000 0.000000 0.000000 0.000000 0.000000 0.000000 0.000000 0.000000 0.000000 0.000000 0.000000 0.000000 0.000000
0.001667 0.000446 -0.027631 -0.028394 -0.040358 -0.051713 -0.065301 -0.080263 -0.097133 -0.117325 -0.139017 -0.167025 -0.194559 -0.234710 -0.262976 -0.343089 -0.368831 -0.444576 -0.511076 0.000000 0.000000 0.000000 0.000000 0.000000 0.000000 0.000000 0.000000 0.000000 0.000000 0.000000 0.000000 0.000000 0.000000 0.000000 0.000000 0.000000 0.000000 0.000000 0.000000 0.000000 0.000000 0.000000 0.000000 0.000000 0.000000 0.000000 0.000000 0.000000 0.000000 0.000000
-0.000557 -0.001895 -0.030673 -0.031629 -0.044799 -0.057427 -0.072389 -0.088746 -0.107158 -0.128914 -0.152322 -0.182449 -0.211053 -0.257192 -0.284659 -0.357114 -0.380653 -0.453615 -0.513951 0.000000 0.000000 0.000000 0.000000 0.000000 0.000000 0.000000 0.000000 0.000000 0.000000 0.000000 0.000000 0.000000 0.000000 0.000000 0.000000 0.000000 0.000000 0.000000 0.000000 0.000000 0.000000 0.000000 0.000000 0.000000 0.000000 0.000000 0.000000 0.000000 0.000000 0.000000
-0.011792 -0.003765 -0.033168 -0.034274 -0.048301 -0.061793 -0.077726 -0.095064 -0.114556 -0.137329 -0.162021 -0.192501 -0.223887 -0.264923 -0.297474 -0.366282 -0.387953 -0.458400 -0.516839 0.000000 0.000000 0.000000 0.000000 0.000000 0.000000 0.000000 0.000000 0.000000 0.000000 0.000000 0.000000 0.000000 0.000000 0.000000 0.000000 0.000000 0.000000 0.000000 0.000000 0.000000 0.000000 0.000000 0.000000 0.000000 0.000000 0.000000 0.000000 0.000000 0.000000 0.000000
0.005533 -0.005278 -0.034794 -0.035963 -0.050631 -0.064678 -0.081251 -0.099227 -0.119414 -0.142975 -0.168414 -0.200317 -0.231133 -0.276794 -0.307139 -0.370618 -0.394529 -0.460333 -0.516930 0.000000 0.000000 0.000000 0.000000 0.000000 0.000000 0.000000 0.000000 0.000000 0.000000 0.000000 0.000000 0.000000 0.000000 0.000000 0.000000 0.000000 0.000000 0.000000 0.000000 0.000000 0.000000 0.000000 0.000000 0.000000 0.000000 0.000000 0.000000 0.000000 0.000000 0.000000
-0.001860 -0.009229 -0.035708 -0.037009 -0.051808 -0.066124 -0.082891 -0.101076 -0.121469 -0.145204 -0.171193 -0.202891 -0.236392 -0.276822 -0.314032 -0.375786 -0.396011 -0.463085 -0.517912 0.000000 0.000000 0.000000 0.000000 0.000000 0.000000 0.000000 0.000000 0.000000 0.000000 0.000000 0.000000 0.000000 0.000000 0.000000 0.000000 0.000000 0.000000 0.000000 0.000000 0.000000 0.000000 0.000000 0.000000 0.000000 0.000000 0.000000 0.000000 0.000000 0.000000 0.000000
0.002961 -0.008665 -0.035855 -0.036885 -0.051914 -0.066090 -0.082752 -0.100783 -0.120962 -0.144787 -0.170149 -0.203482 -0.236917 -0.281948 -0.320105 -0.380856 -0.405533 -0.462849 -0.512674 0.000000 0.000000 0.000000 0.000000 0.000000 0.000000 0.000000 0.000000 0.000000 0.000000 0.000000 0.000000 0.000000 0.000000 0.000000 0.000000 0.000000 0.000000 0.000000 0.000000 0.000000 0.000000 0.000000 0.000000 0.000000 0.000000 0.000000 0.000000 0.000000 0.000000 0.000000
0.003106 -0.009793 -0.035151 -0.036378 -0.050799 -0.064628 -0.080684 -0.098025 -0.117403 -0.140199 -0.165354 -0.196823 -0.232171 -0.277061 -0.326204 -0.387040 -0.406765 -0.470862 -0.517200 0.000000 0.000000 0.000000 0.000000 0.000000 0.000000 0.000000 0.000000 0.000000 0.000000 0.000000 0.000000 0.000000 0.000000 0.000000 0.000000 0.000000 0.000000 0.000000 0.000000 0.000000 0.000000 0.000000 0.000000 0.000000 0.000000 0.000000 0.000000 0.000000 0.000000 0.000000
-0.001441 -0.009918 -0.033890 -0.035050 -0.048819 -0.061913 -0.077063 -0.093309 -0.111391 -0.132906 -0.156153 -0.188329 -0.220963 -0.278716 -0.332064 -0.401884 -0.424574 -0.463440 -0.518545 0.000000 0.000000 0.000000 0.000000 0.000000 0.000000 0.000000 0.000000 0.000000 0.000000 0.000000 0.000000 0.000000 0.000000 0.000000 0.000000 0.000000 0.000000 0.000000 0.000000 0.000000 0.000000 0.000000 0.000000 0.000000 0.000000 0.000000 0.000000 0.000000 0.000000 0.000000
-0.003225 -0.009629 -0.031973 -0.033113 -0.045874 -0.057928 -0.071684 -0.086195 -0.102113 -0.120715 -0.140863 -0.167555 -0.197145 -0.289000 -0.390149 -0.435014 -0.448682 -0.458302 -0.449752 0.000000 0.000000 0.000000 0.000000 0.000000 0.000000 0.000000 0.000000 0.000000 0.000000 0.000000 0.000000 0.000000 0.000000 0.000000 0.000000 0.000000 0.000000 0.000000 0.000000 0.000000 0.000000 0.000000 0.000000 0.000000 0.000000 0.000000 0.000000 0.000000 0.000000 0.000000
0.000137 -0.019277 -0.029636 -0.030683 -0.042361 -0.053164 -0.065401 -0.077798 -0.091454 -0.105879 -0.122520 -0.139000 -0.163138 -0.276794 -0.077957 -0.541469 -0.496502 -0.466703 -0.463951 0.000000 0.000000 0.000000 0.000000 0.000000 0.000000 0.000000 0.000000 0.000000 0.000000 0.000000 0.000000 0.000000 0.000000 0.000000 0.000000 0.000000 0.000000 0.000000 0.000000 0.000000 0.000000 0.000000 0.000000 0.000000 0.000000 0.000000 0.000000 0.000000 0.000000 0.000000
0.005432 -0.009301 -0.023663 -0.034137 -0.044864 -0.056030 -0.057931 -0.067954 -0.077845 -0.088296 -0.097378 -0.106254 -0.110268 -0.165082 -0.015377 0.000000 0.000000 0.000000 0.000000 0.000000 0.000000 0.000000 0.000000 0.000000 0.000000 0.000000 0.000000 0.000000 0.000000 0.000000 0.000000 0.000000 0.000000 0.000000 0.000000 0.000000 0.000000 0.000000 0.000000 0.000000 0.000000 0.000000 0.000000 0.000000 0.000000 0.000000 0.000000 0.000000 0.000000 0.000000
0.003258 -0.008736 -0.024181 -0.025003 -0.034184 -0.042201 -0.050888 -0.058824 -0.066717 -0.073165 -0.078777 -0.079854 -0.078014 -0.061792 0.001846 0.000000 0.000000 0.000000 0.000000 0.000000 0.000000 0.000000 0.000000 0.000000 0.000000 0.000000 0.000000 0.000000 0.000000 0.000000 0.000000 0.000000 0.000000 0.000000 0.000000 0.000000 0.000000 0.000000 0.000000 0.000000 0.000000 0.000000 0.000000 0.000000 0.000000 0.000000 0.000000 0.000000 0.000000 0.000000
0.003339 -0.007695 -0.021384 -0.022100 -0.030031 -0.036730 -0.043759 -0.049849 -0.055289 -0.059332 -0.061200 -0.060234 -0.053574 -0.035737 -0.000122 0.000000 0.000000 0.000000 0.000000 0.000000 0.000000 0.000000 0.000000 0.000000 0.000000 0.000000 0.000000 0.000000 0.000000 0.000000 0.000000 0.000000 0.000000 0.000000 0.000000 0.000000 0.000000 0.000000 0.000000 0.000000 0.000000 0.000000 0.000000 0.000000 0.000000 0.000000 0.000000 0.000000 0.000000 0.000000
-0.004950 -0.011453 -0.018765 -0.019347 -0.026186 -0.031732 -0.037447 -0.042059 -0.045945 -0.048151 -0.048518 -0.045820 -0.038671 -0.023413 -0.000777 0.000000 0.000000 0.000000 0.000000 0.000000 0.000000 0.000000 0.000000 0.000000 0.000000 0.000000 0.000000 0.000000 0.000000 0.000000 0.000000 0.000000 0.000000 0.000000 0.000000 0.000000 0.000000 0.000000 0.000000 0.000000 0.000000 0.000000 0.000000 0.000000 0.000000 0.000000 0.000000 0.000000 0.000000 0.000000
-0.001750 -0.005844 -0.016306 -0.016820 -0.022618 -0.027180 -0.031738 -0.035184 -0.037770 -0.038875 -0.038117 -0.035177 -0.028825 -0.016992 -0.000703 0.000000 0.000000 0.000000 0.000000 0.000000 0.000000 0.000000 0.000000 0.000000 0.000000 0.000000 0.000000 0.000000 0.000000 0.000000 0.000000 0.000000 0.000000 0.000000 0.000000 0.000000 0.000000 0.000000 0.000000 0.000000 0.000000 0.000000 0.000000 0.000000 0.000000 0.000000 0.000000 0.000000 0.000000 0.000000
-0.000147 -0.008564 -0.014147 -0.014555 -0.019503 -0.023237 -0.026895 -0.029467 -0.031218 -0.031587 -0.030407 -0.027376 -0.021886 -0.012746 -0.000142 0.000000 0.000000 0.000000 0.000000 0.000000 0.000000 0.000000 0.000000 0.000000 0.000000 0.000000 0.000000 0.000000 0.000000 0.000000 0.000000 0.000000 0.000000 0.000000 0.000000 0.000000 0.000000 0.000000 0.000000 0.000000 0.000000 0.000000 0.000000 0.000000 0.000000 0.000000 0.000000 0.000000 0.000000 0.000000
0.001845 -0.004286 -0.012278 -0.012634 -0.016821 -0.019905 -0.022838 -0.024752 -0.025895 -0.025836 -0.024457 -0.021637 -0.017036 -0.009743 -0.000246 0.000000 0.000000 0.000000 0.000000 0.000000 0.000000 0.000000 0.000000 0.000000 0.000000 0.000000 0.000000 0.000000 0.000000 0.000000 0.000000 0.000000 0.000000 0.000000 0.000000 0.000000 0.000000 0.000000 0.000000 0.000000 0.000000 0.000000 0.000000 0.000000 0.000000 0.000000 0.000000 0.000000 0.000000 0.000000
-0.001140 -0.006249 -0.010698 -0.010975 -0.014537 -0.017105 -0.019484 -0.020926 -0.021667 -0.021362 -0.019957 -0.017421 -0.013515 -0.007550 0.000006 0.000000 0.000000 0.000000 0.000000 0.000000 0.000000 0.000000 0.000000 0.000000 0.000000 0.000000 0.000000 0.000000 0.000000 0.000000 0.000000 0.000000 0.000000 0.000000 0.000000 0.000000 0.000000 0.000000 0.000000 0.000000 0.000000 0.000000 0.000000 0.000000 0.000000 0.000000 0.000000 0.000000 0.000000 0.000000
0.000038 -0.003591 -0.009465 -0.009717 -0.012819 -0.014914 -0.016945 -0.018037 -0.018526 -0.018075 -0.016717 -0.014402 -0.011103 -0.005878 -0.000096 0.000000 0.000000 0.000000 0.000000 0.000000 0.000000 0.000000 0.000000 0.000000 0.000000 0.000000 0.000000 0.000000 0.000000 0.000000 0.000000 0.000000 0.000000 0.000000 0.000000 0.000000 0.000000 0.000000 0.000000 0.000000 0.000000 0.000000 0.000000 0.000000 0.000000 0.000000 0.000000 0.000000 0.000000 0.000000
-0.001058 -0.003210 -0.009238 -0.008649 -0.011360 -0.013203 -0.014843 -0.015720 -0.016012 -0.015508 -0.014204 -0.012187 -0.009276 -0.004987 0.000031 0.000000 0.000000 0.000000 0.000000 0.000000 0.000000 0.000000 0.000000 0.000000 0.000000 0.000000 0.000000 0.000000 0.000000 0.000000 0.000000 0.000000 0.000000 0.000000 0.000000 0.000000 0.000000 0.000000 0.000000 0.000000 0.000000 0.000000 0.000000 0.000000 0.000000 0.000000 0.000000 0.000000 0.000000 0.000000
-0.000585 -0.003951 -0.008447 -0.010942 -0.011150 -0.013080 -0.014711 -0.015573 -0.015865 -0.015352 -0.014103 -0.012027 -0.009286 -0.003576 0.000065 0.000000 0.000000 0.000000 0.000000 0.000000 0.000000 0.000000 0.000000 0.000000 0.000000 0.000000 0.000000 0.000000 0.000000 0.000000 0.000000 0.000000 0.000000 0.000000 0.000000 0.000000 0.000000 0.000000 0.000000 0.000000 0.000000 0.000000 0.000000 0.000000 0.000000 0.000000 0.000000 0.000000 0.000000 0.000000
0.000569 -0.003213 -0.006682 -0.008924 -0.009917 -0.012163 -0.013029 -0.014896 -0.014585 -0.013693 -0.011908 -0.009554 -0.006611 -0.003823 -0.000505 0.000000 0.000000 0.000000 0.000000 0.000000 0.000000 0.000000 0.000000 0.000000 0.000000 0.000000 0.000000 0.000000 0.000000 0.000000 0.000000 0.000000 0.000000 0.000000 0.000000 0.000000 0.000000 0.000000 0.000000 0.000000 0.000000 0.000000 0.000000 0.000000 0.000000 0.000000 0.000000 0.000000 0.000000 0.000000
-0.001718 -0.004394 -0.005268 -0.008501 -0.009582 -0.010220 -0.012234 -0.010568 -0.012105 -0.011411 -0.010468 -0.008444 -0.005663 -0.003521 -0.000040 0.000000 0.000000 0.000000 0.000000 0.000000 0.000000 0.000000 0.000000 0.000000 0.000000 0.000000 0.000000 0.000000 0.000000 0.000000 0.000000 0.000000 0.000000 0.000000 0.000000 0.000000 0.000000 0.000000 0.000000 0.000000 0.000000 0.000000 0.000000 0.000000 0.000000 0.000000 0.000000 0.000000 0.000000 0.000000
