0.005731 0.079333 0.011779 0.001503 -0.010869 0.028972 -0.009652 0.004936 0.018276 0.007277 0.023401 0.014170 0.011732 -0.002713 0.004474 0.000147 -0.002855 -0.005453 0.014834 0.000000 0.000000 0.000000 0.000000 0.000000 0.000000 0.000000 0.000000 0.000000 0.000000 0.000000 0.000000 0.000000 0.000000 0.000000 0.000000 0.000000 0.000000 0.000000 0.000000 0.000000 0.000000 0.000000 0.000000 0.000000 0.000000 0.000000 0.000000 0.000000 0.000000 0.000000
-0.003703 0.010757 -0.020157 -0.064509 0.000819 0.002104 -0.023167 0.005378 0.004956 -0.024412 0.007432 0.008935 -0.020234 -0.018884 -0.016276 -0.015243 -0.008176 0.007084 -0.000523 0.000000 0.000000 0.000000 0.000000 0.000000 0.000000 0.000000 0.000000 0.000000 0.000000 0.000000 0.000000 0.000000 0.000000 0.000000 0.000000 0.000000 0.000000 0.000000 0.000000 0.000000 0.000000 0.000000 0.000000 0.000000 0.000000 0.000000 0.000000 0.000000 0.000000 0.000000
0.001693 0.011533 -0.016133 0.002576 0.000665 -0.016491 -0.009264 -0.014214 -0.012932 -0.013219 -0.011358 -0.010836 -0.009487 -0.009050 -0.008088 -0.009415 -0.010940 -0.007726 -0.007975 0.000000 0.000000 0.000000 0.000000 0.000000 0.000000 0.000000 0.000000 0.000000 0.000000 0.000000 0.000000 0.000000 0.000000 0.000000 0.000000 0.000000 0.000000 0.000000 0.000000 0.000000 0.000000 0.000000 0.000000 0.000000 0.000000 0.000000 0.000000 0.000000 0.000000 0.000000
0.000194 0.000580 -0.045151 -0.027465 -0.009721 -0.019602 -0.011820 -0.016300 -0.012403 -0.012798 -0.011033 -0.010982 -0.009711 -0.009424 -0.007723 -0.008793 -0.003033 -0.006146 -0.002438 0.000000 0.000000 0.000000 0.000000 0.000000 0.000000 0.000000 0.000000 0.000000 0.000000 0.000000 0.000000 0.000000 0.000000 0.000000 0.000000 0.000000 0.000000 0.000000 0.000000 0.000000 0.000000 0.000000 0.000000 0.000000 0.000000 0.000000 0.000000 0.000000 0.000000 0.000000
0.000460 0.005984 -0.030866 -0.034842 -0.018118 -0.025876 -0.019921 -0.015997 -0.018218 -0.018019 -0.017102 -0.015706 -0.013710 -0.011711 -0.009444 -0.006652 -0.004547 -0.002102 -0.004533 0.000000 0.000000 0.000000 0.000000 0.000000 0.000000 0.000000 0.000000 0.000000 0.000000 0.000000 0.000000 0.000000 0.000000 0.000000 0.000000 0.000000 0.000000 0.000000 0.000000 0.000000 0.000000 0.000000 0.000000 0.000000 0.000000 0.000000 0.000000 0.000000 0.000000 0.000000
0.004240 -0.002535 -0.030596 -0.025192 -0.019810 -0.030041 -0.020749 -0.025199 -0.023813 -0.024038 -0.021679 -0.020021 -0.018064 -0.016320 -0.014788 -0.012414 -0.009695 -0.005188 -0.001103 0.000000 0.000000 0.000000 0.000000 0.000000 0.000000 0.000000 0.000000 0.000000 0.000000 0.000000 0.000000 0.000000 0.000000 0.000000 0.000000 0.000000 0.000000 0.000000 0.000000 0.000000 0.000000 0.000000 0.000000 0.000000 0.000000 0.000000 0.000000 0.000000 0.000000 0.000000
0.014066 -0.037129 -0.039920 -0.034700 -0.033202 -0.039897 -0.034323 -0.031685 -0.031235 -0.027890 -0.026880 -0.024569 -0.021661 -0.018664 -0.015292 -0.011266 -0.007713 -0.003636 0.005522 0.000000 0.000000 0.000000 0.000000 0.000000 0.000000 0.000000 0.000000 0.000000 0.000000 0.000000 0.000000 0.000000 0.000000 0.000000 0.000000 0.000000 0.000000 0.000000 0.000000 0.000000 0.000000 0.000000 0.000000 0.000000 0.000000 0.000000 0.000000 0.000000 0.000000 0.000000
-0.002750 -0.030736 -0.045095 -0.040166 -0.037860 -0.042305 -0.034062 -0.037837 -0.034028 -0.034235 -0.032197 -0.029144 -0.026079 -0.022703 -0.019351 -0.014645 -0.014182 -0.008634 0.005680 0.000000 0.000000 0.000000 0.000000 0.000000 0.000000 0.000000 0.000000 0.000000 0.000000 0.000000 0.000000 0.000000 0.000000 0.000000 0.000000 0.000000 0.000000 0.000000 0.000000 0.000000 0.000000 0.000000 0.000000 0.000000 0.000000 0.000000 0.000000 0.000000 0.000000 0.000000
-0.003239 -0.033761 -0.052166 -0.046171 -0.044172 -0.047473 -0.045082 -0.045499 -0.042611 -0.040514 -0.037217 -0.033900 -0.030140 -0.026291 -0.022003 -0.017357 -0.011752 -0.006708 0.008786 0.000000 0.000000 0.000000 0.000000 0.000000 0.000000 0.000000 0.000000 0.000000 0.000000 0.000000 0.000000 0.000000 0.000000 0.000000 0.000000 0.000000 0.000000 0.000000 0.000000 0.000000 0.000000 0.000000 0.000000 0.000000 0.000000 0.000000 0.000000 0.000000 0.000000 0.000000
-0.001562 -0.033168 -0.054594 -0.052141 -0.049301 -0.053740 -0.048152 -0.050304 -0.046720 -0.045515 -0.042282 -0.038704 -0.034664 -0.030326 -0.025614 -0.020009 -0.015228 -0.009998 0.004743 0.000000 0.000000 0.000000 0.000000 0.000000 0.000000 0.000000 0.000000 0.000000 0.000000 0.000000 0.000000 0.000000 0.000000 0.000000 0.000000 0.000000 0.000000 0.000000 0.000000 0.000000 0.000000 0.000000 0.000000 0.000000 0.000000 0.000000 0.000000 0.000000 0.000000 0.000000
0.018034 -0.056284 -0.057662 -0.059308 -0.058777 -0.061047 -0.058097 -0.058418 -0.054873 -0.052374 -0.048206 -0.044118 -0.039445 -0.034560 -0.029058 -0.023062 -0.016533 -0.010338 0.004510 0.000000 0.000000 0.000000 0.000000 0.000000 0.000000 0.000000 0.000000 0.000000 0.000000 0.000000 0.000000 0.000000 0.000000 0.000000 0.000000 0.000000 0.000000 0.000000 0.000000 0.000000 0.000000 0.000000 0.000000 0.000000 0.000000 0.000000 0.000000 0.000000 0.000000 0.000000
-0.008674 -0.100472 -0.070099 -0.066990 -0.066733 -0.067266 -0.063952 -0.063976 -0.060718 -0.058016 -0.053983 -0.049622 -0.044578 -0.039186 -0.033101 -0.026303 -0.019308 -0.012570 0.003106 0.000000 0.000000 0.000000 0.000000 0.000000 0.000000 0.000000 0.000000 0.000000 0.000000 0.000000 0.000000 0.000000 0.000000 0.000000 0.000000 0.000000 0.000000 0.000000 0.000000 0.000000 0.000000 0.000000 0.000000 0.000000 0.000000 0.000000 0.000000 0.000000 0.000000 0.000000
-0.023861 -0.111725 -0.076137 -0.072514 -0.075394 -0.076311 -0.074107 -0.073149 -0.070242 -0.066443 -0.061249 -0.056110 -0.050334 -0.044282 -0.037290 -0.029678 -0.021967 -0.014278 -0.033971 0.000000 0.000000 0.000000 0.000000 0.000000 0.000000 0.000000 0.000000 0.000000 0.000000 0.000000 0.000000 0.000000 0.000000 0.000000 0.000000 0.000000 0.000000 0.000000 0.000000 0.000000 0.000000 0.000000 0.000000 0.000000 0.000000 0.000000 0.000000 0.000000 0.000000 0.000000
-0.063645 -0.126672 -0.091724 -0.083284 -0.083390 -0.083783 -0.081148 -0.079745 -0.076117 -0.072447 -0.067746 -0.062504 -0.056407 -0.049763 -0.042150 -0.033716 -0.024761 -0.014977 -0.004306 0.000000 0.000000 0.000000 0.000000 0.000000 0.000000 0.000000 0.000000 0.000000 0.000000 0.000000 0.000000 0.000000 0.000000 0.000000 0.000000 0.000000 0.000000 0.000000 0.000000 0.000000 0.000000 0.000000 0.000000 0.000000 0.000000 0.000000 0.000000 0.000000 0.000000 0.000000
-0.054368 -0.086344 -0.100300 -0.094262 -0.093159 -0.092259 -0.090146 -0.088134 -0.084504 -0.080539 -0.075578 -0.069922 -0.063303 -0.055982 -0.047542 -0.037997 -0.027458 -0.015680 -0.004924 0.000000 0.000000 0.000000 0.000000 0.000000 0.000000 0.000000 0.000000 0.000000 0.000000 0.000000 0.000000 0.000000 0.000000 0.000000 0.000000 0.000000 0.000000 0.000000 0.000000 0.000000 0.000000 0.000000 0.000000 0.000000 0.000000 0.000000 0.000000 0.000000 0.000000 0.000000
-0.038559 -0.098384 -0.109786 -0.102086 -0.101723 -0.101209 -0.099496 -0.097049 -0.093482 -0.089297 -0.084148 -0.078136 -0.071028 -0.063025 -0.053717 -0.043081 -0.031593 -0.018728 -0.006012 0.000000 0.000000 0.000000 0.000000 0.000000 0.000000 0.000000 0.000000 0.000000 0.000000 0.000000 0.000000 0.000000 0.000000 0.000000 0.000000 0.000000 0.000000 0.000000 0.000000 0.000000 0.000000 0.000000 0.000000 0.000000 0.000000 0.000000 0.000000 0.000000 0.000000 0.000000
-0.066166 -0.147474 -0.118662 -0.111883 -0.112530 -0.110909 -0.109425 -0.106666 -0.103227 -0.098909 -0.093641 -0.087336 -0.079786 -0.071126 -0.060970 -0.049273 -0.036690 -0.022109 -0.008310 0.000000 0.000000 0.000000 0.000000 0.000000 0.000000 0.000000 0.000000 0.000000 0.000000 0.000000 0.000000 0.000000 0.000000 0.000000 0.000000 0.000000 0.000000 0.000000 0.000000 0.000000 0.000000 0.000000 0.000000 0.000000 0.000000 0.000000 0.000000 0.000000 0.000000 0.000000
-0.075482 -0.154074 -0.127177 -0.120985 -0.122818 -0.120672 -0.119816 -0.116981 -0.113792 -0.109457 -0.104177 -0.097673 -0.089745 -0.080463 -0.069384 -0.056559 -0.042468 -0.025998 -0.008517 0.000000 0.000000 0.000000 0.000000 0.000000 0.000000 0.000000 0.000000 0.000000 0.000000 0.000000 0.000000 0.000000 0.000000 0.000000 0.000000 0.000000 0.000000 0.000000 0.000000 0.000000 0.000000 0.000000 0.000000 0.000000 0.000000 0.000000 0.000000 0.000000 0.000000 0.000000
-0.076002 -0.166827 -0.136297 -0.131712 -0.134111 -0.131440 -0.130909 -0.128124 -0.125253 -0.121053 -0.115903 -0.109339 -0.101151 -0.091321 -0.079288 -0.065250 -0.049320 -0.030551 -0.010950 0.000000 0.000000 0.000000 0.000000 0.000000 0.000000 0.000000 0.000000 0.000000 0.000000 0.000000 0.000000 0.000000 0.000000 0.000000 0.000000 0.000000 0.000000 0.000000 0.000000 0.000000 0.000000 0.000000 0.000000 0.000000 0.000000 0.000000 0.000000 0.000000 0.000000 0.000000
-0.040983 -0.139113 -0.145868 -0.141874 -0.145215 -0.142362 -0.142421 -0.139962 -0.137601 -0.133765 -0.128956 -0.122550 -0.114291 -0.104058 -0.091121 -0.075811 -0.057853 -0.036245 -0.013599 0.000000 0.000000 0.000000 0.000000 0.000000 0.000000 0.000000 0.000000 0.000000 0.000000 0.000000 0.000000 0.000000 0.000000 0.000000 0.000000 0.000000 0.000000 0.000000 0.000000 0.000000 0.000000 0.000000 0.000000 0.000000 0.000000 0.000000 0.000000 0.000000 0.000000 0.000000
-0.050702 -0.149081 -0.155590 -0.153091 -0.156904 -0.153882 -0.154513 -0.152566 -0.150891 -0.147692 -0.143487 -0.137536 -0.129476 -0.119074 -0.105369 -0.088753 -0.068483 -0.043513 -0.016239 0.000000 0.000000 0.000000 0.000000 0.000000 0.000000 0.000000 0.000000 0.000000 0.000000 0.000000 0.000000 0.000000 0.000000 0.000000 0.000000 0.000000 0.000000 0.000000 0.000000 0.000000 0.000000 0.000000 0.000000 0.000000 0.000000 0.000000 0.000000 0.000000 0.000000 0.000000
-0.092729 -0.159010 -0.165626 -0.163842 -0.168189 -0.165635 -0.167030 -0.165859 -0.165133 -0.162914 -0.159675 -0.154590 -0.147154 -0.136979 -0.122834 -0.105082 -0.082006 -0.053364 -0.020038 0.000000 0.000000 0.000000 0.000000 0.000000 0.000000 0.000000 0.000000 0.000000 0.000000 0.000000 0.000000 0.000000 0.000000 0.000000 0.000000 0.000000 0.000000 0.000000 0.000000 0.000000 0.000000 0.000000 0.000000 0.000000 0.000000 0.000000 0.000000 0.000000 0.000000 0.000000
-0.085510 -0.201178 -0.175510 -0.174419 -0.179412 -0.177637 -0.179962 -0.179816 -0.180309 -0.179460 -0.177604 -0.173886 -0.167630 -0.158220 -0.144171 -0.125497 -0.099447 -0.066177 -0.023396 0.000000 0.000000 0.000000 0.000000 0.000000 0.000000 0.000000 0.000000 0.000000 0.000000 0.000000 0.000000 0.000000 0.000000 0.000000 0.000000 0.000000 0.000000 0.000000 0.000000 0.000000 0.000000 0.000000 0.000000 0.000000 0.000000 0.000000 0.000000 0.000000 0.000000 0.000000
-0.045606 -0.211393 -0.185599 -0.185528 -0.190491 -0.189792 -0.193112 -0.194298 -0.196339 -0.197330 -0.197429 -0.195791 -0.191579 -0.183850 -0.170851 -0.151886 -0.123079 -0.084626 -0.031975 0.000000 0.000000 0.000000 0.000000 0.000000 0.000000 0.000000 0.000000 0.000000 0.000000 0.000000 0.000000 0.000000 0.000000 0.000000 0.000000 0.000000 0.000000 0.000000 0.000000 0.000000 0.000000 0.000000 0.000000 0.000000 0.000000 0.000000 0.000000 0.000000 0.000000 0.000000
-0.075595 -0.175494 -0.195579 -0.196234 -0.201412 -0.201872 -0.206303 -0.209087 -0.212978 -0.216227 -0.218882 -0.220073 -0.218899 -0.213970 -0.203401 -0.185176 -0.155034 -0.108847 -0.043580 0.000000 0.000000 0.000000 0.000000 0.000000 0.000000 0.000000 0.000000 0.000000 0.000000 0.000000 0.000000 0.000000 0.000000 0.000000 0.000000 0.000000 0.000000 0.000000 0.000000 0.000000 0.000000 0.000000 0.000000 0.000000 0.000000 0.000000 0.000000 0.000000 0.000000 0.000000
-0.111991 -0.196629 -0.205334 -0.206449 -0.211764 -0.213521 -0.219204 -0.223892 -0.230007 -0.236036 -0.242064 -0.247168 -0.250582 -0.250323 -0.244593 -0.229448 -0.199629 -0.145693 -0.039496 0.000000 0.000000 0.000000 0.000000 0.000000 0.000000 0.000000 0.000000 0.000000 0.000000 0.000000 0.000000 0.000000 0.000000 0.000000 0.000000 0.000000 0.000000 0.000000 0.000000 0.000000 0.000000 0.000000 0.000000 0.000000 0.000000 0.000000 0.000000 0.000000 0.000000 0.000000
-0.092590 -0.235861 -0.214384 -0.215913 -0.221185 -0.224382 -0.231364 -0.238144 -0.246701 -0.255839 -0.265826 -0.275687 -0.285206 -0.291568 -0.294273 -0.285848 -0.262162 -0.201374 -0.092431 0.000000 0.000000 0.000000 0.000000 0.000000 0.000000 0.000000 0.000000 0.000000 0.000000 0.000000 0.000000 0.000000 0.000000 0.000000 0.000000 0.000000 0.000000 0.000000 0.000000 0.000000 0.000000 0.000000 0.000000 0.000000 0.000000 0.000000 0.000000 0.000000 0.000000 0.000000
-0.078100 -0.241493 -0.222463 -0.224223 -0.229445 -0.234185 -0.242477 -0.251475 -0.262712 -0.275422 -0.290131 -0.306033 -0.323620 -0.339741 -0.355247 -0.359806 -0.351008 -0.298031 -0.155437 0.000000 0.000000 0.000000 0.000000 0.000000 0.000000 0.000000 0.000000 0.000000 0.000000 0.000000 0.000000 0.000000 0.000000 0.000000 0.000000 0.000000 0.000000 0.000000 0.000000 0.000000 0.000000 0.000000 0.000000 0.000000 0.000000 0.000000 0.000000 0.000000 0.000000 0.000000
-0.123496 -0.246232 -0.229027 -0.231263 -0.236295 -0.242430 -0.251881 -0.262935 -0.276683 -0.292799 -0.312218 -0.334270 -0.361246 -0.388866 -0.424485 -0.449764 -0.481146 -0.440878 -0.197742 0.000000 0.000000 0.000000 0.000000 0.000000 0.000000 0.000000 0.000000 0.000000 0.000000 0.000000 0.000000 0.000000 0.000000 0.000000 0.000000 0.000000 0.000000 0.000000 0.000000 0.000000 0.000000 0.000000 0.000000 0.000000 0.000000 0.000000 0.000000 0.000000 0.000000 0.000000
-0.080898 -0.251726 -0.233779 -0.236290 -0.241398 -0.248749 -0.259264 -0.272220 -0.288355 -0.307878 -0.332028 -0.361041 -0.397877 -0.440759 -0.498740 -0.557863 -0.651352 -0.695501 -0.478690 0.000000 0.000000 0.000000 0.000000 0.000000 0.000000 0.000000 0.000000 0.000000 0.000000 0.000000 0.000000 0.000000 0.000000 0.000000 0.000000 0.000000 0.000000 0.000000 0.000000 0.000000 0.000000 0.000000 0.000000 0.000000 0.000000 0.000000 0.000000 0.000000 0.000000 0.000000
-0.090787 -0.252235 -0.236780 -0.238886 -0.244285 -0.252595 -0.263890 -0.278177 -0.295911 -0.317657 -0.344973 -0.378396 -0.422799 -0.476116 -0.557766 -0.649339 -0.833230 -1.009588 -1.414395 0.000000 0.000000 0.000000 0.000000 0.000000 0.000000 0.000000 0.000000 0.000000 0.000000 0.000000 0.000000 0.000000 0.000000 0.000000 0.000000 0.000000 0.000000 0.000000 0.000000 0.000000 0.000000 0.000000 0.000000 0.000000 0.000000 0.000000 0.000000 0.000000 0.000000 0.000000
-0.081780 -0.253500 -0.237650 -0.239570 -0.245062 -0.253962 -0.265718 -0.280827 -0.299489 -0.322769 -0.351913 -0.389146 -0.437402 -0.502839 -0.592956 -0.726677 -0.924247 -1.238180 -2.238538 0.000000 0.000000 0.000000 0.000000 0.000000 0.000000 0.000000 0.000000 0.000000 0.000000 0.000000 0.000000 0.000000 0.000000 0.000000 0.000000 0.000000 0.000000 0.000000 0.000000 0.000000 0.000000 0.000000 0.000000 0.000000 0.000000 0.000000 0.000000 0.000000 0.000000 0.000000
-0.078292 -0.249541 -0.236368 -0.237944 -0.243501 -0.252580 -0.264368 -0.279493 -0.297978 -0.320977 -0.349088 -0.384880 -0.428427 -0.487942 -0.557668 -0.666125 -0.783814 -0.984670 -1.015844 -0.152192 -0.085210 -0.034006 -0.028010 -0.055860 -0.027534 -0.012877 -0.009313 -0.007319 -0.005594 -0.000851 -0.000521 -0.000459 0.000246 -0.000024 -0.000111 -0.000047 -0.003595 -0.003007 -0.000004 -0.002091 -0.000013 -0.000940 -0.000798 -0.000673 -0.000871 -0.000676 -0.000158 -0.000434 -0.000408 -0.000318
-0.030034 -0.246899 -0.232798 -0.234090 -0.239531 -0.248499 -0.259877 -0.274401 -0.291897 -0.313321 -0.338939 -0.370279 -0.407079 -0.452506 -0.502708 -0.562156 -0.617496 -0.646676 -0.688542 -0.392389 -0.203406 -0.135721 -0.086325 -0.064237 -0.044619 -0.034281 -0.025599 -0.020228 -0.015934 -0.012756 -0.010194 -0.008246 -0.006835 -0.005692 -0.004599 -0.003810 -0.003179 -0.002642 -0.002201 -0.001845 -0.001553 -0.001312 -0.001127 -0.000955 -0.000860 -0.000734 -0.000704 -0.000624 -0.000813 -0.000729
-0.005633 -0.240903 -0.227315 -0.228177 -0.233278 -0.241973 -0.252579 -0.266205 -0.282300 -0.301794 -0.324579 -0.351992 -0.382768 -0.420752 -0.458256 -0.507304 -0.539159 -0.573953 -0.458528 -0.309785 -0.228808 -0.158764 -0.115553 -0.085492 -0.064341 -0.049634 -0.038637 -0.030506 -0.024337 -0.019465 -0.015816 -0.012876 -0.010582 -0.008576 -0.007177 -0.005915 -0.004908 -0.004082 -0.003413 -0.002862 -0.002412 -0.002042 -0.001742 -0.001507 -0.001310 -0.001163 -0.001050 -0.001043 -0.001211 -0.001102
-0.066923 -0.233198 -0.219734 -0.220263 -0.224894 -0.233128 -0.242637 -0.254936 -0.269084 -0.285799 -0.304824 -0.326383 -0.349916 -0.374881 -0.399486 -0.419601 -0.434743 -0.422241 -0.413875 -0.303443 -0.237572 -0.176123 -0.135999 -0.103352 -0.080587 -0.062788 -0.049754 -0.039603 -0.031880 -0.025764 -0.020972 -0.017131 -0.014092 -0.011614 -0.009599 -0.007957 -0.006619 -0.005517 -0.004614 -0.003872 -0.003264 -0.002766 -0.002362 -0.002035 -0.001776 -0.001575 -0.001418 -0.001404 -0.001536 -0.001260
-0.070497 -0.192292 -0.210227 -0.210918 -0.214664 -0.222447 -0.230746 -0.241695 -0.254002 -0.268320 -0.284286 -0.301881 -0.320458 -0.339562 -0.356555 -0.371106 -0.374352 -0.368285 -0.325975 -0.264658 -0.220848 -0.173298 -0.139836 -0.110182 -0.088495 -0.070579 -0.056975 -0.045985 -0.037410 -0.030481 -0.024990 -0.020526 -0.016938 -0.013980 -0.011607 -0.009636 -0.008029 -0.006701 -0.005613 -0.004715 -0.003978 -0.003375 -0.002881 -0.002487 -0.002165 -0.001927 -0.001729 -0.001722 -0.001660 -0.001446
-0.047766 -0.181516 -0.199555 -0.199208 -0.207455 -0.214897 -0.224696 -0.225602 -0.235099 -0.247284 -0.260581 -0.273255 -0.286874 -0.297317 -0.308709 -0.310437 -0.313101 -0.295286 -0.280133 -0.238384 -0.206385 -0.167709 -0.140041 -0.112762 -0.092793 -0.075154 -0.061588 -0.050284 -0.041307 -0.033940 -0.027994 -0.023121 -0.019155 -0.015889 -0.013213 -0.011003 -0.009185 -0.007681 -0.006441 -0.005418 -0.004575 -0.003884 -0.003319 -0.002866 -0.002497 -0.002222 -0.001998 -0.001985 -0.001843 -0.001780
-0.003740 -0.179647 -0.186612 -0.187512 -0.189349 -0.196149 -0.202091 -0.210104 -0.218766 -0.228274 -0.238442 -0.248670 -0.258759 -0.267255 -0.273979 -0.275905 -0.273389 -0.261305 -0.242741 -0.212150 -0.186766 -0.156617 -0.133209 -0.110234 -0.092177 -0.076103 -0.063194 -0.052239 -0.043322 -0.035893 -0.029802 -0.024754 -0.020597 -0.017150 -0.014306 -0.011944 -0.009992 -0.008371 -0.007031 -0.005921 -0.005006 -0.004254 -0.003637 -0.003143 -0.002739 -0.002440 -0.002190 -0.002178 -0.002117 -0.002184
-0.005366 -0.182443 -0.173126 -0.174338 -0.175035 -0.181195 -0.186157 -0.192630 -0.199798 -0.207229 -0.215090 -0.222575 -0.229651 -0.234896 -0.238621 -0.237883 -0.234722 -0.223496 -0.210852 -0.187827 -0.168226 -0.144190 -0.124844 -0.105197 -0.089286 -0.074736 -0.062775 -0.052433 -0.043854 -0.036610 -0.030585 -0.025543 -0.021347 -0.017844 -0.014931 -0.012501 -0.010480 -0.008798 -0.007401 -0.006241 -0.005282 -0.004494 -0.003845 -0.003325 -0.002900 -0.002584 -0.002318 -0.002307 -0.002385 -0.002079
-0.037485 -0.151547 -0.157287 -0.159450 -0.160261 -0.165115 -0.169570 -0.174593 -0.180663 -0.186219 -0.192294 -0.197758 -0.202754 -0.206092 -0.207999 -0.206393 -0.202574 -0.193173 -0.181952 -0.164692 -0.148855 -0.130072 -0.113934 -0.097652 -0.083847 -0.071115 -0.060332 -0.050884 -0.042890 -0.036058 -0.030298 -0.025431 -0.021343 -0.017907 -0.015028 -0.012616 -0.010600 -0.008915 -0.007511 -0.006343 -0.005375 -0.004577 -0.003920 -0.003392 -0.002960 -0.002639 -0.002369 -0.002356 -0.002736 -0.001956
-0.002156 -0.154117 -0.140365 -0.142932 -0.144823 -0.147824 -0.152262 -0.155389 -0.160970 -0.165028 -0.169738 -0.173584 -0.176974 -0.178872 -0.179518 -0.177398 -0.173607 -0.165756 -0.156748 -0.143463 -0.130767 -0.115884 -0.102569 -0.089017 -0.077158 -0.066136 -0.056581 -0.048119 -0.040840 -0.034552 -0.029189 -0.024616 -0.020742 -0.017464 -0.014699 -0.012372 -0.010417 -0.008778 -0.007407 -0.006264 -0.005314 -0.004530 -0.003883 -0.003363 -0.002936 -0.002620 -0.002354 -0.002340 -0.002524 -0.002140
-0.035536 -0.121950 -0.124053 -0.125201 -0.128027 -0.130615 -0.135905 -0.137031 -0.142316 -0.144090 -0.147654 -0.150095 -0.152300 -0.153250 -0.153154 -0.150960 -0.147359 -0.140897 -0.133349 -0.123017 -0.112739 -0.100986 -0.090057 -0.079010 -0.069038 -0.059701 -0.051435 -0.044046 -0.037601 -0.031985 -0.027146 -0.022989 -0.019440 -0.016418 -0.013856 -0.011689 -0.009862 -0.008325 -0.007035 -0.005957 -0.005059 -0.004316 -0.003703 -0.003209 -0.002804 -0.002502 -0.002250 -0.002239 -0.002605 -0.002205
-0.023123 -0.103673 -0.099244 -0.108272 -0.115362 -0.108789 -0.116116 -0.115758 -0.122196 -0.123285 -0.126073 -0.127720 -0.129183 -0.129568 -0.129078 -0.126995 -0.123767 -0.118517 -0.112355 -0.104297 -0.096027 -0.086734 -0.077850 -0.068864 -0.060577 -0.052776 -0.045753 -0.039421 -0.033834 -0.028919 -0.024648 -0.020952 -0.017775 -0.015055 -0.012737 -0.010768 -0.009102 -0.007696 -0.006513 -0.005522 -0.004694 -0.004009 -0.003442 -0.002984 -0.002610 -0.002329 -0.002096 -0.002085 -0.002225 -0.001659
-0.004227 -0.129068 -0.081737 -0.084209 -0.098036 -0.092522 -0.100616 -0.096840 -0.102091 -0.101920 -0.103860 -0.104694 -0.105590 -0.105577 -0.104925 -0.103116 -0.100387 -0.096250 -0.091335 -0.085154 -0.078689 -0.071486 -0.064473 -0.057391 -0.050744 -0.044463 -0.038728 -0.033531 -0.028898 -0.024797 -0.021209 -0.018083 -0.015382 -0.013058 -0.011071 -0.009376 -0.007938 -0.006720 -0.005695 -0.004832 -0.004113 -0.003514 -0.003020 -0.002619 -0.002292 -0.002045 -0.001843 -0.001832 -0.001966 -0.001735
-0.027124 -0.069713 -0.065578 -0.066328 -0.074326 -0.065539 -0.075764 -0.075012 -0.082111 -0.082106 -0.083882 -0.084467 -0.085120 -0.084977 -0.084344 -0.082819 -0.080548 -0.077316 -0.073447 -0.068745 -0.063666 -0.058123 -0.052679 -0.047130 -0.041848 -0.036855 -0.032238 -0.028034 -0.024274 -0.020896 -0.017927 -0.015324 -0.013064 -0.011113 -0.009436 -0.008008 -0.006790 -0.005758 -0.004884 -0.004149 -0.003533 -0.003020 -0.002597 -0.002253 -0.001974 -0.001762 -0.001591 -0.001570 -0.001854 -0.001040
-0.034433 -0.027170 -0.063558 -0.037310 -0.060570 -0.046727 -0.050888 -0.052878 -0.056985 -0.058192 -0.059546 -0.060056 -0.060659 -0.060469 -0.060020 -0.059096 -0.057567 -0.055358 -0.052638 -0.049473 -0.046088 -0.042131 -0.038308 -0.034415 -0.030656 -0.027091 -0.023742 -0.020719 -0.017969 -0.015512 -0.013355 -0.011440 -0.009775 -0.008327 -0.007084 -0.006013 -0.005106 -0.004333 -0.003680 -0.003125 -0.002667 -0.002281 -0.001964 -0.001705 -0.001495 -0.001332 -0.001201 -0.001528 -0.001410 -0.001186
-0.059531 -0.010923 -0.058197 -0.063364 -0.070995 -0.055528 -0.057754 -0.054164 -0.057623 -0.057787 -0.059064 -0.059309 -0.059756 -0.059504 -0.059025 -0.057949 -0.056313 -0.054083 -0.051415 -0.048213 -0.044714 -0.040911 -0.037172 -0.033355 -0.029695 -0.026235 -0.023011 -0.020063 -0.017409 -0.015035 -0.012921 -0.011068 -0.009453 -0.008052 -0.006846 -0.005814 -0.004940 -0.004192 -0.003560 -0.003025 -0.002580 -0.002207 -0.001900 -0.001649 -0.001448 -0.001292 -0.001266 -0.001172 -0.001135 -0.001017
-0.004508 -0.009329 -0.026568 -0.026944 -0.003027 -0.037238 -0.041618 -0.030307 -0.030050 -0.031009 -0.042572 -0.017037 -0.032536 -0.010177 -0.016926 -0.012526 -0.016788 -0.015023 -0.012973 -0.012886 -0.012589 -0.010343 -0.009873 -0.020637 -0.018730 -0.007699 -0.006309 -0.005476 -0.005912 -0.004229 -0.003682 -0.003161 -0.002709 -0.002303 -0.001969 -0.001890 -0.003154 -0.002671 -0.002243 -0.001841 -0.000906 -0.001333 -0.001174 -0.000623 -0.000706 -0.000744 -0.000679 -0.000534 -0.000636 -0.000482
0.029444 -0.003996 -0.005901 0.005434 -0.001152 -0.016750 -0.024389 -0.004635 -0.013670 -0.016454 -0.021091 -0.018480 -0.032652 -0.013032 -0.011734 -0.012538 -0.008794 0.001216 -0.019283 -0.006937 -0.000390 -0.004575 -0.002906 -0.004414 -0.004306 0.002743 0.007507 -0.000551 -0.000083 0.002840 0.003569 -0.001522 -0.001311 -0.001026 -0.000874 -0.000753 0.000823 -0.000049 -0.001002 -0.000464 0.000075 0.000204 0.000159 0.000154 0.000056 0.000092 -0.000058 -0.000081 -0.000143 -0.000286
