0.010486 0.001154 -0.000127 -0.001073 0.000082 0.004335 0.003421 -0.002383 0.007887 -0.005910 0.018649 0.006350 -0.001026 -0.002262 0.002059 0.007194 0.009890 0.010139 -0.032785 -0.031858 0.011239 0.018741 0.016346 0.000298 0.008732 -0.003073 0.015377 0.012470 -0.003015 0.004131 0.009559 0.016516 0.011134 0.007244 0.007901 0.006935 0.006197 0.004032 0.001417 -0.021961 -0.002630 -0.015108 -0.004579 -0.005138 0.000000 0.000000 0.000000 0.000000 0.000000 0.000000
0.018944 0.020020 0.016973 0.014652 0.011292 0.011513 0.008239 0.008842 0.022694 0.008428 0.024714 0.009054 0.005667 0.030447 0.030689 0.028658 0.028567 0.038841 0.028649 0.033009 0.032255 0.030619 0.027586 0.028789 0.023876 0.023799 0.022724 0.018130 0.015916 0.012706 0.002969 0.004128 0.003501 0.000263 -0.009505 -0.015780 -0.042531 -0.046712 -0.049341 -0.050824 -0.030693 -0.055849 -0.043392 -0.066023 0.000000 0.000000 0.000000 0.000000 0.000000 0.000000
0.021006 0.030257 0.036186 0.035909 0.036599 0.037255 0.038047 0.038984 0.039940 0.041292 0.042262 0.043513 0.044754 0.045763 0.046520 0.047361 0.047425 0.047688 0.046761 0.046156 0.043876 0.040869 0.037069 0.032363 0.026223 0.019562 0.011978 0.002715 -0.005940 -0.015523 -0.025153 -0.034546 -0.044201 -0.052278 -0.061192 -0.069356 -0.077514 -0.085700 -0.094227 -0.104141 -0.112853 -0.127329 -0.113243 -0.109004 0.000000 0.000000 0.000000 0.000000 0.000000 0.000000
0.044851 0.036860 0.049378 0.036618 0.037445 0.037965 0.038876 0.039958 0.040612 0.042373 0.043365 0.044262 0.045685 0.046413 0.047684 0.048009 0.048540 0.048326 0.047390 0.046698 0.045697 0.042048 0.037129 0.034389 0.026323 0.019712 0.013004 0.004494 -0.004084 -0.015269 -0.026719 -0.033373 -0.044919 -0.053076 -0.061540 -0.071781 -0.078546 -0.088604 -0.097128 -0.106952 -0.115430 -0.125654 -0.161086 -0.159972 0.000000 0.000000 0.000000 0.000000 0.000000 0.000000
0.046709 0.056214 0.050213 0.050526 0.051371 0.052368 0.053523 0.054870 0.056401 0.058239 0.059626 0.061576 0.063539 0.065153 0.065961 0.067963 0.067385 0.068832 0.067122 0.067064 0.062844 0.058938 0.054470 0.046581 0.039079 0.029413 0.018174 0.007299 -0.008590 -0.021828 -0.035213 -0.050169 -0.063241 -0.074664 -0.087626 -0.098004 -0.110404 -0.120707 -0.133523 -0.147254 -0.162818 -0.177729 -0.215666 -0.174117 0.000000 0.000000 0.000000 0.000000 0.000000 0.000000
0.041939 0.067042 0.062046 0.062087 0.063255 0.064485 0.066084 0.067871 0.069819 0.072068 0.074278 0.076614 0.078964 0.081147 0.083091 0.084768 0.085762 0.086275 0.085596 0.084147 0.081080 0.076352 0.069783 0.061517 0.050838 0.038612 0.024225 0.011058 -0.008973 -0.026927 -0.045277 -0.062177 -0.079041 -0.094308 -0.109020 -0.122773 -0.135928 -0.149284 -0.163578 -0.180126 -0.200198 -0.225946 -0.252334 -0.377572 0.000000 0.000000 0.000000 0.000000 0.000000 0.000000
0.080855 0.078690 0.074552 0.074457 0.076009 0.077537 0.093082 0.081731 0.096296 0.099553 0.103071 0.106749 0.110499 0.114193 0.117679 0.120775 0.123243 0.124823 0.125181 0.123972 0.120778 0.115209 0.106837 0.095359 0.080469 0.050548 0.032430 0.016542 -0.009930 -0.032420 -0.055499 -0.077067 -0.097591 -0.116160 -0.133727 -0.149423 -0.164465 -0.179243 -0.195002 -0.215041 -0.240803 -0.282181 -0.379663 -0.097713 -0.038634 -0.002295 -0.000901 -0.022591 -0.004394 -0.004948
0.091848 0.086705 0.086017 0.085915 0.087676 0.089565 0.091946 0.094625 0.097668 0.101019 0.104592 0.108357 0.112191 0.115984 0.119556 0.122786 0.125333 0.127064 0.127482 0.126405 0.123236 0.117674 0.109249 0.097672 0.082606 0.064441 0.042417 0.017496 -0.009724 -0.037472 -0.066136 -0.092041 -0.116693 -0.138419 -0.158329 -0.175515 -0.191015 -0.205137 -0.219251 -0.234768 -0.255114 -0.278846 -0.215869 -0.195323 -0.094650 -0.032478 -0.057450 -0.039276 -0.038400 -0.038734
0.075085 0.085808 0.097466 0.097297 0.099376 0.101581 0.104385 0.107554 0.111189 0.115203 0.119546 0.124160 0.128932 0.133743 0.138404 0.142755 0.146456 0.149287 0.150736 0.150470 0.147833 0.142379 0.133454 0.120592 0.103286 0.081873 0.055460 0.023774 -0.008682 -0.042761 -0.078106 -0.109214 -0.138519 -0.163420 -0.185752 -0.203876 -0.219137 -0.231263 -0.240938 -0.248337 -0.252563 -0.253837 -0.236897 -0.168737 -0.114670 -0.084508 -0.070310 -0.064437 -0.071412 -0.048887
0.085789 0.106408 0.107494 0.109651 0.112472 0.115752 0.115895 0.119800 0.124043 0.128769 0.133951 0.139503 0.145334 0.151315 0.157270 0.162994 0.168171 0.172473 0.175402 0.176455 0.174921 0.170125 0.161192 0.147471 0.128078 0.103276 0.072081 0.033991 -0.006297 -0.048001 -0.091791 -0.128772 -0.163532 -0.191677 -0.216533 -0.235373 -0.250352 -0.260623 -0.267240 -0.269514 -0.267098 -0.257883 -0.231344 -0.184515 -0.146405 -0.120571 -0.101339 -0.101726 -0.090360 -0.069998
0.142942 0.109105 0.118489 0.118594 0.121006 0.123802 0.127473 0.131685 0.136613 0.142116 0.148215 0.154817 0.161853 0.169198 0.176686 0.184103 0.191135 0.197408 0.202387 0.205455 0.205767 0.202439 0.194276 0.180322 0.159165 0.130807 0.094044 0.046894 -0.002487 -0.054503 -0.108570 -0.152412 -0.193387 -0.224739 -0.252145 -0.271244 -0.285537 -0.293453 -0.296656 -0.293902 -0.286338 -0.270432 -0.249005 -0.211819 -0.180249 -0.152108 -0.132190 -0.130981 -0.117752 -0.146584
0.089719 0.106080 0.127748 0.127490 0.130575 0.133699 0.137887 0.142649 0.148273 0.154583 0.161643 0.169366 0.177709 0.186563 0.195788 0.205175 0.214428 0.223152 0.230782 0.236615 0.239658 0.238804 0.232469 0.219303 0.197185 0.165537 0.122863 0.066109 0.004236 -0.060683 -0.129456 -0.181116 -0.229964 -0.264408 -0.294502 -0.313414 -0.326857 -0.332403 -0.332614 -0.325875 -0.313965 -0.293956 -0.268985 -0.234775 -0.204058 -0.177153 -0.155414 -0.154237 -0.120791 -0.165036
0.093298 0.135835 0.136845 0.137504 0.139953 0.143452 0.148028 0.153358 0.159695 0.166862 0.174959 0.183908 0.193702 0.204261 0.215490 0.227218 0.239185 0.251020 0.262155 0.271842 0.278950 0.282141 0.279343 0.268600 0.246783 0.212201 0.162673 0.089279 0.013781 -0.072724 -0.157902 -0.218918 -0.275806 -0.312663 -0.344804 -0.362583 -0.374528 -0.377106 -0.374013 -0.363042 -0.347085 -0.322323 -0.294788 -0.258681 -0.227083 -0.197088 -0.173892 -0.172042 -0.156321 -0.128388
0.142192 0.110554 0.144241 0.144166 0.147631 0.151222 0.156357 0.162192 0.169234 0.177214 0.186307 0.196451 0.207684 0.219978 0.233295 0.247518 0.262460 0.277820 0.293083 0.307521 0.319939 0.328822 0.331639 0.325714 0.306789 0.271398 0.215391 0.129171 0.030271 -0.082870 -0.196820 -0.266424 -0.334337 -0.372180 -0.405744 -0.421026 -0.430553 -0.429508 -0.422808 -0.407539 -0.387126 -0.357066 -0.324375 -0.282089 -0.245382 -0.212071 -0.184746 -0.183353 -0.147592 -0.151459
0.115401 0.126196 0.151619 0.152139 0.155726 0.159784 0.165363 0.171807 0.179569 0.188443 0.198637 0.210112 0.222959 0.237205 0.252910 0.270057 0.288584 0.308327 0.328897 0.349712 0.369646 0.387115 0.399243 0.402286 0.390786 0.357199 0.297509 0.170981 0.056854 -0.113284 -0.253330 -0.334457 -0.409711 -0.446435 -0.477971 -0.488845 -0.494331 -0.488781 -0.477971 -0.457947 -0.433046 -0.396514 -0.356716 -0.303505 -0.259959 -0.219899 -0.189362 -0.187529 -0.158748 -0.148426
0.116908 0.120810 0.156826 0.156931 0.159932 0.163897 0.169839 0.176666 0.185013 0.194541 0.205535 0.218033 0.232131 0.247997 0.265788 0.285540 0.307372 0.331329 0.357254 0.384836 0.413287 0.441241 0.465668 0.482173 0.483810 0.458940 0.397779 0.265139 0.098104 -0.144026 -0.345891 -0.424881 -0.509657 -0.538753 -0.564884 -0.568260 -0.567538 -0.556582 -0.541260 -0.517266 -0.488627 -0.444897 -0.396083 -0.323071 -0.267752 -0.220636 -0.185292 -0.183522 -0.140294 -0.140665
0.187312 0.144453 0.162073 0.163627 0.168234 0.173095 0.179517 0.187073 0.196084 0.206543 0.218719 0.232623 0.248455 0.266367 0.286709 0.309734 0.335741 0.365138 0.398125 0.434941 0.475461 0.519018 0.563861 0.604642 0.636273 0.637505 0.599574 0.339941 0.179785 -0.227212 -0.480478 -0.561402 -0.634202 -0.653619 -0.662804 -0.657064 -0.647025 -0.630178 -0.610432 -0.583376 -0.550978 -0.500174 -0.435818 -0.338289 -0.267278 -0.209595 -0.170767 -0.168225 -0.127861 -0.125216
0.173698 0.150191 0.165350 0.158699 0.164080 0.168024 0.174613 0.182393 0.191707 0.202325 0.214491 0.228678 0.244704 0.263338 0.285020 0.309593 0.337906 0.370510 0.408093 0.451469 0.501739 0.559789 0.623848 0.692107 0.755798 0.792638 0.783345 0.633174 0.314933 -0.356452 -0.763038 -0.761776 -0.800239 -0.793040 -0.777211 -0.755335 -0.733632 -0.710474 -0.687629 -0.660431 -0.630027 -0.577347 -0.504072 -0.341844 -0.245474 -0.182781 -0.140795 -0.141354 -0.097478 -0.100855
0.178315 0.152437 0.166081 0.178366 0.182517 0.189025 0.195993 0.204770 0.214816 0.226767 0.240864 0.257080 0.275859 0.297085 0.321585 0.350339 0.383497 0.422661 0.469091 0.524502 0.591388 0.672949 0.773985 0.895812 1.050341 1.231116 1.367188 0.701321 0.527655 -0.614051 -1.137946 -1.049956 -0.974480 -0.956178 -0.882047 -0.855650 -0.818514 -0.791169 -0.765910 -0.742623 -0.718651 -0.680861 -0.577217 -0.346373 -0.204880 -0.139773 -0.102025 -0.091546 -0.052710 -0.044282
0.154668 0.147843 0.153474 0.157861 0.163615 0.162666 0.163814 0.187259 0.198071 0.210793 0.214425 0.229730 0.247545 0.268394 0.292523 0.320994 0.354462 0.394617 0.442727 0.501968 0.576753 0.673245 0.803251 0.957775 1.248123 1.645196 2.200095 2.619547 -0.408646 -2.293249 -2.779568 -1.356931 -1.205803 -1.114980 -1.005290 -0.951328 -0.901229 -0.870480 -0.846094 -0.833750 -0.825301 -0.831211 -1.181067 0.231262 -0.009323 -0.024600 -0.018346 -0.013979 -0.012344 -0.007802
0.000000 0.000000 0.000000 0.000000 0.000000 0.000000 0.000000 0.000000 0.000000 0.000000 0.000000 0.000000 0.000000 0.000000 0.000000 0.000000 0.000000 0.000000 0.000000 0.000000 0.000000 0.000000 0.000000 0.000000 0.000000 0.000000 0.000000 0.000000 0.000000 0.000000 -2.553184 -1.523312 -1.338858 -1.188247 -1.086218 -1.018800 -0.968337 -0.937081 -0.915065 -0.912616 -0.916738 -0.967292 -1.019393 -1.064886 0.000000 0.000000 0.000000 0.000000 0.000000 0.000000
0.000000 0.000000 0.000000 0.000000 0.000000 0.000000 0.000000 0.000000 0.000000 0.000000 0.000000 0.000000 0.000000 0.000000 0.000000 0.000000 0.000000 0.000000 0.000000 0.000000 0.000000 0.000000 0.000000 0.000000 0.000000 0.000000 0.000000 0.000000 0.000000 0.000000 -1.690460 -1.422999 -1.319555 -1.203028 -1.125793 -1.063767 -1.018728 -0.986872 -0.967711 -0.959934 -0.970721 -0.987525 -1.042023 -1.125626 0.000000 0.000000 0.000000 0.000000 0.000000 0.000000
0.000000 0.000000 0.000000 0.000000 0.000000 0.000000 0.000000 0.000000 0.000000 0.000000 0.000000 0.000000 0.000000 0.000000 0.000000 0.000000 0.000000 0.000000 0.000000 0.000000 0.000000 0.000000 0.000000 0.000000 0.000000 0.000000 0.000000 0.000000 0.000000 0.000000 -1.535503 -1.358889 -1.298921 -1.214851 -1.150699 -1.096993 -1.055958 -1.026039 -1.006470 -0.997364 -1.000504 -1.000122 -1.037293 -1.107306 0.000000 0.000000 0.000000 0.000000 0.000000 0.000000
0.000000 0.000000 0.000000 0.000000 0.000000 0.000000 0.000000 0.000000 0.000000 0.000000 0.000000 0.000000 0.000000 0.000000 0.000000 0.000000 0.000000 0.000000 0.000000 0.000000 0.000000 0.000000 0.000000 0.000000 0.000000 0.000000 0.000000 0.000000 0.000000 0.000000 -1.464357 -1.307166 -1.267063 -1.208413 -1.158650 -1.115300 -1.080126 -1.053765 -1.034438 -1.025190 -1.020769 -1.018614 -1.069547 -1.020391 0.000000 0.000000 0.000000 0.000000 0.000000 0.000000
0.000000 0.000000 0.000000 0.000000 0.000000 0.000000 0.000000 0.000000 0.000000 0.000000 0.000000 0.000000 0.000000 0.000000 0.000000 0.000000 0.000000 0.000000 0.000000 0.000000 0.000000 0.000000 0.000000 0.000000 0.000000 0.000000 0.000000 0.000000 0.000000 0.000000 -1.437136 -1.269496 -1.247544 -1.203210 -1.165173 -1.128463 -1.098354 -1.074038 -1.056179 -1.044184 -1.039282 -1.027569 -1.083164 -1.109625 0.000000 0.000000 0.000000 0.000000 0.000000 0.000000
0.000000 0.000000 0.000000 0.000000 0.000000 0.000000 0.000000 0.000000 0.000000 0.000000 0.000000 0.000000 0.000000 0.000000 0.000000 0.000000 0.000000 0.000000 0.000000 0.000000 0.000000 0.000000 0.000000 0.000000 0.000000 0.000000 0.000000 0.000000 0.000000 0.000000 -1.369867 -1.240521 -1.226768 -1.195315 -1.164243 -1.135119 -1.108930 -1.087755 -1.070298 -1.059208 -1.050208 -1.040158 -1.095627 -1.127211 0.000000 0.000000 0.000000 0.000000 0.000000 0.000000
0.000000 0.000000 0.000000 0.000000 0.000000 0.000000 0.000000 0.000000 0.000000 0.000000 0.000000 0.000000 0.000000 0.000000 0.000000 0.000000 0.000000 0.000000 0.000000 0.000000 0.000000 0.000000 0.000000 0.000000 0.000000 0.000000 0.000000 0.000000 0.000000 0.000000 -1.342496 -1.224957 -1.215334 -1.190344 -1.165503 -1.139803 -1.116860 -1.097223 -1.081113 -1.069235 -1.060738 -1.047583 -1.099202 -1.156226 0.000000 0.000000 0.000000 0.000000 0.000000 0.000000
0.000000 0.000000 0.000000 0.000000 0.000000 0.000000 0.000000 0.000000 0.000000 0.000000 0.000000 0.000000 0.000000 0.000000 0.000000 0.000000 0.000000 0.000000 0.000000 0.000000 0.000000 0.000000 0.000000 0.000000 0.000000 0.000000 0.000000 0.000000 0.000000 0.000000 -1.325766 -1.211489 -1.205754 -1.185782 -1.163699 -1.141802 -1.120838 -1.102692 -1.086905 -1.075378 -1.065849 -1.052061 -1.108875 -1.162265 0.000000 0.000000 0.000000 0.000000 0.000000 0.000000
0.000000 0.000000 0.000000 0.000000 0.000000 0.000000 0.000000 0.000000 0.000000 0.000000 0.000000 0.000000 0.000000 0.000000 0.000000 0.000000 0.000000 0.000000 0.000000 0.000000 0.000000 0.000000 0.000000 0.000000 0.000000 0.000000 0.000000 0.000000 0.000000 0.000000 -1.327357 -1.203732 -1.202164 -1.184075 -1.163995 -1.143369 -1.123488 -1.105761 -1.090384 -1.078323 -1.069087 -1.054221 -1.114314 -1.164490 0.000000 0.000000 0.000000 0.000000 0.000000 0.000000
0.000000 0.000000 0.000000 0.000000 0.000000 0.000000 0.000000 0.000000 0.000000 0.000000 0.000000 0.000000 0.000000 0.000000 0.000000 0.000000 0.000000 0.000000 0.000000 0.000000 0.000000 0.000000 0.000000 0.000000 0.000000 0.000000 0.000000 0.000000 0.000000 0.000000 -1.333274 -1.205880 -1.201551 -1.184495 -1.163969 -1.143752 -1.123802 -1.106092 -1.090531 -1.078280 -1.068837 -1.053323 -1.110173 -1.163167 0.000000 0.000000 0.000000 0.000000 0.000000 0.000000
0.000000 0.000000 0.000000 0.000000 0.000000 0.000000 0.000000 0.000000 0.000000 0.000000 0.000000 0.000000 0.000000 0.000000 0.000000 0.000000 0.000000 0.000000 0.000000 0.000000 0.000000 0.000000 0.000000 0.000000 0.000000 0.000000 0.000000 0.000000 0.000000 0.000000 -1.375890 -1.211646 -1.205436 -1.187255 -1.165255 -1.143816 -1.122933 -1.104367 -1.088156 -1.075250 -1.065175 -1.049086 -1.107315 -1.158487 0.000000 0.000000 0.000000 0.000000 0.000000 0.000000
0.000000 0.000000 0.000000 0.000000 0.000000 0.000000 0.000000 0.000000 0.000000 0.000000 0.000000 0.000000 0.000000 0.000000 0.000000 0.000000 0.000000 0.000000 0.000000 0.000000 0.000000 0.000000 0.000000 0.000000 0.000000 0.000000 0.000000 0.000000 0.000000 0.000000 -1.353548 -1.224464 -1.211953 -1.192363 -1.166475 -1.142876 -1.119862 -1.099874 -1.082609 -1.069036 -1.058335 -1.043315 -1.101139 -1.150323 0.000000 0.000000 0.000000 0.000000 0.000000 0.000000
0.000000 0.000000 0.000000 0.000000 0.000000 0.000000 0.000000 0.000000 0.000000 0.000000 0.000000 0.000000 0.000000 0.000000 0.000000 0.000000 0.000000 0.000000 0.000000 0.000000 0.000000 0.000000 0.000000 0.000000 0.000000 0.000000 0.000000 0.000000 0.000000 0.000000 -1.422043 -1.244077 -1.225614 -1.199630 -1.169053 -1.140776 -1.114776 -1.092563 -1.073890 -1.059390 -1.047932 -1.033234 -1.086644 -1.074528 0.000000 0.000000 0.000000 0.000000 0.000000 0.000000
0.000000 0.000000 0.000000 0.000000 0.000000 0.000000 0.000000 0.000000 0.000000 0.000000 0.000000 0.000000 0.000000 0.000000 0.000000 0.000000 0.000000 0.000000 0.000000 0.000000 0.000000 0.000000 0.000000 0.000000 0.000000 0.000000 0.000000 0.000000 0.000000 0.000000 -1.385866 -1.272077 -1.241492 -1.208665 -1.169073 -1.135670 -1.105757 -1.081331 -1.061156 -1.045885 -1.033739 -1.018813 -1.069061 -1.123294 0.000000 0.000000 0.000000 0.000000 0.000000 0.000000
0.000000 0.000000 0.000000 0.000000 0.000000 0.000000 0.000000 0.000000 0.000000 0.000000 0.000000 0.000000 0.000000 0.000000 0.000000 0.000000 0.000000 0.000000 0.000000 0.000000 0.000000 0.000000 0.000000 0.000000 0.000000 0.000000 0.000000 0.000000 0.000000 0.000000 -1.476428 -1.326068 -1.273554 -1.217744 -1.168471 -1.127061 -1.092967 -1.065865 -1.044499 -1.028908 -1.016653 -1.003926 -1.046284 -1.082758 0.000000 0.000000 0.000000 0.000000 0.000000 0.000000
0.000000 0.000000 0.000000 0.000000 0.000000 0.000000 0.000000 0.000000 0.000000 0.000000 0.000000 0.000000 0.000000 0.000000 0.000000 0.000000 0.000000 0.000000 0.000000 0.000000 0.000000 0.000000 0.000000 0.000000 0.000000 0.000000 0.000000 0.000000 0.000000 0.000000 -1.175911 -1.457305 -1.296190 -1.226457 -1.157543 -1.109698 -1.071893 -1.043787 -1.022245 -1.006438 -0.994832 -0.979528 -1.025446 -1.002338 0.000000 0.000000 0.000000 0.000000 0.000000 0.000000
0.000000 0.000000 0.000000 0.000000 0.000000 0.000000 0.000000 0.000000 0.000000 0.000000 0.000000 0.000000 0.000000 0.000000 0.000000 0.000000 0.000000 0.000000 0.000000 0.000000 0.000000 0.000000 0.000000 0.000000 0.000000 0.000000 0.000000 0.000000 0.000000 0.000000 0.903327 -1.578692 -1.314276 -1.218249 -1.136479 -1.082844 -1.043929 -1.015805 -0.994873 -0.979641 -0.968771 -0.952555 -1.003330 -1.036077 0.000000 0.000000 0.000000 0.000000 0.000000 0.000000
0.000000 0.000000 0.000000 0.000000 0.000000 0.000000 0.000000 0.000000 0.000000 0.000000 0.000000 0.000000 0.000000 -0.007303 -0.010396 -0.003767 -0.009434 0.001882 -0.007914 -0.016415 -0.032836 -0.011993 0.004686 -0.022393 0.002551 0.022228 -0.022643 -0.022291 -0.042372 -0.703564 -1.766003 -1.239854 -1.190658 -1.127429 -1.075706 -1.032263 -1.001996 -0.978698 -0.961201 -0.948497 -0.939008 -0.926733 -0.986062 -0.999744 0.000000 0.000000 0.000000 0.000000 0.000000 0.000000
0.000000 0.000000 0.000000 0.000000 0.000000 0.000000 0.000000 0.000000 0.000000 0.000000 0.000000 0.000000 0.000000 -0.038573 -0.053207 -0.047441 -0.057702 -0.059551 -0.064467 -0.066096 -0.071917 -0.076307 -0.079462 -0.087990 -0.093784 -0.142590 -0.134964 -0.175465 -0.316857 -0.672777 -1.113853 -0.994587 -1.011562 -1.005156 -0.987910 -0.968714 -0.950567 -0.935157 -0.922409 -0.912837 -0.905579 -0.894184 -0.967708 -0.912697 0.000000 0.000000 0.000000 0.000000 0.000000 0.000000
0.000000 0.000000 0.000000 0.000000 0.000000 0.000000 0.000000 0.000000 0.000000 0.000000 0.000000 0.000000 0.000000 -0.113490 -0.095610 -0.110520 -0.110996 -0.115325 -0.118086 -0.122649 -0.128137 -0.136088 -0.146863 -0.161439 -0.183297 -0.213516 -0.255830 -0.322680 -0.413773 -0.566222 -0.776275 -0.866856 -0.910400 -0.920858 -0.919002 -0.909998 -0.900077 -0.890373 -0.881798 -0.875220 -0.869984 -0.859548 -0.913332 -0.927537 0.000000 0.000000 0.000000 0.000000 0.000000 0.000000
0.000000 0.000000 0.000000 0.000000 0.000000 0.000000 0.000000 0.000000 0.000000 0.000000 0.000000 0.000000 0.000000 -0.148440 -0.138109 -0.152577 -0.156615 -0.158511 -0.161612 -0.167303 -0.174034 -0.183778 -0.197086 -0.214425 -0.239123 -0.271206 -0.318701 -0.377900 -0.467359 -0.573360 -0.708702 -0.767146 -0.815014 -0.836083 -0.846538 -0.848259 -0.846320 -0.842545 -0.838265 -0.834935 -0.831794 -0.823465 -0.883572 -0.863248 0.000000 0.000000 0.000000 0.000000 0.000000 0.000000
0.000000 0.000000 0.000000 0.000000 0.000000 0.000000 0.000000 0.000000 0.000000 0.000000 0.000000 0.000000 0.000000 -0.151046 -0.181873 -0.198001 -0.198721 -0.205864 -0.209064 -0.216407 -0.224009 -0.235018 -0.249174 -0.267693 -0.292302 -0.324146 -0.365192 -0.418295 -0.484253 -0.562187 -0.652749 -0.709719 -0.752704 -0.777005 -0.790652 -0.796694 -0.798240 -0.798085 -0.796454 -0.795945 -0.794785 -0.789232 -0.846640 -0.835470 0.000000 0.000000 0.000000 0.000000 0.000000 0.000000
0.000000 0.000000 0.000000 0.000000 0.000000 0.000000 0.000000 0.000000 0.000000 0.000000 0.000000 0.000000 0.000000 -0.201672 -0.225440 -0.237289 -0.236643 -0.242741 -0.243977 -0.250749 -0.257800 -0.268409 -0.282233 -0.299815 -0.323318 -0.351868 -0.389789 -0.433383 -0.489913 -0.547459 -0.612619 -0.656143 -0.694132 -0.717807 -0.734358 -0.743256 -0.748646 -0.750977 -0.751955 -0.753568 -0.755159 -0.750887 -0.804799 -0.788146 0.000000 0.000000 0.000000 0.000000 0.000000 0.000000
0.000000 0.000000 0.000000 0.000000 0.000000 0.000000 0.000000 0.000000 0.000000 0.000000 0.000000 0.000000 0.000000 -0.236707 -0.265364 -0.283680 -0.281446 -0.294691 -0.297630 -0.304532 -0.312083 -0.322817 -0.336217 -0.352678 -0.373717 -0.399000 -0.429775 -0.465800 -0.507992 -0.551292 -0.596683 -0.633801 -0.660544 -0.682918 -0.692984 -0.703129 -0.705951 -0.710138 -0.711827 -0.715070 -0.720032 -0.718439 -0.788205 -0.804051 0.000000 0.000000 0.000000 0.000000 0.000000 0.000000
0.000000 0.000000 0.000000 0.000000 0.000000 0.000000 0.000000 0.000000 0.000000 0.000000 0.000000 0.000000 0.000000 -0.303571 -0.305194 -0.313177 -0.307352 -0.325621 -0.318649 -0.323019 -0.328322 -0.336460 -0.347880 -0.361558 -0.379613 -0.400390 -0.425686 -0.454283 -0.488306 -0.520646 -0.556006 -0.582982 -0.608710 -0.626466 -0.639643 -0.650304 -0.657069 -0.661920 -0.662657 -0.667109 -0.673102 -0.674115 -0.736163 -0.736368 0.000000 0.000000 0.000000 0.000000 0.000000 0.000000
0.000000 0.000000 0.000000 0.000000 0.000000 0.000000 0.000000 0.000000 0.000000 0.000000 0.000000 0.000000 0.000000 -0.347886 -0.336554 -0.367901 -0.364609 -0.382052 -0.387615 -0.390498 -0.397940 -0.406276 -0.416675 -0.427682 -0.443261 -0.459933 -0.477872 -0.499660 -0.524655 -0.546832 -0.570564 -0.587588 -0.605730 -0.617558 -0.621207 -0.630601 -0.629282 -0.636758 -0.627092 -0.642726 -0.643701 -0.646397 -0.694676 -0.703483 0.000000 0.000000 0.000000 0.000000 0.000000 0.000000
0.000000 0.000000 0.000000 0.000000 0.000000 0.000000 0.000000 0.000000 0.000000 0.000000 0.000000 0.000000 0.000000 -0.392038 -0.379642 -0.388611 -0.368113 -0.389746 -0.389648 -0.385148 -0.389601 -0.395432 -0.401422 -0.409095 -0.421102 -0.431738 -0.444035 -0.460910 -0.480080 -0.495501 -0.513442 -0.528150 -0.543667 -0.553843 -0.560123 -0.569436 -0.572884 -0.580111 -0.576952 -0.584610 -0.585169 -0.597806 -0.601374 -0.618634 0.000000 0.000000 0.000000 0.000000 0.000000 0.000000
0.000000 0.000000 0.000000 0.000000 0.000000 0.000000 0.000000 0.000000 0.000000 0.000000 0.000000 0.000000 0.000000 -0.384343 -0.410409 -0.403648 -0.405068 -0.391451 -0.390241 -0.395232 -0.400075 -0.406759 -0.414239 -0.423178 -0.433589 -0.445649 -0.460179 -0.474959 -0.491141 -0.507257 -0.523710 -0.538149 -0.551178 -0.561634 -0.571856 -0.577570 -0.584767 -0.585952 -0.591736 -0.596503 -0.590987 -0.604345 -0.544388 -0.542339 0.000000 0.000000 0.000000 0.000000 0.000000 0.000000
0.000000 0.000000 0.000000 0.000000 0.000000 0.000000 0.000000 0.000000 0.000000 0.000000 0.000000 0.000000 0.000000 -0.391356 -0.450340 -0.424681 -0.451600 -0.471072 -0.483625 -0.490135 -0.491254 -0.494762 -0.496191 -0.499999 -0.509481 -0.505681 -0.509073 -0.517641 -0.521826 -0.526853 -0.533066 -0.539115 -0.544588 -0.549013 -0.556443 -0.553492 -0.559298 -0.551318 -0.557061 -0.542593 -0.548796 -0.524515 -0.516440 -0.542284 0.000000 0.000000 0.000000 0.000000 0.000000 0.000000
0.000000 0.000000 0.000000 0.000000 0.000000 0.000000 0.000000 0.000000 0.000000 0.000000 0.000000 0.000000 0.000000 -0.508843 -0.522140 -0.517781 -0.427709 -0.473130 -0.467181 -0.506442 -0.465613 -0.466764 -0.470545 -0.485987 -0.465451 -0.516257 -0.505274 -0.401619 -0.405382 -0.504946 -0.403633 -0.403941 -0.405010 -0.504667 -0.502751 -0.408658 -0.425539 -0.437778 -0.422373 -0.437815 -0.411970 -0.462388 -0.441707 -0.520294 0.000000 0.000000 0.000000 0.000000 0.000000 0.000000
