0.000000 0.000000 0.000000 0.000000 0.000000 0.000000 0.000000 0.000000 0.000000 0.000000 0.000000 0.000000 0.000000 0.000000 0.000000 0.000000 0.000000 0.000000 0.000000 0.000000 0.000000 0.000000 0.000000 0.018150 0.003788 -0.001094 -0.001383 -0.001489 0.004006 0.001395 -0.003684 -0.004978 0.002445 -0.004535 0.002955 -0.012282 -0.008906 -0.001110 -0.005949 -0.003790 -0.002737 0.000000 0.000000 0.000000 0.000000 0.000000 0.000000 0.000000 0.000000 0.000000
0.000000 0.000000 0.000000 0.000000 0.000000 0.000000 0.000000 0.000000 0.000000 0.000000 0.000000 0.000000 0.000000 0.000000 0.000000 0.000000 0.000000 0.000000 0.000000 0.000000 0.000000 0.000000 0.000000 0.022775 0.022582 0.022931 0.020854 0.018283 0.014560 0.012071 0.010643 0.006202 0.004364 0.000787 -0.004048 -0.007482 -0.019738 -0.022378 -0.021792 -0.019548 -0.028603 0.000000 0.000000 0.000000 0.000000 0.000000 0.000000 0.000000 0.000000 0.000000
0.000000 0.000000 0.000000 0.000000 0.000000 0.000000 0.000000 0.000000 0.000000 0.000000 0.000000 0.000000 0.000000 0.000000 0.000000 0.000000 0.000000 0.000000 0.000000 0.000000 0.000000 0.000000 0.000000 0.027855 0.049891 0.044624 0.037639 0.028888 0.024416 0.016625 0.008689 0.000627 -0.007087 -0.014699 -0.021931 -0.028766 -0.034777 -0.040344 -0.045103 -0.040360 -0.045837 0.000000 0.000000 0.000000 0.000000 0.000000 0.000000 0.000000 0.000000 0.000000
0.000000 0.000000 0.000000 0.000000 0.000000 0.000000 0.000000 0.000000 0.000000 0.000000 0.000000 0.000000 0.000000 0.000000 0.000000 0.000000 0.000000 0.000000 0.000000 0.000000 0.000000 0.000000 0.000000 0.074276 0.049333 0.045593 0.054318 0.042923 0.025056 0.016940 0.008806 0.000618 -0.007349 -0.015225 -0.022604 -0.029842 -0.035876 -0.041665 -0.044921 -0.069261 -0.061646 0.000000 0.000000 0.000000 0.000000 0.000000 0.000000 0.000000 0.000000 0.000000
0.000000 0.000000 0.000000 0.000000 0.000000 0.000000 0.000000 0.000000 0.000000 0.000000 0.000000 0.000000 0.000000 0.000000 0.000000 0.000000 0.000000 0.000000 0.000000 0.000000 0.000000 0.000000 0.000000 0.076702 0.070751 0.065136 0.071170 0.056579 0.035604 0.024030 0.012465 0.000781 -0.010534 -0.021650 -0.031992 -0.042043 -0.050628 -0.059125 -0.063314 -0.090973 -0.090433 0.000000 0.000000 0.000000 0.000000 0.000000 0.000000 0.000000 0.000000 0.000000
0.000000 0.000000 0.000000 0.000000 0.000000 0.000000 0.000000 0.000000 0.000000 0.000000 0.000000 0.000000 0.000000 0.000000 0.000000 0.000000 0.000000 0.000000 0.000000 0.000000 0.000000 0.000000 0.000000 0.122894 0.091058 0.083498 0.071387 0.072983 0.044441 0.029669 0.015133 0.000645 -0.013461 -0.027398 -0.040409 -0.053335 -0.064364 -0.075570 -0.081506 -0.117196 -0.119607 0.000000 0.000000 0.000000 0.000000 0.000000 0.000000 0.000000 0.000000 0.000000
0.000000 0.000000 0.000000 0.000000 0.000000 0.000000 0.000000 0.000000 0.000000 0.000000 0.000000 0.000000 0.000000 0.000000 0.000000 0.000000 0.000000 0.000000 0.000000 0.000000 0.000000 0.000000 0.000000 0.161058 0.117875 0.107988 0.091319 0.073463 0.055646 0.036786 0.018485 0.000434 -0.017088 -0.034369 -0.050615 -0.066798 -0.080986 -0.095434 -0.103373 -0.144540 -0.116037 0.000000 0.000000 0.000000 0.000000 0.000000 0.000000 0.000000 0.000000 0.000000
0.000000 0.000000 0.000000 0.000000 0.000000 0.000000 0.000000 0.000000 0.000000 0.000000 0.000000 0.000000 0.000000 0.000000 0.000000 0.000000 0.000000 0.000000 0.000000 0.000000 0.000000 0.000000 0.000000 0.209516 0.147326 0.132215 0.111423 0.087420 0.065361 0.042411 0.020724 -0.000574 -0.021176 -0.041618 -0.061037 -0.080872 -0.098500 -0.117419 -0.128115 -0.180407 -0.188063 0.000000 0.000000 0.000000 0.000000 0.000000 0.000000 0.000000 0.000000 0.000000
0.000000 0.000000 0.000000 0.000000 0.000000 0.000000 0.000000 0.000000 0.000000 0.000000 0.000000 0.000000 0.000000 0.000000 0.000000 0.000000 0.000000 0.000000 0.000000 0.000000 0.000000 0.000000 0.000000 0.211534 0.186949 0.166518 0.136488 0.106030 0.077109 0.049182 0.023352 -0.001603 -0.025580 -0.049375 -0.072246 -0.096066 -0.117851 -0.142047 -0.156808 -0.218367 -0.241727 0.000000 0.000000 0.000000 0.000000 0.000000 0.000000 0.000000 0.000000 0.000000
0.000000 0.000000 0.000000 0.000000 0.000000 0.000000 0.000000 0.000000 0.000000 0.000000 0.000000 0.000000 0.000000 0.000000 0.000000 0.000000 0.000000 0.000000 0.000000 0.000000 0.000000 0.000000 0.000000 0.365627 0.229007 0.197355 0.158822 0.119152 0.084730 0.052458 0.023581 -0.004210 -0.030826 -0.057438 -0.083510 -0.111517 -0.138184 -0.169624 -0.190315 -0.269538 -0.260777 0.000000 0.000000 0.000000 0.000000 0.000000 0.000000 0.000000 0.000000 0.000000
0.000000 0.000000 0.000000 0.000000 0.000000 0.000000 0.000000 0.000000 0.000000 0.000000 0.000000 0.000000 0.000000 0.000000 0.000000 0.000000 0.000000 0.000000 0.000000 0.000000 0.000000 0.000000 0.000000 0.399563 0.297862 0.243995 0.185493 0.136062 0.093997 0.056305 0.023884 -0.006853 -0.036016 -0.065210 -0.094442 -0.126738 -0.159462 -0.199965 -0.231365 -0.328410 -0.321232 0.000000 0.000000 0.000000 0.000000 0.000000 0.000000 0.000000 0.000000 0.000000
0.000000 0.000000 0.000000 0.000000 0.000000 0.000000 0.000000 0.000000 0.000000 0.000000 0.000000 0.000000 0.000000 0.000000 0.000000 0.000000 0.000000 0.000000 0.000000 0.000000 0.000000 0.000000 0.000000 0.512115 0.345590 0.277112 0.197909 0.139814 0.092692 0.053136 0.019613 -0.011884 -0.041930 -0.072114 -0.103219 -0.138411 -0.176696 -0.227516 -0.274938 -0.411785 -0.416517 0.000000 0.000000 0.000000 0.000000 0.000000 0.000000 0.000000 0.000000 0.000000
-0.298681 -0.307868 -0.311564 -0.316304 -0.305015 -0.305405 -0.326258 -0.349848 -0.368849 -0.375049 -0.394551 -0.419944 -0.448297 -0.485211 -0.591646 -0.589309 -0.766894 -0.913071 -1.112033 -1.117946 -1.454219 -1.434025 0.913713 0.532798 0.457532 0.307025 0.211861 0.139480 0.090387 0.048219 0.014441 -0.017289 -0.047317 -0.077441 -0.109528 -0.145717 -0.189239 -0.244605 -0.337030 -0.403910 -0.480590 -0.092976 -0.056937 -0.004873 -0.001247 -0.006433 -0.000500 -0.007831 0.026708 0.046181
-0.314082 -0.318727 -0.289627 -0.290552 -0.339445 -0.347233 -0.314598 -0.300009 -0.345375 -0.325457 -0.342812 -0.387224 -0.445956 -0.489893 -0.542192 -0.587891 -0.710327 -0.850674 -1.060404 -1.090633 -1.392131 -0.715273 -0.656681 0.585764 0.311726 0.235816 0.178441 0.111556 0.071099 0.033912 0.003782 -0.024956 -0.052600 -0.080280 -0.110421 -0.143168 -0.183844 -0.229244 -0.309334 -0.327528 -0.464023 -0.040975 0.002303 -0.006813 0.003457 -0.001723 -0.016798 0.003569 0.027001 -0.001041
-0.307612 -0.289838 -0.303641 -0.318431 -0.322376 -0.328732 -0.337264 -0.347062 -0.359650 -0.375297 -0.393503 -0.415417 -0.442097 -0.474235 -0.513339 -0.562149 -0.623280 -0.700393 -0.795751 -0.888516 -0.928248 -0.760555 -0.291825 0.094769 0.141383 0.121157 0.101316 0.068154 0.040742 0.014835 -0.009728 -0.033493 -0.057116 -0.080979 -0.106768 -0.133314 -0.164456 -0.193785 -0.235879 -0.255152 -0.210685 -0.119640 -0.075760 -0.046950 -0.045292 -0.010930 -0.047299 -0.026689 -0.076582 0.035866
-0.300660 -0.278564 -0.305005 -0.294885 -0.302013 -0.306170 -0.313954 -0.323145 -0.334253 -0.347468 -0.363085 -0.380983 -0.403455 -0.428791 -0.458522 -0.492493 -0.530133 -0.570125 -0.606305 -0.630495 -0.608214 -0.500247 -0.244067 0.004249 0.004622 0.047942 0.037474 0.030134 0.012567 -0.004252 -0.022975 -0.041527 -0.060936 -0.080671 -0.101900 -0.122845 -0.146375 -0.164989 -0.188446 -0.186406 -0.173321 -0.105279 -0.083469 -0.059191 -0.050196 -0.025848 -0.044756 -0.047183 -0.071804 -0.013881
-0.266805 -0.250499 -0.298774 -0.300455 -0.306056 -0.310830 -0.318301 -0.326560 -0.337039 -0.349183 -0.363462 -0.379874 -0.398845 -0.420285 -0.444277 -0.470425 -0.497490 -0.523351 -0.540856 -0.543861 -0.507023 -0.427692 -0.271594 -0.129257 -0.065688 -0.023407 -0.014271 -0.009521 -0.016612 -0.024750 -0.036706 -0.049712 -0.064410 -0.079624 -0.095989 -0.111592 -0.128277 -0.140568 -0.152733 -0.154844 -0.139975 -0.106210 -0.086392 -0.066677 -0.059482 -0.041653 -0.052618 -0.040136 -0.074000 0.002463
-0.285668 -0.248158 -0.292504 -0.291464 -0.296127 -0.299860 -0.306664 -0.313808 -0.322912 -0.333140 -0.345047 -0.358280 -0.373240 -0.389263 -0.406199 -0.422936 -0.438027 -0.448725 -0.450557 -0.438522 -0.402449 -0.338491 -0.247940 -0.137234 -0.104672 -0.057807 -0.047056 -0.034700 -0.036423 -0.039237 -0.046826 -0.055684 -0.066492 -0.077915 -0.090196 -0.101631 -0.113250 -0.120768 -0.126908 -0.122983 -0.120179 -0.097015 -0.087031 -0.068194 -0.063912 -0.048433 -0.053197 -0.039870 -0.079115 -0.011083
-0.306851 -0.266669 -0.286529 -0.287091 -0.290938 -0.294741 -0.300607 -0.306869 -0.314702 -0.323382 -0.333294 -0.344090 -0.355781 -0.367873 -0.379937 -0.390844 -0.399374 -0.402996 -0.398884 -0.383215 -0.351149 -0.302956 -0.239283 -0.171436 -0.130015 -0.091915 -0.073493 -0.059296 -0.054956 -0.053214 -0.056227 -0.061095 -0.068124 -0.076012 -0.084708 -0.092817 -0.100839 -0.105947 -0.109676 -0.107464 -0.102034 -0.087561 -0.080482 -0.070361 -0.065192 -0.056559 -0.057632 -0.041631 -0.080595 0.000991
-0.298557 -0.263560 -0.277698 -0.277443 -0.281263 -0.284382 -0.289455 -0.294664 -0.301124 -0.308106 -0.315904 -0.324115 -0.332652 -0.340948 -0.348527 -0.354301 -0.357297 -0.355410 -0.347277 -0.329814 -0.302616 -0.263119 -0.219647 -0.166117 -0.136606 -0.102775 -0.086233 -0.070932 -0.065028 -0.061166 -0.061609 -0.063873 -0.068174 -0.073380 -0.079289 -0.084840 -0.090119 -0.093223 -0.095177 -0.092636 -0.090025 -0.080078 -0.076278 -0.063019 -0.064757 -0.057710 -0.057211 -0.047673 -0.085692 -0.008640
-0.241915 -0.235233 -0.269684 -0.269526 -0.272580 -0.275332 -0.279447 -0.283747 -0.288930 -0.294439 -0.300421 -0.306512 -0.312533 -0.317987 -0.322410 -0.324890 -0.324701 -0.320239 -0.310828 -0.294323 -0.271277 -0.240402 -0.206751 -0.169181 -0.141320 -0.113366 -0.096232 -0.081369 -0.073222 -0.067503 -0.065535 -0.065531 -0.067465 -0.070422 -0.074120 -0.077709 -0.081101 -0.083027 -0.084017 -0.082117 -0.079415 -0.072733 -0.068976 -0.062570 -0.061672 -0.056881 -0.055373 -0.045600 -0.081195 -0.013284
-0.281358 -0.224232 -0.259974 -0.259919 -0.262207 -0.264415 -0.267669 -0.271034 -0.275010 -0.279124 -0.283434 -0.287607 -0.291434 -0.294470 -0.296290 -0.296165 -0.293549 -0.287290 -0.277127 -0.261564 -0.241748 -0.216191 -0.189980 -0.159857 -0.137275 -0.113955 -0.098409 -0.084542 -0.075930 -0.069582 -0.066360 -0.064990 -0.065336 -0.066709 -0.068794 -0.070952 -0.072981 -0.074059 -0.074433 -0.072906 -0.070995 -0.066484 -0.064778 -0.058161 -0.060916 -0.055139 -0.056141 -0.050101 -0.085117 -0.012210
-0.226592 -0.245700 -0.249786 -0.249618 -0.251601 -0.253468 -0.255979 -0.258542 -0.261450 -0.264363 -0.267262 -0.269864 -0.271957 -0.273168 -0.273138 -0.271310 -0.267286 -0.260273 -0.250181 -0.236078 -0.218939 -0.197977 -0.176336 -0.152735 -0.132801 -0.113101 -0.098450 -0.085589 -0.076578 -0.069735 -0.065554 -0.063095 -0.062262 -0.062465 -0.063383 -0.064550 -0.065638 -0.066240 -0.066135 -0.065037 -0.063246 -0.060333 -0.058014 -0.055296 -0.053730 -0.054104 -0.053608 -0.046417 -0.012620 -0.010763
-0.227455 -0.211279 -0.239510 -0.239367 -0.240693 -0.241982 -0.243755 -0.245535 -0.247485 -0.249327 -0.251005 -0.252275 -0.252934 -0.252677 -0.251203 -0.248098 -0.243067 -0.235586 -0.225646 -0.212693 -0.197536 -0.179663 -0.161420 -0.141773 -0.124631 -0.107858 -0.094476 -0.082762 -0.073978 -0.067150 -0.062532 -0.059549 -0.057993 -0.057454 -0.057627 -0.058122 -0.058687 -0.058940 -0.058846 -0.058000 -0.056829 -0.054814 -0.053669 -0.051551 -0.054058 -0.051587 -0.052264 -0.047147 -0.013314 -0.025251
-0.213435 -0.213035 -0.228634 -0.228460 -0.229417 -0.230314 -0.231483 -0.232598 -0.233729 -0.234667 -0.235330 -0.235517 -0.235048 -0.233674 -0.231157 -0.227191 -0.221564 -0.213943 -0.204346 -0.192478 -0.178928 -0.163492 -0.147652 -0.131034 -0.115826 -0.101152 -0.088836 -0.078027 -0.069509 -0.062779 -0.057963 -0.054670 -0.052717 -0.051766 -0.051527 -0.051678 -0.051968 -0.052119 -0.052027 -0.051471 -0.050583 -0.049173 -0.047853 -0.047620 -0.045829 -0.048979 -0.049687 -0.046808 -0.084537 -0.007907
-0.214308 -0.190882 -0.217485 -0.217385 -0.217925 -0.218480 -0.219109 -0.219631 -0.220058 -0.220223 -0.220039 -0.219337 -0.217961 -0.215711 -0.212399 -0.207802 -0.201769 -0.194092 -0.184801 -0.173762 -0.161407 -0.147687 -0.133614 -0.119064 -0.105448 -0.092385 -0.081062 -0.071085 -0.062992 -0.056543 -0.051783 -0.048497 -0.046477 -0.045439 -0.045083 -0.045148 -0.045376 -0.045567 -0.045571 -0.045309 -0.044704 -0.044004 -0.043181 -0.043116 -0.044576 -0.044934 -0.047438 -0.043867 -0.087409 -0.007744
-0.218467 -0.181810 -0.206337 -0.206188 -0.206449 -0.206656 -0.206827 -0.206839 -0.206669 -0.206188 -0.205307 -0.203887 -0.201795 -0.198872 -0.194970 -0.189929 -0.183641 -0.175982 -0.166985 -0.156612 -0.145171 -0.132723 -0.119929 -0.106862 -0.094396 -0.082465 -0.071890 -0.062576 -0.054852 -0.048681 -0.044105 -0.040989 -0.039124 -0.038235 -0.038055 -0.038291 -0.038709 -0.039130 -0.039383 -0.039470 -0.039161 -0.038883 -0.037920 -0.038642 -0.036868 -0.039770 -0.043837 -0.045087 -0.080634 -0.009068
-0.205782 -0.172576 -0.195231 -0.195013 -0.195042 -0.194892 -0.194670 -0.194240 -0.193569 -0.192550 -0.191097 -0.189097 -0.186435 -0.182987 -0.178635 -0.173264 -0.166796 -0.159160 -0.150389 -0.140496 -0.129710 -0.118139 -0.106241 -0.094169 -0.082521 -0.071387 -0.061390 -0.052533 -0.045158 -0.039349 -0.035148 -0.032491 -0.031110 -0.030731 -0.030922 -0.031538 -0.032225 -0.032929 -0.033397 -0.033763 -0.033572 -0.033796 -0.032877 -0.034602 -0.033593 -0.036370 -0.039113 -0.039617 -0.078624 -0.007385
-0.175680 -0.163258 -0.184115 -0.183942 -0.183684 -0.183270 -0.182709 -0.181911 -0.180822 -0.179361 -0.177444 -0.174979 -0.171868 -0.168012 -0.163318 -0.157699 -0.151101 -0.143483 -0.134876 -0.125318 -0.114979 -0.103986 -0.092670 -0.081215 -0.070059 -0.059331 -0.049647 -0.041038 -0.033861 -0.028283 -0.024427 -0.022259 -0.021543 -0.021768 -0.022790 -0.024029 -0.025382 -0.026628 -0.027607 -0.028470 -0.028792 -0.029734 -0.028948 -0.031242 -0.029936 -0.032195 -0.035072 -0.031425 -0.070238 -0.003476
-0.163980 -0.153860 -0.172928 -0.172707 -0.172351 -0.171779 -0.170961 -0.169869 -0.168444 -0.166624 -0.164336 -0.161502 -0.158038 -0.153865 -0.148906 -0.143096 -0.136394 -0.128774 -0.120264 -0.110907 -0.100834 -0.090169 -0.079164 -0.068009 -0.057046 -0.046433 -0.036838 -0.028217 -0.021109 -0.015831 -0.012618 -0.011506 -0.011988 -0.013632 -0.015348 -0.017506 -0.019251 -0.020952 -0.022106 -0.023195 -0.023323 -0.024429 -0.023975 -0.025789 -0.024274 -0.026684 -0.026253 -0.027878 -0.062660 0.001881
-0.154768 -0.144530 -0.162095 -0.161841 -0.161331 -0.160559 -0.159508 -0.158166 -0.156466 -0.154359 -0.151777 -0.148653 -0.144916 -0.140498 -0.135336 -0.129378 -0.122586 -0.114945 -0.106473 -0.097208 -0.087250 -0.076705 -0.065775 -0.054615 -0.043562 -0.032647 -0.022654 -0.013686 -0.006397 -0.001029 0.001767 0.002096 0.000155 -0.002354 -0.006137 -0.009237 -0.012377 -0.014849 -0.016815 -0.018451 -0.019535 -0.022102 -0.020456 -0.023565 -0.019740 -0.023714 -0.023124 -0.023399 -0.060601 0.004936
-0.147238 -0.135297 -0.151440 -0.151310 -0.150524 -0.149591 -0.148350 -0.146812 -0.144897 -0.142567 -0.139758 -0.136414 -0.132470 -0.127869 -0.122555 -0.116481 -0.109614 -0.101936 -0.093454 -0.084194 -0.074229 -0.063639 -0.052579 -0.041200 -0.029660 -0.018279 -0.007597 0.002111 0.009892 0.015525 0.017512 0.015702 0.011092 0.005155 0.000928 -0.004107 -0.007281 -0.010396 -0.012273 -0.014145 -0.015288 -0.016470 -0.016933 -0.018390 -0.014667 -0.020470 -0.017130 -0.020671 -0.049322 0.034234
-0.186578 -0.138723 -0.141018 -0.140949 -0.139960 -0.138916 -0.137522 -0.135832 -0.133752 -0.131254 -0.128278 -0.124772 -0.120681 -0.115950 -0.110528 -0.104371 -0.097444 -0.089721 -0.081198 -0.071882 -0.061815 -0.051046 -0.039697 -0.027667 -0.015409 -0.003076 0.008766 0.020000 0.028990 0.035927 0.037443 0.034005 0.025914 0.019189 0.009922 0.004175 -0.001284 -0.005021 -0.007902 -0.010061 -0.012224 -0.016087 -0.014921 -0.018628 -0.014903 -0.020841 -0.013009 -0.017222 -0.048139 -0.048908
-0.116130 -0.127181 -0.130645 -0.130436 -0.129559 -0.128478 -0.127009 -0.125220 -0.123029 -0.120417 -0.117328 -0.113716 -0.109529 -0.104718 -0.099232 -0.093027 -0.086062 -0.078303 -0.069730 -0.060325 -0.050114 -0.039079 -0.027179 -0.014457 -0.001310 0.012484 0.025926 0.039557 0.050590 0.060660 0.061442 0.053834 0.038634 0.023432 0.016088 0.006638 0.001980 -0.002588 -0.004972 -0.007818 -0.010401 -0.010615 -0.013947 -0.013236 -0.011218 -0.016958 -0.001501 -0.004540 -0.030709 -0.026681
-0.120443 -0.120345 -0.120720 -0.120557 -0.119567 -0.118411 -0.116867 -0.115004 -0.112740 -0.110057 -0.106902 -0.103233 -0.099002 -0.094159 -0.088654 -0.082440 -0.075470 -0.067700 -0.059090 -0.049607 -0.039224 -0.027823 -0.015339 -0.001839 0.012523 0.028258 0.044110 0.061270 0.075643 0.090995 0.091306 0.077589 0.053766 0.037005 0.018620 0.010591 0.004230 0.000095 -0.002776 -0.005111 -0.005574 -0.008171 -0.006187 -0.010655 -0.004198 -0.017496 -0.001292 -0.010517 -0.037073 -0.010415
-0.100312 -0.109682 -0.110993 -0.110788 -0.109826 -0.108637 -0.107066 -0.105170 -0.102875 -0.100164 -0.096990 -0.093313 -0.089085 -0.084260 -0.078785 -0.072610 -0.065681 -0.057942 -0.049341 -0.039823 -0.029308 -0.017481 -0.004592 0.009760 0.025465 0.043412 0.062135 0.084311 0.103860 0.134981 0.136006 0.117057 0.069416 0.038156 0.026351 0.012574 0.004633 0.000973 -0.001622 -0.003930 -0.005031 -0.007716 -0.006252 -0.012784 0.001855 -0.025008 0.019028 0.033592 0.018233 -0.008432
-0.096376 -0.109505 -0.101528 -0.101323 -0.100378 -0.099189 -0.097615 -0.095717 -0.093427 -0.090729 -0.087580 -0.083941 -0.079767 -0.075009 -0.069617 -0.063536 -0.056707 -0.049064 -0.040555 -0.031092 -0.020386 -0.008477 0.004787 0.019854 0.036807 0.056738 0.078948 0.107253 0.137365 0.181969 0.154851 0.087670 0.047230 -0.000259 -0.000698 -0.010607 0.020836 0.016244 0.016636 0.011091 0.010605 0.010099 -0.022358 0.012726 0.029003 0.015401 0.053387 0.005611 -0.022489 0.000755
-0.090176 -0.092011 -0.092429 -0.092313 -0.091269 -0.090093 -0.088525 -0.086651 -0.084396 -0.081749 -0.078665 -0.075108 -0.071035 -0.066397 -0.061144 -0.055218 -0.048556 -0.041095 -0.032768 -0.023387 -0.012791 -0.000911 0.012494 0.027906 0.045735 0.066882 0.092100 0.124302 0.166104 0.226358 0.224881 0.068517 0.014356 0.004262 0.000253 -0.000050 0.002632 -0.010940 0.003166 0.011280 0.001172 0.002733 0.002465 0.005382 0.002012 -0.007270 -0.006527 -0.005174 -0.001443 -0.002850
-0.093883 -0.083019 -0.083544 -0.083455 -0.082414 -0.081286 -0.079759 -0.077943 -0.075758 -0.073197 -0.070218 -0.066788 -0.062864 -0.058399 -0.053344 -0.047640 -0.041225 -0.034047 -0.026003 -0.016840 -0.006589 0.004965 0.018117 0.033226 0.050824 0.071379 0.096582 0.127028 0.168707 0.219351 0.457175 0.152541 0.000000 0.000000 0.000000 0.000000 0.000000 0.000000 0.000000 0.000000 0.000000 0.000000 0.000000 0.000000 0.000000 0.000000 0.000000 0.000000 0.000000 0.000000
-0.079551 -0.080792 -0.074978 -0.074803 -0.073929 -0.072804 -0.071354 -0.069610 -0.067524 -0.065081 -0.062244 -0.058980 -0.055250 -0.051009 -0.046208 -0.040792 -0.034706 -0.027891 -0.020203 -0.011500 -0.001746 0.009248 0.021774 0.036088 0.052612 0.071547 0.094397 0.120338 0.153899 0.185916 0.279737 0.248300 0.000000 0.000000 0.000000 0.000000 0.000000 0.000000 0.000000 0.000000 0.000000 0.000000 0.000000 0.000000 0.000000 0.000000 0.000000 0.000000 0.000000 0.000000
-0.086536 -0.073024 -0.066625 -0.066516 -0.065642 -0.064583 -0.063217 -0.061576 -0.059618 -0.057326 -0.054668 -0.051613 -0.048123 -0.044159 -0.039673 -0.034614 -0.028940 -0.022580 -0.015371 -0.007279 0.001786 0.011986 0.023571 0.036624 0.051528 0.068239 0.087811 0.108933 0.134172 0.155991 0.216070 0.198519 0.000000 0.000000 0.000000 0.000000 0.000000 0.000000 0.000000 0.000000 0.000000 0.000000 0.000000 0.000000 0.000000 0.000000 0.000000 0.000000 0.000000 0.000000
-0.054689 -0.066710 -0.058573 -0.058517 -0.057670 -0.056708 -0.055441 -0.053924 -0.052116 -0.050001 -0.047552 -0.044737 -0.041526 -0.037879 -0.033756 -0.029108 -0.023907 -0.018065 -0.011446 -0.004068 0.004186 0.013432 0.023869 0.035435 0.048480 0.062701 0.078936 0.095358 0.114356 0.128012 0.151653 0.169018 0.000000 0.000000 0.000000 0.000000 0.000000 0.000000 0.000000 0.000000 0.000000 0.000000 0.000000 0.000000 0.000000 0.000000 0.000000 0.000000 0.000000 0.000000
-0.047375 -0.056633 -0.050604 -0.050507 -0.049828 -0.048929 -0.047801 -0.046427 -0.044801 -0.042893 -0.040688 -0.038155 -0.035267 -0.031991 -0.028289 -0.024120 -0.019466 -0.014224 -0.008329 -0.001765 0.005548 0.013707 0.022825 0.032805 0.043909 0.055754 0.068935 0.081726 0.096000 0.105246 0.119793 0.115939 0.000000 0.000000 0.000000 0.000000 0.000000 0.000000 0.000000 0.000000 0.000000 0.000000 0.000000 0.000000 0.000000 0.000000 0.000000 0.000000 0.000000 0.000000
-0.040114 -0.048470 -0.043093 -0.043024 -0.042444 -0.041631 -0.040629 -0.039408 -0.037969 -0.036296 -0.034349 -0.032119 -0.029574 -0.026691 -0.023432 -0.019764 -0.015684 -0.011062 -0.005927 -0.000195 0.006145 0.013193 0.020971 0.029396 0.038634 0.048274 0.058727 0.068565 0.079065 0.085296 0.096830 0.092932 0.000000 0.000000 0.000000 0.000000 0.000000 0.000000 0.000000 0.000000 0.000000 0.000000 0.000000 0.000000 0.000000 0.000000 0.000000 0.000000 0.000000 0.000000
-0.033113 -0.040702 -0.035326 -0.035365 -0.034833 -0.034130 -0.033292 -0.032244 -0.031033 -0.029595 -0.027948 -0.026058 -0.023904 -0.021478 -0.018733 -0.015642 -0.012219 -0.008336 -0.004068 0.000697 0.005950 0.011778 0.018132 0.024971 0.032381 0.039975 0.048145 0.055519 0.063414 0.067376 0.075941 0.091656 0.000000 0.000000 0.000000 0.000000 0.000000 0.000000 0.000000 0.000000 0.000000 0.000000 0.000000 0.000000 0.000000 0.000000 0.000000 0.000000 0.000000 0.000000
-0.029661 -0.031526 -0.028365 -0.028512 -0.028003 -0.027460 -0.026708 -0.025862 -0.024836 -0.023752 -0.022375 -0.020830 -0.019062 -0.017078 -0.014805 -0.012252 -0.009469 -0.006202 -0.002806 0.001168 0.005390 0.010120 0.015223 0.020663 0.026517 0.032363 0.038605 0.044147 0.049998 0.052815 0.059617 0.054250 0.000000 0.000000 0.000000 0.000000 0.000000 0.000000 0.000000 0.000000 0.000000 0.000000 0.000000 0.000000 0.000000 0.000000 0.000000 0.000000 0.000000 0.000000
-0.021533 -0.025271 -0.027824 -0.020679 -0.020634 -0.019968 -0.019465 -0.018768 -0.018039 -0.017080 -0.016087 -0.014918 -0.013573 -0.012134 -0.010468 -0.008573 -0.006485 -0.004133 -0.001687 0.001095 0.004176 0.007633 0.011267 0.015197 0.019334 0.023552 0.027972 0.031872 0.035600 0.036488 0.050600 0.045284 0.000000 0.000000 0.000000 0.000000 0.000000 0.000000 0.000000 0.000000 0.000000 0.000000 0.000000 0.000000 0.000000 0.000000 0.000000 0.000000 0.000000 0.000000
-0.014359 -0.016433 -0.020292 -0.019485 -0.020052 -0.019388 -0.018845 -0.018175 -0.017452 -0.016599 -0.015617 -0.014503 -0.013229 -0.011812 -0.010190 -0.008364 -0.006388 -0.004076 -0.001645 0.001119 0.004121 0.007425 0.010965 0.014756 0.018798 0.022839 0.027068 0.030843 0.034602 0.037900 0.029172 0.030350 0.000000 0.000000 0.000000 0.000000 0.000000 0.000000 0.000000 0.000000 0.000000 0.000000 0.000000 0.000000 0.000000 0.000000 0.000000 0.000000 0.000000 0.000000
-0.007703 -0.008394 -0.007028 -0.011371 -0.010681 -0.005954 -0.005206 -0.004535 -0.003781 -0.002836 -0.002160 -0.001207 -0.000959 -0.011089 -0.010721 -0.010152 -0.008579 -0.008130 -0.007387 -0.006240 -0.004561 -0.003178 -0.001744 -0.000037 0.001915 0.005871 0.008471 0.009859 0.010993 0.014776 0.016394 0.016646 0.000000 0.000000 0.000000 0.000000 0.000000 0.000000 0.000000 0.000000 0.000000 0.000000 0.000000 0.000000 0.000000 0.000000 0.000000 0.000000 0.000000 0.000000
-0.001625 -0.000014 -0.001456 -0.001882 -0.001682 -0.001894 -0.001780 -0.002051 -0.002250 -0.002129 -0.002249 -0.001992 0.007964 -0.002784 0.002962 0.003693 -0.004606 -0.002842 -0.003651 -0.002683 0.021196 0.018214 0.001545 -0.002029 0.005855 -0.001136 0.008359 0.006796 0.007030 0.005586 -0.001845 0.001802 0.000000 0.000000 0.000000 0.000000 0.000000 0.000000 0.000000 0.000000 0.000000 0.000000 0.000000 0.000000 0.000000 0.000000 0.000000 0.000000 0.000000 0.000000
