0.000000 0.000000 0.000000 0.000000 0.000000 0.000000 0.000000 0.000000 0.000000 0.000000 0.000000 0.000000 0.000000 0.000000 0.000000 0.000000 0.000000 0.000000 0.000000 0.000000 0.000000 0.000000 0.000000 -0.006850 -0.029520 -0.046840 -0.059580 -0.072400 -0.064447 -0.064063 -0.069873 -0.091674 -0.078215 -0.085556 -0.076660 -0.063486 -0.052563 -0.043718 -0.032201 -0.015775 -0.011413 0.000000 0.000000 0.000000 0.000000 0.000000 0.000000 0.000000 0.000000 0.000000
0.000000 0.000000 0.000000 0.000000 0.000000 0.000000 0.000000 0.000000 0.000000 0.000000 0.000000 0.000000 0.000000 0.000000 0.000000 0.000000 0.000000 0.000000 0.000000 0.000000 0.000000 0.000000 0.000000 -0.003213 -0.035729 -0.049581 -0.066567 -0.079845 -0.089790 -0.096615 -0.102536 -0.101450 -0.101774 -0.096357 -0.086866 -0.074935 -0.069846 -0.057472 -0.040873 -0.031524 -0.002113 0.000000 0.000000 0.000000 0.000000 0.000000 0.000000 0.000000 0.000000 0.000000
0.000000 0.000000 0.000000 0.000000 0.000000 0.000000 0.000000 0.000000 0.000000 0.000000 0.000000 0.000000 0.000000 0.000000 0.000000 0.000000 0.000000 0.000000 0.000000 0.000000 0.000000 0.000000 0.000000 -0.002377 -0.028127 -0.046908 -0.061762 -0.073582 -0.085997 -0.093411 -0.097910 -0.099458 -0.098287 -0.094177 -0.087551 -0.078137 -0.066524 -0.053111 -0.037044 -0.020783 -0.003153 0.000000 0.000000 0.000000 0.000000 0.000000 0.000000 0.000000 0.000000 0.000000
0.000000 0.000000 0.000000 0.000000 0.000000 0.000000 0.000000 0.000000 0.000000 0.000000 0.000000 0.000000 0.000000 0.000000 0.000000 0.000000 0.000000 0.000000 0.000000 0.000000 0.000000 0.000000 0.000000 -0.012656 -0.032127 -0.047157 -0.069342 -0.083015 -0.086515 -0.093885 -0.098348 -0.099891 -0.098868 -0.094591 -0.088069 -0.078222 -0.067247 -0.051853 -0.040803 -0.020192 -0.009792 0.000000 0.000000 0.000000 0.000000 0.000000 0.000000 0.000000 0.000000 0.000000
0.000000 0.000000 0.000000 0.000000 0.000000 0.000000 0.000000 0.000000 0.000000 0.000000 0.000000 0.000000 0.000000 0.000000 0.000000 0.000000 0.000000 0.000000 0.000000 0.000000 0.000000 0.000000 0.000000 -0.002377 -0.034851 -0.053349 -0.079892 -0.094539 -0.096513 -0.104376 -0.109079 -0.110573 -0.109187 -0.104509 -0.097387 -0.086693 -0.074680 -0.057584 -0.043624 -0.022285 -0.002410 0.000000 0.000000 0.000000 0.000000 0.000000 0.000000 0.000000 0.000000 0.000000
0.000000 0.000000 0.000000 0.000000 0.000000 0.000000 0.000000 0.000000 0.000000 0.000000 0.000000 0.000000 0.000000 0.000000 0.000000 0.000000 0.000000 0.000000 0.000000 0.000000 0.000000 0.000000 0.000000 -0.004121 -0.040743 -0.061757 -0.080441 -0.110553 -0.108989 -0.117031 -0.121712 -0.122982 -0.121335 -0.116189 -0.108649 -0.096947 -0.084315 -0.065171 -0.051012 -0.025533 -0.008329 0.000000 0.000000 0.000000 0.000000 0.000000 0.000000 0.000000 0.000000 0.000000
0.000000 0.000000 0.000000 0.000000 0.000000 0.000000 0.000000 0.000000 0.000000 0.000000 0.000000 0.000000 0.000000 0.000000 0.000000 0.000000 0.000000 0.000000 0.000000 0.000000 0.000000 0.000000 0.000000 -0.003520 -0.049056 -0.073587 -0.093476 -0.111542 -0.125273 -0.133627 -0.138199 -0.139242 -0.137236 -0.131590 -0.123537 -0.110752 -0.097039 -0.075310 -0.058852 -0.030105 -0.007430 0.000000 0.000000 0.000000 0.000000 0.000000 0.000000 0.000000 0.000000 0.000000
0.000000 0.000000 0.000000 0.000000 0.000000 0.000000 0.000000 0.000000 0.000000 0.000000 0.000000 0.000000 0.000000 0.000000 0.000000 0.000000 0.000000 0.000000 0.000000 0.000000 0.000000 0.000000 0.000000 0.002336 -0.059866 -0.089841 -0.113231 -0.131065 -0.146095 -0.154077 -0.158135 -0.158588 -0.156075 -0.149808 -0.141344 -0.127518 -0.113056 -0.088728 -0.071084 -0.038779 -0.003143 0.000000 0.000000 0.000000 0.000000 0.000000 0.000000 0.000000 0.000000 0.000000
0.000000 0.000000 0.000000 0.000000 0.000000 0.000000 0.000000 0.000000 0.000000 0.000000 0.000000 0.000000 0.000000 0.000000 0.000000 0.000000 0.000000 0.000000 0.000000 0.000000 0.000000 0.000000 0.000000 -0.000046 -0.078928 -0.110210 -0.136495 -0.156552 -0.170529 -0.178066 -0.181221 -0.181126 -0.178158 -0.171525 -0.163049 -0.148482 -0.133702 -0.106313 -0.086362 -0.049564 -0.005063 0.000000 0.000000 0.000000 0.000000 0.000000 0.000000 0.000000 0.000000 0.000000
0.000000 0.000000 0.000000 0.000000 0.000000 0.000000 0.000000 0.000000 0.000000 0.000000 0.000000 0.000000 0.000000 0.000000 0.000000 0.000000 0.000000 0.000000 0.000000 0.000000 0.000000 0.000000 0.000000 0.007586 -0.102022 -0.141707 -0.172768 -0.190392 -0.202366 -0.207623 -0.208949 -0.207458 -0.203662 -0.196545 -0.188306 -0.173479 -0.159201 -0.129505 -0.108168 -0.069570 -0.020369 0.000000 0.000000 0.000000 0.000000 0.000000 0.000000 0.000000 0.000000 0.000000
0.000000 0.000000 0.000000 0.000000 0.000000 0.000000 0.000000 0.000000 0.000000 0.000000 0.000000 0.000000 0.000000 0.000000 0.000000 0.000000 0.000000 0.000000 0.000000 0.000000 0.000000 0.000000 0.000000 -0.019524 -0.153038 -0.189143 -0.212724 -0.229728 -0.236171 -0.239017 -0.237925 -0.235436 -0.231181 -0.224308 -0.217414 -0.203531 -0.192144 -0.161046 -0.141076 -0.103198 -0.025796 0.000000 0.000000 0.000000 0.000000 0.000000 0.000000 0.000000 0.000000 0.000000
0.000000 0.000000 0.000000 0.000000 0.000000 0.000000 0.000000 0.000000 0.000000 0.000000 0.000000 0.000000 0.000000 0.000000 0.000000 0.000000 0.000000 0.000000 0.000000 0.000000 0.000000 0.000000 0.000000 -0.027649 -0.216121 -0.254025 -0.278673 -0.281341 -0.280827 -0.277711 -0.272194 -0.267203 -0.261786 -0.255106 -0.250118 -0.238741 -0.232983 -0.205973 -0.196111 -0.172513 -0.001202 0.000000 0.000000 0.000000 0.000000 0.000000 0.000000 0.000000 0.000000 0.000000
-0.001034 -0.005056 0.002278 0.002400 -0.004227 0.000157 -0.007089 -0.006239 -0.001106 -0.000925 -0.001977 -0.003886 -0.016981 -0.020762 -0.042908 -0.035312 -0.082343 -0.126580 -0.200605 -0.200992 -0.472758 -1.692323 -1.636478 -0.704797 -0.400446 -0.351342 -0.347550 -0.333439 -0.320906 -0.312225 -0.303131 -0.296777 -0.291242 -0.285863 -0.284026 -0.277011 -0.280729 -0.263377 -0.284275 -0.405153 -0.544627 -0.774381 -0.700704 -0.648144 -0.625568 -0.590277 -0.583153 -0.520332 -0.495010 -0.548344
-0.005309 0.003397 -0.003583 -0.002137 0.006150 0.006768 -0.013970 0.003329 -0.010196 -0.015073 -0.003834 -0.022911 -0.027045 -0.033105 -0.047296 -0.050799 -0.098127 -0.158712 -0.278251 -0.320892 -0.519921 -1.633523 -2.346121 -0.795570 -0.655905 -0.504659 -0.446394 -0.402720 -0.372232 -0.354053 -0.338032 -0.328665 -0.321846 -0.317780 -0.318722 -0.319453 -0.332068 -0.343329 -0.386195 -0.467806 -0.837333 -0.725825 -0.657082 -0.672953 -0.576292 -0.610877 -0.506713 -0.513488 -0.546009 -0.506509
-0.001082 0.008511 -0.010177 -0.011744 -0.008899 -0.013965 -0.014575 -0.018946 -0.022585 -0.027775 -0.034198 -0.040667 -0.049776 -0.063058 -0.080427 -0.105059 -0.140715 -0.196653 -0.286553 -0.430181 -0.671367 -1.015884 -1.196231 -0.907746 -0.638438 -0.589555 -0.475202 -0.440768 -0.398027 -0.379889 -0.362120 -0.352924 -0.346687 -0.344214 -0.347037 -0.351889 -0.368288 -0.387138 -0.436061 -0.504708 -0.590829 -0.618189 -0.573821 -0.565260 -0.529048 -0.529479 -0.505816 -0.520136 -0.483202 -0.396513
0.009415 0.021197 -0.012983 -0.009708 -0.014809 -0.019691 -0.023919 -0.029951 -0.035659 -0.043325 -0.052130 -0.063024 -0.076603 -0.094089 -0.117055 -0.147807 -0.190147 -0.250521 -0.334865 -0.460771 -0.624062 -0.802728 -0.893863 -0.791534 -0.656414 -0.577464 -0.501728 -0.462416 -0.425666 -0.404513 -0.386004 -0.376010 -0.369608 -0.367716 -0.371067 -0.377752 -0.393000 -0.413104 -0.446631 -0.495755 -0.544661 -0.567290 -0.559409 -0.553955 -0.534427 -0.540668 -0.497811 -0.523674 -0.530115 -0.525067
0.015813 0.012784 -0.016107 -0.014289 -0.020699 -0.026813 -0.032250 -0.040110 -0.047922 -0.057806 -0.069140 -0.082811 -0.099594 -0.120701 -0.147476 -0.181668 -0.226261 -0.283771 -0.357360 -0.449849 -0.558466 -0.659255 -0.727335 -0.663686 -0.593431 -0.555312 -0.493210 -0.465375 -0.432228 -0.415179 -0.399297 -0.391053 -0.385989 -0.385300 -0.389191 -0.396639 -0.410846 -0.429031 -0.456343 -0.489409 -0.524544 -0.540075 -0.532130 -0.543144 -0.523395 -0.533869 -0.491003 -0.511990 -0.514285 -0.363758
0.015391 0.009521 -0.017599 -0.017052 -0.024879 -0.031995 -0.039611 -0.048559 -0.058094 -0.069501 -0.082520 -0.098036 -0.116565 -0.138984 -0.166545 -0.200175 -0.242057 -0.292978 -0.354533 -0.425774 -0.501256 -0.566844 -0.607729 -0.591212 -0.558009 -0.524889 -0.488141 -0.464613 -0.439708 -0.424434 -0.411063 -0.403710 -0.399518 -0.399330 -0.403095 -0.410120 -0.421863 -0.436950 -0.456012 -0.479309 -0.501490 -0.519577 -0.522738 -0.528921 -0.512833 -0.531358 -0.490596 -0.504870 -0.554213 -0.522246
-0.035531 0.010053 -0.020457 -0.020388 -0.029056 -0.037370 -0.046167 -0.056320 -0.067216 -0.079903 -0.094255 -0.110997 -0.130586 -0.153691 -0.181210 -0.213608 -0.252267 -0.296658 -0.347769 -0.401911 -0.457960 -0.501632 -0.534925 -0.529207 -0.511024 -0.495225 -0.470186 -0.454474 -0.436355 -0.425530 -0.415811 -0.410718 -0.408192 -0.409004 -0.412968 -0.419749 -0.429915 -0.442613 -0.457637 -0.474068 -0.488034 -0.504930 -0.502787 -0.522487 -0.506109 -0.526916 -0.492219 -0.492812 -0.533935 -0.529216
-0.041121 0.006305 -0.022564 -0.022959 -0.032484 -0.041634 -0.051708 -0.062640 -0.074591 -0.088079 -0.103212 -0.120505 -0.140323 -0.163108 -0.189480 -0.219580 -0.254210 -0.292502 -0.334807 -0.377847 -0.420201 -0.453849 -0.478334 -0.483133 -0.478350 -0.469637 -0.455866 -0.445552 -0.433395 -0.425647 -0.418954 -0.415602 -0.414411 -0.415919 -0.419932 -0.426252 -0.434946 -0.445750 -0.457451 -0.471592 -0.481907 -0.496706 -0.497554 -0.515412 -0.503531 -0.528716 -0.495073 -0.489084 -0.562042 -0.521304
0.014153 0.007711 -0.024970 -0.025662 -0.035951 -0.045530 -0.056412 -0.067967 -0.080638 -0.094667 -0.110250 -0.127733 -0.147411 -0.169566 -0.194579 -0.222413 -0.253447 -0.286711 -0.322280 -0.357216 -0.391155 -0.417851 -0.438949 -0.446799 -0.447474 -0.445749 -0.438570 -0.433356 -0.426217 -0.422046 -0.418510 -0.417287 -0.417692 -0.420130 -0.424436 -0.430559 -0.438265 -0.447650 -0.457042 -0.468726 -0.475385 -0.489378 -0.485018 -0.507214 -0.484541 -0.525055 -0.483445 -0.479219 -0.549065 -0.373866
-0.034953 0.002218 -0.026505 -0.026835 -0.038247 -0.048470 -0.060092 -0.072105 -0.085265 -0.099556 -0.115273 -0.132606 -0.151790 -0.172979 -0.196385 -0.221879 -0.249577 -0.278634 -0.308897 -0.338232 -0.366160 -0.389086 -0.407400 -0.417911 -0.423110 -0.425237 -0.423777 -0.422329 -0.419250 -0.417886 -0.416945 -0.417528 -0.419310 -0.422580 -0.427211 -0.433218 -0.440243 -0.448654 -0.456535 -0.467033 -0.472214 -0.485958 -0.483504 -0.506002 -0.491602 -0.524290 -0.487730 -0.475652 -0.564938 -0.521128
-0.004197 -0.026786 -0.028124 -0.028750 -0.040423 -0.050973 -0.063011 -0.075295 -0.088717 -0.103083 -0.118726 -0.135730 -0.154273 -0.174427 -0.196286 -0.219688 -0.244593 -0.270302 -0.296569 -0.321829 -0.345756 -0.365927 -0.382756 -0.394226 -0.401724 -0.406969 -0.409141 -0.410882 -0.411153 -0.412426 -0.414014 -0.416697 -0.419858 -0.424067 -0.429218 -0.435478 -0.442192 -0.450506 -0.457100 -0.467274 -0.470705 -0.482534 -0.479688 -0.491047 -0.475084 -0.517087 -0.473881 -0.472722 -0.557099 -0.373965
0.000060 0.004980 -0.029306 -0.030171 -0.042075 -0.052835 -0.065153 -0.077568 -0.091080 -0.105363 -0.120770 -0.137299 -0.155095 -0.174164 -0.194533 -0.216033 -0.238547 -0.261529 -0.284698 -0.306977 -0.328034 -0.346420 -0.362208 -0.374433 -0.383713 -0.391105 -0.396126 -0.399994 -0.403333 -0.406803 -0.410270 -0.414233 -0.418657 -0.423695 -0.429272 -0.435488 -0.441923 -0.449260 -0.455414 -0.464300 -0.467410 -0.480453 -0.476034 -0.500145 -0.483403 -0.520770 -0.483164 -0.471297 -0.555452 -0.490293
0.014123 -0.024032 -0.030001 -0.030429 -0.043023 -0.054025 -0.066555 -0.079020 -0.092504 -0.106602 -0.121672 -0.137659 -0.154678 -0.172700 -0.191713 -0.211557 -0.232086 -0.252881 -0.273673 -0.293714 -0.312725 -0.329778 -0.344882 -0.357473 -0.367876 -0.376883 -0.383997 -0.389965 -0.395520 -0.400946 -0.406235 -0.411697 -0.417323 -0.423222 -0.429336 -0.435788 -0.442170 -0.449252 -0.454945 -0.463317 -0.465760 -0.478175 -0.472241 -0.494266 -0.473844 -0.517333 -0.475473 -0.475739 -0.569046 -0.371550
-0.004574 -0.001752 -0.030666 -0.031333 -0.043919 -0.054893 -0.067429 -0.079808 -0.093145 -0.106961 -0.121619 -0.137017 -0.153253 -0.170275 -0.188053 -0.206442 -0.225299 -0.244307 -0.263228 -0.281553 -0.299043 -0.315130 -0.329756 -0.342628 -0.353902 -0.364147 -0.372944 -0.380654 -0.388066 -0.395221 -0.402140 -0.408990 -0.415754 -0.422503 -0.429179 -0.435924 -0.442357 -0.449315 -0.454763 -0.462862 -0.465123 -0.477605 -0.472206 -0.496188 -0.478353 -0.518691 -0.482066 -0.478491 -0.567752 -0.368511
0.015784 -0.002422 -0.030882 -0.031624 -0.044105 -0.055196 -0.067698 -0.079963 -0.093091 -0.106580 -0.120785 -0.135580 -0.151052 -0.167139 -0.183805 -0.200926 -0.218373 -0.235909 -0.253338 -0.270314 -0.286646 -0.301983 -0.316260 -0.329316 -0.341243 -0.352486 -0.362649 -0.371885 -0.380953 -0.389726 -0.398193 -0.406392 -0.414264 -0.421825 -0.429040 -0.436076 -0.442584 -0.449444 -0.454685 -0.462455 -0.464459 -0.476398 -0.470656 -0.493155 -0.473308 -0.517703 -0.478189 -0.478785 -0.558159 -0.362995
0.015370 -0.002969 -0.031053 -0.032016 -0.044375 -0.055256 -0.067603 -0.079643 -0.092489 -0.105597 -0.119317 -0.133504 -0.148237 -0.163450 -0.179109 -0.195111 -0.211348 -0.227646 -0.243851 -0.259732 -0.275147 -0.289884 -0.303892 -0.317095 -0.329555 -0.341646 -0.352673 -0.363590 -0.374177 -0.384486 -0.394456 -0.404010 -0.412996 -0.421426 -0.429228 -0.436571 -0.443192 -0.449988 -0.455104 -0.462645 -0.464542 -0.476215 -0.470134 -0.492257 -0.471541 -0.511244 -0.473264 -0.487888 -0.559417 -0.357316
0.001515 -0.003456 -0.030773 -0.031355 -0.043973 -0.054814 -0.067039 -0.078857 -0.091397 -0.104106 -0.117331 -0.130917 -0.144942 -0.159339 -0.174081 -0.189084 -0.204264 -0.219496 -0.234666 -0.249626 -0.264279 -0.278505 -0.292282 -0.305590 -0.318492 -0.331327 -0.343446 -0.355671 -0.367794 -0.379740 -0.391348 -0.402351 -0.412493 -0.421625 -0.429839 -0.437374 -0.443972 -0.450616 -0.455523 -0.462634 -0.464482 -0.475135 -0.469938 -0.489948 -0.471760 -0.510184 -0.474365 -0.488399 -0.551168 -0.353051
-0.014161 -0.003846 -0.030609 -0.031368 -0.043700 -0.054279 -0.066241 -0.077755 -0.089938 -0.102218 -0.114935 -0.127928 -0.141270 -0.154899 -0.168795 -0.182892 -0.197127 -0.211414 -0.225676 -0.239823 -0.253802 -0.267560 -0.281107 -0.294469 -0.307729 -0.321199 -0.334323 -0.347849 -0.361502 -0.375128 -0.388458 -0.401099 -0.412456 -0.422630 -0.431466 -0.439159 -0.445794 -0.452218 -0.456954 -0.463826 -0.465521 -0.476131 -0.469608 -0.490631 -0.469006 -0.509518 -0.466869 -0.489329 -0.544996 -0.348989
0.001266 -0.004195 -0.030189 -0.030947 -0.043046 -0.053427 -0.065130 -0.076341 -0.088154 -0.100000 -0.112210 -0.124620 -0.137305 -0.150206 -0.163310 -0.176568 -0.189936 -0.203358 -0.216788 -0.230182 -0.243523 -0.256812 -0.270095 -0.283441 -0.296967 -0.311065 -0.325237 -0.340151 -0.355578 -0.371299 -0.386997 -0.401639 -0.414521 -0.424910 -0.433681 -0.441276 -0.447430 -0.453482 -0.457781 -0.463852 -0.465532 -0.473320 -0.469371 -0.485683 -0.467533 -0.502720 -0.463460 -0.485876 -0.552916 -0.361706
-0.002732 -0.004476 -0.029744 -0.030531 -0.042423 -0.052467 -0.063854 -0.074718 -0.086134 -0.097532 -0.109231 -0.121068 -0.133116 -0.145319 -0.157672 -0.170138 -0.182688 -0.195291 -0.207925 -0.220582 -0.233273 -0.246048 -0.258963 -0.272178 -0.285878 -0.300415 -0.315478 -0.331679 -0.348890 -0.366988 -0.385292 -0.402636 -0.416840 -0.428840 -0.438279 -0.445359 -0.451417 -0.456708 -0.460597 -0.466445 -0.467483 -0.476876 -0.470050 -0.486461 -0.465736 -0.497885 -0.462132 -0.484337 -0.533596 -0.504601
0.002974 -0.003857 -0.029081 -0.029663 -0.041338 -0.051268 -0.062361 -0.072895 -0.083915 -0.094866 -0.106059 -0.117334 -0.128762 -0.140291 -0.151920 -0.163623 -0.175383 -0.187186 -0.199030 -0.210931 -0.222926 -0.235091 -0.247535 -0.260537 -0.274234 -0.289099 -0.304932 -0.322711 -0.342253 -0.363759 -0.386794 -0.407892 -0.424909 -0.435074 -0.442969 -0.449468 -0.453758 -0.458551 -0.461559 -0.466054 -0.467311 -0.470280 -0.469084 -0.477070 -0.465132 -0.487862 -0.460787 -0.489614 -0.532510 -0.413521
0.005053 -0.002153 -0.028400 -0.029136 -0.040409 -0.050047 -0.060783 -0.070956 -0.081564 -0.092063 -0.102753 -0.113474 -0.124295 -0.135166 -0.146091 -0.157048 -0.168029 -0.179031 -0.190063 -0.201158 -0.212362 -0.223785 -0.235600 -0.248109 -0.261370 -0.276091 -0.292445 -0.311569 -0.333167 -0.358714 -0.387129 -0.413804 -0.431768 -0.444882 -0.453194 -0.456680 -0.460665 -0.463387 -0.465676 -0.469395 -0.468874 -0.479410 -0.474037 -0.492585 -0.475625 -0.506902 -0.471476 -0.486290 -0.518485 -0.362185
0.001031 -0.004371 -0.027768 -0.028480 -0.039401 -0.048736 -0.059118 -0.068926 -0.079121 -0.089170 -0.099363 -0.109538 -0.119765 -0.129993 -0.140226 -0.150446 -0.160648 -0.170836 -0.181019 -0.191249 -0.201539 -0.212119 -0.223076 -0.234773 -0.247233 -0.261713 -0.277897 -0.298348 -0.321634 -0.353279 -0.393300 -0.429852 -0.454615 -0.457715 -0.460075 -0.463639 -0.463148 -0.465551 -0.466290 -0.468936 -0.470108 -0.472440 -0.471109 -0.473377 -0.468167 -0.490355 -0.461907 -0.500078 -0.504895 -0.413649
0.004669 -0.003535 -0.026986 -0.027719 -0.038286 -0.047367 -0.057392 -0.066841 -0.076625 -0.086231 -0.095934 -0.105576 -0.115221 -0.124817 -0.134369 -0.143857 -0.153275 -0.162626 -0.171920 -0.181177 -0.190461 -0.199999 -0.209736 -0.220181 -0.231289 -0.244616 -0.259357 -0.279857 -0.304010 -0.344109 -0.394309 -0.446333 -0.469713 -0.476635 -0.475703 -0.468172 -0.467926 -0.467088 -0.467581 -0.469948 -0.470780 -0.476971 -0.474490 -0.487062 -0.476395 -0.499577 -0.478853 -0.498739 -0.468859 -0.479943
0.003828 -0.019396 -0.026299 -0.026982 -0.037273 -0.045996 -0.055665 -0.064745 -0.074123 -0.083291 -0.092515 -0.101635 -0.110712 -0.119690 -0.128571 -0.137332 -0.145963 -0.154462 -0.162815 -0.171053 -0.179241 -0.187536 -0.195760 -0.204703 -0.213733 -0.225276 -0.236545 -0.256288 -0.273447 -0.325265 -0.427427 -0.518110 -0.525858 -0.512287 -0.515091 -0.501292 -0.495172 -0.495201 -0.497634 -0.463652 -0.465714 -0.467444 -0.468859 -0.511841 -0.521290 -0.474902 -0.506884 -0.477244 -0.510138 -0.447493
-0.000630 -0.018791 -0.025555 -0.026263 -0.036170 -0.044619 -0.053932 -0.062660 -0.071643 -0.080388 -0.089148 -0.097763 -0.106288 -0.114665 -0.122890 -0.130935 -0.138781 -0.146418 -0.153793 -0.160992 -0.167965 -0.174815 -0.181322 -0.188245 -0.194459 -0.202613 -0.208384 -0.221136 -0.225735 -0.257326 -0.414767 -0.776777 -0.634599 -0.540272 -0.527887 -0.531688 -0.504066 -0.473147 -0.519560 -0.523587 -0.515002 -0.536443 -0.539947 -0.494534 -0.522357 -0.506677 -0.515462 -0.508613 -0.550794 -0.562247
0.014065 -0.005696 -0.024806 -0.025542 -0.035064 -0.043263 -0.052232 -0.060622 -0.069224 -0.077562 -0.085875 -0.094004 -0.101998 -0.109795 -0.117384 -0.124731 -0.131807 -0.138580 -0.145008 -0.151132 -0.156833 -0.162184 -0.166898 -0.171564 -0.174796 -0.178779 -0.178672 -0.181918 -0.172105 -0.173910 -0.213152 0.045181 0.000000 0.000000 0.000000 0.000000 0.000000 0.000000 0.000000 0.000000 0.000000 0.000000 0.000000 0.000000 0.000000 0.000000 0.000000 0.000000 0.000000 0.000000
0.001390 -0.017064 -0.024106 -0.024946 -0.034007 -0.041972 -0.050595 -0.058663 -0.066900 -0.074850 -0.082739 -0.090406 -0.097895 -0.105139 -0.112121 -0.118799 -0.125135 -0.131073 -0.136595 -0.141666 -0.146134 -0.150059 -0.153098 -0.155632 -0.156321 -0.156746 -0.152640 -0.149063 -0.132911 -0.119825 -0.072543 -0.000648 0.000000 0.000000 0.000000 0.000000 0.000000 0.000000 0.000000 0.000000 0.000000 0.000000 0.000000 0.000000 0.000000 0.000000 0.000000 0.000000 0.000000 0.000000
0.000908 -0.015471 -0.023401 -0.024056 -0.033073 -0.040696 -0.049045 -0.056796 -0.064697 -0.072282 -0.079773 -0.087007 -0.094022 -0.100746 -0.107156 -0.113203 -0.118838 -0.124000 -0.128649 -0.132721 -0.136046 -0.138649 -0.140153 -0.140799 -0.139304 -0.136959 -0.129877 -0.122401 -0.103216 -0.087885 -0.043000 -0.029181 0.000000 0.000000 0.000000 0.000000 0.000000 0.000000 0.000000 0.000000 0.000000 0.000000 0.000000 0.000000 0.000000 0.000000 0.000000 0.000000 0.000000 0.000000
-0.006105 -0.005286 -0.022776 -0.023562 -0.032085 -0.039557 -0.047597 -0.055070 -0.062653 -0.069900 -0.077024 -0.083857 -0.090435 -0.096680 -0.102563 -0.108031 -0.113021 -0.117481 -0.121338 -0.124506 -0.126834 -0.128300 -0.128538 -0.127685 -0.124662 -0.120434 -0.111860 -0.102434 -0.083524 -0.067837 -0.035742 -0.007363 0.000000 0.000000 0.000000 0.000000 0.000000 0.000000 0.000000 0.000000 0.000000 0.000000 0.000000 0.000000 0.000000 0.000000 0.000000 0.000000 0.000000 0.000000
-0.005640 -0.014298 -0.022218 -0.022965 -0.031281 -0.038482 -0.046273 -0.053478 -0.060778 -0.067717 -0.074506 -0.080976 -0.087155 -0.092964 -0.098368 -0.103311 -0.107718 -0.111544 -0.114690 -0.117062 -0.118522 -0.119014 -0.118200 -0.116148 -0.111994 -0.106461 -0.097100 -0.086837 -0.069018 -0.054800 -0.025920 -0.004505 0.000000 0.000000 0.000000 0.000000 0.000000 0.000000 0.000000 0.000000 0.000000 0.000000 0.000000 0.000000 0.000000 0.000000 0.000000 0.000000 0.000000 0.000000
-0.005000 -0.013285 -0.021754 -0.022466 -0.030531 -0.037552 -0.045109 -0.052078 -0.059123 -0.065786 -0.072282 -0.078429 -0.084260 -0.089688 -0.094673 -0.099160 -0.103067 -0.106347 -0.108891 -0.110598 -0.111347 -0.111061 -0.109450 -0.106543 -0.101665 -0.095364 -0.085774 -0.075312 -0.058844 -0.045429 -0.022587 -0.008244 0.000000 0.000000 0.000000 0.000000 0.000000 0.000000 0.000000 0.000000 0.000000 0.000000 0.000000 0.000000 0.000000 0.000000 0.000000 0.000000 0.000000 0.000000
-0.005060 -0.012984 -0.021333 -0.021969 -0.029921 -0.036696 -0.044069 -0.050828 -0.057668 -0.064094 -0.070321 -0.076189 -0.081712 -0.086804 -0.091416 -0.095510 -0.098972 -0.101785 -0.103808 -0.104952 -0.105124 -0.104196 -0.101967 -0.098423 -0.093057 -0.086300 -0.076731 -0.066453 -0.051303 -0.039475 -0.018515 -0.004205 0.000000 0.000000 0.000000 0.000000 0.000000 0.000000 0.000000 0.000000 0.000000 0.000000 0.000000 0.000000 0.000000 0.000000 0.000000 0.000000 0.000000 0.000000
0.000017 -0.005575 -0.021213 -0.021827 -0.029350 -0.036045 -0.043247 -0.049828 -0.056475 -0.062697 -0.068736 -0.074370 -0.079659 -0.084493 -0.088809 -0.092591 -0.095721 -0.098186 -0.099824 -0.100535 -0.100249 -0.098863 -0.096202 -0.092223 -0.086579 -0.079553 -0.070194 -0.059968 -0.046108 -0.034203 -0.016978 -0.008790 0.000000 0.000000 0.000000 0.000000 0.000000 0.000000 0.000000 0.000000 0.000000 0.000000 0.000000 0.000000 0.000000 0.000000 0.000000 0.000000 0.000000 0.000000
-0.000687 -0.011761 -0.020617 -0.021233 -0.028958 -0.035447 -0.042490 -0.048960 -0.055554 -0.061621 -0.067383 -0.072857 -0.077938 -0.082521 -0.086559 -0.090118 -0.092889 -0.095109 -0.096398 -0.096716 -0.096155 -0.094339 -0.091361 -0.087051 -0.081288 -0.074172 -0.064901 -0.054962 -0.042041 -0.030803 -0.008839 -0.002800 0.000000 0.000000 0.000000 0.000000 0.000000 0.000000 0.000000 0.000000 0.000000 0.000000 0.000000 0.000000 0.000000 0.000000 0.000000 0.000000 0.000000 0.000000
-0.002253 -0.010166 -0.020797 -0.028196 -0.028776 -0.035349 -0.042464 -0.048932 -0.055465 -0.061522 -0.067360 -0.072798 -0.077867 -0.082451 -0.086484 -0.089997 -0.092787 -0.094945 -0.096216 -0.096535 -0.095899 -0.094097 -0.091127 -0.086831 -0.081078 -0.073873 -0.064970 -0.054687 -0.043189 -0.029907 -0.011474 -0.006680 0.000000 0.000000 0.000000 0.000000 0.000000 0.000000 0.000000 0.000000 0.000000 0.000000 0.000000 0.000000 0.000000 0.000000 0.000000 0.000000 0.000000 0.000000
-0.001342 -0.012766 -0.018028 -0.025247 -0.032213 -0.037268 -0.043206 -0.049076 -0.054640 -0.059804 -0.065047 -0.069607 -0.074695 -0.075358 -0.079067 -0.081943 -0.095739 -0.095368 -0.096605 -0.095782 -0.085674 -0.092862 -0.088311 -0.083281 -0.076656 -0.070212 -0.059085 -0.046369 -0.033820 -0.022679 -0.010020 -0.000285 0.000000 0.000000 0.000000 0.000000 0.000000 0.000000 0.000000 0.000000 0.000000 0.000000 0.000000 0.000000 0.000000 0.000000 0.000000 0.000000 0.000000 0.000000
-0.007037 -0.007600 -0.013762 -0.021787 -0.028301 -0.034774 -0.040705 -0.041681 -0.052539 -0.058540 -0.063738 -0.065358 -0.065506 -0.071886 -0.084990 -0.078449 -0.067446 -0.085910 -0.086846 -0.080720 -0.114406 -0.109649 -0.080237 -0.074520 -0.062496 -0.059874 -0.053274 -0.043457 -0.035501 -0.024390 -0.027322 -0.001147 0.000000 0.000000 0.000000 0.000000 0.000000 0.000000 0.000000 0.000000 0.000000 0.000000 0.000000 0.000000 0.000000 0.000000 0.000000 0.000000 0.000000 0.000000
