-0.101227 -0.097239 -0.093423 -0.105246 -0.105468 -0.090489 -0.094723 -0.099789 -0.111597 -0.103137 -0.096379 -0.102895 -0.097068 -0.105279 -0.110341 -0.113947 -0.110203 -0.120275 -0.137794 -0.143595 -0.148555 -0.155326 -0.155379 -0.153250 -0.177269 -0.167665 -0.188843 -0.195043 -0.202903 -0.213685 -0.231557 -0.225508 -0.241093 -0.277958 -0.294785 -0.323247 -0.332004 -0.358215 -0.367904 -0.428625 -0.455407 -0.496953 -0.468229 -0.575970 -0.663227 -0.646251 -0.713934 -0.894900 -1.096636 -0.467690
-0.083351 -0.096697 -0.099148 -0.099460 -0.098520 -0.103259 -0.103633 -0.112252 -0.109040 -0.109228 -0.113847 -0.113818 -0.115009 -0.118974 -0.121904 -0.124352 -0.125462 -0.132243 -0.133397 -0.138537 -0.144105 -0.149814 -0.155549 -0.176313 -0.170894 -0.179505 -0.188257 -0.196328 -0.203201 -0.211605 -0.224572 -0.238692 -0.251718 -0.264364 -0.279663 -0.304574 -0.325772 -0.347713 -0.371287 -0.399242 -0.431349 -0.462114 -0.464002 -0.542509 -0.615296 -0.637467 -0.762595 -0.754110 -0.885720 -0.338840
-0.091948 -0.107343 -0.104671 -0.103677 -0.105998 -0.106355 -0.107994 -0.109129 -0.110929 -0.112709 -0.114809 -0.117157 -0.119785 -0.122681 -0.125846 -0.129247 -0.133109 -0.137225 -0.141645 -0.146505 -0.151648 -0.157190 -0.163404 -0.169932 -0.177082 -0.184722 -0.191559 -0.202075 -0.211898 -0.222332 -0.233955 -0.246433 -0.259959 -0.274708 -0.290962 -0.308683 -0.327687 -0.348904 -0.372335 -0.398102 -0.426381 -0.457578 -0.493261 -0.529304 -0.575404 -0.612551 -0.607591 -0.671477 -0.806316 -0.177291
-0.097462 -0.108123 -0.102019 -0.100743 -0.099987 -0.102149 -0.101546 -0.104691 -0.104262 -0.107624 -0.107993 -0.112138 -0.112680 -0.117432 -0.118380 -0.123893 -0.125178 -0.129790 -0.135357 -0.139089 -0.142843 -0.150529 -0.153651 -0.162501 -0.166863 -0.176644 -0.190941 -0.193047 -0.199407 -0.213209 -0.220752 -0.234573 -0.246095 -0.263385 -0.277504 -0.291702 -0.313461 -0.333546 -0.353533 -0.377823 -0.409551 -0.434032 -0.473591 -0.502385 -0.553723 -0.587470 -0.651916 -0.628881 -0.685270 -0.008560
-0.096826 -0.107064 -0.104783 -0.102823 -0.107081 -0.104432 -0.107662 -0.108031 -0.108896 -0.111908 -0.112094 -0.116580 -0.116889 -0.121797 -0.122743 -0.128750 -0.130077 -0.134357 -0.139743 -0.144760 -0.147943 -0.156214 -0.159437 -0.168272 -0.172992 -0.182840 -0.187477 -0.200060 -0.206317 -0.219803 -0.228962 -0.242553 -0.253387 -0.270028 -0.285606 -0.302789 -0.316825 -0.342258 -0.357782 -0.388449 -0.404863 -0.441757 -0.459750 -0.503609 -0.526304 -0.569140 -0.602348 -0.623578 -0.610717 -0.006344
-0.093057 -0.107639 -0.102285 -0.101243 -0.100080 -0.102717 -0.102046 -0.105098 -0.105962 -0.107965 -0.109722 -0.111972 -0.114427 -0.117128 -0.120076 -0.123177 -0.126929 -0.130748 -0.135258 -0.139368 -0.144216 -0.149096 -0.155218 -0.161108 -0.167886 -0.174806 -0.183336 -0.190595 -0.199766 -0.209265 -0.219939 -0.231224 -0.243295 -0.256324 -0.270990 -0.285825 -0.302803 -0.318958 -0.340045 -0.358393 -0.383839 -0.404709 -0.433100 -0.458382 -0.487885 -0.515986 -0.544685 -0.556763 -0.546382 -0.005968
-0.093463 -0.106421 -0.101665 -0.101071 -0.101552 -0.102625 -0.103133 -0.105138 -0.106286 -0.108256 -0.110026 -0.112309 -0.114646 -0.117401 -0.120243 -0.123416 -0.126925 -0.130699 -0.134945 -0.139230 -0.144000 -0.148962 -0.154547 -0.160608 -0.167002 -0.173996 -0.178585 -0.189615 -0.198349 -0.207862 -0.217851 -0.229101 -0.240686 -0.253654 -0.267362 -0.282159 -0.297602 -0.315271 -0.331117 -0.353000 -0.367578 -0.395291 -0.409973 -0.441670 -0.459261 -0.486828 -0.506792 -0.508864 -0.498546 -0.139323
-0.092062 -0.105105 -0.099700 -0.099447 -0.099974 -0.100917 -0.101750 -0.103260 -0.104607 -0.106384 -0.108218 -0.110384 -0.112704 -0.115330 -0.118135 -0.121218 -0.124593 -0.128227 -0.132218 -0.136404 -0.140955 -0.145824 -0.151114 -0.156780 -0.162866 -0.169404 -0.178200 -0.183951 -0.192072 -0.200809 -0.210182 -0.220297 -0.231113 -0.242771 -0.255298 -0.268663 -0.282923 -0.298052 -0.314165 -0.330624 -0.348704 -0.365765 -0.385366 -0.404738 -0.424320 -0.443387 -0.461602 -0.462326 -0.445944 -0.005943
-0.094275 -0.103412 -0.098407 -0.098253 -0.099079 -0.099787 -0.100835 -0.102110 -0.103519 -0.105195 -0.107022 -0.109114 -0.111387 -0.113924 -0.116659 -0.119656 -0.122904 -0.126413 -0.130220 -0.134273 -0.138649 -0.143328 -0.148378 -0.153800 -0.159594 -0.165826 -0.173663 -0.179658 -0.187347 -0.195592 -0.204427 -0.213933 -0.224076 -0.234977 -0.246582 -0.258981 -0.272021 -0.286120 -0.299650 -0.316194 -0.329034 -0.348713 -0.361005 -0.382262 -0.396780 -0.411660 -0.423226 -0.423922 -0.405044 -0.099015
-0.092182 -0.101644 -0.096456 -0.096380 -0.097120 -0.097847 -0.098887 -0.100087 -0.101483 -0.103086 -0.104874 -0.106882 -0.109085 -0.111516 -0.114154 -0.117025 -0.120133 -0.123480 -0.127092 -0.130952 -0.135098 -0.139533 -0.144288 -0.149374 -0.154808 -0.160618 -0.167962 -0.173471 -0.180580 -0.188180 -0.196301 -0.204979 -0.214231 -0.224101 -0.234590 -0.245732 -0.257456 -0.269944 -0.282635 -0.296006 -0.309248 -0.322602 -0.335508 -0.350645 -0.365857 -0.376735 -0.387868 -0.387711 -0.361762 -0.001926
-0.083058 -0.099315 -0.094598 -0.094528 -0.095287 -0.096000 -0.097037 -0.098182 -0.099550 -0.101092 -0.102828 -0.104761 -0.106887 -0.109219 -0.111752 -0.114499 -0.117463 -0.120651 -0.124074 -0.127733 -0.131648 -0.135827 -0.140291 -0.145052 -0.150125 -0.155536 -0.161884 -0.167452 -0.174013 -0.181005 -0.188456 -0.196390 -0.204824 -0.213786 -0.223271 -0.233302 -0.243810 -0.254899 -0.266181 -0.278245 -0.288938 -0.302623 -0.313266 -0.325949 -0.336844 -0.346905 -0.353828 -0.353999 -0.323425 -0.077527
-0.090937 -0.097520 -0.092421 -0.092378 -0.093061 -0.093776 -0.094767 -0.095879 -0.097200 -0.098685 -0.100358 -0.102212 -0.104251 -0.106479 -0.108895 -0.111506 -0.114314 -0.117325 -0.120547 -0.123983 -0.127644 -0.131540 -0.135684 -0.140088 -0.144764 -0.149732 -0.155523 -0.160612 -0.166569 -0.172895 -0.179610 -0.186732 -0.194277 -0.202258 -0.210675 -0.219538 -0.228792 -0.238495 -0.248360 -0.258797 -0.268526 -0.278519 -0.288355 -0.298577 -0.308577 -0.315828 -0.324157 -0.323499 -0.298525 -0.005281
-0.088365 -0.094633 -0.090137 -0.090105 -0.090741 -0.091456 -0.092409 -0.093486 -0.094759 -0.096188 -0.097795 -0.099571 -0.101520 -0.103642 -0.105938 -0.108410 -0.111061 -0.113892 -0.116909 -0.120115 -0.123517 -0.127121 -0.130938 -0.134976 -0.139247 -0.143764 -0.148881 -0.153596 -0.158945 -0.164602 -0.170585 -0.176906 -0.183578 -0.190610 -0.198001 -0.205755 -0.213830 -0.222248 -0.230847 -0.239770 -0.248067 -0.257382 -0.265960 -0.273412 -0.281433 -0.287847 -0.292508 -0.293110 -0.307626 -0.006413
-0.080037 -0.091817 -0.087620 -0.087584 -0.088201 -0.088906 -0.089821 -0.090863 -0.092086 -0.093459 -0.094998 -0.096694 -0.098550 -0.100565 -0.102737 -0.105068 -0.107556 -0.110201 -0.113007 -0.115974 -0.119106 -0.122407 -0.125883 -0.129541 -0.133389 -0.137436 -0.141978 -0.146175 -0.150893 -0.155858 -0.161084 -0.166581 -0.172359 -0.178425 -0.184779 -0.191422 -0.198325 -0.205497 -0.212806 -0.220402 -0.227630 -0.234839 -0.244116 -0.248961 -0.255484 -0.260045 -0.263347 -0.264403 -0.282718 -0.001917
-0.083929 -0.088859 -0.084984 -0.084947 -0.085535 -0.086218 -0.087095 -0.088100 -0.089273 -0.090589 -0.092060 -0.093677 -0.095442 -0.097350 -0.099399 -0.101587 -0.103913 -0.106372 -0.108965 -0.111691 -0.114549 -0.117542 -0.120672 -0.123942 -0.127359 -0.130928 -0.134657 -0.138556 -0.142633 -0.146897 -0.151360 -0.156029 -0.160913 -0.166020 -0.171350 -0.176907 -0.182673 -0.188649 -0.194762 -0.201027 -0.206984 -0.212914 -0.218876 -0.224374 -0.228322 -0.233415 -0.236005 -0.238973 -0.253745 -0.071876
-0.082879 -0.088655 -0.082166 -0.082114 -0.082697 -0.083356 -0.084199 -0.085168 -0.086292 -0.087554 -0.088958 -0.090499 -0.092173 -0.093977 -0.095997 -0.098051 -0.100237 -0.102525 -0.104931 -0.107427 -0.110026 -0.112701 -0.115476 -0.118332 -0.121297 -0.124354 -0.127425 -0.130731 -0.134156 -0.137709 -0.141397 -0.145228 -0.149210 -0.153351 -0.157657 -0.162136 -0.166786 -0.171610 -0.176601 -0.181720 -0.187307 -0.191571 -0.198851 -0.201253 -0.205241 -0.209945 -0.213655 -0.208533 -0.204426 -0.115552
-0.078319 -0.083015 -0.079209 -0.079167 -0.079712 -0.080352 -0.081160 -0.082093 -0.083172 -0.084380 -0.085722 -0.087189 -0.088778 -0.090481 -0.092294 -0.094207 -0.096214 -0.098306 -0.100477 -0.102720 -0.105029 -0.107399 -0.109826 -0.112309 -0.114846 -0.117437 -0.120185 -0.122789 -0.125557 -0.128391 -0.131298 -0.134283 -0.137355 -0.140524 -0.143801 -0.147198 -0.150727 -0.154398 -0.158228 -0.162102 -0.165855 -0.170092 -0.174151 -0.178217 -0.181538 -0.184729 -0.187287 -0.185480 -0.201823 -0.136629
-0.075163 -0.079521 -0.076116 -0.076101 -0.076583 -0.077207 -0.077979 -0.078878 -0.079913 -0.081073 -0.082356 -0.083755 -0.085264 -0.086874 -0.088577 -0.090362 -0.092219 -0.094138 -0.096107 -0.098115 -0.100155 -0.102217 -0.104294 -0.106383 -0.108478 -0.110576 -0.112770 -0.114779 -0.116885 -0.118994 -0.121111 -0.123243 -0.125396 -0.127584 -0.129820 -0.132128 -0.134533 -0.137057 -0.139753 -0.142596 -0.146156 -0.148489 -0.153202 -0.154973 -0.157855 -0.160996 -0.163752 -0.161041 -0.179224 -0.003169
-0.071693 -0.075639 -0.072853 -0.072831 -0.073308 -0.073916 -0.074662 -0.075530 -0.076528 -0.077642 -0.078873 -0.080211 -0.081648 -0.083174 -0.084777 -0.086445 -0.088164 -0.089918 -0.091695 -0.093478 -0.095256 -0.097017 -0.098751 -0.100449 -0.102104 -0.103712 -0.105355 -0.106766 -0.108206 -0.109587 -0.110910 -0.112178 -0.113399 -0.114586 -0.115759 -0.116947 -0.118190 -0.119527 -0.121048 -0.122614 -0.124432 -0.126645 -0.129284 -0.131379 -0.135415 -0.136266 -0.140131 -0.138496 -0.160963 -0.008451
-0.068366 -0.072286 -0.069454 -0.069424 -0.069903 -0.070493 -0.071218 -0.072058 -0.073022 -0.074097 -0.075283 -0.076567 -0.077943 -0.079395 -0.080912 -0.082476 -0.084070 -0.085675 -0.087273 -0.088844 -0.090373 -0.091842 -0.093240 -0.094555 -0.095777 -0.096898 -0.097991 -0.098808 -0.099584 -0.100236 -0.100760 -0.101157 -0.101434 -0.101604 -0.101688 -0.101725 -0.101767 -0.101874 -0.102170 -0.102642 -0.104406 -0.104906 -0.107278 -0.109196 -0.112733 -0.114391 -0.116553 -0.114677 -0.139515 -0.060275
-0.064890 -0.068551 -0.065948 -0.065913 -0.066381 -0.066948 -0.067652 -0.068467 -0.069402 -0.070445 -0.071593 -0.072835 -0.074160 -0.075554 -0.077000 -0.078477 -0.079965 -0.081439 -0.082876 -0.084252 -0.085545 -0.086737 -0.087811 -0.088752 -0.089550 -0.090192 -0.090746 -0.090970 -0.091086 -0.091009 -0.090732 -0.090250 -0.089566 -0.088690 -0.087640 -0.086460 -0.085206 -0.083966 -0.082868 -0.081981 -0.081717 -0.081696 -0.083829 -0.084107 -0.089323 -0.090137 -0.093852 -0.091487 -0.125798 0.000013
-0.061261 -0.064717 -0.062301 -0.062259 -0.062727 -0.063279 -0.063967 -0.064760 -0.065673 -0.066690 -0.067810 -0.069020 -0.070309 -0.071660 -0.073055 -0.074467 -0.075873 -0.077239 -0.078539 -0.079741 -0.080818 -0.081748 -0.082512 -0.083093 -0.083476 -0.083650 -0.083671 -0.083315 -0.082780 -0.081982 -0.080907 -0.079547 -0.077893 -0.075955 -0.073741 -0.071307 -0.068697 -0.066040 -0.063580 -0.061230 -0.059897 -0.059100 -0.059619 -0.062091 -0.064083 -0.070014 -0.071049 -0.068840 -0.099687 -0.000243
-0.053275 -0.060559 -0.058541 -0.058482 -0.058954 -0.059489 -0.060164 -0.060940 -0.061835 -0.062834 -0.063936 -0.065128 -0.066399 -0.067727 -0.069094 -0.070468 -0.071818 -0.073106 -0.074298 -0.075350 -0.076235 -0.076923 -0.077394 -0.077629 -0.077612 -0.077330 -0.076835 -0.075910 -0.074736 -0.073228 -0.071364 -0.069125 -0.066493 -0.063460 -0.060023 -0.056215 -0.052079 -0.047753 -0.043279 -0.039240 -0.035974 -0.033360 -0.033840 -0.033228 -0.040436 -0.046079 -0.050525 -0.046696 -0.073390 -0.017692
-0.053644 -0.056550 -0.054670 -0.054609 -0.055070 -0.055588 -0.056248 -0.057010 -0.057892 -0.058879 -0.059972 -0.061158 -0.062426 -0.063754 -0.065120 -0.066488 -0.067822 -0.069070 -0.070191 -0.071127 -0.071847 -0.072316 -0.072511 -0.072416 -0.072014 -0.071292 -0.070294 -0.068820 -0.067028 -0.064831 -0.062199 -0.059102 -0.055504 -0.051388 -0.046716 -0.041538 -0.035777 -0.029682 -0.023464 -0.017268 -0.011410 -0.008172 -0.004978 -0.010219 -0.012609 -0.025243 -0.018777 -0.029842 -0.047089 0.004262
-0.049461 -0.052300 -0.050645 -0.050620 -0.051038 -0.051558 -0.052204 -0.052957 -0.053832 -0.054816 -0.055915 -0.057112 -0.058402 -0.059759 -0.061159 -0.062559 -0.063915 -0.065164 -0.066257 -0.067114 -0.067701 -0.067974 -0.067915 -0.067506 -0.066733 -0.065591 -0.064112 -0.062111 -0.059726 -0.056870 -0.053499 -0.049569 -0.045027 -0.039818 -0.033882 -0.027113 -0.019581 -0.011436 -0.002540 0.006196 0.014557 0.021083 0.024543 0.021663 0.008751 -0.006435 0.001878 -0.006917 -0.043955 -0.005838
-0.046705 -0.047847 -0.046527 -0.046530 -0.046913 -0.047430 -0.048060 -0.048801 -0.049669 -0.050650 -0.051756 -0.052971 -0.054296 -0.055701 -0.057171 -0.058650 -0.060099 -0.061423 -0.062552 -0.063384 -0.063870 -0.063972 -0.063672 -0.062963 -0.061833 -0.060285 -0.058344 -0.055845 -0.052903 -0.049429 -0.045371 -0.040667 -0.035242 -0.029009 -0.021771 -0.013613 -0.004306 0.006029 0.017737 0.029834 0.043052 0.053012 0.064098 0.054281 0.036292 0.006246 0.020710 0.014874 -0.013194 -0.023156
-0.036720 -0.043069 -0.042272 -0.042279 -0.042639 -0.043149 -0.043767 -0.044498 -0.045364 -0.046353 -0.047484 -0.048743 -0.050136 -0.051638 -0.053224 -0.054843 -0.056422 -0.057866 -0.059106 -0.059956 -0.060391 -0.060347 -0.059826 -0.058828 -0.057409 -0.055418 -0.053040 -0.050075 -0.046618 -0.042580 -0.037896 -0.032497 -0.026271 -0.018999 -0.010675 -0.001081 0.010070 0.022842 0.037913 0.054106 0.072697 0.088528 0.108598 0.102098 0.065883 0.019295 0.039430 0.038266 0.003169 -0.000823
-0.034891 -0.038586 -0.037952 -0.037955 -0.038349 -0.038818 -0.039419 -0.040123 -0.040975 -0.041953 -0.043090 -0.044372 -0.045825 -0.047414 -0.049165 -0.050981 -0.052857 -0.054596 -0.056063 -0.057027 -0.057418 -0.057240 -0.056479 -0.055186 -0.053411 -0.051043 -0.048248 -0.044850 -0.040929 -0.036392 -0.031175 -0.025178 -0.018225 -0.010198 -0.000918 0.009885 0.022612 0.037739 0.055850 0.077616 0.102644 0.136743 0.173473 0.217710 0.150107 0.066120 0.025422 0.017772 -0.022059 -0.000502
-0.032548 -0.033476 -0.033429 -0.033455 -0.033703 -0.034252 -0.034832 -0.035519 -0.036364 -0.037344 -0.038513 -0.039865 -0.041426 -0.043205 -0.045153 -0.047284 -0.049402 -0.051448 -0.053317 -0.054454 -0.054908 -0.054603 -0.053627 -0.052032 -0.049912 -0.047175 -0.043988 -0.040196 -0.035865 -0.030909 -0.025252 -0.018780 -0.011278 -0.002680 0.007275 0.018958 0.032837 0.049542 0.069922 0.095273 0.129755 0.178682 0.245890 0.429494 -0.179254 0.037876 -0.001005 0.001240 0.013052 0.002489
-0.028197 -0.028406 -0.028909 -0.028916 -0.029400 -0.029760 -0.030322 -0.030947 -0.031752 -0.032688 -0.033829 -0.035157 -0.036766 -0.038605 -0.040840 -0.043289 -0.046176 -0.049010 -0.051510 -0.052962 -0.053306 -0.052819 -0.051479 -0.049517 -0.046985 -0.043862 -0.040285 -0.036134 -0.031450 -0.026161 -0.020180 -0.013304 -0.005521 0.003399 0.013706 0.025767 0.040005 0.056958 0.077060 0.103690 0.136715 0.182695 0.246244 0.261594 0.358843 0.000000 0.000000 0.000000 0.000000 0.000000
-0.023704 -0.023048 -0.024140 -0.024178 -0.024115 -0.024845 -0.025389 -0.025939 -0.026709 -0.027598 -0.028730 -0.030126 -0.031822 -0.033955 -0.036407 -0.039447 -0.042493 -0.045925 -0.049695 -0.051658 -0.052225 -0.051500 -0.049876 -0.047493 -0.044557 -0.041046 -0.037109 -0.032634 -0.027666 -0.022126 -0.015893 -0.008869 -0.000958 0.008023 0.018302 0.030185 0.043887 0.059977 0.078845 0.101702 0.128142 0.162183 0.192295 0.214822 0.246978 0.000000 0.000000 0.000000 0.000000 0.000000
-0.029202 -0.018060 -0.019495 -0.019715 -0.020084 -0.019970 -0.020790 -0.021275 -0.021957 -0.022772 -0.023796 -0.025040 -0.026684 -0.028680 -0.031449 -0.034852 -0.039886 -0.045410 -0.050868 -0.053225 -0.052959 -0.051669 -0.049224 -0.046245 -0.042724 -0.038775 -0.034456 -0.029684 -0.024484 -0.018771 -0.012394 -0.005339 0.002528 0.011379 0.021406 0.032770 0.045716 0.060517 0.077123 0.096978 0.118347 0.142678 0.164133 0.169141 0.232938 0.000000 0.000000 0.000000 0.000000 0.000000
-0.013219 -0.013190 -0.014235 -0.014543 -0.014632 -0.014983 -0.015262 -0.015722 -0.016242 -0.016922 -0.017776 -0.018987 -0.020502 -0.022678 -0.025576 -0.029537 -0.033724 -0.040037 -0.050088 -0.054293 -0.054232 -0.052069 -0.049087 -0.045327 -0.041303 -0.036867 -0.032214 -0.027193 -0.021828 -0.016009 -0.009636 -0.002670 0.005008 0.013532 0.023035 0.033598 0.045353 0.058488 0.072957 0.089088 0.105482 0.123286 0.135357 0.145835 0.148957 0.000000 0.000000 0.000000 0.000000 0.000000
-0.009634 -0.009338 -0.009613 -0.010850 -0.010589 -0.010843 -0.011023 -0.011419 -0.011783 -0.012367 -0.013107 -0.013988 -0.015314 -0.017150 -0.019759 -0.024455 -0.033026 -0.045109 -0.060118 -0.063087 -0.058539 -0.054604 -0.049854 -0.045081 -0.040270 -0.035335 -0.030329 -0.025101 -0.019629 -0.013782 -0.007495 -0.000712 0.006672 0.014770 0.023630 0.033323 0.043905 0.055451 0.067741 0.080928 0.093996 0.106677 0.115896 0.122513 0.123912 0.000000 0.000000 0.000000 0.000000 0.000000
-0.007939 -0.002341 -0.004524 -0.002196 -0.005878 -0.001374 -0.000948 -0.007804 -0.000051 0.000053 -0.010343 -0.000016 -0.011950 -0.012907 -0.015440 -0.018882 -0.026386 -0.062149 -0.083682 -0.069904 -0.065541 -0.056980 -0.050990 -0.044793 -0.039309 -0.033887 -0.028631 -0.023268 -0.017776 -0.011984 -0.005876 0.000637 0.007635 0.015203 0.023336 0.032086 0.041449 0.051419 0.061771 0.072442 0.082505 0.092215 0.098301 0.103921 0.104199 0.000000 0.000000 0.000000 0.000000 0.000000
-0.000061 -0.000940 -0.001029 -0.000701 -0.002926 0.000908 -0.001554 0.001256 0.000072 0.001904 0.002832 0.001332 0.006161 -0.007753 0.006216 -0.005897 0.009771 0.000977 -0.216921 -0.085768 -0.070145 -0.058311 -0.051159 -0.044096 -0.038116 -0.032402 -0.026995 -0.021604 -0.016170 -0.010531 -0.004664 0.001516 0.008072 0.015070 0.022466 0.030304 0.038542 0.047120 0.055829 0.064523 0.072602 0.079783 0.084391 0.088677 0.086542 0.000000 0.000000 0.000000 0.000000 0.000000
0.000000 0.000000 0.000000 0.000000 0.000000 0.000000 0.000000 0.000000 0.000000 0.000000 0.000000 0.000000 0.000000 0.000000 0.000000 0.000000 0.000000 -0.085797 -0.115709 -0.082563 -0.068820 -0.056524 -0.049349 -0.042398 -0.036354 -0.030608 -0.025266 -0.019987 -0.014723 -0.009322 -0.003764 0.002028 0.008101 0.014492 0.021156 0.028113 0.035299 0.042637 0.049928 0.057032 0.063478 0.069101 0.072421 0.083658 0.073270 0.000000 0.000000 0.000000 0.000000 0.000000
0.000000 0.000000 0.000000 0.000000 0.000000 0.000000 0.000000 0.000000 0.000000 0.000000 0.000000 0.000000 0.000000 0.000000 0.000000 0.000000 0.000000 -0.076016 -0.079591 -0.069046 -0.061487 -0.052450 -0.045711 -0.039408 -0.033891 -0.028445 -0.023383 -0.018358 -0.013366 -0.008281 -0.003088 0.002275 0.007844 0.013628 0.019590 0.025729 0.031977 0.038247 0.044371 0.050206 0.055425 0.059810 0.062389 0.075824 0.063153 0.000000 0.000000 0.000000 0.000000 0.000000
0.000000 0.000000 0.000000 0.000000 0.000000 0.000000 0.000000 0.000000 0.000000 0.000000 0.000000 0.000000 0.000000 0.000000 0.000000 0.000000 0.000000 -0.064958 -0.080012 -0.059134 -0.053710 -0.047239 -0.041619 -0.036180 -0.031125 -0.026132 -0.021404 -0.016731 -0.012078 -0.007363 -0.002575 0.002332 0.007382 0.012569 0.017860 0.023243 0.028646 0.033989 0.039128 0.043943 0.048172 0.051670 0.053630 0.061116 0.055206 0.000000 0.000000 0.000000 0.000000 0.000000
0.000000 0.000000 0.000000 0.000000 0.000000 0.000000 0.000000 0.000000 0.000000 0.000000 0.000000 0.000000 0.000000 0.000000 0.000000 0.000000 0.000000 -0.058352 -0.056601 -0.049385 -0.046422 -0.041456 -0.037020 -0.032368 -0.028010 -0.023586 -0.019319 -0.015072 -0.010824 -0.006523 -0.002172 0.002262 0.006794 0.011405 0.016066 0.020757 0.025412 0.029957 0.034274 0.038259 0.041713 0.044523 0.046049 0.052748 0.048585 0.000000 0.000000 0.000000 0.000000 0.000000
0.000000 0.000000 0.000000 0.000000 0.000000 0.000000 0.000000 0.000000 0.000000 0.000000 0.000000 0.000000 0.000000 0.000000 0.000000 0.000000 0.000000 -0.045953 -0.041658 -0.041920 -0.039606 -0.036112 -0.032479 -0.028663 -0.024821 -0.021023 -0.017214 -0.013423 -0.009605 -0.005744 -0.001846 0.002108 0.006124 0.010180 0.014247 0.018303 0.022287 0.026138 0.029754 0.033060 0.035886 0.038179 0.039382 0.040172 0.039845 0.000000 0.000000 0.000000 0.000000 0.000000
0.000000 0.000000 0.000000 0.000000 0.000000 0.000000 0.000000 0.000000 0.000000 0.000000 0.000000 0.000000 0.000000 0.000000 0.000000 0.000000 0.000000 -0.036870 -0.036082 -0.035702 -0.033722 -0.030992 -0.028059 -0.024878 -0.021609 -0.018393 -0.015078 -0.011761 -0.008417 -0.005013 -0.001572 0.001909 0.005426 0.008956 0.012472 0.015952 0.019340 0.022589 0.025610 0.028350 0.030654 0.032553 0.033409 0.038149 0.039265 0.000000 0.000000 0.000000 0.000000 0.000000
0.000000 0.000000 0.000000 0.000000 0.000000 0.000000 0.000000 0.000000 0.000000 0.000000 0.000000 0.000000 0.000000 0.000000 0.000000 0.000000 0.000000 -0.025931 -0.029408 -0.029359 -0.028190 -0.026184 -0.023893 -0.021333 -0.018456 -0.015880 -0.013044 -0.010173 -0.007259 -0.004304 -0.001537 0.001888 0.005342 0.008813 0.012283 0.015715 0.016493 0.019204 0.021701 0.023964 0.025831 0.027362 0.028047 0.032262 0.029817 0.000000 0.000000 0.000000 0.000000 0.000000
0.000000 0.000000 0.000000 0.000000 0.000000 0.000000 0.000000 0.000000 0.000000 0.000000 0.000000 0.000000 0.000000 0.000000 0.000000 0.000000 0.000000 -0.028076 -0.024916 -0.024201 -0.023443 -0.021825 -0.020046 -0.017973 -0.018419 -0.013463 -0.011084 -0.008646 -0.006168 -0.003652 -0.001117 0.001441 0.004003 0.006554 0.009066 0.011526 0.013889 0.016130 0.018186 0.020022 0.021475 0.022807 0.023364 0.026999 0.023289 0.000000 0.000000 0.000000 0.000000 0.000000
0.000000 0.000000 0.000000 0.000000 0.000000 0.000000 0.000000 0.000000 0.000000 0.000000 0.000000 0.000000 0.000000 0.000000 0.000000 0.000000 0.000000 -0.023718 -0.023035 -0.019452 -0.018668 -0.017607 -0.016234 -0.014586 -0.015368 -0.010971 -0.009048 -0.007057 -0.005033 -0.002970 -0.000905 0.001181 0.003263 0.005335 0.007370 0.009362 0.011258 0.013057 0.014684 0.016151 0.017360 0.018345 0.018791 0.021774 0.023217 0.000000 0.000000 0.000000 0.000000 0.000000
0.000000 0.000000 0.000000 0.000000 0.000000 0.000000 0.000000 0.000000 0.000000 0.000000 0.000000 0.000000 0.000000 0.000000 0.000000 0.000000 0.000000 -0.014223 -0.021942 -0.015310 -0.014927 -0.013792 -0.012934 -0.011685 -0.012296 -0.008825 -0.007284 -0.005689 -0.004062 -0.002408 -0.000736 0.000964 0.002637 0.004309 0.005926 0.007514 0.009012 0.010427 0.011716 0.012862 0.013742 0.014575 0.014850 0.017265 0.017212 0.000000 0.000000 0.000000 0.000000 0.000000
0.000000 0.000000 0.000000 0.000000 0.000000 0.000000 0.000000 0.000000 0.000000 0.000000 0.000000 0.000000 0.000000 0.000000 0.000000 0.000000 0.000000 -0.011847 -0.011913 -0.011043 -0.010674 -0.009984 -0.009288 -0.008399 -0.009431 -0.006321 -0.005250 -0.004078 -0.002900 -0.001677 -0.000517 0.000685 0.001869 0.003050 0.004225 0.005390 0.006466 0.007512 0.008411 0.009233 0.009915 0.010463 0.010740 0.012997 0.011883 0.000000 0.000000 0.000000 0.000000 0.000000
0.000000 0.000000 0.000000 0.000000 0.000000 0.000000 0.000000 0.000000 0.000000 0.000000 0.000000 0.000000 0.000000 0.000000 0.000000 0.000000 0.000000 -0.010300 -0.010073 -0.011126 -0.010509 -0.009800 -0.009029 -0.008149 -0.006501 -0.006153 -0.005090 -0.003967 -0.002828 -0.001668 -0.000516 0.000673 0.001819 0.002988 0.004105 0.005230 0.006256 0.007255 0.008140 0.008967 0.009653 0.010263 0.010814 0.008787 0.007802 0.000000 0.000000 0.000000 0.000000 0.000000
0.000000 0.000000 0.000000 0.000000 0.000000 0.000000 0.000000 0.000000 0.000000 0.000000 0.000000 0.000000 0.000000 0.000000 0.000000 0.000000 0.000000 -0.004555 -0.004267 -0.005407 -0.005558 -0.005451 -0.005392 -0.003438 -0.003231 -0.004400 -0.004538 -0.003798 -0.003680 -0.003178 -0.002849 -0.002346 -0.001697 -0.001190 -0.000535 0.000871 0.004859 0.005076 0.001684 0.005588 0.005486 0.003238 0.005422 0.006333 0.006148 0.000000 0.000000 0.000000 0.000000 0.000000
0.000000 0.000000 0.000000 0.000000 0.000000 0.000000 0.000000 0.000000 0.000000 0.000000 0.000000 0.000000 0.000000 0.000000 0.000000 0.000000 0.000000 -0.000541 -0.000650 -0.001382 -0.000209 0.000347 0.000528 -0.001215 -0.000491 0.000989 0.001079 0.001025 -0.004747 -0.004767 -0.002061 0.003460 0.001472 -0.001276 0.001220 -0.001357 -0.000488 0.000979 -0.000705 -0.000493 0.002317 0.001156 0.000921 0.000696 0.002662 0.000000 0.000000 0.000000 0.000000 0.000000
