0.001237 0.002314 0.001829 -0.012957 -0.000066 -0.005386 -0.005983 0.000859 0.012471 -0.002607 0.001669 0.002696 -0.003115 -0.005324 -0.004966 0.005539 -0.004017 -0.004013 -0.001269 -0.001408 -0.002796 -0.001451 0.000933 0.001715 0.000255 0.001327 -0.001417 -0.006863 -0.007809 -0.001373 0.004382 -0.011201 -0.002317 -0.003644 -0.024999 -0.020671 -0.016988 -0.007278 0.005469 -0.018767 -0.013370 -0.027540 -0.023513 -0.019175 -0.042745 -0.032348 -0.053471 -0.123395 -0.184660 -0.430612
-0.004609 -0.001489 -0.006848 0.004944 0.005582 -0.008041 0.004849 -0.003611 -0.009792 0.004371 -0.010398 0.004268 0.003328 0.003098 0.003432 0.003251 0.002224 0.002418 0.002066 0.001919 0.001617 0.001317 0.000707 -0.011700 0.000270 -0.000383 -0.001077 -0.001952 -0.002407 -0.003069 -0.003892 -0.004681 -0.005896 -0.007203 -0.008875 -0.011271 -0.045923 -0.051189 -0.057583 -0.062029 -0.068084 -0.078685 -0.038641 -0.102200 -0.125774 -0.145347 -0.189491 -0.230199 -0.349272 -0.503295
0.007663 0.006787 -0.002973 -0.002785 -0.001941 -0.003620 -0.003836 -0.004703 -0.005283 -0.006010 -0.006678 -0.007436 -0.008191 -0.008978 -0.009895 -0.010790 -0.011667 -0.012767 -0.013884 -0.014897 -0.016200 -0.017590 -0.019052 -0.020626 -0.022433 -0.024324 -0.023698 -0.028676 -0.031107 -0.033828 -0.036816 -0.040160 -0.043978 -0.048337 -0.052996 -0.058271 -0.064470 -0.072129 -0.080332 -0.091204 -0.102075 -0.120525 -0.133004 -0.168708 -0.179678 -0.241370 -0.232002 -0.266741 -0.385692 -0.472913
0.004304 -0.007628 -0.003424 -0.001149 -0.002245 -0.003573 -0.003994 -0.004970 -0.005349 -0.006055 -0.006722 -0.007625 -0.008245 -0.009013 -0.009926 -0.011376 -0.011783 -0.012982 -0.014351 -0.014577 -0.016368 -0.018188 -0.019101 -0.021395 -0.022516 -0.024937 -0.032943 -0.028919 -0.031056 -0.035027 -0.036918 -0.040678 -0.044417 -0.050242 -0.053173 -0.058391 -0.066136 -0.073401 -0.080132 -0.091165 -0.102385 -0.117915 -0.132347 -0.159020 -0.177622 -0.229951 -0.255469 -0.290923 -0.423964 -0.500101
-0.007660 -0.007763 -0.003769 -0.002772 -0.003931 -0.004679 -0.005431 -0.006696 -0.007157 -0.008333 -0.008950 -0.010214 -0.010981 -0.012350 -0.013202 -0.014800 -0.015798 -0.017089 -0.018659 -0.020623 -0.021718 -0.024059 -0.025479 -0.028038 -0.029915 -0.033026 -0.042038 -0.039045 -0.041351 -0.045724 -0.049438 -0.054188 -0.058515 -0.064584 -0.071503 -0.078536 -0.084878 -0.097013 -0.104459 -0.120775 -0.130230 -0.156668 -0.166357 -0.209699 -0.220117 -0.289314 -0.297781 -0.311034 -0.447395 -0.500324
-0.010673 -0.008275 -0.003306 -0.002693 -0.004240 -0.006095 -0.006479 -0.008506 -0.008788 -0.010382 -0.011237 -0.012568 -0.013918 -0.015177 -0.016620 -0.018046 -0.020201 -0.021247 -0.023212 -0.025341 -0.027092 -0.029276 -0.032103 -0.034343 -0.037487 -0.040348 -0.050537 -0.047433 -0.051817 -0.055719 -0.061333 -0.066553 -0.072550 -0.078794 -0.086622 -0.095203 -0.104032 -0.113855 -0.126731 -0.139390 -0.156121 -0.173603 -0.193758 -0.221064 -0.242554 -0.294967 -0.312359 -0.338786 -0.455932 -0.500190
0.005477 0.005864 -0.003982 -0.004371 -0.005227 -0.006705 -0.007781 -0.009130 -0.010572 -0.011975 -0.013455 -0.014895 -0.016494 -0.018065 -0.019851 -0.021504 -0.023475 -0.025400 -0.027600 -0.029880 -0.032386 -0.034810 -0.037708 -0.040728 -0.044147 -0.047676 -0.058642 -0.055937 -0.060825 -0.065890 -0.071663 -0.078077 -0.085116 -0.092856 -0.101546 -0.111385 -0.122077 -0.134718 -0.146586 -0.165072 -0.177513 -0.206448 -0.219906 -0.264655 -0.275339 -0.343763 -0.338917 -0.360807 -0.475309 -0.505999
-0.003875 -0.009559 -0.004301 -0.004549 -0.006082 -0.007650 -0.009073 -0.010661 -0.012274 -0.013910 -0.015605 -0.017335 -0.019145 -0.021025 -0.023017 -0.025064 -0.027255 -0.029545 -0.032031 -0.034683 -0.037495 -0.040506 -0.043714 -0.047227 -0.051034 -0.055133 -0.058983 -0.064487 -0.069790 -0.075625 -0.081988 -0.089028 -0.096771 -0.105351 -0.114854 -0.125565 -0.137088 -0.150574 -0.164692 -0.181071 -0.199014 -0.218396 -0.240536 -0.267835 -0.289725 -0.341505 -0.355605 -0.373213 -0.478943 -0.499221
0.003904 -0.009095 -0.004868 -0.004993 -0.006902 -0.008523 -0.010275 -0.012030 -0.013852 -0.015700 -0.017610 -0.019572 -0.021612 -0.023733 -0.025959 -0.028276 -0.030731 -0.033317 -0.036080 -0.039027 -0.042162 -0.045525 -0.049137 -0.053050 -0.057279 -0.061858 -0.066155 -0.072232 -0.078123 -0.084573 -0.091631 -0.099383 -0.107890 -0.117267 -0.127575 -0.139086 -0.151513 -0.166015 -0.180286 -0.199860 -0.215223 -0.243562 -0.259461 -0.301697 -0.307727 -0.370150 -0.367917 -0.386031 -0.486796 -0.514449
0.003917 -0.008993 -0.005323 -0.005424 -0.007619 -0.009403 -0.011403 -0.013350 -0.015370 -0.017423 -0.019536 -0.021712 -0.023968 -0.026313 -0.028764 -0.031327 -0.034028 -0.036877 -0.039905 -0.043127 -0.046564 -0.050244 -0.054196 -0.058463 -0.063070 -0.068055 -0.073121 -0.079330 -0.085724 -0.092703 -0.100328 -0.108676 -0.117815 -0.127856 -0.138855 -0.151037 -0.164244 -0.179209 -0.194911 -0.212867 -0.231948 -0.252618 -0.274623 -0.301015 -0.321924 -0.371720 -0.377114 -0.394999 -0.491641 -0.495806
0.004232 -0.008558 -0.005840 -0.005949 -0.008360 -0.010282 -0.012510 -0.014624 -0.016850 -0.019091 -0.021407 -0.023785 -0.026247 -0.028803 -0.031469 -0.034257 -0.037188 -0.040278 -0.043553 -0.047034 -0.050745 -0.054717 -0.058980 -0.063572 -0.068526 -0.073883 -0.079526 -0.085980 -0.092827 -0.100288 -0.108425 -0.117310 -0.127011 -0.137628 -0.149214 -0.161964 -0.175761 -0.191223 -0.207390 -0.226654 -0.244206 -0.270034 -0.288322 -0.321937 -0.333356 -0.387341 -0.386772 -0.402267 -0.496933 -0.523571
0.002799 -0.008525 -0.006350 -0.006436 -0.009080 -0.011144 -0.013578 -0.015859 -0.018277 -0.020699 -0.023205 -0.025772 -0.028428 -0.031180 -0.034046 -0.037039 -0.040180 -0.043488 -0.046988 -0.050702 -0.054659 -0.058887 -0.063422 -0.068299 -0.073556 -0.079235 -0.085334 -0.092040 -0.099276 -0.107146 -0.115714 -0.125048 -0.135215 -0.146307 -0.158375 -0.171581 -0.185847 -0.201614 -0.218302 -0.237151 -0.256486 -0.277848 -0.299375 -0.327717 -0.343686 -0.392722 -0.393978 -0.407920 -0.501081 -0.501014
0.002671 -0.008987 -0.006790 -0.006929 -0.009747 -0.011980 -0.014605 -0.017051 -0.019653 -0.022247 -0.024932 -0.027677 -0.030514 -0.033447 -0.036497 -0.039677 -0.043009 -0.046512 -0.050212 -0.054133 -0.058305 -0.062758 -0.067529 -0.072654 -0.078173 -0.084128 -0.090589 -0.097543 -0.105109 -0.113329 -0.122262 -0.131976 -0.142537 -0.154027 -0.166495 -0.180082 -0.194719 -0.210792 -0.227724 -0.246910 -0.265546 -0.289198 -0.308452 -0.334766 -0.350811 -0.396647 -0.399005 -0.412066 -0.500024 -0.494659
-0.004351 0.003554 -0.007281 -0.007443 -0.010420 -0.012803 -0.015601 -0.018204 -0.020976 -0.023733 -0.026586 -0.029495 -0.032499 -0.035598 -0.038814 -0.042162 -0.045663 -0.049337 -0.053211 -0.057310 -0.061665 -0.066309 -0.071277 -0.076609 -0.082345 -0.088530 -0.095265 -0.102444 -0.110282 -0.118786 -0.128016 -0.138040 -0.148918 -0.160729 -0.173518 -0.187408 -0.202340 -0.218629 -0.235834 -0.254886 -0.274415 -0.296018 -0.317252 -0.345427 -0.358785 -0.406903 -0.403411 -0.416038 -0.501661 -0.490748
-0.003010 0.003172 -0.007727 -0.007916 -0.011059 -0.013591 -0.016556 -0.019312 -0.022245 -0.025156 -0.028165 -0.031228 -0.034384 -0.037634 -0.040999 -0.044495 -0.048143 -0.051964 -0.055984 -0.060232 -0.064738 -0.069536 -0.074663 -0.080159 -0.086068 -0.092434 -0.099310 -0.106741 -0.114792 -0.123519 -0.132984 -0.143250 -0.154380 -0.166446 -0.179491 -0.193626 -0.208793 -0.225272 -0.242626 -0.261779 -0.280841 -0.303083 -0.322978 -0.350895 -0.363279 -0.410615 -0.404681 -0.418222 -0.497876 -0.507753
0.002542 -0.009041 -0.008165 -0.008379 -0.011681 -0.014356 -0.017477 -0.020378 -0.023462 -0.026517 -0.029672 -0.032876 -0.036170 -0.039555 -0.043087 -0.046707 -0.050477 -0.054419 -0.058560 -0.062928 -0.067555 -0.072477 -0.077732 -0.083361 -0.089406 -0.095915 -0.102842 -0.110419 -0.118623 -0.127512 -0.137147 -0.147591 -0.158907 -0.171164 -0.184404 -0.198730 -0.214080 -0.230715 -0.248214 -0.267349 -0.286867 -0.308001 -0.327870 -0.353682 -0.365304 -0.406818 -0.403358 -0.421048 -0.500844 -0.407056
-0.002993 0.002611 -0.008589 -0.008788 -0.012293 -0.015087 -0.018362 -0.021401 -0.024628 -0.027820 -0.031108 -0.034442 -0.037861 -0.041365 -0.044976 -0.048707 -0.052580 -0.056618 -0.060847 -0.065298 -0.070001 -0.074995 -0.080319 -0.086015 -0.092128 -0.098707 -0.105902 -0.113471 -0.121769 -0.130759 -0.140501 -0.151061 -0.162500 -0.174891 -0.188273 -0.202752 -0.218264 -0.235083 -0.252730 -0.272252 -0.291140 -0.315848 -0.334031 -0.368119 -0.376810 -0.425265 -0.420594 -0.419531 -0.499689 -0.563214
-0.002919 0.002092 -0.009015 -0.009223 -0.012860 -0.015799 -0.019212 -0.022386 -0.025746 -0.029066 -0.032479 -0.035930 -0.039462 -0.043070 -0.046777 -0.050595 -0.054547 -0.058654 -0.062943 -0.067446 -0.072195 -0.077229 -0.082587 -0.088315 -0.094458 -0.101066 -0.108291 -0.115891 -0.124224 -0.133252 -0.143037 -0.153647 -0.165146 -0.177608 -0.191074 -0.205652 -0.221277 -0.238212 -0.256006 -0.275505 -0.295123 -0.316773 -0.336228 -0.364539 -0.374470 -0.417773 -0.415398 -0.419976 -0.498473 -0.495222
-0.002778 0.001547 -0.009370 -0.009627 -0.013393 -0.016479 -0.020029 -0.023333 -0.026820 -0.030260 -0.033789 -0.037348 -0.040980 -0.044678 -0.048463 -0.052349 -0.056356 -0.060505 -0.064825 -0.069346 -0.074103 -0.079135 -0.084485 -0.090197 -0.096321 -0.102905 -0.110106 -0.117678 -0.125983 -0.134985 -0.144749 -0.155344 -0.166839 -0.179313 -0.192814 -0.207461 -0.223189 -0.240299 -0.258284 -0.278173 -0.297302 -0.323060 -0.341082 -0.376607 -0.384998 -0.431263 -0.425944 -0.418355 -0.499894 -0.508363
-0.002560 0.001262 -0.009781 -0.010065 -0.013939 -0.017149 -0.020824 -0.024249 -0.027856 -0.031410 -0.035047 -0.038704 -0.042424 -0.046199 -0.050048 -0.053982 -0.058020 -0.062185 -0.066503 -0.071007 -0.075734 -0.080723 -0.086019 -0.091668 -0.097720 -0.104228 -0.111345 -0.118830 -0.127045 -0.135954 -0.145627 -0.156135 -0.167552 -0.179965 -0.193431 -0.208078 -0.223852 -0.241066 -0.259236 -0.279286 -0.299190 -0.322538 -0.341132 -0.372112 -0.379974 -0.427754 -0.419417 -0.419877 -0.509809 -0.423772
-0.002479 0.000868 -0.010149 -0.010455 -0.014457 -0.017790 -0.021591 -0.025135 -0.028859 -0.032521 -0.036259 -0.040008 -0.043807 -0.047647 -0.051544 -0.055508 -0.059555 -0.063708 -0.067994 -0.072445 -0.077100 -0.082002 -0.087197 -0.092734 -0.098663 -0.105038 -0.112012 -0.119351 -0.127411 -0.136159 -0.145669 -0.156016 -0.167283 -0.179563 -0.192931 -0.207534 -0.223332 -0.240698 -0.259095 -0.279604 -0.299491 -0.327609 -0.346206 -0.383293 -0.389795 -0.442063 -0.430233 -0.419121 -0.509190 -0.501711
-0.002383 0.000452 -0.010518 -0.010838 -0.014970 -0.018418 -0.022341 -0.025998 -0.029834 -0.033601 -0.037436 -0.041271 -0.045143 -0.049038 -0.052971 -0.056947 -0.060982 -0.065096 -0.069316 -0.073676 -0.078219 -0.082988 -0.088034 -0.093406 -0.099159 -0.105346 -0.112118 -0.119247 -0.127084 -0.135599 -0.144866 -0.154967 -0.165988 -0.178034 -0.191195 -0.205636 -0.221349 -0.238722 -0.257304 -0.278009 -0.298904 -0.324643 -0.343722 -0.379514 -0.386543 -0.434448 -0.422504 -0.423816 -0.527387 -0.497499
-0.010137 0.000018 -0.010878 -0.011211 -0.015474 -0.019029 -0.023072 -0.026841 -0.030788 -0.034658 -0.038589 -0.042507 -0.046447 -0.050392 -0.054351 -0.058326 -0.062328 -0.066375 -0.070495 -0.074724 -0.079108 -0.083696 -0.088542 -0.093698 -0.099220 -0.105162 -0.111672 -0.118529 -0.126076 -0.134285 -0.143232 -0.152999 -0.163686 -0.175404 -0.188272 -0.202476 -0.218050 -0.235571 -0.254211 -0.276480 -0.297555 -0.327772 -0.349881 -0.389546 -0.397957 -0.448773 -0.441062 -0.419829 -0.526652 -0.517907
-0.002292 -0.001186 -0.011232 -0.011552 -0.015975 -0.019627 -0.023791 -0.027670 -0.031729 -0.035703 -0.039731 -0.043734 -0.047743 -0.051734 -0.055712 -0.059672 -0.063621 -0.067575 -0.071560 -0.075614 -0.079792 -0.084146 -0.088739 -0.093624 -0.098860 -0.104501 -0.110690 -0.117213 -0.124400 -0.132224 -0.140760 -0.150089 -0.160313 -0.171550 -0.183929 -0.197664 -0.212887 -0.230026 -0.248868 -0.270255 -0.292926 -0.321050 -0.342756 -0.379894 -0.387657 -0.432447 -0.417849 -0.451321 -0.523144 -0.498269
-0.002184 -0.000835 -0.011573 -0.011853 -0.016451 -0.020206 -0.024493 -0.028485 -0.032658 -0.036739 -0.040869 -0.044961 -0.049044 -0.053087 -0.057085 -0.061027 -0.064910 -0.068744 -0.072552 -0.076381 -0.080296 -0.084359 -0.088641 -0.093200 -0.098096 -0.103380 -0.109192 -0.115321 -0.122084 -0.129452 -0.137495 -0.146293 -0.155953 -0.166582 -0.178375 -0.191572 -0.206312 -0.223331 -0.241839 -0.265500 -0.288723 -0.321878 -0.352016 -0.395956 -0.412722 -0.451912 -0.433570 -0.460677 -0.497480 -0.411146
-0.000903 -0.001634 -0.011909 -0.012246 -0.016909 -0.020789 -0.025187 -0.029297 -0.033588 -0.037785 -0.042027 -0.046222 -0.050390 -0.054491 -0.058512 -0.062428 -0.066226 -0.069917 -0.073510 -0.077058 -0.080652 -0.084360 -0.088270 -0.092444 -0.096944 -0.101820 -0.107201 -0.112880 -0.119154 -0.125990 -0.133447 -0.141595 -0.150519 -0.160343 -0.171283 -0.183455 -0.197210 -0.212902 -0.231156 -0.252731 -0.277994 -0.309629 -0.342112 -0.394490 -0.418172 -0.457491 -0.441628 -0.480167 -0.488406 -0.410419
0.007705 -0.002305 -0.012220 -0.012610 -0.017346 -0.021348 -0.025861 -0.030092 -0.034506 -0.038826 -0.043190 -0.047502 -0.051774 -0.055963 -0.060035 -0.063956 -0.067683 -0.071197 -0.074512 -0.077698 -0.080884 -0.084161 -0.087631 -0.091363 -0.095498 -0.099837 -0.104742 -0.109926 -0.115662 -0.121908 -0.128712 -0.136120 -0.144228 -0.153151 -0.163050 -0.174076 -0.186600 -0.201204 -0.218267 -0.240072 -0.265652 -0.301364 -0.352648 -0.416186 -0.453386 -0.474260 -0.461292 -0.488079 -0.462458 -0.533552
-0.000480 -0.002688 -0.012516 -0.012914 -0.017774 -0.021913 -0.026534 -0.030894 -0.035443 -0.039905 -0.044418 -0.048875 -0.053286 -0.057579 -0.061717 -0.065626 -0.069249 -0.072602 -0.075600 -0.078342 -0.081041 -0.083793 -0.086750 -0.089975 -0.093612 -0.097456 -0.101845 -0.106497 -0.111651 -0.117251 -0.123326 -0.129890 -0.137044 -0.144812 -0.153326 -0.162627 -0.173233 -0.185016 -0.199590 -0.215716 -0.240480 -0.268840 -0.332116 -0.365704 -0.542380 -0.520560 -0.510255 -0.490988 -0.481261 -0.445780
-0.001521 -0.003533 -0.012821 -0.013259 -0.018175 -0.022417 -0.027167 -0.031649 -0.036337 -0.040943 -0.045610 -0.050237 -0.054818 -0.059304 -0.063602 -0.067648 -0.071298 -0.074401 -0.076943 -0.079052 -0.081095 -0.083220 -0.085575 -0.088247 -0.091348 -0.094678 -0.098537 -0.102639 -0.107192 -0.112128 -0.117433 -0.123141 -0.129288 -0.135847 -0.142897 -0.150486 -0.158827 -0.167923 -0.178158 -0.189034 -0.204139 -0.221298 -0.251899 -0.168999 -0.220581 -0.583574 -0.492636 -0.478323 -0.503030 -0.501951
-0.001262 -0.003743 -0.013070 -0.013479 -0.018570 -0.022992 -0.027806 -0.032430 -0.037271 -0.042058 -0.046941 -0.051791 -0.056628 -0.061308 -0.065797 -0.069875 -0.073413 -0.076515 -0.078604 -0.079931 -0.081188 -0.082510 -0.084178 -0.086214 -0.088743 -0.091537 -0.094853 -0.098400 -0.102345 -0.106596 -0.111126 -0.115935 -0.120992 -0.126206 -0.131638 -0.137108 -0.142726 -0.147826 -0.152948 -0.155687 -0.158881 -0.151808 -0.142895 -0.054239 -0.009761 0.000000 0.000000 0.000000 0.000000 0.000000
-0.001000 -0.004011 -0.013384 -0.013797 -0.018571 -0.023346 -0.028347 -0.033087 -0.038086 -0.043026 -0.048084 -0.053179 -0.058269 -0.063381 -0.068288 -0.072985 -0.077014 -0.079728 -0.080896 -0.080845 -0.080949 -0.081391 -0.082270 -0.083712 -0.085684 -0.087983 -0.090796 -0.093818 -0.097189 -0.100786 -0.104590 -0.108541 -0.112562 -0.116582 -0.120553 -0.124272 -0.127606 -0.129971 -0.131353 -0.129802 -0.124850 -0.110951 -0.088271 -0.025828 -0.020240 0.000000 0.000000 0.000000 0.000000 0.000000
-0.005917 -0.004469 -0.013598 -0.013980 -0.019265 -0.023495 -0.028912 -0.033668 -0.038941 -0.044088 -0.049478 -0.054891 -0.060464 -0.065898 -0.071289 -0.075947 -0.079871 -0.083492 -0.084331 -0.082454 -0.081031 -0.080164 -0.080170 -0.080861 -0.082280 -0.084089 -0.086426 -0.088966 -0.091797 -0.094795 -0.097899 -0.101025 -0.104077 -0.106951 -0.109554 -0.111591 -0.112922 -0.112880 -0.111366 -0.106501 -0.098718 -0.082480 -0.061445 -0.022402 -0.003312 0.000000 0.000000 0.000000 0.000000 0.000000
-0.003968 -0.004827 -0.013906 -0.014213 -0.019414 -0.024085 -0.029172 -0.034266 -0.039516 -0.044872 -0.050358 -0.056069 -0.061906 -0.068133 -0.074437 -0.081140 -0.087466 -0.090534 -0.088616 -0.082866 -0.079429 -0.077699 -0.076845 -0.077186 -0.078202 -0.079707 -0.081692 -0.083849 -0.086227 -0.088711 -0.091205 -0.093609 -0.095831 -0.097749 -0.099227 -0.099973 -0.099832 -0.098140 -0.094907 -0.088565 -0.079048 -0.063817 -0.044571 -0.008468 -0.008349 0.000000 0.000000 0.000000 0.000000 0.000000
0.001080 -0.005767 -0.014274 -0.014154 -0.019616 -0.024213 -0.029447 -0.034482 -0.039851 -0.045289 -0.051158 -0.057198 -0.063651 -0.070388 -0.077513 -0.083429 -0.089829 -0.097766 -0.096720 -0.086791 -0.078902 -0.074999 -0.073425 -0.073033 -0.073804 -0.075012 -0.076738 -0.078579 -0.080587 -0.082623 -0.084589 -0.086375 -0.087882 -0.088985 -0.089532 -0.089256 -0.088011 -0.085273 -0.080929 -0.073871 -0.064297 -0.050278 -0.034265 -0.004494 -0.007741 0.000000 0.000000 0.000000 0.000000 0.000000
-0.000047 -0.008682 -0.011365 -0.018864 -0.021631 -0.029848 -0.035307 -0.038083 -0.046816 -0.052512 -0.056450 -0.065950 -0.069665 -0.075885 -0.085235 -0.097435 -0.108680 -0.134298 -0.081991 -0.079770 -0.070650 -0.068690 -0.067304 -0.067553 -0.068468 -0.069785 -0.071439 -0.073143 -0.074900 -0.076605 -0.078148 -0.079436 -0.080376 -0.080838 -0.080683 -0.079684 -0.077699 -0.074324 -0.069443 -0.062354 -0.053180 -0.040799 -0.027071 -0.002240 -0.007298 0.000000 0.000000 0.000000 0.000000 0.000000
-0.000585 -0.006897 -0.010061 -0.020164 -0.018438 -0.026150 -0.031675 -0.033473 -0.040723 -0.043046 -0.052814 -0.054684 -0.063420 -0.055474 -0.077556 -0.080714 -0.143501 -0.151189 -0.049629 -0.063299 -0.061017 -0.059199 -0.060771 -0.061182 -0.062919 -0.064347 -0.066097 -0.067718 -0.069312 -0.070757 -0.071966 -0.072860 -0.073352 -0.073319 -0.072640 -0.071132 -0.068673 -0.064949 -0.059904 -0.052996 -0.044548 -0.033658 -0.022108 -0.000963 -0.002039 0.000000 0.000000 0.000000 0.000000 0.000000
0.000000 0.000000 0.000000 0.000000 0.000000 0.000000 0.000000 0.000000 0.000000 0.000000 0.000000 0.000000 0.000000 0.000000 0.000000 0.000000 0.000000 -0.004974 -0.019978 -0.040605 -0.044350 -0.048787 -0.051405 -0.054382 -0.056528 -0.058701 -0.060595 -0.062324 -0.063841 -0.065126 -0.066097 -0.066700 -0.066860 -0.066470 -0.065431 -0.063598 -0.060878 -0.057034 -0.052041 -0.045545 -0.037810 -0.028245 -0.018425 -0.020369 -0.001525 0.000000 0.000000 0.000000 0.000000 0.000000
0.000000 0.000000 0.000000 0.000000 0.000000 0.000000 0.000000 0.000000 0.000000 0.000000 0.000000 0.000000 0.000000 0.000000 0.000000 0.000000 0.000000 -0.002540 -0.010176 -0.026952 -0.034703 -0.040669 -0.044699 -0.048185 -0.050945 -0.053356 -0.055453 -0.057188 -0.058660 -0.059818 -0.060614 -0.061000 -0.060917 -0.060277 -0.059003 -0.056980 -0.054144 -0.050316 -0.045514 -0.039470 -0.032476 -0.024032 -0.015520 -0.000283 -0.001352 0.000000 0.000000 0.000000 0.000000 0.000000
0.000000 0.000000 0.000000 0.000000 0.000000 0.000000 0.000000 0.000000 0.000000 0.000000 0.000000 0.000000 0.000000 0.000000 0.000000 0.000000 0.000000 -0.004391 -0.013410 -0.019701 -0.027003 -0.033937 -0.038351 -0.042493 -0.045432 -0.048285 -0.050474 -0.052323 -0.053776 -0.054862 -0.055538 -0.055777 -0.055529 -0.054726 -0.053315 -0.051203 -0.048356 -0.044635 -0.040089 -0.034511 -0.028195 -0.020707 -0.013356 -0.015071 0.000401 0.000000 0.000000 0.000000 0.000000 0.000000
0.000000 0.000000 0.000000 0.000000 0.000000 0.000000 0.000000 0.000000 0.000000 0.000000 0.000000 0.000000 0.000000 0.000000 0.000000 0.000000 0.000000 -0.000617 -0.005604 -0.015120 -0.022266 -0.028576 -0.033404 -0.037587 -0.040734 -0.043722 -0.046006 -0.047868 -0.049302 -0.050327 -0.050916 -0.051051 -0.050695 -0.049795 -0.048316 -0.046187 -0.043393 -0.039830 -0.035569 -0.030439 -0.024739 -0.018077 -0.011664 -0.013170 0.000240 0.000000 0.000000 0.000000 0.000000 0.000000
0.000000 0.000000 0.000000 0.000000 0.000000 0.000000 0.000000 0.000000 0.000000 0.000000 0.000000 0.000000 0.000000 0.000000 0.000000 0.000000 0.000000 -0.001167 -0.006643 -0.012355 -0.018610 -0.024611 -0.029266 -0.033436 -0.036551 -0.039641 -0.041932 -0.043822 -0.045235 -0.046218 -0.046748 -0.046817 -0.046396 -0.045448 -0.043950 -0.041850 -0.039150 -0.035771 -0.031795 -0.027079 -0.021923 -0.015936 -0.010328 -0.002984 -0.004312 0.000000 0.000000 0.000000 0.000000 0.000000
0.000000 0.000000 0.000000 0.000000 0.000000 0.000000 0.000000 0.000000 0.000000 0.000000 0.000000 0.000000 0.000000 0.000000 0.000000 0.000000 0.000000 0.000794 0.001876 -0.009271 -0.015513 -0.020848 -0.025580 -0.029628 -0.032989 -0.035983 -0.038296 -0.040198 -0.041637 -0.042572 -0.043059 -0.043085 -0.042629 -0.041665 -0.040180 -0.038138 -0.035551 -0.032362 -0.028654 -0.024315 -0.019617 -0.014215 -0.009147 -0.010072 -0.001741 0.000000 0.000000 0.000000 0.000000 0.000000
0.000000 0.000000 0.000000 0.000000 0.000000 0.000000 0.000000 0.000000 0.000000 0.000000 0.000000 0.000000 0.000000 0.000000 0.000000 0.000000 0.000000 -0.002164 -0.001132 -0.009067 -0.014023 -0.019030 -0.023253 -0.027067 -0.029987 -0.033036 -0.035293 -0.037102 -0.038454 -0.039364 -0.042652 -0.042681 -0.042211 -0.041244 -0.039758 -0.037710 -0.032505 -0.029501 -0.026037 -0.022042 -0.017719 -0.012827 -0.008208 -0.008633 -0.003990 0.000000 0.000000 0.000000 0.000000 0.000000
0.000000 0.000000 0.000000 0.000000 0.000000 0.000000 0.000000 0.000000 0.000000 0.000000 0.000000 0.000000 0.000000 0.000000 0.000000 0.000000 0.000000 -0.000207 -0.003543 -0.007945 -0.012585 -0.017145 -0.021117 -0.024719 -0.029937 -0.030480 -0.032677 -0.034441 -0.035757 -0.036638 -0.037072 -0.037057 -0.036584 -0.035642 -0.034233 -0.032340 -0.029989 -0.027152 -0.023896 -0.020185 -0.016129 -0.011755 -0.007352 -0.007655 -0.001467 0.000000 0.000000 0.000000 0.000000 0.000000
0.000000 0.000000 0.000000 0.000000 0.000000 0.000000 0.000000 0.000000 0.000000 0.000000 0.000000 0.000000 0.000000 0.000000 0.000000 0.000000 0.000000 -0.001022 0.000359 -0.007301 -0.011324 -0.015640 -0.019392 -0.022790 -0.027467 -0.028330 -0.030459 -0.032174 -0.033452 -0.034304 -0.034714 -0.034693 -0.034229 -0.033313 -0.031952 -0.030134 -0.027893 -0.025199 -0.022139 -0.018646 -0.014948 -0.010803 -0.006913 -0.006512 -0.000018 0.000000 0.000000 0.000000 0.000000 0.000000
0.000000 0.000000 0.000000 0.000000 0.000000 0.000000 0.000000 0.000000 0.000000 0.000000 0.000000 0.000000 0.000000 0.000000 0.000000 0.000000 0.000000 -0.001888 -0.004249 -0.006589 -0.010583 -0.014430 -0.018074 -0.021318 -0.025355 -0.026673 -0.028744 -0.030409 -0.031658 -0.032497 -0.032903 -0.032876 -0.032416 -0.031515 -0.030186 -0.028436 -0.026282 -0.023716 -0.020799 -0.017519 -0.013943 -0.010171 -0.006301 -0.005748 0.000008 0.000000 0.000000 0.000000 0.000000 0.000000
0.000000 0.000000 0.000000 0.000000 0.000000 0.000000 0.000000 0.000000 0.000000 0.000000 0.000000 0.000000 0.000000 0.000000 0.000000 0.000000 0.000000 0.000106 0.000197 -0.006465 -0.009907 -0.013583 -0.016943 -0.020133 -0.023816 -0.025288 -0.027305 -0.028933 -0.030157 -0.030964 -0.031326 -0.031305 -0.030869 -0.030004 -0.028727 -0.027033 -0.024968 -0.022487 -0.019699 -0.016526 -0.013205 -0.009518 -0.006246 -0.005085 -0.000419 0.000000 0.000000 0.000000 0.000000 0.000000
0.000000 0.000000 0.000000 0.000000 0.000000 0.000000 0.000000 0.000000 0.000000 0.000000 0.000000 0.000000 0.000000 0.000000 0.000000 0.000000 0.000000 -0.000578 -0.000328 -0.005767 -0.009886 -0.013568 -0.016950 -0.020074 -0.022527 -0.025238 -0.027251 -0.028860 -0.030069 -0.030873 -0.031251 -0.031224 -0.030788 -0.029927 -0.028648 -0.026961 -0.024893 -0.022435 -0.019647 -0.016529 -0.013166 -0.009540 -0.005558 -0.004030 0.000037 0.000000 0.000000 0.000000 0.000000 0.000000
0.000000 0.000000 0.000000 0.000000 0.000000 0.000000 0.000000 0.000000 0.000000 0.000000 0.000000 0.000000 0.000000 0.000000 0.000000 0.000000 0.000000 -0.000060 -0.000467 -0.006589 -0.011635 -0.015217 -0.018594 -0.016147 -0.020679 -0.027030 -0.026221 -0.030435 -0.028858 -0.029520 -0.032281 -0.032148 -0.031185 -0.030363 -0.028887 -0.024959 -0.024025 -0.024280 -0.021881 -0.016350 -0.014894 -0.011532 -0.006667 -0.001992 -0.000532 0.000000 0.000000 0.000000 0.000000 0.000000
0.000000 0.000000 0.000000 0.000000 0.000000 0.000000 0.000000 0.000000 0.000000 0.000000 0.000000 0.000000 0.000000 0.000000 0.000000 0.000000 0.000000 -0.000035 -0.000795 -0.006219 -0.011310 -0.014211 -0.017062 -0.014707 -0.021249 -0.024472 -0.026207 -0.025718 -0.038553 -0.023808 -0.039109 -0.026115 -0.026525 -0.039180 -0.026755 -0.016681 -0.021061 -0.019343 -0.026677 -0.016763 -0.010879 -0.007450 -0.006873 -0.001925 -0.000556 0.000000 0.000000 0.000000 0.000000 0.000000
