-0.003020 0.018778 -0.000968 0.030515 0.020802 0.027092 0.023131 0.013260 0.022451 0.004970 -0.014482 0.013323 0.004924 0.002308 0.019022 0.005316 0.009114 0.008006 0.004110 0.000000 0.000000 0.000000 0.000000 0.000000 0.000000 0.000000 0.000000 0.000000 0.000000 0.000000 0.000000 0.000000 0.000000 0.000000 0.000000 0.000000 0.000000 0.000000 0.000000 0.000000 0.000000 0.000000 0.000000 0.000000 0.000000 0.000000 0.000000 0.000000 0.000000 0.000000
-0.010945 0.047444 0.046609 0.037877 0.019568 0.043672 0.041949 0.046715 0.046093 0.047422 0.045995 0.024732 0.026128 0.027230 0.027951 0.029209 0.030401 0.033220 0.036039 0.000000 0.000000 0.000000 0.000000 0.000000 0.000000 0.000000 0.000000 0.000000 0.000000 0.000000 0.000000 0.000000 0.000000 0.000000 0.000000 0.000000 0.000000 0.000000 0.000000 0.000000 0.000000 0.000000 0.000000 0.000000 0.000000 0.000000 0.000000 0.000000 0.000000 0.000000
0.035236 0.034604 0.072206 0.080763 0.089347 0.075630 0.080735 0.078419 0.081031 0.080985 0.082724 0.082259 0.083774 0.082360 0.083388 0.081760 0.083149 0.081558 0.075636 0.000000 0.000000 0.000000 0.000000 0.000000 0.000000 0.000000 0.000000 0.000000 0.000000 0.000000 0.000000 0.000000 0.000000 0.000000 0.000000 0.000000 0.000000 0.000000 0.000000 0.000000 0.000000 0.000000 0.000000 0.000000 0.000000 0.000000 0.000000 0.000000 0.000000 0.000000
0.015008 0.069715 0.091071 0.062985 0.080146 0.072509 0.077719 0.080593 0.082945 0.083922 0.085203 0.085689 0.086024 0.085465 0.085655 0.083084 0.084791 0.082181 0.101473 0.000000 0.000000 0.000000 0.000000 0.000000 0.000000 0.000000 0.000000 0.000000 0.000000 0.000000 0.000000 0.000000 0.000000 0.000000 0.000000 0.000000 0.000000 0.000000 0.000000 0.000000 0.000000 0.000000 0.000000 0.000000 0.000000 0.000000 0.000000 0.000000 0.000000 0.000000
0.054792 0.111581 0.092173 0.092427 0.104154 0.102589 0.108729 0.107948 0.113431 0.114953 0.117128 0.118139 0.118610 0.118375 0.117577 0.115406 0.115238 0.112668 0.123402 0.000000 0.000000 0.000000 0.000000 0.000000 0.000000 0.000000 0.000000 0.000000 0.000000 0.000000 0.000000 0.000000 0.000000 0.000000 0.000000 0.000000 0.000000 0.000000 0.000000 0.000000 0.000000 0.000000 0.000000 0.000000 0.000000 0.000000 0.000000 0.000000 0.000000 0.000000
0.029804 0.132737 0.117635 0.119287 0.127515 0.131935 0.133466 0.138664 0.140904 0.143361 0.145261 0.146504 0.147037 0.146282 0.145252 0.142439 0.141677 0.138479 0.135531 0.000000 0.000000 0.000000 0.000000 0.000000 0.000000 0.000000 0.000000 0.000000 0.000000 0.000000 0.000000 0.000000 0.000000 0.000000 0.000000 0.000000 0.000000 0.000000 0.000000 0.000000 0.000000 0.000000 0.000000 0.000000 0.000000 0.000000 0.000000 0.000000 0.000000 0.000000
-0.000696 0.182878 0.141944 0.142800 0.150567 0.156613 0.160776 0.162849 0.169600 0.173411 0.176544 0.178516 0.179333 0.178477 0.176610 0.173347 0.170499 0.166209 0.170377 0.000000 0.000000 0.000000 0.000000 0.000000 0.000000 0.000000 0.000000 0.000000 0.000000 0.000000 0.000000 0.000000 0.000000 0.000000 0.000000 0.000000 0.000000 0.000000 0.000000 0.000000 0.000000 0.000000 0.000000 0.000000 0.000000 0.000000 0.000000 0.000000 0.000000 0.000000
0.015125 0.156200 0.170047 0.166233 0.173085 0.181024 0.183815 0.192793 0.198384 0.203378 0.207442 0.210050 0.211035 0.209574 0.206544 0.201456 0.196963 0.190889 0.192510 0.000000 0.000000 0.000000 0.000000 0.000000 0.000000 0.000000 0.000000 0.000000 0.000000 0.000000 0.000000 0.000000 0.000000 0.000000 0.000000 0.000000 0.000000 0.000000 0.000000 0.000000 0.000000 0.000000 0.000000 0.000000 0.000000 0.000000 0.000000 0.000000 0.000000 0.000000
0.058213 0.194296 0.187174 0.191938 0.198290 0.204420 0.211848 0.217004 0.227460 0.234542 0.240600 0.244505 0.246269 0.244224 0.239709 0.231943 0.224157 0.216583 0.198835 0.000000 0.000000 0.000000 0.000000 0.000000 0.000000 0.000000 0.000000 0.000000 0.000000 0.000000 0.000000 0.000000 0.000000 0.000000 0.000000 0.000000 0.000000 0.000000 0.000000 0.000000 0.000000 0.000000 0.000000 0.000000 0.000000 0.000000 0.000000 0.000000 0.000000 0.000000
0.051273 0.240730 0.210699 0.210010 0.217499 0.229637 0.235423 0.247194 0.257226 0.266453 0.274742 0.280251 0.282753 0.279765 0.272487 0.260092 0.248050 0.236477 0.240346 0.000000 0.000000 0.000000 0.000000 0.000000 0.000000 0.000000 0.000000 0.000000 0.000000 0.000000 0.000000 0.000000 0.000000 0.000000 0.000000 0.000000 0.000000 0.000000 0.000000 0.000000 0.000000 0.000000 0.000000 0.000000 0.000000 0.000000 0.000000 0.000000 0.000000 0.000000
0.003142 0.257757 0.229147 0.231082 0.239937 0.248590 0.260680 0.272404 0.287137 0.300110 0.312418 0.320927 0.326043 0.322075 0.312165 0.292146 0.272918 0.255651 0.256568 0.000000 0.000000 0.000000 0.000000 0.000000 0.000000 0.000000 0.000000 0.000000 0.000000 0.000000 0.000000 0.000000 0.000000 0.000000 0.000000 0.000000 0.000000 0.000000 0.000000 0.000000 0.000000 0.000000 0.000000 0.000000 0.000000 0.000000 0.000000 0.000000 0.000000 0.000000
0.047256 0.251348 0.244441 0.247536 0.257642 0.271162 0.283149 0.299862 0.317099 0.334301 0.351374 0.363938 0.372194 0.367528 0.351296 0.318943 0.288153 0.264892 0.261676 0.000000 0.000000 0.000000 0.000000 0.000000 0.000000 0.000000 0.000000 0.000000 0.000000 0.000000 0.000000 0.000000 0.000000 0.000000 0.000000 0.000000 0.000000 0.000000 0.000000 0.000000 0.000000 0.000000 0.000000 0.000000 0.000000 0.000000 0.000000 0.000000 0.000000 0.000000
0.066364 0.267401 0.261032 0.262528 0.274557 0.286519 0.304086 0.324628 0.347443 0.371146 0.396471 0.416642 0.433890 0.429577 0.409689 0.354971 0.305159 0.271787 0.261919 0.000000 0.000000 0.000000 0.000000 0.000000 0.000000 0.000000 0.000000 0.000000 0.000000 0.000000 0.000000 0.000000 0.000000 0.000000 0.000000 0.000000 0.000000 0.000000 0.000000 0.000000 0.000000 0.000000 0.000000 0.000000 0.000000 0.000000 0.000000 0.000000 0.000000 0.000000
0.001741 0.277336 0.268990 0.275784 0.288671 0.300846 0.320885 0.346833 0.375314 0.405999 0.441092 0.470874 0.502166 0.500716 0.466462 0.374709 0.295627 0.251507 0.222981 0.000000 0.000000 0.000000 0.000000 0.000000 0.000000 0.000000 0.000000 0.000000 0.000000 0.000000 0.000000 0.000000 0.000000 0.000000 0.000000 0.000000 0.000000 0.000000 0.000000 0.000000 0.000000 0.000000 0.000000 0.000000 0.000000 0.000000 0.000000 0.000000 0.000000 0.000000
0.147704 0.284317 0.278211 0.283876 0.298809 0.309647 0.335247 0.365717 0.401753 0.442766 0.493212 0.541922 0.600099 0.611344 0.591145 0.430805 0.305433 0.227677 0.174690 0.000000 0.000000 0.000000 0.000000 0.000000 0.000000 0.000000 0.000000 0.000000 0.000000 0.000000 0.000000 0.000000 0.000000 0.000000 0.000000 0.000000 0.000000 0.000000 0.000000 0.000000 0.000000 0.000000 0.000000 0.000000 0.000000 0.000000 0.000000 0.000000 0.000000 0.000000
0.002369 0.286633 0.281724 0.290682 0.304870 0.313876 0.342000 0.377042 0.419802 0.469177 0.534420 0.602756 0.716769 0.895436 1.070809 0.429227 0.081097 0.056764 0.041181 0.000000 0.000000 0.000000 0.000000 0.000000 0.000000 0.000000 0.000000 0.000000 0.000000 0.000000 0.000000 0.000000 0.000000 0.000000 0.000000 0.000000 0.000000 0.000000 0.000000 0.000000 0.000000 0.000000 0.000000 0.000000 0.000000 0.000000 0.000000 0.000000 0.000000 0.000000
0.054071 0.284048 0.282230 0.287790 0.303588 0.314690 0.344939 0.380025 0.430452 0.491767 0.576928 0.674248 0.874502 1.495204 2.226060 -0.418359 -0.023148 0.006197 -0.008526 0.011272 -0.003177 0.004724 0.012385 -0.014631 0.006862 0.021568 0.010978 0.024451 0.023161 0.003254 0.003085 0.003364 0.003947 -0.017520 0.005836 0.007070 0.008514 0.023252 0.010320 0.005961 0.016709 -0.014759 0.011373 0.012801 -0.011589 -0.001311 0.008667 0.007800 0.000512 0.002981
0.055556 0.276298 0.275939 0.282098 0.296633 0.307034 0.338931 0.373536 0.422649 0.486623 0.566253 0.691169 0.827695 1.007773 1.229938 -0.388941 -0.027390 0.020586 -0.019584 0.008598 0.004495 0.015987 0.015863 0.012727 0.020901 0.021384 0.027501 0.024565 0.018207 0.016929 0.015375 0.013798 0.012083 0.020347 0.008286 0.006781 0.005122 0.012214 0.003094 0.011608 0.002309 0.008518 0.002986 0.001683 0.004217 0.003928 0.000932 0.001536 0.002506 0.002533
0.054187 0.260717 0.263262 0.267866 0.279412 0.293353 0.324553 0.354978 0.398028 0.451948 0.513101 0.598446 0.666277 0.823475 0.793888 0.429369 0.247346 0.185156 0.149136 0.120294 0.111809 0.101480 0.100506 0.095248 0.090396 0.086495 0.082187 0.078100 0.073634 0.069257 0.064829 0.060539 0.056392 0.052443 0.048706 0.045177 0.041779 0.039165 0.036386 0.033807 0.031652 0.029625 0.028129 0.026246 0.025644 0.023930 0.024497 0.021760 0.029116 0.011143
0.030727 0.239947 0.244133 0.247632 0.259938 0.275989 0.303418 0.328721 0.367834 0.414472 0.466868 0.528481 0.583492 0.629390 0.627057 0.398508 0.292486 0.238618 0.212644 0.192285 0.173381 0.165301 0.158148 0.151331 0.144789 0.138084 0.131177 0.124006 0.116776 0.109506 0.102366 0.095423 0.088769 0.082453 0.076516 0.070995 0.065882 0.061280 0.056997 0.053215 0.049844 0.046857 0.044323 0.042044 0.040305 0.038686 0.037614 0.037664 0.044708 0.029592
0.056113 0.216729 0.220917 0.223653 0.234288 0.250694 0.273715 0.294600 0.328062 0.365209 0.405586 0.449245 0.485047 0.508979 0.503376 0.406320 0.342052 0.301107 0.275898 0.255754 0.244864 0.231960 0.225472 0.215912 0.207725 0.197915 0.188115 0.177618 0.167071 0.156451 0.146046 0.135953 0.126307 0.117181 0.108627 0.100692 0.093353 0.086734 0.080659 0.075212 0.070366 0.066086 0.062391 0.059163 0.056549 0.054332 0.052663 0.052366 0.058687 0.038174
0.044265 0.191333 0.193241 0.195505 0.205659 0.219812 0.238933 0.257838 0.286173 0.316954 0.350592 0.384113 0.414293 0.428898 0.434225 0.384433 0.357769 0.335666 0.323924 0.313577 0.304837 0.297168 0.288749 0.278771 0.267748 0.255251 0.242107 0.228243 0.214267 0.200288 0.186647 0.173477 0.160943 0.149129 0.138100 0.127895 0.118513 0.109986 0.102246 0.095323 0.089152 0.083745 0.079020 0.075036 0.071597 0.069029 0.066555 0.066715 0.071184 0.069887
0.034736 0.161743 0.162143 0.164207 0.172956 0.183779 0.199505 0.216301 0.239135 0.264372 0.292071 0.320627 0.347337 0.367018 0.380836 0.372665 0.370762 0.369690 0.370635 0.369768 0.368189 0.362045 0.354676 0.343158 0.330061 0.314463 0.297909 0.280381 0.262706 0.245103 0.227984 0.211534 0.195940 0.181302 0.167685 0.155124 0.143611 0.133161 0.123708 0.115258 0.107736 0.101155 0.095404 0.090564 0.086393 0.083208 0.080305 0.080372 0.079829 0.081837
0.009955 0.128770 0.128023 0.129767 0.137351 0.144864 0.157857 0.171749 0.190254 0.211657 0.235847 0.262779 0.290445 0.316927 0.342775 0.360221 0.381354 0.399728 0.416339 0.427304 0.431987 0.430227 0.422750 0.410082 0.393829 0.374657 0.353942 0.332249 0.310434 0.288896 0.268077 0.248207 0.229477 0.211984 0.195785 0.180897 0.167302 0.154984 0.143877 0.133970 0.125161 0.117480 0.110755 0.105142 0.100262 0.096632 0.093180 0.093350 0.083243 0.095113
0.070787 0.062918 0.091652 0.093276 0.099283 0.103207 0.112911 0.122968 0.136897 0.154292 0.174627 0.200974 0.229554 0.265869 0.303463 0.346552 0.392635 0.434322 0.468090 0.491350 0.503026 0.503651 0.495610 0.480198 0.459978 0.436201 0.410625 0.384139 0.357723 0.331898 0.307131 0.283670 0.261697 0.241292 0.222491 0.205282 0.189629 0.175491 0.162784 0.151476 0.141442 0.132707 0.125083 0.118715 0.113257 0.109146 0.105952 0.105469 0.097117 0.093875
-0.000259 0.058147 0.054081 0.055835 0.059604 0.059891 0.066161 0.072208 0.081773 0.095569 0.112741 0.139454 0.170469 0.216469 0.267272 0.336335 0.409403 0.476549 0.528675 0.564616 0.583308 0.586906 0.577539 0.558644 0.533387 0.500780 0.471820 0.439745 0.407493 0.376569 0.346897 0.319276 0.293357 0.269698 0.248105 0.228595 0.210911 0.194988 0.180703 0.168031 0.156778 0.147034 0.138482 0.131430 0.125271 0.120698 0.116512 0.116476 0.105467 0.082354
-0.017370 0.023266 0.015980 0.017591 0.018523 0.014669 0.016481 0.017056 0.020335 0.028065 0.038408 0.062196 0.090205 0.146641 0.208128 0.309614 0.429865 0.531114 0.607777 0.658009 0.680276 0.680595 0.664315 0.636997 0.602889 0.565149 0.526119 0.487293 0.449720 0.413995 0.380486 0.349351 0.320656 0.294370 0.270439 0.248739 0.229177 0.211640 0.195991 0.182148 0.169917 0.159313 0.150067 0.142338 0.135628 0.130738 0.126473 0.126233 0.093204 0.124267
-0.014951 -0.007232 -0.023064 -0.021202 -0.022554 -0.030649 -0.033289 -0.038404 -0.041411 -0.040080 -0.036308 -0.016542 0.009454 0.073173 0.147811 0.291883 0.463839 0.612618 0.710728 0.774743 0.798708 0.793511 0.767506 0.728959 0.683524 0.635373 0.587112 0.540318 0.495936 0.454466 0.416115 0.380902 0.348752 0.319525 0.293069 0.269237 0.247787 0.228591 0.211445 0.196344 0.182902 0.171368 0.161180 0.152989 0.145808 0.140574 0.136083 0.135435 0.115970 0.132054
-0.031283 -0.040875 -0.059154 -0.057729 -0.064155 -0.076666 -0.085446 -0.098241 -0.111010 -0.121217 -0.132521 -0.126379 -0.119165 -0.058972 0.014809 0.194660 0.492987 0.711668 0.851913 0.926908 0.942583 0.920643 0.875557 0.819112 0.758313 0.697376 0.638646 0.583373 0.532154 0.485149 0.442288 0.403350 0.368115 0.336299 0.307744 0.282035 0.259121 0.238768 0.220822 0.205098 0.191331 0.179496 0.169125 0.160184 0.152327 0.146763 0.142199 0.142148 0.123822 0.124129
-0.054765 -0.089464 -0.094212 -0.093224 -0.103293 -0.120231 -0.134742 -0.154974 -0.177194 -0.199953 -0.225298 -0.237003 -0.243695 -0.189610 -0.119853 0.152915 0.576638 0.937021 1.096004 1.157423 1.145707 1.091887 1.016749 0.934330 0.852026 0.774160 0.702337 0.636952 0.577793 0.524468 0.476514 0.433484 0.394910 0.360352 0.329466 0.302063 0.277452 0.255390 0.235736 0.218531 0.203136 0.189701 0.177965 0.168979 0.161449 0.155485 0.150922 0.148795 0.136769 0.144370
-0.022944 -0.153962 -0.128189 -0.129016 -0.141875 -0.162239 -0.183388 -0.212862 -0.247957 -0.290791 -0.342868 -0.395832 -0.459411 -0.471358 -0.500767 -0.190917 0.578743 1.086869 1.314423 1.387257 1.336921 1.236719 1.121392 1.008453 0.904843 0.811560 0.728592 0.655088 0.590035 0.532393 0.481272 0.435737 0.395221 0.359105 0.327367 0.298501 0.273198 0.251202 0.232234 0.216178 0.202531 0.191859 0.181173 0.170946 0.160779 0.154356 0.147283 0.153089 0.138196 0.132739
-0.038569 -0.184358 -0.158936 -0.159649 -0.175892 -0.197463 -0.224051 -0.260083 -0.305043 -0.364185 -0.435750 -0.537505 -0.597336 -0.748502 -0.880548 -0.311682 0.964502 1.851538 2.151425 1.995623 1.755699 1.530157 1.336860 1.172037 1.032776 0.915597 0.816081 0.730410 0.656076 0.591120 0.534045 0.483832 0.439464 0.400072 0.365341 0.335710 0.308553 0.283187 0.260605 0.240399 0.222919 0.202808 0.189062 0.179724 0.176049 0.169505 0.164730 0.154390 0.139393 0.126334
-0.095820 -0.205655 -0.184236 -0.185189 -0.203043 -0.226437 -0.257339 -0.299962 -0.354285 -0.433188 -0.530498 -0.695730 -0.862285 -1.952426 -2.097243 0.250268 0.691316 3.287346 2.840404 2.761568 1.765015 1.784090 1.409228 1.207808 1.057108 0.931610 0.821438 0.724619 0.645487 0.577360 0.520355 0.472776 0.418941 0.377392 0.344138 0.312816 0.285078 0.260416 0.236747 0.222127 0.202792 0.196437 0.192396 0.165907 0.169121 0.159095 0.150038 0.144651 0.138060 0.134616
-0.025786 -0.218957 -0.201201 -0.204244 -0.222189 -0.245920 -0.278975 -0.323223 -0.380697 -0.462368 -0.566371 -0.732259 -0.927337 -1.437890 -2.388603 -0.018034 -0.061396 0.002931 2.851220 2.988998 -0.023911 -0.019708 0.002341 -0.000906 1.065312 -0.007356 0.000041 -0.001000 -0.000865 0.000719 -0.000563 0.000588 0.437848 0.000117 -0.000272 -0.000241 0.000095 -0.000494 0.242215 0.264895 -0.000184 0.212213 0.198370 0.172370 0.182820 0.164155 0.163975 0.152017 0.152690 0.141868
-0.097494 -0.218524 -0.211545 -0.213366 -0.232720 -0.254852 -0.287209 -0.327500 -0.378638 -0.446070 -0.525772 -0.637478 -0.760481 -0.864126 -0.812882 -0.413405 -0.297976 -0.124044 -0.052576 -0.049202 -0.035495 -0.025585 -0.018829 -0.013720 -0.010580 -0.008036 -0.010954 -0.004899 -0.003849 -0.003088 -0.004629 0.000288 0.000379 0.000127 0.000250 0.000104 0.000053 0.000113 0.000078 -0.000028 -0.000146 -0.000784 -0.000737 0.000000 0.000000 0.000000 0.000000 0.000000 0.000000 0.000000
-0.109842 -0.185418 -0.211973 -0.237101 -0.253145 -0.256208 -0.288144 -0.324501 -0.369484 -0.426361 -0.488132 -0.568764 -0.630338 -0.710137 -0.685383 -0.468099 -0.291324 -0.197281 -0.132376 -0.095815 -0.069765 -0.052419 -0.039782 -0.030872 -0.024152 -0.019027 -0.015172 -0.012183 -0.009820 -0.007979 -0.006500 -0.005327 -0.004377 -0.003617 -0.003013 -0.002518 -0.002136 -0.001849 -0.001615 -0.001463 -0.001339 -0.001241 -0.001191 0.000000 0.000000 0.000000 0.000000 0.000000 0.000000 0.000000
-0.060756 -0.186890 -0.216780 -0.217997 -0.235245 -0.252480 -0.279133 -0.308818 -0.344972 -0.386286 -0.430715 -0.476310 -0.514666 -0.524551 -0.498402 -0.381885 -0.277197 -0.202119 -0.147377 -0.109097 -0.082512 -0.063197 -0.049113 -0.038603 -0.030520 -0.024328 -0.019497 -0.015698 -0.012711 -0.010324 -0.008428 -0.006901 -0.005679 -0.004699 -0.003912 -0.003287 -0.002792 -0.002406 -0.002117 -0.001911 -0.001759 -0.001869 -0.001613 0.000000 0.000000 0.000000 0.000000 0.000000 0.000000 0.000000
-0.033074 -0.191044 -0.212415 -0.227203 -0.241102 -0.263059 -0.263639 -0.287754 -0.317459 -0.348634 -0.382753 -0.413596 -0.435418 -0.441215 -0.416788 -0.343712 -0.267047 -0.211282 -0.162339 -0.126353 -0.098322 -0.077133 -0.060675 -0.048107 -0.038405 -0.030790 -0.024818 -0.020082 -0.016313 -0.013299 -0.010879 -0.008931 -0.007361 -0.006096 -0.005080 -0.004268 -0.003624 -0.003126 -0.002744 -0.002473 -0.002265 -0.002616 -0.002041 0.000000 0.000000 0.000000 0.000000 0.000000 0.000000 0.000000
-0.064542 -0.221169 -0.203835 -0.205259 -0.217775 -0.230350 -0.248756 -0.268088 -0.290663 -0.312828 -0.334667 -0.351734 -0.362196 -0.355646 -0.336871 -0.287976 -0.241057 -0.194889 -0.157267 -0.125734 -0.100736 -0.080690 -0.064895 -0.052260 -0.042227 -0.034197 -0.027777 -0.022614 -0.018460 -0.015105 -0.012394 -0.010200 -0.008424 -0.006989 -0.005834 -0.004909 -0.004177 -0.003604 -0.003174 -0.002862 -0.002636 -0.002964 -0.002850 0.000000 0.000000 0.000000 0.000000 0.000000 0.000000 0.000000
-0.055024 -0.195207 -0.193038 -0.194257 -0.204053 -0.214564 -0.229629 -0.244465 -0.262640 -0.278868 -0.294529 -0.305588 -0.310726 -0.304832 -0.288585 -0.255312 -0.219610 -0.184356 -0.152708 -0.125314 -0.102511 -0.083490 -0.068036 -0.055386 -0.045170 -0.036855 -0.030125 -0.024655 -0.020213 -0.016600 -0.013661 -0.011271 -0.009328 -0.007752 -0.006479 -0.005457 -0.004645 -0.004011 -0.003533 -0.003181 -0.002940 -0.003135 -0.003067 0.000000 0.000000 0.000000 0.000000 0.000000 0.000000 0.000000
-0.006266 -0.160343 -0.178216 -0.180374 -0.187993 -0.196649 -0.208509 -0.219572 -0.233770 -0.244014 -0.254137 -0.259607 -0.261017 -0.253599 -0.240524 -0.216241 -0.191379 -0.164049 -0.139509 -0.116821 -0.097472 -0.080736 -0.066763 -0.055041 -0.045354 -0.037333 -0.030735 -0.025305 -0.020848 -0.017192 -0.014196 -0.011744 -0.009742 -0.008112 -0.006792 -0.005729 -0.004884 -0.004221 -0.003723 -0.003356 -0.003103 -0.003203 -0.002929 0.000000 0.000000 0.000000 0.000000 0.000000 0.000000 0.000000
-0.037414 -0.171239 -0.161076 -0.163653 -0.170452 -0.175307 -0.186217 -0.192905 -0.205835 -0.212818 -0.219902 -0.222894 -0.222787 -0.216416 -0.205717 -0.187983 -0.168530 -0.147329 -0.127253 -0.108318 -0.091637 -0.076857 -0.064247 -0.053462 -0.044408 -0.036808 -0.030481 -0.025222 -0.020869 -0.017271 -0.014305 -0.011865 -0.009864 -0.008228 -0.006900 -0.005827 -0.004973 -0.004302 -0.003795 -0.003423 -0.003150 -0.003295 -0.003442 0.000000 0.000000 0.000000 0.000000 0.000000 0.000000 0.000000
-0.039478 -0.134305 -0.142583 -0.146209 -0.151247 -0.156778 -0.167460 -0.169062 -0.178779 -0.182340 -0.186746 -0.187667 -0.186372 -0.180505 -0.171778 -0.158286 -0.143684 -0.127285 -0.111553 -0.096243 -0.082406 -0.069929 -0.059048 -0.049594 -0.041521 -0.034653 -0.028864 -0.024004 -0.019945 -0.016565 -0.013762 -0.011444 -0.009534 -0.007968 -0.006692 -0.005659 -0.004835 -0.004186 -0.003696 -0.003337 -0.003075 -0.002908 -0.002898 0.000000 0.000000 0.000000 0.000000 0.000000 0.000000 0.000000
-0.025428 -0.136738 -0.118607 -0.122490 -0.132767 -0.126558 -0.141696 -0.142685 -0.152027 -0.154214 -0.157111 -0.157238 -0.155706 -0.150852 -0.143809 -0.133570 -0.122164 -0.109409 -0.096819 -0.084435 -0.073004 -0.062505 -0.053194 -0.044995 -0.037905 -0.031812 -0.026627 -0.022238 -0.018546 -0.015452 -0.012872 -0.010729 -0.008957 -0.007498 -0.006306 -0.005340 -0.004568 -0.003958 -0.003500 -0.003158 -0.002920 -0.003187 -0.003035 0.000000 0.000000 0.000000 0.000000 0.000000 0.000000 0.000000
-0.024498 -0.114174 -0.095102 -0.103238 -0.114659 -0.112346 -0.121183 -0.118518 -0.125098 -0.125859 -0.127526 -0.127037 -0.125408 -0.121429 -0.115931 -0.108181 -0.099523 -0.089802 -0.080081 -0.070416 -0.061333 -0.052913 -0.045334 -0.038593 -0.032688 -0.027568 -0.023171 -0.019423 -0.016249 -0.013576 -0.011336 -0.009468 -0.007918 -0.006639 -0.005591 -0.004739 -0.004056 -0.003519 -0.003110 -0.002814 -0.002597 -0.002899 -0.002637 0.000000 0.000000 0.000000 0.000000 0.000000 0.000000 0.000000
-0.022814 -0.083762 -0.074167 -0.073940 -0.085978 -0.077447 -0.099504 -0.093276 -0.099675 -0.100495 -0.101970 -0.101477 -0.100095 -0.096943 -0.092555 -0.086754 -0.080232 -0.072883 -0.065395 -0.057902 -0.050764 -0.044071 -0.037965 -0.032474 -0.027632 -0.023401 -0.019740 -0.016597 -0.013924 -0.011661 -0.009757 -0.008163 -0.006837 -0.005739 -0.004838 -0.004105 -0.003517 -0.003053 -0.002704 -0.002447 -0.002260 -0.002494 -0.001464 0.000000 0.000000 0.000000 0.000000 0.000000 0.000000 0.000000
-0.031161 -0.058105 -0.070780 -0.049754 -0.068234 -0.058583 -0.065449 -0.065821 -0.069254 -0.070905 -0.072249 -0.072075 -0.071162 -0.069206 -0.066633 -0.062720 -0.058061 -0.052879 -0.047586 -0.042366 -0.037234 -0.032472 -0.028070 -0.024145 -0.020613 -0.017517 -0.014812 -0.012489 -0.010499 -0.008811 -0.007386 -0.006190 -0.005192 -0.004365 -0.003684 -0.003129 -0.002682 -0.002330 -0.002060 -0.001859 -0.001721 -0.001904 -0.001263 0.000000 0.000000 0.000000 0.000000 0.000000 0.000000 0.000000
-0.018107 -0.027986 -0.066698 -0.070959 -0.082300 -0.066312 -0.070957 -0.066635 -0.070007 -0.070167 -0.071144 -0.070627 -0.069608 -0.067453 -0.064552 -0.060606 -0.056231 -0.051264 -0.046185 -0.041084 -0.036136 -0.031482 -0.027220 -0.023369 -0.019949 -0.016945 -0.014337 -0.012081 -0.010157 -0.008522 -0.007143 -0.005986 -0.005021 -0.004222 -0.003564 -0.003029 -0.002600 -0.002263 -0.002006 -0.001828 -0.001723 -0.001302 -0.001580 0.000000 0.000000 0.000000 0.000000 0.000000 0.000000 0.000000
-0.023130 -0.053225 -0.050938 -0.034512 -0.008987 -0.033659 -0.029683 -0.036842 -0.035895 -0.012234 -0.038496 -0.038015 -0.037249 -0.018650 -0.023093 -0.015068 -0.018574 -0.015264 -0.012786 -0.012611 -0.010812 -0.009865 -0.008167 -0.007133 -0.006147 -0.010531 -0.009051 -0.003750 -0.003175 -0.002679 -0.002262 -0.001911 -0.001620 -0.001384 -0.001192 -0.001043 -0.001561 -0.000935 -0.001154 -0.000988 -0.000882 -0.000886 -0.000775 0.000000 0.000000 0.000000 0.000000 0.000000 0.000000 0.000000
0.032077 -0.029158 -0.008235 -0.005300 0.006528 -0.010185 -0.012019 0.007935 0.000948 -0.014699 0.007051 0.006653 0.005960 -0.005561 -0.006026 -0.005372 -0.005466 -0.005082 -0.008936 -0.006542 -0.001991 -0.003565 -0.003046 -0.002674 0.001615 0.001362 -0.006689 -0.001458 -0.001234 -0.001042 -0.000874 -0.000731 -0.000606 -0.000504 -0.000416 -0.000149 0.000159 0.000095 -0.000195 -0.000148 -0.000225 -0.000169 -0.000140 0.000000 0.000000 0.000000 0.000000 0.000000 0.000000 0.000000
