0.510731 0.462174 0.430548 0.452376 0.457329 0.362132 0.370406 0.327413 0.333332 0.250425 0.267997 0.221796 0.183544 0.171603 0.106227 0.085813 0.070532 0.036322 0.000295 0.000000 0.000000 0.000000 0.000000 0.000000 0.000000 0.000000 0.000000 0.000000 0.000000 0.000000 0.000000 0.000000 0.000000 0.000000 0.000000 0.000000 0.000000 0.000000 0.000000 0.000000 0.000000 0.000000 0.000000 0.000000 0.000000 0.000000 0.000000 0.000000 0.000000 0.000000
0.512526 0.470291 0.428425 0.408174 0.388262 0.393901 0.359985 0.334528 0.302915 0.272689 0.241720 0.219150 0.186642 0.154711 0.122517 0.091137 0.063316 0.033417 -0.000566 0.000000 0.000000 0.000000 0.000000 0.000000 0.000000 0.000000 0.000000 0.000000 0.000000 0.000000 0.000000 0.000000 0.000000 0.000000 0.000000 0.000000 0.000000 0.000000 0.000000 0.000000 0.000000 0.000000 0.000000 0.000000 0.000000 0.000000 0.000000 0.000000 0.000000 0.000000
0.436919 0.431860 0.446693 0.420471 0.419533 0.378837 0.364000 0.326056 0.303208 0.271856 0.244744 0.214797 0.185774 0.156256 0.126898 0.098008 0.069139 0.039832 0.004381 0.000000 0.000000 0.000000 0.000000 0.000000 0.000000 0.000000 0.000000 0.000000 0.000000 0.000000 0.000000 0.000000 0.000000 0.000000 0.000000 0.000000 0.000000 0.000000 0.000000 0.000000 0.000000 0.000000 0.000000 0.000000 0.000000 0.000000 0.000000 0.000000 0.000000 0.000000
0.500853 0.493412 0.410374 0.407048 0.411194 0.368698 0.350454 0.323557 0.301173 0.271659 0.244309 0.214728 0.185515 0.156159 0.126438 0.098409 0.069396 0.044561 -0.006826 0.000000 0.000000 0.000000 0.000000 0.000000 0.000000 0.000000 0.000000 0.000000 0.000000 0.000000 0.000000 0.000000 0.000000 0.000000 0.000000 0.000000 0.000000 0.000000 0.000000 0.000000 0.000000 0.000000 0.000000 0.000000 0.000000 0.000000 0.000000 0.000000 0.000000 0.000000
0.521225 0.500788 0.424721 0.417557 0.431154 0.381438 0.367478 0.330336 0.306743 0.274659 0.246694 0.216030 0.186350 0.156164 0.126577 0.097376 0.068587 0.041647 -0.006818 0.000000 0.000000 0.000000 0.000000 0.000000 0.000000 0.000000 0.000000 0.000000 0.000000 0.000000 0.000000 0.000000 0.000000 0.000000 0.000000 0.000000 0.000000 0.000000 0.000000 0.000000 0.000000 0.000000 0.000000 0.000000 0.000000 0.000000 0.000000 0.000000 0.000000 0.000000
0.508500 0.503984 0.427105 0.415293 0.422369 0.374610 0.362089 0.329082 0.306210 0.275305 0.247100 0.216330 0.186071 0.155439 0.125355 0.096142 0.067149 0.041875 0.005989 0.000000 0.000000 0.000000 0.000000 0.000000 0.000000 0.000000 0.000000 0.000000 0.000000 0.000000 0.000000 0.000000 0.000000 0.000000 0.000000 0.000000 0.000000 0.000000 0.000000 0.000000 0.000000 0.000000 0.000000 0.000000 0.000000 0.000000 0.000000 0.000000 0.000000 0.000000
0.498940 0.496348 0.425240 0.417368 0.426392 0.378044 0.370047 0.334993 0.311199 0.279027 0.249864 0.217817 0.186318 0.154502 0.123465 0.093744 0.065033 0.039706 0.009707 0.000000 0.000000 0.000000 0.000000 0.000000 0.000000 0.000000 0.000000 0.000000 0.000000 0.000000 0.000000 0.000000 0.000000 0.000000 0.000000 0.000000 0.000000 0.000000 0.000000 0.000000 0.000000 0.000000 0.000000 0.000000 0.000000 0.000000 0.000000 0.000000 0.000000 0.000000
0.506430 0.503517 0.429765 0.420891 0.421960 0.380206 0.369147 0.337082 0.313892 0.282149 0.252194 0.219136 0.186033 0.152701 0.120203 0.089953 0.061453 0.037666 -0.006067 0.000000 0.000000 0.000000 0.000000 0.000000 0.000000 0.000000 0.000000 0.000000 0.000000 0.000000 0.000000 0.000000 0.000000 0.000000 0.000000 0.000000 0.000000 0.000000 0.000000 0.000000 0.000000 0.000000 0.000000 0.000000 0.000000 0.000000 0.000000 0.000000 0.000000 0.000000
0.510715 0.505805 0.434237 0.428050 0.440404 0.391533 0.381734 0.345785 0.321422 0.288112 0.256569 0.221436 0.185857 0.150003 0.115341 0.084145 0.056207 0.034530 -0.003385 0.000000 0.000000 0.000000 0.000000 0.000000 0.000000 0.000000 0.000000 0.000000 0.000000 0.000000 0.000000 0.000000 0.000000 0.000000 0.000000 0.000000 0.000000 0.000000 0.000000 0.000000 0.000000 0.000000 0.000000 0.000000 0.000000 0.000000 0.000000 0.000000 0.000000 0.000000
0.508182 0.508432 0.440343 0.425077 0.426606 0.392183 0.384077 0.351859 0.328269 0.295202 0.262200 0.224838 0.185790 0.146165 0.107999 0.074509 0.048044 0.026891 0.008697 0.000000 0.000000 0.000000 0.000000 0.000000 0.000000 0.000000 0.000000 0.000000 0.000000 0.000000 0.000000 0.000000 0.000000 0.000000 0.000000 0.000000 0.000000 0.000000 0.000000 0.000000 0.000000 0.000000 0.000000 0.000000 0.000000 0.000000 0.000000 0.000000 0.000000 0.000000
0.495049 0.511833 0.446507 0.436769 0.447942 0.405434 0.398614 0.363883 0.340320 0.305674 0.270431 0.229523 0.185472 0.139866 0.096000 0.059834 0.035089 0.020122 -0.004416 0.000000 0.000000 0.000000 0.000000 0.000000 0.000000 0.000000 0.000000 0.000000 0.000000 0.000000 0.000000 0.000000 0.000000 0.000000 0.000000 0.000000 0.000000 0.000000 0.000000 0.000000 0.000000 0.000000 0.000000 0.000000 0.000000 0.000000 0.000000 0.000000 0.000000 0.000000
0.509027 0.514123 0.454500 0.437488 0.441648 0.412249 0.408287 0.377541 0.354736 0.320483 0.283075 0.238515 0.187089 0.132566 0.078345 0.035396 0.014870 0.004050 -0.001272 0.000000 0.000000 0.000000 0.000000 0.000000 0.000000 0.000000 0.000000 0.000000 0.000000 0.000000 0.000000 0.000000 0.000000 0.000000 0.000000 0.000000 0.000000 0.000000 0.000000 0.000000 0.000000 0.000000 0.000000 0.000000 0.000000 0.000000 0.000000 0.000000 0.000000 0.000000
0.506294 0.480913 0.462403 0.448802 0.459021 0.427256 0.426401 0.396246 0.374596 0.340010 0.300209 0.250571 0.189409 0.119291 0.048661 -0.002237 -0.014382 -0.012233 -0.003349 0.000000 0.000000 0.000000 0.000000 0.000000 0.000000 0.000000 0.000000 0.000000 0.000000 0.000000 0.000000 0.000000 0.000000 0.000000 0.000000 0.000000 0.000000 0.000000 0.000000 0.000000 0.000000 0.000000 0.000000 0.000000 0.000000 0.000000 0.000000 0.000000 0.000000 0.000000
0.498563 0.484315 0.471889 0.458594 0.466869 0.443658 0.443969 0.420217 0.401108 0.369414 0.328577 0.275954 0.200883 0.113472 0.009462 -0.065248 -0.065269 -0.057395 -0.010880 0.000000 0.000000 0.000000 0.000000 0.000000 0.000000 0.000000 0.000000 0.000000 0.000000 0.000000 0.000000 0.000000 0.000000 0.000000 0.000000 0.000000 0.000000 0.000000 0.000000 0.000000 0.000000 0.000000 0.000000 0.000000 0.000000 0.000000 0.000000 0.000000 0.000000 0.000000
0.407411 0.489644 0.481756 0.468362 0.482825 0.463785 0.468999 0.448632 0.433398 0.405645 0.364977 0.311570 0.220033 0.097328 -0.064187 -0.165414 -0.138154 -0.090390 -0.006407 0.000000 0.000000 0.000000 0.000000 0.000000 0.000000 0.000000 0.000000 0.000000 0.000000 0.000000 0.000000 0.000000 0.000000 0.000000 0.000000 0.000000 0.000000 0.000000 0.000000 0.000000 0.000000 0.000000 0.000000 0.000000 0.000000 0.000000 0.000000 0.000000 0.000000 0.000000
0.495184 0.496260 0.494602 0.482293 0.502665 0.488092 0.493104 0.485438 0.477928 0.460394 0.426876 0.382701 0.280247 0.027421 -0.272745 -0.744874 -0.319657 -0.105445 -0.006943 0.000000 0.000000 0.000000 0.000000 0.000000 0.000000 0.000000 0.000000 0.000000 0.000000 0.000000 0.000000 0.000000 0.000000 0.000000 0.000000 0.000000 0.000000 0.000000 0.000000 0.000000 0.000000 0.000000 0.000000 0.000000 0.000000 0.000000 0.000000 0.000000 0.000000 0.000000
0.471796 0.501787 0.506097 0.492610 0.528363 0.513136 0.525987 0.521955 0.525275 0.519562 0.498399 0.479524 0.373152 0.115101 1.605947 0.685166 1.250096 1.255430 1.098675 1.107254 1.015901 0.922896 0.852245 0.760204 0.737500 0.693052 0.587642 0.582754 0.506029 0.482883 0.439999 0.400834 0.363880 0.323605 0.297717 0.268197 0.240634 0.207347 0.191102 0.157639 0.150264 0.128566 0.110394 0.095747 0.069510 0.055558 0.056555 0.043709 0.015275 0.002546
0.492758 0.507131 0.519024 0.507586 0.552064 0.541781 0.565787 0.569851 0.589454 0.607658 0.630239 0.685952 0.708851 0.950451 0.601812 0.656217 1.312075 1.273924 1.111002 1.119995 1.029482 0.937670 0.854003 0.777674 0.740700 0.727675 0.655084 0.604857 0.518085 0.470193 0.425166 0.383904 0.345108 0.316606 0.275592 0.244785 0.219378 0.170483 0.167596 0.146300 0.146052 0.109064 0.114445 0.091216 0.057019 0.050175 0.038173 0.033333 0.013352 0.000130
0.506089 0.516470 0.530682 0.521978 0.579660 0.566420 0.597623 0.608414 0.638555 0.664827 0.706454 0.760724 0.862690 0.988381 1.349511 1.560722 1.343727 1.234956 1.148610 1.085578 1.009691 0.932964 0.868230 0.804244 0.742895 0.684843 0.629548 0.577545 0.528355 0.482428 0.439394 0.399365 0.362114 0.327562 0.295497 0.265794 0.238178 0.212659 0.188904 0.166693 0.145986 0.126610 0.108232 0.091138 0.074209 0.059194 0.042555 0.043058 0.019084 -0.000568
0.506041 0.521425 0.543007 0.535138 0.597341 0.589836 0.628789 0.648514 0.686935 0.722448 0.773622 0.836114 0.924318 1.029167 1.239876 1.318814 1.264221 1.205553 1.143501 1.074961 1.006790 0.938584 0.869164 0.806832 0.743821 0.685773 0.629429 0.577045 0.527370 0.481124 0.437850 0.397664 0.360328 0.325751 0.293713 0.264088 0.236551 0.211078 0.187494 0.165469 0.144877 0.125650 0.107403 0.090408 0.073592 0.058572 0.042187 0.041503 0.021558 0.001972
0.518736 0.525354 0.553383 0.546059 0.612581 0.608900 0.657488 0.680023 0.724803 0.763851 0.819906 0.879570 0.963219 1.044645 1.170484 1.227167 1.199547 1.164863 1.111961 1.057358 0.993583 0.927611 0.862718 0.798866 0.736823 0.677701 0.621257 0.568358 0.518577 0.472296 0.429185 0.389273 0.352312 0.318170 0.286619 0.257484 0.230526 0.205598 0.182473 0.160979 0.140880 0.122162 0.104329 0.087846 0.071395 0.056878 0.040661 0.039894 0.021167 -0.001203
0.522905 0.531493 0.562909 0.556128 0.625717 0.626215 0.683146 0.707328 0.757668 0.799816 0.857290 0.915327 0.986329 1.053419 1.129768 1.171680 1.164119 1.139528 1.097292 1.044291 0.984181 0.920037 0.853748 0.789500 0.726179 0.666443 0.609380 0.556207 0.506372 0.460239 0.417466 0.378019 0.341634 0.308135 0.277276 0.248855 0.222626 0.198412 0.175992 0.155191 0.135759 0.117675 0.100470 0.084539 0.068714 0.054625 0.039104 0.038252 0.020867 0.001469
0.507051 0.536673 0.570943 0.564179 0.636399 0.640835 0.702766 0.729162 0.783912 0.828412 0.887320 0.943862 1.008750 1.066525 1.122803 1.154624 1.151358 1.131064 1.090256 1.038756 0.977499 0.911790 0.844514 0.777981 0.713374 0.652092 0.594260 0.540517 0.490611 0.444661 0.402355 0.363547 0.327943 0.295305 0.265365 0.237879 0.212598 0.189313 0.167793 0.147869 0.129285 0.112012 0.095598 0.080396 0.065351 0.051788 0.037385 0.036309 0.020254 0.001413
0.463126 0.540230 0.577263 0.570814 0.645141 0.652630 0.717620 0.747185 0.805648 0.852779 0.913573 0.970703 1.032763 1.087162 1.134244 1.162321 1.161137 1.139613 1.097540 1.041936 0.976603 0.906599 0.834950 0.764918 0.697495 0.634276 0.575270 0.520971 0.471059 0.425483 0.383864 0.345946 0.311376 0.279856 0.251076 0.224762 0.200646 0.178495 0.158076 0.139208 0.121646 0.105336 0.089870 0.075522 0.061352 0.048533 0.034611 0.033925 0.018613 0.001445
0.423164 0.556577 0.581533 0.575639 0.651939 0.661327 0.729432 0.761611 0.823747 0.874014 0.938405 0.998420 1.062660 1.118514 1.165253 1.193542 1.191771 1.166298 1.117688 1.054382 0.980463 0.902600 0.824405 0.749057 0.677929 0.612172 0.551817 0.496976 0.447228 0.402279 0.361644 0.324928 0.291704 0.261600 0.234266 0.209386 0.186677 0.165883 0.146776 0.129152 0.112796 0.097611 0.083266 0.069918 0.056858 0.044730 0.032618 0.031498 0.019958 -0.005714
0.472406 0.544802 0.584032 0.578325 0.656289 0.666326 0.737205 0.771195 0.836891 0.890413 0.960035 1.025241 1.097117 1.160476 1.214695 1.251377 1.249599 1.215628 1.154509 1.076798 0.988378 0.898102 0.810010 0.727526 0.651462 0.584842 0.521227 0.466144 0.417173 0.373555 0.334753 0.299950 0.268840 0.240660 0.215052 0.191889 0.170847 0.151646 0.134060 0.117870 0.102885 0.088989 0.075895 0.063724 0.051816 0.041262 0.029297 0.028818 0.019279 -0.000245
0.515141 0.545975 0.584631 0.578389 0.658041 0.668138 0.741724 0.777349 0.847225 0.904995 0.981950 1.055511 1.139305 1.215823 1.284697 1.333414 1.332471 1.287103 1.207140 1.109293 1.001300 0.894867 0.794412 0.703377 0.622104 0.550615 0.487865 0.432973 0.384839 0.342566 0.305284 0.272288 0.242958 0.216777 0.193313 0.172173 0.153055 0.135667 0.119818 0.105233 0.091810 0.079335 0.067687 0.056746 0.046173 0.036031 0.026244 0.025506 0.015858 0.001392
0.429260 0.551721 0.583021 0.575659 0.656236 0.664618 0.739742 0.775302 0.848375 0.909025 0.994726 1.077387 1.180348 1.279698 1.375914 1.462758 1.470426 1.398551 1.283864 1.149660 1.011425 0.882906 0.767506 0.667454 0.581315 0.507887 0.445148 0.391523 0.345418 0.305596 0.270969 0.240683 0.214022 0.190433 0.169429 0.150629 0.133748 0.118460 0.104569 0.091802 0.080059 0.069158 0.058949 0.049330 0.040268 0.032164 0.022740 0.022679 0.017232 0.001838
0.395015 0.552961 0.583030 0.570228 0.652115 0.657603 0.734113 0.769367 0.846053 0.910792 1.006853 1.103375 1.232491 1.358906 1.502834 1.626262 1.644885 1.545372 1.376687 1.197647 1.019680 0.862975 0.729239 0.618942 0.528226 0.454044 0.392794 0.341915 0.299156 0.262870 0.231795 0.204959 0.181589 0.161086 0.143002 0.126864 0.112389 0.099315 0.087570 0.076704 0.066858 0.057641 0.049331 0.041399 0.033801 0.026368 0.019588 0.019026 0.016826 -0.010377
0.403713 0.553859 0.578265 0.561559 0.641970 0.643869 0.718236 0.749690 0.825735 0.888302 0.991704 1.094389 1.257109 1.423258 1.648098 1.902795 1.960720 1.772551 1.511052 1.242956 1.003937 0.814029 0.664615 0.549350 0.459120 0.388121 0.331389 0.285376 0.247496 0.215939 0.189285 0.166555 0.146977 0.130030 0.115093 0.101916 0.090424 0.080138 0.070891 0.062338 0.054515 0.047001 0.039692 0.032586 0.026898 0.022084 0.015520 0.016709 0.015388 0.007346
0.379678 0.568547 0.558665 0.550937 0.630343 0.626994 0.699493 0.726683 0.800971 0.862230 0.968532 1.082585 1.281183 1.464096 1.885528 2.281040 2.335736 2.066196 1.645880 1.255499 0.954153 0.734699 0.573195 0.456417 0.370551 0.306549 0.257085 0.218312 0.187242 0.161941 0.141010 0.123448 0.108491 0.095621 0.084597 0.074680 0.065601 0.057539 0.050607 0.044073 0.038094 0.032540 0.028715 0.024924 0.020382 0.016048 0.011308 0.012479 0.012098 0.001576
0.497394 0.562037 0.550930 0.540157 0.613485 0.603257 0.667819 0.684892 0.747646 0.792745 0.885312 0.971637 1.174278 1.340048 1.890620 2.707234 3.084565 2.557498 1.767323 1.185383 0.799879 0.566281 0.416807 0.322022 0.253679 0.204557 0.168470 0.141216 0.119988 0.103049 0.089104 0.077437 0.067867 0.060060 0.052340 0.045588 0.041636 0.038360 0.034933 0.032196 0.030293 0.025167 0.018427 0.011545 0.009938 0.008550 0.010631 0.009418 0.011045 -0.001121
0.523371 0.560372 0.538714 0.529677 0.597062 0.579527 0.637033 0.645286 0.696972 0.730500 0.799163 0.878535 1.002620 1.342141 2.066386 3.612726 4.220674 2.621149 0.997010 0.944643 0.238914 0.279512 0.130667 0.088347 0.072546 0.072254 0.057312 0.038071 0.031952 0.027193 0.030171 0.008024 0.018135 0.017657 0.014431 0.013072 0.011940 0.010974 0.013350 -0.007637 -0.004721 -0.003451 -0.010019 -0.002327 0.011788 0.007885 0.006965 0.006777 0.005728 0.010714
0.504683 0.546748 0.525548 0.517215 0.577510 0.549629 0.594470 0.587173 0.614054 0.612765 0.623048 0.595386 0.562402 -0.043636 1.941951 -0.642970 -0.521209 -0.307724 1.115879 0.933273 -0.130244 -0.103125 -0.094730 -0.064932 0.060373 -0.051710 -0.033374 -0.027277 -0.022075 -0.025417 -0.014596 -0.016899 0.007263 -0.008354 -0.006271 -0.005030 -0.004653 -0.003715 0.002608 -0.008691 -0.000960 0.022117 -0.001835 0.001546 -0.017321 0.000094 0.002185 -0.000151 0.001992 -0.010289
0.429759 0.540045 0.505239 0.503741 0.558617 0.523169 0.560117 0.542693 0.557284 0.538694 0.524490 0.460422 0.370364 -0.122360 -0.301020 -0.420289 -0.395420 -0.259518 -0.218166 -0.156301 -0.125661 -0.100104 -0.080952 -0.065002 -0.053070 -0.043131 -0.037124 -0.028806 -0.023546 -0.019289 -0.016346 -0.011025 -0.008761 -0.007297 -0.005657 -0.004598 -0.003612 -0.002706 -0.002061 -0.001401 -0.000824 -0.000180 -0.000045 0.000000 0.000000 0.000000 0.000000 0.000000 0.000000 0.000000
0.520929 0.516900 0.471885 0.522334 0.493312 0.495691 0.522451 0.495204 0.495776 0.465315 0.430924 0.368304 0.263900 0.122231 -0.113407 -0.259401 -0.233522 -0.206955 -0.160343 -0.131406 -0.103380 -0.083700 -0.067267 -0.054617 -0.044361 -0.036098 -0.029423 -0.024005 -0.019592 -0.016007 -0.013068 -0.010667 -0.008683 -0.007047 -0.005689 -0.004549 -0.003594 -0.002768 -0.002057 -0.001415 -0.000876 -0.000364 -0.000308 0.000000 0.000000 0.000000 0.000000 0.000000 0.000000 0.000000
0.511687 0.511682 0.479322 0.474868 0.518329 0.471653 0.493710 0.460897 0.455677 0.419685 0.383213 0.320337 0.237378 0.127476 -0.023434 -0.126938 -0.145977 -0.138717 -0.123769 -0.104299 -0.087039 -0.071751 -0.058697 -0.048179 -0.039368 -0.032267 -0.026388 -0.021623 -0.017706 -0.014503 -0.011872 -0.009707 -0.007920 -0.006438 -0.005205 -0.004170 -0.003293 -0.002541 -0.001895 -0.001303 -0.000833 -0.000600 -0.000162 0.000000 0.000000 0.000000 0.000000 0.000000 0.000000 0.000000
0.494671 0.535700 0.466377 0.487883 0.449507 0.470504 0.470454 0.432173 0.422079 0.383347 0.343201 0.286856 0.214613 0.132883 0.035325 -0.038285 -0.064597 -0.076584 -0.073546 -0.068107 -0.059378 -0.051462 -0.043436 -0.036638 -0.030577 -0.025474 -0.021119 -0.017484 -0.014435 -0.011901 -0.009790 -0.008036 -0.006575 -0.005357 -0.004338 -0.003478 -0.002752 -0.002122 -0.001582 -0.001087 -0.000670 -0.000769 -0.000162 0.000000 0.000000 0.000000 0.000000 0.000000 0.000000 0.000000
0.516578 0.518066 0.456550 0.451059 0.487631 0.432819 0.446664 0.406589 0.394323 0.355438 0.319433 0.268722 0.210199 0.144897 0.074270 0.016355 -0.013321 -0.031176 -0.037967 -0.039454 -0.037341 -0.034078 -0.029912 -0.025945 -0.022093 -0.018716 -0.015710 -0.013142 -0.010941 -0.009082 -0.007514 -0.006197 -0.005091 -0.004162 -0.003380 -0.002717 -0.002154 -0.001663 -0.001244 -0.000848 -0.000551 0.000056 -0.000183 0.000000 0.000000 0.000000 0.000000 0.000000 0.000000 0.000000
0.503480 0.496365 0.447923 0.442505 0.476034 0.418207 0.429439 0.387622 0.374010 0.335830 0.301948 0.256838 0.207611 0.155357 0.102723 0.057626 0.028384 0.007008 -0.004257 -0.011517 -0.014295 -0.015410 -0.014922 -0.013922 -0.012485 -0.011005 -0.009523 -0.008158 -0.006920 -0.005830 -0.004881 -0.004063 -0.003363 -0.002766 -0.002257 -0.001821 -0.001448 -0.001120 -0.000840 -0.000575 -0.000367 0.000224 0.000440 0.000000 0.000000 0.000000 0.000000 0.000000 0.000000 0.000000
0.501404 0.505213 0.438605 0.434222 0.467906 0.406868 0.416830 0.373838 0.360078 0.323602 0.292736 0.252426 0.210705 0.166668 0.123628 0.085623 0.057394 0.035649 0.021128 0.010821 0.004570 0.000457 -0.001759 -0.003030 -0.003522 -0.003640 -0.003486 -0.003213 -0.002873 -0.002521 -0.002178 -0.001858 -0.001569 -0.001311 -0.001083 -0.000883 -0.000708 -0.000552 -0.000415 -0.000289 -0.000177 0.000152 0.000284 0.000000 0.000000 0.000000 0.000000 0.000000 0.000000 0.000000
0.511903 0.497509 0.434418 0.430607 0.460736 0.399213 0.406822 0.366747 0.349973 0.315564 0.286257 0.249790 0.213347 0.175605 0.139330 0.106734 0.080408 0.058836 0.042922 0.030655 0.021888 0.015364 0.010817 0.007521 0.005246 0.003631 0.002518 0.001739 0.001202 0.000829 0.000572 0.000394 0.000271 0.000187 0.000128 0.000088 0.000059 0.000040 0.000025 0.000013 0.000004 0.000264 0.000473 0.000000 0.000000 0.000000 0.000000 0.000000 0.000000 0.000000
0.471185 0.521182 0.428125 0.423985 0.456948 0.391932 0.398217 0.358103 0.342576 0.310017 0.282724 0.249460 0.217064 0.183641 0.151826 0.122550 0.097703 0.076649 0.059924 0.046420 0.036058 0.027901 0.021696 0.016867 0.013180 0.010323 0.008126 0.006420 0.005093 0.004054 0.003237 0.002589 0.002073 0.001657 0.001321 0.001045 0.000818 0.000625 0.000463 0.000322 0.000199 -0.000148 0.000476 0.000000 0.000000 0.000000 0.000000 0.000000 0.000000 0.000000
0.503878 0.505760 0.426037 0.429410 0.452764 0.402489 0.394847 0.358580 0.338436 0.307497 0.281035 0.250090 0.220422 0.190142 0.161463 0.134793 0.111363 0.090908 0.073878 0.059613 0.048088 0.038674 0.031144 0.025067 0.020213 0.016312 0.013189 0.010677 0.008657 0.007025 0.005704 0.004630 0.003753 0.003034 0.002442 0.001948 0.001533 0.001179 0.000874 0.000602 0.000362 -0.000196 0.000498 0.000000 0.000000 0.000000 0.000000 0.000000 0.000000 0.000000
0.505451 0.504517 0.426886 0.428977 0.450291 0.386632 0.389356 0.353442 0.334354 0.304709 0.279685 0.250816 0.223411 0.195525 0.169102 0.144228 0.121901 0.102031 0.084929 0.070260 0.057981 0.047688 0.039188 0.032148 0.026365 0.021610 0.017712 0.014515 0.011892 0.009740 0.007971 0.006514 0.005311 0.004314 0.003485 0.002788 0.002202 0.001695 0.001264 0.000869 0.000561 -0.000148 0.000443 0.000000 0.000000 0.000000 0.000000 0.000000 0.000000 0.000000
0.475579 0.526004 0.427751 0.451207 0.450027 0.418879 0.390865 0.360252 0.333951 0.305099 0.279833 0.252172 0.226006 0.199618 0.174726 0.151250 0.129803 0.110417 0.093325 0.078415 0.065639 0.054718 0.045505 0.037747 0.031267 0.025856 0.021358 0.017621 0.014523 0.011955 0.009826 0.008060 0.006593 0.005371 0.004349 0.003488 0.002758 0.002130 0.001582 0.001092 0.000645 -0.000063 0.000114 0.000000 0.000000 0.000000 0.000000 0.000000 0.000000 0.000000
0.405461 0.462721 0.441863 0.416190 0.431213 0.400269 0.380626 0.350714 0.329210 0.302297 0.278524 0.252542 0.227819 0.202973 0.179228 0.156501 0.135766 0.116885 0.099933 0.084919 0.071840 0.060519 0.050818 0.042514 0.035471 0.029532 0.024542 0.020354 0.016849 0.013925 0.011484 0.009447 0.007746 0.006322 0.005128 0.004116 0.003259 0.002513 0.001875 0.001300 0.000852 0.000026 0.000117 0.000000 0.000000 0.000000 0.000000 0.000000 0.000000 0.000000
0.507381 0.421996 0.440907 0.445168 0.422600 0.381121 0.375111 0.346133 0.328007 0.301962 0.278845 0.252872 0.228242 0.203320 0.179689 0.157147 0.136434 0.117460 0.100471 0.085454 0.072337 0.060959 0.051195 0.042860 0.035787 0.029809 0.024780 0.020559 0.017025 0.014073 0.011609 0.009552 0.007833 0.006394 0.005186 0.004163 0.003294 0.002542 0.001881 0.001298 0.000736 0.000118 0.000114 0.000000 0.000000 0.000000 0.000000 0.000000 0.000000 0.000000
0.507212 0.476770 0.415833 0.451888 0.439275 0.413973 0.387357 0.369179 0.342019 0.334677 0.290174 0.264666 0.239355 0.225370 0.196365 0.181947 0.151261 0.132592 0.117043 0.098676 0.084920 0.071234 0.061158 0.051227 0.042951 0.038741 0.032485 0.024957 0.020756 0.017218 0.014243 0.011754 0.009655 0.007887 0.006386 0.005103 0.004477 0.003996 0.002661 0.001951 0.001254 0.000629 0.000095 0.000000 0.000000 0.000000 0.000000 0.000000 0.000000 0.000000
0.551932 0.478567 0.469039 0.475636 0.400808 0.415184 0.371490 0.342008 0.325619 0.328665 0.270545 0.247154 0.223161 0.213136 0.189963 0.168157 0.147685 0.128453 0.134495 0.106511 0.073195 0.069416 0.058828 0.049598 0.045580 0.038264 0.038028 0.024242 0.020147 0.016698 0.013801 0.011372 0.009338 0.007628 0.006193 0.004614 0.004468 0.003296 0.001583 0.001408 0.000974 0.000749 0.000120 0.000000 0.000000 0.000000 0.000000 0.000000 0.000000 0.000000
