0.000000 0.000000 0.000000 0.000000 0.000000 0.000000 -0.000794 -0.000002 -0.000096 0.000036 0.000094 0.000046 -0.000195 -0.000119 0.000081 0.000135 0.000081 0.000000 0.000000 0.000000 0.000000 0.000000 0.000000 0.000000 0.000000 0.000000 0.000000 0.000000 0.000000 0.000000 0.000000 0.000000 0.000000 0.000000 0.000000 0.000000 0.000000 0.000000 0.000000 0.000000 0.000000 0.000000 0.000000 0.000000 0.000000 0.000000 0.000000 0.000000 0.000000 0.000000
0.000000 0.000000 0.000000 0.000000 0.000000 0.000000 -0.000945 -0.000889 -0.000551 -0.000896 0.000176 -0.000377 0.000814 0.000397 0.000763 0.001380 0.001739 0.000000 0.000000 0.000000 0.000000 0.000000 0.000000 0.000000 0.000000 0.000000 0.000000 0.000000 0.000000 0.000000 0.000000 0.000000 0.000000 0.000000 0.000000 0.000000 0.000000 0.000000 0.000000 0.000000 0.000000 0.000000 0.000000 0.000000 0.000000 0.000000 0.000000 0.000000 0.000000 0.000000
0.000000 0.000000 0.000000 0.000000 0.000000 0.000000 -0.001746 -0.002246 -0.002348 -0.001779 -0.001056 -0.000244 0.000604 0.001455 0.002133 0.002291 0.002724 0.000000 0.000000 0.000000 0.000000 0.000000 0.000000 0.000000 0.000000 0.000000 0.000000 0.000000 0.000000 0.000000 0.000000 0.000000 0.000000 0.000000 0.000000 0.000000 0.000000 0.000000 0.000000 0.000000 0.000000 0.000000 0.000000 0.000000 0.000000 0.000000 0.000000 0.000000 0.000000 0.000000
0.000000 0.000000 0.000000 0.000000 0.000000 0.000000 -0.004102 -0.003490 -0.002303 -0.001814 -0.001092 -0.000259 0.000595 0.001459 0.002037 0.003301 0.003394 0.000000 0.000000 0.000000 0.000000 0.000000 0.000000 0.000000 0.000000 0.000000 0.000000 0.000000 0.000000 0.000000 0.000000 0.000000 0.000000 0.000000 0.000000 0.000000 0.000000 0.000000 0.000000 0.000000 0.000000 0.000000 0.000000 0.000000 0.000000 0.000000 0.000000 0.000000 0.000000 0.000000
0.000000 0.000000 0.000000 0.000000 0.000000 0.000000 -0.003849 -0.004445 -0.003483 -0.002742 -0.001651 -0.000381 0.000913 0.002222 0.003089 0.003713 0.004399 0.000000 0.000000 0.000000 0.000000 0.000000 0.000000 0.000000 0.000000 0.000000 0.000000 0.000000 0.000000 0.000000 0.000000 0.000000 0.000000 0.000000 0.000000 0.000000 0.000000 0.000000 0.000000 0.000000 0.000000 0.000000 0.000000 0.000000 0.000000 0.000000 0.000000 0.000000 0.000000 0.000000
0.000000 0.000000 0.000000 0.000000 0.000000 0.000000 -0.007282 -0.006800 -0.004912 -0.003870 -0.002351 -0.000576 0.001264 0.003117 0.004373 0.006657 0.009458 0.000000 0.000000 0.000000 0.000000 0.000000 0.000000 0.000000 0.000000 0.000000 0.000000 0.000000 0.000000 0.000000 0.000000 0.000000 0.000000 0.000000 0.000000 0.000000 0.000000 0.000000 0.000000 0.000000 0.000000 0.000000 0.000000 0.000000 0.000000 0.000000 0.000000 0.000000 0.000000 0.000000
0.000000 0.000000 0.000000 0.000000 0.000000 0.000000 -0.008866 -0.009705 -0.006884 -0.005427 -0.003293 -0.000794 0.001771 0.004375 0.006154 0.009368 0.011357 0.000000 0.000000 0.000000 0.000000 0.000000 0.000000 0.000000 0.000000 0.000000 0.000000 0.000000 0.000000 0.000000 0.000000 0.000000 0.000000 0.000000 0.000000 0.000000 0.000000 0.000000 0.000000 0.000000 0.000000 0.000000 0.000000 0.000000 0.000000 0.000000 0.000000 0.000000 0.000000 0.000000
0.000000 0.000000 0.000000 0.000000 0.000000 0.000000 -0.010623 -0.013406 -0.009498 -0.007507 -0.004598 -0.001211 0.002334 0.005971 0.008512 0.015240 0.015811 0.000000 0.000000 0.000000 0.000000 0.000000 0.000000 0.000000 0.000000 0.000000 0.000000 0.000000 0.000000 0.000000 0.000000 0.000000 0.000000 0.000000 0.000000 0.000000 0.000000 0.000000 0.000000 0.000000 0.000000 0.000000 0.000000 0.000000 0.000000 0.000000 0.000000 0.000000 0.000000 0.000000
0.000000 0.000000 0.000000 0.000000 0.000000 0.000000 -0.015761 -0.016589 -0.012996 -0.010309 -0.006329 -0.001657 0.003136 0.008216 0.011811 0.021117 0.018719 0.000000 0.000000 0.000000 0.000000 0.000000 0.000000 0.000000 0.000000 0.000000 0.000000 0.000000 0.000000 0.000000 0.000000 0.000000 0.000000 0.000000 0.000000 0.000000 0.000000 0.000000 0.000000 0.000000 0.000000 0.000000 0.000000 0.000000 0.000000 0.000000 0.000000 0.000000 0.000000 0.000000
0.000000 0.000000 0.000000 0.000000 0.000000 0.000000 -0.025590 -0.025329 -0.017889 -0.014130 -0.008755 -0.002590 0.003987 0.010988 0.016188 0.020238 0.020286 0.000000 0.000000 0.000000 0.000000 0.000000 0.000000 0.000000 0.000000 0.000000 0.000000 0.000000 0.000000 0.000000 0.000000 0.000000 0.000000 0.000000 0.000000 0.000000 0.000000 0.000000 0.000000 0.000000 0.000000 0.000000 0.000000 0.000000 0.000000 0.000000 0.000000 0.000000 0.000000 0.000000
0.000000 0.000000 0.000000 0.000000 0.000000 0.000000 -0.029544 -0.034951 -0.024016 -0.019112 -0.011912 -0.003545 0.004948 0.014788 0.022128 0.042449 0.038353 0.000000 0.000000 0.000000 0.000000 0.000000 0.000000 0.000000 0.000000 0.000000 0.000000 0.000000 0.000000 0.000000 0.000000 0.000000 0.000000 0.000000 0.000000 0.000000 0.000000 0.000000 0.000000 0.000000 0.000000 0.000000 0.000000 0.000000 0.000000 0.000000 0.000000 0.000000 0.000000 0.000000
0.000000 0.000000 0.000000 0.000000 0.000000 0.000000 -0.035863 -0.039169 -0.035004 -0.025764 -0.016246 -0.005724 0.005615 0.018877 0.030002 0.042840 0.037649 0.000000 0.000000 0.000000 0.000000 0.000000 0.000000 0.000000 0.000000 0.000000 0.000000 0.000000 0.000000 0.000000 0.000000 0.000000 0.000000 0.000000 0.000000 0.000000 0.000000 0.000000 0.000000 0.000000 0.000000 0.000000 0.000000 0.000000 0.000000 0.000000 0.000000 0.000000 0.000000 0.000000
0.000000 0.000000 0.000000 0.000000 0.000000 0.000000 -0.068069 -0.064401 -0.045898 -0.034414 -0.021205 -0.007297 0.006675 0.024688 0.038148 0.086414 0.101952 0.000000 0.000000 0.000000 0.000000 0.000000 0.000000 0.000000 0.000000 0.000000 0.000000 0.000000 0.000000 0.000000 0.000000 0.000000 0.000000 0.000000 0.000000 0.000000 0.000000 0.000000 0.000000 0.000000 0.000000 0.000000 0.000000 0.000000 0.000000 0.000000 0.000000 0.000000 0.000000 0.000000
0.000000 0.000000 0.000000 0.000000 0.000000 0.000000 -0.087520 -0.080412 -0.059881 -0.043128 -0.027852 -0.012819 0.003973 0.025608 0.046771 0.127561 0.193458 0.000000 0.000000 0.000000 0.000000 0.000000 0.000000 0.000000 0.000000 0.000000 0.000000 0.000000 0.000000 0.000000 0.000000 0.000000 0.000000 0.000000 0.000000 0.000000 0.000000 0.000000 0.000000 0.000000 0.000000 0.000000 0.000000 0.000000 0.000000 0.000000 0.000000 0.000000 0.000000 0.000000
-0.010596 -0.002780 -0.002887 -0.003107 -0.003002 -0.020094 -0.033819 -0.090543 -0.067472 -0.049332 -0.033510 -0.017541 -0.000850 0.022518 0.046867 0.113851 0.021490 0.011329 -0.006807 -0.007304 -0.009286 -0.009550 -0.007681 -0.022532 -0.039898 -0.006493 -0.012503 0.003638 -0.005845 0.021732 -0.002596 0.023617 -0.000872 -0.000132 0.025531 0.001658 0.027026 0.003124 0.037338 0.007709 -0.045172 0.006406 -0.048850 0.039732 0.008667 0.011762 0.038402 0.015867 0.028745 0.005374
-0.012963 -0.019559 -0.022084 -0.020436 -0.024118 -0.030098 -0.057002 -0.070753 -0.061438 -0.050656 -0.038607 -0.026637 -0.009295 0.004750 0.030702 0.024441 -0.001474 -0.010789 -0.024584 -0.028113 -0.030560 -0.026369 -0.005613 -0.028463 0.000817 -0.026088 -0.025488 -0.023972 -0.025300 -0.023789 -0.024885 -0.030146 -0.029804 -0.023621 -0.028944 -0.028381 0.006397 0.008595 0.006741 0.006476 -0.020930 0.006882 -0.023186 0.007676 -0.020842 -0.016817 0.016213 -0.009077 -0.022180 -0.017425
-0.048168 -0.040489 -0.033357 -0.036847 -0.039112 -0.044908 -0.053282 -0.060984 -0.062196 -0.053516 -0.045553 -0.035507 -0.023481 -0.013703 0.007343 0.009566 0.008825 -0.004140 -0.015201 -0.018793 -0.020428 -0.021528 -0.022231 -0.022634 -0.022784 -0.022656 -0.022386 -0.022197 -0.021670 -0.021251 -0.020683 -0.020067 -0.019350 -0.018584 -0.017725 -0.016874 -0.015999 -0.015010 -0.014668 -0.013252 -0.011679 -0.011225 -0.009596 -0.010480 -0.006260 -0.012366 0.006342 0.001196 0.002187 -0.004755
-0.042437 -0.057266 -0.049397 -0.048759 -0.051389 -0.054098 -0.058745 -0.064502 -0.064301 -0.059900 -0.053625 -0.046143 -0.036967 -0.029139 -0.018804 -0.013838 -0.015756 -0.022922 -0.023315 -0.027426 -0.029447 -0.031261 -0.031797 -0.032213 -0.032075 -0.031924 -0.031513 -0.030925 -0.030333 -0.029520 -0.028728 -0.027846 -0.026864 -0.025803 -0.024660 -0.023456 -0.022099 -0.020648 -0.019417 -0.018012 -0.016717 -0.015546 -0.014260 -0.013866 -0.008337 -0.008505 -0.003779 -0.010462 -0.009131 -0.008122
-0.042137 -0.059075 -0.063382 -0.063798 -0.065549 -0.067606 -0.070652 -0.072406 -0.072119 -0.068596 -0.063897 -0.058067 -0.051335 -0.045334 -0.038332 -0.035398 -0.035101 -0.038108 -0.041978 -0.043432 -0.044700 -0.045059 -0.045399 -0.045322 -0.045101 -0.044660 -0.044052 -0.043335 -0.042448 -0.041451 -0.040343 -0.039112 -0.037774 -0.036322 -0.034765 -0.033103 -0.031358 -0.029486 -0.027615 -0.025511 -0.023305 -0.021216 -0.018791 -0.016511 -0.013602 -0.012576 -0.007082 -0.006065 0.000582 -0.013971
-0.075248 -0.074626 -0.076932 -0.076844 -0.078161 -0.079155 -0.080624 -0.081496 -0.080684 -0.078250 -0.074669 -0.070288 -0.065292 -0.060646 -0.056017 -0.053179 -0.051980 -0.052973 -0.052787 -0.054602 -0.055005 -0.055905 -0.055180 -0.056023 -0.055642 -0.055101 -0.054325 -0.053370 -0.052271 -0.051000 -0.049618 -0.048086 -0.046428 -0.044637 -0.042719 -0.040679 -0.038520 -0.036231 -0.033924 -0.031472 -0.029042 -0.026573 -0.024256 -0.021601 -0.018393 -0.015326 -0.011941 -0.012666 0.001218 -0.000187
-0.090533 -0.101557 -0.090400 -0.090591 -0.091303 -0.091720 -0.092538 -0.092540 -0.091626 -0.089502 -0.086667 -0.083207 -0.079424 -0.075843 -0.072490 -0.070277 -0.069219 -0.069244 -0.069784 -0.069968 -0.070097 -0.069930 -0.069617 -0.069090 -0.068384 -0.067501 -0.066443 -0.065225 -0.063840 -0.062295 -0.060599 -0.058740 -0.056730 -0.054561 -0.052240 -0.049763 -0.047140 -0.044356 -0.041449 -0.038374 -0.035173 -0.031907 -0.028418 -0.024722 -0.020851 -0.018802 -0.012793 -0.012370 0.013985 -0.009589
-0.137335 -0.106529 -0.103740 -0.103726 -0.103869 -0.104073 -0.104457 -0.104009 -0.103000 -0.101243 -0.098928 -0.096171 -0.093173 -0.090250 -0.087526 -0.085433 -0.083916 -0.083262 -0.082519 -0.082522 -0.082136 -0.081943 -0.081413 -0.080791 -0.079917 -0.078867 -0.077612 -0.076169 -0.074543 -0.072732 -0.070748 -0.068581 -0.066239 -0.063717 -0.061018 -0.058142 -0.055098 -0.051876 -0.048518 -0.044984 -0.041349 -0.037547 -0.033675 -0.029335 -0.027069 -0.020731 -0.015998 -0.015909 0.013143 0.003733
-0.123130 -0.120000 -0.116991 -0.116950 -0.116894 -0.117042 -0.116908 -0.116299 -0.115285 -0.113728 -0.111789 -0.109524 -0.107112 -0.104739 -0.102548 -0.100751 -0.099399 -0.098479 -0.097777 -0.097130 -0.096437 -0.095674 -0.094773 -0.093742 -0.092544 -0.091182 -0.089642 -0.087922 -0.086015 -0.083916 -0.081627 -0.079137 -0.076450 -0.073558 -0.070462 -0.067158 -0.063653 -0.059937 -0.056027 -0.051910 -0.047615 -0.043138 -0.038459 -0.033347 -0.028166 -0.023944 -0.017413 -0.017391 0.012143 -0.001020
-0.137898 -0.145977 -0.130269 -0.130123 -0.129936 -0.129978 -0.129574 -0.128890 -0.127874 -0.126496 -0.124816 -0.122892 -0.120841 -0.118781 -0.116820 -0.115081 -0.113576 -0.112386 -0.111266 -0.110383 -0.109412 -0.108467 -0.107367 -0.106155 -0.104764 -0.103199 -0.101442 -0.099488 -0.097332 -0.094965 -0.092387 -0.089588 -0.086567 -0.083319 -0.079840 -0.076128 -0.072185 -0.068005 -0.063602 -0.058960 -0.054110 -0.048970 -0.043641 -0.037712 -0.033752 -0.026297 -0.020145 -0.020017 -0.015294 0.002586
-0.151246 -0.148790 -0.143660 -0.143438 -0.143177 -0.143117 -0.142578 -0.141862 -0.140878 -0.139624 -0.138143 -0.136476 -0.134708 -0.132917 -0.131188 -0.129587 -0.128141 -0.126855 -0.125646 -0.124484 -0.123278 -0.122021 -0.120648 -0.119152 -0.117499 -0.115677 -0.113667 -0.111458 -0.109038 -0.106397 -0.103526 -0.100417 -0.097062 -0.093453 -0.089586 -0.085455 -0.081058 -0.076393 -0.071463 -0.066267 -0.060817 -0.055126 -0.049199 -0.042716 -0.036280 -0.030032 -0.022454 -0.022599 0.011275 -0.008285
-0.167836 -0.160557 -0.157074 -0.156815 -0.156535 -0.156368 -0.155767 -0.155048 -0.154095 -0.152943 -0.151602 -0.150108 -0.148518 -0.146884 -0.145263 -0.143698 -0.142205 -0.140804 -0.139429 -0.138099 -0.136716 -0.135283 -0.133732 -0.132052 -0.130208 -0.128184 -0.125962 -0.123527 -0.120866 -0.117967 -0.114819 -0.111410 -0.107730 -0.103771 -0.099524 -0.094983 -0.090143 -0.085001 -0.079556 -0.073809 -0.067764 -0.061426 -0.054788 -0.047555 -0.041730 -0.032702 -0.024939 -0.025094 0.008969 -0.004422
-0.183111 -0.174222 -0.170596 -0.170336 -0.170016 -0.169783 -0.169162 -0.168449 -0.167535 -0.166462 -0.165230 -0.163870 -0.162421 -0.160917 -0.159399 -0.157894 -0.156414 -0.154961 -0.153504 -0.152029 -0.150489 -0.148868 -0.147126 -0.145246 -0.143200 -0.140969 -0.138534 -0.135876 -0.132979 -0.129828 -0.126410 -0.122709 -0.118712 -0.114408 -0.109786 -0.104835 -0.099549 -0.093922 -0.087950 -0.081639 -0.074982 -0.068019 -0.060692 -0.052780 -0.044382 -0.036127 -0.028230 -0.027700 -0.019263 0.000254
-0.198665 -0.187874 -0.184173 -0.183906 -0.183633 -0.183320 -0.182701 -0.182004 -0.181127 -0.180117 -0.178968 -0.177704 -0.176350 -0.174930 -0.173471 -0.171990 -0.170495 -0.168989 -0.167449 -0.165868 -0.164208 -0.162452 -0.160567 -0.158532 -0.156322 -0.153916 -0.151293 -0.148434 -0.145321 -0.141937 -0.138263 -0.134284 -0.129984 -0.125346 -0.120358 -0.115007 -0.109282 -0.103176 -0.096679 -0.089800 -0.082527 -0.074917 -0.066908 -0.058283 -0.049866 -0.040394 -0.030383 -0.030599 0.006158 -0.005510
-0.215185 -0.218909 -0.197907 -0.197641 -0.197320 -0.196985 -0.196382 -0.195701 -0.194862 -0.193905 -0.192823 -0.191635 -0.190357 -0.189006 -0.187599 -0.186146 -0.184652 -0.183115 -0.181521 -0.179856 -0.178095 -0.176219 -0.174204 -0.172027 -0.169665 -0.167098 -0.164303 -0.161258 -0.157945 -0.154342 -0.150430 -0.146188 -0.141598 -0.136642 -0.131301 -0.125559 -0.119402 -0.112820 -0.105800 -0.098346 -0.090443 -0.082154 -0.073389 -0.063902 -0.054676 -0.043938 -0.033605 -0.033419 0.004573 -0.008447
-0.230884 -0.233501 -0.211722 -0.211457 -0.211139 -0.210778 -0.210187 -0.209526 -0.208720 -0.207808 -0.206779 -0.205650 -0.204430 -0.203130 -0.201760 -0.200326 -0.198831 -0.197269 -0.195631 -0.193903 -0.192065 -0.190098 -0.187980 -0.185689 -0.183202 -0.180498 -0.177553 -0.174346 -0.170853 -0.167053 -0.162922 -0.158437 -0.153577 -0.148319 -0.142642 -0.136526 -0.129951 -0.122904 -0.115368 -0.107346 -0.098811 -0.089839 -0.080288 -0.069914 -0.057935 -0.047834 -0.037178 -0.036586 0.003377 0.011849
-0.208955 -0.248314 -0.225673 -0.225388 -0.225066 -0.224684 -0.224116 -0.223470 -0.222696 -0.221821 -0.220838 -0.219758 -0.218586 -0.217329 -0.215993 -0.214580 -0.213089 -0.211516 -0.209849 -0.208075 -0.206178 -0.204139 -0.201937 -0.199552 -0.196961 -0.194141 -0.191069 -0.187720 -0.184070 -0.180094 -0.175766 -0.171062 -0.165954 -0.160417 -0.154423 -0.147951 -0.140974 -0.133476 -0.125433 -0.116847 -0.107682 -0.098020 -0.087702 -0.076272 -0.064736 -0.053158 -0.041792 -0.040383 0.002963 -0.022127
-0.285718 -0.262549 -0.239728 -0.239399 -0.239127 -0.238712 -0.238160 -0.237529 -0.236783 -0.235941 -0.234997 -0.233959 -0.232828 -0.231609 -0.230303 -0.228911 -0.227429 -0.225851 -0.224168 -0.222366 -0.220428 -0.218339 -0.216076 -0.213620 -0.210948 -0.208037 -0.204861 -0.201395 -0.197614 -0.193488 -0.188991 -0.184092 -0.178762 -0.172970 -0.166686 -0.159880 -0.152522 -0.144590 -0.136054 -0.126914 -0.117121 -0.106780 -0.095708 -0.083617 -0.071006 -0.057648 -0.044430 -0.044380 0.000934 -0.003976
-0.262212 -0.277739 -0.253775 -0.253432 -0.253209 -0.252808 -0.252294 -0.251682 -0.250967 -0.250156 -0.249249 -0.248249 -0.247156 -0.245973 -0.244699 -0.243331 -0.241865 -0.240293 -0.238606 -0.236790 -0.234831 -0.232709 -0.230407 -0.227902 -0.225172 -0.222193 -0.218939 -0.215383 -0.211497 -0.207250 -0.202612 -0.197549 -0.192027 -0.186010 -0.179464 -0.172352 -0.164638 -0.156294 -0.147278 -0.137587 -0.127152 -0.116091 -0.104142 -0.090747 -0.077266 -0.064036 -0.049469 -0.048525 -0.001153 -0.004550
-0.318117 -0.294324 -0.268051 -0.267731 -0.267464 -0.267049 -0.266550 -0.265948 -0.265259 -0.264475 -0.263601 -0.262638 -0.261583 -0.260437 -0.259196 -0.257858 -0.256415 -0.254860 -0.253182 -0.251369 -0.249405 -0.247271 -0.244950 -0.242420 -0.239657 -0.236636 -0.233332 -0.229714 -0.225755 -0.221418 -0.216672 -0.211478 -0.205800 -0.199595 -0.192822 -0.185440 -0.177403 -0.168677 -0.159207 -0.148995 -0.137940 -0.126204 -0.113481 -0.099470 -0.084699 -0.068923 -0.053327 -0.053159 -0.002808 -0.004330
-0.285654 -0.307866 -0.282302 -0.282027 -0.281764 -0.281324 -0.280869 -0.280276 -0.279618 -0.278861 -0.278021 -0.277095 -0.276078 -0.274973 -0.273769 -0.272466 -0.271054 -0.269525 -0.267869 -0.266073 -0.264121 -0.261995 -0.259676 -0.257142 -0.254370 -0.251334 -0.248007 -0.244358 -0.240356 -0.235964 -0.231146 -0.225861 -0.220065 -0.213712 -0.206754 -0.199143 -0.190822 -0.181750 -0.171850 -0.161132 -0.149429 -0.136975 -0.123182 -0.107656 -0.091994 -0.076551 -0.060657 -0.058424 -0.005031 -0.017743
-0.340748 -0.323657 -0.296711 -0.296414 -0.296227 -0.295763 -0.295330 -0.294747 -0.294120 -0.293385 -0.292578 -0.291691 -0.290716 -0.289656 -0.288496 -0.287239 -0.285868 -0.284378 -0.282760 -0.280997 -0.279077 -0.276979 -0.274686 -0.272174 -0.269420 -0.266398 -0.263081 -0.259434 -0.255428 -0.251019 -0.246172 -0.240839 -0.234974 -0.228523 -0.221432 -0.213645 -0.205092 -0.195731 -0.185455 -0.174291 -0.162010 -0.148904 -0.134410 -0.118633 -0.101893 -0.082943 -0.064372 -0.064457 -0.007758 0.003147
-0.329593 -0.308913 -0.310973 -0.310750 -0.310657 -0.310043 -0.309776 -0.309161 -0.308573 -0.307857 -0.307087 -0.306244 -0.305315 -0.304306 -0.303194 -0.301988 -0.300665 -0.299221 -0.297650 -0.295932 -0.294059 -0.292005 -0.289755 -0.287285 -0.284573 -0.281590 -0.278311 -0.274696 -0.270721 -0.266331 -0.261497 -0.256159 -0.250273 -0.243776 -0.236606 -0.228700 -0.219972 -0.210379 -0.199764 -0.188219 -0.175281 -0.161677 -0.145644 -0.127947 -0.109643 -0.090717 -0.074837 -0.070959 -0.059256 -0.008162
-0.368677 -0.340030 -0.325840 -0.326335 -0.325263 -0.325015 -0.324862 -0.324411 -0.323889 -0.322701 -0.322261 -0.321571 -0.320773 -0.319872 -0.318941 -0.317711 -0.316528 -0.314982 -0.313488 -0.311784 -0.309957 -0.307947 -0.305393 -0.302998 -0.300362 -0.297455 -0.294256 -0.290716 -0.286823 -0.282502 -0.277737 -0.272456 -0.266615 -0.260142 -0.252969 -0.245026 -0.236209 -0.226480 -0.215623 -0.203779 -0.190355 -0.176087 -0.159131 -0.141748 -0.123380 -0.105778 -0.078211 -0.079222 -0.062229 -0.011980
-0.396656 -0.354641 -0.339861 -0.339463 -0.339799 -0.338869 -0.338896 -0.338146 -0.337679 -0.336952 -0.336285 -0.335532 -0.334731 -0.333845 -0.332843 -0.331788 -0.330576 -0.329268 -0.327826 -0.326248 -0.324520 -0.322615 -0.320515 -0.318201 -0.315653 -0.312834 -0.309733 -0.306286 -0.302501 -0.298276 -0.293616 -0.288431 -0.282683 -0.276286 -0.269171 -0.261257 -0.252419 -0.242637 -0.231597 -0.219639 -0.205629 -0.191279 -0.173110 -0.153524 -0.133528 -0.110588 -0.087035 -0.086830 -0.069299 -0.008726
-0.363169 -0.374145 -0.355399 -0.354317 -0.355565 -0.354385 -0.354807 -0.353771 -0.353432 -0.352534 -0.351923 -0.351172 -0.350468 -0.349655 -0.348705 -0.347786 -0.346658 -0.345462 -0.344126 -0.342664 -0.341058 -0.339288 -0.337316 -0.335147 -0.332749 -0.330084 -0.327157 -0.323864 -0.320292 -0.316232 -0.311772 -0.306772 -0.301222 -0.295009 -0.288070 -0.280312 -0.271593 -0.261919 -0.250851 -0.238855 -0.224268 -0.209686 -0.189204 -0.172496 -0.148153 -0.127649 -0.100592 -0.098933 -0.075473 -0.024105
-0.382808 -0.391158 -0.368006 -0.367233 -0.368870 -0.367343 -0.368162 -0.366788 -0.366764 -0.365673 -0.365321 -0.364561 -0.364081 -0.363272 -0.362353 -0.361603 -0.360407 -0.359333 -0.357970 -0.356625 -0.355053 -0.353390 -0.351483 -0.349421 -0.347126 -0.344580 -0.341777 -0.338622 -0.335212 -0.331305 -0.327014 -0.322212 -0.316868 -0.310862 -0.304137 -0.296580 -0.288046 -0.278535 -0.267538 -0.255752 -0.241051 -0.225774 -0.206409 -0.185424 -0.162450 -0.136767 -0.108706 -0.109498 -0.022944 -0.004887
-0.386732 -0.385152 -0.385952 -0.382521 -0.387109 -0.385119 -0.386950 -0.384805 -0.385530 -0.383177 -0.383328 -0.382111 -0.382003 -0.381212 -0.380193 -0.379775 -0.378621 -0.377799 -0.376562 -0.375495 -0.374104 -0.372772 -0.371049 -0.369285 -0.367265 -0.364997 -0.362536 -0.359594 -0.356696 -0.353033 -0.349127 -0.344666 -0.339739 -0.334114 -0.327804 -0.320648 -0.312500 -0.303491 -0.292676 -0.281506 -0.264239 -0.252185 -0.226456 -0.212495 -0.182133 -0.159960 -0.130405 -0.127953 -0.030879 -0.031942
-0.403623 -0.389402 -0.394967 -0.392514 -0.398518 -0.394643 -0.398308 -0.394575 -0.396396 -0.392737 -0.394314 -0.392581 -0.393715 -0.392004 -0.390831 -0.391160 -0.389128 -0.388984 -0.386761 -0.386301 -0.384326 -0.383270 -0.381300 -0.379657 -0.377641 -0.375517 -0.373053 -0.370307 -0.367549 -0.364056 -0.360188 -0.356131 -0.351426 -0.346170 -0.340216 -0.333458 -0.325822 -0.317128 -0.306847 -0.295585 -0.281200 -0.266822 -0.245957 -0.227284 -0.199603 -0.173136 -0.139620 -0.140967 -0.104942 -0.037436
-0.410345 -0.439718 -0.419845 -0.409789 -0.423820 -0.420262 -0.425347 -0.420884 -0.423877 -0.414971 -0.418597 -0.414351 -0.417325 -0.415544 -0.412878 -0.414671 -0.412224 -0.413117 -0.410477 -0.411255 -0.409250 -0.409621 -0.407601 -0.406866 -0.405344 -0.403778 -0.401945 -0.399193 -0.397978 -0.394595 -0.391305 -0.387672 -0.383755 -0.379045 -0.373803 -0.367599 -0.360426 -0.352944 -0.341688 -0.334620 -0.315399 -0.307526 -0.276643 -0.268994 -0.230188 -0.213737 -0.173131 -0.177378 -0.116354 -0.019599
-0.423577 -0.460878 -0.420452 -0.411713 -0.425934 -0.418902 -0.426306 -0.418402 -0.423703 -0.413117 -0.419904 -0.415781 -0.419662 -0.416852 -0.415471 -0.415946 -0.414041 -0.414208 -0.411069 -0.412391 -0.409580 -0.410227 -0.407287 -0.407246 -0.404945 -0.403982 -0.401299 -0.399676 -0.397664 -0.394739 -0.390608 -0.388427 -0.384060 -0.380161 -0.374991 -0.369525 -0.363598 -0.356798 -0.348813 -0.339781 -0.326852 -0.313792 -0.292887 -0.280088 -0.249033 -0.225726 -0.186601 -0.185940 -0.143674 -0.055068
-0.451115 -0.454928 -0.451874 -0.450265 -0.465310 -0.458115 -0.464184 -0.456590 -0.465874 -0.450242 -0.455123 -0.449522 -0.453441 -0.452404 -0.449277 -0.452802 -0.450667 -0.452571 -0.447440 -0.451476 -0.447198 -0.451300 -0.447516 -0.448438 -0.447139 -0.446997 -0.445346 -0.443735 -0.444623 -0.441547 -0.437981 -0.436476 -0.433200 -0.430825 -0.426029 -0.422486 -0.416315 -0.412842 -0.403577 -0.401492 -0.383759 -0.379174 -0.349301 -0.346987 -0.304968 -0.292049 -0.246561 -0.252222 -0.159386 -0.036895
-0.477082 -0.483736 -0.457416 -0.425873 -0.442214 -0.443532 -0.449888 -0.442644 -0.450862 -0.435003 -0.443864 -0.441981 -0.443370 -0.441694 -0.438345 -0.439256 -0.439613 -0.437822 -0.436087 -0.437314 -0.435900 -0.437036 -0.434163 -0.434913 -0.433252 -0.433325 -0.431490 -0.431058 -0.431168 -0.427945 -0.425124 -0.424118 -0.420917 -0.418447 -0.414471 -0.410883 -0.407343 -0.402904 -0.398421 -0.392116 -0.381709 -0.370276 -0.357532 -0.343720 -0.318534 -0.301371 -0.264764 -0.246559 -0.202436 -0.082556
-0.444390 -0.470711 -0.461537 -0.424736 -0.447701 -0.439282 -0.440725 -0.438782 -0.441052 -0.441228 -0.444322 -0.445931 -0.447110 -0.447011 -0.448854 -0.449451 -0.448828 -0.449536 -0.449362 -0.449326 -0.448462 -0.448046 -0.447269 -0.446830 -0.446416 -0.445529 -0.444462 -0.443486 -0.442016 -0.440390 -0.439110 -0.437107 -0.437615 -0.436087 -0.433814 -0.430794 -0.427464 -0.422653 -0.417490 -0.410372 -0.403230 -0.393613 -0.381613 -0.366158 -0.343970 -0.316096 -0.296067 -0.275035 -0.152519 -0.119367
-0.485467 -0.490506 -0.491982 -0.510216 -0.511264 -0.516833 -0.514229 -0.524640 -0.512052 -0.517034 -0.508351 -0.512733 -0.509592 -0.514414 -0.520599 -0.516895 -0.515796 -0.514866 -0.511610 -0.512450 -0.511498 -0.510702 -0.513453 -0.508938 -0.513543 -0.508439 -0.508928 -0.511605 -0.509124 -0.471511 -0.505524 -0.504192 -0.498316 -0.492508 -0.490643 -0.488392 -0.499202 -0.497391 -0.498870 -0.489807 -0.490895 -0.480269 -0.473380 -0.464460 -0.453633 -0.439981 -0.432560 -0.427025 -0.267166 -0.182005
-0.504399 -0.502096 -0.514223 -0.515424 -0.514110 -0.518914 -0.514284 -0.512013 -0.503558 -0.510249 -0.427721 -0.509881 -0.509059 -0.508454 -0.488999 -0.496364 -0.509702 -0.511982 -0.507698 -0.512623 -0.503914 -0.403318 -0.503090 -0.504321 -0.397750 -0.398201 -0.397995 -0.508469 -0.519131 -0.513624 -0.460361 -0.507341 -0.500463 -0.508367 -0.508575 -0.478194 -0.501671 -0.482137 -0.422311 -0.422675 -0.503218 -0.497542 -0.422176 -0.418521 -0.422711 -0.416275 -0.445559 -0.550373 -0.495224 -0.517396
