0.311073 0.122130 0.084689 0.071326 0.047866 0.036974 0.031999 0.036062 0.018837 0.016509 0.018809 0.019874 0.011294 0.015992 0.002553 0.001902 -0.002848 0.005792 0.004399 0.004408 0.004093 0.018162 -0.004101 0.004222 -0.004311 0.009539 0.002931 -0.004693 -0.004822 -0.004827 0.001843 0.001649 0.013670 0.001309 -0.000512 -0.005135 0.003375 0.005688 -0.006122 -0.003600 -0.009917 0.000000 0.000000 0.000000 0.000000 0.000000 0.000000 0.000000 0.000000 0.000000
0.503264 0.297394 0.251422 0.180195 0.084733 0.072518 0.052178 0.040590 0.032459 0.023793 0.018502 0.014832 0.010965 0.059425 0.056113 0.052481 0.049596 0.046793 0.044105 0.013626 0.011813 0.037878 0.036038 0.034380 -0.007502 0.031213 0.029848 0.028458 0.027364 0.026054 0.025365 -0.014517 0.023278 -0.002826 -0.003422 0.021008 0.006142 -0.003919 -0.006313 0.016268 0.014066 0.000000 0.000000 0.000000 0.000000 0.000000 0.000000 0.000000 0.000000 0.000000
0.377640 0.419449 0.274026 0.243989 0.250480 0.185545 0.176531 0.140456 0.127749 0.109813 0.099077 0.087368 0.079401 0.071337 0.064953 0.059134 0.053905 0.049274 0.045030 0.041138 0.037588 0.034265 0.031210 0.028289 0.025489 0.023011 0.020443 0.018137 0.015764 0.013776 0.011556 0.009729 0.007953 0.006175 0.004856 0.002917 0.002434 0.000030 -0.001889 -0.016482 -0.013208 0.000000 0.000000 0.000000 0.000000 0.000000 0.000000 0.000000 0.000000 0.000000
0.506991 0.423524 0.294644 0.263465 0.245011 0.185692 0.171705 0.139634 0.128910 0.108631 0.101217 0.087350 0.080596 0.071833 0.065570 0.059891 0.054421 0.049918 0.045311 0.041821 0.037825 0.034794 0.031346 0.028632 0.025544 0.022707 0.021035 0.017853 0.016053 0.013296 0.011793 0.009268 0.007084 0.006848 0.004938 0.002632 0.001094 -0.001668 -0.009672 0.016211 0.013053 0.000000 0.000000 0.000000 0.000000 0.000000 0.000000 0.000000 0.000000 0.000000
0.514552 0.445466 0.315816 0.301284 0.293012 0.225954 0.214567 0.173488 0.160937 0.137380 0.128294 0.111574 0.104052 0.092117 0.085654 0.076823 0.070679 0.064425 0.059055 0.054279 0.049357 0.045368 0.040907 0.037300 0.033342 0.030526 0.026645 0.023354 0.020780 0.017369 0.015192 0.011921 0.010469 0.007949 0.005812 0.005750 0.002402 0.005123 0.004491 0.009706 -0.004271 0.000000 0.000000 0.000000 0.000000 0.000000 0.000000 0.000000 0.000000 0.000000
0.508296 0.456758 0.344082 0.318117 0.304491 0.249511 0.230109 0.200515 0.182416 0.163485 0.148724 0.134935 0.123017 0.112463 0.102726 0.093755 0.086606 0.079108 0.073190 0.066785 0.061316 0.055872 0.050815 0.046177 0.041587 0.037868 0.032960 0.029605 0.025570 0.021947 0.018842 0.014426 0.014192 0.008683 0.007999 0.004010 0.001836 0.001983 -0.001712 0.013621 0.003359 0.000000 0.000000 0.000000 0.000000 0.000000 0.000000 0.000000 0.000000 0.000000
0.505286 0.440272 0.366762 0.344155 0.348198 0.287999 0.248405 0.248958 0.233404 0.207556 0.192346 0.173991 0.160376 0.146704 0.135112 0.124202 0.114403 0.093007 0.085600 0.078534 0.072032 0.065838 0.060004 0.054443 0.049101 0.044150 0.039104 0.034453 0.029817 0.025499 0.021182 0.017144 0.013408 0.010028 0.007511 0.004769 0.003901 0.002398 0.001599 0.011102 0.019517 0.000000 0.000000 0.000000 0.000000 0.000000 0.000000 0.000000 0.000000 0.000000
0.502721 0.468658 0.382366 0.359670 0.348865 0.294427 0.277372 0.247661 0.227887 0.208110 0.190328 0.175180 0.160701 0.147950 0.136493 0.125630 0.116031 0.106837 0.098415 0.090466 0.083036 0.084047 0.069302 0.062924 0.056787 0.050977 0.045242 0.039803 0.034449 0.029327 0.024296 0.019574 0.015141 0.011167 0.007619 0.004897 0.002155 0.001552 -0.001575 0.010175 -0.002818 0.000000 0.000000 0.000000 0.000000 0.000000 0.000000 0.000000 0.000000 0.000000
0.494447 0.480405 0.395060 0.371630 0.379373 0.315777 0.308519 0.269009 0.253626 0.227231 0.211748 0.193454 0.178723 0.164617 0.151875 0.140163 0.129389 0.119361 0.110074 0.101340 0.093116 0.085309 0.077858 0.070725 0.063856 0.057270 0.050841 0.044628 0.038521 0.032627 0.026822 0.021373 0.016053 0.011401 0.006899 0.003612 0.000196 -0.000250 -0.002659 0.007634 -0.019157 0.000000 0.000000 0.000000 0.000000 0.000000 0.000000 0.000000 0.000000 0.000000
0.505986 0.476353 0.405259 0.382151 0.381360 0.328270 0.314603 0.283275 0.269193 0.243606 0.227135 0.208466 0.193121 0.177933 0.164584 0.152085 0.140742 0.130226 0.120465 0.111279 0.102572 0.094207 0.086019 0.078198 0.070645 0.063341 0.056211 0.049259 0.042406 0.035729 0.029129 0.022826 0.016689 0.010939 0.005901 0.001261 -0.001952 -0.004841 -0.006007 -0.005196 -0.017794 0.000000 0.000000 0.000000 0.000000 0.000000 0.000000 0.000000 0.000000 0.000000
0.519209 0.490258 0.412860 0.390893 0.399524 0.341086 0.335192 0.299603 0.284447 0.258799 0.241960 0.222633 0.207007 0.191551 0.177842 0.164942 0.152929 0.141766 0.131292 0.121371 0.111894 0.102689 0.093912 0.085445 0.077236 0.069254 0.061434 0.053761 0.046154 0.038685 0.031218 0.024007 0.016734 0.010105 0.003284 -0.001728 -0.007365 -0.007880 -0.010840 -0.003924 -0.016481 0.000000 0.000000 0.000000 0.000000 0.000000 0.000000 0.000000 0.000000 0.000000
0.421308 0.462670 0.419328 0.398147 0.401689 0.350737 0.349332 0.309731 0.296778 0.271219 0.254764 0.235454 0.219772 0.204037 0.189998 0.176634 0.164236 0.152502 0.141402 0.130668 0.120548 0.110840 0.101483 0.092422 0.083603 0.074989 0.066512 0.058148 0.049807 0.041547 0.033205 0.025024 0.016641 0.008782 0.000540 -0.005906 -0.013228 -0.014724 -0.019071 -0.026131 -0.016745 0.000000 0.000000 0.000000 0.000000 0.000000 0.000000 0.000000 0.000000 0.000000
0.431922 0.497707 0.408699 0.423734 0.362698 0.358545 0.322191 0.321897 0.307875 0.282906 0.266336 0.247329 0.231360 0.215623 0.200999 0.187273 0.174397 0.162169 0.150562 0.139480 0.128865 0.118646 0.108765 0.099163 0.089786 0.080587 0.071495 0.062478 0.053428 0.044391 0.035155 0.025944 0.016320 0.006916 -0.003128 -0.012132 -0.021893 -0.026880 -0.033136 -0.037080 -0.038760 0.000000 0.000000 0.000000 0.000000 0.000000 0.000000 0.000000 0.000000 0.000000
0.420239 0.500936 0.428407 0.409381 0.415995 0.367041 0.360586 0.329552 0.315578 0.292380 0.275919 0.257373 0.241436 0.225606 0.211029 0.197053 0.183872 0.171298 0.159309 0.147822 0.136777 0.126111 0.115764 0.105680 0.095799 0.086070 0.076417 0.066800 0.057096 0.047333 0.037253 0.027066 0.016189 0.005319 -0.006905 -0.018454 -0.032644 -0.042668 -0.060245 -0.088863 0.058089 0.000000 0.000000 0.000000 0.000000 0.000000 0.000000 0.000000 0.000000 0.000000
0.515581 0.497098 0.431670 0.414449 0.422945 0.374158 0.369496 0.337883 0.324267 0.301451 0.285191 0.266794 0.250877 0.235001 0.220294 0.206132 0.192712 0.179858 0.167555 0.155725 0.144313 0.133259 0.122506 0.111997 0.101671 0.091474 0.081324 0.071165 0.060892 0.050478 0.039642 0.028526 0.016486 0.003927 -0.010446 -0.026156 -0.045239 -0.068328 -0.097155 -0.180832 -0.254943 -0.367578 -0.296701 -0.148359 -0.143390 -0.096098 -0.075885 -0.054454 -0.022632 -0.003012
0.504716 0.509311 0.434193 0.417675 0.425830 0.379321 0.374571 0.344973 0.331691 0.309474 0.293473 0.275300 0.259466 0.243606 0.228833 0.214549 0.200953 0.187880 0.175323 0.163209 0.151490 0.140107 0.129007 0.118133 0.107424 0.096825 0.086252 0.075642 0.064891 0.053946 0.042528 0.030723 0.017869 0.004298 -0.011452 -0.028941 -0.051231 -0.079061 -0.114949 -0.185576 -0.203757 -0.257376 -0.227883 -0.145208 -0.113071 -0.086655 -0.072180 -0.048354 -0.036148 0.000031
0.507321 0.511945 0.434811 0.421785 0.430928 0.385049 0.381283 0.351517 0.338530 0.316750 0.300981 0.283039 0.267315 0.251509 0.236717 0.222359 0.208639 0.195402 0.182646 0.170303 0.158331 0.146675 0.135284 0.124105 0.113078 0.102147 0.091232 0.080313 0.069149 0.057815 0.046006 0.033766 0.020491 0.006420 -0.009707 -0.027541 -0.050100 -0.075636 -0.114381 -0.147832 -0.182143 -0.179194 -0.152971 -0.126207 -0.099510 -0.077454 -0.054455 -0.055372 -0.026388 -0.004564
0.519162 0.513582 0.437380 0.424715 0.433828 0.389459 0.385558 0.357232 0.344534 0.323276 0.307764 0.290077 0.274490 0.258773 0.243999 0.229610 0.215811 0.202458 0.189550 0.177029 0.164855 0.152979 0.141354 0.129926 0.118644 0.107449 0.096271 0.085089 0.073666 0.062077 0.050066 0.037627 0.024339 0.010259 -0.005308 -0.022217 -0.041656 -0.063162 -0.086736 -0.114600 -0.137749 -0.140979 -0.124814 -0.105860 -0.085828 -0.066858 -0.048755 -0.047656 -0.027208 -0.003551
0.500833 0.514818 0.439316 0.427221 0.437202 0.393689 0.390359 0.362455 0.349972 0.329190 0.313916 0.296495 0.281063 0.265459 0.250734 0.236349 0.222510 0.209080 0.196065 0.183411 0.171082 0.159035 0.147226 0.135607 0.124129 0.112739 0.101372 0.090021 0.078441 0.066731 0.054674 0.042246 0.029164 0.015394 0.000553 -0.015217 -0.032668 -0.051116 -0.071230 -0.089437 -0.101979 -0.103142 -0.095831 -0.085676 -0.070178 -0.057983 -0.041525 -0.040208 -0.024654 -0.003900
0.505640 0.508951 0.441301 0.429838 0.439935 0.397585 0.394145 0.367149 0.354860 0.334552 0.319516 0.302361 0.287094 0.271622 0.256970 0.242619 0.228772 0.215301 0.202217 0.189469 0.177028 0.164855 0.152909 0.141149 0.129530 0.118004 0.106515 0.095070 0.083418 0.071687 0.059696 0.047429 0.034688 0.021511 0.007606 -0.006764 -0.021782 -0.037226 -0.052124 -0.065852 -0.075788 -0.079019 -0.074743 -0.067589 -0.057391 -0.046323 -0.034647 -0.033710 -0.022685 -0.003908
0.415730 0.509972 0.443029 0.431207 0.441707 0.400661 0.397456 0.371355 0.359242 0.339414 0.324611 0.307728 0.292636 0.277311 0.262752 0.248458 0.234631 0.221150 0.208029 0.195223 0.182708 0.170448 0.158409 0.146554 0.134842 0.123234 0.111682 0.100209 0.088558 0.076889 0.065051 0.053039 0.040715 0.028187 0.015166 0.002027 -0.011311 -0.024422 -0.036864 -0.047578 -0.054878 -0.057806 -0.056249 -0.052396 -0.045275 -0.038174 -0.028152 -0.027024 -0.020119 -0.003699
0.398204 0.476644 0.444559 0.433406 0.443867 0.403923 0.400553 0.375175 0.363231 0.343843 0.329269 0.312650 0.297739 0.282570 0.268119 0.253902 0.240117 0.226652 0.213522 0.200690 0.188133 0.175821 0.163726 0.151814 0.140052 0.128407 0.116839 0.105387 0.093789 0.082234 0.070598 0.058878 0.047022 0.035069 0.023046 0.010920 -0.000925 -0.012303 -0.022686 -0.031590 -0.038049 -0.041484 -0.041345 -0.039162 -0.034454 -0.029376 -0.021871 -0.021385 -0.005026 -0.006002
0.489218 0.478136 0.418359 0.456955 0.408215 0.407047 0.405274 0.378541 0.366814 0.347866 0.333528 0.317170 0.302445 0.287439 0.273108 0.258981 0.245258 0.231829 0.218716 0.205882 0.193312 0.180980 0.168860 0.156925 0.145149 0.133502 0.121956 0.110566 0.099055 0.087652 0.076243 0.064839 0.053415 0.042037 0.030721 0.019628 0.008769 -0.001380 -0.010529 -0.018286 -0.024039 -0.027553 -0.028592 -0.027988 -0.025164 -0.021892 -0.016494 -0.016193 -0.015729 0.018859
0.510133 0.515544 0.446905 0.436191 0.446696 0.408677 0.405471 0.381639 0.370122 0.351553 0.337442 0.321333 0.306794 0.291953 0.277750 0.263726 0.250078 0.236704 0.223626 0.210814 0.198255 0.185926 0.173807 0.161878 0.150114 0.138495 0.126999 0.115693 0.104296 0.093061 0.081886 0.070786 0.059768 0.048886 0.038198 0.027824 0.017927 0.008582 0.000277 -0.006828 -0.012306 -0.016086 -0.017884 -0.018310 -0.016968 -0.015152 -0.011516 -0.011351 -0.011777 0.003775
0.417800 0.515083 0.448000 0.437778 0.447366 0.410394 0.407211 0.384381 0.373113 0.354922 0.341043 0.325174 0.310819 0.296144 0.282074 0.268160 0.254600 0.241294 0.228269 0.215496 0.202966 0.190661 0.178566 0.166663 0.154935 0.143366 0.131939 0.120736 0.109464 0.098401 0.087454 0.076641 0.065980 0.055529 0.045344 0.035541 0.026244 0.017640 0.009837 0.003107 -0.002272 -0.006281 -0.008753 -0.010082 -0.009967 -0.009327 -0.007253 -0.007219 -0.010403 0.003829
0.508052 0.514883 0.449140 0.438376 0.448825 0.412406 0.409539 0.386978 0.375919 0.358033 0.344367 0.328723 0.314549 0.300038 0.286104 0.272307 0.258843 0.245616 0.232656 0.219936 0.207452 0.195189 0.183134 0.171275 0.159598 0.148092 0.136747 0.125655 0.114513 0.103620 0.092885 0.082329 0.071979 0.061885 0.052108 0.042739 0.033889 0.025691 0.018298 0.011825 0.006388 0.002115 -0.000930 -0.002980 -0.003888 -0.004243 -0.003496 -0.003552 -0.010170 0.003923
0.503665 0.514253 0.450004 0.441107 0.449708 0.414116 0.411025 0.389304 0.378455 0.360881 0.347431 0.332001 0.318005 0.303656 0.289861 0.276185 0.262822 0.249684 0.236798 0.224144 0.211717 0.199508 0.187506 0.175703 0.164089 0.152789 0.141402 0.130423 0.119408 0.108676 0.098134 0.087804 0.077717 0.067917 0.058461 0.049424 0.040895 0.032973 0.025782 0.019407 0.013966 0.009422 0.005857 0.003167 0.001361 0.000197 -0.000307 -0.000377 -0.008425 -0.005722
0.514252 0.514047 0.451575 0.440867 0.450199 0.415423 0.412979 0.391498 0.380830 0.363509 0.350252 0.335029 0.321205 0.307018 0.293361 0.279809 0.266553 0.253509 0.240705 0.228124 0.215765 0.203619 0.191680 0.179942 0.168399 0.157182 0.145882 0.135014 0.124122 0.113537 0.103166 0.093031 0.083162 0.073598 0.064391 0.055600 0.047297 0.039560 0.032468 0.026096 0.020506 0.015732 0.011746 0.008538 0.005955 0.004081 0.002520 0.002408 -0.006876 0.004045
0.507968 0.513858 0.452566 0.442256 0.452238 0.417379 0.414804 0.393615 0.383004 0.365928 0.352853 0.337826 0.324170 0.310142 0.296622 0.283194 0.270048 0.257101 0.244385 0.231884 0.219598 0.207522 0.195652 0.183985 0.172516 0.161387 0.150173 0.139412 0.128633 0.118181 0.107959 0.097989 0.088297 0.078921 0.069901 0.061288 0.053138 0.045509 0.038460 0.032045 0.026290 0.021243 0.016837 0.013156 0.009904 0.007446 0.004938 0.004819 -0.005676 -0.003567
0.509857 0.513338 0.453600 0.443583 0.452581 0.418892 0.416050 0.395497 0.384961 0.368142 0.355240 0.340407 0.326914 0.313041 0.299657 0.286354 0.273318 0.260472 0.247846 0.235428 0.223220 0.211218 0.199421 0.187827 0.176436 0.165392 0.154262 0.143601 0.132926 0.122591 0.112497 0.102664 0.093116 0.083884 0.075003 0.066514 0.058459 0.050885 0.043831 0.037340 0.031417 0.026114 0.021329 0.017212 0.013380 0.010362 0.007102 0.006927 -0.004321 0.003963
0.509708 0.514059 0.454077 0.443744 0.452320 0.420083 0.417413 0.397223 0.386776 0.370179 0.357443 0.342794 0.329456 0.315734 0.302482 0.289301 0.276376 0.263630 0.251096 0.238762 0.226634 0.214709 0.202986 0.191467 0.180151 0.169189 0.158141 0.147573 0.136990 0.126758 0.116772 0.107051 0.097616 0.088494 0.079712 0.071304 0.063303 0.055743 0.048651 0.042062 0.035963 0.030417 0.025289 0.020783 0.016437 0.012927 0.009004 0.008771 -0.003015 -0.002085
0.424451 0.514394 0.454094 0.444379 0.452937 0.421041 0.418500 0.398794 0.388398 0.372038 0.359464 0.344995 0.331807 0.318231 0.305108 0.292047 0.279230 0.266583 0.254141 0.241893 0.229845 0.217996 0.206347 0.194902 0.183660 0.172777 0.161804 0.151323 0.140820 0.130676 0.120781 0.111151 0.101803 0.092761 0.084048 0.075689 0.067708 0.060135 0.052981 0.046281 0.040006 0.034227 0.028787 0.023929 0.019130 0.015184 0.010683 0.010398 -0.001891 -0.001397
0.509681 0.514410 0.453288 0.445461 0.453949 0.422866 0.420275 0.400519 0.390009 0.373787 0.361342 0.347034 0.333983 0.320547 0.307546 0.294601 0.281888 0.269339 0.256987 0.244823 0.232854 0.221081 0.209505 0.198132 0.186961 0.176152 0.165248 0.154846 0.144413 0.134345 0.124524 0.114965 0.105684 0.096699 0.088029 0.079694 0.071711 0.064102 0.056874 0.050055 0.043607 0.037607 0.031881 0.026703 0.021503 0.017164 0.012161 0.011818 -0.000852 0.003811
0.508351 0.515180 0.452831 0.445199 0.452704 0.422825 0.420734 0.401579 0.391286 0.375315 0.363039 0.348901 0.335989 0.322687 0.309805 0.296971 0.284360 0.271905 0.259640 0.247558 0.235666 0.223967 0.212462 0.201157 0.190054 0.179158 0.168473 0.158142 0.147768 0.137764 0.128004 0.118501 0.109269 0.100323 0.091676 0.083346 0.075343 0.067687 0.060374 0.053434 0.046819 0.040613 0.034626 0.029162 0.023604 0.018932 0.013454 0.013113 0.000130 -0.002736
0.509696 0.517383 0.451310 0.449896 0.458066 0.426070 0.424367 0.403412 0.392941 0.376845 0.364663 0.350640 0.337846 0.324667 0.311895 0.299167 0.286653 0.274288 0.262107 0.250103 0.238285 0.226656 0.215219 0.203979 0.192939 0.182104 0.171479 0.161211 0.150888 0.140936 0.131226 0.121766 0.112569 0.103646 0.095008 0.086669 0.078635 0.070921 0.063520 0.056459 0.049684 0.043285 0.037059 0.031330 0.025454 0.020444 0.014612 0.014168 0.001007 0.003671
0.508089 0.514284 0.450544 0.445968 0.453594 0.423997 0.423397 0.403577 0.393733 0.378041 0.366070 0.352211 0.339548 0.326490 0.313824 0.301195 0.288772 0.276493 0.264392 0.252463 0.240715 0.229152 0.217779 0.206599 0.195617 0.185000 0.174267 0.164055 0.153775 0.143868 0.134196 0.124768 0.115594 0.106683 0.098044 0.089685 0.081613 0.073836 0.066346 0.059167 0.052243 0.045666 0.039224 0.033258 0.027106 0.021818 0.015660 0.015185 0.001750 0.000689
0.508970 0.497057 0.448708 0.453068 0.463467 0.428389 0.427352 0.405352 0.395255 0.379324 0.367428 0.353670 0.341116 0.328165 0.315598 0.303063 0.290725 0.278526 0.266499 0.254641 0.242959 0.231459 0.220145 0.209022 0.198093 0.187528 0.176841 0.166679 0.156434 0.146562 0.136921 0.127517 0.118357 0.109450 0.100800 0.092416 0.084299 0.076457 0.068879 0.061588 0.054523 0.047781 0.041143 0.034964 0.028558 0.023023 0.016559 0.016053 0.014487 -0.002403
0.509243 0.516215 0.448724 0.445384 0.456606 0.424664 0.425452 0.405264 0.395744 0.380331 0.368643 0.355011 0.342564 0.329708 0.317229 0.304777 0.292518 0.280393 0.268435 0.256641 0.245021 0.233578 0.222319 0.211248 0.200368 0.189850 0.179203 0.169082 0.158868 0.149026 0.139408 0.130021 0.120868 0.111957 0.103292 0.094878 0.086715 0.078808 0.071145 0.063748 0.056554 0.049662 0.042848 0.036476 0.029851 0.024092 0.017373 0.016836 0.014453 -0.002255
0.407834 0.519115 0.445577 0.449547 0.463094 0.426650 0.427668 0.405938 0.396415 0.381253 0.369660 0.356185 0.343860 0.331101 0.318712 0.306339 0.294153 0.282096 0.270202 0.258468 0.246905 0.235515 0.224306 0.213281 0.202446 0.191975 0.181357 0.171276 0.161084 0.151266 0.141666 0.132289 0.123138 0.114220 0.105535 0.097089 0.088878 0.080909 0.073164 0.065669 0.058355 0.051327 0.044354 0.037811 0.030989 0.025034 0.018088 0.017526 0.014323 0.000341
0.408768 0.516537 0.444473 0.452357 0.465160 0.429188 0.431424 0.408599 0.399008 0.382732 0.371173 0.357434 0.345151 0.332413 0.320082 0.307767 0.295642 0.283643 0.271806 0.260126 0.248613 0.237271 0.226107 0.215124 0.204328 0.193897 0.183307 0.173253 0.163086 0.153287 0.143700 0.134329 0.125177 0.116247 0.107542 0.099062 0.090805 0.082776 0.074956 0.067370 0.059948 0.052798 0.045687 0.038988 0.031996 0.025854 0.018722 0.018132 0.014203 -0.001951
0.503928 0.524317 0.443043 0.448426 0.462322 0.423944 0.427600 0.406254 0.398131 0.382890 0.371622 0.358322 0.346169 0.333537 0.321290 0.309041 0.296977 0.285034 0.273249 0.261617 0.250150 0.238851 0.227727 0.216783 0.206021 0.195638 0.185058 0.174869 0.164881 0.155097 0.145520 0.136367 0.126995 0.118053 0.109324 0.100812 0.092511 0.084425 0.076535 0.068866 0.061346 0.054085 0.046847 0.040017 0.032875 0.026573 0.019302 0.018670 0.013838 0.007996
0.503811 0.520350 0.442239 0.456142 0.475335 0.433369 0.437418 0.410695 0.402028 0.384602 0.373484 0.359430 0.347336 0.334643 0.322419 0.310200 0.298178 0.286277 0.274534 0.262944 0.251516 0.240255 0.229166 0.218255 0.207523 0.197182 0.186610 0.176597 0.166469 0.156697 0.147127 0.137759 0.128597 0.119640 0.110890 0.102347 0.094004 0.085868 0.077914 0.070174 0.062571 0.055213 0.047890 0.040913 0.033644 0.027184 0.019756 0.019106 0.004931 0.007499
0.504625 0.533611 0.441282 0.446229 0.467606 0.427314 0.432725 0.407769 0.400598 0.384437 0.373426 0.360086 0.348053 0.335496 0.323349 0.311192 0.299221 0.287366 0.275666 0.264114 0.252721 0.241493 0.230436 0.219553 0.208847 0.198567 0.187977 0.177986 0.167866 0.158104 0.148538 0.139170 0.130000 0.121029 0.112258 0.103685 0.095305 0.087122 0.079110 0.071306 0.063617 0.056168 0.048725 0.041608 0.034286 0.027670 0.020216 0.019536 0.013678 0.001106
0.504208 0.538986 0.446143 0.451905 0.469707 0.434160 0.437699 0.411957 0.403626 0.386074 0.375083 0.361022 0.349026 0.336395 0.324239 0.312091 0.300141 0.288311 0.276639 0.265116 0.253752 0.242552 0.231520 0.220661 0.209976 0.199686 0.189142 0.179003 0.169056 0.159301 0.149737 0.140366 0.131188 0.122204 0.113413 0.104814 0.096400 0.088177 0.080115 0.072258 0.064515 0.057003 0.049511 0.042336 0.034838 0.028167 0.020482 0.019855 0.013369 -0.001173
0.382985 0.533469 0.437393 0.455275 0.471724 0.428923 0.431423 0.407970 0.401385 0.385315 0.374443 0.361277 0.349406 0.336919 0.324878 0.312796 0.300897 0.289109 0.277471 0.265979 0.254642 0.243466 0.232457 0.221617 0.210949 0.199755 0.190143 0.180017 0.170079 0.160331 0.150770 0.141396 0.132212 0.123216 0.114407 0.105787 0.097343 0.089087 0.080979 0.073089 0.065251 0.057658 0.050052 0.042550 0.035270 0.028277 0.020824 0.020185 0.006758 -0.000993
0.400089 0.489342 0.463394 0.439422 0.466797 0.430156 0.433883 0.412031 0.403052 0.386846 0.375877 0.362219 0.350177 0.337673 0.325543 0.313441 0.301534 0.289753 0.278127 0.266651 0.255332 0.244173 0.233180 0.222355 0.211702 0.200818 0.190923 0.180806 0.170874 0.161126 0.151562 0.142183 0.132989 0.123981 0.115158 0.106517 0.098044 0.089757 0.081597 0.073672 0.065697 0.058221 0.050315 0.043325 0.035556 0.028884 0.021068 0.020523 0.012366 -0.000819
0.403226 0.497889 0.427499 0.429124 0.457146 0.422098 0.422849 0.406506 0.399231 0.385617 0.374430 0.362146 0.350180 0.337869 0.325848 0.313829 0.301975 0.290234 0.278641 0.267190 0.255891 0.244751 0.233774 0.222960 0.212315 0.201647 0.191548 0.181438 0.171519 0.161784 0.152229 0.142853 0.133656 0.124640 0.115805 0.107157 0.098679 0.090366 0.082205 0.074175 0.066304 0.058548 0.050917 0.043580 0.035921 0.029060 0.021256 0.020036 0.012289 0.000236
0.509379 0.460662 0.467082 0.472215 0.458289 0.429019 0.431152 0.408423 0.401457 0.386136 0.375724 0.362413 0.350672 0.338224 0.326243 0.314193 0.302330 0.290572 0.278964 0.267500 0.256191 0.245041 0.234055 0.223236 0.212586 0.202263 0.191807 0.181689 0.171753 0.162001 0.152432 0.143047 0.133845 0.124824 0.115983 0.107323 0.098825 0.090497 0.082312 0.074277 0.066385 0.058640 0.050966 0.043579 0.035915 0.028577 0.028420 0.020762 0.010676 0.001260
0.506879 0.496124 0.452986 0.453066 0.437659 0.424655 0.411197 0.400504 0.388340 0.376673 0.364737 0.356638 0.340821 0.332656 0.320767 0.308972 0.297282 0.285705 0.274271 0.263007 0.251906 0.240951 0.230150 0.219505 0.215779 0.198709 0.188606 0.178636 0.168775 0.159065 0.149545 0.145660 0.131063 0.122066 0.113212 0.104506 0.110918 0.103297 0.084267 0.076206 0.068361 0.060593 0.052953 0.045463 0.038162 0.030906 0.024324 0.016582 0.008393 0.001127
0.509679 0.470104 0.516074 0.481972 0.467201 0.431809 0.443297 0.458598 0.417566 0.403701 0.390465 0.376859 0.344877 0.350250 0.330467 0.324124 0.311268 0.294214 0.285967 0.295718 0.307207 0.297042 0.237717 0.199508 0.218047 0.235097 0.197070 0.181441 0.173344 0.163381 0.140162 0.180024 0.134648 0.125448 0.116432 0.107616 0.102950 0.094519 0.078721 0.078138 0.070134 0.054814 0.054006 0.045884 0.039531 0.032764 0.026577 0.017679 0.009331 0.001452
