0.000000 0.000000 0.000000 0.000000 0.000000 0.000000 0.000000 0.000000 0.000000 0.000000 0.000000 0.000000 0.000000 0.011650 0.001088 0.003631 -0.007728 0.004891 -0.002333 0.002264 0.000095 -0.006101 -0.000195 0.000000 0.000000 0.000000 0.000000 0.000000 0.000000 0.000000 0.000000 0.000000 0.000000 0.000000 0.000000 0.000000 0.000000 0.000000 0.000000 0.000000 0.000000 0.000000 0.000000 0.000000 0.000000 0.000000 0.000000 0.000000 0.000000 0.000000
0.000000 0.000000 0.000000 0.000000 0.000000 0.000000 0.000000 0.000000 0.000000 0.000000 0.000000 0.000000 0.000000 0.028276 0.028915 0.018158 0.015679 0.009961 0.005228 -0.006411 -0.015898 -0.021870 -0.035660 0.000000 0.000000 0.000000 0.000000 0.000000 0.000000 0.000000 0.000000 0.000000 0.000000 0.000000 0.000000 0.000000 0.000000 0.000000 0.000000 0.000000 0.000000 0.000000 0.000000 0.000000 0.000000 0.000000 0.000000 0.000000 0.000000 0.000000
0.000000 0.000000 0.000000 0.000000 0.000000 0.000000 0.000000 0.000000 0.000000 0.000000 0.000000 0.000000 0.000000 0.037190 0.037776 0.043682 0.028379 0.014375 -0.001914 -0.018334 -0.036014 -0.051603 -0.044598 0.000000 0.000000 0.000000 0.000000 0.000000 0.000000 0.000000 0.000000 0.000000 0.000000 0.000000 0.000000 0.000000 0.000000 0.000000 0.000000 0.000000 0.000000 0.000000 0.000000 0.000000 0.000000 0.000000 0.000000 0.000000 0.000000 0.000000
0.000000 0.000000 0.000000 0.000000 0.000000 0.000000 0.000000 0.000000 0.000000 0.000000 0.000000 0.000000 0.000000 0.062136 0.068621 0.040416 0.029391 0.014736 -0.001786 -0.018769 -0.036649 -0.051162 -0.071900 0.000000 0.000000 0.000000 0.000000 0.000000 0.000000 0.000000 0.000000 0.000000 0.000000 0.000000 0.000000 0.000000 0.000000 0.000000 0.000000 0.000000 0.000000 0.000000 0.000000 0.000000 0.000000 0.000000 0.000000 0.000000 0.000000 0.000000
0.000000 0.000000 0.000000 0.000000 0.000000 0.000000 0.000000 0.000000 0.000000 0.000000 0.000000 0.000000 0.000000 0.075434 0.095592 0.061219 0.045083 0.024335 0.001278 -0.023437 -0.050904 -0.074560 -0.123885 0.000000 0.000000 0.000000 0.000000 0.000000 0.000000 0.000000 0.000000 0.000000 0.000000 0.000000 0.000000 0.000000 0.000000 0.000000 0.000000 0.000000 0.000000 0.000000 0.000000 0.000000 0.000000 0.000000 0.000000 0.000000 0.000000 0.000000
0.000000 0.000000 0.000000 0.000000 0.000000 0.000000 0.000000 0.000000 0.000000 0.000000 0.000000 0.000000 0.000000 0.157436 0.114676 0.081705 0.061072 0.032042 0.001390 -0.033772 -0.074601 -0.116213 -0.138437 0.000000 0.000000 0.000000 0.000000 0.000000 0.000000 0.000000 0.000000 0.000000 0.000000 0.000000 0.000000 0.000000 0.000000 0.000000 0.000000 0.000000 0.000000 0.000000 0.000000 0.000000 0.000000 0.000000 0.000000 0.000000 0.000000 0.000000
0.000000 0.000000 0.000000 0.000000 0.000000 0.000000 0.000000 0.000000 0.000000 0.000000 0.000000 0.000000 0.000000 0.256075 0.170784 0.111560 0.083493 0.048449 0.012806 -0.030306 -0.085090 -0.151376 -0.283813 0.000000 0.000000 0.000000 0.000000 0.000000 0.000000 0.000000 0.000000 0.000000 0.000000 0.000000 0.000000 0.000000 0.000000 0.000000 0.000000 0.000000 0.000000 0.000000 0.000000 0.000000 0.000000 0.000000 0.000000 0.000000 0.000000 0.000000
0.001632 0.005879 0.001168 0.007424 0.005180 0.001645 0.000851 0.005664 0.017102 0.001191 0.002961 -0.006869 0.025818 0.447990 0.188749 0.140798 0.104003 0.064125 0.021167 -0.035799 -0.113135 -0.242203 0.247792 0.483107 0.509052 0.513284 0.510708 0.505270 0.510093 0.508926 0.507469 0.551953 0.524854 0.513666 0.518632 0.514849 0.553250 0.552413 0.516341 0.514151 0.513793 0.515812 0.516500 0.515228 0.517696 0.495206 0.518615 0.519752 0.472558 0.518545
0.005435 0.003503 0.001840 0.008552 0.010248 0.010809 -0.006778 0.021222 0.004794 0.000088 0.009710 0.016314 0.042797 0.035355 0.192380 0.153444 0.119314 0.088516 0.050952 0.003634 -0.062084 -0.163717 -0.339040 0.350123 0.523174 0.533491 0.539076 0.517802 0.549453 0.557565 0.536822 0.543332 0.526993 0.559511 0.522002 0.554487 0.536050 0.530877 0.525480 0.526569 0.549246 0.536134 0.526133 0.495360 0.529492 0.558360 0.502986 0.522646 0.523150 0.553262
0.028831 0.022265 0.016792 0.019386 0.020006 0.022755 0.025450 0.029764 0.034470 0.042049 0.050922 0.066421 0.095109 0.133218 0.160457 0.155811 0.133563 0.117917 0.095611 0.069783 0.042783 0.020097 0.047391 0.220117 0.349203 0.427811 0.459101 0.481283 0.487421 0.493109 0.497086 0.496881 0.498029 0.493525 0.494061 0.491299 0.490925 0.491884 0.488014 0.488649 0.488282 0.488288 0.482672 0.487582 0.482805 0.483679 0.484910 0.483016 0.458166 0.459832
0.018948 0.035357 0.028362 0.028551 0.031186 0.034983 0.039637 0.045710 0.053143 0.062513 0.074495 0.090904 0.112274 0.147160 0.159445 0.162906 0.155628 0.146338 0.133675 0.120989 0.108430 0.103445 0.122495 0.254214 0.330336 0.372307 0.412787 0.425022 0.441022 0.444801 0.446460 0.447235 0.443801 0.445349 0.440647 0.439805 0.436545 0.432238 0.432194 0.428662 0.426597 0.420698 0.420694 0.416601 0.414932 0.413846 0.413984 0.397640 0.429251 0.455085
0.036938 0.041988 0.038301 0.038748 0.042532 0.047376 0.053693 0.061541 0.071269 0.083024 0.097520 0.114290 0.135181 0.156719 0.173535 0.181599 0.182386 0.182200 0.179629 0.178603 0.181096 0.194952 0.221368 0.285494 0.335026 0.385188 0.413022 0.432986 0.445466 0.453034 0.455124 0.454228 0.451881 0.449575 0.445542 0.441477 0.437340 0.433251 0.430054 0.426552 0.422824 0.419312 0.416916 0.414157 0.411781 0.410170 0.404969 0.410228 0.385674 0.375571
0.045771 0.051334 0.046331 0.050929 0.056436 0.064196 0.064942 0.073738 0.085354 0.099734 0.115516 0.135296 0.153409 0.177083 0.191389 0.203963 0.210244 0.214921 0.217497 0.220968 0.227370 0.239539 0.264977 0.307605 0.342485 0.368191 0.389319 0.402563 0.410875 0.412979 0.411166 0.407708 0.402107 0.397360 0.390712 0.385265 0.379494 0.374169 0.370147 0.365928 0.362621 0.358782 0.356689 0.354851 0.354918 0.356958 0.350008 0.353616 0.379313 0.364568
0.057303 0.058519 0.054819 0.055168 0.060559 0.067296 0.076100 0.087011 0.100008 0.115831 0.133482 0.154086 0.175164 0.197458 0.216053 0.231623 0.242648 0.251843 0.259199 0.267320 0.277146 0.292521 0.311144 0.340524 0.365498 0.389195 0.402541 0.403544 0.409470 0.412338 0.411991 0.406547 0.399158 0.391640 0.383216 0.375919 0.368815 0.362699 0.357461 0.352670 0.348663 0.344940 0.342202 0.339618 0.337589 0.336566 0.332880 0.335253 0.337006 0.326682
0.061288 0.065274 0.060733 0.060988 0.067004 0.074448 0.084135 0.096370 0.110607 0.128715 0.147838 0.172000 0.194509 0.221223 0.242076 0.261815 0.275894 0.287835 0.297231 0.306384 0.316241 0.328149 0.343897 0.363490 0.380880 0.394468 0.403616 0.406339 0.404344 0.400064 0.390397 0.379807 0.367483 0.356258 0.345064 0.335439 0.326707 0.319316 0.313158 0.307876 0.303605 0.300005 0.297253 0.295279 0.293592 0.293641 0.291860 0.294377 0.306219 0.342701
0.063601 0.070068 0.065035 0.065329 0.071772 0.079764 0.090198 0.103606 0.119238 0.139525 0.161262 0.188932 0.216216 0.247312 0.273412 0.296107 0.313358 0.326980 0.337814 0.347491 0.357181 0.368455 0.380239 0.394460 0.406392 0.415977 0.420242 0.418236 0.411861 0.401886 0.386850 0.371494 0.355233 0.340505 0.326894 0.315229 0.305118 0.296651 0.289618 0.283739 0.278954 0.275000 0.271805 0.269389 0.267019 0.266181 0.263394 0.264333 0.266311 0.231482
0.088231 0.072857 0.067322 0.067663 0.074200 0.082407 0.093070 0.107297 0.123515 0.146240 0.169355 0.202859 0.232827 0.274910 0.304991 0.334639 0.353177 0.368190 0.378440 0.387049 0.395049 0.403268 0.412598 0.422441 0.430371 0.435820 0.436045 0.431246 0.418028 0.401472 0.375397 0.353626 0.330409 0.311543 0.294389 0.280491 0.268791 0.259300 0.251618 0.245395 0.240436 0.236522 0.233369 0.231211 0.229108 0.228347 0.226812 0.227738 0.230189 0.202837
0.057141 0.081261 0.067894 0.068166 0.074710 0.082921 0.093743 0.108463 0.125723 0.150351 0.177202 0.215737 0.257363 0.307047 0.349238 0.378655 0.400266 0.412892 0.421926 0.427960 0.433943 0.440211 0.446965 0.454445 0.460153 0.463887 0.461558 0.453409 0.434991 0.409550 0.371661 0.340897 0.311450 0.287313 0.267420 0.251328 0.238561 0.228335 0.220280 0.213878 0.208798 0.204836 0.201650 0.199350 0.197226 0.195950 0.194045 0.194503 0.191525 0.219775
0.056907 0.071088 0.066292 0.066508 0.072497 0.080109 0.090010 0.104174 0.120168 0.146019 0.171781 0.218562 0.258389 0.340249 0.388042 0.433922 0.451242 0.463701 0.467485 0.469945 0.472270 0.475707 0.480501 0.486641 0.491508 0.495408 0.491667 0.482723 0.455099 0.422085 0.360297 0.321200 0.282029 0.254737 0.231494 0.214264 0.200804 0.190382 0.182467 0.176197 0.171432 0.167785 0.164824 0.162976 0.161086 0.160011 0.158322 0.158889 0.154312 0.164267
0.067820 0.067095 0.063248 0.063463 0.068669 0.075473 0.084501 0.097510 0.113397 0.138379 0.167087 0.217333 0.292384 0.387523 0.471816 0.497897 0.518307 0.517526 0.516272 0.511448 0.509924 0.510510 0.513717 0.519786 0.525933 0.532365 0.531696 0.522840 0.496438 0.443748 0.354465 0.298850 0.253420 0.218530 0.194461 0.176148 0.163009 0.153063 0.145617 0.140141 0.135704 0.132507 0.130042 0.128094 0.126503 0.125217 0.124548 0.123971 0.116038 0.133585
0.050154 0.064206 0.058311 0.058415 0.062295 0.067289 0.073730 0.083493 0.094303 0.115193 0.137657 0.191955 0.235684 0.422709 0.526145 0.597727 0.592681 0.583654 0.566535 0.553742 0.545545 0.542946 0.545255 0.553068 0.563070 0.577031 0.583135 0.584455 0.543233 0.480270 0.323503 0.257509 0.201841 0.170210 0.146401 0.130023 0.119138 0.110389 0.105098 0.099952 0.097002 0.094516 0.092241 0.090931 0.089566 0.089054 0.087858 0.087180 0.080620 0.083467
0.057692 0.059159 0.052399 0.052459 0.055032 0.058185 0.062332 0.068149 0.077671 0.089209 0.097766 0.134960 0.243421 0.535376 0.742313 0.703565 0.691060 0.644989 0.616239 0.589605 0.576000 0.570089 0.571843 0.581852 0.597694 0.620866 0.642447 0.657961 0.664550 0.542526 0.309911 0.205455 0.155684 0.114605 0.096000 0.084453 0.075137 0.069806 0.064846 0.063365 0.059849 0.058447 0.058387 0.056611 0.056869 0.055131 0.056930 0.050953 0.042415 0.044821
0.059974 0.052100 0.045571 0.045586 0.046596 0.047044 0.048173 0.046225 0.047186 0.043342 0.043937 -0.094786 -0.258037 1.489413 1.071165 0.935900 0.816100 0.718969 0.659381 0.619254 0.597828 0.589299 0.591704 0.606098 0.631877 0.675732 0.731548 0.784265 0.988126 0.180414 0.093100 0.009217 0.010490 -0.002635 -0.001022 -0.001848 0.000614 0.005838 -0.009521 0.003544 -0.004242 -0.000251 -0.006884 0.004377 0.005493 0.002928 -0.000846 -0.000403 0.003548 0.000160
0.037291 0.048828 0.038678 0.038628 0.038226 0.036724 0.034988 0.028546 0.022117 -0.001356 -0.013837 -0.182568 -0.493411 1.779384 1.388518 1.118111 0.903377 0.764085 0.684389 0.631903 0.606720 0.596961 0.599575 0.616211 0.646724 0.697128 0.768136 0.901527 1.370895 0.721744 0.000000 0.000000 0.000000 0.000000 0.000000 0.000000 0.000000 0.000000 0.000000 0.000000 0.000000 0.000000 0.000000 0.000000 0.000000 0.000000 0.000000 0.000000 0.000000 0.000000
0.051747 0.041788 0.032381 0.032279 0.031064 0.028713 0.025650 0.019630 0.010479 -0.004488 -0.028778 -0.113286 -0.184899 2.118773 1.216009 0.968425 0.848154 0.742299 0.667947 0.620016 0.596442 0.588340 0.593356 0.607939 0.636661 0.676417 0.735752 0.798659 0.906290 0.873888 0.000000 0.000000 0.000000 0.000000 0.000000 0.000000 0.000000 0.000000 0.000000 0.000000 0.000000 0.000000 0.000000 0.000000 0.000000 0.000000 0.000000 0.000000 0.000000 0.000000
0.043003 0.032674 0.026367 0.026232 0.024279 0.021111 0.016845 0.009424 0.000771 -0.015092 -0.028917 -0.066796 -0.073011 0.476189 0.780828 0.714839 0.699709 0.635150 0.602564 0.578088 0.567115 0.566581 0.573478 0.589944 0.616660 0.649848 0.696321 0.733923 0.768693 0.804465 0.000000 0.000000 0.000000 0.000000 0.000000 0.000000 0.000000 0.000000 0.000000 0.000000 0.000000 0.000000 0.000000 0.000000 0.000000 0.000000 0.000000 0.000000 0.000000 0.000000
0.023873 0.025649 0.021461 0.021334 0.019247 0.016281 0.012264 0.006363 -0.000963 -0.011566 -0.023771 -0.047423 -0.046437 0.135140 0.478173 0.511087 0.555373 0.541867 0.537316 0.529774 0.529723 0.534976 0.545285 0.561670 0.585161 0.611768 0.646105 0.670726 0.679200 0.736833 0.000000 0.000000 0.000000 0.000000 0.000000 0.000000 0.000000 0.000000 0.000000 0.000000 0.000000 0.000000 0.000000 0.000000 0.000000 0.000000 0.000000 0.000000 0.000000 0.000000
0.020646 0.021321 0.016970 0.016830 0.014653 0.011702 0.007773 0.002329 -0.004029 -0.012531 -0.020569 -0.032876 -0.039069 0.166753 0.315291 0.371214 0.432343 0.455142 0.468364 0.477625 0.486416 0.497452 0.511321 0.528297 0.549681 0.571905 0.598803 0.614109 0.602992 0.651720 0.000000 0.000000 0.000000 0.000000 0.000000 0.000000 0.000000 0.000000 0.000000 0.000000 0.000000 0.000000 0.000000 0.000000 0.000000 0.000000 0.000000 0.000000 0.000000 0.000000
0.016760 0.016849 0.013408 0.013271 0.011332 0.008849 0.005546 0.001365 -0.003616 -0.009465 -0.015731 -0.024793 -0.028446 0.083347 0.213948 0.279219 0.344597 0.382138 0.407335 0.426361 0.442212 0.457772 0.474219 0.491640 0.511595 0.530657 0.552806 0.563078 0.533702 0.603356 0.000000 0.000000 0.000000 0.000000 0.000000 0.000000 0.000000 0.000000 0.000000 0.000000 0.000000 0.000000 0.000000 0.000000 0.000000 0.000000 0.000000 0.000000 0.000000 0.000000
0.012762 0.013073 0.010266 0.010111 0.008406 0.006265 0.003482 0.000104 -0.003793 -0.008118 -0.012347 -0.017553 -0.017543 0.043957 0.156188 0.215596 0.276448 0.321907 0.352652 0.378390 0.398738 0.417423 0.435797 0.453534 0.472357 0.489214 0.508129 0.514954 0.499302 0.547330 0.000000 0.000000 0.000000 0.000000 0.000000 0.000000 0.000000 0.000000 0.000000 0.000000 0.000000 0.000000 0.000000 0.000000 0.000000 0.000000 0.000000 0.000000 0.000000 0.000000
0.016679 0.009984 0.007717 0.007665 0.006256 0.004619 0.002418 -0.000083 -0.003017 -0.006011 -0.009092 -0.012663 -0.012743 0.016457 0.117131 0.169779 0.226231 0.273057 0.305948 0.334733 0.357737 0.378626 0.397816 0.415734 0.433898 0.449562 0.466877 0.472527 0.438837 0.475712 0.000000 0.000000 0.000000 0.000000 0.000000 0.000000 0.000000 0.000000 0.000000 0.000000 0.000000 0.000000 0.000000 0.000000 0.000000 0.000000 0.000000 0.000000 0.000000 0.000000
0.006606 0.006739 0.005553 0.005387 0.004282 0.003020 0.001432 -0.000338 -0.002375 -0.004387 -0.006460 -0.008154 -0.014980 0.011964 0.091398 0.139428 0.189574 0.233293 0.266204 0.295631 0.319680 0.341268 0.360787 0.378496 0.395956 0.410714 0.427005 0.432728 0.416612 0.424850 0.000000 0.000000 0.000000 0.000000 0.000000 0.000000 0.000000 0.000000 0.000000 0.000000 0.000000 0.000000 0.000000 0.000000 0.000000 0.000000 0.000000 0.000000 0.000000 0.000000
0.005529 0.004418 0.003637 0.004047 0.002982 0.002266 0.000992 -0.000236 -0.001747 -0.003151 -0.004644 -0.005043 -0.005696 0.007012 0.089718 0.115753 0.158199 0.200245 0.231779 0.260723 0.284711 0.306270 0.325484 0.342795 0.359514 0.373962 0.389619 0.396845 0.388819 0.421582 0.000000 0.000000 0.000000 0.000000 0.000000 0.000000 0.000000 0.000000 0.000000 0.000000 0.000000 0.000000 0.000000 0.000000 0.000000 0.000000 0.000000 0.000000 0.000000 0.000000
0.002130 0.001001 0.000881 0.002204 0.000126 0.000126 0.000275 -0.001431 -0.001888 -0.002474 -0.002292 -0.001404 -0.003109 0.029788 0.044542 0.097926 0.135016 0.172595 0.202284 0.229621 0.252740 0.273417 0.291805 0.308143 0.323972 0.337435 0.353512 0.362197 0.372604 0.399940 0.000000 0.000000 0.000000 0.000000 0.000000 0.000000 0.000000 0.000000 0.000000 0.000000 0.000000 0.000000 0.000000 0.000000 0.000000 0.000000 0.000000 0.000000 0.000000 0.000000
0.000084 0.000074 -0.000276 -0.000318 -0.000231 0.000718 0.000501 0.000100 0.000584 0.000411 -0.000460 -0.000161 -0.000198 0.007072 0.058125 0.083205 0.115877 0.150217 0.176992 0.202315 0.223689 0.243012 0.260054 0.275035 0.289646 0.301691 0.317322 0.327918 0.325612 0.441187 0.000000 0.000000 0.000000 0.000000 0.000000 0.000000 0.000000 0.000000 0.000000 0.000000 0.000000 0.000000 0.000000 0.000000 0.000000 0.000000 0.000000 0.000000 0.000000 0.000000
0.000000 0.000000 0.000000 0.000000 0.000000 0.000000 0.000000 0.000000 0.000000 0.000000 0.000000 0.000000 0.000000 0.013433 0.072824 0.070153 0.101594 0.131004 0.154556 0.177719 0.197031 0.214645 0.229813 0.243036 0.254973 0.264734 0.275621 0.280350 0.231822 0.509503 0.009821 0.006193 0.003422 0.007081 0.000579 0.001289 0.001799 0.000000 0.000000 0.000000 0.000000 0.000000 0.000000 0.000000 0.000000 0.000000 0.000000 0.000000 0.000000 0.000000
0.000000 0.000000 0.000000 0.000000 0.000000 0.000000 0.000000 0.000000 0.000000 0.000000 0.000000 0.000000 0.000000 0.023065 0.051896 0.060667 0.088606 0.113993 0.135148 0.155701 0.172783 0.188407 0.201384 0.212401 0.220847 0.226902 0.229531 0.228416 0.225238 0.122288 0.045616 0.017039 0.011162 0.019806 0.020487 0.012638 0.013103 0.000000 0.000000 0.000000 0.000000 0.000000 0.000000 0.000000 0.000000 0.000000 0.000000 0.000000 0.000000 0.000000
0.000000 0.000000 0.000000 0.000000 0.000000 0.000000 0.000000 0.000000 0.000000 0.000000 0.000000 0.000000 0.000000 0.017407 0.038423 0.063978 0.066908 0.094507 0.114419 0.135462 0.150449 0.164178 0.175088 0.184221 0.190102 0.194026 0.191042 0.187478 0.167972 0.136338 0.089772 0.064795 0.046732 0.036789 0.029866 0.021993 0.020519 0.000000 0.000000 0.000000 0.000000 0.000000 0.000000 0.000000 0.000000 0.000000 0.000000 0.000000 0.000000 0.000000
0.000000 0.000000 0.000000 0.000000 0.000000 0.000000 0.000000 0.000000 0.000000 0.000000 0.000000 0.000000 0.000000 0.010788 0.029239 0.045180 0.064732 0.084677 0.101307 0.117449 0.130603 0.142476 0.151738 0.159086 0.163257 0.165128 0.161712 0.155397 0.139040 0.116553 0.088428 0.069017 0.054019 0.043914 0.037179 0.028570 0.029341 0.000000 0.000000 0.000000 0.000000 0.000000 0.000000 0.000000 0.000000 0.000000 0.000000 0.000000 0.000000 0.000000
0.000000 0.000000 0.000000 0.000000 0.000000 0.000000 0.000000 0.000000 0.000000 0.000000 0.000000 0.000000 0.000000 0.008991 0.012531 0.039219 0.055177 0.073083 0.087216 0.101277 0.112611 0.122803 0.130577 0.136531 0.139560 0.140387 0.136614 0.130689 0.116953 0.102583 0.082378 0.068303 0.055724 0.047266 0.040741 0.034365 0.036592 0.000000 0.000000 0.000000 0.000000 0.000000 0.000000 0.000000 0.000000 0.000000 0.000000 0.000000 0.000000 0.000000
0.000000 0.000000 0.000000 0.000000 0.000000 0.000000 0.000000 0.000000 0.000000 0.000000 0.000000 0.000000 0.000000 0.011564 0.036691 0.033195 0.046985 0.062251 0.074648 0.086709 0.096433 0.105057 0.111562 0.116385 0.118696 0.119036 0.115866 0.110758 0.101047 0.089985 0.076196 0.065072 0.055232 0.047771 0.042741 0.039441 0.028296 0.000000 0.000000 0.000000 0.000000 0.000000 0.000000 0.000000 0.000000 0.000000 0.000000 0.000000 0.000000 0.000000
0.000000 0.000000 0.000000 0.000000 0.000000 0.000000 0.000000 0.000000 0.000000 0.000000 0.000000 0.000000 0.000000 0.006103 0.021133 0.027949 0.039791 0.053001 0.063484 0.073676 0.081914 0.089175 0.094614 0.098547 0.100378 0.100469 0.097846 0.093653 0.086198 0.078226 0.068180 0.059912 0.052184 0.046223 0.041982 0.040308 0.029004 0.000000 0.000000 0.000000 0.000000 0.000000 0.000000 0.000000 0.000000 0.000000 0.000000 0.000000 0.000000 0.000000
0.000000 0.000000 0.000000 0.000000 0.000000 0.000000 0.000000 0.000000 0.000000 0.000000 0.000000 0.000000 0.000000 0.012040 0.018774 0.023497 0.033463 0.044658 0.053431 0.061877 0.068746 0.074742 0.079237 0.082426 0.083929 0.083954 0.081968 0.078673 0.073264 0.067223 0.060033 0.053672 0.047752 0.043168 0.039236 0.038167 0.035794 0.000000 0.000000 0.000000 0.000000 0.000000 0.000000 0.000000 0.000000 0.000000 0.000000 0.000000 0.000000 0.000000
0.000000 0.000000 0.000000 0.000000 0.000000 0.000000 0.000000 0.000000 0.000000 0.000000 0.000000 0.000000 0.000000 0.011486 0.016451 0.019205 0.027320 0.036964 0.044074 0.051116 0.056823 0.061803 0.065524 0.068121 0.069391 0.069395 0.067913 0.065379 0.061365 0.056914 0.051648 0.046900 0.042418 0.038885 0.035795 0.033534 0.033412 0.000000 0.000000 0.000000 0.000000 0.000000 0.000000 0.000000 0.000000 0.000000 0.000000 0.000000 0.000000 0.000000
0.000000 0.000000 0.000000 0.000000 0.000000 0.000000 0.000000 0.000000 0.000000 0.000000 0.000000 0.000000 0.000000 0.009369 0.013417 0.016238 0.022773 0.030280 0.035657 0.041201 0.045670 0.049562 0.052527 0.054556 0.055624 0.055658 0.054615 0.052746 0.049878 0.046588 0.042810 0.039284 0.035943 0.033278 0.030947 0.032187 0.027646 0.000000 0.000000 0.000000 0.000000 0.000000 0.000000 0.000000 0.000000 0.000000 0.000000 0.000000 0.000000 0.000000
0.000000 0.000000 0.000000 0.000000 0.000000 0.000000 0.000000 0.000000 0.000000 0.000000 0.000000 0.000000 0.000000 0.000797 -0.000958 0.012664 0.016596 0.023521 0.027352 0.032202 0.035711 0.038983 0.041334 0.042832 0.043840 0.043693 0.043042 0.041720 0.039593 0.037314 0.034556 0.032027 0.029639 0.027654 0.026038 0.024510 0.020472 0.000000 0.000000 0.000000 0.000000 0.000000 0.000000 0.000000 0.000000 0.000000 0.000000 0.000000 0.000000 0.000000
0.000000 0.000000 0.000000 0.000000 0.000000 0.000000 0.000000 0.000000 0.000000 0.000000 0.000000 0.000000 0.000000 0.008209 0.017281 0.010581 0.012191 0.016959 0.019638 0.022821 0.025440 0.027436 0.029253 0.030357 0.031146 0.031239 0.030789 0.029972 0.028696 0.026978 0.025260 0.023555 0.021876 0.020498 0.019107 0.021130 0.021227 0.000000 0.000000 0.000000 0.000000 0.000000 0.000000 0.000000 0.000000 0.000000 0.000000 0.000000 0.000000 0.000000
0.000000 0.000000 0.000000 0.000000 0.000000 0.000000 0.000000 0.000000 0.000000 0.000000 0.000000 0.000000 0.000000 0.004398 0.000316 0.010419 0.014647 0.017377 0.019498 0.022514 0.024734 0.026983 0.028528 0.029632 0.030297 0.030312 0.029899 0.029051 0.027749 0.026257 0.024521 0.022886 0.021318 0.020085 0.019269 0.014586 0.012799 0.000000 0.000000 0.000000 0.000000 0.000000 0.000000 0.000000 0.000000 0.000000 0.000000 0.000000 0.000000 0.000000
0.000000 0.000000 0.000000 0.000000 0.000000 0.000000 0.000000 0.000000 0.000000 0.000000 0.000000 0.000000 0.000000 -0.001397 0.005212 -0.009813 -0.009673 -0.007216 -0.005187 0.001288 -0.002097 0.004151 0.001207 0.019914 0.021187 0.019072 0.008029 0.007039 0.009185 0.007483 0.008026 0.007443 0.007363 0.007815 0.007107 0.010822 0.010707 0.000000 0.000000 0.000000 0.000000 0.000000 0.000000 0.000000 0.000000 0.000000 0.000000 0.000000 0.000000 0.000000
0.000000 0.000000 0.000000 0.000000 0.000000 0.000000 0.000000 0.000000 0.000000 0.000000 0.000000 0.000000 0.000000 -0.009408 0.005994 0.002035 -0.004855 0.032688 -0.002669 -0.000424 -0.006736 -0.000363 0.003649 0.015896 -0.000207 -0.001722 0.012267 0.002844 -0.000976 0.009270 0.001791 0.001331 0.001844 0.000440 0.001809 0.003410 0.000801 0.000000 0.000000 0.000000 0.000000 0.000000 0.000000 0.000000 0.000000 0.000000 0.000000 0.000000 0.000000 0.000000
