0.000000 0.000000 0.000000 0.000000 0.000000 0.000000 0.000000 0.000000 0.000000 0.000000 0.000000 0.000000 0.000000 -0.003126 -0.016643 -0.028140 -0.063091 -0.066903 -0.064089 -0.045604 -0.026824 -0.023352 -0.003490 0.000000 0.000000 0.000000 0.000000 0.000000 0.000000 0.000000 0.000000 0.000000 0.000000 0.000000 0.000000 0.000000 0.000000 0.000000 0.000000 0.000000 0.000000 0.000000 0.000000 0.000000 0.000000 0.000000 0.000000 0.000000 0.000000 0.000000
0.000000 0.000000 0.000000 0.000000 0.000000 0.000000 0.000000 0.000000 0.000000 0.000000 0.000000 0.000000 0.000000 -0.003812 -0.023115 -0.041666 -0.054845 -0.060603 -0.065876 -0.053219 -0.041001 -0.025876 -0.008154 0.000000 0.000000 0.000000 0.000000 0.000000 0.000000 0.000000 0.000000 0.000000 0.000000 0.000000 0.000000 0.000000 0.000000 0.000000 0.000000 0.000000 0.000000 0.000000 0.000000 0.000000 0.000000 0.000000 0.000000 0.000000 0.000000 0.000000
0.000000 0.000000 0.000000 0.000000 0.000000 0.000000 0.000000 0.000000 0.000000 0.000000 0.000000 0.000000 0.000000 -0.003081 -0.024517 -0.042617 -0.056766 -0.066901 -0.070253 -0.067716 -0.058085 -0.038167 -0.004024 0.000000 0.000000 0.000000 0.000000 0.000000 0.000000 0.000000 0.000000 0.000000 0.000000 0.000000 0.000000 0.000000 0.000000 0.000000 0.000000 0.000000 0.000000 0.000000 0.000000 0.000000 0.000000 0.000000 0.000000 0.000000 0.000000 0.000000
0.000000 0.000000 0.000000 0.000000 0.000000 0.000000 0.000000 0.000000 0.000000 0.000000 0.000000 0.000000 0.000000 -0.001780 -0.032296 -0.047636 -0.057046 -0.068314 -0.070596 -0.069254 -0.057949 -0.045135 -0.001542 0.000000 0.000000 0.000000 0.000000 0.000000 0.000000 0.000000 0.000000 0.000000 0.000000 0.000000 0.000000 0.000000 0.000000 0.000000 0.000000 0.000000 0.000000 0.000000 0.000000 0.000000 0.000000 0.000000 0.000000 0.000000 0.000000 0.000000
0.000000 0.000000 0.000000 0.000000 0.000000 0.000000 0.000000 0.000000 0.000000 0.000000 0.000000 0.000000 0.000000 -0.016787 -0.039514 -0.060701 -0.074084 -0.089342 -0.092931 -0.092132 -0.078371 -0.058605 -0.006664 0.000000 0.000000 0.000000 0.000000 0.000000 0.000000 0.000000 0.000000 0.000000 0.000000 0.000000 0.000000 0.000000 0.000000 0.000000 0.000000 0.000000 0.000000 0.000000 0.000000 0.000000 0.000000 0.000000 0.000000 0.000000 0.000000 0.000000
0.000000 0.000000 0.000000 0.000000 0.000000 0.000000 0.000000 0.000000 0.000000 0.000000 0.000000 0.000000 0.000000 -0.013573 -0.052017 -0.079147 -0.094252 -0.111990 -0.118406 -0.121347 -0.108405 -0.080751 -0.023537 0.000000 0.000000 0.000000 0.000000 0.000000 0.000000 0.000000 0.000000 0.000000 0.000000 0.000000 0.000000 0.000000 0.000000 0.000000 0.000000 0.000000 0.000000 0.000000 0.000000 0.000000 0.000000 0.000000 0.000000 0.000000 0.000000 0.000000
0.000000 0.000000 0.000000 0.000000 0.000000 0.000000 0.000000 0.000000 0.000000 0.000000 0.000000 0.000000 0.000000 -0.006678 -0.098172 -0.109996 -0.125429 -0.148915 -0.159024 -0.167909 -0.157222 -0.138950 0.088799 0.000000 0.000000 0.000000 0.000000 0.000000 0.000000 0.000000 0.000000 0.000000 0.000000 0.000000 0.000000 0.000000 0.000000 0.000000 0.000000 0.000000 0.000000 0.000000 0.000000 0.000000 0.000000 0.000000 0.000000 0.000000 0.000000 0.000000
-0.000103 -0.023634 -0.021955 -0.048437 -0.059758 -0.073231 -0.078332 -0.096104 -0.123562 -0.137891 -0.164887 -0.246199 -0.248210 -0.129032 -0.168779 -0.149826 -0.159216 -0.182319 -0.197213 -0.216393 -0.223633 -0.253155 -1.125751 -0.562904 -0.334912 -0.207159 -0.193950 -0.201582 -0.147939 -0.146039 -0.172843 -0.147040 -0.434224 -0.126097 -0.168478 -0.112034 -0.131190 -0.268040 -0.087804 -0.087076 -0.071353 -0.097184 -0.061135 -0.062283 -0.041055 -0.001294 -0.042516 -0.041083 0.007322 -0.006531
-0.001266 -0.013305 -0.036028 -0.050957 -0.060901 -0.085327 -0.086838 -0.092645 -0.130114 -0.189471 -0.216680 -0.255910 -0.270555 -0.363895 -0.218548 -0.203511 -0.204870 -0.231666 -0.259533 -0.303815 -0.360693 -0.442150 -0.916323 -0.863077 -0.728338 -0.611419 -0.547017 -0.556877 -0.483911 -0.484771 -0.435992 -0.416082 -0.391053 -0.391365 -0.359240 -0.348927 -0.300994 -0.299364 -0.351152 -0.312611 -0.223591 -0.258111 -0.241967 -0.164365 -0.138651 -0.106488 -0.062377 -0.020167 -0.019685 0.001504
0.000263 -0.014180 -0.030917 -0.030711 -0.043325 -0.055389 -0.070138 -0.086140 -0.105057 -0.126467 -0.153805 -0.180329 -0.222737 -0.239322 -0.217505 -0.216679 -0.225720 -0.250198 -0.281864 -0.328116 -0.391851 -0.490067 -0.661291 -0.775774 -0.718949 -0.658636 -0.634778 -0.600301 -0.582676 -0.552685 -0.534859 -0.512565 -0.496049 -0.474028 -0.446621 -0.424243 -0.393513 -0.372128 -0.344603 -0.311044 -0.279178 -0.253338 -0.220943 -0.187827 -0.162386 -0.132395 -0.109183 -0.121044 -0.023163 -0.000642
-0.000097 -0.008840 -0.028478 -0.029120 -0.041008 -0.052409 -0.066240 -0.081437 -0.098829 -0.119027 -0.141149 -0.166015 -0.193721 -0.207362 -0.213777 -0.220349 -0.240690 -0.270005 -0.307677 -0.355036 -0.417419 -0.497777 -0.594749 -0.663894 -0.675482 -0.651291 -0.624695 -0.604430 -0.579175 -0.559331 -0.537956 -0.517159 -0.495406 -0.473793 -0.450727 -0.426488 -0.400086 -0.372920 -0.344977 -0.316247 -0.285790 -0.254285 -0.223723 -0.190885 -0.157582 -0.122354 -0.088372 -0.090282 -0.049455 -0.023334
-0.002577 -0.014004 -0.025583 -0.026425 -0.037247 -0.047416 -0.060005 -0.073411 -0.089220 -0.106336 -0.126692 -0.146580 -0.170000 -0.187742 -0.201044 -0.218918 -0.241748 -0.272298 -0.308878 -0.353347 -0.407489 -0.467185 -0.540104 -0.586063 -0.588642 -0.595781 -0.587201 -0.577315 -0.565645 -0.550616 -0.535833 -0.517853 -0.499036 -0.478080 -0.454524 -0.430420 -0.403223 -0.376655 -0.348334 -0.318573 -0.288071 -0.257626 -0.226967 -0.194687 -0.164246 -0.134043 -0.103068 -0.102842 -0.045772 0.010209
-0.000676 -0.012515 -0.020565 -0.029605 -0.039644 -0.050804 -0.051447 -0.063367 -0.077183 -0.093162 -0.110272 -0.129462 -0.149969 -0.169132 -0.189416 -0.211840 -0.239727 -0.272559 -0.310481 -0.353066 -0.401190 -0.451463 -0.502881 -0.541611 -0.562494 -0.574095 -0.575828 -0.572332 -0.561664 -0.549345 -0.536118 -0.520601 -0.503041 -0.482674 -0.459739 -0.435218 -0.408497 -0.380922 -0.351807 -0.321856 -0.291122 -0.260148 -0.228620 -0.196253 -0.163542 -0.130165 -0.096146 -0.095704 -0.024099 -0.001260
0.003956 -0.011128 -0.018275 -0.018914 -0.026735 -0.033930 -0.042875 -0.052632 -0.063935 -0.076974 -0.092057 -0.109022 -0.128796 -0.149915 -0.173467 -0.200227 -0.230913 -0.265233 -0.303091 -0.343737 -0.387238 -0.430299 -0.473137 -0.507684 -0.528371 -0.545146 -0.554070 -0.557770 -0.554748 -0.548458 -0.539539 -0.525889 -0.509480 -0.489265 -0.466425 -0.441482 -0.414452 -0.386412 -0.356931 -0.326608 -0.295468 -0.263991 -0.232267 -0.200146 -0.167714 -0.135099 -0.099595 -0.098064 -0.040774 -0.016081
-0.000069 -0.012626 -0.013874 -0.014361 -0.020298 -0.025744 -0.032428 -0.040058 -0.048664 -0.059513 -0.071879 -0.087426 -0.106162 -0.128284 -0.155334 -0.185399 -0.219661 -0.256191 -0.295201 -0.335291 -0.376443 -0.416650 -0.454375 -0.486738 -0.510555 -0.529500 -0.540618 -0.550621 -0.557789 -0.558426 -0.552262 -0.539390 -0.522730 -0.501385 -0.477417 -0.450958 -0.422663 -0.393167 -0.362455 -0.331107 -0.299017 -0.266774 -0.233891 -0.201157 -0.167543 -0.135056 -0.098893 -0.095237 -0.033354 -0.011801
0.003612 -0.010647 -0.009159 -0.009435 -0.013391 -0.016930 -0.021105 -0.026353 -0.031821 -0.040057 -0.049106 -0.062707 -0.079747 -0.102609 -0.133030 -0.166622 -0.205059 -0.244064 -0.284693 -0.324839 -0.364729 -0.402783 -0.438728 -0.470803 -0.496942 -0.519825 -0.537640 -0.552262 -0.562307 -0.566662 -0.563010 -0.551446 -0.535164 -0.513214 -0.488433 -0.460669 -0.431230 -0.400472 -0.368733 -0.336453 -0.303589 -0.270686 -0.237215 -0.204240 -0.170045 -0.138025 -0.100999 -0.098461 -0.036221 -0.006865
0.008651 -0.008416 -0.004244 -0.004390 -0.005939 -0.007388 -0.008622 -0.011049 -0.012740 -0.017597 -0.022617 -0.032981 -0.048513 -0.071958 -0.106950 -0.145757 -0.188992 -0.231881 -0.274811 -0.315984 -0.355612 -0.393029 -0.428150 -0.460569 -0.489035 -0.515482 -0.538001 -0.558515 -0.574112 -0.583785 -0.583005 -0.571238 -0.553924 -0.529929 -0.502863 -0.472859 -0.441348 -0.408748 -0.375431 -0.341828 -0.307809 -0.273981 -0.239547 -0.206005 -0.170718 -0.138515 -0.100671 -0.096675 -0.035996 0.002172
0.005941 -0.007713 0.000525 0.000584 0.001326 0.001934 0.003834 0.004173 0.007299 0.005884 0.007694 0.000618 -0.008762 -0.030933 -0.074209 -0.119115 -0.171763 -0.218987 -0.265945 -0.308279 -0.348148 -0.384967 -0.419841 -0.452958 -0.483510 -0.514115 -0.542195 -0.570301 -0.592237 -0.609306 -0.610765 -0.596454 -0.577222 -0.549224 -0.519486 -0.486259 -0.452418 -0.417639 -0.382633 -0.347632 -0.312459 -0.277754 -0.242528 -0.208469 -0.172705 -0.140187 -0.102341 -0.099685 -0.033112 -0.005603
-0.005367 -0.001648 0.005353 0.005397 0.008751 0.011590 0.016895 0.020945 0.029206 0.033893 0.042909 0.046774 0.042592 0.020579 -0.035374 -0.095319 -0.155139 -0.210330 -0.259865 -0.303986 -0.343412 -0.379770 -0.413770 -0.447276 -0.479487 -0.513990 -0.548414 -0.585273 -0.618337 -0.646971 -0.651409 -0.631515 -0.607546 -0.574031 -0.538842 -0.501728 -0.464350 -0.427044 -0.389902 -0.353329 -0.316875 -0.281155 -0.245062 -0.210392 -0.173662 -0.140723 -0.102065 -0.098862 -0.032854 -0.002590
0.006196 0.000666 0.009347 0.009679 0.014880 0.019413 0.027898 0.034346 0.049203 0.057419 0.080391 0.086935 0.105482 0.097255 0.019821 -0.055755 -0.142162 -0.202992 -0.259752 -0.303510 -0.342332 -0.376483 -0.408828 -0.441815 -0.474603 -0.513762 -0.554792 -0.606999 -0.653634 -0.703081 -0.706747 -0.674928 -0.643890 -0.599895 -0.559944 -0.516939 -0.476314 -0.435985 -0.396829 -0.358689 -0.320899 -0.284401 -0.247388 -0.212211 -0.174201 -0.140926 -0.101102 -0.101658 -0.035100 -0.011790
-0.002299 0.001726 0.013100 0.013482 0.020699 0.027360 0.038924 0.049800 0.070320 0.086767 0.122449 0.159536 0.208673 0.210621 0.075027 -0.046998 -0.136317 -0.212197 -0.266147 -0.310330 -0.344634 -0.375845 -0.404106 -0.434895 -0.466743 -0.508088 -0.557172 -0.620868 -0.698689 -0.784185 -0.793423 -0.736248 -0.688526 -0.633300 -0.581120 -0.533201 -0.487474 -0.444474 -0.402849 -0.363272 -0.324560 -0.286880 -0.249548 -0.214015 -0.176655 -0.143230 -0.105205 -0.103103 -0.037497 -0.004481
0.006210 0.002947 0.015142 0.015657 0.023684 0.030766 0.044042 0.054526 0.082418 0.097464 0.156203 0.182559 0.345644 0.361466 0.181377 -0.000841 -0.155790 -0.228957 -0.289453 -0.324497 -0.353278 -0.376313 -0.398396 -0.423806 -0.450288 -0.492879 -0.546485 -0.640817 -0.744620 -0.899744 -0.893900 -0.794952 -0.725839 -0.649218 -0.594693 -0.539667 -0.491502 -0.446214 -0.403550 -0.363553 -0.323290 -0.286621 -0.248901 -0.213039 -0.175594 -0.141633 -0.102266 -0.103576 -0.041786 -0.006804
-0.006794 0.004493 0.016998 0.017604 0.026373 0.034589 0.048816 0.061859 0.091044 0.116225 0.186886 0.394512 0.556655 1.255214 0.119118 -0.089337 -0.190551 -0.285245 -0.320811 -0.350372 -0.364933 -0.380228 -0.391568 -0.408853 -0.427018 -0.460995 -0.508998 -0.598106 -0.985104 -1.734008 -1.151466 -0.954863 -0.777944 -0.731021 -0.733398 -0.545112 -0.513918 -0.562148 -0.433427 -0.366191 -0.345062 -0.377973 -0.257017 -0.221859 -0.180660 -0.139985 -0.110732 -0.075733 -0.059693 -0.004774
0.000294 0.012742 0.016643 0.017274 0.025101 0.032308 0.043202 0.053403 0.069768 0.086020 0.115012 0.227537 0.216415 0.498449 0.004760 -0.376327 -0.388274 -0.387456 -0.390499 -0.386240 -0.384026 -0.381646 -0.380787 -0.383851 -0.380702 -0.389363 -0.374676 -0.396698 -0.443514 -0.373895 0.000000 0.000000 0.000000 0.000000 0.000000 0.000000 0.000000 0.000000 0.000000 0.000000 0.000000 0.000000 0.000000 0.000000 0.000000 0.000000 0.000000 0.000000 0.000000 0.000000
0.003309 0.011901 0.016411 0.017014 0.024465 0.031237 0.040699 0.049853 0.059543 0.071641 0.074255 0.087684 0.060687 -1.475972 -1.209959 -0.891066 -0.627994 -0.538492 -0.462374 -0.431548 -0.402843 -0.387695 -0.371673 -0.361726 -0.344375 -0.334241 -0.295869 -0.270853 -0.038028 0.130650 0.000000 0.000000 0.000000 0.000000 0.000000 0.000000 0.000000 0.000000 0.000000 0.000000 0.000000 0.000000 0.000000 0.000000 0.000000 0.000000 0.000000 0.000000 0.000000 0.000000
0.006238 0.005452 0.014801 0.015344 0.021535 0.026905 0.033512 0.039571 0.046045 0.051377 0.053569 0.022037 0.012047 -1.580272 -1.207507 -0.868718 -0.671051 -0.575582 -0.495494 -0.451485 -0.411649 -0.386205 -0.359357 -0.339231 -0.311590 -0.287918 -0.241813 -0.202403 -0.081034 -0.053355 0.000000 0.000000 0.000000 0.000000 0.000000 0.000000 0.000000 0.000000 0.000000 0.000000 0.000000 0.000000 0.000000 0.000000 0.000000 0.000000 0.000000 0.000000 0.000000 0.000000
0.001403 0.004519 0.013475 0.013957 0.019361 0.023829 0.029064 0.033232 0.037053 0.038177 0.035722 0.010280 -0.001024 -1.192130 -1.081636 -0.882440 -0.686668 -0.603574 -0.512024 -0.463598 -0.413601 -0.381865 -0.346251 -0.318595 -0.284107 -0.253243 -0.203983 -0.164457 -0.049914 -0.002240 0.000000 0.000000 0.000000 0.000000 0.000000 0.000000 0.000000 0.000000 0.000000 0.000000 0.000000 0.000000 0.000000 0.000000 0.000000 0.000000 0.000000 0.000000 0.000000 0.000000
0.000260 0.005004 0.011715 0.012115 0.016503 0.019945 0.023599 0.026361 0.028191 0.028532 0.025506 0.007399 -0.000387 -1.064986 -0.856011 -0.823479 -0.659852 -0.593847 -0.507764 -0.459260 -0.407132 -0.371459 -0.331655 -0.299303 -0.261058 -0.226883 -0.176974 -0.141776 -0.050230 -0.014903 0.000000 0.000000 0.000000 0.000000 0.000000 0.000000 0.000000 0.000000 0.000000 0.000000 0.000000 0.000000 0.000000 0.000000 0.000000 0.000000 0.000000 0.000000 0.000000 0.000000
0.000196 0.004573 0.010263 0.010566 0.014260 0.016978 0.019721 0.021468 0.022241 0.021456 0.018229 0.003723 -0.000966 -0.863136 -0.824525 -0.744862 -0.615169 -0.567946 -0.489990 -0.445716 -0.393846 -0.356585 -0.315251 -0.280214 -0.240236 -0.204077 -0.155493 -0.120163 -0.033315 -0.045821 0.000000 0.000000 0.000000 0.000000 0.000000 0.000000 0.000000 0.000000 0.000000 0.000000 0.000000 0.000000 0.000000 0.000000 0.000000 0.000000 0.000000 0.000000 0.000000 0.000000
0.001731 0.004099 0.008834 0.009070 0.012107 0.014180 0.016139 0.017228 0.017398 0.016464 0.013609 0.002633 0.002883 -0.720690 -0.722838 -0.668739 -0.564260 -0.531277 -0.463925 -0.424608 -0.375716 -0.338999 -0.297787 -0.261883 -0.221811 -0.185257 -0.139035 -0.105475 -0.015544 0.001926 0.000000 0.000000 0.000000 0.000000 0.000000 0.000000 0.000000 0.000000 0.000000 0.000000 0.000000 0.000000 0.000000 0.000000 0.000000 0.000000 0.000000 0.000000 0.000000 0.000000
-0.000279 0.003583 0.007681 0.007873 0.010440 0.012075 0.013583 0.014218 0.014046 0.012931 0.010386 0.002136 0.000961 -0.598049 -0.636243 -0.595207 -0.513553 -0.491448 -0.433887 -0.399807 -0.354576 -0.319130 -0.279410 -0.243607 -0.204368 -0.167789 -0.124299 -0.091403 -0.027639 -0.011928 0.000000 0.000000 0.000000 0.000000 0.000000 0.000000 0.000000 0.000000 0.000000 0.000000 0.000000 0.000000 0.000000 0.000000 0.000000 0.000000 0.000000 0.000000 0.000000 0.000000
0.000664 0.003145 0.006753 0.006885 0.009084 0.010366 0.011462 0.011821 0.011499 0.010408 0.008289 0.002070 0.000221 -0.528665 -0.562612 -0.533906 -0.466803 -0.451279 -0.402548 -0.372946 -0.331839 -0.298544 -0.260687 -0.225753 -0.187828 -0.151847 -0.110857 -0.078306 -0.032004 -0.018322 0.000000 0.000000 0.000000 0.000000 0.000000 0.000000 0.000000 0.000000 0.000000 0.000000 0.000000 0.000000 0.000000 0.000000 0.000000 0.000000 0.000000 0.000000 0.000000 0.000000
0.000760 0.003209 0.006092 0.006116 0.008007 0.009137 0.010107 0.010299 0.009890 0.008767 0.006903 0.002043 0.000939 -0.464425 -0.452044 -0.481898 -0.423677 -0.414423 -0.371711 -0.346399 -0.308919 -0.277907 -0.242220 -0.208405 -0.172043 -0.136376 -0.097568 -0.065074 -0.015225 -0.021780 0.000000 0.000000 0.000000 0.000000 0.000000 0.000000 0.000000 0.000000 0.000000 0.000000 0.000000 0.000000 0.000000 0.000000 0.000000 0.000000 0.000000 0.000000 0.000000 0.000000
0.000101 0.002465 0.006272 0.007607 0.010629 0.010400 0.011366 0.011548 0.010372 0.007841 0.005274 0.002904 0.000971 -0.495376 -0.412569 -0.432034 -0.384951 -0.378000 -0.342001 -0.319992 -0.286301 -0.257671 -0.224144 -0.191704 -0.156581 -0.121495 -0.083428 -0.048510 0.001200 -0.012776 0.000000 0.000000 0.000000 0.000000 0.000000 0.000000 0.000000 0.000000 0.000000 0.000000 0.000000 0.000000 0.000000 0.000000 0.000000 0.000000 0.000000 0.000000 0.000000 0.000000
0.000404 0.002637 0.003882 0.007333 0.007798 0.006811 0.010569 0.011495 0.009325 0.004494 0.004393 0.002638 0.000913 -0.369876 -0.367057 -0.388470 -0.350224 -0.346850 -0.314459 -0.295923 -0.265136 -0.238857 -0.207501 -0.176246 -0.142736 -0.106572 -0.069153 -0.028396 0.051105 0.005362 0.000000 0.000000 0.000000 0.000000 0.000000 0.000000 0.000000 0.000000 0.000000 0.000000 0.000000 0.000000 0.000000 0.000000 0.000000 0.000000 0.000000 0.000000 0.000000 0.000000
0.000000 0.000000 0.000000 0.000000 0.000000 0.000000 0.000000 0.000000 0.000000 0.000000 0.000000 0.000000 0.000000 -0.386617 -0.342049 -0.350511 -0.320063 -0.317364 -0.289756 -0.273289 -0.245632 -0.221320 -0.192133 -0.162132 -0.129930 -0.093151 -0.054275 -0.010150 0.075539 0.072248 0.158505 0.074910 0.047952 0.039112 0.018697 0.006151 0.000232 0.000000 0.000000 0.000000 0.000000 0.000000 0.000000 0.000000 0.000000 0.000000 0.000000 0.000000 0.000000 0.000000
0.000000 0.000000 0.000000 0.000000 0.000000 0.000000 0.000000 0.000000 0.000000 0.000000 0.000000 0.000000 0.000000 -0.303004 -0.337170 -0.325464 -0.293370 -0.292939 -0.267779 -0.253533 -0.228252 -0.206097 -0.179131 -0.151120 -0.121095 -0.085492 -0.049990 0.000588 0.067023 0.177147 0.111855 0.071983 0.046549 0.043890 0.021795 0.010874 0.001450 0.000000 0.000000 0.000000 0.000000 0.000000 0.000000 0.000000 0.000000 0.000000 0.000000 0.000000 0.000000 0.000000
0.000000 0.000000 0.000000 0.000000 0.000000 0.000000 0.000000 0.000000 0.000000 0.000000 0.000000 0.000000 0.000000 -0.273506 -0.308926 -0.285047 -0.284565 -0.273516 -0.254447 -0.235713 -0.213844 -0.192897 -0.168914 -0.142428 -0.116327 -0.084006 -0.055388 -0.017116 0.017057 0.048435 0.058324 0.045753 0.035806 0.025412 0.017623 0.012216 0.001882 0.000000 0.000000 0.000000 0.000000 0.000000 0.000000 0.000000 0.000000 0.000000 0.000000 0.000000 0.000000 0.000000
0.000000 0.000000 0.000000 0.000000 0.000000 0.000000 0.000000 0.000000 0.000000 0.000000 0.000000 0.000000 0.000000 -0.327158 -0.309510 -0.279370 -0.249344 -0.251260 -0.230995 -0.219954 -0.199459 -0.181274 -0.159003 -0.136101 -0.111619 -0.084809 -0.058359 -0.028799 -0.003197 0.017354 0.027002 0.024421 0.022096 0.015989 0.010990 0.011720 0.006229 0.000000 0.000000 0.000000 0.000000 0.000000 0.000000 0.000000 0.000000 0.000000 0.000000 0.000000 0.000000 0.000000
0.000000 0.000000 0.000000 0.000000 0.000000 0.000000 0.000000 0.000000 0.000000 0.000000 0.000000 0.000000 0.000000 -0.261488 -0.237037 -0.261283 -0.231952 -0.235028 -0.216271 -0.206503 -0.187982 -0.171591 -0.151520 -0.131104 -0.109347 -0.086346 -0.063709 -0.040329 -0.019404 -0.002563 0.007124 0.009735 0.010682 0.008257 0.007045 0.000908 -0.006575 0.000000 0.000000 0.000000 0.000000 0.000000 0.000000 0.000000 0.000000 0.000000 0.000000 0.000000 0.000000 0.000000
0.000000 0.000000 0.000000 0.000000 0.000000 0.000000 0.000000 0.000000 0.000000 0.000000 0.000000 0.000000 0.000000 -0.213614 -0.239430 -0.243553 -0.216670 -0.219929 -0.203119 -0.194617 -0.177952 -0.163296 -0.145255 -0.127083 -0.107721 -0.087696 -0.068115 -0.048525 -0.031326 -0.017060 -0.007279 -0.002305 0.000954 0.001415 0.002114 -0.000465 -0.000748 0.000000 0.000000 0.000000 0.000000 0.000000 0.000000 0.000000 0.000000 0.000000 0.000000 0.000000 0.000000 0.000000
0.000000 0.000000 0.000000 0.000000 0.000000 0.000000 0.000000 0.000000 0.000000 0.000000 0.000000 0.000000 0.000000 -0.222045 -0.233722 -0.229286 -0.203985 -0.207698 -0.192308 -0.184770 -0.169645 -0.156448 -0.140172 -0.123941 -0.106664 -0.089140 -0.071957 -0.055230 -0.040242 -0.027460 -0.017778 -0.011273 -0.006676 -0.003767 -0.002481 -0.003861 0.000318 0.000000 0.000000 0.000000 0.000000 0.000000 0.000000 0.000000 0.000000 0.000000 0.000000 0.000000 0.000000 0.000000
0.000000 0.000000 0.000000 0.000000 0.000000 0.000000 0.000000 0.000000 0.000000 0.000000 0.000000 0.000000 0.000000 -0.188885 -0.221502 -0.217339 -0.193168 -0.197209 -0.182876 -0.176222 -0.162452 -0.150577 -0.135859 -0.121291 -0.105774 -0.090205 -0.074903 -0.060139 -0.046789 -0.035105 -0.025635 -0.018341 -0.012783 -0.008312 -0.006065 -0.004939 -0.005775 0.000000 0.000000 0.000000 0.000000 0.000000 0.000000 0.000000 0.000000 0.000000 0.000000 0.000000 0.000000 0.000000
0.000000 0.000000 0.000000 0.000000 0.000000 0.000000 0.000000 0.000000 0.000000 0.000000 0.000000 0.000000 0.000000 -0.177353 -0.210223 -0.206797 -0.184607 -0.188916 -0.175440 -0.169478 -0.156769 -0.145931 -0.132461 -0.119222 -0.105115 -0.091085 -0.077227 -0.063920 -0.051666 -0.040697 -0.031359 -0.023593 -0.017227 -0.011834 -0.007490 -0.005043 -0.004171 0.000000 0.000000 0.000000 0.000000 0.000000 0.000000 0.000000 0.000000 0.000000 0.000000 0.000000 0.000000 0.000000
0.000000 0.000000 0.000000 0.000000 0.000000 0.000000 0.000000 0.000000 0.000000 0.000000 0.000000 0.000000 0.000000 -0.170152 -0.199901 -0.199133 -0.177638 -0.181819 -0.168897 -0.163467 -0.151735 -0.141838 -0.129505 -0.117393 -0.104479 -0.091671 -0.078913 -0.066696 -0.055266 -0.044823 -0.035654 -0.027585 -0.020831 -0.014557 -0.010106 0.000112 -0.000309 0.000000 0.000000 0.000000 0.000000 0.000000 0.000000 0.000000 0.000000 0.000000 0.000000 0.000000 0.000000 0.000000
0.000000 0.000000 0.000000 0.000000 0.000000 0.000000 0.000000 0.000000 0.000000 0.000000 0.000000 0.000000 0.000000 -0.185732 -0.172868 -0.193095 -0.172338 -0.176794 -0.164537 -0.159443 -0.148369 -0.139034 -0.127429 -0.116092 -0.103992 -0.092081 -0.080135 -0.068671 -0.057851 -0.047794 -0.038694 -0.030496 -0.023274 -0.016537 -0.010826 -0.008130 -0.000346 0.000000 0.000000 0.000000 0.000000 0.000000 0.000000 0.000000 0.000000 0.000000 0.000000 0.000000 0.000000 0.000000
0.000000 0.000000 0.000000 0.000000 0.000000 0.000000 0.000000 0.000000 0.000000 0.000000 0.000000 0.000000 0.000000 -0.158406 -0.173782 -0.188825 -0.167888 -0.170844 -0.160206 -0.155057 -0.144898 -0.136163 -0.125614 -0.114850 -0.103590 -0.092455 -0.080887 -0.070158 -0.059698 -0.049898 -0.040980 -0.032548 -0.025250 -0.017946 -0.013048 -0.009423 -0.004127 0.000000 0.000000 0.000000 0.000000 0.000000 0.000000 0.000000 0.000000 0.000000 0.000000 0.000000 0.000000 0.000000
0.000000 0.000000 0.000000 0.000000 0.000000 0.000000 0.000000 0.000000 0.000000 0.000000 0.000000 0.000000 0.000000 -0.172696 -0.160582 -0.182237 -0.174151 -0.169792 -0.161197 -0.154907 -0.145108 -0.136231 -0.125529 -0.114885 -0.103598 -0.092449 -0.081134 -0.070316 -0.059938 -0.050178 -0.041185 -0.032913 -0.025396 -0.018618 -0.012224 -0.008076 0.000385 0.000000 0.000000 0.000000 0.000000 0.000000 0.000000 0.000000 0.000000 0.000000 0.000000 0.000000 0.000000 0.000000
0.000000 0.000000 0.000000 0.000000 0.000000 0.000000 0.000000 0.000000 0.000000 0.000000 0.000000 0.000000 0.000000 -0.162128 -0.156824 -0.146418 -0.166824 -0.150406 -0.136531 -0.144091 -0.122729 -0.127164 -0.109291 -0.108836 -0.102812 -0.081057 -0.080338 -0.066938 -0.059244 -0.048661 -0.040244 -0.031221 -0.023441 -0.016654 -0.010084 -0.005816 -0.000065 0.000000 0.000000 0.000000 0.000000 0.000000 0.000000 0.000000 0.000000 0.000000 0.000000 0.000000 0.000000 0.000000
0.000000 0.000000 0.000000 0.000000 0.000000 0.000000 0.000000 0.000000 0.000000 0.000000 0.000000 0.000000 0.000000 -0.189423 -0.164808 -0.153428 -0.173656 -0.178387 -0.150343 -0.168417 -0.111010 -0.150457 -0.099115 -0.100107 -0.098425 -0.106863 -0.072604 -0.057829 -0.080722 -0.046648 -0.042290 -0.034191 -0.016876 -0.017148 -0.010523 -0.005742 -0.000655 0.000000 0.000000 0.000000 0.000000 0.000000 0.000000 0.000000 0.000000 0.000000 0.000000 0.000000 0.000000 0.000000
