0.519467 0.512259 0.515157 0.467094 0.508000 0.512146 0.500468 0.497470 0.508901 0.468842 0.476012 0.485173 0.493745 0.495352 0.477030 0.494526 0.514354 0.480591 0.481500 0.483353 0.467649 0.509050 0.522520 0.479281 0.495193 0.510593 0.510495 0.485306 0.505599 0.477863 0.468445 0.480297 0.469658 0.468932 0.496832 0.510178 0.527090 0.000000 0.000000 0.000000 0.000000 0.000000 0.000000 0.000000 0.000000 0.000000 0.000000 0.000000 0.000000 0.000000
0.441152 0.439219 0.461015 0.472906 0.466372 0.482931 0.478631 0.456416 0.477514 0.476663 0.475366 0.475888 0.453450 0.490847 0.492491 0.493916 0.490458 0.491675 0.499078 0.508224 0.486032 0.493142 0.499874 0.539126 0.540155 0.556767 0.561674 0.569725 0.573535 0.578201 0.574514 0.571111 0.556694 0.552470 0.514450 0.566072 0.612021 0.000000 0.000000 0.000000 0.000000 0.000000 0.000000 0.000000 0.000000 0.000000 0.000000 0.000000 0.000000 0.000000
0.378979 0.415979 0.396511 0.378462 0.383005 0.380632 0.382627 0.385248 0.387107 0.390433 0.392891 0.396821 0.400861 0.406285 0.413022 0.420661 0.432825 0.445416 0.459304 0.475265 0.491983 0.511737 0.530995 0.551236 0.567711 0.583907 0.597740 0.609259 0.618404 0.625391 0.630652 0.633766 0.637683 0.640541 0.655158 0.642755 0.659670 0.000000 0.000000 0.000000 0.000000 0.000000 0.000000 0.000000 0.000000 0.000000 0.000000 0.000000 0.000000 0.000000
0.338002 0.377539 0.365938 0.359572 0.378334 0.377759 0.372302 0.372985 0.371818 0.375873 0.377407 0.379577 0.385111 0.388737 0.396255 0.405042 0.413731 0.425301 0.439524 0.456819 0.476177 0.496047 0.516258 0.538395 0.558256 0.574764 0.588773 0.600459 0.611059 0.613808 0.618387 0.621340 0.627897 0.634024 0.639845 0.710904 0.754330 0.000000 0.000000 0.000000 0.000000 0.000000 0.000000 0.000000 0.000000 0.000000 0.000000 0.000000 0.000000 0.000000
0.326320 0.346275 0.354728 0.354315 0.370049 0.372426 0.372939 0.377220 0.377893 0.382239 0.385968 0.389586 0.396133 0.402261 0.410941 0.422356 0.434725 0.450273 0.468794 0.490946 0.516699 0.544902 0.573841 0.603386 0.631322 0.650718 0.668333 0.674436 0.687126 0.686397 0.681717 0.682209 0.709331 0.698817 0.706560 0.770355 0.705925 0.000000 0.000000 0.000000 0.000000 0.000000 0.000000 0.000000 0.000000 0.000000 0.000000 0.000000 0.000000 0.000000
0.301199 0.302064 0.302927 0.294964 0.310699 0.300806 0.301885 0.301862 0.301797 0.305837 0.308986 0.313405 0.320236 0.328064 0.338578 0.351726 0.367680 0.387546 0.411536 0.440580 0.473841 0.512617 0.551959 0.596623 0.633603 0.666432 0.691229 0.710018 0.724262 0.732044 0.735160 0.739717 0.738508 0.751561 0.753414 0.821454 0.868830 0.000000 0.000000 0.000000 0.000000 0.000000 0.000000 0.000000 0.000000 0.000000 0.000000 0.000000 0.000000 0.000000
0.267321 0.251404 0.271952 0.268780 0.279443 0.279142 0.281603 0.283470 0.286152 0.289988 0.294336 0.299906 0.307239 0.316170 0.327690 0.342325 0.360397 0.383334 0.411092 0.446081 0.486151 0.536139 0.586118 0.644246 0.695593 0.730401 0.761873 0.780911 0.792654 0.801433 0.805408 0.809301 0.809404 0.813266 0.810372 0.847947 0.924940 0.000000 0.000000 0.000000 0.000000 0.000000 0.000000 0.000000 0.000000 0.000000 0.000000 0.000000 0.000000 0.000000
0.203234 0.213487 0.226673 0.223274 0.227496 0.225022 0.226985 0.227744 0.229828 0.232991 0.236971 0.242368 0.249581 0.258837 0.270888 0.286428 0.306276 0.331823 0.363963 0.404712 0.454108 0.516946 0.582939 0.667184 0.729095 0.782201 0.814013 0.840552 0.853458 0.861152 0.863890 0.865544 0.865104 0.866569 0.859754 0.947039 0.981893 0.000000 0.000000 0.000000 0.000000 0.000000 0.000000 0.000000 0.000000 0.000000 0.000000 0.000000 0.000000 0.000000
0.145834 0.169873 0.188205 0.186830 0.191533 0.191190 0.193846 0.195326 0.197998 0.201237 0.205334 0.210869 0.217849 0.226878 0.238770 0.254233 0.274108 0.300866 0.334233 0.379857 0.434292 0.510687 0.591073 0.717967 0.796690 0.860791 0.897493 0.920228 0.929201 0.933104 0.931751 0.929816 0.926708 0.924421 0.914639 1.003527 1.040855 0.000000 0.000000 0.000000 0.000000 0.000000 0.000000 0.000000 0.000000 0.000000 0.000000 0.000000 0.000000 0.000000
0.138223 0.128164 0.145370 0.145988 0.146069 0.145992 0.147370 0.148439 0.150322 0.152927 0.156427 0.160826 0.166981 0.175201 0.185719 0.200098 0.219378 0.245502 0.280678 0.328058 0.393030 0.483446 0.586546 0.767450 0.885307 0.947717 0.985697 1.003121 1.005739 1.003496 0.996701 0.990269 0.983677 0.978667 0.966365 1.035244 1.093424 0.000000 0.000000 0.000000 0.000000 0.000000 0.000000 0.000000 0.000000 0.000000 0.000000 0.000000 0.000000 0.000000
0.079945 0.084417 0.102943 0.103043 0.105326 0.105652 0.107041 0.108018 0.109745 0.111994 0.114210 0.119149 0.123417 0.129584 0.138706 0.150268 0.164972 0.188761 0.217844 0.265376 0.324926 0.428656 0.547032 0.840151 0.991815 1.076056 1.105895 1.109320 1.096330 1.082425 1.066245 1.053229 1.041816 1.033153 1.018445 1.077948 1.048344 0.000000 0.000000 0.000000 0.000000 0.000000 0.000000 0.000000 0.000000 0.000000 0.000000 0.000000 0.000000 0.000000
0.066811 0.022809 0.019520 0.014128 0.011655 0.011604 0.008573 0.008781 0.010384 0.009518 0.008791 0.013521 0.014829 0.071687 0.074994 0.080761 0.087221 0.092436 0.111163 0.131174 0.176098 0.251733 0.471972 1.260600 1.419311 1.234055 1.232973 1.213535 1.183528 1.156804 1.131593 1.112051 1.096126 1.084451 1.067292 1.127941 1.096447 0.000000 0.000000 0.000000 0.000000 0.000000 0.000000 0.000000 0.000000 0.000000 0.000000 0.000000 0.000000 0.000000
0.010237 0.004726 0.000537 -0.000599 -0.009806 -0.014704 -0.014918 -0.007571 -0.007101 -0.015511 -0.000690 -0.000149 0.000661 0.001238 0.002230 0.002311 0.002090 0.014177 0.006754 0.016103 0.024156 0.061368 0.175815 2.248941 1.804483 1.464427 1.429813 1.353993 1.283780 1.234068 1.195511 1.168055 1.147241 1.132432 1.112889 1.153196 1.183898 0.000000 0.000000 0.000000 0.000000 0.000000 0.000000 0.000000 0.000000 0.000000 0.000000 0.000000 0.000000 0.000000
0.000000 0.000000 0.000000 0.000000 0.000000 0.000000 0.000000 0.000000 0.000000 0.000000 0.000000 0.000000 0.000000 0.000000 0.000000 0.000000 0.000000 0.000000 0.000000 0.000000 0.000000 0.000000 0.000000 1.974842 2.512833 1.793742 1.571200 1.449069 1.354924 1.293438 1.247911 1.215780 1.192045 1.174896 1.154174 1.197550 1.214107 0.000000 0.000000 0.000000 0.000000 0.000000 0.000000 0.000000 0.000000 0.000000 0.000000 0.000000 0.000000 0.000000
0.000000 0.000000 0.000000 0.000000 0.000000 0.000000 0.000000 0.000000 0.000000 0.000000 0.000000 0.000000 0.000000 0.000000 0.000000 0.000000 0.000000 0.000000 0.000000 0.000000 0.000000 0.000000 0.000000 1.269121 1.818654 1.685447 1.553200 1.457964 1.384130 1.327407 1.285075 1.252912 1.229213 1.211374 1.189762 1.235461 1.223106 0.000000 0.000000 0.000000 0.000000 0.000000 0.000000 0.000000 0.000000 0.000000 0.000000 0.000000 0.000000 0.000000
0.000000 0.000000 0.000000 0.000000 0.000000 0.000000 0.000000 0.000000 0.000000 0.000000 0.000000 0.000000 0.000000 0.000000 0.000000 0.000000 0.000000 0.000000 0.000000 0.000000 0.000000 0.000000 0.000000 1.620088 1.684206 1.578504 1.528025 1.457079 1.401473 1.351736 1.313778 1.282841 1.260228 1.242684 1.221979 1.279709 1.322882 0.000000 0.000000 0.000000 0.000000 0.000000 0.000000 0.000000 0.000000 0.000000 0.000000 0.000000 0.000000 0.000000
0.000000 0.000000 0.000000 0.000000 0.000000 0.000000 0.000000 0.000000 0.000000 0.000000 0.000000 0.000000 0.000000 0.000000 0.000000 0.000000 0.000000 0.000000 0.000000 0.000000 0.000000 0.000000 0.000000 1.676987 1.639000 1.528708 1.498088 1.447130 1.405587 1.364623 1.332672 1.305056 1.284475 1.267996 1.247469 1.290638 1.352772 0.000000 0.000000 0.000000 0.000000 0.000000 0.000000 0.000000 0.000000 0.000000 0.000000 0.000000 0.000000 0.000000
0.000000 0.000000 0.000000 0.000000 0.000000 0.000000 0.000000 0.000000 0.000000 0.000000 0.000000 0.000000 0.000000 0.000000 0.000000 0.000000 0.000000 0.000000 0.000000 0.000000 0.000000 0.000000 0.000000 1.699596 1.617282 1.491938 1.476438 1.437990 1.406544 1.372988 1.346136 1.322005 1.303547 1.288468 1.267803 1.347282 1.342912 0.000000 0.000000 0.000000 0.000000 0.000000 0.000000 0.000000 0.000000 0.000000 0.000000 0.000000 0.000000 0.000000
0.000000 0.000000 0.000000 0.000000 0.000000 0.000000 0.000000 0.000000 0.000000 0.000000 0.000000 0.000000 0.000000 0.000000 0.000000 0.000000 0.000000 0.000000 0.000000 0.000000 0.000000 0.000000 0.000000 1.666171 1.589265 1.466232 1.459325 1.429347 1.404955 1.377383 1.355027 1.334320 1.318381 1.305052 1.285992 1.365012 1.313979 0.000000 0.000000 0.000000 0.000000 0.000000 0.000000 0.000000 0.000000 0.000000 0.000000 0.000000 0.000000 0.000000
0.000000 0.000000 0.000000 0.000000 0.000000 0.000000 0.000000 0.000000 0.000000 0.000000 0.000000 0.000000 0.000000 0.000000 0.000000 0.000000 0.000000 0.000000 0.000000 0.000000 0.000000 0.000000 0.000000 1.635509 1.563662 1.447987 1.446320 1.422344 1.402552 1.379701 1.360863 1.343159 1.329433 1.317884 1.299715 1.379875 1.360487 0.000000 0.000000 0.000000 0.000000 0.000000 0.000000 0.000000 0.000000 0.000000 0.000000 0.000000 0.000000 0.000000
0.000000 0.000000 0.000000 0.000000 0.000000 0.000000 0.000000 0.000000 0.000000 0.000000 0.000000 0.000000 0.000000 0.000000 0.000000 0.000000 0.000000 0.000000 0.000000 0.000000 0.000000 0.000000 0.000000 1.625271 1.542477 1.435291 1.436752 1.416596 1.399970 1.380439 1.364288 1.349107 1.337498 1.327618 1.311495 1.372874 1.435063 0.000000 0.000000 0.000000 0.000000 0.000000 0.000000 0.000000 0.000000 0.000000 0.000000 0.000000 0.000000 0.000000
0.000000 0.000000 0.000000 0.000000 0.000000 0.000000 0.000000 0.000000 0.000000 0.000000 0.000000 0.000000 0.000000 0.000000 0.000000 0.000000 0.000000 0.000000 0.000000 0.000000 0.000000 0.000000 0.000000 1.551466 1.526952 1.427358 1.429781 1.411933 1.397129 1.379982 1.365852 1.352686 1.342811 1.334518 1.319647 1.383984 1.419257 0.000000 0.000000 0.000000 0.000000 0.000000 0.000000 0.000000 0.000000 0.000000 0.000000 0.000000 0.000000 0.000000
0.000000 0.000000 0.000000 0.000000 0.000000 0.000000 0.000000 0.000000 0.000000 0.000000 0.000000 0.000000 0.000000 0.000000 0.000000 0.000000 0.000000 0.000000 0.000000 0.000000 0.000000 0.000000 0.000000 1.544502 1.517405 1.422655 1.425440 1.407989 1.393986 1.378079 1.365255 1.353867 1.345293 1.339215 1.323902 1.393621 1.445955 0.000000 0.000000 0.000000 0.000000 0.000000 0.000000 0.000000 0.000000 0.000000 0.000000 0.000000 0.000000 0.000000
0.000000 0.000000 0.000000 0.000000 0.000000 0.000000 0.000000 0.000000 0.000000 0.000000 0.000000 0.000000 0.000000 0.000000 0.000000 0.000000 0.000000 0.000000 0.000000 0.000000 0.000000 0.000000 0.000000 1.596780 1.516575 1.421950 1.424022 1.405067 1.390750 1.374827 1.362627 1.352640 1.345615 1.341957 1.328357 1.400165 1.436846 0.000000 0.000000 0.000000 0.000000 0.000000 0.000000 0.000000 0.000000 0.000000 0.000000 0.000000 0.000000 0.000000
0.000000 0.000000 0.000000 0.000000 0.000000 0.000000 0.000000 0.000000 0.000000 0.000000 0.000000 0.000000 0.000000 0.000000 0.000000 0.000000 0.000000 0.000000 0.000000 0.000000 0.000000 0.000000 0.000000 1.599898 1.520533 1.423937 1.423821 1.401917 1.386120 1.369469 1.357446 1.348508 1.342964 1.342012 1.330027 1.403404 1.458421 0.000000 0.000000 0.000000 0.000000 0.000000 0.000000 0.000000 0.000000 0.000000 0.000000 0.000000 0.000000 0.000000
0.000000 0.000000 0.000000 0.000000 0.000000 0.000000 0.000000 0.000000 0.000000 0.000000 0.000000 0.000000 0.000000 0.000000 0.000000 0.000000 0.000000 0.000000 0.000000 0.000000 0.000000 0.000000 0.000000 1.613164 1.530899 1.429740 1.425758 1.398393 1.379805 1.361345 1.349010 1.340828 1.337299 1.339518 1.331652 1.403301 1.381966 0.000000 0.000000 0.000000 0.000000 0.000000 0.000000 0.000000 0.000000 0.000000 0.000000 0.000000 0.000000 0.000000
0.000000 0.000000 0.000000 0.000000 0.000000 0.000000 0.000000 0.000000 0.000000 0.000000 0.000000 0.000000 0.000000 0.000000 0.000000 0.000000 0.000000 0.000000 0.000000 0.000000 0.000000 0.000000 0.000000 1.654579 1.549179 1.441409 1.428620 1.392942 1.370010 1.348960 1.335876 1.328445 1.327445 1.334278 1.332751 1.364388 1.386516 0.000000 0.000000 0.000000 0.000000 0.000000 0.000000 0.000000 0.000000 0.000000 0.000000 0.000000 0.000000 0.000000
0.000000 0.000000 0.000000 0.000000 0.000000 0.000000 0.000000 0.000000 0.000000 0.000000 0.000000 0.000000 0.000000 0.000000 0.000000 0.000000 0.000000 0.000000 0.000000 0.000000 0.000000 0.000000 0.000000 1.700831 1.572162 1.458516 1.429389 1.384302 1.355379 1.330768 1.316518 1.309676 1.312500 1.323778 1.334493 1.412113 1.474394 0.000000 0.000000 0.000000 0.000000 0.000000 0.000000 0.000000 0.000000 0.000000 0.000000 0.000000 0.000000 0.000000
0.000000 0.000000 0.000000 0.000000 0.000000 0.000000 0.000000 0.000000 0.000000 0.000000 0.000000 0.000000 0.000000 0.000000 0.000000 0.000000 0.000000 0.000000 0.000000 0.000000 0.000000 0.000000 0.000000 1.782932 1.628750 1.475918 1.425006 1.368244 1.331978 1.303904 1.288469 1.282348 1.287971 1.306194 1.331365 1.413321 1.507120 0.000000 0.000000 0.000000 0.000000 0.000000 0.000000 0.000000 0.000000 0.000000 0.000000 0.000000 0.000000 0.000000
0.000000 0.000000 0.000000 0.000000 0.000000 0.000000 0.000000 0.000000 0.000000 0.000000 0.000000 0.000000 0.000000 0.000000 0.000000 0.000000 0.000000 0.000000 0.000000 0.000000 0.000000 0.000000 0.000000 1.838023 1.696693 1.486892 1.411044 1.338682 1.297629 1.266576 1.250432 1.245282 1.251718 1.280473 1.319639 1.433225 1.605934 0.000000 0.000000 0.000000 0.000000 0.000000 0.000000 0.000000 0.000000 0.000000 0.000000 0.000000 0.000000 0.000000
0.000986 0.000934 0.000498 0.001347 0.000313 0.002357 0.003109 -0.003245 0.005350 0.006846 0.005036 0.006540 0.006817 0.012183 0.005737 0.010630 -0.012944 0.047282 0.001707 0.014498 0.011979 0.008943 -0.416670 2.491770 1.682449 1.426667 1.344012 1.283738 1.243613 1.216769 1.199647 1.191728 1.195195 1.210715 1.251720 1.395527 1.984758 -0.089856 -0.009735 0.020412 0.013636 0.023705 0.007591 0.007874 0.012372 0.003519 -0.001601 0.005956 0.002602 0.002547
0.005316 0.002507 0.001132 0.003208 0.001537 0.006199 0.007668 0.002881 0.003904 0.005373 0.007277 0.008178 0.016107 0.023183 0.025358 0.031826 0.038944 0.052125 0.053567 0.078600 0.070887 0.037685 0.389055 2.007331 1.189828 1.258792 1.227422 1.201023 1.171859 1.153897 1.137063 1.124222 1.116026 1.108674 1.098355 0.945123 1.370720 0.337702 0.267249 0.022700 0.043674 0.036208 0.058885 0.041383 0.020322 0.029464 0.005536 0.009894 0.006148 0.008420
0.009597 0.012096 0.011672 0.012630 0.014495 0.017446 0.021109 0.025804 0.031464 0.038447 0.046637 0.056377 0.067379 0.079961 0.094385 0.110944 0.129650 0.152131 0.181572 0.216756 0.266349 0.345686 0.527830 0.854652 1.040446 1.104682 1.108744 1.109909 1.097326 1.086353 1.071372 1.054456 1.034148 1.008160 0.964050 0.879896 0.729882 0.460596 0.288928 0.207343 0.155347 0.119386 0.092130 0.072359 0.057706 0.046557 0.039782 0.036544 0.036861 0.020239
0.015201 0.016568 0.016491 0.016095 0.019454 0.022689 0.027767 0.033723 0.041309 0.050522 0.061430 0.074307 0.088981 0.105829 0.124358 0.145502 0.169461 0.197947 0.232099 0.276387 0.333064 0.434307 0.562119 0.773375 0.913983 0.983388 1.010158 1.028286 1.026860 1.021758 1.008636 0.989169 0.962761 0.921319 0.867220 0.772431 0.648716 0.468288 0.349438 0.252447 0.194389 0.149143 0.116124 0.092360 0.073121 0.061630 0.049901 0.051022 0.049860 0.039880
0.017421 0.019968 0.020304 0.020874 0.024432 0.029278 0.035760 0.043866 0.053974 0.066344 0.081025 0.098553 0.118302 0.141330 0.165842 0.193624 0.223684 0.258532 0.298877 0.348448 0.409759 0.494271 0.597588 0.736027 0.837261 0.901676 0.937396 0.960393 0.966024 0.964314 0.952920 0.933166 0.904329 0.859857 0.802386 0.718692 0.618001 0.487891 0.384255 0.297318 0.233045 0.182617 0.143958 0.114473 0.091824 0.075471 0.063724 0.061816 0.060190 0.031836
0.018846 0.022096 0.023132 0.023215 0.027780 0.033276 0.040975 0.050461 0.062568 0.077418 0.095361 0.116682 0.141119 0.169124 0.198441 0.230413 0.264098 0.301648 0.343406 0.393322 0.451074 0.526313 0.606136 0.708777 0.785713 0.844160 0.881196 0.906029 0.915607 0.916394 0.906600 0.887068 0.858150 0.813803 0.756721 0.676925 0.589306 0.481626 0.392681 0.311498 0.249347 0.197124 0.157185 0.125724 0.101030 0.083573 0.069474 0.069092 0.065732 0.034778
0.019088 0.022708 0.024624 0.024931 0.029850 0.036086 0.044585 0.055421 0.069192 0.086397 0.107315 0.132973 0.161905 0.197477 0.231446 0.269615 0.305925 0.345815 0.388207 0.436532 0.490164 0.553059 0.619106 0.694852 0.755838 0.805661 0.840278 0.864482 0.876028 0.878459 0.870722 0.852374 0.824451 0.782184 0.728659 0.653792 0.573920 0.477024 0.394786 0.317790 0.256142 0.204425 0.163464 0.131253 0.106021 0.087615 0.073118 0.072193 0.060970 0.060929
0.013634 0.023066 0.024662 0.024923 0.030054 0.036537 0.045554 0.057188 0.072619 0.091937 0.116417 0.145665 0.181436 0.222182 0.262572 0.303172 0.342623 0.382861 0.424077 0.469125 0.517138 0.571377 0.626180 0.686204 0.736108 0.779259 0.810933 0.834065 0.846714 0.850641 0.845233 0.829201 0.802805 0.762502 0.710233 0.639423 0.561447 0.466907 0.386322 0.311661 0.250822 0.200676 0.160195 0.128616 0.103877 0.085938 0.071629 0.070900 0.061445 0.077110
0.026108 0.021903 0.023186 0.023382 0.028365 0.034761 0.043714 0.055566 0.071253 0.091689 0.117374 0.152257 0.191856 0.247116 0.290298 0.340842 0.380336 0.420047 0.458797 0.500039 0.542754 0.588994 0.635334 0.683446 0.725444 0.762509 0.791203 0.813036 0.826506 0.832117 0.829697 0.817003 0.795310 0.758594 0.711042 0.633252 0.555177 0.449266 0.367544 0.293032 0.234126 0.186227 0.148484 0.118966 0.095961 0.079268 0.066005 0.065454 0.057384 0.048682
0.016929 0.019518 0.020095 0.020416 0.024828 0.030740 0.039040 0.050308 0.066366 0.086580 0.116018 0.153531 0.203090 0.270209 0.326049 0.376112 0.418936 0.455761 0.491568 0.527942 0.565330 0.604949 0.644356 0.684445 0.720460 0.752872 0.779361 0.799964 0.814594 0.822465 0.823590 0.815430 0.798659 0.768011 0.716855 0.644067 0.558117 0.433210 0.342323 0.267759 0.208368 0.164094 0.128992 0.102635 0.082541 0.067920 0.056643 0.055803 0.055082 0.040175
0.014328 0.015932 0.015657 0.015735 0.019236 0.023981 0.030900 0.040337 0.053609 0.072802 0.099070 0.140660 0.196880 0.299690 0.362016 0.421386 0.459670 0.493129 0.523283 0.554666 0.586532 0.620169 0.653794 0.687684 0.719028 0.747793 0.772049 0.792794 0.808411 0.819356 0.825472 0.823554 0.815867 0.792730 0.752401 0.673590 0.570371 0.390938 0.293906 0.217755 0.166596 0.127863 0.100066 0.078878 0.063115 0.051688 0.042996 0.042843 0.045849 0.029878
0.006583 0.008632 0.009619 0.010754 0.012668 0.016174 0.020641 0.027498 0.038034 0.052556 0.077655 0.116571 0.188890 0.330202 0.430275 0.475343 0.509678 0.532846 0.556835 0.581185 0.607496 0.636078 0.664814 0.694076 0.721848 0.747866 0.771459 0.790882 0.808225 0.822982 0.835005 0.840780 0.842662 0.836669 0.801179 0.756391 0.603370 0.351016 0.230590 0.160822 0.114700 0.086239 0.066408 0.051811 0.042041 0.033701 0.029253 0.025952 0.030578 0.018562
0.006393 0.005430 0.006051 0.003575 0.004095 0.013912 0.007057 0.009907 0.014912 0.023848 0.044054 0.073559 0.212532 0.539582 0.504530 0.551518 0.570652 0.575381 0.587326 0.604332 0.625025 0.648567 0.673091 0.698527 0.723272 0.747242 0.768981 0.790254 0.807567 0.827576 0.846931 0.863392 0.881738 0.908587 0.903392 0.804834 0.865726 0.311901 0.158001 0.085441 0.093594 0.072075 0.023182 0.032996 0.027043 0.019531 0.017910 0.012920 0.015096 0.006588
0.002287 0.002373 0.000100 0.000977 0.002102 0.002042 0.001937 0.002514 0.002052 0.003174 0.005853 0.010948 0.071312 0.273133 0.590564 0.635049 0.616130 0.614287 0.616780 0.610641 0.631374 0.654086 0.678077 0.702831 0.727265 0.751404 0.773706 0.794454 0.813692 0.831758 0.849788 0.885881 0.917892 0.965859 1.004971 0.999715 0.305745 0.136944 -0.010460 -0.013951 0.024944 0.010012 -0.006066 0.000615 0.013002 0.007769 0.010474 0.006486 0.003164 0.004196
0.000000 0.000000 0.000000 0.000000 0.000000 0.000000 0.000000 0.000000 0.000000 0.000000 0.000000 0.000000 0.000000 0.684213 0.687674 0.631267 0.635255 0.624946 0.626834 0.638819 0.649497 0.668938 0.686340 0.707438 0.728048 0.749050 0.770558 0.790921 0.811664 0.833621 0.856450 0.885161 0.913425 0.964659 0.967019 1.067328 1.053264 0.000000 0.000000 0.000000 0.000000 0.000000 0.000000 0.000000 0.000000 0.000000 0.000000 0.000000 0.000000 0.000000
0.000000 0.000000 0.000000 0.000000 0.000000 0.000000 0.000000 0.000000 0.000000 0.000000 0.000000 0.000000 0.000000 0.668029 0.664239 0.651617 0.657478 0.645453 0.657526 0.659439 0.675236 0.685802 0.708018 0.721697 0.743538 0.764983 0.785923 0.805674 0.827597 0.850387 0.874005 0.899620 0.924576 0.961892 0.963641 1.056087 1.037132 0.000000 0.000000 0.000000 0.000000 0.000000 0.000000 0.000000 0.000000 0.000000 0.000000 0.000000 0.000000 0.000000
0.000000 0.000000 0.000000 0.000000 0.000000 0.000000 0.000000 0.000000 0.000000 0.000000 0.000000 0.000000 0.000000 0.657739 0.700532 0.648303 0.639935 0.639073 0.646713 0.649453 0.664477 0.673205 0.694625 0.707103 0.724838 0.744765 0.767244 0.787046 0.806103 0.830252 0.851760 0.876416 0.902937 0.929141 0.933518 1.053746 1.075303 0.000000 0.000000 0.000000 0.000000 0.000000 0.000000 0.000000 0.000000 0.000000 0.000000 0.000000 0.000000 0.000000
0.000000 0.000000 0.000000 0.000000 0.000000 0.000000 0.000000 0.000000 0.000000 0.000000 0.000000 0.000000 0.000000 0.727655 0.681454 0.674412 0.652888 0.660345 0.661346 0.671503 0.681410 0.695570 0.710573 0.727321 0.745611 0.764403 0.784120 0.804909 0.825805 0.847752 0.869564 0.893771 0.915817 0.944855 0.953391 0.996524 0.999130 0.000000 0.000000 0.000000 0.000000 0.000000 0.000000 0.000000 0.000000 0.000000 0.000000 0.000000 0.000000 0.000000
0.000000 0.000000 0.000000 0.000000 0.000000 0.000000 0.000000 0.000000 0.000000 0.000000 0.000000 0.000000 0.000000 0.693644 0.688032 0.637751 0.653163 0.655200 0.709842 0.720311 0.686455 0.747987 0.717689 0.781360 0.744814 0.820271 0.840913 0.806635 0.883547 0.905948 0.926757 0.948463 0.900894 0.975609 0.983056 0.988803 1.046034 0.000000 0.000000 0.000000 0.000000 0.000000 0.000000 0.000000 0.000000 0.000000 0.000000 0.000000 0.000000 0.000000
0.000000 0.000000 0.000000 0.000000 0.000000 0.000000 0.000000 0.000000 0.000000 0.000000 0.000000 0.000000 0.000000 0.676076 0.678041 0.641391 0.641224 0.669727 0.690352 0.700629 0.720075 0.702381 0.746406 0.740067 0.751122 0.796284 0.816307 0.839556 0.857322 0.878270 0.898817 0.921018 0.921708 0.928360 0.939026 0.939012 1.002639 0.000000 0.000000 0.000000 0.000000 0.000000 0.000000 0.000000 0.000000 0.000000 0.000000 0.000000 0.000000 0.000000
