-0.013619 0.024387 0.021576 0.041080 0.047405 0.045711 0.042116 0.004004 0.065915 0.059002 0.097406 0.007917 0.009717 0.011374 0.130300 0.012221 0.221066 0.009580 0.007368 0.143125 0.106281 0.215408 0.015145 0.148874 0.008973 0.122887 0.167858 0.005426 0.119498 0.124536 0.053349 0.060621 0.038427 0.034663 0.003078 0.035408 0.015237 0.000000 0.000000 0.000000 0.000000 0.000000 0.000000 0.000000 0.000000 0.000000 0.000000 0.000000 0.000000 0.000000
0.006231 0.047201 0.127609 0.151399 0.147677 0.214926 0.256075 0.280659 0.334693 0.370643 0.407169 0.441302 0.455033 0.505440 0.532525 0.556671 0.584502 0.609871 0.623691 0.630276 0.610345 0.607424 0.596952 0.591413 0.567918 0.528862 0.491999 0.452340 0.400602 0.353410 0.297473 0.250680 0.192602 0.145472 0.112096 0.055882 -0.013043 0.000000 0.000000 0.000000 0.000000 0.000000 0.000000 0.000000 0.000000 0.000000 0.000000 0.000000 0.000000 0.000000
0.011611 0.039410 0.115909 0.149274 0.153724 0.193053 0.232941 0.273588 0.313635 0.352972 0.390403 0.428543 0.464206 0.498678 0.530870 0.560350 0.587351 0.609979 0.627997 0.640375 0.646712 0.645717 0.636990 0.620049 0.593748 0.560396 0.520399 0.475787 0.427791 0.377730 0.326332 0.278969 0.228106 0.180119 0.124637 0.027741 0.012331 0.000000 0.000000 0.000000 0.000000 0.000000 0.000000 0.000000 0.000000 0.000000 0.000000 0.000000 0.000000 0.000000
0.000163 0.056869 0.125467 0.107306 0.152090 0.194043 0.236574 0.274034 0.313738 0.351588 0.389806 0.426880 0.462289 0.497190 0.528716 0.558474 0.585907 0.608689 0.627020 0.639318 0.645984 0.645319 0.635888 0.617533 0.590343 0.556791 0.516630 0.472847 0.426791 0.377926 0.327982 0.280793 0.231490 0.172920 0.145384 0.032707 0.014171 0.000000 0.000000 0.000000 0.000000 0.000000 0.000000 0.000000 0.000000 0.000000 0.000000 0.000000 0.000000 0.000000
0.005102 0.045164 0.134123 0.125815 0.163063 0.204370 0.244288 0.282359 0.321091 0.359029 0.397369 0.433750 0.470239 0.505113 0.538162 0.569998 0.598853 0.624132 0.645343 0.660544 0.670217 0.670463 0.662185 0.642328 0.613057 0.574494 0.530789 0.480318 0.430372 0.377144 0.323144 0.270172 0.214749 0.160499 0.109003 0.027103 -0.011269 0.000000 0.000000 0.000000 0.000000 0.000000 0.000000 0.000000 0.000000 0.000000 0.000000 0.000000 0.000000 0.000000
0.023024 0.061692 0.117986 0.115373 0.156796 0.201527 0.239959 0.281799 0.321819 0.360938 0.400829 0.439062 0.477031 0.514058 0.549509 0.583758 0.615924 0.644621 0.669953 0.689047 0.702950 0.706597 0.700652 0.682111 0.648576 0.607282 0.559557 0.505087 0.449855 0.393875 0.335814 0.272489 0.216511 0.162220 0.116529 0.036916 0.007808 0.000000 0.000000 0.000000 0.000000 0.000000 0.000000 0.000000 0.000000 0.000000 0.000000 0.000000 0.000000 0.000000
0.019723 0.058741 0.122313 0.120402 0.165266 0.207365 0.246566 0.287902 0.327280 0.367130 0.407244 0.446521 0.485815 0.524580 0.562588 0.599686 0.635389 0.668469 0.698787 0.723317 0.742825 0.749852 0.748089 0.724430 0.687254 0.634983 0.579382 0.518466 0.456622 0.395894 0.335564 0.274709 0.218040 0.155218 0.113119 0.052968 0.005862 0.000000 0.000000 0.000000 0.000000 0.000000 0.000000 0.000000 0.000000 0.000000 0.000000 0.000000 0.000000 0.000000
-0.002219 0.064290 0.116562 0.120015 0.162994 0.204698 0.246124 0.287495 0.328689 0.369838 0.411184 0.452336 0.493630 0.534905 0.576080 0.616850 0.657373 0.695883 0.733409 0.764830 0.793731 0.807578 0.814484 0.792483 0.740042 0.682707 0.610248 0.542312 0.471021 0.403809 0.339342 0.276306 0.219772 0.156581 0.115322 0.045681 0.006567 0.000000 0.000000 0.000000 0.000000 0.000000 0.000000 0.000000 0.000000 0.000000 0.000000 0.000000 0.000000 0.000000
0.007470 0.061694 0.120228 0.123072 0.167426 0.207593 0.249519 0.290785 0.332548 0.374340 0.416633 0.459145 0.502291 0.545915 0.590242 0.635164 0.680889 0.726268 0.772109 0.813815 0.854793 0.878549 0.897768 0.876595 0.804835 0.727116 0.641468 0.558812 0.480437 0.407745 0.340158 0.275413 0.218126 0.155590 0.112600 0.042964 0.006353 0.000000 0.000000 0.000000 0.000000 0.000000 0.000000 0.000000 0.000000 0.000000 0.000000 0.000000 0.000000 0.000000
0.005020 0.060112 0.117399 0.120206 0.167485 0.206516 0.250277 0.291691 0.334659 0.377229 0.420866 0.464918 0.509721 0.555916 0.603549 0.652306 0.704144 0.756348 0.813160 0.866004 0.924708 0.965452 1.002492 0.992665 0.886061 0.784652 0.672358 0.574196 0.484478 0.406721 0.336281 0.271146 0.214187 0.152948 0.111194 0.020568 0.006840 0.000000 0.000000 0.000000 0.000000 0.000000 0.000000 0.000000 0.000000 0.000000 0.000000 0.000000 0.000000 0.000000
0.013331 0.056771 0.121691 0.124234 0.169147 0.208657 0.252128 0.293786 0.337079 0.380477 0.424527 0.469719 0.516715 0.564676 0.615183 0.668851 0.726267 0.787630 0.855449 0.927968 1.011636 1.081946 1.172810 1.162118 0.990036 0.827146 0.694109 0.577999 0.480442 0.398582 0.326962 0.262429 0.206581 0.147067 0.106883 0.022778 -0.006917 0.000000 0.000000 0.000000 0.000000 0.000000 0.000000 0.000000 0.000000 0.000000 0.000000 0.000000 0.000000 0.000000
0.011257 0.072575 0.113544 0.161096 0.205327 0.246329 0.293065 0.336686 0.379339 0.427380 0.475044 0.521084 0.574573 0.601444 0.651976 0.714103 0.787516 0.864026 0.956143 1.056836 1.186794 1.350196 1.641105 1.648608 1.182353 0.880224 0.701385 0.562503 0.457060 0.376559 0.307265 0.246852 0.194262 0.138813 0.100068 0.023071 -0.005290 0.000000 0.000000 0.000000 0.000000 0.000000 0.000000 0.000000 0.000000 0.000000 0.000000 0.000000 0.000000 0.000000
0.029625 0.068976 0.111693 0.132509 0.199132 0.244233 0.295802 0.306566 0.350811 0.454727 0.453437 0.502084 0.553593 0.608479 0.667678 0.733446 0.772092 0.853858 0.940511 1.102093 1.253199 1.476005 1.910413 2.586022 1.852845 0.887218 0.677206 0.526301 0.422731 0.346562 0.282366 0.227083 0.179092 0.127768 0.094268 0.031312 0.015721 0.000000 0.000000 0.000000 0.000000 0.000000 0.000000 0.000000 0.000000 0.000000 0.000000 0.000000 0.000000 0.000000
0.000000 0.000000 0.000000 0.000000 0.000000 0.000000 0.000000 0.000000 0.000000 0.000000 0.000000 0.000000 0.000000 0.000000 0.000000 0.000000 0.000000 0.000000 0.000000 0.000000 0.000000 0.000000 0.000000 0.291765 0.062251 0.498803 0.445700 0.390925 0.334165 0.289224 0.241542 0.198657 0.158684 0.114124 0.085373 0.034475 0.006984 0.000000 0.000000 0.000000 0.000000 0.000000 0.000000 0.000000 0.000000 0.000000 0.000000 0.000000 0.000000 0.000000
0.000000 0.000000 0.000000 0.000000 0.000000 0.000000 0.000000 0.000000 0.000000 0.000000 0.000000 0.000000 0.000000 0.000000 0.000000 0.000000 0.000000 0.000000 0.000000 0.000000 0.000000 0.000000 0.000000 -0.212707 -0.095797 0.241679 0.263609 0.286881 0.260240 0.238519 0.203372 0.170639 0.137946 0.099649 0.075486 0.025335 -0.017196 0.000000 0.000000 0.000000 0.000000 0.000000 0.000000 0.000000 0.000000 0.000000 0.000000 0.000000 0.000000 0.000000
0.000000 0.000000 0.000000 0.000000 0.000000 0.000000 0.000000 0.000000 0.000000 0.000000 0.000000 0.000000 0.000000 0.000000 0.000000 0.000000 0.000000 0.000000 0.000000 0.000000 0.000000 0.000000 0.000000 -0.030677 0.011021 0.144364 0.183335 0.211192 0.200637 0.191165 0.166830 0.142358 0.116727 0.084581 0.064820 0.019657 -0.006643 0.000000 0.000000 0.000000 0.000000 0.000000 0.000000 0.000000 0.000000 0.000000 0.000000 0.000000 0.000000 0.000000
0.000000 0.000000 0.000000 0.000000 0.000000 0.000000 0.000000 0.000000 0.000000 0.000000 0.000000 0.000000 0.000000 0.000000 0.000000 0.000000 0.000000 0.000000 0.000000 0.000000 0.000000 0.000000 0.000000 -0.013209 0.033251 0.103218 0.128742 0.156422 0.153563 0.150860 0.134795 0.117116 0.097349 0.071465 0.056525 0.013491 -0.005616 0.000000 0.000000 0.000000 0.000000 0.000000 0.000000 0.000000 0.000000 0.000000 0.000000 0.000000 0.000000 0.000000
0.000000 0.000000 0.000000 0.000000 0.000000 0.000000 0.000000 0.000000 0.000000 0.000000 0.000000 0.000000 0.000000 0.000000 0.000000 0.000000 0.000000 0.000000 0.000000 0.000000 0.000000 0.000000 0.000000 0.000800 0.030988 0.078198 0.093052 0.116691 0.116794 0.117507 0.107006 0.094366 0.079576 0.058268 0.046721 0.021077 0.000126 0.000000 0.000000 0.000000 0.000000 0.000000 0.000000 0.000000 0.000000 0.000000 0.000000 0.000000 0.000000 0.000000
0.000000 0.000000 0.000000 0.000000 0.000000 0.000000 0.000000 0.000000 0.000000 0.000000 0.000000 0.000000 0.000000 0.000000 0.000000 0.000000 0.000000 0.000000 0.000000 0.000000 0.000000 0.000000 0.000000 -0.001389 0.025589 0.059501 0.067731 0.086818 0.088050 0.090130 0.083535 0.074509 0.063936 0.046515 0.038090 0.013478 0.009981 0.000000 0.000000 0.000000 0.000000 0.000000 0.000000 0.000000 0.000000 0.000000 0.000000 0.000000 0.000000 0.000000
0.000000 0.000000 0.000000 0.000000 0.000000 0.000000 0.000000 0.000000 0.000000 0.000000 0.000000 0.000000 0.000000 0.000000 0.000000 0.000000 0.000000 0.000000 0.000000 0.000000 0.000000 0.000000 0.000000 0.000347 0.019726 0.044195 0.048255 0.063436 0.064986 0.067642 0.063795 0.057581 0.050346 0.036647 0.030529 0.009814 0.008189 0.000000 0.000000 0.000000 0.000000 0.000000 0.000000 0.000000 0.000000 0.000000 0.000000 0.000000 0.000000 0.000000
0.000000 0.000000 0.000000 0.000000 0.000000 0.000000 0.000000 0.000000 0.000000 0.000000 0.000000 0.000000 0.000000 0.000000 0.000000 0.000000 0.000000 0.000000 0.000000 0.000000 0.000000 0.000000 0.000000 0.014639 0.015053 0.030849 0.032501 0.044246 0.045966 0.048784 0.047065 0.043049 0.038653 0.027790 0.024540 0.012389 -0.003051 0.000000 0.000000 0.000000 0.000000 0.000000 0.000000 0.000000 0.000000 0.000000 0.000000 0.000000 0.000000 0.000000
0.000000 0.000000 0.000000 0.000000 0.000000 0.000000 0.000000 0.000000 0.000000 0.000000 0.000000 0.000000 0.000000 0.000000 0.000000 0.000000 0.000000 0.000000 0.000000 0.000000 0.000000 0.000000 0.000000 -0.013808 0.009616 0.018454 0.018460 0.027368 0.029500 0.032717 0.032810 0.030879 0.028817 0.021591 0.019326 0.012636 -0.005752 0.000000 0.000000 0.000000 0.000000 0.000000 0.000000 0.000000 0.000000 0.000000 0.000000 0.000000 0.000000 0.000000
0.000000 0.000000 0.000000 0.000000 0.000000 0.000000 0.000000 0.000000 0.000000 0.000000 0.000000 0.000000 0.000000 0.000000 0.000000 0.000000 0.000000 0.000000 0.000000 0.000000 0.000000 0.000000 0.000000 -0.010021 0.003792 0.007671 0.005539 0.011650 0.013943 0.017401 0.019826 0.020222 0.020468 0.016106 0.014355 0.002517 -0.007577 0.000000 0.000000 0.000000 0.000000 0.000000 0.000000 0.000000 0.000000 0.000000 0.000000 0.000000 0.000000 0.000000
0.000000 0.000000 0.000000 0.000000 0.000000 0.000000 0.000000 0.000000 0.000000 0.000000 0.000000 0.000000 0.000000 0.000000 0.000000 0.000000 0.000000 0.000000 0.000000 0.000000 0.000000 0.000000 0.000000 -0.012154 0.001843 -0.004763 -0.007196 -0.003847 -0.000605 0.003483 0.008114 0.010517 0.013896 0.011462 0.012517 0.003207 0.001021 0.000000 0.000000 0.000000 0.000000 0.000000 0.000000 0.000000 0.000000 0.000000 0.000000 0.000000 0.000000 0.000000
0.000000 0.000000 0.000000 0.000000 0.000000 0.000000 0.000000 0.000000 0.000000 0.000000 0.000000 0.000000 0.000000 0.000000 0.000000 0.000000 0.000000 0.000000 0.000000 0.000000 0.000000 0.000000 0.000000 0.003072 -0.003323 -0.018959 -0.021969 -0.021073 -0.015898 -0.010540 -0.002627 0.002579 0.009158 0.009556 0.012581 0.007165 -0.007052 0.000000 0.000000 0.000000 0.000000 0.000000 0.000000 0.000000 0.000000 0.000000 0.000000 0.000000 0.000000 0.000000
0.000000 0.000000 0.000000 0.000000 0.000000 0.000000 0.000000 0.000000 0.000000 0.000000 0.000000 0.000000 0.000000 0.000000 0.000000 0.000000 0.000000 0.000000 0.000000 0.000000 0.000000 0.000000 0.000000 -0.001749 -0.016704 -0.036940 -0.039678 -0.040667 -0.032475 -0.024866 -0.012702 -0.004096 0.007322 0.009489 0.015253 0.005929 -0.018325 0.000000 0.000000 0.000000 0.000000 0.000000 0.000000 0.000000 0.000000 0.000000 0.000000 0.000000 0.000000 0.000000
0.000000 0.000000 0.000000 0.000000 0.000000 0.000000 0.000000 0.000000 0.000000 0.000000 0.000000 0.000000 0.000000 0.000000 0.000000 0.000000 0.000000 0.000000 0.000000 0.000000 0.000000 0.000000 0.000000 -0.016585 -0.017904 -0.062156 -0.063037 -0.065461 -0.052541 -0.041263 -0.022969 -0.009068 0.007776 0.014056 0.022894 0.027848 -0.006093 0.000000 0.000000 0.000000 0.000000 0.000000 0.000000 0.000000 0.000000 0.000000 0.000000 0.000000 0.000000 0.000000
0.000000 0.000000 0.000000 0.000000 0.000000 0.000000 0.000000 0.000000 0.000000 0.000000 0.000000 0.000000 0.000000 0.000000 0.000000 0.000000 0.000000 0.000000 0.000000 0.000000 0.000000 0.000000 0.000000 -0.027699 -0.039655 -0.102855 -0.096518 -0.097258 -0.076692 -0.059808 -0.033027 -0.012731 0.012355 0.023921 0.038591 0.015793 -0.011549 0.000000 0.000000 0.000000 0.000000 0.000000 0.000000 0.000000 0.000000 0.000000 0.000000 0.000000 0.000000 0.000000
0.000000 0.000000 0.000000 0.000000 0.000000 0.000000 0.000000 0.000000 0.000000 0.000000 0.000000 0.000000 0.000000 0.000000 0.000000 0.000000 0.000000 0.000000 0.000000 0.000000 0.000000 0.000000 0.000000 -0.055687 -0.136977 -0.166520 -0.146621 -0.140229 -0.107387 -0.079993 -0.043873 -0.013260 0.021011 0.045407 0.067586 0.040431 0.000375 0.000000 0.000000 0.000000 0.000000 0.000000 0.000000 0.000000 0.000000 0.000000 0.000000 0.000000 0.000000 0.000000
0.000000 0.000000 0.000000 0.000000 0.000000 0.000000 0.000000 0.000000 0.000000 0.000000 0.000000 0.000000 0.000000 0.000000 0.000000 0.000000 0.000000 0.000000 0.000000 0.000000 0.000000 0.000000 0.000000 -0.131005 -0.267538 -0.277743 -0.217444 -0.191381 -0.140044 -0.101982 -0.054479 -0.012987 0.035712 0.076571 0.131716 0.188847 0.006767 0.000000 0.000000 0.000000 0.000000 0.000000 0.000000 0.000000 0.000000 0.000000 0.000000 0.000000 0.000000 0.000000
-0.003503 -0.008354 -0.008679 -0.019008 -0.022368 -0.034558 -0.044976 -0.049209 -0.074025 -0.093741 -0.100446 -0.121835 -0.125396 -0.185331 -0.255766 -0.312092 -0.376205 -0.427099 -0.518643 -0.615383 -0.727552 -0.747498 -0.213590 -1.444014 -0.878391 -0.455452 -0.309207 -0.259530 -0.176488 -0.126880 -0.064520 -0.010983 0.058942 0.123880 0.236475 0.599222 1.046340 0.553482 0.474314 0.385885 0.298399 0.251137 0.189288 0.121290 0.112482 0.067227 0.049375 0.046603 0.017664 0.002006
-0.001022 -0.009272 -0.010490 -0.015818 -0.022731 -0.036544 -0.047286 -0.051721 -0.066065 -0.083628 -0.104983 -0.129219 -0.161746 -0.182570 -0.243501 -0.296915 -0.359957 -0.427369 -0.519031 -0.626893 -0.741325 -0.807813 -1.255054 -1.035551 -0.763687 -0.534880 -0.383232 -0.295674 -0.210141 -0.146557 -0.078667 -0.015616 0.059535 0.150469 0.253651 0.431971 1.080471 0.785305 0.624011 0.356490 0.271087 0.229618 0.173304 0.149016 0.118630 0.076496 0.050982 0.043956 0.015362 0.000953
-0.002195 -0.006279 -0.013264 -0.013180 -0.019126 -0.025487 -0.033598 -0.043347 -0.055335 -0.070091 -0.088105 -0.110085 -0.136470 -0.168050 -0.205465 -0.248922 -0.299520 -0.356484 -0.424510 -0.498831 -0.600451 -0.698147 -0.913098 -0.932363 -0.677940 -0.537516 -0.401332 -0.311949 -0.227881 -0.162589 -0.093963 -0.030894 0.045088 0.126063 0.240449 0.351980 0.524124 0.512429 0.370162 0.294215 0.223346 0.173609 0.133457 0.102764 0.077308 0.057493 0.039217 0.039776 0.018492 -0.001678
0.000308 -0.006167 -0.011058 -0.011507 -0.016986 -0.022422 -0.029835 -0.038507 -0.049546 -0.063148 -0.079969 -0.100716 -0.125843 -0.156210 -0.192265 -0.233730 -0.281718 -0.335226 -0.396124 -0.461243 -0.537193 -0.609700 -0.699324 -0.692498 -0.581993 -0.479248 -0.382326 -0.306129 -0.233677 -0.173359 -0.110960 -0.053180 0.011584 0.078328 0.159617 0.236522 0.323888 0.336523 0.283809 0.230319 0.182543 0.144588 0.112308 0.087413 0.065513 0.049877 0.033534 0.032180 0.017435 0.002420
0.000830 -0.004815 -0.008362 -0.008929 -0.012755 -0.017186 -0.022988 -0.030081 -0.039201 -0.050748 -0.065293 -0.083738 -0.106469 -0.134483 -0.168004 -0.206497 -0.250433 -0.297998 -0.350942 -0.404427 -0.465055 -0.515599 -0.559705 -0.553190 -0.494736 -0.423861 -0.355173 -0.293203 -0.233324 -0.180885 -0.127962 -0.077690 -0.024743 0.027735 0.085635 0.138581 0.189628 0.199213 0.181267 0.155572 0.124902 0.101270 0.078766 0.061726 0.046509 0.035077 0.024859 0.023083 0.013318 -0.000930
0.000964 -0.003911 -0.005281 -0.005525 -0.008165 -0.011175 -0.015249 -0.020403 -0.027218 -0.036296 -0.047988 -0.063702 -0.083347 -0.109050 -0.140466 -0.176526 -0.217433 -0.260398 -0.306285 -0.351198 -0.396410 -0.432264 -0.458327 -0.454799 -0.418819 -0.373362 -0.323812 -0.276021 -0.228901 -0.186031 -0.143792 -0.103978 -0.062796 -0.024010 0.015130 0.049809 0.081060 0.094184 0.090792 0.081021 0.068118 0.056058 0.044721 0.035290 0.026764 0.020206 0.013899 0.013261 0.009701 0.001777
-0.001040 0.001217 -0.001680 -0.001786 -0.002734 -0.004009 -0.005841 -0.008466 -0.012326 -0.018079 -0.026273 -0.038381 -0.054646 -0.077761 -0.107127 -0.141309 -0.179550 -0.219008 -0.259942 -0.298211 -0.334945 -0.361951 -0.380499 -0.379740 -0.358347 -0.329267 -0.293917 -0.258364 -0.222585 -0.189454 -0.157624 -0.128585 -0.100596 -0.073110 -0.048609 -0.026925 -0.008881 0.002272 0.007903 0.009550 0.009319 0.008638 0.007011 0.006032 0.004616 0.003644 0.002545 0.002393 -0.001609 0.000640
-0.001653 0.002732 0.002065 0.002105 0.002939 0.003520 0.004134 0.004210 0.003738 0.001761 -0.002172 -0.009247 -0.022399 -0.041517 -0.072033 -0.102996 -0.141520 -0.178328 -0.215876 -0.249614 -0.280280 -0.302816 -0.317614 -0.319529 -0.307646 -0.289270 -0.265431 -0.240234 -0.214789 -0.191050 -0.169408 -0.150622 -0.135247 -0.121814 -0.112154 -0.102727 -0.094296 -0.084287 -0.069124 -0.058115 -0.046061 -0.036776 -0.028819 -0.022358 -0.016866 -0.012615 -0.008663 -0.008390 0.004830 0.002363
-0.000524 0.003564 0.005912 0.006078 0.008816 0.011452 0.014775 0.018226 0.021943 0.025019 0.027993 0.025950 0.021692 0.004061 -0.026011 -0.061379 -0.100783 -0.138045 -0.173866 -0.205237 -0.232628 -0.252913 -0.266392 -0.270534 -0.265215 -0.254462 -0.239364 -0.222651 -0.205866 -0.190764 -0.178619 -0.169834 -0.166365 -0.167820 -0.174140 -0.177535 -0.180434 -0.172517 -0.147234 -0.125938 -0.102143 -0.082113 -0.064611 -0.050182 -0.037958 -0.028444 -0.019504 -0.018873 -0.012635 0.001479
-0.000831 0.004981 0.009515 0.009762 0.014298 0.018870 0.024967 0.031479 0.040074 0.048329 0.058199 0.065324 0.068876 0.057339 0.015318 -0.020160 -0.063159 -0.100336 -0.135983 -0.165660 -0.191240 -0.210246 -0.223404 -0.229324 -0.228728 -0.223525 -0.214992 -0.205133 -0.195701 -0.187729 -0.184188 -0.184086 -0.192328 -0.204754 -0.228086 -0.241507 -0.277828 -0.259758 -0.226386 -0.189341 -0.153863 -0.123037 -0.096540 -0.075147 -0.056663 -0.042593 -0.029093 -0.028276 -0.014770 -0.001896
-0.000046 0.006523 0.012748 0.013040 0.019133 0.025652 0.034366 0.044757 0.058398 0.074654 0.095186 0.115711 0.138214 0.130882 0.079280 0.025194 -0.022696 -0.065912 -0.101636 -0.131353 -0.155548 -0.173878 -0.187029 -0.194413 -0.196988 -0.195698 -0.192535 -0.187620 -0.183847 -0.181722 -0.185338 -0.194178 -0.212467 -0.242913 -0.283603 -0.338849 -0.398325 -0.382583 -0.316673 -0.260542 -0.205551 -0.161687 -0.125260 -0.096520 -0.072667 -0.054362 -0.037295 -0.036444 -0.009011 -0.005407
0.001645 0.010585 0.015472 0.015190 0.022371 0.030272 0.040952 0.053488 0.071807 0.093264 0.125705 0.162645 0.212930 0.221238 0.133970 0.076123 0.008950 -0.035212 -0.074217 -0.102202 -0.125601 -0.142933 -0.155947 -0.164200 -0.168740 -0.170292 -0.170118 -0.169431 -0.169557 -0.170755 -0.179779 -0.193374 -0.221993 -0.263694 -0.340991 -0.414231 -0.546413 -0.504541 -0.396793 -0.312408 -0.240780 -0.187676 -0.143938 -0.110837 -0.083144 -0.062114 -0.042543 -0.043092 -0.019047 -0.004333
0.000301 0.007564 0.012715 0.022793 0.031536 0.037667 0.056688 0.075350 0.100568 0.135555 0.183952 0.267240 0.332003 0.495229 0.211248 0.081857 0.034122 -0.019602 -0.053074 -0.080328 -0.100405 -0.116436 -0.128989 -0.137399 -0.143241 -0.146071 -0.149127 -0.149254 -0.153568 -0.156970 -0.167814 -0.186564 -0.216074 -0.281407 -0.348674 -0.555925 -0.952300 -0.715284 -0.647212 -0.435378 -0.294952 -0.226442 -0.194323 -0.127235 -0.095511 -0.070952 -0.051513 -0.033057 -0.021081 -0.002172
0.002042 0.010423 0.011504 0.018070 0.030068 0.040544 0.056500 0.072984 0.086866 0.136888 0.163543 0.244076 0.371146 0.838263 0.147093 0.049926 0.004846 -0.018655 -0.044070 -0.076157 -0.097773 -0.113404 -0.126071 -0.134630 -0.140449 -0.144126 -0.146293 -0.147807 -0.151043 -0.155586 -0.166159 -0.146101 -0.177607 -0.156172 -0.264687 -0.681538 -1.670224 -0.788881 -0.455849 -0.458163 -0.261782 -0.200924 -0.188535 -0.115652 -0.088964 -0.082572 -0.046595 -0.029928 -0.015470 -0.000654
0.000000 0.000000 0.000000 0.000000 0.000000 0.000000 0.000000 0.000000 0.000000 0.000000 0.000000 0.000000 0.000000 -0.009906 0.046038 0.021257 -0.003798 -0.015377 -0.033809 -0.051018 -0.065857 -0.077086 -0.087102 -0.093939 -0.098062 -0.102020 -0.105166 -0.108135 -0.111465 -0.113541 -0.123170 -0.116846 -0.141784 -0.107054 -0.144162 -0.097519 0.029744 0.000000 0.000000 0.000000 0.000000 0.000000 0.000000 0.000000 0.000000 0.000000 0.000000 0.000000 0.000000 0.000000
0.000000 0.000000 0.000000 0.000000 0.000000 0.000000 0.000000 0.000000 0.000000 0.000000 0.000000 0.000000 0.000000 0.006176 0.001099 -0.001547 -0.008235 -0.013059 -0.029435 -0.040078 -0.051676 -0.061151 -0.068282 -0.075409 -0.079360 -0.082424 -0.085225 -0.088036 -0.089821 -0.090344 -0.094926 -0.091465 -0.094737 -0.078432 -0.067961 -0.034841 -0.006133 0.000000 0.000000 0.000000 0.000000 0.000000 0.000000 0.000000 0.000000 0.000000 0.000000 0.000000 0.000000 0.000000
0.000000 0.000000 0.000000 0.000000 0.000000 0.000000 0.000000 0.000000 0.000000 0.000000 0.000000 0.000000 0.000000 0.004197 0.002774 0.011183 0.000032 -0.010527 -0.021446 -0.030152 -0.038877 -0.045764 -0.051332 -0.056899 -0.061381 -0.064529 -0.066979 -0.068451 -0.070982 -0.070644 -0.072269 -0.067804 -0.073023 -0.058230 -0.069627 -0.024641 -0.021119 0.000000 0.000000 0.000000 0.000000 0.000000 0.000000 0.000000 0.000000 0.000000 0.000000 0.000000 0.000000 0.000000
0.000000 0.000000 0.000000 0.000000 0.000000 0.000000 0.000000 0.000000 0.000000 0.000000 0.000000 0.000000 0.000000 0.003343 0.009316 -0.005534 -0.002007 -0.014402 -0.020629 -0.029517 -0.036888 -0.043524 -0.049527 -0.054879 -0.057556 -0.059856 -0.062116 -0.064587 -0.066046 -0.066992 -0.068387 -0.067398 -0.067174 -0.056545 -0.056867 -0.028845 0.006114 0.000000 0.000000 0.000000 0.000000 0.000000 0.000000 0.000000 0.000000 0.000000 0.000000 0.000000 0.000000 0.000000
0.000000 0.000000 0.000000 0.000000 0.000000 0.000000 0.000000 0.000000 0.000000 0.000000 0.000000 0.000000 0.000000 0.011364 -0.002943 0.000468 0.011291 0.012745 -0.018155 -0.020887 0.003692 -0.027915 -0.000132 -0.034425 -0.055391 -0.038053 -0.039622 -0.005942 -0.042174 -0.042436 -0.042609 -0.040800 0.003302 -0.023904 -0.014647 -0.009736 -0.001905 0.000000 0.000000 0.000000 0.000000 0.000000 0.000000 0.000000 0.000000 0.000000 0.000000 0.000000 0.000000 0.000000
0.000000 0.000000 0.000000 0.000000 0.000000 0.000000 0.000000 0.000000 0.000000 0.000000 0.000000 0.000000 0.000000 0.015638 0.000741 -0.009400 -0.003310 -0.019311 -0.017022 -0.018456 -0.006192 0.012492 -0.008330 -0.016865 0.006934 -0.023646 -0.024116 -0.010932 -0.025015 -0.025347 -0.025480 -0.025654 -0.023026 -0.023856 0.006687 -0.024318 0.011060 0.000000 0.000000 0.000000 0.000000 0.000000 0.000000 0.000000 0.000000 0.000000 0.000000 0.000000 0.000000 0.000000
