0.008188 -0.004629 0.008605 -0.009657 0.008434 -0.010164 -0.007119 0.004468 0.006134 -0.005627 0.002437 -0.000695 0.005684 -0.004296 0.008742 0.006042 -0.025261 -0.003789 -0.009440 0.001743 -0.022592 0.000000 0.000000 0.000000 0.000000 0.000000 0.000000 0.000000 0.000000 0.000000 0.000000 0.000000 0.000000 0.000000 0.000000 0.000000 0.000000 0.000000 0.000000 0.000000 0.000000 0.000000 0.000000 0.000000 0.000000 0.000000 0.000000 0.000000 0.000000 0.000000
-0.003988 0.000335 -0.011481 -0.016664 -0.015390 -0.019641 -0.015297 -0.017475 -0.019554 0.002114 -0.022838 -0.031200 -0.027718 -0.010059 -0.013154 -0.016691 -0.025141 -0.029448 -0.029828 -0.035621 -0.044327 0.000000 0.000000 0.000000 0.000000 0.000000 0.000000 0.000000 0.000000 0.000000 0.000000 0.000000 0.000000 0.000000 0.000000 0.000000 0.000000 0.000000 0.000000 0.000000 0.000000 0.000000 0.000000 0.000000 0.000000 0.000000 0.000000 0.000000 0.000000 0.000000
0.004751 -0.002560 -0.010023 -0.012290 -0.012656 -0.013068 -0.015804 -0.018394 -0.021595 -0.026151 -0.029932 -0.034621 -0.039542 -0.045255 -0.051226 -0.057506 -0.065086 -0.071651 -0.078201 -0.085008 -0.050988 0.000000 0.000000 0.000000 0.000000 0.000000 0.000000 0.000000 0.000000 0.000000 0.000000 0.000000 0.000000 0.000000 0.000000 0.000000 0.000000 0.000000 0.000000 0.000000 0.000000 0.000000 0.000000 0.000000 0.000000 0.000000 0.000000 0.000000 0.000000 0.000000
-0.011428 -0.006443 -0.009884 -0.006390 -0.011023 -0.012089 -0.016049 -0.018161 -0.022127 -0.026239 -0.030375 -0.035021 -0.040189 -0.045935 -0.051838 -0.059076 -0.065317 -0.073323 -0.079064 -0.083024 -0.120692 0.000000 0.000000 0.000000 0.000000 0.000000 0.000000 0.000000 0.000000 0.000000 0.000000 0.000000 0.000000 0.000000 0.000000 0.000000 0.000000 0.000000 0.000000 0.000000 0.000000 0.000000 0.000000 0.000000 0.000000 0.000000 0.000000 0.000000 0.000000 0.000000
0.016659 -0.020924 -0.008690 -0.008999 -0.014594 -0.017667 -0.021910 -0.025981 -0.030624 -0.035649 -0.041434 -0.047463 -0.054712 -0.062044 -0.071172 -0.079735 -0.090808 -0.100249 -0.111063 -0.117910 -0.160289 0.000000 0.000000 0.000000 0.000000 0.000000 0.000000 0.000000 0.000000 0.000000 0.000000 0.000000 0.000000 0.000000 0.000000 0.000000 0.000000 0.000000 0.000000 0.000000 0.000000 0.000000 0.000000 0.000000 0.000000 0.000000 0.000000 0.000000 0.000000 0.000000
0.002079 -0.021148 -0.013116 -0.013611 -0.017497 -0.021452 -0.026513 -0.031292 -0.036626 -0.042659 -0.049447 -0.057058 -0.065662 -0.074951 -0.085822 -0.097443 -0.110932 -0.124528 -0.139159 -0.149409 -0.164935 0.000000 0.000000 0.000000 0.000000 0.000000 0.000000 0.000000 0.000000 0.000000 0.000000 0.000000 0.000000 0.000000 0.000000 0.000000 0.000000 0.000000 0.000000 0.000000 0.000000 0.000000 0.000000 0.000000 0.000000 0.000000 0.000000 0.000000 0.000000 0.000000
-0.006113 -0.022691 -0.014376 -0.014334 -0.019851 -0.025228 -0.030514 -0.036838 -0.043047 -0.050220 -0.058169 -0.067008 -0.077066 -0.088327 -0.101424 -0.116122 -0.133256 -0.152152 -0.173132 -0.191057 -0.266976 0.000000 0.000000 0.000000 0.000000 0.000000 0.000000 0.000000 0.000000 0.000000 0.000000 0.000000 0.000000 0.000000 0.000000 0.000000 0.000000 0.000000 0.000000 0.000000 0.000000 0.000000 0.000000 0.000000 0.000000 0.000000 0.000000 0.000000 0.000000 0.000000
-0.007531 0.006491 -0.016416 -0.017017 -0.022972 -0.028826 -0.034747 -0.041448 -0.048729 -0.056409 -0.065190 -0.075114 -0.086347 -0.099099 -0.114030 -0.131160 -0.151978 -0.175513 -0.205057 -0.233427 -0.323167 0.000000 0.000000 0.000000 0.000000 0.000000 0.000000 0.000000 0.000000 0.000000 0.000000 0.000000 0.000000 0.000000 0.000000 0.000000 0.000000 0.000000 0.000000 0.000000 0.000000 0.000000 0.000000 0.000000 0.000000 0.000000 0.000000 0.000000 0.000000 0.000000
-0.000947 0.006293 -0.017641 -0.018348 -0.024881 -0.030989 -0.037657 -0.045486 -0.053072 -0.061949 -0.071499 -0.082283 -0.094493 -0.108480 -0.124893 -0.144385 -0.168505 -0.198791 -0.239796 -0.296053 -0.551156 0.000000 0.000000 0.000000 0.000000 0.000000 0.000000 0.000000 0.000000 0.000000 0.000000 0.000000 0.000000 0.000000 0.000000 0.000000 0.000000 0.000000 0.000000 0.000000 0.000000 0.000000 0.000000 0.000000 0.000000 0.000000 0.000000 0.000000 0.000000 0.000000
-0.008521 -0.004252 -0.019521 -0.019768 -0.026854 -0.033638 -0.040983 -0.048912 -0.057362 -0.066413 -0.076508 -0.087792 -0.100495 -0.115028 -0.131945 -0.152210 -0.177058 -0.208509 -0.251600 -0.311540 -0.583062 -0.044380 0.010339 0.007906 0.005836 -0.041189 -0.003044 -0.012091 -0.048495 0.000000 0.000000 0.000000 0.000000 0.000000 0.000000 0.000000 0.000000 0.000000 0.000000 0.000000 0.000000 0.000000 0.000000 0.000000 0.000000 0.000000 0.000000 0.000000 0.000000 0.000000
-0.009412 -0.013321 -0.020356 -0.021156 -0.028383 -0.035523 -0.043428 -0.051672 -0.060358 -0.069981 -0.080326 -0.091842 -0.104628 -0.118962 -0.135242 -0.153872 -0.175662 -0.200489 -0.229852 -0.258265 -0.204023 -0.121619 -0.071674 -0.061008 -0.059516 -0.062156 -0.068584 -0.109837 -0.080470 0.000000 0.000000 0.000000 0.000000 0.000000 0.000000 0.000000 0.000000 0.000000 0.000000 0.000000 0.000000 0.000000 0.000000 0.000000 0.000000 0.000000 0.000000 0.000000 0.000000 0.000000
-0.003918 0.004301 -0.021417 -0.022234 -0.029742 -0.037074 -0.045265 -0.053780 -0.062852 -0.072581 -0.083051 -0.094492 -0.107055 -0.120944 -0.136163 -0.153028 -0.170835 -0.190261 -0.209549 -0.232414 -0.217074 -0.176308 -0.148577 -0.131762 -0.126045 -0.129532 -0.123701 -0.148181 -0.115963 0.000000 0.000000 0.000000 0.000000 0.000000 0.000000 0.000000 0.000000 0.000000 0.000000 0.000000 0.000000 0.000000 0.000000 0.000000 0.000000 0.000000 0.000000 0.000000 0.000000 0.000000
-0.010195 -0.027052 -0.020187 -0.028094 -0.036259 -0.044853 -0.053971 -0.054489 -0.063620 -0.073819 -0.084631 -0.096160 -0.108497 -0.121754 -0.135860 -0.150992 -0.166636 -0.182334 -0.195690 -0.205652 -0.202824 -0.172224 -0.167384 -0.162955 -0.166030 -0.170481 -0.178341 -0.239577 -0.186827 0.000000 0.000000 0.000000 0.000000 0.000000 0.000000 0.000000 0.000000 0.000000 0.000000 0.000000 0.000000 0.000000 0.000000 0.000000 0.000000 0.000000 0.000000 0.000000 0.000000 0.000000
-0.002652 0.006295 -0.022710 -0.023324 -0.031354 -0.039223 -0.047626 -0.056488 -0.065720 -0.075524 -0.085948 -0.097071 -0.108889 -0.121494 -0.134737 -0.148694 -0.162608 -0.176818 -0.188850 -0.201865 -0.204633 -0.203217 -0.200522 -0.205153 -0.215310 -0.226904 -0.243247 -0.273740 -0.256973 0.000000 0.000000 0.000000 0.000000 0.000000 0.000000 0.000000 0.000000 0.000000 0.000000 0.000000 0.000000 0.000000 0.000000 0.000000 0.000000 0.000000 0.000000 0.000000 0.000000 0.000000
-0.004600 0.004981 -0.022994 -0.023761 -0.031802 -0.039708 -0.048168 -0.056970 -0.066273 -0.076006 -0.086292 -0.097129 -0.108549 -0.120581 -0.133120 -0.146136 -0.159232 -0.172320 -0.184353 -0.195362 -0.203819 -0.208534 -0.219341 -0.233570 -0.254255 -0.276307 -0.300756 -0.343151 -0.322240 0.000000 0.000000 0.000000 0.000000 0.000000 0.000000 0.000000 0.000000 0.000000 0.000000 0.000000 0.000000 0.000000 0.000000 0.000000 0.000000 0.000000 0.000000 0.000000 0.000000 0.000000
-0.003014 0.005098 -0.023161 -0.023876 -0.031972 -0.039897 -0.048371 -0.057195 -0.066375 -0.076014 -0.086088 -0.096633 -0.107680 -0.119235 -0.131220 -0.143671 -0.156294 -0.169356 -0.182065 -0.195601 -0.208202 -0.223182 -0.239859 -0.264043 -0.295418 -0.333948 -0.370762 -0.435483 -0.411392 0.000000 0.000000 0.000000 0.000000 0.000000 0.000000 0.000000 0.000000 0.000000 0.000000 0.000000 0.000000 0.000000 0.000000 0.000000 0.000000 0.000000 0.000000 0.000000 0.000000 0.000000
-0.006848 0.006162 -0.023341 -0.023929 -0.031901 -0.039786 -0.048240 -0.056914 -0.066107 -0.075521 -0.085376 -0.095622 -0.106294 -0.117375 -0.128834 -0.140691 -0.152860 -0.165522 -0.178589 -0.192712 -0.208189 -0.227328 -0.250475 -0.283694 -0.326058 -0.386043 -0.432269 -0.538894 -0.505745 0.000000 0.000000 0.000000 0.000000 0.000000 0.000000 0.000000 0.000000 0.000000 0.000000 0.000000 0.000000 0.000000 0.000000 0.000000 0.000000 0.000000 0.000000 0.000000 0.000000 0.000000
-0.004595 0.006495 -0.022970 -0.023759 -0.031651 -0.039446 -0.047769 -0.056385 -0.065373 -0.074641 -0.084271 -0.094222 -0.104539 -0.115185 -0.126160 -0.137500 -0.149225 -0.161615 -0.174795 -0.189683 -0.206753 -0.228980 -0.256347 -0.296272 -0.350568 -0.433595 -0.562519 -0.983079 -0.052825 0.000000 0.000000 0.000000 0.000000 0.000000 0.000000 0.000000 0.000000 0.000000 0.000000 0.000000 0.000000 0.000000 0.000000 0.000000 0.000000 0.000000 0.000000 0.000000 0.000000 0.000000
-0.002242 0.006882 -0.022487 -0.023475 -0.031224 -0.038839 -0.047098 -0.055471 -0.064386 -0.073413 -0.082793 -0.092448 -0.102407 -0.112592 -0.123026 -0.133702 -0.144710 -0.156290 -0.168757 -0.182854 -0.199486 -0.221074 -0.248017 -0.285761 -0.339643 -0.418706 -0.563786 -0.828401 -0.089454 0.452126 0.499445 0.499145 0.497444 0.433151 0.431271 0.430932 0.428219 0.506417 0.519010 0.502180 0.501131 0.513904 0.501256 0.504996 0.504943 0.513278 0.511564 0.517942 0.447720 0.504599
-0.001352 0.007570 -0.021857 -0.022960 -0.030628 -0.038002 -0.046018 -0.054276 -0.062898 -0.071855 -0.081038 -0.090433 -0.100069 -0.109810 -0.119683 -0.129602 -0.139678 -0.150090 -0.161156 -0.173465 -0.187716 -0.204911 -0.227095 -0.255446 -0.292559 -0.337757 -0.398721 -0.329053 -0.039176 0.336814 0.325197 0.384269 0.415756 0.423857 0.434538 0.447818 0.454970 0.459686 0.441233 0.467724 0.448235 0.474828 0.474297 0.477771 0.476460 0.466000 0.445992 0.448188 0.474199 0.467643
-0.001129 0.008661 -0.020825 -0.022760 -0.029883 -0.037063 -0.045016 -0.052825 -0.061425 -0.070018 -0.078988 -0.088140 -0.097503 -0.106808 -0.116119 -0.125189 -0.134133 -0.143019 -0.152129 -0.161851 -0.172726 -0.185445 -0.200299 -0.217396 -0.237629 -0.259663 -0.283551 -0.241975 -0.135851 0.094252 0.248901 0.334928 0.387578 0.417929 0.439973 0.449727 0.458572 0.461823 0.467274 0.470305 0.472125 0.473947 0.475478 0.478252 0.474327 0.476387 0.462533 0.425214 0.413864 0.408795
-0.001069 0.008784 -0.020682 -0.020799 -0.028425 -0.035581 -0.043209 -0.050986 -0.059306 -0.067954 -0.076840 -0.085855 -0.095062 -0.104044 -0.112874 -0.121044 -0.128701 -0.135753 -0.142484 -0.149084 -0.155882 -0.163062 -0.170698 -0.178108 -0.184507 -0.185904 -0.177007 -0.139915 -0.046186 0.067749 0.148951 0.209200 0.256587 0.286820 0.310858 0.324516 0.337325 0.343184 0.349885 0.354291 0.357730 0.360815 0.361679 0.369558 0.372710 0.377307 0.359152 0.395584 0.396552 0.426367
0.005237 0.010552 -0.019434 -0.020373 -0.027013 -0.033970 -0.041309 -0.048999 -0.057083 -0.065382 -0.074199 -0.083186 -0.092458 -0.101204 -0.109777 -0.117147 -0.123535 -0.128688 -0.132891 -0.136235 -0.138985 -0.141190 -0.142618 -0.142523 -0.140318 -0.132071 -0.115810 -0.076389 -0.015723 0.078961 0.156816 0.211058 0.255679 0.286157 0.310140 0.325895 0.338841 0.346814 0.354375 0.359180 0.362840 0.365313 0.366784 0.369062 0.367000 0.369211 0.352452 0.354616 0.347263 0.343317
0.004715 0.009857 -0.018192 -0.019066 -0.025367 -0.031792 -0.039109 -0.046291 -0.054512 -0.062913 -0.071882 -0.080936 -0.090551 -0.099504 -0.108150 -0.114798 -0.119881 -0.122866 -0.124299 -0.124128 -0.122709 -0.119985 -0.115782 -0.109444 -0.100164 -0.085429 -0.063722 -0.030546 0.015356 0.069557 0.113959 0.152670 0.186403 0.210814 0.231605 0.245961 0.258374 0.266355 0.273728 0.278896 0.283653 0.287996 0.290327 0.298443 0.296150 0.308393 0.294481 0.303238 0.317501 0.310953
0.012060 0.010932 -0.017023 -0.017554 -0.023155 -0.029620 -0.036270 -0.043526 -0.051306 -0.059217 -0.068612 -0.077660 -0.087870 -0.097318 -0.106896 -0.113284 -0.117387 -0.118335 -0.116996 -0.113345 -0.107941 -0.100682 -0.091862 -0.080741 -0.066510 -0.048872 -0.026619 0.002754 0.039359 0.081684 0.120336 0.152132 0.180567 0.202104 0.220325 0.233782 0.244970 0.253082 0.259806 0.264791 0.268565 0.271932 0.273633 0.276790 0.275832 0.278926 0.268917 0.273606 0.271164 0.265260
-0.012200 -0.011888 -0.014680 -0.016033 -0.020883 -0.026819 -0.033442 -0.040083 -0.047884 -0.056784 -0.065858 -0.076604 -0.087324 -0.098553 -0.109397 -0.115804 -0.118758 -0.116873 -0.112326 -0.104685 -0.095116 -0.083291 -0.070030 -0.053930 -0.036175 -0.016197 0.006308 0.030600 0.055826 0.079901 0.101959 0.122651 0.141830 0.157440 0.171391 0.182217 0.191659 0.198846 0.205041 0.209915 0.213940 0.217641 0.219913 0.223658 0.224004 0.229656 0.225701 0.229159 0.233557 0.210541
0.003181 0.013789 -0.013506 -0.014218 -0.018010 -0.023705 -0.029001 -0.035140 -0.043082 -0.050460 -0.061625 -0.070312 -0.083535 -0.096081 -0.111774 -0.120006 -0.122278 -0.117812 -0.109915 -0.098089 -0.084264 -0.067812 -0.049997 -0.029896 -0.008414 0.013873 0.036913 0.058303 0.075439 0.089204 0.103796 0.116217 0.129490 0.140594 0.151105 0.159637 0.167124 0.173147 0.178203 0.182272 0.185498 0.188308 0.189982 0.192316 0.191806 0.194868 0.191803 0.193792 0.189256 0.186456
-0.008739 -0.024112 -0.011226 -0.012365 -0.014850 -0.021160 -0.025489 -0.031740 -0.038377 -0.047469 -0.056471 -0.068980 -0.084039 -0.104693 -0.123229 -0.133263 -0.134372 -0.124141 -0.111678 -0.094404 -0.075879 -0.054347 -0.031549 -0.007232 0.018592 0.044496 0.071374 0.087606 0.096229 0.094049 0.094151 0.097900 0.105599 0.111611 0.120798 0.126797 0.133568 0.138739 0.143031 0.146143 0.147756 0.149008 0.148913 0.150212 0.151388 0.153132 0.153197 0.153411 0.177898 0.171533
-0.006214 -0.005361 -0.009652 -0.010855 -0.009531 -0.015285 -0.018339 -0.023241 -0.030266 -0.035826 -0.046906 -0.056450 -0.076325 -0.094213 -0.130633 -0.152347 -0.149964 -0.134072 -0.116500 -0.093171 -0.069232 -0.042565 -0.014780 0.014666 0.046134 0.076900 0.107894 0.124721 0.119445 0.102045 0.091169 0.083519 0.084032 0.085695 0.089337 0.093002 0.096449 0.099958 0.102871 0.105361 0.107581 0.109446 0.110822 0.112054 0.112693 0.113816 0.113480 0.116244 0.108582 0.117913
-0.004151 0.006402 -0.010103 -0.017791 -0.005380 -0.015080 -0.014335 -0.020574 -0.024322 -0.031805 -0.039589 -0.052939 -0.069446 -0.109992 -0.164665 -0.189810 -0.184825 -0.148675 -0.125552 -0.093927 -0.064082 -0.032506 0.000348 0.035050 0.072945 0.111772 0.162344 0.173640 0.163589 0.113561 0.082160 0.072634 0.066359 0.065115 0.066160 0.068302 0.070558 0.072163 0.074172 0.076399 0.077404 0.078392 0.079496 0.080268 0.081589 0.080313 0.082163 0.077266 0.070695 0.074162
-0.004910 0.029819 -0.007587 -0.006933 0.003665 0.004253 -0.013110 0.002100 -0.016216 -0.000971 -0.008113 -0.038723 -0.029506 -0.098405 -0.380030 -0.279990 -0.223351 -0.173155 -0.135959 -0.096170 -0.060312 -0.023937 0.013741 0.054328 0.101478 0.154550 0.218498 0.296349 0.197610 0.058173 0.023792 0.011325 0.008632 0.008243 0.009020 0.015257 0.033159 0.034592 0.016933 0.038273 0.038801 0.038933 0.039130 0.040160 0.037789 0.037258 0.036847 0.033315 0.031329 0.075035
-0.002992 0.001814 0.000684 0.002326 0.011565 0.011133 -0.003662 0.012340 -0.004146 -0.000389 0.011314 0.003216 0.004084 0.035870 -0.689773 -0.345136 -0.256617 -0.194693 -0.141235 -0.097300 -0.056453 -0.016938 0.023734 0.068945 0.121013 0.187902 0.277193 0.599336 0.511750 0.004337 0.007442 -0.001296 -0.002261 -0.001786 0.003228 -0.001335 0.011499 0.001965 -0.008370 0.002951 0.002780 -0.002366 0.002936 0.002795 0.007100 0.007718 -0.002066 -0.000759 0.000821 0.000487
0.000000 0.000000 0.000000 0.000000 0.000000 0.000000 0.000000 0.000000 0.000000 0.000000 0.000000 0.000000 0.000000 0.000000 -0.632578 -0.311084 -0.243648 -0.191320 -0.134015 -0.092881 -0.051079 -0.011806 0.028955 0.074492 0.125443 0.192128 0.268048 0.359384 0.410180 0.000000 0.000000 0.000000 0.000000 0.000000 0.000000 0.000000 0.000000 0.000000 0.000000 0.000000 0.000000 0.000000 0.000000 0.000000 0.000000 0.000000 0.000000 0.000000 0.000000 0.000000
0.000000 0.000000 0.000000 0.000000 0.000000 0.000000 0.000000 0.000000 0.000000 0.000000 0.000000 0.000000 0.000000 0.000000 -0.284446 -0.228587 -0.205057 -0.165851 -0.120279 -0.082758 -0.044762 -0.008057 0.029837 0.071126 0.115850 0.168115 0.213897 0.264264 0.298869 0.000000 0.000000 0.000000 0.000000 0.000000 0.000000 0.000000 0.000000 0.000000 0.000000 0.000000 0.000000 0.000000 0.000000 0.000000 0.000000 0.000000 0.000000 0.000000 0.000000 0.000000
0.000000 0.000000 0.000000 0.000000 0.000000 0.000000 0.000000 0.000000 0.000000 0.000000 0.000000 0.000000 0.000000 0.000000 -0.175512 -0.181685 -0.168663 -0.139386 -0.104889 -0.071793 -0.038577 -0.005460 0.028417 0.064068 0.101456 0.140937 0.175481 0.204146 0.275466 0.000000 0.000000 0.000000 0.000000 0.000000 0.000000 0.000000 0.000000 0.000000 0.000000 0.000000 0.000000 0.000000 0.000000 0.000000 0.000000 0.000000 0.000000 0.000000 0.000000 0.000000
0.000000 0.000000 0.000000 0.000000 0.000000 0.000000 0.000000 0.000000 0.000000 0.000000 0.000000 0.000000 0.000000 0.000000 -0.164272 -0.158028 -0.136105 -0.114827 -0.087808 -0.060567 -0.032111 -0.003681 0.025605 0.055653 0.086123 0.115229 0.139437 0.176315 0.222273 0.000000 0.000000 0.000000 0.000000 0.000000 0.000000 0.000000 0.000000 0.000000 0.000000 0.000000 0.000000 0.000000 0.000000 0.000000 0.000000 0.000000 0.000000 0.000000 0.000000 0.000000
0.000000 0.000000 0.000000 0.000000 0.000000 0.000000 0.000000 0.000000 0.000000 0.000000 0.000000 0.000000 0.000000 0.000000 -0.124688 -0.125463 -0.109588 -0.093354 -0.072942 -0.050219 -0.026727 -0.002506 0.022220 0.046947 0.071511 0.094056 0.112379 0.137725 0.129107 0.000000 0.000000 0.000000 0.000000 0.000000 0.000000 0.000000 0.000000 0.000000 0.000000 0.000000 0.000000 0.000000 0.000000 0.000000 0.000000 0.000000 0.000000 0.000000 0.000000 0.000000
0.000000 0.000000 0.000000 0.000000 0.000000 0.000000 0.000000 0.000000 0.000000 0.000000 0.000000 0.000000 0.000000 0.000000 -0.147568 -0.100562 -0.087719 -0.075955 -0.059304 -0.041257 -0.021772 -0.001652 0.018851 0.039135 0.058705 0.076185 0.089480 0.110401 0.102251 0.000000 0.000000 0.000000 0.000000 0.000000 0.000000 0.000000 0.000000 0.000000 0.000000 0.000000 0.000000 0.000000 0.000000 0.000000 0.000000 0.000000 0.000000 0.000000 0.000000 0.000000
0.000000 0.000000 0.000000 0.000000 0.000000 0.000000 0.000000 0.000000 0.000000 0.000000 0.000000 0.000000 0.000000 0.000000 -0.099135 -0.089182 -0.070187 -0.060978 -0.048182 -0.033491 -0.017634 -0.001106 0.015667 0.032077 0.047551 0.061424 0.071472 0.100234 0.079611 0.000000 0.000000 0.000000 0.000000 0.000000 0.000000 0.000000 0.000000 0.000000 0.000000 0.000000 0.000000 0.000000 0.000000 0.000000 0.000000 0.000000 0.000000 0.000000 0.000000 0.000000
0.000000 0.000000 0.000000 0.000000 0.000000 0.000000 0.000000 0.000000 0.000000 0.000000 0.000000 0.000000 0.000000 0.000000 -0.061021 -0.064227 -0.055972 -0.049177 -0.038776 -0.027094 -0.014180 -0.000717 0.012915 0.026200 0.038471 0.049451 0.056828 0.070836 0.063375 0.000000 0.000000 0.000000 0.000000 0.000000 0.000000 0.000000 0.000000 0.000000 0.000000 0.000000 0.000000 0.000000 0.000000 0.000000 0.000000 0.000000 0.000000 0.000000 0.000000 0.000000
0.000000 0.000000 0.000000 0.000000 0.000000 0.000000 0.000000 0.000000 0.000000 0.000000 0.000000 0.000000 0.000000 0.000000 -0.048320 -0.051247 -0.044595 -0.039273 -0.031045 -0.021716 -0.011312 -0.000473 0.010490 0.021135 0.030830 0.039556 0.045236 0.056656 0.050039 0.000000 0.000000 0.000000 0.000000 0.000000 0.000000 0.000000 0.000000 0.000000 0.000000 0.000000 0.000000 0.000000 0.000000 0.000000 0.000000 0.000000 0.000000 0.000000 0.000000 0.000000
0.000000 0.000000 0.000000 0.000000 0.000000 0.000000 0.000000 0.000000 0.000000 0.000000 0.000000 0.000000 0.000000 0.000000 -0.035871 -0.040762 -0.035378 -0.031296 -0.024779 -0.017354 -0.009010 -0.000306 0.008490 0.017026 0.024667 0.031533 0.035824 0.044800 0.039611 0.000000 0.000000 0.000000 0.000000 0.000000 0.000000 0.000000 0.000000 0.000000 0.000000 0.000000 0.000000 0.000000 0.000000 0.000000 0.000000 0.000000 0.000000 0.000000 0.000000 0.000000
0.000000 0.000000 0.000000 0.000000 0.000000 0.000000 0.000000 0.000000 0.000000 0.000000 0.000000 0.000000 0.000000 0.000000 -0.036130 -0.032264 -0.027966 -0.024720 -0.019527 -0.013698 -0.007029 -0.000195 0.006756 0.013466 0.019530 0.024913 0.028196 0.035569 0.031004 0.000000 0.000000 0.000000 0.000000 0.000000 0.000000 0.000000 0.000000 0.000000 0.000000 0.000000 0.000000 0.000000 0.000000 0.000000 0.000000 0.000000 0.000000 0.000000 0.000000 0.000000
0.000000 0.000000 0.000000 0.000000 0.000000 0.000000 0.000000 0.000000 0.000000 0.000000 0.000000 0.000000 0.000000 0.000000 -0.023233 -0.025320 -0.021890 -0.019368 -0.015376 -0.010720 -0.005561 -0.000117 0.005353 0.010644 0.015337 0.019519 0.022028 0.031143 0.024280 0.000000 0.000000 0.000000 0.000000 0.000000 0.000000 0.000000 0.000000 0.000000 0.000000 0.000000 0.000000 0.000000 0.000000 0.000000 0.000000 0.000000 0.000000 0.000000 0.000000 0.000000
0.000000 0.000000 0.000000 0.000000 0.000000 0.000000 0.000000 0.000000 0.000000 0.000000 0.000000 0.000000 0.000000 0.000000 -0.020821 -0.019597 -0.016788 -0.014821 -0.011727 -0.008207 -0.004204 -0.000083 0.004155 0.008129 0.011798 0.014907 0.016875 0.023948 0.018453 0.000000 0.000000 0.000000 0.000000 0.000000 0.000000 0.000000 0.000000 0.000000 0.000000 0.000000 0.000000 0.000000 0.000000 0.000000 0.000000 0.000000 0.000000 0.000000 0.000000 0.000000
0.000000 0.000000 0.000000 0.000000 0.000000 0.000000 0.000000 0.000000 0.000000 0.000000 0.000000 0.000000 0.000000 0.000000 -0.013275 -0.014800 -0.012712 -0.011171 -0.008898 -0.006163 -0.003205 -0.000054 0.003122 0.006171 0.008883 0.011291 0.012786 0.016131 0.014237 0.000000 0.000000 0.000000 0.000000 0.000000 0.000000 0.000000 0.000000 0.000000 0.000000 0.000000 0.000000 0.000000 0.000000 0.000000 0.000000 0.000000 0.000000 0.000000 0.000000 0.000000
0.000000 0.000000 0.000000 0.000000 0.000000 0.000000 0.000000 0.000000 0.000000 0.000000 0.000000 0.000000 0.000000 0.000000 -0.009881 -0.011053 -0.008762 -0.007803 -0.006144 -0.004292 -0.002220 -0.000019 0.002176 0.004268 0.006165 0.007848 0.008840 0.011604 0.009792 0.000000 0.000000 0.000000 0.000000 0.000000 0.000000 0.000000 0.000000 0.000000 0.000000 0.000000 0.000000 0.000000 0.000000 0.000000 0.000000 0.000000 0.000000 0.000000 0.000000 0.000000
0.000000 0.000000 0.000000 0.000000 0.000000 0.000000 0.000000 0.000000 0.000000 0.000000 0.000000 0.000000 0.000000 0.000000 -0.006773 -0.007245 -0.009124 -0.007705 -0.006079 -0.004193 -0.002163 -0.000025 0.002146 0.004164 0.006110 0.007746 0.009121 0.007691 0.008811 0.000000 0.000000 0.000000 0.000000 0.000000 0.000000 0.000000 0.000000 0.000000 0.000000 0.000000 0.000000 0.000000 0.000000 0.000000 0.000000 0.000000 0.000000 0.000000 0.000000 0.000000
0.000000 0.000000 0.000000 0.000000 0.000000 0.000000 0.000000 0.000000 0.000000 0.000000 0.000000 0.000000 0.000000 0.000000 -0.002463 -0.005366 -0.004170 -0.004357 -0.003665 -0.002970 -0.002010 -0.001454 -0.000495 0.000581 0.003107 0.004251 0.003600 0.005701 0.005536 0.000000 0.000000 0.000000 0.000000 0.000000 0.000000 0.000000 0.000000 0.000000 0.000000 0.000000 0.000000 0.000000 0.000000 0.000000 0.000000 0.000000 0.000000 0.000000 0.000000 0.000000
0.000000 0.000000 0.000000 0.000000 0.000000 0.000000 0.000000 0.000000 0.000000 0.000000 0.000000 0.000000 0.000000 0.000000 -0.000091 -0.000031 -0.000493 -0.000757 -0.000399 -0.000340 -0.000289 0.000675 0.000675 0.000684 0.000081 -0.000087 -0.000442 0.000362 0.002476 0.000000 0.000000 0.000000 0.000000 0.000000 0.000000 0.000000 0.000000 0.000000 0.000000 0.000000 0.000000 0.000000 0.000000 0.000000 0.000000 0.000000 0.000000 0.000000 0.000000 0.000000
