-0.000048 -0.000047 -0.000010 -0.000057 0.000044 -0.000157 -0.000033 0.000068 -0.000014 -0.000174 0.000142 -0.000028 -0.000158 0.000096 0.000093 0.000089 0.000041 0.000050 0.000152 0.000014 0.000009 -0.000025 0.000035 -0.000007 0.000040 0.000003 0.000014 0.000000 0.000000 0.000000 0.000000 0.000000 0.000000 0.000000 0.000000 0.000000 0.000000 0.000000 0.000000 0.000000 0.000000 0.000000 0.000000 0.000000 0.000000 0.000000 0.000000 0.000000 0.000000 0.000000
-0.000443 -0.000501 -0.000278 -0.000209 -0.000177 -0.000108 -0.000049 -0.000311 0.000065 0.000103 0.000124 0.000225 0.000253 -0.000010 -0.000044 -0.000006 0.000031 0.000097 0.000062 0.000080 0.000100 0.000118 0.000120 0.000175 0.000147 0.000226 0.000198 0.000000 0.000000 0.000000 0.000000 0.000000 0.000000 0.000000 0.000000 0.000000 0.000000 0.000000 0.000000 0.000000 0.000000 0.000000 0.000000 0.000000 0.000000 0.000000 0.000000 0.000000 0.000000 0.000000
-0.000590 -0.000620 -0.000632 -0.000548 -0.000556 -0.000478 -0.000387 -0.000294 -0.000196 -0.000102 -0.000013 0.000070 0.000141 0.000201 0.000249 0.000285 0.000311 0.000327 0.000335 0.000337 0.000335 0.000331 0.000324 0.000319 0.000319 0.000307 0.000265 0.000000 0.000000 0.000000 0.000000 0.000000 0.000000 0.000000 0.000000 0.000000 0.000000 0.000000 0.000000 0.000000 0.000000 0.000000 0.000000 0.000000 0.000000 0.000000 0.000000 0.000000 0.000000 0.000000
-0.000967 -0.001039 -0.000892 -0.000645 -0.000574 -0.000495 -0.000400 -0.000303 -0.000201 -0.000104 -0.000013 0.000073 0.000145 0.000206 0.000257 0.000294 0.000321 0.000338 0.000347 0.000349 0.000347 0.000343 0.000333 0.000327 0.000320 0.000322 0.000532 0.000000 0.000000 0.000000 0.000000 0.000000 0.000000 0.000000 0.000000 0.000000 0.000000 0.000000 0.000000 0.000000 0.000000 0.000000 0.000000 0.000000 0.000000 0.000000 0.000000 0.000000 0.000000 0.000000
-0.000990 -0.001218 -0.000911 -0.000915 -0.000808 -0.000695 -0.000561 -0.000423 -0.000280 -0.000140 -0.000007 0.000116 0.000220 0.000307 0.000376 0.000425 0.000459 0.000478 0.000486 0.000486 0.000480 0.000471 0.000461 0.000452 0.000438 0.000438 0.000614 0.000000 0.000000 0.000000 0.000000 0.000000 0.000000 0.000000 0.000000 0.000000 0.000000 0.000000 0.000000 0.000000 0.000000 0.000000 0.000000 0.000000 0.000000 0.000000 0.000000 0.000000 0.000000 0.000000
-0.001233 -0.001783 -0.001164 -0.001159 -0.001023 -0.000875 -0.000701 -0.000521 -0.000335 -0.000155 0.000015 0.000168 0.000299 0.000406 0.000489 0.000547 0.000585 0.000604 0.000610 0.000604 0.000592 0.000577 0.000561 0.000547 0.000529 0.000536 0.000720 0.000000 0.000000 0.000000 0.000000 0.000000 0.000000 0.000000 0.000000 0.000000 0.000000 0.000000 0.000000 0.000000 0.000000 0.000000 0.000000 0.000000 0.000000 0.000000 0.000000 0.000000 0.000000 0.000000
-0.001952 -0.002234 -0.001477 -0.001466 -0.001290 -0.001098 -0.000873 -0.000641 -0.000400 -0.000168 0.000050 0.000243 0.000409 0.000540 0.000640 0.000706 0.000746 0.000761 0.000760 0.000746 0.000725 0.000701 0.000677 0.000656 0.000629 0.000631 0.000833 0.000000 0.000000 0.000000 0.000000 0.000000 0.000000 0.000000 0.000000 0.000000 0.000000 0.000000 0.000000 0.000000 0.000000 0.000000 0.000000 0.000000 0.000000 0.000000 0.000000 0.000000 0.000000 0.000000
-0.002376 -0.002383 -0.001811 -0.001796 -0.001573 -0.001332 -0.001048 -0.000755 -0.000453 -0.000163 0.000108 0.000345 0.000546 0.000700 0.000814 0.000883 0.000920 0.000925 0.000913 0.000885 0.000852 0.000815 0.000781 0.000752 0.000720 0.000717 0.000710 0.000000 0.000000 0.000000 0.000000 0.000000 0.000000 0.000000 0.000000 0.000000 0.000000 0.000000 0.000000 0.000000 0.000000 0.000000 0.000000 0.000000 0.000000 0.000000 0.000000 0.000000 0.000000 0.000000
-0.002266 -0.002903 -0.002208 -0.002187 -0.001907 -0.001605 -0.001247 -0.000880 -0.000501 -0.000140 0.000196 0.000485 0.000728 0.000906 0.001033 0.001099 0.001128 0.001116 0.001086 0.001039 0.000987 0.000934 0.000887 0.000844 0.000805 0.000796 0.000840 0.000000 0.000000 0.000000 0.000000 0.000000 0.000000 0.000000 0.000000 0.000000 0.000000 0.000000 0.000000 0.000000 0.000000 0.000000 0.000000 0.000000 0.000000 0.000000 0.000000 0.000000 0.000000 0.000000
-0.002621 -0.004021 -0.002661 -0.002636 -0.002286 -0.001910 -0.001464 -0.001007 -0.000536 -0.000089 0.000324 0.000674 0.000964 0.001164 0.001302 0.001355 0.001366 0.001326 0.001270 0.001195 0.001120 0.001045 0.000983 0.000927 0.000883 0.000865 0.001126 0.000000 0.000000 0.000000 0.000000 0.000000 0.000000 0.000000 0.000000 0.000000 0.000000 0.000000 0.000000 0.000000 0.000000 0.000000 0.000000 0.000000 0.000000 0.000000 0.000000 0.000000 0.000000 0.000000
-0.004344 -0.004847 -0.003200 -0.003168 -0.002732 -0.002265 -0.001710 -0.001141 -0.000555 -0.000004 0.000507 0.000929 0.001275 0.001495 0.001640 0.001666 0.001649 0.001566 0.001472 0.001358 0.001253 0.001151 0.001069 0.000995 0.000942 0.000910 0.000947 0.000000 0.000000 0.000000 0.000000 0.000000 0.000000 0.000000 0.000000 0.000000 0.000000 0.000000 0.000000 0.000000 0.000000 0.000000 0.000000 0.000000 0.000000 0.000000 0.000000 0.000000 0.000000 0.000000
-0.005522 -0.005842 -0.003836 -0.003797 -0.003256 -0.002676 -0.001986 -0.001279 -0.000551 0.000132 0.000763 0.001272 0.001686 0.001922 0.002066 0.002040 0.001975 0.001828 0.001682 0.001518 0.001375 0.001242 0.001137 0.001045 0.000981 0.000942 0.001228 0.000000 0.000000 0.000000 0.000000 0.000000 0.000000 0.000000 0.000000 0.000000 0.000000 0.000000 0.000000 0.000000 0.000000 0.000000 0.000000 0.000000 0.000000 0.000000 0.000000 0.000000 0.000000 0.000000
-0.005232 -0.006258 -0.004598 -0.004550 -0.003881 -0.003161 -0.002304 -0.001426 -0.000517 0.000329 0.001113 0.001729 0.002227 0.002471 0.002605 0.002499 0.002359 0.002119 0.001903 0.001674 0.001486 0.001313 0.001184 0.001073 0.000996 0.001111 0.001143 0.000000 0.000000 0.000000 0.000000 0.000000 0.000000 0.000000 0.000000 0.000000 0.000000 0.000000 0.000000 0.000000 0.000000 0.000000 0.000000 0.000000 0.000000 0.000000 0.000000 0.000000 0.000000 0.000000
-0.006858 -0.007352 -0.005513 -0.005453 -0.004629 -0.003736 -0.002672 -0.001577 -0.000442 0.000614 0.001597 0.002351 0.002960 0.003200 0.003311 0.003047 0.002791 0.002419 0.002111 0.001806 0.001562 0.001354 0.001198 0.001071 0.000985 0.001037 0.000966 0.000000 0.000000 0.000000 0.000000 0.000000 0.000000 0.000000 0.000000 0.000000 0.000000 0.000000 0.000000 0.000000 0.000000 0.000000 0.000000 0.000000 0.000000 0.000000 0.000000 0.000000 0.000000 0.000000
-0.008321 -0.009083 -0.006619 -0.006546 -0.005530 -0.004427 -0.003107 -0.001744 -0.000322 0.000998 0.002240 0.003162 0.003923 0.004137 0.004200 0.003727 0.003283 0.002732 0.002300 0.001901 0.001604 0.001351 0.001176 0.001032 0.000940 0.000967 0.001114 0.000000 0.000000 0.000000 0.000000 0.000000 0.000000 0.000000 0.000000 0.000000 0.000000 0.000000 0.000000 0.000000 0.000000 0.000000 0.000000 0.000000 0.000000 0.000000 0.000000 0.000000 0.000000 0.000000
-0.010800 -0.010947 -0.007963 -0.007876 -0.006626 -0.005264 -0.003626 -0.001924 -0.000135 0.001534 0.003121 0.004295 0.005267 0.005453 0.005455 0.004507 0.003784 0.002984 0.002410 0.001924 0.001566 0.001293 0.001095 0.000976 0.000846 0.000806 0.000945 0.000000 0.000000 0.000000 0.000000 0.000000 0.000000 0.000000 0.000000 0.000000 0.000000 0.000000 0.000000 0.000000 0.000000 0.000000 0.000000 0.000000 0.000000 0.000000 0.000000 0.000000 0.000000 0.000000
-0.012214 -0.013226 -0.009602 -0.009496 -0.007968 -0.006292 -0.004267 -0.002148 0.000101 0.002209 0.004254 0.005733 0.007037 0.007124 0.007004 0.005522 0.004266 0.003183 0.002413 0.001845 0.001455 0.001156 0.000966 0.000826 0.000725 0.000686 0.000779 0.000000 0.000000 0.000000 0.000000 0.000000 0.000000 0.000000 0.000000 0.000000 0.000000 0.000000 0.000000 0.000000 0.000000 0.000000 0.000000 0.000000 0.000000 0.000000 0.000000 0.000000 0.000000 0.000000
-0.014841 -0.015639 -0.011607 -0.011478 -0.009617 -0.007562 -0.005063 -0.002417 0.000416 0.003124 0.005783 0.007792 0.009566 0.009726 0.009487 0.006466 0.004496 0.003054 0.002178 0.001595 0.001193 0.000933 0.000753 0.000632 0.000555 0.000523 0.000550 0.000000 0.000000 0.000000 0.000000 0.000000 0.000000 0.000000 0.000000 0.000000 0.000000 0.000000 0.000000 0.000000 0.000000 0.000000 0.000000 0.000000 0.000000 0.000000 0.000000 0.000000 0.000000 0.000000
-0.025165 -0.018920 -0.014064 -0.013908 -0.011658 -0.009155 -0.006092 -0.002811 0.000735 0.004189 0.007646 0.010301 0.013014 0.012943 0.012691 0.008127 0.004393 0.002710 0.001657 0.001173 0.000830 0.000651 0.000503 0.000440 0.000363 0.000344 0.000289 0.000000 0.000000 0.000000 0.000000 0.000000 0.000000 0.000000 0.000000 0.000000 0.000000 0.000000 0.000000 0.000000 0.000000 0.000000 0.000000 0.000000 0.000000 0.000000 0.000000 0.000000 0.000000 0.000000
-0.017458 -0.022902 -0.017071 -0.016882 -0.014181 -0.011147 -0.007409 -0.003344 0.001103 0.005551 0.010073 0.013932 0.017721 0.026597 0.007720 0.001727 0.001179 0.000497 -0.000217 0.000154 0.000317 0.000004 0.000172 0.000005 0.000074 0.000032 0.000042 0.000000 0.000000 0.000000 0.000000 0.000000 0.000000 0.000000 0.000000 0.000000 0.000000 0.000000 0.000000 0.000000 0.000000 0.000000 0.000000 0.000000 0.000000 0.000000 0.000000 0.000000 0.000000 0.000000
-0.036458 -0.028506 -0.020753 -0.020527 -0.017320 -0.013683 -0.009180 -0.004196 0.001265 0.006962 0.012570 0.018181 0.022510 0.032152 0.038881 0.000000 0.000000 0.000000 0.000000 0.000000 0.000000 0.000000 0.000000 0.000000 0.000000 0.000000 0.000000 0.000000 0.000000 0.000000 0.000000 0.000000 0.000000 0.000000 0.000000 0.000000 0.000000 0.000000 0.000000 0.000000 0.000000 0.000000 0.000000 0.000000 0.000000 0.000000 0.000000 0.000000 0.000000 0.000000
-0.024980 -0.034595 -0.025235 -0.024971 -0.021197 -0.016864 -0.011455 -0.005389 0.001381 0.008498 0.015754 0.022776 0.028847 0.042658 0.037584 0.000000 0.000000 0.000000 0.000000 0.000000 0.000000 0.000000 0.000000 0.000000 0.000000 0.000000 0.000000 0.000000 0.000000 0.000000 0.000000 0.000000 0.000000 0.000000 0.000000 0.000000 0.000000 0.000000 0.000000 0.000000 0.000000 0.000000 0.000000 0.000000 0.000000 0.000000 0.000000 0.000000 0.000000 0.000000
-0.025801 -0.040466 -0.030705 -0.030382 -0.026030 -0.020957 -0.014584 -0.007343 0.000853 0.009590 0.018723 0.027492 0.035646 0.050753 0.049767 0.000000 0.000000 0.000000 0.000000 0.000000 0.000000 0.000000 0.000000 0.000000 0.000000 0.000000 0.000000 0.000000 0.000000 0.000000 0.000000 0.000000 0.000000 0.000000 0.000000 0.000000 0.000000 0.000000 0.000000 0.000000 0.000000 0.000000 0.000000 0.000000 0.000000 0.000000 0.000000 0.000000 0.000000 0.000000
-0.041302 -0.048771 -0.037284 -0.036912 -0.031922 -0.026019 -0.018517 -0.009832 0.000168 0.011161 0.022713 0.034461 0.044956 0.066130 0.067608 0.000000 0.000000 0.000000 0.000000 0.000000 0.000000 0.000000 0.000000 0.000000 0.000000 0.000000 0.000000 0.000000 0.000000 0.000000 0.000000 0.000000 0.000000 0.000000 0.000000 0.000000 0.000000 0.000000 0.000000 0.000000 0.000000 0.000000 0.000000 0.000000 0.000000 0.000000 0.000000 0.000000 0.000000 0.000000
-0.062498 -0.058684 -0.045248 -0.044836 -0.039257 -0.032582 -0.023998 -0.013970 -0.002065 0.011005 0.025786 0.040066 0.055655 0.081028 0.082277 0.000000 0.000000 0.000000 0.000000 0.000000 0.000000 0.000000 0.000000 0.000000 0.000000 0.000000 0.000000 0.000000 0.000000 0.000000 0.000000 0.000000 0.000000 0.000000 0.000000 0.000000 0.000000 0.000000 0.000000 0.000000 0.000000 0.000000 0.000000 0.000000 0.000000 0.000000 0.000000 0.000000 0.000000 0.000000
-0.061153 -0.070220 -0.054673 -0.054215 -0.048056 -0.040540 -0.030749 -0.018986 -0.004833 0.011718 0.030049 0.050389 0.070091 0.107464 0.088342 0.000000 0.000000 0.000000 0.000000 0.000000 0.000000 0.000000 0.000000 0.000000 0.000000 0.000000 0.000000 0.000000 0.000000 0.000000 0.000000 0.000000 0.000000 0.000000 0.000000 0.000000 0.000000 0.000000 0.000000 0.000000 0.000000 0.000000 0.000000 0.000000 0.000000 0.000000 0.000000 0.000000 0.000000 0.000000
-0.080809 -0.083708 -0.065923 -0.065429 -0.058883 -0.050805 -0.040102 -0.027172 -0.010924 0.007782 0.031211 0.054847 0.085780 0.135734 0.106270 0.000000 0.000000 0.000000 0.000000 0.000000 0.000000 0.000000 0.000000 0.000000 0.000000 0.000000 0.000000 0.000000 0.000000 0.000000 0.000000 0.000000 0.000000 0.000000 0.000000 0.000000 0.000000 0.000000 0.000000 0.000000 0.000000 0.000000 0.000000 0.000000 0.000000 0.000000 0.000000 0.000000 0.000000 0.000000
-0.107505 -0.099107 -0.078959 -0.078443 -0.071633 -0.063044 -0.051545 -0.037015 -0.018864 0.004474 0.031961 0.067416 0.105261 0.190530 0.214290 0.000000 0.000000 0.000000 0.000000 0.000000 0.000000 0.000000 0.000000 0.000000 0.000000 0.000000 0.000000 0.000000 0.000000 0.000000 0.000000 0.000000 0.000000 0.000000 0.000000 0.000000 0.000000 0.000000 0.000000 0.000000 0.000000 0.000000 0.000000 0.000000 0.000000 0.000000 0.000000 0.000000 0.000000 0.000000
-0.109185 -0.116587 -0.094109 -0.093578 -0.086863 -0.078311 -0.066636 -0.051892 -0.032407 -0.008270 0.025493 0.063055 0.123705 0.241141 0.324009 0.000000 0.000000 0.000000 0.000000 0.000000 0.000000 0.000000 0.000000 0.000000 0.000000 0.000000 0.000000 0.000000 0.000000 0.000000 0.000000 0.000000 0.000000 0.000000 0.000000 0.000000 0.000000 0.000000 0.000000 0.000000 0.000000 0.000000 0.000000 0.000000 0.000000 0.000000 0.000000 0.000000 0.000000 0.000000
-0.132530 -0.135655 -0.111260 -0.110726 -0.104422 -0.096251 -0.085079 -0.070371 -0.051261 -0.024358 0.010459 0.063559 0.134781 0.378620 0.451730 0.000000 0.000000 0.000000 0.000000 0.000000 0.000000 0.000000 0.000000 0.000000 0.000000 0.000000 0.000000 0.000000 0.000000 0.000000 0.000000 0.000000 0.000000 0.000000 0.000000 0.000000 0.000000 0.000000 0.000000 0.000000 0.000000 0.000000 0.000000 0.000000 0.000000 0.000000 0.000000 0.000000 0.000000 0.000000
-0.147740 -0.158002 -0.130385 -0.129864 -0.124322 -0.117144 -0.107247 -0.094247 -0.076961 -0.053111 -0.019138 0.028539 0.107173 0.315227 0.761386 -0.872618 -1.802253 -1.542126 -1.188982 -1.089705 -0.963043 -0.886061 -0.846631 -0.780854 -0.754585 -0.713492 -0.706452 -0.696407 -0.671177 -0.653432 -0.638569 -0.627731 -0.614260 -0.587646 -0.601391 -0.594267 -0.588091 -0.589015 -0.574246 -0.577673 -0.567924 -0.548109 -0.562285 -0.560513 -0.556721 -0.557214 -0.550830 -0.551086 -0.558778 -0.553659
-0.169521 -0.179527 -0.151336 -0.150881 -0.146475 -0.140944 -0.133388 -0.123906 -0.111615 -0.096251 -0.075941 -0.049123 -0.016560 0.113865 0.629312 -0.636386 -1.631389 -1.461025 -1.084592 -0.944870 -0.936181 -0.864839 -0.826266 -0.782665 -0.741355 -0.721826 -0.648139 -0.629727 -0.664625 -0.648585 -0.638524 -0.628119 -0.619061 -0.610918 -0.605827 -0.597069 -0.591267 -0.538371 -0.581638 -0.578123 -0.575195 -0.571356 -0.568614 -0.566071 -0.563162 -0.563173 -0.557696 -0.553250 -0.569786 -0.562303
-0.202655 -0.204598 -0.173513 -0.173146 -0.170003 -0.166153 -0.161150 -0.154914 -0.148156 -0.138938 -0.133077 -0.119677 -0.130838 -0.118106 -0.227389 -0.523409 -0.816852 -0.947852 -0.949007 -0.912686 -0.870429 -0.828891 -0.788960 -0.755228 -0.727711 -0.703089 -0.670304 -0.653185 -0.654006 -0.635579 -0.627911 -0.615583 -0.607537 -0.600316 -0.592219 -0.586638 -0.580774 -0.575519 -0.571426 -0.567641 -0.564047 -0.561555 -0.558780 -0.558458 -0.555046 -0.560297 -0.555636 -0.536572 -0.551329 -0.554494
-0.192272 -0.229008 -0.196687 -0.196347 -0.194638 -0.192730 -0.190414 -0.188188 -0.186196 -0.185819 -0.187036 -0.195539 -0.209756 -0.251391 -0.305912 -0.492487 -0.664442 -0.754288 -0.788205 -0.787783 -0.772924 -0.749782 -0.725616 -0.702528 -0.681442 -0.663183 -0.638901 -0.629778 -0.616833 -0.606802 -0.596247 -0.586915 -0.580141 -0.571315 -0.565708 -0.559361 -0.554261 -0.549258 -0.546352 -0.540001 -0.539962 -0.532828 -0.534991 -0.529346 -0.531060 -0.531592 -0.528250 -0.543444 -0.574036 -0.611439
-0.218730 -0.253387 -0.220204 -0.219888 -0.219475 -0.219139 -0.219146 -0.219768 -0.221990 -0.226105 -0.235360 -0.249141 -0.277740 -0.317739 -0.390709 -0.511035 -0.624756 -0.696234 -0.733210 -0.744920 -0.740136 -0.728316 -0.712353 -0.695284 -0.680381 -0.663580 -0.647887 -0.636718 -0.626478 -0.615395 -0.606374 -0.597534 -0.589874 -0.582603 -0.576589 -0.570835 -0.565669 -0.561233 -0.556989 -0.552922 -0.550307 -0.545685 -0.545300 -0.541818 -0.539714 -0.547105 -0.537531 -0.537985 -0.574966 -0.625194
-0.298167 -0.269791 -0.243805 -0.243461 -0.244322 -0.245371 -0.247332 -0.250436 -0.255457 -0.263578 -0.275405 -0.294803 -0.320272 -0.362986 -0.412271 -0.494758 -0.569293 -0.625481 -0.659762 -0.677849 -0.683928 -0.681457 -0.674197 -0.664395 -0.653197 -0.642117 -0.629470 -0.620823 -0.611181 -0.602923 -0.594721 -0.587383 -0.580694 -0.579789 -0.571489 -0.568521 -0.563435 -0.560049 -0.556386 -0.553331 -0.549811 -0.547396 -0.543586 -0.544440 -0.543340 -0.537852 -0.533768 -0.537093 -0.564368 -0.557402
-0.323923 -0.293383 -0.266966 -0.266560 -0.268426 -0.270397 -0.273796 -0.278442 -0.285449 -0.295386 -0.309572 -0.329351 -0.356465 -0.393004 -0.438777 -0.497397 -0.552651 -0.596566 -0.627558 -0.646168 -0.654584 -0.656307 -0.653244 -0.647305 -0.640239 -0.631773 -0.623193 -0.615226 -0.607322 -0.599545 -0.592487 -0.585736 -0.579633 -0.573897 -0.568766 -0.563969 -0.559642 -0.555671 -0.552122 -0.548768 -0.546010 -0.543243 -0.541098 -0.539619 -0.537061 -0.538973 -0.534538 -0.535333 -0.527770 -0.613510
-0.332040 -0.318548 -0.289901 -0.292577 -0.294940 -0.299399 -0.305114 -0.305156 -0.313150 -0.324165 -0.338365 -0.357812 -0.381177 -0.413157 -0.447387 -0.491239 -0.531487 -0.566574 -0.592424 -0.610607 -0.621385 -0.626402 -0.627077 -0.624770 -0.620394 -0.614946 -0.608411 -0.602425 -0.596043 -0.589962 -0.584015 -0.578385 -0.573117 -0.568103 -0.563535 -0.559229 -0.555318 -0.551697 -0.548416 -0.545414 -0.542676 -0.540341 -0.538058 -0.536467 -0.534425 -0.534912 -0.532241 -0.533388 -0.526574 -0.542704
-0.363695 -0.323600 -0.311080 -0.310806 -0.314078 -0.316758 -0.321763 -0.327586 -0.336022 -0.346829 -0.360810 -0.378657 -0.400330 -0.427013 -0.456665 -0.490235 -0.522009 -0.550069 -0.572337 -0.588719 -0.599352 -0.605436 -0.607800 -0.607436 -0.605249 -0.601623 -0.597204 -0.592393 -0.587272 -0.582087 -0.577031 -0.572118 -0.567480 -0.563070 -0.558982 -0.555155 -0.551614 -0.548392 -0.545354 -0.542760 -0.540117 -0.538181 -0.535862 -0.534529 -0.532315 -0.532759 -0.530340 -0.531043 -0.567331 -0.537313
-0.327948 -0.361638 -0.332883 -0.332694 -0.336612 -0.339467 -0.344920 -0.350846 -0.359326 -0.369663 -0.382630 -0.398615 -0.417242 -0.439542 -0.463294 -0.489679 -0.514457 -0.537196 -0.555727 -0.570327 -0.580689 -0.587431 -0.591052 -0.592223 -0.591528 -0.589504 -0.586477 -0.582997 -0.579085 -0.575020 -0.570900 -0.566820 -0.562880 -0.559079 -0.555507 -0.552135 -0.548943 -0.546069 -0.543146 -0.540931 -0.537980 -0.536748 -0.533673 -0.531999 -0.529849 -0.530308 -0.528022 -0.528797 -0.521300 -0.538345
-0.351477 -0.383249 -0.351047 -0.351336 -0.355803 -0.356991 -0.362398 -0.366846 -0.374780 -0.384105 -0.395872 -0.409948 -0.426181 -0.444830 -0.464664 -0.485756 -0.505865 -0.524385 -0.540029 -0.552670 -0.562077 -0.568613 -0.572593 -0.574476 -0.574737 -0.573687 -0.571740 -0.569155 -0.566150 -0.562902 -0.559555 -0.556192 -0.552921 -0.549739 -0.546750 -0.543929 -0.541241 -0.538894 -0.536507 -0.534712 -0.532469 -0.530929 -0.528880 -0.525280 -0.526105 -0.523641 -0.524588 -0.525302 -0.520116 -0.537020
-0.377494 -0.402120 -0.371845 -0.372622 -0.378373 -0.380237 -0.385899 -0.390951 -0.398787 -0.407393 -0.417870 -0.430001 -0.443714 -0.459115 -0.475263 -0.492189 -0.508337 -0.523416 -0.536431 -0.547310 -0.555780 -0.562015 -0.566194 -0.568611 -0.569597 -0.569392 -0.568313 -0.566588 -0.564406 -0.561913 -0.559229 -0.556432 -0.553659 -0.550872 -0.548279 -0.545770 -0.543187 -0.540989 -0.538114 -0.536775 -0.532333 -0.533350 -0.525221 -0.530853 -0.522160 -0.529264 -0.521605 -0.522704 -0.524245 -0.525778
-0.417511 -0.419820 -0.386312 -0.388767 -0.397652 -0.390104 -0.396056 -0.395879 -0.402349 -0.409522 -0.418576 -0.428965 -0.440608 -0.453397 -0.466730 -0.480486 -0.493696 -0.506024 -0.516793 -0.525873 -0.533060 -0.538455 -0.542178 -0.544424 -0.545494 -0.545561 -0.544956 -0.543722 -0.542135 -0.540303 -0.538333 -0.536322 -0.534341 -0.532342 -0.530573 -0.528906 -0.527113 -0.525605 -0.524035 -0.522428 -0.521242 -0.519488 -0.518677 -0.517189 -0.514730 -0.516573 -0.514020 -0.517136 -0.559761 -0.533014
-0.405470 -0.443333 -0.410119 -0.410794 -0.422765 -0.424775 -0.427463 -0.431624 -0.437093 -0.443419 -0.450687 -0.459027 -0.468308 -0.478436 -0.488987 -0.499878 -0.510429 -0.520370 -0.529232 -0.536912 -0.543266 -0.548280 -0.552009 -0.554546 -0.556167 -0.556876 -0.556979 -0.556490 -0.555543 -0.554318 -0.552762 -0.550918 -0.549001 -0.546875 -0.545328 -0.543703 -0.540394 -0.538640 -0.535431 -0.533327 -0.531007 -0.528138 -0.527011 -0.527095 -0.514159 -0.528089 -0.507892 -0.523877 -0.554721 -0.546181
-0.414560 -0.457043 -0.409725 -0.413381 -0.438774 -0.423401 -0.420778 -0.416868 -0.420723 -0.425507 -0.432000 -0.439180 -0.447158 -0.455569 -0.464103 -0.472807 -0.481081 -0.488790 -0.495557 -0.501377 -0.506115 -0.509763 -0.512394 -0.514074 -0.515088 -0.515312 -0.515360 -0.514587 -0.513827 -0.512912 -0.511773 -0.510808 -0.509849 -0.509051 -0.508652 -0.507848 -0.506175 -0.506279 -0.504832 -0.505184 -0.503728 -0.503046 -0.504584 -0.500716 -0.497167 -0.505224 -0.497851 -0.507169 -0.557188 -0.537629
-0.403945 -0.461166 -0.444117 -0.451033 -0.463794 -0.478697 -0.476589 -0.478185 -0.480271 -0.483350 -0.486447 -0.491046 -0.496136 -0.501773 -0.507648 -0.514081 -0.520661 -0.526936 -0.532544 -0.537328 -0.541586 -0.545048 -0.547991 -0.550205 -0.552186 -0.553318 -0.554126 -0.554744 -0.554472 -0.554396 -0.553138 -0.551162 -0.549541 -0.547238 -0.546177 -0.544976 -0.538867 -0.541401 -0.535310 -0.537480 -0.532748 -0.533053 -0.535580 -0.528048 -0.515099 -0.528248 -0.512888 -0.515533 -0.535728 -0.528556
-0.485752 -0.484615 -0.463324 -0.426746 -0.444653 -0.463498 -0.443341 -0.437286 -0.442406 -0.443105 -0.447078 -0.451261 -0.456530 -0.460995 -0.465266 -0.469879 -0.474413 -0.478583 -0.481999 -0.484808 -0.487207 -0.488977 -0.490481 -0.491448 -0.492154 -0.492027 -0.492926 -0.491311 -0.490731 -0.489456 -0.486853 -0.485432 -0.482559 -0.483599 -0.484905 -0.485013 -0.481660 -0.486034 -0.482478 -0.489625 -0.481819 -0.489223 -0.486247 -0.480576 -0.481708 -0.490112 -0.478985 -0.528789 -0.542402 -0.568776
-0.499244 -0.473851 -0.457863 -0.449824 -0.453813 -0.432324 -0.433695 -0.438779 -0.443244 -0.445446 -0.451977 -0.455417 -0.460750 -0.465794 -0.470683 -0.475497 -0.479919 -0.484169 -0.487730 -0.490691 -0.492938 -0.494991 -0.496957 -0.498109 -0.498364 -0.497696 -0.497873 -0.495258 -0.494939 -0.493457 -0.494696 -0.496949 -0.499654 -0.499849 -0.502588 -0.504660 -0.511679 -0.505163 -0.511973 -0.515124 -0.518568 -0.509162 -0.513315 -0.500797 -0.497172 -0.496373 -0.447731 -0.517699 -0.506728 -0.495461
-0.494807 -0.458878 -0.501072 -0.515906 -0.535461 -0.531540 -0.528634 -0.521670 -0.522786 -0.531663 -0.513403 -0.513515 -0.527845 -0.504851 -0.513155 -0.512513 -0.513120 -0.514356 -0.511707 -0.514555 -0.522231 -0.525062 -0.529410 -0.556059 -0.538671 -0.564289 -0.542340 -0.551468 -0.552622 -0.552212 -0.541835 -0.544090 -0.551223 -0.544201 -0.554945 -0.553954 -0.563452 -0.551205 -0.560217 -0.552829 -0.559395 -0.556032 -0.558506 -0.546703 -0.541350 -0.516303 -0.507683 -0.463296 -0.510048 -0.491646
-0.519404 -0.504250 -0.461857 -0.517506 -0.513279 -0.491006 -0.494996 -0.514184 -0.511149 -0.499157 -0.512684 -0.508807 -0.508821 -0.411048 -0.519796 -0.415582 -0.516233 -0.506756 -0.508522 -0.520831 -0.503247 -0.514700 -0.502036 -0.514072 -0.513222 -0.516446 -0.520344 -0.366214 -0.517032 -0.522193 -0.521409 -0.513654 -0.412064 -0.517250 -0.519844 -0.415084 -0.510477 -0.502743 -0.511203 -0.493752 -0.498094 -0.507965 -0.503129 -0.513355 -0.506838 -0.502046 -0.503780 -0.513200 -0.521035 -0.449857
