0.000182 0.000298 0.000498 0.000986 0.000830 0.000949 0.001286 0.001414 0.001519 0.001307 0.001597 0.001477 0.001488 0.001442 0.001355 0.001252 0.001116 0.001023 0.001213 0.000977 0.000664 0.000510 0.000450 0.000373 0.000195 0.000129 0.000014 0.000000 0.000000 0.000000 0.000000 0.000000 0.000000 0.000000 0.000000 0.000000 0.000000 0.000000 0.000000 0.000000 0.000000 0.000000 0.000000 0.000000 0.000000 0.000000 0.000000 0.000000 0.000000 0.000000
0.000089 0.000323 0.000749 0.000998 0.001162 0.001367 0.001505 0.001594 0.001676 0.001672 0.001666 0.001710 0.001651 0.001579 0.001627 0.001498 0.001349 0.001108 0.001094 0.000942 0.000782 0.000601 0.000462 0.000419 0.000219 0.000103 0.000015 0.000000 0.000000 0.000000 0.000000 0.000000 0.000000 0.000000 0.000000 0.000000 0.000000 0.000000 0.000000 0.000000 0.000000 0.000000 0.000000 0.000000 0.000000 0.000000 0.000000 0.000000 0.000000 0.000000
-0.000051 0.000346 0.000746 0.000969 0.000996 0.001169 0.001339 0.001452 0.001542 0.001586 0.001599 0.001578 0.001533 0.001460 0.001370 0.001265 0.001151 0.001031 0.000909 0.000787 0.000668 0.000552 0.000439 0.000333 0.000224 0.000127 0.000006 0.000000 0.000000 0.000000 0.000000 0.000000 0.000000 0.000000 0.000000 0.000000 0.000000 0.000000 0.000000 0.000000 0.000000 0.000000 0.000000 0.000000 0.000000 0.000000 0.000000 0.000000 0.000000 0.000000
0.000172 0.000309 0.000794 0.000763 0.001010 0.001175 0.001346 0.001459 0.001548 0.001592 0.001603 0.001583 0.001537 0.001463 0.001373 0.001266 0.001152 0.001032 0.000909 0.000786 0.000667 0.000548 0.000441 0.000324 0.000254 0.000133 -0.000029 0.000000 0.000000 0.000000 0.000000 0.000000 0.000000 0.000000 0.000000 0.000000 0.000000 0.000000 0.000000 0.000000 0.000000 0.000000 0.000000 0.000000 0.000000 0.000000 0.000000 0.000000 0.000000 0.000000
-0.000025 0.000465 0.000810 0.000835 0.001106 0.001285 0.001468 0.001585 0.001677 0.001717 0.001722 0.001689 0.001626 0.001536 0.001428 0.001306 0.001178 0.001046 0.000914 0.000785 0.000662 0.000541 0.000431 0.000313 0.000229 0.000115 -0.000020 0.000000 0.000000 0.000000 0.000000 0.000000 0.000000 0.000000 0.000000 0.000000 0.000000 0.000000 0.000000 0.000000 0.000000 0.000000 0.000000 0.000000 0.000000 0.000000 0.000000 0.000000 0.000000 0.000000
0.000225 0.000355 0.000900 0.000929 0.001226 0.001421 0.001618 0.001741 0.001833 0.001866 0.001860 0.001811 0.001729 0.001619 0.001491 0.001351 0.001205 0.001059 0.000917 0.000779 0.000652 0.000528 0.000421 0.000305 0.000229 0.000119 -0.000033 0.000000 0.000000 0.000000 0.000000 0.000000 0.000000 0.000000 0.000000 0.000000 0.000000 0.000000 0.000000 0.000000 0.000000 0.000000 0.000000 0.000000 0.000000 0.000000 0.000000 0.000000 0.000000 0.000000
0.000053 0.000391 0.001019 0.001054 0.001388 0.001605 0.001822 0.001952 0.002044 0.002068 0.002046 0.001974 0.001865 0.001727 0.001570 0.001403 0.001235 0.001070 0.000914 0.000768 0.000635 0.000509 0.000401 0.000287 0.000210 0.000112 -0.000048 0.000000 0.000000 0.000000 0.000000 0.000000 0.000000 0.000000 0.000000 0.000000 0.000000 0.000000 0.000000 0.000000 0.000000 0.000000 0.000000 0.000000 0.000000 0.000000 0.000000 0.000000 0.000000 0.000000
0.000097 0.000719 0.001171 0.001211 0.001591 0.001835 0.002075 0.002215 0.002305 0.002317 0.002272 0.002171 0.002027 0.001851 0.001657 0.001457 0.001260 0.001073 0.000902 0.000745 0.000607 0.000480 0.000375 0.000264 0.000203 0.000104 0.000018 0.000000 0.000000 0.000000 0.000000 0.000000 0.000000 0.000000 0.000000 0.000000 0.000000 0.000000 0.000000 0.000000 0.000000 0.000000 0.000000 0.000000 0.000000 0.000000 0.000000 0.000000 0.000000 0.000000
0.000396 0.000842 0.001363 0.001410 0.001849 0.002128 0.002398 0.002547 0.002636 0.002630 0.002555 0.002413 0.002221 0.001995 0.001753 0.001509 0.001278 0.001063 0.000874 0.000706 0.000565 0.000438 0.000337 0.000234 0.000176 0.000090 -0.000038 0.000000 0.000000 0.000000 0.000000 0.000000 0.000000 0.000000 0.000000 0.000000 0.000000 0.000000 0.000000 0.000000 0.000000 0.000000 0.000000 0.000000 0.000000 0.000000 0.000000 0.000000 0.000000 0.000000
0.000089 0.000595 0.001603 0.001659 0.002171 0.002492 0.002799 0.002960 0.003045 0.003014 0.002899 0.002703 0.002448 0.002157 0.001851 0.001551 0.001278 0.001031 0.000824 0.000646 0.000502 0.000379 0.000285 0.000192 0.000143 0.000079 -0.000092 0.000000 0.000000 0.000000 0.000000 0.000000 0.000000 0.000000 0.000000 0.000000 0.000000 0.000000 0.000000 0.000000 0.000000 0.000000 0.000000 0.000000 0.000000 0.000000 0.000000 0.000000 0.000000 0.000000
-0.000279 0.000700 0.001902 0.001968 0.002572 0.002947 0.003299 0.003474 0.003552 0.003490 0.003319 0.003053 0.002711 0.002334 0.001943 0.001573 0.001249 0.000967 0.000742 0.000556 0.000415 0.000301 0.000219 0.000145 0.000111 0.000058 -0.000046 0.000000 0.000000 0.000000 0.000000 0.000000 0.000000 0.000000 0.000000 0.000000 0.000000 0.000000 0.000000 0.000000 0.000000 0.000000 0.000000 0.000000 0.000000 0.000000 0.000000 0.000000 0.000000 0.000000
0.000377 0.000844 0.002272 0.002352 0.003070 0.003511 0.003920 0.004113 0.004181 0.004076 0.003831 0.003471 0.003014 0.002522 0.002022 0.001560 0.001177 0.000855 0.000616 0.000426 0.000295 0.000194 0.000129 0.000077 0.000051 0.000030 -0.000133 0.000000 0.000000 0.000000 0.000000 0.000000 0.000000 0.000000 0.000000 0.000000 0.000000 0.000000 0.000000 0.000000 0.000000 0.000000 0.000000 0.000000 0.000000 0.000000 0.000000 0.000000 0.000000 0.000000
-0.000176 0.002142 0.002732 0.002825 0.003688 0.004212 0.004693 0.004907 0.004962 0.004803 0.004459 0.003976 0.003361 0.002714 0.002062 0.001482 0.001037 0.000674 0.000433 0.000249 0.000138 0.000062 0.000022 0.000000 -0.000008 -0.000030 -0.000064 0.000000 0.000000 0.000000 0.000000 0.000000 0.000000 0.000000 0.000000 0.000000 0.000000 0.000000 0.000000 0.000000 0.000000 0.000000 0.000000 0.000000 0.000000 0.000000 0.000000 0.000000 0.000000 0.000000
-0.000876 0.002039 0.003302 0.003415 0.004453 0.005082 0.005652 0.005897 0.005933 0.005705 0.005230 0.004586 0.003757 0.002900 0.002050 0.001314 0.000797 0.000399 0.000170 0.000008 -0.000066 -0.000107 -0.000112 -0.000098 -0.000083 -0.000042 -0.000056 0.000000 0.000000 0.000000 0.000000 0.000000 0.000000 0.000000 0.000000 0.000000 0.000000 0.000000 0.000000 0.000000 0.000000 0.000000 0.000000 0.000000 0.000000 0.000000 0.000000 0.000000 0.000000 0.000000
-0.000588 0.003091 0.004007 0.004140 0.005398 0.006162 0.006847 0.007134 0.007151 0.006840 0.006195 0.005338 0.004210 0.003065 0.001909 0.000962 0.000408 -0.000007 -0.000181 -0.000300 -0.000314 -0.000303 -0.000262 -0.000200 -0.000155 -0.000067 0.000095 0.000000 0.000000 0.000000 0.000000 0.000000 0.000000 0.000000 0.000000 0.000000 0.000000 0.000000 0.000000 0.000000 0.000000 0.000000 0.000000 0.000000 0.000000 0.000000 0.000000 0.000000 0.000000 0.000000
-0.000467 0.003728 0.004870 0.005030 0.006563 0.007497 0.008329 0.008677 0.008671 0.008265 0.007394 0.006269 0.004731 0.003177 0.001639 0.000396 -0.000198 -0.000584 -0.000662 -0.000689 -0.000618 -0.000536 -0.000432 -0.000345 -0.000240 -0.000124 0.000049 0.000000 0.000000 0.000000 0.000000 0.000000 0.000000 0.000000 0.000000 0.000000 0.000000 0.000000 0.000000 0.000000 0.000000 0.000000 0.000000 0.000000 0.000000 0.000000 0.000000 0.000000 0.000000 0.000000
-0.000595 0.004518 0.005932 0.006126 0.007999 0.009153 0.010179 0.010618 0.010605 0.010093 0.008953 0.007483 0.005369 0.003255 0.000962 -0.000712 -0.001117 -0.001382 -0.001242 -0.001145 -0.000946 -0.000775 -0.000607 -0.000467 -0.000320 -0.000166 0.000021 0.000000 0.000000 0.000000 0.000000 0.000000 0.000000 0.000000 0.000000 0.000000 0.000000 0.000000 0.000000 0.000000 0.000000 0.000000 0.000000 0.000000 0.000000 0.000000 0.000000 0.000000 0.000000 0.000000
-0.000642 0.004498 0.007222 0.007455 0.009753 0.011186 0.012463 0.013035 0.013022 0.012413 0.010915 0.009051 0.006141 0.003160 0.000044 -0.002339 -0.002563 -0.002435 -0.002000 -0.001647 -0.001307 -0.001024 -0.000769 -0.000557 -0.000396 -0.000214 -0.000002 0.000000 0.000000 0.000000 0.000000 0.000000 0.000000 0.000000 0.000000 0.000000 0.000000 0.000000 0.000000 0.000000 0.000000 0.000000 0.000000 0.000000 0.000000 0.000000 0.000000 0.000000 0.000000 0.000000
-0.001796 0.005442 0.008786 0.009073 0.011898 0.013692 0.015310 0.016084 0.016139 0.015453 0.013615 0.011260 0.007316 0.003307 -0.002369 -0.005729 -0.004502 -0.003620 -0.002676 -0.002113 -0.001594 -0.001204 -0.000898 -0.000626 -0.000446 -0.000223 -0.000024 0.000000 0.000000 0.000000 0.000000 0.000000 0.000000 0.000000 0.000000 0.000000 0.000000 0.000000 0.000000 0.000000 0.000000 0.000000 0.000000 0.000000 0.000000 0.000000 0.000000 0.000000 0.000000 0.000000
0.001376 0.006571 0.010661 0.011010 0.014485 0.016734 0.018790 0.019847 0.020013 0.019312 0.017019 0.014415 0.008684 -0.000805 -0.021371 -0.009857 -0.007218 -0.004604 -0.003286 -0.002379 -0.002009 -0.001416 -0.000992 -0.000772 -0.000379 -0.000169 -0.000039 0.000000 0.000000 0.000000 0.000000 0.000000 0.000000 0.000000 0.000000 0.000000 0.000000 0.000000 0.000000 0.000000 0.000000 0.000000 0.000000 0.000000 0.000000 0.000000 0.000000 0.000000 0.000000 0.000000
-0.002627 0.009699 0.012907 0.013336 0.017609 0.020444 0.023091 0.024574 0.025020 0.024406 0.021981 0.018917 0.013025 0.007619 0.006996 0.000000 0.000000 0.000000 0.000000 0.000000 0.000000 0.000000 0.000000 0.000000 0.000000 0.000000 0.000000 0.000000 0.000000 0.000000 0.000000 0.000000 0.000000 0.000000 0.000000 0.000000 0.000000 0.000000 0.000000 0.000000 0.000000 0.000000 0.000000 0.000000 0.000000 0.000000 0.000000 0.000000 0.000000 0.000000
0.002123 0.011780 0.015550 0.016053 0.021300 0.024853 0.028250 0.030262 0.031151 0.030597 0.028212 0.024379 0.018412 0.012505 -0.001403 0.000000 0.000000 0.000000 0.000000 0.000000 0.000000 0.000000 0.000000 0.000000 0.000000 0.000000 0.000000 0.000000 0.000000 0.000000 0.000000 0.000000 0.000000 0.000000 0.000000 0.000000 0.000000 0.000000 0.000000 0.000000 0.000000 0.000000 0.000000 0.000000 0.000000 0.000000 0.000000 0.000000 0.000000 0.000000
-0.001516 0.010935 0.018656 0.019280 0.025684 0.030163 0.034537 0.037372 0.038877 0.038749 0.036222 0.032021 0.024641 0.016267 -0.000454 0.000000 0.000000 0.000000 0.000000 0.000000 0.000000 0.000000 0.000000 0.000000 0.000000 0.000000 0.000000 0.000000 0.000000 0.000000 0.000000 0.000000 0.000000 0.000000 0.000000 0.000000 0.000000 0.000000 0.000000 0.000000 0.000000 0.000000 0.000000 0.000000 0.000000 0.000000 0.000000 0.000000 0.000000 0.000000
-0.001983 0.013268 0.022200 0.022940 0.030689 0.036277 0.041840 0.045656 0.048044 0.048429 0.046050 0.041281 0.032663 0.022041 0.006457 0.000000 0.000000 0.000000 0.000000 0.000000 0.000000 0.000000 0.000000 0.000000 0.000000 0.000000 0.000000 0.000000 0.000000 0.000000 0.000000 0.000000 0.000000 0.000000 0.000000 0.000000 0.000000 0.000000 0.000000 0.000000 0.000000 0.000000 0.000000 0.000000 0.000000 0.000000 0.000000 0.000000 0.000000 0.000000
0.006200 0.015686 0.026282 0.027162 0.036535 0.043544 0.050703 0.056007 0.059813 0.061245 0.059422 0.054209 0.043642 0.026548 -0.000471 0.000000 0.000000 0.000000 0.000000 0.000000 0.000000 0.000000 0.000000 0.000000 0.000000 0.000000 0.000000 0.000000 0.000000 0.000000 0.000000 0.000000 0.000000 0.000000 0.000000 0.000000 0.000000 0.000000 0.000000 0.000000 0.000000 0.000000 0.000000 0.000000 0.000000 0.000000 0.000000 0.000000 0.000000 0.000000
0.000016 0.018184 0.030715 0.031738 0.042902 0.051509 0.060461 0.067548 0.072946 0.076211 0.074983 0.071055 0.058214 0.038980 -0.002417 0.000000 0.000000 0.000000 0.000000 0.000000 0.000000 0.000000 0.000000 0.000000 0.000000 0.000000 0.000000 0.000000 0.000000 0.000000 0.000000 0.000000 0.000000 0.000000 0.000000 0.000000 0.000000 0.000000 0.000000 0.000000 0.000000 0.000000 0.000000 0.000000 0.000000 0.000000 0.000000 0.000000 0.000000 0.000000
-0.001048 0.020962 0.035682 0.036857 0.050170 0.060800 0.072299 0.081883 0.090396 0.096032 0.097939 0.094061 0.080834 0.048477 0.008770 0.000000 0.000000 0.000000 0.000000 0.000000 0.000000 0.000000 0.000000 0.000000 0.000000 0.000000 0.000000 0.000000 0.000000 0.000000 0.000000 0.000000 0.000000 0.000000 0.000000 0.000000 0.000000 0.000000 0.000000 0.000000 0.000000 0.000000 0.000000 0.000000 0.000000 0.000000 0.000000 0.000000 0.000000 0.000000
0.011239 0.023834 0.040705 0.042027 0.057492 0.070239 0.084165 0.096762 0.107846 0.118241 0.121888 0.125173 0.110053 0.081212 0.000707 0.000000 0.000000 0.000000 0.000000 0.000000 0.000000 0.000000 0.000000 0.000000 0.000000 0.000000 0.000000 0.000000 0.000000 0.000000 0.000000 0.000000 0.000000 0.000000 0.000000 0.000000 0.000000 0.000000 0.000000 0.000000 0.000000 0.000000 0.000000 0.000000 0.000000 0.000000 0.000000 0.000000 0.000000 0.000000
0.004599 0.027012 0.046095 0.047548 0.065542 0.080837 0.098333 0.114654 0.131820 0.146788 0.160747 0.167193 0.162895 0.113996 0.013139 0.000000 0.000000 0.000000 0.000000 0.000000 0.000000 0.000000 0.000000 0.000000 0.000000 0.000000 0.000000 0.000000 0.000000 0.000000 0.000000 0.000000 0.000000 0.000000 0.000000 0.000000 0.000000 0.000000 0.000000 0.000000 0.000000 0.000000 0.000000 0.000000 0.000000 0.000000 0.000000 0.000000 0.000000 0.000000
0.001798 0.029812 0.051011 0.052585 0.072754 0.090431 0.110602 0.131185 0.151605 0.176203 0.193187 0.222955 0.221574 0.256034 0.096741 0.000000 0.000000 0.000000 0.000000 0.000000 0.000000 0.000000 0.000000 0.000000 0.000000 0.000000 0.000000 0.000000 0.000000 0.000000 0.000000 0.000000 0.000000 0.000000 0.000000 0.000000 0.000000 0.000000 0.000000 0.000000 0.000000 0.000000 0.000000 0.000000 0.000000 0.000000 0.000000 0.000000 0.000000 0.000000
-0.003645 0.037637 0.055797 0.057454 0.080023 0.100136 0.124197 0.148642 0.177732 0.208372 0.249223 0.292037 0.355727 0.647074 1.685294 2.075936 0.946109 0.420521 0.150481 0.079916 0.047119 0.031691 0.044738 0.023399 0.011894 0.014801 0.010863 0.010782 0.019662 0.023178 -0.001762 0.000045 -0.009391 0.004959 0.018853 0.000195 0.000391 0.018316 -0.012144 0.017305 0.017346 0.004233 -0.002174 -0.013371 -0.003350 0.003006 0.005758 0.000347 0.005816 -0.005223
0.008480 0.040545 0.059538 0.061191 0.085514 0.107501 0.133555 0.161727 0.192938 0.233889 0.275030 0.351754 0.412196 0.682784 1.462006 1.363824 0.950622 0.540784 0.125428 0.240468 0.045897 0.027195 0.046249 0.040244 0.009467 0.028648 0.027270 0.040614 0.017988 0.020013 -0.007502 -0.007852 -0.008514 -0.008953 0.018230 -0.010039 -0.010727 0.029507 -0.011572 -0.011959 0.016317 -0.012760 0.016059 0.015481 0.015675 0.015764 0.016451 0.013498 0.012098 -0.003315
0.009269 0.037195 0.062549 0.064145 0.090007 0.113208 0.141240 0.170517 0.205617 0.244369 0.295822 0.351817 0.442144 0.534304 0.726204 0.866174 0.750144 0.532699 0.370460 0.263327 0.185977 0.135851 0.101695 0.079434 0.061914 0.048222 0.038227 0.037449 0.032284 0.024788 0.024223 0.019216 0.018232 0.015521 0.013528 0.012044 0.010637 0.008935 0.008931 0.006835 0.007659 0.005244 0.006203 0.003608 0.004118 0.002500 0.007171 0.008835 -0.025054 0.000288
-0.002813 0.036780 0.064346 0.065877 0.092583 0.116355 0.144831 0.174800 0.209145 0.249143 0.295021 0.353301 0.421122 0.504983 0.618826 0.670201 0.604249 0.485863 0.373367 0.281629 0.214084 0.166163 0.130042 0.106406 0.085615 0.071388 0.058110 0.054302 0.043442 0.038168 0.033905 0.029234 0.027236 0.022969 0.020842 0.018173 0.016365 0.013869 0.013874 0.010167 0.012035 0.007280 0.009670 0.005196 0.005361 0.002998 0.003733 0.009951 -0.011655 -0.016195
-0.001395 0.036951 0.065201 0.066537 0.093715 0.117439 0.145805 0.174802 0.208080 0.243763 0.286290 0.330327 0.386124 0.435625 0.495462 0.529712 0.490866 0.423159 0.350071 0.286163 0.231139 0.186892 0.152513 0.125391 0.104654 0.086399 0.074326 0.067372 0.056975 0.050634 0.043813 0.039126 0.034257 0.030141 0.026962 0.023630 0.020964 0.018652 0.016036 0.014144 0.012432 0.010231 0.010621 0.006996 0.009233 0.005255 0.006164 0.007702 -0.005140 0.005004
-0.007936 0.013302 0.065168 0.066341 0.093445 0.116704 0.144238 0.172004 0.202902 0.235846 0.272219 0.310792 0.352339 0.391262 0.427782 0.441635 0.418087 0.375029 0.324567 0.274289 0.229907 0.192973 0.162137 0.137849 0.117526 0.100475 0.087729 0.076808 0.066827 0.058908 0.052269 0.046428 0.041225 0.037140 0.033329 0.030035 0.026941 0.024177 0.021625 0.019025 0.016966 0.014193 0.012886 0.012876 0.009740 0.010151 0.005098 0.005286 0.015895 -0.001020
0.013140 0.012375 0.064279 0.065280 0.091939 0.114459 0.140781 0.166728 0.195000 0.223912 0.255093 0.285505 0.317516 0.343804 0.366332 0.374956 0.360304 0.333129 0.297967 0.262359 0.227603 0.196546 0.169457 0.146364 0.127002 0.110335 0.097091 0.086047 0.075914 0.067492 0.060032 0.053652 0.047933 0.042922 0.038458 0.034434 0.030798 0.027557 0.024441 0.021743 0.019099 0.016636 0.014604 0.011909 0.011119 0.007792 0.006584 0.006242 0.016216 -0.021341
0.016729 0.009374 0.058086 0.081417 0.105836 0.130574 0.156630 0.159152 0.183279 0.210225 0.237429 0.263495 0.288442 0.308925 0.323713 0.328260 0.318759 0.300050 0.274849 0.247263 0.219730 0.194221 0.171033 0.150787 0.132982 0.117440 0.104233 0.092650 0.082453 0.073690 0.066012 0.059238 0.053239 0.047870 0.043041 0.038672 0.034676 0.031078 0.027665 0.024630 0.021727 0.018921 0.016674 0.013649 0.011838 0.008738 0.006103 0.005976 -0.016508 0.000910
0.022274 0.034174 0.061089 0.061757 0.086771 0.107446 0.130785 0.153131 0.176206 0.198907 0.221533 0.242545 0.262134 0.277387 0.288058 0.291284 0.285054 0.272214 0.253963 0.233469 0.211829 0.190847 0.171062 0.153014 0.136791 0.122278 0.109594 0.098400 0.088353 0.079502 0.071594 0.064539 0.058202 0.052491 0.047318 0.042635 0.038314 0.034444 0.030712 0.027475 0.024169 0.021265 0.018501 0.015522 0.012734 0.009925 0.006817 0.006755 -0.010746 0.010068
0.007157 0.006379 0.059321 0.059614 0.083974 0.103737 0.125467 0.146173 0.166799 0.186991 0.206433 0.224280 0.240174 0.252481 0.260594 0.263045 0.258957 0.249728 0.236206 0.220256 0.203022 0.185766 0.169013 0.153315 0.138768 0.125458 0.113442 0.102562 0.092740 0.083919 0.075970 0.068783 0.062280 0.056364 0.050952 0.046038 0.041437 0.037338 0.033297 0.029870 0.026281 0.023123 0.020195 0.016167 0.013527 0.010292 0.006664 0.006818 0.016803 0.001025
0.016627 0.004094 0.056768 0.056849 0.080196 0.099119 0.119382 0.138744 0.157402 0.175615 0.192583 0.207931 0.221215 0.231357 0.237972 0.240186 0.237568 0.230945 0.220820 0.208499 0.194725 0.180481 0.166261 0.152528 0.139499 0.127317 0.116093 0.105785 0.096323 0.087683 0.079790 0.072557 0.065942 0.059867 0.054262 0.049202 0.044382 0.040241 0.035828 0.032592 0.028132 0.025035 0.020559 0.015997 0.014251 0.010496 0.008692 0.008088 -0.015156 0.001250
0.028607 0.003478 0.055642 0.054014 0.078362 0.097258 0.115369 0.133691 0.149546 0.165900 0.180589 0.193984 0.205330 0.214049 0.219733 0.221911 0.220374 0.215584 0.207920 0.198216 0.187093 0.175259 0.163147 0.151164 0.139545 0.128442 0.117961 0.108140 0.098984 0.090507 0.082674 0.075413 0.068727 0.062526 0.056753 0.051538 0.046461 0.042023 0.037082 0.033658 0.028101 0.026248 0.019411 0.019659 0.013055 0.011795 0.007932 0.007172 0.003476 -0.015055
0.002591 0.000370 0.050799 0.049403 0.068569 0.090372 0.106385 0.125525 0.140813 0.156504 0.169942 0.182047 0.192047 0.199744 0.204828 0.207042 0.206268 0.202789 0.196874 0.189106 0.179972 0.170016 0.159619 0.149091 0.138699 0.128596 0.118901 0.109703 0.101013 0.092877 0.085288 0.078128 0.071457 0.065161 0.059261 0.054166 0.048949 0.044353 0.039694 0.035373 0.031261 0.027511 0.022835 0.021162 0.015610 0.010408 0.010334 0.009083 0.026091 0.002115
0.016823 -0.004222 0.053391 0.049522 0.070052 0.092750 0.106870 0.122698 0.135682 0.149366 0.161056 0.171888 0.180843 0.187883 0.192606 0.194909 0.194793 0.192444 0.188037 0.181927 0.174487 0.166133 0.157176 0.147844 0.138397 0.128964 0.119781 0.110940 0.102375 0.094275 0.086593 0.079221 0.072274 0.065692 0.059541 0.054122 0.047925 0.042791 0.037565 0.033275 0.029128 0.025539 0.021502 0.021080 0.013134 0.012150 0.007352 0.004305 0.020504 -0.003468
0.016986 -0.009556 0.049866 0.042574 0.057351 0.079282 0.096241 0.114152 0.128533 0.142457 0.153939 0.164081 0.172334 0.178790 0.183118 0.185333 0.185514 0.183745 0.180113 0.174883 0.168458 0.161156 0.153240 0.144823 0.136266 0.127683 0.119162 0.111011 0.103020 0.095460 0.088366 0.081196 0.074385 0.067653 0.061385 0.056195 0.050247 0.045100 0.040780 0.036239 0.032671 0.028856 0.024896 0.027173 0.018880 0.016749 0.013771 0.010696 0.034843 -0.007521
0.000601 0.003534 0.064487 0.057937 0.064551 0.083406 0.102245 0.112682 0.125257 0.137237 0.146842 0.156424 0.164289 0.170944 0.175502 0.178139 0.178975 0.178098 0.175525 0.171428 0.166173 0.159873 0.152798 0.145025 0.136969 0.128413 0.120017 0.111866 0.103211 0.095351 0.087414 0.079844 0.072401 0.064763 0.058147 0.053411 0.045903 0.042333 0.036381 0.033224 0.029421 0.026016 0.023876 0.021899 0.011958 0.010914 0.000936 -0.006389 0.010344 -0.002509
0.025555 -0.024296 0.057808 0.035758 0.050388 0.068940 0.090567 0.104726 0.118606 0.132444 0.143347 0.152448 0.159939 0.165808 0.169791 0.171991 0.172503 0.171745 0.169488 0.165647 0.160554 0.154351 0.147445 0.139951 0.132321 0.124788 0.116441 0.108862 0.101175 0.094047 0.087646 0.081304 0.072508 0.065238 0.058646 0.053277 0.046715 0.043246 0.037801 0.035120 0.030724 0.026514 0.023946 0.019880 0.019597 0.027513 0.019915 -0.010667 0.048523 0.004349
0.028632 0.003320 0.049389 0.054575 0.058669 0.073253 0.080740 0.102322 0.117325 0.131060 0.143207 0.151995 0.159821 0.165341 0.169482 0.171852 0.172508 0.171656 0.169442 0.165925 0.161212 0.155454 0.149521 0.143101 0.136540 0.130401 0.122967 0.116066 0.109325 0.102406 0.096265 0.088135 0.080292 0.072735 0.064654 0.057367 0.052752 0.049070 0.039494 0.038944 0.035467 0.032287 0.028863 0.022086 0.017628 0.021734 0.039634 0.010178 0.005428 -0.002807
-0.009554 0.003924 0.067669 0.074304 0.101769 0.114671 0.128264 0.144269 0.100117 0.128658 0.172313 0.134081 0.148238 0.171510 0.147408 0.150777 0.150250 0.149553 0.171836 0.168061 0.140709 0.131993 0.125503 0.134557 0.110900 0.120188 0.122819 0.116718 0.079586 0.104189 0.089361 0.072719 0.064950 0.050814 0.052754 0.050290 0.090968 0.023860 0.082342 0.004854 0.032038 0.017158 0.066418 -0.010388 0.016877 0.020706 0.021330 0.032788 0.038212 -0.079538
-0.069346 0.009632 -0.002819 0.015318 0.013645 0.006415 0.042772 0.044132 0.034326 0.002812 0.033790 0.046889 0.074534 0.070749 0.057170 0.076562 0.083084 0.050092 0.081369 0.085020 0.036082 0.052002 0.006359 0.055719 0.048216 0.049600 0.037476 0.015841 0.007272 0.039670 0.023506 0.050439 0.014509 -0.010516 0.060289 0.006038 0.015122 0.005239 -0.020766 0.013604 0.000933 0.000936 -0.032603 -0.003582 -0.035252 -0.008347 0.004593 0.056653 0.000796 0.000343
