0.000000 0.000000 0.000000 0.000000 0.000000 0.000000 0.000000 0.000000 0.000000 0.000000 0.000000 0.000000 0.000000 0.507926 0.524805 0.509439 0.507993 0.497639 0.505912 0.503663 0.498114 0.533817 0.451967 0.519088 0.499280 0.418969 0.517551 0.504295 0.514458 0.519308 0.477414 0.505922 0.515178 0.443789 0.443689 0.521393 0.505645 0.000000 0.000000 0.000000 0.000000 0.000000 0.000000 0.000000 0.000000 0.000000 0.000000 0.000000 0.000000 0.000000
0.000000 0.000000 0.000000 0.000000 0.000000 0.000000 0.000000 0.000000 0.000000 0.000000 0.000000 0.000000 0.000000 0.565147 0.528485 0.468647 0.518427 0.517373 0.551247 0.546985 0.547472 0.557141 0.566915 0.564822 0.566078 0.546115 0.548625 0.559124 0.552141 0.556958 0.529583 0.528185 0.499174 0.482977 0.467293 0.481320 0.506401 0.000000 0.000000 0.000000 0.000000 0.000000 0.000000 0.000000 0.000000 0.000000 0.000000 0.000000 0.000000 0.000000
0.000000 0.000000 0.000000 0.000000 0.000000 0.000000 0.000000 0.000000 0.000000 0.000000 0.000000 0.000000 0.000000 0.527176 0.511359 0.527244 0.530369 0.510744 0.500294 0.496945 0.490617 0.489783 0.481950 0.485373 0.486678 0.482766 0.484256 0.485647 0.483239 0.475022 0.473290 0.497720 0.489141 0.502589 0.492415 0.502170 0.528056 0.000000 0.000000 0.000000 0.000000 0.000000 0.000000 0.000000 0.000000 0.000000 0.000000 0.000000 0.000000 0.000000
0.000000 0.000000 0.000000 0.000000 0.000000 0.000000 0.000000 0.000000 0.000000 0.000000 0.000000 0.000000 0.000000 0.611361 0.528973 0.509205 0.485581 0.497466 0.484273 0.487224 0.479049 0.486367 0.483338 0.477374 0.486357 0.477094 0.483289 0.475833 0.473870 0.462711 0.455645 0.458625 0.462560 0.464209 0.469637 0.512747 0.542640 0.000000 0.000000 0.000000 0.000000 0.000000 0.000000 0.000000 0.000000 0.000000 0.000000 0.000000 0.000000 0.000000
0.000000 0.000000 0.000000 0.000000 0.000000 0.000000 0.000000 0.000000 0.000000 0.000000 0.000000 0.000000 0.000000 0.610980 0.529203 0.538266 0.529151 0.542506 0.525591 0.530383 0.520682 0.526816 0.519644 0.514456 0.511661 0.508479 0.508368 0.509087 0.503943 0.495937 0.489190 0.500880 0.492935 0.492509 0.482809 0.512917 0.549887 0.000000 0.000000 0.000000 0.000000 0.000000 0.000000 0.000000 0.000000 0.000000 0.000000 0.000000 0.000000 0.000000
0.000000 0.000000 0.000000 0.000000 0.000000 0.000000 0.000000 0.000000 0.000000 0.000000 0.000000 0.000000 0.000000 0.516252 0.605881 0.534519 0.518003 0.528498 0.503042 0.508989 0.490236 0.494739 0.491564 0.482396 0.483301 0.476757 0.479454 0.474716 0.470002 0.465256 0.463453 0.472992 0.463770 0.468163 0.469743 0.512962 0.535959 0.000000 0.000000 0.000000 0.000000 0.000000 0.000000 0.000000 0.000000 0.000000 0.000000 0.000000 0.000000 0.000000
0.000000 0.000000 0.000000 0.000000 0.000000 0.000000 0.000000 0.000000 0.000000 0.000000 0.000000 0.000000 0.000000 0.543603 0.604604 0.561020 0.545002 0.550888 0.528622 0.530531 0.515059 0.515424 0.506512 0.500860 0.495874 0.492190 0.489093 0.487823 0.482522 0.481703 0.476342 0.482595 0.472979 0.479399 0.475266 0.510649 0.481189 0.000000 0.000000 0.000000 0.000000 0.000000 0.000000 0.000000 0.000000 0.000000 0.000000 0.000000 0.000000 0.000000
0.000000 0.000000 0.000000 0.000000 0.000000 0.000000 0.000000 0.000000 0.000000 0.000000 0.000000 0.000000 0.000000 0.663458 0.643711 0.570398 0.552974 0.546643 0.524945 0.519123 0.501029 0.494481 0.488695 0.477598 0.476800 0.467060 0.468594 0.462041 0.464359 0.459696 0.461943 0.465490 0.463188 0.470530 0.468593 0.509115 0.540038 0.000000 0.000000 0.000000 0.000000 0.000000 0.000000 0.000000 0.000000 0.000000 0.000000 0.000000 0.000000 0.000000
0.000000 0.000000 0.000000 0.000000 0.000000 0.000000 0.000000 0.000000 0.000000 0.000000 0.000000 0.000000 0.000000 0.725562 0.645627 0.595181 0.572473 0.561326 0.537378 0.526310 0.509458 0.499240 0.489615 0.480410 0.474838 0.471199 0.465569 0.461298 0.460279 0.459332 0.459637 0.463182 0.464017 0.470439 0.469457 0.508742 0.515844 0.000000 0.000000 0.000000 0.000000 0.000000 0.000000 0.000000 0.000000 0.000000 0.000000 0.000000 0.000000 0.000000
0.000000 0.000000 0.000000 0.000000 0.000000 0.000000 0.000000 0.000000 0.000000 0.000000 0.000000 0.000000 0.000000 0.663909 0.634626 0.616340 0.585360 0.564371 0.536748 0.519244 0.500594 0.487656 0.476440 0.466501 0.460916 0.455004 0.450943 0.446520 0.446460 0.444302 0.447998 0.450493 0.455572 0.464176 0.468240 0.485669 0.491287 0.000000 0.000000 0.000000 0.000000 0.000000 0.000000 0.000000 0.000000 0.000000 0.000000 0.000000 0.000000 0.000000
0.000000 0.000000 0.000000 0.000000 0.000000 0.000000 0.000000 0.000000 0.000000 0.000000 0.000000 0.000000 0.000000 0.753517 0.703142 0.639325 0.604658 0.569119 0.540052 0.516966 0.497583 0.482424 0.469868 0.459498 0.452033 0.446513 0.441230 0.437771 0.436166 0.435792 0.437978 0.442350 0.449076 0.460431 0.469998 0.493498 0.506980 0.000000 0.000000 0.000000 0.000000 0.000000 0.000000 0.000000 0.000000 0.000000 0.000000 0.000000 0.000000 0.000000
0.000000 0.000000 0.000000 0.000000 0.000000 0.000000 0.000000 0.000000 0.000000 0.000000 0.000000 0.000000 0.000000 0.845045 0.753483 0.658173 0.619132 0.564368 0.534868 0.506423 0.486550 0.469715 0.456814 0.446068 0.438002 0.431298 0.426743 0.422931 0.422118 0.420911 0.423378 0.428179 0.436526 0.451588 0.466494 0.502844 0.585342 0.000000 0.000000 0.000000 0.000000 0.000000 0.000000 0.000000 0.000000 0.000000 0.000000 0.000000 0.000000 0.000000
0.001547 -0.000411 0.011967 -0.004987 0.001697 0.014572 0.004666 0.041431 0.017795 0.014150 0.019784 0.022233 -0.049335 0.651829 0.863554 0.678747 0.610681 0.556444 0.521070 0.492794 0.472638 0.456052 0.443267 0.432720 0.424475 0.418019 0.412711 0.408957 0.406840 0.406179 0.407638 0.412563 0.420794 0.434436 0.461013 0.459461 0.609497 -0.059830 0.008035 0.012415 0.010231 0.008581 0.005304 0.007493 0.007979 0.002865 0.001788 0.004456 0.002056 0.002318
-0.000654 0.043938 0.031361 -0.004715 0.001191 0.000351 0.015907 -0.000501 0.013715 0.024762 0.026193 0.095022 0.187145 0.771834 0.679289 0.626306 0.568963 0.525991 0.494599 0.470763 0.452673 0.437799 0.426026 0.416194 0.408255 0.402240 0.396475 0.392322 0.389642 0.387772 0.388070 0.389375 0.394664 0.402244 0.416605 0.377615 0.211177 0.177308 0.051746 0.058193 0.044542 0.036259 0.007547 0.025217 0.021823 0.004772 0.016142 0.012601 0.011789 0.015179
0.011092 0.017063 0.006354 0.016845 0.008813 0.022508 0.025217 0.034327 0.043906 0.060686 0.082539 0.117789 0.212283 0.416347 0.525654 0.524082 0.500495 0.478699 0.459522 0.442682 0.428968 0.416928 0.406938 0.398288 0.391002 0.385180 0.379461 0.374938 0.371330 0.368184 0.366032 0.363798 0.362715 0.361113 0.357139 0.338921 0.269107 0.147819 0.093866 0.065981 0.049117 0.038716 0.031706 0.026786 0.023716 0.020674 0.020074 0.017957 0.023491 0.016878
0.008634 0.025575 0.015411 0.018057 0.020717 0.030861 0.037150 0.048611 0.062366 0.082053 0.108715 0.154876 0.215429 0.340964 0.412489 0.439515 0.437701 0.433460 0.423026 0.412997 0.403216 0.394267 0.386207 0.378952 0.372491 0.366945 0.361463 0.356632 0.352336 0.347909 0.343993 0.338453 0.333686 0.325021 0.311235 0.285165 0.234186 0.162718 0.119064 0.089064 0.070905 0.057691 0.048358 0.041565 0.036545 0.033052 0.030336 0.030222 0.031625 0.025141
0.004193 0.028345 0.019417 0.021083 0.030361 0.037723 0.047887 0.062425 0.079458 0.101973 0.131447 0.171309 0.226234 0.300919 0.353751 0.379078 0.388210 0.390351 0.387440 0.382605 0.376804 0.370717 0.364708 0.358900 0.353382 0.348355 0.343078 0.338094 0.333236 0.327974 0.322536 0.315538 0.307642 0.296424 0.280184 0.255244 0.217677 0.170470 0.135560 0.108782 0.088926 0.074290 0.063392 0.055386 0.049149 0.044684 0.041375 0.041031 0.040705 0.037134
-0.010141 0.031043 0.023995 0.026215 0.033893 0.045554 0.056750 0.071803 0.089755 0.112441 0.139565 0.175585 0.214861 0.267494 0.305174 0.333102 0.345649 0.353020 0.354459 0.353666 0.350872 0.347252 0.343050 0.338603 0.334017 0.329332 0.324571 0.319574 0.314367 0.308510 0.302151 0.294010 0.284732 0.271925 0.255615 0.233091 0.204699 0.170252 0.142763 0.118914 0.100924 0.086349 0.075151 0.066573 0.059818 0.054779 0.051024 0.050857 0.049540 0.070850
0.006352 0.031258 0.027264 0.027348 0.039154 0.049230 0.062253 0.078212 0.096428 0.118082 0.143628 0.173793 0.207306 0.244627 0.274801 0.297343 0.311446 0.320458 0.324795 0.326508 0.326061 0.324363 0.321719 0.318477 0.314776 0.310698 0.306282 0.301418 0.296103 0.289995 0.283178 0.274747 0.264872 0.252483 0.236948 0.217805 0.194622 0.169016 0.146187 0.126027 0.109368 0.095638 0.084573 0.075822 0.068884 0.063827 0.059691 0.059411 0.057556 0.081650
0.005044 0.033230 0.029103 0.031841 0.041690 0.053181 0.066682 0.081980 0.099474 0.119645 0.142117 0.168094 0.194577 0.223869 0.247786 0.268233 0.281994 0.292088 0.297996 0.301450 0.302664 0.302449 0.301061 0.298841 0.295934 0.292443 0.288417 0.283783 0.278545 0.272403 0.265457 0.257047 0.247274 0.235252 0.221312 0.204500 0.185883 0.165271 0.146659 0.129274 0.114643 0.102019 0.091597 0.083170 0.076276 0.071070 0.066946 0.066771 0.071308 0.055972
0.000149 -0.006054 0.031155 0.031789 0.042942 0.055174 0.068681 0.083556 0.100250 0.118759 0.139052 0.161209 0.183880 0.207132 0.227324 0.244598 0.257601 0.267520 0.274176 0.278562 0.280886 0.281724 0.281307 0.279922 0.277707 0.274769 0.271162 0.266846 0.261830 0.255898 0.249084 0.241142 0.231840 0.220866 0.208308 0.193891 0.178268 0.161531 0.145585 0.130497 0.117327 0.105823 0.096240 0.088428 0.082089 0.077230 0.073083 0.072887 0.072594 0.071029
0.002755 0.035226 0.031444 0.033389 0.044328 0.056039 0.069312 0.083482 0.099095 0.115993 0.133981 0.153207 0.172331 0.191727 0.208843 0.224089 0.236115 0.245739 0.252682 0.257610 0.260657 0.262246 0.262566 0.261850 0.260226 0.257793 0.254607 0.250657 0.245949 0.240357 0.233873 0.226280 0.217668 0.207636 0.196423 0.183867 0.170616 0.156676 0.143417 0.130674 0.119257 0.109072 0.100279 0.092814 0.086709 0.081971 0.078007 0.077825 0.075415 0.073972
0.007492 -0.004375 0.031836 0.034041 0.044582 0.056122 0.068883 0.082274 0.096835 0.112224 0.128384 0.145177 0.161846 0.178283 0.193167 0.206485 0.217488 0.226515 0.233398 0.238517 0.241973 0.244051 0.244902 0.244707 0.243576 0.241598 0.238826 0.235269 0.230939 0.225763 0.219751 0.212745 0.204842 0.195873 0.185968 0.175086 0.163661 0.151884 0.140458 0.129508 0.119474 0.110428 0.102479 0.095740 0.090017 0.085556 0.081844 0.081663 0.085882 0.072066
0.011091 0.033153 0.031533 0.033069 0.043895 0.055144 0.067404 0.080048 0.093604 0.107641 0.122152 0.136984 0.151571 0.165827 0.178889 0.190720 0.200769 0.209201 0.215876 0.221014 0.224682 0.227073 0.228304 0.228511 0.227789 0.226212 0.223834 0.220672 0.216747 0.212025 0.206521 0.200152 0.192980 0.184945 0.176220 0.166758 0.156914 0.146792 0.136951 0.127453 0.118670 0.110661 0.103552 0.097428 0.092199 0.088100 0.084648 0.084489 0.082186 0.081644
-0.008435 0.032590 0.030985 0.033024 0.043264 0.053913 0.065662 0.077356 0.089911 0.102711 0.115824 0.129027 0.141973 0.154493 0.166086 0.176633 0.185787 0.193592 0.199946 0.204966 0.208696 0.211260 0.212747 0.213257 0.212868 0.211643 0.209632 0.206859 0.203349 0.199096 0.194122 0.188397 0.181973 0.174828 0.167114 0.158876 0.150345 0.141632 0.133074 0.124815 0.117096 0.110020 0.103676 0.098179 0.093425 0.089678 0.086503 0.086369 0.090446 0.065429
0.012760 0.031787 0.030108 0.031329 0.041588 0.052082 0.063036 0.074065 0.085761 0.097480 0.109380 0.121227 0.132793 0.143925 0.154292 0.163772 0.172126 0.179340 0.185338 0.190174 0.193874 0.196519 0.198172 0.198908 0.198790 0.197870 0.196193 0.193789 0.190686 0.186894 0.182440 0.177327 0.171607 0.165296 0.158495 0.151280 0.143847 0.136297 0.128874 0.121671 0.114895 0.108645 0.103001 0.098081 0.093794 0.090420 0.087509 0.087427 0.085284 0.086020
-0.006223 0.030974 0.028837 0.030675 0.040449 0.049769 0.060505 0.070588 0.081427 0.092173 0.103014 0.113709 0.124121 0.134101 0.143432 0.151994 0.159622 0.166277 0.171898 0.176506 0.180112 0.182768 0.184518 0.185418 0.185517 0.184860 0.183485 0.181425 0.178710 0.175359 0.171406 0.166870 0.161802 0.156238 0.150272 0.143965 0.137461 0.130883 0.124402 0.118120 0.112177 0.106667 0.101656 0.097273 0.093421 0.090403 0.087728 0.087655 0.091118 0.084869
0.002478 0.030631 0.027798 0.029157 0.038560 0.047649 0.057474 0.066992 0.077002 0.086863 0.096759 0.106460 0.115879 0.124886 0.133327 0.141096 0.148073 0.154212 0.159461 0.163821 0.167297 0.169917 0.171716 0.172731 0.173003 0.172569 0.171463 0.169718 0.167364 0.164428 0.160943 0.156941 0.152470 0.147576 0.142337 0.136824 0.131156 0.125411 0.119734 0.114236 0.109015 0.104164 0.099732 0.095839 0.092397 0.089693 0.087273 0.087210 0.091035 0.085431
0.008588 0.028975 0.026422 0.027919 0.036828 0.045116 0.054391 0.063122 0.072507 0.081581 0.090663 0.099501 0.108061 0.116231 0.123898 0.130970 0.137360 0.143020 0.147908 0.152012 0.155333 0.157887 0.159695 0.160788 0.161196 0.160950 0.160082 0.158621 0.156599 0.154044 0.150993 0.147479 0.143550 0.139256 0.134665 0.129843 0.124886 0.119878 0.114920 0.110096 0.105504 0.101231 0.097315 0.093863 0.090807 0.088388 0.086266 0.086182 0.084123 0.072900
0.013221 0.028387 0.025216 0.026133 0.034833 0.042898 0.051541 0.059572 0.068130 0.076464 0.084775 0.092839 0.100637 0.108072 0.115055 0.121510 0.127370 0.132588 0.137129 0.140979 0.144133 0.146598 0.148390 0.149530 0.150042 0.149954 0.149292 0.148086 0.146364 0.144157 0.141499 0.138428 0.134989 0.131229 0.127211 0.122996 0.118663 0.114285 0.109949 0.105730 0.101702 0.097939 0.094479 0.091422 0.088714 0.086551 0.084683 0.084602 0.082552 0.106951
0.001374 0.027181 0.023720 0.024553 0.032626 0.040177 0.048049 0.055691 0.063734 0.071408 0.079072 0.086451 0.093579 0.100361 0.106735 0.112638 0.118014 0.122824 0.127037 0.130637 0.133617 0.135979 0.137734 0.138897 0.139489 0.139531 0.139047 0.138065 0.136612 0.134718 0.132417 0.129744 0.126743 0.123460 0.119949 0.116267 0.112480 0.108655 0.104861 0.101166 0.097633 0.094326 0.091281 0.088580 0.086187 0.084263 0.082600 0.082539 0.080611 0.081317
0.008790 0.026241 0.023137 0.030045 0.030772 0.037704 0.045450 0.052143 0.059576 0.066568 0.073593 0.080346 0.086863 0.093058 0.098883 0.104285 0.109219 0.113651 0.117554 0.120911 0.123715 0.125965 0.127668 0.128836 0.129484 0.129632 0.129301 0.128514 0.127300 0.125685 0.123702 0.121386 0.118777 0.115916 0.112853 0.109641 0.106335 0.102993 0.099676 0.096442 0.093345 0.090441 0.087763 0.085380 0.083272 0.081562 0.080089 0.080047 0.078038 0.073093
0.001413 0.024056 0.020840 0.021511 0.028681 0.035280 0.042117 0.048622 0.055411 0.061872 0.068317 0.074501 0.080463 0.086124 0.091450 0.096394 0.100922 0.105002 0.108611 0.111735 0.114363 0.116496 0.118136 0.119293 0.119979 0.120211 0.120008 0.119391 0.118386 0.117019 0.115319 0.113320 0.111058 0.108572 0.105907 0.103107 0.100224 0.097308 0.094410 0.091581 0.088868 0.086322 0.083970 0.081871 0.080016 0.078498 0.077191 0.077171 0.075179 0.099720
0.001597 0.024333 0.019364 0.020035 0.026709 0.032944 0.039357 0.045070 0.051481 0.057332 0.063240 0.068903 0.074353 0.079526 0.084394 0.088918 0.093069 0.096820 0.100152 0.103050 0.105506 0.107517 0.109085 0.110218 0.110926 0.111223 0.111127 0.110656 0.109833 0.108684 0.107235 0.105516 0.103562 0.101407 0.099092 0.096657 0.094146 0.091604 0.089075 0.086604 0.084231 0.082001 0.079941 0.078097 0.076461 0.075129 0.073970 0.073957 0.076761 0.062045
0.001336 0.003499 0.017920 0.018658 0.024850 0.030512 0.036396 0.041838 0.047589 0.052999 0.058367 0.063542 0.068513 0.073234 0.077678 0.081813 0.085613 0.089055 0.092124 0.094804 0.097090 0.098978 0.100468 0.101567 0.102283 0.102628 0.102619 0.102271 0.101606 0.100647 0.099418 0.097946 0.096264 0.094401 0.092395 0.090282 0.088099 0.085886 0.083683 0.081527 0.079456 0.077507 0.075702 0.074078 0.072657 0.071486 0.070470 0.070475 0.073108 0.065578
-0.005202 0.002946 0.016478 0.017509 0.022893 0.028075 0.033548 0.038432 0.043801 0.048754 0.053660 0.058386 0.062917 0.067220 0.071269 0.075040 0.078512 0.081664 0.084481 0.086953 0.089071 0.090834 0.092241 0.093297 0.094009 0.094388 0.094448 0.094203 0.093674 0.092879 0.091842 0.090588 0.089144 0.087540 0.085806 0.083976 0.082082 0.080160 0.078244 0.076368 0.074562 0.072862 0.071286 0.069874 0.068621 0.067590 0.066687 0.066720 0.064745 0.049034
0.007857 0.010741 0.015120 0.016042 0.021005 0.025622 0.030473 0.035030 0.039731 0.044348 0.048865 0.053228 0.057417 0.061384 0.065113 0.068580 0.071768 0.074665 0.077181 0.079450 0.081405 0.083042 0.084362 0.085368 0.086065 0.086464 0.086577 0.086418 0.086003 0.085350 0.084481 0.083417 0.082183 0.080805 0.079312 0.077731 0.076093 0.074427 0.072765 0.071136 0.069565 0.068089 0.066713 0.065463 0.064386 0.063478 0.062680 0.062728 0.063084 0.054871
0.000764 0.002390 0.012752 0.017609 0.022231 0.026904 0.031512 0.031985 0.036051 0.040422 0.044612 0.048601 0.052391 0.055963 0.059253 0.062361 0.065229 0.067842 0.070191 0.072265 0.074059 0.075571 0.076800 0.077748 0.078422 0.078830 0.078983 0.078892 0.078573 0.078041 0.077317 0.076418 0.075368 0.074189 0.072907 0.071546 0.070134 0.068695 0.067257 0.065847 0.064486 0.063203 0.062004 0.060940 0.059987 0.059189 0.058486 0.058534 0.060786 0.061764
0.001884 0.020838 0.012882 0.013059 0.017388 0.021565 0.025503 0.029472 0.033213 0.036931 0.040555 0.044056 0.047405 0.050589 0.053588 0.056388 0.058976 0.061338 0.063464 0.065348 0.066985 0.068370 0.069505 0.070392 0.071034 0.071440 0.071620 0.071583 0.071344 0.070916 0.070315 0.069561 0.068672 0.067668 0.066572 0.065405 0.064191 0.062954 0.061714 0.060499 0.059322 0.058221 0.057177 0.056230 0.055428 0.054733 0.054157 0.054189 0.056540 0.067340
0.001742 0.008789 0.011499 0.011762 0.015654 0.019335 0.022954 0.026467 0.029900 0.033231 0.036475 0.039609 0.042604 0.045453 0.048138 0.050646 0.052965 0.055086 0.056999 0.058698 0.060179 0.061439 0.062478 0.063297 0.063901 0.064297 0.064492 0.064497 0.064322 0.063980 0.063487 0.062856 0.062107 0.061256 0.060324 0.059328 0.058290 0.057229 0.056166 0.055122 0.054111 0.053157 0.052246 0.051471 0.050759 0.050158 0.049669 0.049704 0.055332 0.050763
0.003807 0.007046 0.010426 0.010553 0.014055 0.017319 0.020581 0.024125 0.026697 0.029652 0.032510 0.035282 0.037929 0.040451 0.042828 0.045054 0.047113 0.049000 0.050705 0.052222 0.053550 0.054683 0.055624 0.056372 0.056933 0.057310 0.057512 0.057546 0.057423 0.057154 0.056752 0.056229 0.055603 0.054886 0.054099 0.053254 0.052373 0.051470 0.050564 0.049675 0.048808 0.048004 0.047217 0.046533 0.045914 0.045432 0.045048 0.045052 0.044361 0.041344
0.001812 0.007706 0.009088 0.009233 0.012344 0.015348 0.018026 0.020944 0.023547 0.026131 0.028657 0.031101 0.033431 0.035651 0.037741 0.039701 0.041512 0.043175 0.044679 0.046019 0.047196 0.048203 0.049045 0.049718 0.050229 0.050580 0.050780 0.050833 0.050750 0.050540 0.050215 0.049784 0.049265 0.048664 0.048004 0.047291 0.046548 0.045783 0.045016 0.044260 0.043524 0.042832 0.042147 0.041613 0.041046 0.040671 0.040314 0.040292 0.041030 0.039274
0.007851 0.007218 0.008107 0.008460 0.011007 0.013690 0.015868 0.018626 0.020434 0.022685 0.024840 0.026941 0.028934 0.030847 0.032644 0.034338 0.035902 0.037345 0.038650 0.039815 0.040844 0.041722 0.042465 0.043060 0.043521 0.043840 0.044032 0.044096 0.044046 0.043884 0.043628 0.043275 0.042854 0.042356 0.041815 0.041220 0.040606 0.039968 0.039330 0.038703 0.038081 0.037514 0.036954 0.036492 0.036024 0.035716 0.035378 0.035338 0.038364 0.034103
0.003632 0.006668 0.006659 0.006437 0.009328 0.011423 0.013430 0.015532 0.017452 0.019347 0.021223 0.023030 0.024746 0.026383 0.027926 0.029381 0.030712 0.031947 0.033062 0.034053 0.034937 0.035685 0.036324 0.036836 0.037238 0.037517 0.037692 0.037758 0.037730 0.037606 0.037407 0.037120 0.036779 0.036369 0.035926 0.035429 0.034924 0.034390 0.033862 0.033337 0.032821 0.032349 0.031837 0.031507 0.031077 0.030874 0.030595 0.030508 0.031458 0.032366
0.003549 0.006261 0.006391 0.006741 0.007967 0.009637 0.011296 0.012961 0.014441 0.015958 0.017415 0.018868 0.020220 0.021568 0.022807 0.023998 0.025085 0.026120 0.027035 0.027857 0.028602 0.029213 0.029762 0.030193 0.030550 0.030786 0.030949 0.031014 0.031006 0.030914 0.030768 0.030530 0.030283 0.029946 0.029618 0.029219 0.028834 0.028407 0.027998 0.027588 0.027182 0.026805 0.026432 0.026175 0.025813 0.025658 0.025384 0.025313 0.028718 0.027525
-0.000860 -0.009199 0.003099 0.003310 0.006739 0.007438 0.009108 0.010226 0.011635 0.012924 0.014167 0.015377 0.016501 0.017561 0.018615 0.019648 0.020489 0.021327 0.022071 0.022697 0.023313 0.023780 0.024201 0.024544 0.024810 0.024988 0.025117 0.025173 0.025173 0.025111 0.025023 0.024848 0.024646 0.024384 0.024120 0.023770 0.023469 0.023104 0.022776 0.022432 0.022112 0.021810 0.021470 0.021273 0.020960 0.020888 0.020704 0.020430 0.021735 0.022816
0.002620 0.014258 0.004581 0.001947 0.004987 0.004779 0.006738 0.006951 0.008591 0.009342 0.010098 0.010919 0.011554 0.012451 0.018403 0.019345 0.014340 0.015074 0.015578 0.016067 0.016567 0.016856 0.017278 0.017517 0.017820 0.017939 0.018079 0.018130 0.018151 0.018107 0.018042 0.017813 0.017788 0.017530 0.017432 0.017194 0.017027 0.016769 0.016577 0.016373 0.016173 0.015946 0.015768 0.015615 0.015424 0.015314 0.015196 0.020161 0.017080 0.018608
-0.005831 0.002954 0.005529 0.006354 0.006608 0.005648 0.006527 0.006975 0.008223 0.008954 0.009798 0.010635 0.011361 0.012089 0.013088 0.013709 0.014121 0.014766 0.015276 0.015731 0.016237 0.016522 0.016830 0.017084 0.017367 0.017471 0.017576 0.017610 0.017610 0.017558 0.017504 0.017363 0.017257 0.017039 0.016933 0.016652 0.016500 0.016224 0.016024 0.015795 0.015591 0.015404 0.015213 0.015210 0.014935 0.015013 0.014538 0.014828 0.013345 0.010405
0.005159 0.017093 -0.016590 0.013313 0.012453 0.014952 0.015344 0.015169 0.016140 -0.008091 0.017708 -0.006384 0.015216 -0.008052 -0.006965 -0.003839 -0.003270 -0.005318 -0.005144 -0.004529 -0.004137 -0.003416 -0.002810 -0.002956 0.016734 0.018091 0.001052 0.001412 0.001653 0.001954 -0.000483 -0.000100 0.000273 0.000557 0.001284 0.003229 0.012608 0.012154 0.012561 0.012071 0.004197 0.011168 0.004560 0.004423 0.009715 0.009067 0.008849 0.006978 0.009938 0.005965
-0.000908 -0.005754 -0.015858 -0.004867 -0.011161 -0.012697 -0.010672 -0.010942 -0.018089 -0.012834 0.000201 -0.011004 -0.001938 -0.009642 0.001635 -0.010437 -0.008265 0.002502 -0.013273 0.033889 0.014122 -0.004779 -0.006285 0.001479 -0.002419 -0.002813 -0.006431 0.004377 0.004219 0.003300 -0.000559 0.000257 -0.004779 -0.001637 0.005196 -0.007069 0.002007 -0.005211 0.000933 0.007167 0.001115 0.001311 0.002064 0.001496 -0.000718 -0.000596 0.001014 0.000854 0.000657 0.004054
