0.007287 -0.023320 -0.012954 0.005662 0.001519 -0.002975 -0.012971 -0.023294 0.003239 0.001876 0.000258 0.002722 0.007551 -0.000571 -0.000721 -0.003429 -0.000083 -0.001462 -0.010778 -0.009666 -0.000460 -0.001448 -0.001785 -0.000589 -0.001164 0.001916 -0.002020 -0.000188 -0.002164 0.001311 -0.001661 -0.000245 -0.000093 0.000719 -0.000071 0.000223 -0.000128 0.000804 -0.000240 -0.000444 -0.000208 -0.000318 -0.000154 -0.000060 0.000033 0.000033 -0.000010 -0.000038 0.000041 -0.000018
0.002874 -0.007655 0.007274 -0.012388 -0.012776 -0.014706 -0.015484 0.000478 -0.016509 -0.016665 -0.016635 -0.016364 -0.003468 -0.003735 -0.003965 -0.004107 -0.004111 -0.003477 -0.003984 -0.003842 -0.003619 -0.003474 -0.003228 -0.002974 -0.007125 -0.002425 -0.002187 -0.001950 -0.001702 -0.001581 -0.001255 -0.001073 -0.000917 -0.000791 -0.000684 -0.000752 -0.001292 -0.001121 -0.000451 -0.000971 -0.000844 -0.000413 -0.000560 -0.000490 -0.000439 -0.000241 -0.000239 -0.000293 -0.000410 -0.000212
-0.002085 0.001968 -0.008417 -0.009212 -0.010282 -0.011011 -0.012892 -0.014252 -0.015756 -0.016883 -0.017834 -0.018461 -0.018825 -0.018885 -0.018680 -0.018221 -0.017553 -0.016708 -0.015734 -0.014667 -0.013549 -0.012413 -0.011291 -0.010205 -0.009170 -0.008195 -0.007286 -0.006449 -0.005686 -0.004999 -0.004383 -0.003836 -0.003351 -0.002924 -0.002549 -0.002220 -0.001934 -0.001686 -0.001472 -0.001288 -0.001131 -0.000997 -0.000885 -0.000791 -0.000716 -0.000671 -0.000643 -0.000612 -0.000513 -0.000430
-0.004136 -0.013157 -0.009314 -0.004921 -0.009208 -0.010710 -0.012620 -0.014509 -0.016152 -0.017423 -0.018426 -0.019095 -0.019485 -0.019555 -0.019354 -0.018889 -0.018212 -0.017357 -0.016369 -0.015273 -0.014113 -0.012931 -0.011762 -0.010628 -0.009546 -0.008529 -0.007583 -0.006713 -0.005919 -0.005202 -0.004559 -0.003988 -0.003481 -0.003036 -0.002645 -0.002303 -0.002006 -0.001748 -0.001526 -0.001334 -0.001171 -0.001032 -0.000916 -0.000818 -0.000740 -0.000690 -0.000627 -0.000806 -0.000748 -0.000733
0.002412 -0.013503 -0.008692 -0.009549 -0.013879 -0.015064 -0.017977 -0.020482 -0.022781 -0.024499 -0.025890 -0.026800 -0.027301 -0.027355 -0.027015 -0.026294 -0.025270 -0.023984 -0.022519 -0.020928 -0.019276 -0.017609 -0.015971 -0.014391 -0.012892 -0.011491 -0.010195 -0.009010 -0.007936 -0.006969 -0.006105 -0.005337 -0.004658 -0.004060 -0.003536 -0.003078 -0.002680 -0.002334 -0.002036 -0.001780 -0.001561 -0.001375 -0.001219 -0.001091 -0.000981 -0.000904 -0.000849 -0.000843 -0.000898 -0.000748
0.000413 -0.016869 -0.012586 -0.012318 -0.016855 -0.020073 -0.023190 -0.026101 -0.028761 -0.030904 -0.032583 -0.033703 -0.034294 -0.034314 -0.033834 -0.032862 -0.031511 -0.029828 -0.027930 -0.025877 -0.023760 -0.021634 -0.019559 -0.017569 -0.015693 -0.013948 -0.012343 -0.010882 -0.009562 -0.008379 -0.007325 -0.006392 -0.005570 -0.004847 -0.004216 -0.003666 -0.003188 -0.002775 -0.002418 -0.002113 -0.001852 -0.001632 -0.001445 -0.001293 -0.001165 -0.001069 -0.000989 -0.000983 -0.001075 -0.000900
-0.000716 -0.004679 -0.015520 -0.019825 -0.020090 -0.024396 -0.028470 -0.032408 -0.035696 -0.038430 -0.040531 -0.041923 -0.042629 -0.042588 -0.041908 -0.040579 -0.038782 -0.036561 -0.034093 -0.031448 -0.028752 -0.026070 -0.023474 -0.021005 -0.018694 -0.016560 -0.014610 -0.012845 -0.011260 -0.009846 -0.008591 -0.007484 -0.006511 -0.005659 -0.004916 -0.004269 -0.003709 -0.003225 -0.002809 -0.002453 -0.002148 -0.001892 -0.001675 -0.001498 -0.001350 -0.001239 -0.001148 -0.001144 -0.001276 -0.001039
-0.001118 -0.011417 -0.018470 -0.024117 -0.024567 -0.029672 -0.034476 -0.038966 -0.042966 -0.046216 -0.048750 -0.050395 -0.051205 -0.051054 -0.050123 -0.048351 -0.046029 -0.043178 -0.040065 -0.036759 -0.033433 -0.030157 -0.027019 -0.024063 -0.021322 -0.018811 -0.016534 -0.014487 -0.012660 -0.011039 -0.009608 -0.008351 -0.007251 -0.006291 -0.005456 -0.004732 -0.004107 -0.003567 -0.003104 -0.002708 -0.002370 -0.002085 -0.001846 -0.001649 -0.001486 -0.001362 -0.001260 -0.001254 -0.001328 -0.001124
-0.006090 -0.021051 -0.021631 -0.028011 -0.027846 -0.034938 -0.040797 -0.046191 -0.050985 -0.054929 -0.058004 -0.059970 -0.060912 -0.060604 -0.059344 -0.056977 -0.053982 -0.050326 -0.046417 -0.042310 -0.038243 -0.034283 -0.030538 -0.027047 -0.023844 -0.020920 -0.018327 -0.015998 -0.013933 -0.012113 -0.010515 -0.009117 -0.007899 -0.006840 -0.005923 -0.005129 -0.004445 -0.003857 -0.003353 -0.002922 -0.002556 -0.002248 -0.001988 -0.001776 -0.001600 -0.001466 -0.001356 -0.001350 -0.001405 -0.001194
0.001550 -0.023958 -0.024894 -0.032814 -0.033339 -0.040530 -0.047536 -0.053960 -0.059736 -0.064453 -0.068170 -0.070493 -0.071592 -0.071052 -0.069370 -0.066211 -0.062365 -0.057693 -0.052825 -0.047764 -0.042846 -0.038121 -0.033723 -0.029676 -0.026009 -0.022693 -0.019787 -0.017196 -0.014919 -0.012924 -0.011185 -0.009672 -0.008359 -0.007224 -0.006243 -0.005398 -0.004671 -0.004048 -0.003515 -0.003061 -0.002675 -0.002350 -0.002078 -0.001855 -0.001670 -0.001530 -0.001413 -0.001407 -0.001484 -0.001250
-0.007105 -0.025278 -0.028674 -0.037518 -0.037604 -0.046866 -0.055107 -0.062596 -0.069462 -0.075122 -0.079647 -0.082431 -0.083749 -0.082887 -0.080652 -0.076392 -0.071446 -0.065449 -0.059393 -0.053178 -0.047287 -0.041711 -0.036607 -0.031979 -0.027840 -0.024164 -0.020939 -0.018110 -0.015644 -0.013502 -0.011646 -0.010041 -0.008656 -0.007464 -0.006438 -0.005557 -0.004802 -0.004156 -0.003604 -0.003135 -0.002738 -0.002404 -0.002124 -0.001895 -0.001705 -0.001562 -0.001441 -0.001435 -0.001490 -0.001326
-0.000324 -0.022589 -0.032533 -0.042926 -0.043544 -0.053319 -0.063107 -0.071970 -0.080194 -0.087019 -0.092586 -0.095971 -0.097625 -0.096344 -0.093402 -0.087640 -0.081230 -0.073531 -0.066010 -0.058413 -0.051396 -0.044871 -0.039019 -0.033793 -0.029195 -0.025166 -0.021677 -0.018649 -0.016035 -0.013783 -0.011846 -0.010182 -0.008754 -0.007530 -0.006482 -0.005585 -0.004818 -0.004164 -0.003607 -0.003135 -0.002735 -0.002400 -0.002118 -0.001889 -0.001699 -0.001555 -0.001435 -0.001429 -0.001473 -0.001322
-0.002969 -0.030020 -0.032863 -0.045300 -0.057560 -0.069478 -0.080669 -0.081308 -0.091076 -0.099862 -0.107106 -0.111605 -0.113851 -0.112146 -0.108145 -0.099917 -0.092026 -0.081723 -0.072621 -0.063257 -0.055042 -0.047471 -0.040867 -0.035042 -0.030021 -0.025641 -0.021976 -0.018791 -0.016081 -0.013747 -0.011771 -0.010085 -0.008646 -0.007419 -0.006373 -0.005481 -0.004722 -0.004075 -0.003526 -0.003061 -0.002668 -0.002339 -0.002064 -0.001839 -0.001653 -0.001513 -0.001396 -0.001390 -0.001379 -0.001618
-0.001279 -0.006060 -0.040849 -0.054330 -0.055335 -0.067831 -0.081200 -0.093456 -0.105334 -0.115530 -0.124372 -0.129863 -0.132926 -0.130492 -0.125340 -0.114250 -0.103201 -0.090270 -0.078628 -0.067438 -0.057726 -0.049114 -0.041751 -0.035436 -0.030076 -0.025486 -0.021691 -0.018444 -0.015698 -0.013375 -0.011408 -0.009741 -0.008328 -0.007129 -0.006111 -0.005246 -0.004512 -0.003889 -0.003361 -0.002915 -0.002539 -0.002224 -0.001961 -0.001746 -0.001569 -0.001435 -0.001324 -0.001318 -0.001347 -0.001212
-0.005158 -0.007099 -0.045133 -0.060365 -0.061900 -0.075652 -0.091193 -0.105621 -0.120030 -0.132759 -0.144266 -0.151799 -0.156354 -0.153331 -0.146441 -0.129990 -0.115215 -0.098099 -0.083731 -0.070354 -0.059197 -0.049584 -0.041590 -0.034889 -0.029317 -0.024624 -0.020810 -0.017584 -0.014887 -0.012626 -0.010728 -0.009131 -0.007785 -0.006648 -0.005687 -0.004874 -0.004185 -0.003603 -0.003110 -0.002695 -0.002345 -0.002053 -0.001809 -0.001610 -0.001446 -0.001322 -0.001219 -0.001215 -0.001220 -0.001029
-0.005503 -0.026177 -0.049723 -0.066252 -0.067604 -0.083328 -0.101267 -0.118367 -0.135626 -0.151527 -0.166621 -0.177105 -0.184238 -0.181022 -0.171628 -0.148060 -0.127411 -0.105598 -0.087607 -0.071881 -0.059184 -0.048676 -0.040192 -0.033278 -0.027660 -0.023030 -0.019311 -0.016215 -0.013656 -0.011531 -0.009761 -0.008282 -0.007042 -0.006000 -0.005123 -0.004383 -0.003759 -0.003232 -0.002787 -0.002412 -0.002098 -0.001835 -0.001616 -0.001437 -0.001290 -0.001179 -0.001088 -0.001083 -0.001051 -0.000942
-0.006627 -0.008812 -0.053332 -0.071942 -0.073771 -0.091064 -0.112048 -0.131689 -0.152813 -0.173128 -0.193467 -0.209395 -0.221349 -0.219476 -0.206071 -0.167320 -0.138951 -0.109836 -0.088176 -0.070238 -0.056462 -0.045536 -0.037002 -0.030237 -0.024861 -0.020551 -0.017074 -0.014248 -0.011937 -0.010037 -0.008466 -0.007162 -0.006075 -0.005165 -0.004402 -0.003761 -0.003221 -0.002767 -0.002384 -0.002062 -0.001792 -0.001566 -0.001378 -0.001226 -0.001100 -0.001006 -0.000926 -0.000924 -0.000864 -0.000821
-0.004405 -0.009676 -0.057697 -0.076870 -0.078769 -0.098166 -0.120992 -0.144245 -0.169374 -0.194710 -0.221690 -0.244436 -0.265453 -0.266903 -0.247436 -0.189737 -0.147202 -0.111947 -0.085297 -0.065594 -0.051134 -0.040326 -0.032161 -0.025917 -0.021072 -0.017063 -0.014253 -0.011830 -0.009868 -0.008267 -0.006953 -0.005867 -0.004966 -0.004215 -0.003587 -0.003061 -0.002619 -0.002247 -0.001934 -0.001672 -0.001452 -0.001268 -0.001115 -0.000991 -0.000890 -0.000811 -0.000749 -0.000743 -0.000673 -0.000704
-0.011674 -0.030932 -0.059619 -0.080873 -0.082721 -0.103738 -0.130269 -0.156394 -0.186400 -0.219166 -0.255612 -0.292535 -0.330335 -0.349099 -0.317642 -0.207339 -0.146670 -0.101461 -0.073016 -0.054324 -0.041112 -0.031836 -0.024964 -0.019866 -0.015987 -0.012751 -0.010646 -0.008787 -0.007296 -0.006090 -0.005107 -0.004300 -0.003632 -0.003078 -0.002616 -0.002230 -0.001906 -0.001635 -0.001407 -0.001216 -0.001056 -0.000923 -0.000813 -0.000722 -0.000648 -0.000592 -0.000547 -0.000546 -0.000471 -0.000557
-0.004845 -0.032046 -0.062441 -0.083748 -0.085654 -0.108469 -0.135176 -0.164605 -0.198770 -0.237854 -0.284869 -0.336605 -0.404837 -0.447592 -0.406272 -0.229494 -0.131201 -0.084900 -0.056370 -0.039905 -0.028711 -0.021671 -0.016641 -0.013115 -0.010484 -0.007599 -0.006966 -0.005746 -0.004770 -0.003979 -0.003335 -0.002806 -0.002370 -0.002008 -0.001706 -0.001454 -0.001242 -0.001064 -0.000915 -0.000789 -0.000684 -0.000594 -0.000524 -0.000460 -0.000419 -0.000371 -0.000361 -0.000325 -0.000272 -0.000232
-0.007104 -0.032258 -0.062246 -0.084563 -0.086263 -0.108825 -0.138139 -0.169263 -0.207031 -0.253342 -0.314161 -0.396054 -0.517620 -1.013407 -0.521837 -0.186047 -0.008083 -0.021762 -0.007956 -0.008405 -0.004473 -0.003947 -0.002866 -0.002018 0.000976 0.002978 -0.001965 -0.000206 -0.000624 0.001752 -0.000444 -0.000674 0.000254 -0.001031 -0.000348 -0.000152 -0.000130 0.000168 -0.000091 0.000121 -0.000149 -0.000072 -0.000161 -0.000098 -0.000172 -0.000064 -0.000053 -0.000006 -0.000106 -0.000037
-0.006958 -0.007283 -0.061971 -0.083163 -0.084753 -0.108323 -0.136198 -0.167187 -0.205385 -0.253472 -0.316762 -0.408738 -0.546262 -0.998559 -0.160793 0.185075 0.379395 0.441267 0.423381 0.430487 0.427396 0.428939 0.427111 0.425782 0.431568 0.545654 0.511127 0.415783 0.417907 0.418661 0.418554 0.421222 0.421269 0.421375 0.423735 0.421334 0.399384 0.399277 0.401098 0.400431 0.402761 0.402636 0.408896 0.411920 0.427300 0.382786 0.415457 0.347258 0.349615 0.499010
-0.012402 -0.045001 -0.059108 -0.079427 -0.080967 -0.102377 -0.128132 -0.156145 -0.189285 -0.228667 -0.277055 -0.335480 -0.407017 -0.645904 -0.209669 0.190512 0.343145 0.421652 0.481550 0.463631 0.470544 0.506729 0.479806 0.481927 0.475377 0.484087 0.482510 0.519451 0.529589 0.485783 0.530155 0.488246 0.531025 0.491398 0.493221 0.493970 0.470057 0.469813 0.470641 0.497737 0.530226 0.469809 0.466019 0.459285 0.518998 0.528586 0.468492 0.510323 0.520467 0.537174
-0.006342 -0.044307 -0.055422 -0.073865 -0.075382 -0.094967 -0.117598 -0.141886 -0.169340 -0.200435 -0.234197 -0.272220 -0.306521 -0.320536 -0.232604 -0.024028 0.181777 0.293966 0.364500 0.404149 0.438492 0.455713 0.468392 0.477954 0.485458 0.489767 0.494002 0.496982 0.498943 0.500757 0.502705 0.503489 0.504440 0.504930 0.504899 0.504717 0.504313 0.503720 0.504826 0.506316 0.507011 0.508550 0.512463 0.508914 0.516147 0.524292 0.509127 0.461415 0.462270 0.455238
-0.005817 -0.001592 -0.050378 -0.066772 -0.068209 -0.085028 -0.104018 -0.123563 -0.144221 -0.165930 -0.186562 -0.203607 -0.206252 -0.196342 -0.137988 -0.019016 0.089372 0.171830 0.236410 0.278751 0.314699 0.337205 0.378414 0.368537 0.383818 0.387345 0.397326 0.401223 0.405694 0.402038 0.402843 0.407536 0.416353 0.417091 0.433423 0.419709 0.421610 0.420502 0.423411 0.422856 0.429236 0.425636 0.434218 0.430362 0.436581 0.431526 0.414674 0.452713 0.457139 0.484059
-0.004097 0.000681 -0.044904 -0.059024 -0.060302 -0.074492 -0.089796 -0.104958 -0.119754 -0.133792 -0.144424 -0.150593 -0.143313 -0.120811 -0.059685 0.033165 0.118597 0.187420 0.243899 0.284373 0.320689 0.344683 0.364688 0.379208 0.391888 0.407701 0.408216 0.414799 0.419481 0.423280 0.427088 0.429566 0.431721 0.433217 0.434328 0.434821 0.435518 0.434667 0.436503 0.435774 0.439649 0.436966 0.446034 0.438329 0.444015 0.445979 0.431774 0.433887 0.442976 0.438555
-0.000906 0.002977 -0.039004 -0.050928 -0.051984 -0.063526 -0.075485 -0.086726 -0.096716 -0.105050 -0.109135 -0.107840 -0.094265 -0.075956 -0.039518 0.019276 0.081783 0.132086 0.181966 0.216136 0.251150 0.274667 0.296463 0.311784 0.326434 0.342073 0.345764 0.354040 0.360600 0.365817 0.371126 0.375309 0.379057 0.381990 0.384952 0.386051 0.389288 0.388964 0.392461 0.391990 0.396700 0.392961 0.402236 0.396972 0.402386 0.405247 0.391634 0.400321 0.436344 0.415485
-0.013318 0.005230 -0.033107 -0.042952 -0.043769 -0.052963 -0.061893 -0.069756 -0.075815 -0.079702 -0.079420 -0.073144 -0.056558 -0.029077 0.005874 0.051294 0.100785 0.144665 0.185164 0.218515 0.248336 0.271970 0.292168 0.308433 0.322312 0.339742 0.343077 0.351269 0.357955 0.363645 0.368675 0.372776 0.376356 0.379333 0.381962 0.383894 0.385612 0.386186 0.388380 0.388148 0.391910 0.389717 0.396412 0.393165 0.397684 0.396544 0.385181 0.393939 0.412402 0.391277
-0.010054 0.007450 -0.027339 -0.035411 -0.035961 -0.043121 -0.049529 -0.054785 -0.058021 -0.059021 -0.056211 -0.049084 -0.035394 -0.016494 0.011063 0.046128 0.083858 0.118164 0.152409 0.181201 0.208794 0.230974 0.251111 0.267453 0.281952 0.296564 0.304201 0.313135 0.320724 0.327241 0.332982 0.337872 0.342109 0.345717 0.348830 0.351381 0.354107 0.355643 0.358894 0.359069 0.363060 0.361619 0.365653 0.364942 0.366552 0.369115 0.363533 0.365620 0.393869 0.437763
-0.003050 0.009711 -0.021892 -0.028429 -0.028850 -0.034201 -0.038413 -0.041506 -0.042415 -0.041011 -0.035914 -0.026694 -0.012518 0.007303 0.031988 0.061852 0.092358 0.122017 0.151051 0.176900 0.200875 0.221431 0.239798 0.255467 0.269211 0.283783 0.291127 0.299946 0.307537 0.314116 0.319846 0.324779 0.329071 0.332758 0.335951 0.338604 0.340968 0.342761 0.344798 0.346010 0.348129 0.348391 0.351031 0.351483 0.352258 0.353201 0.349707 0.352139 0.371059 0.362780
-0.016581 0.012013 -0.016771 -0.022224 -0.022354 -0.026275 -0.028837 -0.030435 -0.029828 -0.027176 -0.021632 -0.013076 -0.000560 0.015500 0.036108 0.059623 0.084506 0.109171 0.133887 0.156487 0.178025 0.196999 0.214366 0.229453 0.242906 0.255987 0.264866 0.273862 0.281707 0.288567 0.294572 0.299809 0.304385 0.308370 0.311846 0.314853 0.317556 0.319788 0.322042 0.323597 0.325508 0.326564 0.328152 0.329177 0.329728 0.331393 0.329994 0.330896 0.351534 0.335238
-0.003151 0.014179 -0.012308 -0.016656 -0.017040 -0.019639 -0.020626 -0.020983 -0.019073 -0.015488 -0.009275 -0.000451 0.011593 0.026728 0.044923 0.064916 0.086136 0.107493 0.128787 0.148777 0.167750 0.184892 0.200639 0.214676 0.227282 0.239714 0.248309 0.257041 0.264732 0.271505 0.277465 0.282695 0.287287 0.291305 0.294822 0.297878 0.300569 0.302870 0.304986 0.306716 0.308433 0.309737 0.311111 0.312302 0.312777 0.313864 0.313285 0.314002 0.331083 0.316168
0.005685 0.016178 -0.008741 -0.011947 -0.011000 -0.013365 -0.013776 -0.013376 -0.010651 -0.006661 -0.000467 0.007795 0.018563 0.031841 0.047040 0.063870 0.081853 0.100123 0.118504 0.136088 0.152969 0.168547 0.183049 0.196158 0.208059 0.219370 0.228263 0.236776 0.244342 0.251057 0.257006 0.262267 0.266915 0.271012 0.274624 0.277797 0.280600 0.283041 0.285232 0.287090 0.288796 0.290212 0.291484 0.292652 0.293221 0.294397 0.294363 0.294724 0.311469 0.297276
-0.007514 0.017993 -0.005553 -0.007869 -0.008313 -0.008227 -0.007794 -0.007012 -0.003825 0.000476 0.006649 0.014582 0.024687 0.036387 0.049808 0.064474 0.080072 0.095984 0.112001 0.127518 0.142483 0.156477 0.169596 0.181638 0.192665 0.203244 0.211683 0.219801 0.227074 0.233574 0.239368 0.244520 0.249095 0.253147 0.256732 0.259895 0.262689 0.265140 0.267314 0.269201 0.270884 0.272332 0.273588 0.274712 0.275471 0.276265 0.276491 0.276887 0.291684 0.278514
-0.002285 0.019149 -0.003110 -0.004529 -0.003263 -0.004213 -0.003736 -0.002282 0.001392 0.005758 0.011748 0.019212 0.028130 0.038506 0.050186 0.062901 0.076395 0.090234 0.104217 0.117909 0.131200 0.143797 0.155707 0.166751 0.176952 0.186581 0.194781 0.202482 0.209433 0.215686 0.221295 0.226312 0.230791 0.234779 0.238325 0.241469 0.244255 0.246714 0.248888 0.250791 0.252465 0.253919 0.255162 0.256258 0.256974 0.257814 0.258166 0.258441 0.272244 0.259894
0.006598 0.020568 -0.001153 -0.001866 -0.002114 0.000094 0.000953 0.001724 0.005436 0.009826 0.015542 0.022367 0.030486 0.039737 0.050062 0.061222 0.073024 0.085148 0.097413 0.109507 0.121301 0.132585 0.143317 0.153365 0.162715 0.171577 0.179250 0.186469 0.193028 0.198964 0.204318 0.209131 0.213448 0.217309 0.220754 0.223821 0.226545 0.228957 0.231090 0.232964 0.234610 0.236038 0.237274 0.238299 0.239214 0.239818 0.240175 0.240524 0.252719 0.241433
0.006792 -0.021232 0.000584 0.000403 0.001373 0.001141 0.003111 0.004807 0.008448 0.012694 0.017992 0.024264 0.031552 0.039785 0.048877 0.058662 0.068984 0.079608 0.090376 0.101054 0.111512 0.121609 0.131262 0.140367 0.148896 0.156968 0.164134 0.170851 0.176990 0.182576 0.187640 0.192216 0.196337 0.200039 0.203356 0.206318 0.208957 0.211301 0.213376 0.215205 0.216807 0.218205 0.219404 0.220441 0.221222 0.221708 0.222314 0.222591 0.247733 0.230478
0.006923 -0.021160 0.001022 0.002259 0.002172 0.004135 0.005824 0.006846 0.010529 0.014546 0.019478 0.025189 0.031746 0.039072 0.047104 0.055710 0.064764 0.074090 0.083549 0.092967 0.102230 0.111228 0.119869 0.128072 0.135800 0.143105 0.149730 0.155923 0.161613 0.166816 0.171555 0.175855 0.179744 0.183250 0.186401 0.189224 0.191746 0.193992 0.195982 0.197740 0.199282 0.200627 0.201787 0.202753 0.203556 0.204089 0.204579 0.204880 0.228634 0.212591
0.007044 0.001629 0.002746 0.003373 0.003774 0.004581 0.007165 0.008770 0.011888 0.015691 0.020148 0.025309 0.031156 0.037650 0.044694 0.052233 0.060141 0.068266 0.076529 0.084785 0.092976 0.100967 0.108716 0.116112 0.123140 0.129714 0.135872 0.141429 0.146654 0.151453 0.155842 0.159841 0.163471 0.166754 0.169714 0.172373 0.174755 0.176879 0.178766 0.180436 0.181898 0.183184 0.184272 0.185251 0.185952 0.186260 0.187059 0.187241 0.185879 0.186776
0.001218 -0.019957 0.002019 0.003410 0.004507 0.006444 0.008986 0.009277 0.012105 0.015743 0.019896 0.024609 0.029854 0.035637 0.041886 0.048503 0.055434 0.062578 0.069830 0.077102 0.084305 0.091351 0.098172 0.104712 0.110930 0.116771 0.122299 0.127424 0.132174 0.136554 0.140575 0.144252 0.147599 0.150637 0.153383 0.155857 0.158077 0.160062 0.161827 0.163392 0.164764 0.165968 0.167001 0.167876 0.168457 0.169046 0.169626 0.169826 0.195169 0.174652
0.001278 -0.019411 0.002708 0.004076 0.005326 0.007310 0.008547 0.010375 0.012718 0.015939 0.019490 0.023604 0.028171 0.033194 0.038613 0.044371 0.050395 0.056595 0.062908 0.069249 0.075541 0.081712 0.087708 0.093477 0.098983 0.104241 0.109106 0.113695 0.117964 0.121914 0.125552 0.128889 0.131937 0.134711 0.137224 0.139493 0.141534 0.143362 0.144990 0.146437 0.147703 0.148829 0.149761 0.150644 0.151174 0.151520 0.152241 0.152351 0.171646 0.159791
0.001352 -0.019147 0.004045 0.003896 0.004301 0.006973 0.008381 0.010044 0.012260 0.015120 0.018334 0.021975 0.025988 0.030373 0.035082 0.040068 0.045267 0.050632 0.056091 0.061577 0.067029 0.072392 0.077616 0.082657 0.087484 0.092052 0.096397 0.100455 0.104243 0.107758 0.111006 0.113993 0.116728 0.119223 0.121491 0.123542 0.125390 0.127047 0.128526 0.129841 0.130995 0.132015 0.132884 0.133628 0.133998 0.134696 0.135079 0.135134 0.152539 0.142472
0.001392 -0.018531 0.004337 0.005290 0.005365 0.006764 0.008479 0.010228 0.011551 0.014195 0.016838 0.019966 0.023378 0.027118 0.031120 0.035357 0.039786 0.044349 0.048995 0.053672 0.058329 0.062919 0.067401 0.071737 0.075901 0.079861 0.083618 0.087147 0.090451 0.093525 0.096372 0.098998 0.101408 0.103612 0.105618 0.107438 0.109080 0.110557 0.111876 0.113053 0.114085 0.115012 0.115786 0.116518 0.116875 0.117275 0.117666 0.117746 0.133496 0.125439
0.001694 -0.018477 0.001724 0.003553 0.004688 0.006184 0.007292 0.008956 0.010432 0.012562 0.014987 0.017678 0.020623 0.023805 0.027210 0.030805 0.034546 0.038397 0.042314 0.046255 0.050183 0.054062 0.057857 0.061537 0.065080 0.068450 0.071655 0.074660 0.077485 0.080118 0.082564 0.084825 0.086906 0.088813 0.090552 0.092131 0.093558 0.094841 0.095984 0.097004 0.097898 0.098698 0.099376 0.099938 0.100126 0.100893 0.101017 0.100642 0.119328 0.108442
0.000820 -0.018226 0.004297 0.005031 0.004723 0.005503 0.007137 0.008315 0.009379 0.010998 0.012827 0.014956 0.017312 0.019877 0.022619 0.025505 0.028519 0.031627 0.034801 0.038006 0.041204 0.044365 0.047467 0.050475 0.053384 0.056123 0.058788 0.061276 0.063625 0.065816 0.067856 0.069744 0.071484 0.073081 0.074540 0.075870 0.077078 0.078167 0.079147 0.080024 0.080798 0.081486 0.082038 0.082563 0.082900 0.083288 0.083477 0.083332 0.097077 0.091665
0.000718 -0.016809 0.000233 -0.000130 0.004808 0.004275 0.005566 0.006476 0.007654 0.008978 0.010653 0.012410 0.014366 0.016446 0.018671 0.021034 0.023492 0.026011 0.028558 0.031117 0.033676 0.036215 0.038717 0.041155 0.043516 0.045731 0.047865 0.049809 0.051674 0.053416 0.055049 0.056567 0.057972 0.059271 0.060463 0.061544 0.062522 0.063401 0.064171 0.064846 0.065443 0.065971 0.066458 0.066825 0.066883 0.067527 0.067660 0.066741 0.081806 0.075553
-0.000422 -0.015791 0.002827 -0.000221 0.003383 0.001869 0.004748 0.006033 0.007471 0.008964 0.010597 0.012376 0.014301 0.016370 0.018573 0.020896 0.023309 0.025789 0.028312 0.030851 0.033382 0.035885 0.038348 0.029354 0.031064 0.032437 0.034169 0.049246 0.051086 0.052798 0.054401 0.055886 0.057257 0.058515 0.059664 0.060708 0.061651 0.062503 0.063266 0.063950 0.064551 0.065101 0.065544 0.048670 0.049206 0.049540 0.049564 0.066016 0.061590 0.061215
0.007901 -0.003564 0.005976 0.006261 0.006228 0.003664 0.004423 0.004808 0.006248 0.006668 0.007887 0.009061 0.010462 0.011936 0.013495 0.015071 0.016731 0.018463 0.020281 0.022144 0.023991 0.025817 0.027618 0.028626 0.030282 0.031773 0.033391 0.035680 0.037109 0.038435 0.039672 0.040814 0.041871 0.042837 0.043716 0.044536 0.045298 0.045982 0.046628 0.047212 0.047775 0.048168 0.048597 0.047053 0.047586 0.048142 0.046917 0.048327 0.042543 0.040966
0.002716 0.009432 0.007348 0.017489 0.015025 0.017862 0.017373 -0.012261 0.019290 0.020237 0.020876 0.021738 0.022395 -0.008191 -0.007940 -0.007627 -0.007299 -0.006990 -0.006587 -0.005948 -0.005195 -0.004372 -0.003533 -0.002623 -0.002252 0.001819 -0.000832 0.000155 0.000839 0.001494 0.002107 0.002729 0.003382 0.004058 0.004751 0.010355 0.034132 0.031025 0.031028 0.008961 0.013253 0.032249 0.029816 0.028573 0.028711 0.026968 0.016270 0.023911 0.026746 0.018033
-0.005761 -0.010415 -0.016046 -0.004736 -0.014557 -0.002738 0.001914 0.002861 -0.008254 -0.002159 -0.000383 -0.005656 -0.004945 -0.006564 -0.019713 0.009552 -0.024361 0.009502 -0.024679 0.009337 0.009262 0.009819 0.009097 0.009166 -0.023590 0.022353 0.044560 0.008526 0.004814 0.006378 0.012338 -0.019190 0.014599 0.007606 0.001018 0.007289 -0.012583 -0.018634 -0.002268 0.001048 0.014414 0.002098 -0.001468 0.012788 0.001445 -0.001324 0.000628 0.002834 0.000189 0.013233
