env_min(m) 0.0000 0.0000 0.0000
env_max(m) 10.0000 10.0000 3.0000
NumCells_XYZ 100 100 30
CellSizes_XYZ[m] 0.1000 0.1000 0.1000
GasSourceLocation_XYZ[m] 8.0000 6.0000 0.5000
GasType ethanol
Cell_x	 Cell_y	 Cell_z	 Gas_conc[10^⁻3ppm]	 Wind_u[10^⁻3m/s]	 Wind_v[10^⁻3m/s]	 Wind_w[10^⁻3m/s]
2 2 0 0 -32 524 -20
2 3 0 0 61 517 32
2 4 0 0 6 530 -6
2 5 0 0 12 529 2
2 6 0 0 0 526 3
2 7 0 0 5 540 1
2 8 0 0 2 548 -3
2 9 0 0 4 546 0
2 10 0 0 2 535 2
2 11 0 0 4 536 1
2 12 0 0 3 530 0
2 13 0 0 5 521 1
2 14 0 0 5 506 0
2 15 0 0 6 501 1
2 16 0 0 5 487 0
2 17 0 0 7 475 0
2 18 0 0 6 460 0
2 19 0 0 7 447 0
2 20 0 0 7 428 0
2 21 0 0 9 411 1
2 22 0 0 8 391 0
2 23 0 0 9 369 0
2 24 0 0 8 349 0
2 25 0 0 10 323 2
2 26 0 0 8 292 1
2 27 0 0 8 262 0
2 28 0 0 8 241 0
2 29 0 0 10 212 2
2 30 0 0 6 175 2
2 31 0 0 7 152 1
2 32 0 0 5 129 0
2 33 0 0 7 111 1
2 34 0 0 3 88 0
2 35 0 0 5 77 1
2 36 0 0 2 59 1
2 37 0 0 4 52 1
2 38 0 0 1 40 0
2 39 0 0 2 35 0
2 40 0 0 0 27 0
2 41 0 0 2 23 0
2 42 0 0 0 18 0
2 43 0 0 1 15 0
2 44 0 0 0 12 0
2 45 0 0 0 10 0
2 46 0 0 0 8 0
2 47 0 0 0 6 0
2 48 0 0 0 5 0
2 49 0 0 0 4 0
2 50 0 0 0 3 0
2 51 0 0 0 3 0
2 52 0 0 0 2 0
2 53 0 0 0 2 0
2 54 0 0 0 1 0
2 55 0 0 0 1 0
2 56 0 0 0 1 0
2 57 0 0 0 0 0
2 58 0 0 0 0 0
2 59 0 0 0 0 0
2 60 0 0 0 0 0
2 61 0 0 0 0 0
2 62 0 0 0 0 0
2 63 0 0 0 0 0
2 64 0 0 0 0 0
2 65 0 0 0 0 0
2 66 0 0 0 0 0
2 67 0 0 0 0 0
2 68 0 0 0 0 0
2 69 0 0 0 0 0
2 70 0 0 0 0 0
2 71 0 0 0 0 0
2 72 0 0 0 0 0
2 73 0 0 0 0 0
2 74 0 0 0 0 0
2 75 0 0 0 0 0
2 76 0 0 0 0 0
2 77 0 0 0 0 0
2 78 0 0 0 0 0
2 79 0 0 0 0 0
2 80 0 0 0 0 0
2 81 0 0 0 0 0
2 82 0 0 0 0 0
2 83 0 0 0 0 0
2 84 0 0 0 0 0
2 85 0 0 0 0 0
2 86 0 0 0 0 0
2 87 0 0 0 0 0
2 88 0 0 0 0 0
2 89 0 0 0 0 0
2 90 0 0 0 0 0
2 91 0 0 0 0 0
2 92 0 0 0 0 0
2 93 0 0 0 0 0
2 94 0 0 0 0 0
2 95 0 0 0 0 0
2 96 0 0 0 0 0
2 97 0 0 0 0 0
3 2 0 0 -84 525 37
3 3 0 0 4 585 0
3 4 0 0 42 529 26
3 5 0 0 -6 513 1
3 6 0 0 -16 501 -22
3 7 0 0 -25 545 -12
3 8 0 0 12 545 -3
3 9 0 0 1 523 3
3 10 0 0 3 504 1
3 11 0 0 -5 517 -1
3 12 0 0 16 512 1
3 13 0 0 8 492 7
3 14 0 0 13 479 1
3 15 0 0 6 474 2
3 16 0 0 20 464 1
3 17 0 0 13 448 5
3 18 0 0 21 435 0
3 19 0 0 15 419 4
3 20 0 0 25 403 1
3 21 0 0 18 382 5
3 22 0 0 27 364 2
3 23 0 0 22 340 6
3 24 0 0 29 318 4
3 25 0 0 27 287 6
3 26 0 0 32 268 4
3 27 0 0 31 232 5
3 28 0 0 30 214 3
3 29 0 0 34 175 5
3 30 0 0 31 164 1
3 31 0 0 28 130 5
3 32 0 0 25 119 0
3 33 0 0 21 96 4
3 34 0 0 20 84 0
3 35 0 0 13 70 3
3 36 0 0 14 59 0
3 37 0 0 9 49 2
3 38 0 0 10 41 0
3 39 0 0 6 34 1
3 40 0 0 6 27 0
3 41 0 0 4 23 0
3 42 0 0 4 18 0
3 43 0 0 3 15 0
3 44 0 0 3 12 0
3 45 0 0 2 10 0
3 46 0 0 2 8 0
3 47 0 0 1 6 0
3 48 0 0 1 5 0
3 49 0 0 0 4 0
3 50 0 0 0 3 0
3 51 0 0 0 3 0
3 52 0 0 0 2 0
3 53 0 0 0 2 0
3 54 0 0 0 1 0
3 55 0 0 0 1 0
3 56 0 0 0 1 0
3 57 0 0 0 0 0
3 58 0 0 0 0 0
3 59 0 0 0 0 0
3 60 0 0 0 0 0
3 61 0 0 0 0 0
3 62 0 0 0 0 0
3 63 0 0 0 0 0
3 64 0 0 0 0 0
3 65 0 0 0 0 0
3 66 0 0 0 0 0
3 67 0 0 0 0 0
3 68 0 0 0 0 0
3 69 0 0 0 0 0
3 70 0 0 0 0 0
3 71 0 0 0 0 0
3 72 0 0 0 0 0
3 73 0 0 0 0 0
3 74 0 0 0 0 0
3 75 0 0 0 0 0
3 76 0 0 0 0 0
3 77 0 0 0 0 0
3 78 0 0 0 0 0
3 79 0 0 0 0 0
3 80 0 0 0 0 0
3 81 0 0 0 0 0
3 82 0 0 0 0 0
3 83 0 0 0 0 0
3 84 0 0 0 0 0
3 85 0 0 0 0 0
3 86 0 0 0 0 0
3 87 0 0 0 0 0
3 88 0 0 0 0 0
3 89 0 0 0 0 0
3 90 0 0 0 0 0
3 91 0 0 0 0 0
3 92 0 0 0 0 0
3 93 0 0 0 0 0
3 94 0 0 0 0 0
3 95 0 0 0 0 0
3 96 0 0 0 0 0
3 97 0 0 0 0 0
4 2 0 0 -314 454 13
4 3 0 0 89 607 22
4 6 0 0 -15 483 -6
4 8 0 0 43 478 -4
4 10 0 0 5 453 -2
4 12 0 0 33 455 0
4 14 0 0 26 427 -1
4 16 0 0 39 414 -2
4 18 0 0 45 384 0
4 21 0 0 56 353 0
4 23 0 0 62 313 0
4 25 0 0 72 268 0
4 27 0 0 74 218 1
4 29 0 0 75 169 1
4 31 0 0 64 123 1
4 33 0 0 52 87 1
4 35 0 0 38 60 0
4 37 0 0 28 41 0
4 39 0 0 19 27 0
4 41 0 0 13 18 0
4 43 0 0 9 12 0
4 45 0 0 6 8 0
4 47 0 0 4 5 0
4 49 0 0 2 3 0
4 51 0 0 1 2 0
4 53 0 0 1 1 0
4 55 0 0 0 1 0
4 57 0 0 0 0 0
4 59 0 0 0 0 0
4 61 0 0 0 0 0
4 63 0 0 0 0 0
4 65 0 0 0 0 0
4 67 0 0 0 0 0
4 69 0 0 0 0 0
4 71 0 0 0 0 0
4 73 0 0 0 0 0
4 75 0 0 0 0 0
4 77 0 0 0 0 0
4 79 0 0 0 0 0
4 81 0 0 0 0 0
4 83 0 0 0 0 0
4 85 0 0 0 0 0
4 87 0 0 0 0 0
4 89 0 0 0 0 0
4 91 0 0 0 0 0
4 92 0 0 0 0 0
4 94 0 0 0 0 0
4 96 0 0 0 0 0
4 97 0 0 0 0 0
5 2 0 0 -1 248 2
5 3 0 0 -93 535 51
5 4 0 0 93 482 -5
5 96 0 0 0 0 0
5 97 0 0 0 0 0
6 6 0 0 -16 445 5
6 8 0 0 50 505 -4
6 10 0 0 19 458 -1
6 12 0 0 37 470 0
6 14 0 0 41 447 0
6 16 0 0 60 428 0
6 18 0 0 71 399 0
6 21 0 0 87 366 1
6 23 0 0 99 325 1
6 25 0 0 112 276 2
6 27 0 0 116 221 2
6 28 0 0 113 165 2
6 30 0 0 98 111 2
6 32 0 0 74 73 2
6 34 0 0 56 47 1
6 36 0 0 39 31 1
6 39 0 0 27 19 0
6 41 0 0 18 13 0
6 43 0 0 13 8 0
6 45 0 0 8 5 0
6 47 0 0 5 3 0
6 49 0 0 3 2 0
6 51 0 0 2 1 0
6 53 0 0 1 1 0
6 55 0 0 1 0 0
6 57 0 0 0 0 0
6 59 0 0 0 0 0
6 61 0 0 0 0 0
6 63 0 0 0 0 0
6 65 0 0 0 0 0
6 67 0 0 0 0 0
6 69 0 0 0 0 0
6 71 0 0 0 0 0
6 73 0 0 0 0 0
6 75 0 0 0 0 0
6 77 0 0 0 0 0
6 79 0 0 0 0 0
6 81 0 0 0 0 0
6 83 0 0 0 0 0
6 85 0 0 0 0 0
6 87 0 0 0 0 0
6 89 0 0 0 0 0
6 91 0 0 0 0 0
6 92 0 0 0 0 0
6 94 0 0 0 0 0
6 96 0 0 0 0 0
6 97 0 0 0 0 0
7 3 0 0 -144 509 39
7 4 0 0 149 529 24
7 96 0 0 0 0 0
7 97 0 0 0 0 0
8 2 0 0 -140 355 46
8 4 0 0 142 557 11
8 6 0 0 -4 429 6
8 8 0 0 45 520 -6
8 10 0 0 30 473 -1
8 12 0 0 51 489 -2
8 14 0 0 62 455 -1
8 16 0 0 88 445 -1
8 18 0 0 104 415 0
8 21 0 0 129 384 0
8 23 0 0 149 340 0
8 24 0 0 172 287 0
8 26 0 0 180 221 0
8 28 0 0 181 153 1
8 30 0 0 150 85 0
8 32 0 0 112 45 0
8 34 0 0 77 24 0
8 75 0 0 0 0 0
8 77 0 0 0 0 0
8 79 0 0 0 0 0
8 81 0 0 0 0 0
8 83 0 0 0 0 0
8 85 0 0 0 0 0
8 87 0 0 0 0 0
8 89 0 0 0 0 0
8 91 0 0 0 0 0
8 92 0 0 0 0 0
8 94 0 0 0 0 0
8 96 0 0 0 0 0
8 97 0 0 0 0 0
9 36 0 0 53 12 0
9 38 0 0 35 7 0
9 40 0 0 24 3 0
9 43 0 0 16 2 0
9 45 0 0 10 1 0
9 47 0 0 7 0 0
9 49 0 0 4 0 0
9 51 0 0 3 0 0
9 53 0 0 2 0 0
9 55 0 0 1 0 0
9 57 0 0 0 0 0
9 59 0 0 0 0 0
9 61 0 0 0 0 0
9 63 0 0 0 0 0
9 65 0 0 0 0 0
9 67 0 0 0 0 0
9 69 0 0 0 0 0
9 71 0 0 0 0 0
9 73 0 0 0 0 0
9 96 0 0 0 0 0
9 97 0 0 0 0 0
10 2 0 0 -77 322 63
10 4 0 0 104 579 -9
10 6 0 0 1 427 13
10 8 0 0 34 536 -7
10 10 0 0 37 480 -3
10 12 0 0 65 504 -2
10 14 0 0 80 471 -1
10 16 0 0 106 467 0
10 18 0 0 131 440 0
10 21 0 0 165 411 0
10 23 0 0 195 368 0
10 24 0 0 232 309 0
10 26 0 0 250 231 0
10 28 0 0 246 135 0
10 30 0 0 206 41 0
10 77 0 0 0 0 0
10 79 0 0 0 0 0
10 81 0 0 0 0 0
10 83 0 0 0 0 0
10 85 0 0 0 0 0
10 87 0 0 0 0 0
10 89 0 0 0 0 0
10 91 0 0 0 0 0
10 92 0 0 0 0 0
10 94 0 0 0 0 0
10 96 0 0 0 0 0
10 97 0 0 0 0 0
11 32 0 0 134 1 0
11 34 0 0 90 -11 -1
11 36 0 0 56 -10 0
11 38 0 0 37 -10 0
11 40 0 0 24 -6 0
11 43 0 0 16 -5 0
11 45 0 0 10 -3 0
11 47 0 0 6 -2 0
11 49 0 0 4 -1 0
11 51 0 0 2 -1 0
11 53 0 0 1 0 0
11 55 0 0 1 0 0
11 57 0 0 0 0 0
11 59 0 0 0 0 0
11 61 0 0 0 0 0
11 63 0 0 0 0 0
11 65 0 0 0 0 0
11 67 0 0 0 0 0
11 69 0 0 0 0 0
11 71 0 0 0 0 0
11 73 0 0 0 0 0
11 75 0 0 0 0 0
11 96 0 0 0 0 0
11 97 0 0 0 0 0
12 2 0 0 -64 377 72
12 4 0 0 80 585 -7
12 6 0 0 6 437 9
12 8 0 0 24 535 -2
12 10 0 0 46 480 -7
12 12 0 0 68 520 -3
12 14 0 0 92 494 -2
12 16 0 0 123 496 -1
12 19 0 0 158 474 0
12 21 0 0 204 448 0
12 23 0 0 251 407 1
12 24 0 0 310 343 0
12 26 0 0 356 241 -8
12 28 0 0 367 112 -12
12 30 0 0 282 -32 -16
12 77 0 0 0 0 0
12 79 0 0 0 0 0
12 81 0 0 0 0 0
12 83 0 0 0 0 0
12 85 0 0 0 0 0
12 96 0 0 0 0 0
12 97 0 0 0 0 0
13 32 0 0 162 -70 -14
13 34 0 0 90 -49 -6
13 36 0 0 52 -39 -3
13 38 0 0 31 -25 -1
13 40 0 0 19 -18 -1
13 43 0 0 12 -11 0
13 45 0 0 7 -7 0
13 47 0 0 5 -5 0
13 49 0 0 3 -3 0
13 51 0 0 2 -2 0
13 53 0 0 1 -1 0
13 55 0 0 0 -1 0
13 57 0 0 0 0 0
13 59 0 0 0 0 0
13 61 0 0 0 0 0
13 63 0 0 0 0 0
13 65 0 0 0 0 0
13 67 0 0 0 0 0
13 69 0 0 0 0 0
13 71 0 0 0 0 0
13 73 0 0 0 0 0
13 75 0 0 0 0 0
13 87 0 0 0 0 0
13 89 0 0 0 0 0
13 91 0 0 0 0 0
13 92 0 0 0 0 0
13 94 0 0 0 0 0
13 96 0 0 0 0 0
13 97 0 0 0 0 0
14 2 0 0 -140 341 48
14 4 0 0 155 590 -33
14 6 0 0 15 483 6
14 8 0 0 19 558 4
14 10 0 0 37 511 -4
14 12 0 0 62 547 0
14 14 0 0 96 526 0
14 16 0 0 131 533 0
14 19 0 0 174 521 0
14 21 0 0 233 505 0
14 23 0 0 296 475 2
14 24 0 0 397 413 -1
14 26 0 0 484 307 -7
14 28 0 0 447 90 -16
14 29 0 0 451 21 -19
14 30 0 0 414 -142 -21
14 31 0 0 317 -149 -22
14 32 0 0 209 -167 -9
14 33 0 0 130 -124 -10
14 34 0 0 88 -102 -2
14 35 0 0 57 -82 -5
14 36 0 0 52 -66 -1
14 37 0 0 32 -49 -4
14 38 0 0 28 -40 -1
14 39 0 0 16 -31 -2
14 40 0 0 18 -26 0
14 41 0 0 10 -19 -2
14 42 0 0 11 -16 0
14 43 0 0 5 -12 -1
14 44 0 0 7 -11 0
14 45 0 0 3 -8 0
14 46 0 0 4 -7 0
14 47 0 0 2 -5 0
14 48 0 0 3 -4 0
14 49 0 0 1 -3 0
14 50 0 0 2 -3 0
14 51 0 0 0 -2 0
14 52 0 0 1 -2 0
14 53 0 0 0 -1 0
14 54 0 0 0 -1 0
14 55 0 0 0 -1 0
14 56 0 0 0 0 0
14 57 0 0 0 0 0
14 58 0 0 0 0 0
14 59 0 0 0 0 0
14 60 0 0 0 0 0
14 61 0 0 0 0 0
14 62 0 0 0 0 0
14 63 0 0 0 0 0
14 64 0 0 0 0 0
14 65 0 0 0 0 0
14 66 0 0 0 0 0
14 67 0 0 0 0 0
14 68 0 0 0 0 0
14 69 0 0 0 0 0
14 70 0 0 0 0 0
14 71 0 0 0 0 0
14 72 0 0 0 0 0
14 73 0 0 0 0 0
14 74 0 0 0 0 0
14 75 0 0 0 0 0
14 76 0 0 0 0 0
14 77 0 0 0 0 0
14 78 0 0 0 0 0
14 79 0 0 0 0 0
14 80 0 0 0 0 0
14 81 0 0 0 0 0
14 83 0 0 0 0 0
14 96 0 0 0 0 0
14 97 0 0 0 0 0
15 28 0 0 565 208 -19
15 29 0 0 604 4 -21
15 30 0 0 444 -204 -20
15 31 0 0 424 -672 -35
15 32 0 0 131 -229 -11
15 33 0 0 108 -190 -9
15 34 0 0 49 -129 -4
15 35 0 0 45 -106 -10
15 36 0 0 24 -78 -1
15 37 0 0 23 -65 -7
15 38 0 0 14 -48 0
15 39 0 0 13 -39 -4
15 40 0 0 8 -30 0
15 41 0 0 7 -25 -2
15 42 0 0 5 -19 0
15 43 0 0 4 -16 -1
15 44 0 0 3 -12 0
15 45 0 0 3 -10 -1
15 46 0 0 2 -8 0
15 47 0 0 1 -6 0
15 48 0 0 1 -5 0
15 49 0 0 1 -4 0
15 50 0 0 0 -3 0
15 51 0 0 0 -2 0
15 52 0 0 0 -2 0
15 53 0 0 0 -1 0
15 54 0 0 0 -1 0
15 55 0 0 0 -1 0
15 56 0 0 0 0 0
15 57 0 0 0 0 0
15 58 0 0 0 0 0
15 59 0 0 0 0 0
15 60 0 0 0 0 0
15 61 0 0 0 0 0
15 62 0 0 0 0 0
15 63 0 0 0 0 0
15 64 0 0 0 0 0
15 65 0 0 0 0 0
15 66 0 0 0 0 0
15 67 0 0 0 0 0
15 68 0 0 0 0 0
15 69 0 0 0 0 0
15 70 0 0 0 0 0
15 71 0 0 0 0 0
15 72 0 0 0 0 0
15 73 0 0 0 0 0
15 74 0 0 0 0 0
15 75 0 0 0 0 0
15 76 0 0 0 0 0
15 77 0 0 0 0 0
15 78 0 0 0 0 0
15 79 0 0 0 0 0
15 80 0 0 0 0 0
15 81 0 0 0 0 0
15 85 0 0 0 0 0
15 87 0 0 0 0 0
15 89 0 0 0 0 0
15 90 0 0 0 0 0
15 92 0 0 0 0 0
15 94 0 0 0 0 0
15 96 0 0 0 0 0
15 97 0 0 0 0 0
16 2 0 0 1 153 6
16 4 0 0 6 612 26
16 6 0 0 10 485 7
16 8 0 0 16 567 0
16 10 0 0 39 523 -4
16 12 0 0 62 574 -1
16 14 0 0 99 559 -1
16 16 0 0 134 574 0
16 19 0 0 185 575 0
16 21 0 0 251 572 0
16 23 0 0 347 570 2
16 24 0 0 472 530 -3
16 26 0 0 676 505 -17
16 28 0 0 736 254 -7
16 29 0 0 962 32 0
16 30 0 0 697 -655 -34
16 31 0 0 714 -742 -91
16 32 0 0 11 -387 -1
16 33 0 0 9 -265 -3
16 34 0 0 2 -162 2
16 35 0 0 5 -111 -1
16 36 0 0 1 -87 1
16 37 0 0 2 -65 0
16 38 0 0 0 -53 0
16 39 0 0 1 -43 0
16 40 0 0 0 -34 0
16 41 0 0 1 -27 0
16 42 0 0 0 -21 0
16 43 0 0 0 -18 0
16 44 0 0 0 -14 0
16 45 0 0 0 -11 0
16 46 0 0 0 -9 0
16 47 0 0 0 -7 0
16 48 0 0 0 -5 0
16 49 0 0 0 -5 0
16 50 0 0 0 -3 0
16 51 0 0 0 -3 0
16 52 0 0 0 -2 0
16 53 0 0 0 -2 0
16 54 0 0 0 -1 0
16 55 0 0 0 -1 0
16 56 0 0 0 -1 0
16 57 0 0 0 0 0
16 58 0 0 0 0 0
16 59 0 0 0 0 0
16 60 0 0 0 0 0
16 61 0 0 0 0 0
16 62 0 0 0 0 0
16 63 0 0 0 0 0
16 64 0 0 0 0 0
16 65 0 0 0 0 0
16 66 0 0 0 0 0
16 67 0 0 0 0 0
16 68 0 0 0 0 0
16 69 0 0 0 0 0
16 70 0 0 0 0 0
16 71 0 0 0 0 0
16 72 0 0 0 0 0
16 73 0 0 0 0 0
16 74 0 0 0 0 0
16 75 0 0 0 0 0
16 76 0 0 0 0 0
16 77 0 0 0 0 0
16 78 0 0 0 0 0
16 79 0 0 0 0 0
16 80 0 0 0 0 0
16 81 0 0 0 0 0
16 96 0 0 0 0 0
16 97 0 0 0 0 0
17 28 0 0 959 483 -20
17 29 0 0 1272 318 -7
17 30 0 0 1719 18 -53
17 31 0 0 0 0 0
17 32 0 0 0 0 0
17 33 0 0 0 0 0
17 34 0 0 0 0 0
17 35 0 0 0 -1 0
17 36 0 0 0 -1 -1
17 37 0 0 0 -1 0
17 38 0 0 0 -1 -1
17 39 0 0 0 -2 0
17 40 0 0 0 -2 -1
17 41 0 0 0 -2 0
17 42 0 0 0 -2 0
17 43 0 0 0 -2 0
17 44 0 0 0 -2 0
17 45 0 0 0 -2 0
17 46 0 0 0 -2 0
17 47 0 0 0 -2 0
17 48 0 0 0 -2 0
17 49 0 0 0 -2 0
17 50 0 0 0 -2 0
17 51 0 0 0 -2 0
17 52 0 0 0 -2 0
17 53 0 0 0 -2 1
17 54 0 0 0 -1 0
17 55 0 0 0 -1 1
17 56 0 0 0 -1 0
17 57 0 0 0 -1 1
17 58 0 0 0 -1 0
17 59 0 0 0 -1 0
17 60 0 0 0 0 0
17 61 0 0 0 0 0
17 62 0 0 0 0 0
17 63 0 0 0 0 0
17 64 0 0 0 0 0
17 77 0 0 0 0 0
17 78 0 0 0 0 0
17 79 0 0 0 0 0
17 80 0 0 0 0 0
17 81 0 0 0 0 0
17 83 0 0 0 0 0
17 85 0 0 0 0 0
17 87 0 0 0 0 0
17 89 0 0 0 0 0
17 90 0 0 0 0 0
17 92 0 0 0 0 0
17 94 0 0 0 0 0
17 96 0 0 0 0 0
17 97 0 0 0 0 0
18 4 0 0 -32 548 7
18 6 0 0 1 485 6
18 8 0 0 5 555 1
18 10 0 0 6 539 -5
18 12 0 0 35 577 -1
18 14 0 0 82 592 0
18 17 0 0 119 618 0
18 19 0 0 170 639 0
18 21 0 0 237 671 0
18 23 0 0 330 698 3
18 25 0 0 461 780 -4
18 27 0 0 656 806 -18
18 28 0 0 951 861 -52
18 29 0 0 1391 1036 -28
18 30 0 0 2063 1356 -22
18 31 0 0 0 0 0
18 32 0 0 0 0 0
18 33 0 0 0 0 0
18 34 0 0 0 -1 0
18 35 0 0 0 -1 0
18 36 0 0 0 -1 0
18 37 0 0 0 -1 0
18 38 0 0 0 -2 0
18 39 0 0 0 -2 0
18 40 0 0 0 -2 0
18 41 0 0 0 -2 0
18 42 0 0 0 -2 0
18 43 0 0 0 -2 0
18 44 0 0 0 -2 0
18 45 0 0 0 -2 0
18 46 0 0 0 -2 0
18 47 0 0 0 -2 0
18 48 0 0 0 -2 0
18 49 0 0 0 -2 0
18 50 0 0 0 -2 0
18 51 0 0 0 -2 0
18 52 0 0 0 -2 0
18 53 0 0 0 -2 0
18 54 0 0 0 -1 0
18 55 0 0 0 -1 0
18 56 0 0 0 -1 0
18 57 0 0 0 -1 0
18 58 0 0 0 -1 0
18 59 0 0 0 -1 0
18 60 0 0 0 0 0
18 61 0 0 0 0 0
18 62 0 0 0 0 0
18 63 0 0 0 0 0
18 64 0 0 0 0 0
18 78 0 0 0 0 0
18 79 0 0 0 0 0
18 80 0 0 0 0 0
18 81 0 0 0 0 0
18 94 0 0 0 0 0
18 95 0 0 0 0 0
18 96 0 0 0 0 0
18 97 0 0 0 0 0
19 2 0 0 57 453 45
19 28 0 0 822 948 -63
19 29 0 0 975 1439 -61
19 30 0 0 1200 2100 -132
19 31 0 0 0 0 0
19 32 0 0 0 0 0
19 33 0 0 0 0 0
19 34 0 0 0 0 0
19 35 0 0 0 -1 0
19 36 0 0 0 -1 0
19 37 0 0 0 -2 0
19 38 0 0 0 -2 0
19 39 0 0 0 -2 0
19 40 0 0 0 -3 0
19 41 0 0 0 -3 0
19 42 0 0 0 -3 0
19 43 0 0 0 -3 0
19 44 0 0 0 -3 0
19 45 0 0 0 -3 0
19 46 0 0 0 -3 0
19 47 0 0 0 -3 0
19 48 0 0 0 -3 0
19 49 0 0 0 -3 0
19 50 0 0 0 -3 0
19 51 0 0 0 -3 0
19 52 0 0 0 -3 0
19 53 0 0 0 -2 0
19 54 0 0 0 -2 0
19 55 0 0 0 -2 0
19 56 0 0 0 -2 0
19 57 0 0 0 -1 0
19 58 0 0 0 -1 0
19 59 0 0 0 -1 0
19 60 0 0 0 -1 0
19 61 0 0 0 0 0
19 62 0 0 0 0 0
19 63 0 0 0 0 0
19 64 0 0 0 0 0
19 78 0 0 0 0 0
19 79 0 0 0 0 0
19 80 0 0 0 0 0
19 81 0 0 0 0 0
19 83 0 0 0 0 0
19 85 0 0 0 0 0
19 86 0 0 0 0 0
19 89 0 0 0 0 0
19 91 0 0 0 0 0
19 92 0 0 0 0 0
19 94 0 0 0 0 0
19 95 0 0 0 0 0
19 96 0 0 0 0 0
19 97 0 0 0 0 0
20 4 0 0 -25 612 32
20 6 0 0 -17 511 8
20 8 0 0 -12 618 3
20 10 0 0 4 573 0
20 12 0 0 21 610 0
20 14 0 0 55 625 0
20 17 0 0 91 660 0
20 19 0 0 134 694 1
20 28 0 0 538 1103 -55
20 29 0 0 615 1507 -79
20 30 0 0 640 1895 -95
20 31 0 0 0 0 0
20 32 0 0 1 0 0
20 33 0 0 0 0 0
20 34 0 0 1 -1 0
20 36 0 0 0 -1 0
20 38 0 0 0 -2 0
20 40 0 0 0 -2 0
20 42 0 0 0 -2 0
20 44 0 0 0 -2 0
20 47 0 0 0 -2 0
20 49 0 0 0 -2 0
20 51 0 0 0 -2 0
20 53 0 0 0 -2 0
20 55 0 0 0 -1 0
20 57 0 0 0 -1 0
20 59 0 0 0 -1 0
20 61 0 0 0 0 0
20 62 0 0 0 0 0
20 63 0 0 0 0 0
20 64 0 0 0 0 0
20 78 0 0 0 0 0
20 79 0 0 0 0 0
20 80 0 0 0 0 0
20 81 0 0 0 0 0
20 82 0 0 0 0 0
20 83 0 0 0 0 0
20 84 0 0 0 0 0
20 85 0 0 0 0 0
20 86 0 0 0 0 0
20 87 0 0 0 0 0
20 88 0 0 0 0 0
20 89 0 0 0 0 0
20 90 0 0 0 0 0
20 91 0 0 0 0 0
20 92 0 0 0 0 0
20 93 0 0 0 0 0
20 94 0 0 0 0 0
20 95 0 0 0 0 0
20 96 0 0 0 0 0
20 97 0 0 0 0 0
21 2 0 0 3 220 19
21 21 0 0 192 733 0
21 23 0 0 252 796 4
21 25 0 0 352 873 -2
21 27 0 0 403 1017 -34
21 28 0 0 460 1165 -48
21 29 0 0 432 1433 -80
21 30 0 0 322 1607 -46
21 31 0 0 1 0 0
21 32 0 0 1 0 0
21 33 0 0 1 0 0
21 62 0 0 0 0 0
21 63 0 0 0 0 0
21 64 0 0 0 0 0
21 78 0 0 0 0 0
21 79 0 0 0 0 0
21 80 0 0 0 0 0
21 81 0 0 0 0 0
21 82 0 0 0 0 0
21 83 0 0 0 0 0
21 84 0 0 0 0 0
21 85 0 0 0 0 0
21 86 0 0 0 0 0
21 87 0 0 0 0 0
21 88 0 0 0 0 0
21 89 0 0 0 0 0
21 90 0 0 0 0 0
21 91 0 0 0 0 0
21 92 0 0 0 0 0
21 93 0 0 0 0 0
21 94 0 0 0 0 0
21 95 0 0 0 0 0
21 96 0 0 0 0 0
21 97 0 0 0 0 0
22 6 0 0 -56 484 6
22 8 0 0 -30 553 1
22 10 0 0 -21 576 -13
22 12 0 0 -4 617 -3
22 14 0 0 20 651 -1
22 17 0 0 52 694 0
22 28 0 0 273 1143 -34
22 29 0 0 240 1336 -65
22 30 0 0 175 1421 -25
22 31 0 0 2 0 0
22 32 0 0 1 0 0
22 33 0 0 1 0 0
22 34 0 0 1 -1 0
22 36 0 0 1 -1 0
22 38 0 0 1 -2 0
22 40 0 0 0 -2 0
22 42 0 0 0 -3 0
22 44 0 0 0 -3 0
22 47 0 0 0 -3 0
22 49 0 0 0 -2 0
22 51 0 0 0 -2 0
22 53 0 0 0 -2 0
22 55 0 0 0 -2 0
22 57 0 0 0 -1 0
22 59 0 0 -1 -1 0
22 61 0 0 -1 -1 0
22 62 0 0 -1 0 0
22 63 0 0 0 0 0
22 64 0 0 0 0 0
23 2 0 0 167 453 44
23 4 0 0 -186 543 20
23 19 0 0 90 739 1
23 21 0 0 135 790 0
23 23 0 0 184 860 4
23 25 0 0 235 937 -2
23 27 0 0 263 1073 -34
23 28 0 0 258 1149 -32
23 29 0 0 202 1287 -68
23 30 0 0 111 1319 -23
23 31 0 0 2 0 0
23 32 0 0 2 0 0
23 33 0 0 2 -1 0
23 62 0 0 -1 0 0
23 63 0 0 -1 0 0
23 64 0 0 -1 0 0
24 8 0 0 -71 623 -7
24 10 0 0 -51 597 -4
24 12 0 0 -37 654 0
24 14 0 0 -21 679 0
24 28 0 0 128 1110 -30
24 29 0 0 96 1221 -62
24 30 0 0 73 1230 -24
24 31 0 0 2 0 0
24 32 0 0 2 0 0
24 33 0 0 2 0 0
24 34 0 0 2 -1 0
24 36 0 0 1 -2 0
24 38 0 0 1 -2 0
24 40 0 0 1 -3 0
24 42 0 0 0 -3 0
24 44 0 0 0 -3 0
24 47 0 0 0 -3 0
24 49 0 0 0 -3 0
24 51 0 0 0 -2 0
24 53 0 0 -1 -2 0
24 55 0 0 -1 -2 0
24 57 0 0 -1 -1 0
24 59 0 0 -1 -1 0
24 61 0 0 -1 -1 0
24 62 0 0 -1 0 0
24 63 0 0 -1 0 0
24 64 0 0 -1 0 0
25 2 0 0 -3 495 8
25 4 0 0 -73 618 44
25 6 0 0 -62 498 3
25 17 0 0 6 729 0
25 19 0 0 37 776 1
25 21 0 0 72 827 0
25 23 0 0 105 898 4
25 25 0 0 139 964 -1
25 27 0 0 141 1073 -35
25 28 0 0 147 1111 -30
25 29 0 0 106 1199 -64
25 30 0 0 56 1183 -26
25 31 0 0 3 0 0
25 32 0 0 2 0 0
25 33 0 0 2 -1 0
25 62 0 0 -1 0 0
25 63 0 0 -1 0 0
25 64 0 0 -1 0 0
26 28 0 0 48 1077 -27
26 29 0 0 34 1156 -60
26 30 0 0 29 1144 -23
26 31 0 0 3 0 0
26 32 0 0 3 0 0
26 33 0 0 3 0 0
26 34 0 0 3 -1 0
26 36 0 0 2 -2 0
26 38 0 0 2 -3 0
26 40 0 0 1 -3 0
26 42 0 0 0 -3 0
26 44 0 0 0 -3 0
26 47 0 0 0 -3 0
26 49 0 0 0 -3 0
26 51 0 0 -1 -3 0
26 53 0 0 -1 -2 0
26 55 0 0 -1 -2 0
26 57 0 0 -1 -1 0
26 59 0 0 -1 -1 0
26 61 0 0 -1 -1 0
26 62 0 0 -2 0 0
26 63 0 0 -2 0 0
26 64 0 0 -1 0 0
27 2 0 0 14 403 33
27 4 0 0 -176 582 23
27 6 0 0 -93 521 4
27 8 0 0 -90 615 -2
27 10 0 0 -80 615 -4
27 12 0 0 -71 674 -1
27 14 0 0 -62 708 0
27 17 0 0 -39 757 0
27 19 0 0 -13 806 1
27 21 0 0 14 857 0
27 23 0 0 40 924 4
27 25 0 0 63 980 -2
27 27 0 0 69 1070 -33
27 28 0 0 79 1082 -27
27 29 0 0 53 1148 -61
27 30 0 0 26 1125 -25
27 31 0 0 4 0 0
27 32 0 0 3 0 0
27 33 0 0 3 -1 0
27 62 0 0 -2 0 0
27 63 0 0 -2 0 0
27 64 0 0 -2 0 0
28 28 0 0 -5 1071 -26
28 29 0 0 -1 1133 -59
28 30 0 0 4 1111 -24
28 31 0 0 5 0 0
28 32 0 0 4 0 0
28 33 0 0 4 0 0
28 34 0 0 4 -2 0
28 36 0 0 3 -3 0
28 38 0 0 2 -4 0
28 40 0 0 1 -4 0
28 42 0 0 0 -4 0
28 44 0 0 0 -4 0
28 47 0 0 0 -4 0
28 49 0 0 -1 -4 0
28 51 0 0 -1 -3 0
28 53 0 0 -1 -3 0
28 55 0 0 -2 -2 0
28 57 0 0 -2 -2 0
28 59 0 0 -2 -1 0
28 61 0 0 -2 -1 0
28 62 0 0 -2 0 0
28 63 0 0 -2 0 0
28 64 0 0 -1 0 0
29 2 0 0 -18 517 -11
29 4 0 0 -187 588 48
29 6 0 0 -124 535 2
29 8 0 0 -132 640 -3
29 10 0 0 -127 635 -2
29 12 0 0 -114 700 0
29 14 0 0 -107 729 0
29 17 0 0 -87 780 0
29 19 0 0 -66 829 1
29 21 0 0 -43 881 0
29 23 0 0 -22 946 4
29 25 0 0 -1 995 -2
29 27 0 0 10 1074 -33
29 28 0 0 33 1071 -26
29 29 0 0 22 1129 -59
29 30 0 0 7 1105 -24
29 31 0 0 6 0 0
29 32 0 0 4 0 0
29 33 0 0 5 -2 0
29 62 0 0 -3 0 0
29 63 0 0 -2 0 0
29 64 0 0 -2 0 0
30 28 0 0 -45 1082 -27
30 29 0 0 -28 1136 -59
30 30 0 0 -11 1110 -24
30 31 0 0 7 0 0
30 32 0 0 6 -1 0
30 33 0 0 5 -1 0
30 34 0 0 5 -3 0
30 36 0 0 4 -4 0
30 38 0 0 3 -5 0
30 40 0 0 1 -5 0
30 42 0 0 0 -5 0
30 44 0 0 0 -5 0
30 47 0 0 0 -5 0
30 49 0 0 -1 -4 0
30 51 0 0 -2 -3 0
30 53 0 0 -2 -3 0
30 55 0 0 -2 -2 0
30 57 0 0 -2 -2 0
30 59 0 0 -2 -1 0
30 61 0 0 -2 -1 0
30 62 0 0 -3 0 0
30 63 0 0 -3 0 0
30 64 0 0 -3 0 0
31 2 0 0 -76 510 3
31 4 0 0 -221 583 27
31 6 0 0 -163 549 -3
31 8 0 0 -163 649 -3
31 10 0 0 -159 644 -2
31 12 0 0 -154 712 -1
31 14 0 0 -151 743 0
31 17 0 0 -136 797 0
31 19 0 0 -120 848 1
31 21 0 0 -100 902 0
31 23 0 0 -79 967 4
31 25 0 0 -57 1013 -2
31 27 0 0 -35 1088 -32
31 28 0 0 -2 1074 -26
31 29 0 0 -1 1134 -59
31 30 0 0 -7 1111 -24
31 31 0 0 8 0 0
31 32 0 0 6 -1 0
31 33 0 0 6 -3 0
31 62 0 0 -3 0 0
31 63 0 0 -3 0 0
31 64 0 0 -2 0 0
32 28 0 0 -81 1110 -28
32 29 0 0 -54 1164 -61
32 30 0 0 -26 1133 -26
32 31 0 0 9 0 0
32 32 0 0 8 -1 0
32 33 0 0 7 -1 0
32 34 0 0 6 -4 0
32 36 0 0 5 -5 0
32 38 0 0 3 -6 0
32 40 0 0 2 -6 0
32 42 0 0 0 -6 0
32 44 0 0 0 -6 0
32 47 0 0 -1 -5 0
32 49 0 0 -2 -5 0
32 51 0 0 -2 -4 0
32 53 0 0 -3 -3 0
32 55 0 0 -3 -2 0
32 57 0 0 -3 -2 0
32 59 0 0 -3 -1 0
32 61 0 0 -3 -1 0
32 62 0 0 -4 0 0
32 63 0 0 -4 0 0
32 64 0 0 -2 0 0
33 2 0 0 -121 503 6
33 4 0 0 -236 580 28
33 6 0 0 -196 546 -1
33 8 0 0 -205 652 -3
33 10 0 0 -204 650 -2
33 12 0 0 -202 726 0
33 14 0 0 -198 754 0
33 17 0 0 -188 812 0
33 19 0 0 -176 865 1
33 21 0 0 -159 921 0
33 23 0 0 -140 989 4
33 25 0 0 -115 1037 -2
33 27 0 0 -81 1114 -32
33 28 0 0 -37 1100 -26
33 29 0 0 -21 1163 -60
33 30 0 0 -20 1142 -24
33 31 0 0 10 0 0
33 32 0 0 8 -1 0
33 33 0 0 8 -4 0
33 62 0 0 -4 -1 0
33 63 0 0 -4 0 0
33 64 0 0 -3 0 0
34 28 0 0 -120 1154 -28
34 29 0 0 -83 1212 -63
34 30 0 0 -42 1181 -27
34 31 0 0 12 0 0
34 32 0 0 10 -2 0
34 33 0 0 9 -1 0
34 34 0 0 8 -5 0
34 36 0 0 6 -7 0
34 38 0 0 4 -8 0
34 40 0 0 2 -8 0
34 42 0 0 0 -8 0
34 44 0 0 -1 -7 0
34 47 0 0 -2 -6 0
34 49 0 0 -3 -5 0
34 51 0 0 -3 -4 0
34 53 0 0 -3 -3 0
34 55 0 0 -4 -3 0
34 57 0 0 -4 -2 0
34 59 0 0 -4 -1 0
34 61 0 0 -4 -1 0
34 62 0 0 -5 0 0
34 63 0 0 -4 0 0
34 64 0 0 -3 0 0
35 2 0 0 -166 490 15
35 4 0 0 -267 572 16
35 6 0 0 -239 551 -1
35 8 0 0 -246 650 -4
35 10 0 0 -245 653 -2
35 12 0 0 -247 727 -1
35 14 0 0 -246 759 0
35 17 0 0 -242 820 0
35 19 0 0 -235 877 1
35 21 0 0 -222 938 0
35 23 0 0 -203 1012 5
35 25 0 0 -176 1068 -2
35 27 0 0 -131 1153 -33
35 28 0 0 -77 1145 -26
35 29 0 0 -45 1215 -62
35 30 0 0 -36 1197 -24
35 31 0 0 13 0 0
35 32 0 0 11 -2 0
35 33 0 0 11 -5 0
35 62 0 0 -5 -1 0
35 63 0 0 -4 0 0
35 64 0 0 -4 0 0
36 21 0 0 -291 952 0
36 23 0 0 -277 1036 5
36 25 0 0 -248 1104 -2
36 27 0 0 -193 1207 -35
36 28 0 0 -168 1216 -28
36 29 0 0 -118 1285 -66
36 30 0 0 -62 1255 -27
36 31 0 0 16 0 0
36 32 0 0 13 -2 0
36 33 0 0 12 -2 0
36 34 0 0 11 -7 0
36 36 0 0 8 -9 0
36 38 0 0 5 -10 0
36 40 0 0 2 -11 0
36 42 0 0 0 -10 0
36 44 0 0 -2 -9 0
36 47 0 0 -3 -7 0
36 49 0 0 -4 -6 0
36 51 0 0 -4 -5 0
36 53 0 0 -4 -4 0
36 55 0 0 -4 -3 0
36 57 0 0 -4 -2 0
36 62 0 0 -5 0 0
36 63 0 0 -5 0 0
36 64 0 0 -4 0 0
37 2 0 0 -203 485 17
37 4 0 0 -291 567 17
37 6 0 0 -279 548 0
37 8 0 0 -288 645 -4
37 10 0 0 -290 651 -2
37 12 0 0 -295 725 -1
37 14 0 0 -299 759 0
37 17 0 0 -300 824 0
37 19 0 0 -299 885 1
37 28 0 0 -133 1211 -26
37 29 0 0 -80 1294 -63
37 30 0 0 -60 1283 -25
37 31 0 0 18 0 0
37 32 0 0 14 -3 0
37 33 0 0 14 -7 0
37 59 0 0 -4 -1 0
37 61 0 0 -4 -1 0
37 62 0 0 -6 -1 0
37 63 0 0 -5 -1 0
37 64 0 0 -4 0 0
38 19 0 0 -369 885 1
38 21 0 0 -370 960 0
38 23 0 0 -362 1057 5
38 25 0 0 -339 1144 -2
38 27 0 0 -274 1274 -38
38 28 0 0 -237 1303 -29
38 29 0 0 -170 1388 -70
38 30 0 0 -88 1370 -27
38 31 0 0 22 0 0
38 32 0 0 18 -3 0
38 33 0 0 16 -4 0
38 34 0 0 14 -10 0
38 36 0 0 10 -13 0
38 38 0 0 5 -14 0
38 40 0 0 1 -14 0
38 62 0 0 -5 0 0
38 63 0 0 -5 0 0
38 64 0 0 -5 0 0
39 2 0 0 -235 480 19
39 4 0 0 -324 563 16
39 6 0 0 -320 547 0
39 8 0 0 -330 638 -4
39 10 0 0 -334 646 -2
39 12 0 0 -344 718 -1
39 14 0 0 -353 754 0
39 17 0 0 -362 820 0
39 28 0 0 -214 1303 -27
39 29 0 0 -134 1411 -65
39 30 0 0 -97 1413 -28
39 31 0 0 24 0 0
39 32 0 0 20 -4 0
39 33 0 0 19 -9 0
39 42 0 0 -1 -12 0
39 44 0 0 -3 -10 0
39 47 0 0 -4 -8 0
39 49 0 0 -5 -7 0
39 51 0 0 -5 -5 0
39 53 0 0 -5 -4 0
39 55 0 0 -5 -3 0
39 57 0 0 -5 -2 0
39 59 0 0 -5 -1 0
39 61 0 0 -5 -1 0
39 62 0 0 -6 0 0
39 63 0 0 -5 0 0
39 64 0 0 -5 0 0
40 17 0 0 -426 808 0
40 19 0 0 -445 876 1
40 21 0 0 -459 958 0
40 23 0 0 -467 1068 5
40 25 0 0 -457 1181 -2
40 27 0 0 -394 1352 -40
40 28 0 0 -341 1413 -30
40 29 0 0 -253 1532 -76
40 30 0 0 -133 1545 -27
40 31 0 0 30 -1 -1
40 32 0 0 24 -6 0
40 33 0 0 21 -7 0
40 34 0 0 20 -16 0
40 36 0 0 12 -19 0
40 38 0 0 6 -19 0
40 62 0 0 -7 0 0
40 63 0 0 -6 0 0
40 64 0 0 -3 0 0
41 2 0 0 -263 477 19
41 4 0 0 -354 560 16
41 6 0 0 -359 543 1
41 8 0 0 -370 629 -4
41 10 0 0 -378 636 -2
41 12 0 0 -393 706 -1
41 14 0 0 -409 741 0
41 28 0 0 -344 1423 -28
41 29 0 0 -233 1578 -68
41 30 0 0 -166 1615 -28
41 31 0 0 33 0 0
41 32 0 0 27 -6 0
41 33 0 0 26 -14 0
41 40 0 0 0 -18 0
41 42 0 0 -3 -15 0
41 44 0 0 -5 -12 0
41 47 0 0 -6 -9 0
41 49 0 0 -7 -7 0
41 51 0 0 -7 -5 0
41 53 0 0 -7 -4 0
41 55 0 0 -6 -2 0
41 57 0 0 -6 -2 0
41 59 0 0 -6 -1 0
41 61 0 0 -5 0 0
41 62 0 0 -6 0 0
41 63 0 0 -6 0 0
41 64 0 0 -3 0 0
42 17 0 0 -491 784 0
42 19 0 0 -523 852 1
42 21 0 0 -558 937 0
42 23 0 0 -589 1059 6
42 25 0 0 -613 1199 -2
42 27 0 0 -564 1428 -44
42 28 0 0 -511 1550 -34
42 29 0 0 -399 1735 -81
42 30 0 0 -239 1801 -31
42 31 0 0 42 -1 -1
42 32 0 0 35 -9 0
42 33 0 0 30 -10 0
42 34 0 0 25 -25 0
42 36 0 0 12 -27 0
42 62 0 0 -8 0 0
42 63 0 0 -6 0 0
42 64 0 0 -4 0 0
43 2 0 0 -289 475 19
43 4 0 0 -384 556 16
43 6 0 0 -395 536 0
43 8 0 0 -406 618 -4
43 10 0 0 -419 622 -2
43 12 0 0 -439 688 0
43 14 0 0 -463 720 0
43 28 0 0 -555 1563 -36
43 29 0 0 -432 1821 -76
43 30 0 0 -309 1952 -26
43 31 0 0 49 0 0
43 32 0 0 39 -9 0
43 33 0 0 35 -21 0
43 38 0 0 4 -27 0
43 40 0 0 -3 -23 0
43 42 0 0 -7 -18 0
43 44 0 0 -9 -14 0
43 47 0 0 -10 -10 0
43 49 0 0 -9 -7 0
43 51 0 0 -9 -5 0
43 53 0 0 -8 -3 0
43 55 0 0 -7 -2 0
43 57 0 0 -7 -1 0
43 59 0 0 -6 0 0
43 61 0 0 -6 0 0
43 62 0 0 -8 -1 0
43 63 0 0 -7 -1 0
43 64 0 0 -4 0 0
44 19 0 0 -603 809 1
44 21 0 0 -662 891 -1
44 23 0 0 -734 1013 6
44 25 0 0 -815 1169 -5
44 27 0 0 -839 1455 -42
44 28 0 0 -797 1661 -44
44 29 0 0 -686 2003 -87
44 30 0 0 -509 2216 -50
44 31 0 0 60 -1 -2
44 32 0 0 53 -17 -1
44 33 0 0 42 -23 -1
44 34 0 0 37 -41 -1
44 36 0 0 14 -41 0
44 62 0 0 -7 0 0
44 63 0 0 -7 0 0
44 64 0 0 -4 0 0
45 2 0 0 -311 474 20
45 4 0 0 -411 551 16
45 6 0 0 -426 528 1
45 8 0 0 -439 603 -4
45 10 0 0 -456 603 -2
45 12 0 0 -481 663 0
45 14 0 0 -513 689 0
45 17 0 0 -553 748 0
45 28 0 0 -919 1635 -55
45 29 0 0 -875 2129 -91
45 30 0 0 -810 2545 -83
45 31 0 0 76 0 1
45 32 0 0 59 -17 -1
45 33 0 0 49 -38 1
45 38 0 0 2 -36 0
45 40 0 0 -8 -29 0
45 42 0 0 -11 -21 0
45 44 0 0 -14 -15 0
45 47 0 0 -13 -10 0
45 49 0 0 -12 -6 0
45 51 0 0 -11 -4 0
45 53 0 0 -10 -2 0
45 55 0 0 -8 -1 0
45 57 0 0 -7 0 0
45 59 0 0 -6 0 0
45 61 0 0 -6 0 0
45 62 0 0 -7 0 0
45 63 0 0 -7 0 0
45 64 0 0 -6 0 0
46 19 0 0 -669 743 1
46 21 0 0 -756 806 -1
46 23 0 0 -866 911 6
46 25 0 0 -1036 1048 -7
46 27 0 0 -1186 1302 -37
46 28 0 0 -1283 1588 -80
46 29 0 0 -1340 2269 -114
46 30 0 0 -1309 2888 -138
46 31 0 0 100 -3 -2
46 32 0 0 85 -36 -4
46 33 0 0 64 -43 0
46 35 0 0 43 -71 -1
46 36 0 0 6 -63 0
46 62 0 0 -8 1 0
46 63 0 0 -7 1 0
46 64 0 0 -6 0 0
47 2 0 0 -329 471 20
47 4 0 0 -434 546 16
47 6 0 0 -452 517 0
47 8 0 0 -465 586 -4
47 10 0 0 -486 580 -2
47 12 0 0 -515 631 0
47 14 0 0 -554 649 0
47 17 0 0 -604 695 0
47 28 0 0 -1541 1366 -90
47 29 0 0 -1828 2198 -119
47 30 0 0 -2395 3212 -173
47 31 0 0 128 -1 1
47 32 0 0 96 -37 -2
47 33 0 0 66 -65 0
47 38 0 0 -8 -53 0
47 40 0 0 -19 -38 0
47 42 0 0 -20 -24 0
47 44 0 0 -21 -16 0
47 47 0 0 -18 -9 0
47 49 0 0 -16 -5 0
47 51 0 0 -13 -2 0
47 53 0 0 -11 0 0
47 55 0 0 -9 0 0
47 57 0 0 -8 0 0
47 59 0 0 -7 0 0
47 61 0 0 -6 0 0
47 62 0 0 -8 0 0
47 63 0 0 -6 -1 0
47 64 0 0 -4 0 0
48 19 0 0 -719 658 0
48 21 0 0 -823 698 -2
48 23 0 0 -985 739 4
48 25 0 0 -1187 828 -9
48 27 0 0 -1575 894 -20
48 28 0 0 -1931 1116 -75
48 29 0 0 -2426 1645 -85
48 30 0 0 -3284 2746 123
48 31 0 0 188 -8 -2
48 32 0 0 142 -96 -10
48 33 0 0 91 -107 -6
48 35 0 0 60 -114 -7
48 62 0 0 -6 0 0
48 63 0 0 -6 1 0
48 64 0 0 -3 0 0
49 2 0 0 -343 469 20
49 4 0 0 -452 540 16
49 6 0 0 -471 504 0
49 8 0 0 -486 567 -4
49 10 0 0 -509 553 -2
49 12 0 0 -541 596 -1
49 14 0 0 -584 601 0
49 17 0 0 -641 634 0
49 28 0 0 -1980 693 -14
49 29 0 0 -2580 837 -51
49 30 0 0 -2900 220 -24
49 31 0 0 265 -9 0
49 32 0 0 163 -107 -9
49 33 0 0 95 -155 -11
49 37 0 0 -3 -90 -1
49 38 0 0 -21 -62 0
49 40 0 0 -36 -45 0
49 42 0 0 -33 -22 0
49 44 0 0 -29 -13 0
49 47 0 0 -24 -5 0
49 49 0 0 -19 -1 0
49 51 0 0 -15 0 0
49 53 0 0 -12 1 0
49 55 0 0 -9 1 0
49 57 0 0 -8 1 0
49 59 0 0 -6 1 0
49 61 0 0 -6 1 0
49 62 0 0 -7 0 0
49 63 0 0 -6 0 0
49 64 0 0 -3 0 0
50 17 0 0 -654 560 0
50 19 0 0 -731 560 0
50 21 0 0 -831 537 0
50 23 0 0 -988 536 6
50 26 0 0 -1498 406 -18
50 28 0 0 -1942 220 -9
50 29 0 0 -2435 -15 -20
50 30 0 0 -2294 -706 -8
50 31 0 0 493 -53 -13
50 32 0 0 207 -293 -21
50 33 0 0 117 -240 -19
50 62 0 0 -6 1 0
50 63 0 0 -5 1 0
50 64 0 0 -3 0 0
51 2 0 0 -352 467 20
51 4 0 0 -464 533 16
51 6 0 0 -484 491 0
51 8 0 0 -499 548 -4
51 10 0 0 -522 524 -2
51 12 0 0 -554 557 -1
51 14 0 0 -597 548 0
51 25 0 0 -1170 406 -3
51 28 0 0 -1616 -187 -40
51 29 0 0 -1925 -569 -29
51 30 0 0 -1356 -1956 64
51 31 0 0 1021 -158 0
51 32 0 0 149 -666 15
51 33 0 0 51 -337 -22
51 35 0 0 8 -207 -6
51 37 0 0 -46 -146 0
51 38 0 0 -52 -80 0
51 40 0 0 -62 -50 0
51 42 0 0 -50 -19 0
51 44 0 0 -40 -6 0
51 47 0 0 -29 0 0
51 49 0 0 -22 3 0
51 51 0 0 -16 4 0
51 53 0 0 -12 4 0
51 55 0 0 -9 3 0
51 57 0 0 -7 3 0
51 59 0 0 -6 2 0
51 61 0 0 -5 1 0
51 62 0 0 -5 0 0
51 63 0 0 -5 0 0
51 64 0 0 -3 0 0
52 12 0 0 -556 521 0
52 14 0 0 -595 501 0
52 16 0 0 -645 499 0
52 19 0 0 -705 478 0
52 21 0 0 -789 434 0
52 23 0 0 -875 382 5
52 28 0 0 -1183 -267 -61
52 29 0 0 -1174 -567 -62
52 30 0 0 -787 -1568 27
52 31 0 0 -281 -1471 0
52 32 0 0 -256 -434 -39
52 33 0 0 -110 -298 -16
52 38 0 0 -114 -78 2
52 62 0 0 -5 2 0
52 63 0 0 -4 1 0
52 64 0 0 -3 0 0
53 2 0 0 -357 465 20
53 4 0 0 -470 527 16
53 6 0 0 -490 478 0
53 8 0 0 -504 528 -3
53 10 0 0 -526 496 -2
53 24 0 0 -1032 222 -1
53 26 0 0 -1092 85 -12
53 28 0 0 -998 -309 -28
53 29 0 0 -907 -242 -31
53 30 0 0 -699 -613 -24
53 31 0 0 -448 -518 -12
53 32 0 0 -249 -417 -30
53 33 0 0 -115 -371 -8
53 35 0 0 -131 -212 -9
53 36 0 0 -134 -165 0
53 40 0 0 -98 -41 1
53 42 0 0 -75 0 0
53 44 0 0 -48 6 0
53 47 0 0 -33 12 0
53 49 0 0 -22 11 0
53 51 0 0 -16 10 0
53 53 0 0 -11 8 0
53 55 0 0 -8 6 0
53 57 0 0 -6 5 0
53 59 0 0 -5 3 0
53 61 0 0 -4 2 0
53 62 0 0 -4 1 0
53 63 0 0 -3 0 0
53 64 0 0 -2 0 0
54 8 0 0 -503 511 -3
54 10 0 0 -523 471 -2
54 12 0 0 -549 490 -1
54 14 0 0 -582 459 0
54 16 0 0 -624 450 0
54 19 0 0 -670 415 0
54 21 0 0 -731 366 0
54 23 0 0 -785 299 3
54 38 0 0 -175 -64 5
54 40 0 0 -145 -10 5
54 62 0 0 -3 2 0
54 63 0 0 -3 1 0
54 64 0 0 -3 0 0
55 2 0 0 -357 464 20
55 4 0 0 -471 522 16
55 6 0 0 -490 466 0
55 24 0 0 -862 177 -1
55 26 0 0 -855 7 -2
55 28 0 0 -805 -210 -19
55 30 0 0 -548 -392 -19
55 33 0 0 -344 -305 -17
55 35 0 0 -243 -182 -4
55 36 0 0 -189 -130 2
55 37 0 0 0 0 0
55 42 0 0 -96 30 2
55 44 0 0 -54 34 1
55 47 0 0 -34 26 0
55 49 0 0 -20 21 0
55 51 0 0 -13 15 0
55 53 0 0 -9 11 0
55 55 0 0 -6 8 0
55 57 0 0 -4 6 0
55 59 0 0 -3 4 0
55 61 0 0 -3 3 0
55 62 0 0 -2 2 0
55 63 0 0 -2 0 0
55 64 0 0 -2 0 0
56 8 0 0 -496 496 -3
56 10 0 0 -513 450 -2
56 12 0 0 -535 463 -1
56 14 0 0 -562 426 0
56 16 0 0 -594 411 0
56 18 0 0 -628 371 0
56 21 0 0 -668 321 0
56 23 0 0 -698 256 1
56 36 0 0 -254 -88 1
56 37 0 0 0 0 0
56 38 0 0 -235 -51 3
56 40 0 0 -185 24 11
56 41 0 0 -178 65 -2
56 42 0 0 -137 87 6
56 43 0 0 -82 68 3
56 44 0 0 -55 64 2
56 45 0 0 -37 48 0
56 46 0 0 -26 43 0
56 47 0 0 -18 35 0
56 48 0 0 -15 30 0
56 49 0 0 -11 25 0
56 50 0 0 -9 21 0
56 51 0 0 -6 18 0
56 52 0 0 -6 15 0
56 53 0 0 -4 13 0
56 54 0 0 -4 11 0
56 55 0 0 -3 9 0
56 56 0 0 -3 8 0
56 57 0 0 -2 6 0
56 58 0 0 -2 5 0
56 59 0 0 -2 4 0
56 60 0 0 -1 3 0
56 61 0 0 -1 2 0
56 62 0 0 -2 2 0
56 63 0 0 -2 1 0
56 64 0 0 -1 0 0
57 2 0 0 -354 463 20
57 4 0 0 -467 516 16
57 6 0 0 -485 454 0
57 24 0 0 -731 158 0
57 26 0 0 -714 38 2
57 28 0 0 -670 -91 0
57 30 0 0 -522 -184 0
57 33 0 0 -359 -170 0
57 35 0 0 -302 -140 0
57 37 0 0 0 0 0
57 38 0 0 0 0 0
57 39 0 1 0 0 0
57 40 0 0 -263 -16 11
57 41 0 0 -214 53 9
57 42 0 0 -91 140 4
57 43 0 0 -68 119 5
57 44 0 13 -31 89 -1
57 45 0 0 -22 65 1
57 46 0 0 -16 52 1
57 47 0 0 -11 40 1
57 48 0 0 -8 33 0
57 49 0 67 -5 26 0
57 50 0 37 -5 22 0
57 51 0 21 -3 18 0
57 52 0 0 -3 16 0
57 53 0 0 -2 13 0
57 54 0 222 -2 11 0
57 55 0 146 -1 9 0
57 56 0 19 -2 8 0
57 57 0 2 -1 6 0
57 58 0 23 -1 5 0
57 59 0 145 0 4 0
57 60 0 161 -1 3 0
57 61 0 34 0 2 0
57 62 0 0 -1 2 0
57 63 0 0 0 1 0
57 64 0 0 0 0 0
58 8 0 0 -485 483 -4
58 10 0 0 -499 432 -2
58 12 0 0 -517 442 -1
58 14 0 0 -537 401 0
58 16 0 0 -562 384 0
58 18 0 0 -585 341 0
58 21 0 0 -611 297 0
58 23 0 0 -625 236 0
58 25 0 0 -639 162 0
58 26 0 0 -612 74 2
58 28 0 0 -573 -12 2
58 30 0 0 -474 -86 1
58 32 0 0 -387 -90 2
58 37 0 0 0 0 0
58 38 0 1 0 0 0
58 39 0 2 0 0 0
58 40 0 3 -316 28 1
58 41 0 6 -291 339 21
58 42 0 0 -301 399 83
58 43 0 0 -29 168 6
58 44 0 0 -10 95 -8
58 45 0 0 -4 82 -12
58 46 0 0 -6 52 5
58 47 0 0 -2 48 0
58 48 0 0 -3 32 4
58 49 0 0 -1 31 0
58 50 0 0 -2 21 3
58 51 0 0 0 21 0
58 52 0 0 -2 14 2
58 53 0 0 0 14 0
58 54 0 0 -1 10 1
58 55 0 0 0 10 0
58 56 0 0 -1 7 1
58 57 0 0 0 7 0
58 58 0 0 0 5 0
58 59 0 0 0 5 0
58 60 0 0 0 3 0
58 61 0 0 0 3 0
58 62 0 0 0 1 0
58 63 0 0 0 0 0
58 64 0 0 0 0 0
59 2 0 0 -347 462 20
59 4 0 0 -458 512 16
59 6 0 0 -475 445 0
59 34 0 0 -326 -76 0
59 36 0 0 -281 -64 1
59 37 0 2 0 0 0
59 38 0 5 -280 -52 0
59 39 0 4 0 0 0
59 40 0 5 -312 -91 0
59 41 0 11 -406 -104 -26
59 42 0 0 -27 -334 29
59 43 0 0 -33 -149 -13
59 44 0 0 -44 -78 21
59 45 0 255 -9 -119 6
59 46 0 0 -5 -82 -3
59 47 0 0 -1 -76 2
59 48 0 0 -5 -53 -5
59 49 0 0 0 -50 1
59 50 0 737 -4 -37 -4
59 51 0 0 1 -35 1
59 52 0 0 -3 -26 -3
59 53 0 0 1 -25 1
59 54 0 0 -2 -19 -2
59 55 0 1175 0 -18 0
59 56 0 0 -1 -13 -1
59 57 0 0 0 -12 0
59 58 0 0 -1 -9 -1
59 59 0 0 0 -9 0
59 60 0 2554 0 -6 0
59 61 0 0 -1 -6 0
59 62 0 0 -1 -2 0
59 63 0 0 0 -2 0
59 64 0 0 0 0 0
60 12 0 0 -495 425 -1
60 14 0 0 -511 381 0
60 16 0 0 -529 364 0
60 18 0 0 -544 322 0
60 21 0 0 -560 281 0
60 23 0 0 -566 229 0
60 25 0 0 -567 169 0
60 27 0 0 -545 105 0
60 29 0 0 -509 44 0
60 30 0 0 -445 -5 0
60 32 0 0 -373 -23 0
60 34 0 0 -325 -33 0
60 37 0 3 0 0 0
60 38 0 6 0 0 0
60 39 0 14 0 0 0
60 40 0 27 -257 -70 -10
60 41 0 50 -264 -138 -12
60 42 0 85 -156 -180 -1
60 43 0 136 -75 -176 -7
60 44 0 207 -39 -130 0
60 45 0 297 -30 -110 -3
60 46 0 406 -21 -85 -2
60 47 0 529 -15 -70 -1
60 48 0 663 -13 -57 -1
60 49 0 802 -9 -47 0
60 50 0 945 -8 -41 -1
60 51 0 1096 -5 -34 0
60 52 0 1255 -6 -29 0
60 53 0 1427 -3 -24 0
60 54 0 1618 -5 -21 0
60 55 0 1837 -2 -17 0
60 56 0 2090 -3 -15 0
60 57 0 2380 -2 -12 0
60 58 0 2875 -2 -11 0
60 59 0 3230 -1 -8 0
60 60 0 3531 -2 -7 0
60 61 0 3714 -1 -5 0
60 62 0 3722 -2 -4 0
60 63 0 3345 -1 -2 0
60 64 0 2991 -1 0 0
61 2 0 0 -338 461 20
61 4 0 0 -445 508 16
61 6 0 0 -462 437 0
61 8 0 0 -470 472 -4
61 10 0 0 -481 417 -1
61 36 0 0 -282 -41 0
61 37 0 3 0 0 0
61 38 0 6 -260 -51 -3
61 39 0 15 0 0 0
61 40 0 29 -219 -97 -7
61 41 0 54 -183 -112 -6
61 42 0 92 -157 -154 -9
61 43 0 148 -90 -122 -3
61 44 0 228 -81 -111 -2
61 45 0 330 -48 -87 0
61 46 0 460 -42 -77 0
61 47 0 610 -27 -64 -1
61 48 0 782 -25 -55 0
61 49 0 971 -17 -46 -1
61 50 0 1176 -16 -40 -1
61 51 0 1399 -11 -33 -1
61 52 0 1640 -11 -29 -1
61 53 0 1903 -8 -24 0
61 54 0 2192 -8 -21 0
61 55 0 2581 -5 -18 0
61 56 0 2980 -6 -15 0
61 57 0 3428 -4 -13 0
61 58 0 3907 -5 -11 0
61 59 0 4377 -3 -8 0
61 60 0 4773 -3 -7 0
61 61 0 5011 -3 -5 0
61 62 0 5018 -4 -4 0
61 63 0 4749 -4 -2 0
61 64 0 4221 -3 0 0
62 18 0 0 -506 310 0
62 20 0 0 -515 275 0
62 23 0 0 -515 229 0
62 25 0 0 -512 182 0
62 27 0 0 -489 133 0
62 29 0 0 -460 88 0
62 31 0 0 -410 49 0
62 32 0 0 -359 28 0
62 34 0 0 -310 14 0
62 37 0 3 0 0 0
62 38 0 6 0 0 0
62 39 0 15 0 0 0
62 40 0 29 0 0 0
62 41 0 56 0 0 0
62 42 0 94 -136 -72 -4
62 43 0 154 0 0 0
62 44 0 240 0 0 0
62 45 0 354 -82 -67 -3
62 46 0 501 0 0 0
62 47 0 680 -52 -52 -1
62 48 0 896 0 0 0
62 49 0 1144 -34 -40 0
62 50 0 1426 0 0 0
62 51 0 1745 -23 -29 0
62 52 0 2095 0 0 0
62 53 0 2481 -16 -22 0
62 54 0 2937 0 0 0
62 55 0 3434 -12 -16 0
62 56 0 3989 0 0 0
62 57 0 4599 -9 -12 0
62 58 0 5238 0 0 0
62 59 0 5853 -7 -8 0
62 60 0 6359 0 0 0
62 61 0 6653 -6 -6 0
62 62 0 6643 -5 -3 0
62 63 0 6273 -4 0 0
62 64 0 5566 -4 0 0
63 2 0 0 -326 461 20
63 4 0 0 -429 505 16
63 6 0 0 -445 431 0
63 8 0 0 -452 464 -4
63 10 0 0 -461 406 -1
63 12 0 0 -472 412 -1
63 14 0 0 -483 367 0
63 16 0 0 -496 351 0
63 36 0 0 -264 -1 0
63 37 0 3 0 0 0
63 38 0 6 -228 -25 -3
63 39 0 15 0 0 0
63 40 0 28 -200 -53 -4
63 41 0 55 0 0 0
63 42 0 93 0 0 0
63 43 0 155 0 0 0
63 44 0 245 0 0 0
63 45 0 366 0 0 0
63 46 0 529 0 0 0
63 47 0 737 0 0 0
63 48 0 999 0 0 0
63 49 0 1316 0 0 0
63 50 0 1690 0 0 0
63 51 0 2126 0 0 0
63 52 0 2614 0 0 0
63 53 0 3162 0 0 0
63 54 0 3772 0 0 0
63 55 0 4462 0 0 0
63 56 0 5226 0 0 0
63 57 0 6054 0 0 0
63 58 0 6904 0 0 0
63 59 0 7700 0 0 0
63 60 0 8334 0 0 0
63 61 0 8678 0 0 0
63 62 0 8624 -7 -4 0
63 63 0 8110 -6 -2 0
63 64 0 7170 -6 0 0
64 25 0 0 -468 195 0
64 27 0 0 -450 156 0
64 29 0 0 -424 123 0
64 31 0 0 -385 95 0
64 33 0 0 -338 77 0
64 34 0 0 -293 62 0
64 37 0 2 0 0 0
64 38 0 6 0 0 0
64 39 0 14 0 0 0
64 40 0 26 -161 -7 -1
64 41 0 52 0 0 0
64 42 0 89 -119 -31 0
64 43 0 149 0 0 0
64 44 0 241 0 0 0
64 45 0 368 -82 -34 0
64 46 0 547 0 0 0
64 47 0 786 -58 -31 0
64 48 0 1099 0 0 0
64 49 0 1495 -40 -26 0
64 50 0 1975 0 0 0
64 51 0 2549 -29 -21 0
64 52 0 3198 0 0 0
64 53 0 3933 -21 -17 0
64 54 0 4760 0 0 0
64 55 0 5696 -16 -13 0
64 56 0 6730 0 0 0
64 57 0 7838 -12 -9 0
64 58 0 8954 0 0 0
64 59 0 9970 -10 -6 0
64 60 0 10746 0 0 0
64 61 0 11133 -8 -5 0
64 62 0 11004 -9 -2 0
64 63 0 10298 -7 0 0
64 64 0 9065 -7 0 0
65 2 0 0 -312 460 19
65 4 0 0 -410 503 15
65 6 0 0 -427 425 0
65 8 0 0 -432 457 -4
65 10 0 0 -439 397 -1
65 12 0 0 -447 403 -1
65 14 0 0 -456 357 0
65 16 0 0 -465 342 0
65 18 0 0 -472 302 0
65 21 0 0 -477 272 0
65 23 0 0 -475 233 0
65 36 0 0 -242 42 0
65 37 0 2 0 0 0
65 38 0 5 -204 21 0
65 39 0 12 0 0 0
65 40 0 24 0 0 0
65 41 0 47 0 0 0
65 42 0 81 0 0 0
65 43 0 139 0 0 0
65 44 0 231 0 0 0
65 45 0 363 0 0 0
65 46 0 556 0 0 0
65 47 0 828 0 0 0
65 48 0 1198 0 0 0
65 49 0 1683 0 0 0
65 50 0 2285 0 0 0
65 51 0 3022 0 0 0
65 52 0 3866 0 0 0
65 53 0 4836 0 0 0
65 54 0 5937 0 0 0
65 55 0 7186 0 0 0
65 56 0 8562 0 0 0
65 57 0 10018 0 0 0
65 58 0 11449 0 0 0
65 59 0 12710 0 0 0
65 60 0 13632 0 0 0
65 61 0 14042 0 0 0
65 62 0 13804 -10 -3 0
65 63 0 12853 -9 -2 0
65 64 0 11260 -9 0 0
66 29 0 0 -398 152 0
66 31 0 0 -365 133 0
66 33 0 0 -327 121 0
66 34 0 0 -276 110 0
66 36 0 0 -222 87 0
66 37 0 2 0 0 0
66 38 0 4 -178 55 0
66 39 0 10 0 0 0
66 40 0 20 -146 27 0
66 41 0 41 0 0 0
66 42 0 72 -110 5 0
66 43 0 128 0 0 0
66 44 0 219 0 0 0
66 45 0 357 -81 -4 0
66 46 0 567 0 0 0
66 47 0 878 -59 -9 0
66 48 0 1314 0 0 0
66 49 0 1903 -44 -11 0
66 50 0 2648 0 0 0
66 51 0 3578 -32 -10 0
66 52 0 4660 0 0 0
66 53 0 5923 -24 -9 0
66 54 0 7377 0 0 0
66 55 0 9034 -19 -8 0
66 56 0 10851 0 0 0
66 57 0 12742 -15 -6 0
66 58 0 14549 0 0 0
66 59 0 16081 -12 -4 0
66 60 0 17143 0 0 0
66 61 0 17549 -11 -3 0
66 62 0 17154 -10 -1 0
66 63 0 15891 -10 0 0
66 64 0 13847 -9 0 0
67 2 0 0 -297 459 18
67 4 0 0 -389 501 15
67 6 0 0 -407 421 0
67 8 0 0 -411 452 -3
67 10 0 0 -416 391 -1
67 12 0 0 -423 396 -1
67 14 0 0 -429 350 0
67 16 0 0 -436 335 0
67 18 0 0 -440 298 0
67 21 0 0 -443 272 0
67 23 0 0 -440 237 0
67 25 0 0 -434 207 0
67 27 0 0 -418 177 0
67 37 0 1 0 0 0
67 38 0 3 0 0 0
67 39 0 9 0 0 0
67 40 0 17 0 0 0
67 41 0 35 0 0 0
67 42 0 63 0 0 0
67 43 0 116 0 0 0
67 44 0 208 0 0 0
67 45 0 354 0 0 0
67 46 0 585 0 0 0
67 47 0 942 0 0 0
67 48 0 1455 0 0 0
67 49 0 2163 0 0 0
67 50 0 3074 0 0 0
67 51 0 4232 0 0 0
67 52 0 5604 0 0 0
67 53 0 7234 0 0 0
67 54 0 9139 0 0 0
67 55 0 11321 0 0 0
67 56 0 13701 0 0 0
67 57 0 16126 0 0 0
67 58 0 18367 0 0 0
67 59 0 20186 0 0 0
67 60 0 21371 0 0 0
67 61 0 21745 0 0 0
67 62 0 21150 -12 -2 1
67 63 0 19507 -11 -2 0
67 64 0 16910 -10 0 0
68 27 0 0 -395 192 0
68 28 0 0 -379 175 0
68 30 0 0 -354 165 1
68 32 0 0 -314 165 2
68 34 0 0 -258 167 2
68 37 0 1 -186 139 2
68 38 0 3 0 0 0
68 39 0 7 -142 97 0
68 40 0 13 0 0 0
68 41 0 29 -113 60 0
68 42 0 55 -88 33 0
68 43 0 106 0 0 0
68 44 0 202 0 0 0
68 45 0 360 -67 16 0
68 46 0 618 0 0 0
68 47 0 1031 -52 5 0
68 48 0 1634 0 0 0
68 49 0 2481 -40 0 0
68 50 0 3583 0 0 0
68 51 0 5007 -31 -2 0
68 52 0 6725 0 0 0
68 53 0 8808 -24 -3 0
68 54 0 11281 0 0 0
68 55 0 14129 -19 -3 0
68 56 0 17211 0 0 0
68 57 0 20280 -16 -3 0
68 58 0 23009 0 0 0
68 59 0 25116 -13 -2 0
68 60 0 26397 0 0 0
68 61 0 26697 -12 -2 0
68 62 0 25854 -13 0 0
68 63 0 23757 -12 0 0
68 64 0 20495 -11 0 0
69 2 0 0 -280 459 18
69 4 0 0 -366 500 15
69 6 0 0 -386 419 0
69 8 0 0 -388 448 -3
69 10 0 0 -393 385 -1
69 12 0 0 -398 390 -1
69 14 0 0 -403 344 0
69 16 0 0 -408 331 0
69 18 0 0 -411 295 0
69 21 0 0 -413 272 0
69 23 0 0 -411 241 0
69 25 0 0 -406 216 0
69 37 0 1 0 0 0
69 38 0 2 0 0 0
69 39 0 5 0 0 0
69 40 0 11 0 0 0
69 41 0 24 0 0 0
69 42 0 49 0 0 0
69 43 0 101 0 0 0
69 44 0 202 0 0 0
69 45 0 376 0 0 0
69 46 0 669 0 0 0
69 47 0 1148 0 0 0
69 48 0 1854 0 0 0
69 49 0 2857 0 0 0
69 50 0 4176 0 0 0
69 51 0 5903 0 0 0
69 52 0 8024 0 0 0
69 53 0 10641 0 0 0
69 54 0 13794 0 0 0
69 55 0 17445 0 0 0
69 56 0 21371 0 0 0
69 57 0 25193 0 0 0
69 58 0 28462 0 0 0
69 59 0 30845 0 0 0
69 60 0 32168 0 0 0
69 61 0 32324 0 0 0
69 62 0 31163 -13 -2 0
69 63 0 28536 -12 -2 0
69 64 0 24504 -8 0 0
70 27 0 0 -378 204 0
70 28 0 0 -371 194 0
70 30 0 0 -358 198 2
70 32 0 0 -332 216 4
70 34 0 0 -252 239 5
70 37 0 0 -153 197 6
70 38 0 1 0 0 0
70 39 0 4 -100 127 2
70 40 0 9 0 0 0
70 41 0 21 -81 81 0
70 42 0 46 -66 50 0
70 43 0 101 0 0 0
70 44 0 210 -54 31 0
70 45 0 405 0 0 0
70 46 0 738 0 0 0
70 47 0 1288 -43 17 0
70 48 0 2107 0 0 0
70 49 0 3276 -35 9 0
70 50 0 4830 0 0 0
70 51 0 6885 -28 4 0
70 52 0 9446 0 0 0
70 53 0 12653 -23 1 0
70 54 0 16563 0 0 0
70 55 0 21119 -19 0 0
70 56 0 25995 0 0 0
70 57 0 30651 -16 0 0
70 58 0 34490 0 0 0
70 59 0 37133 -14 0 0
70 60 0 38455 0 0 0
70 61 0 38434 -12 0 0
70 62 0 36947 -14 0 0
70 63 0 33785 -13 1 0
70 64 0 28928 -8 0 0
71 2 0 0 -262 459 16
71 4 0 0 -342 501 15
71 6 0 0 -363 416 1
71 8 0 0 -365 445 -3
71 10 0 0 -368 381 -1
71 12 0 0 -373 386 -1
71 14 0 0 -376 340 0
71 16 0 0 -381 327 0
71 18 0 0 -384 293 0
71 21 0 0 -386 271 0
71 23 0 0 -386 244 0
71 25 0 0 -384 222 0
71 37 0 0 0 0 0
71 38 0 1 0 0 0
71 39 0 4 0 0 0
71 40 0 8 0 0 0
71 41 0 20 0 0 0
71 42 0 47 0 0 0
71 43 0 105 0 0 0
71 44 0 225 0 0 0
71 45 0 442 0 0 0
71 46 0 816 0 0 0
71 47 0 1437 0 0 0
71 48 0 2369 0 0 0
71 49 0 3708 0 0 0
71 50 0 5506 0 0 0
71 51 0 7901 0 0 0
71 52 0 10917 0 0 0
71 53 0 14724 0 0 0
71 54 0 19412 0 0 0
71 55 0 24911 0 0 0
71 56 0 30811 0 0 0
71 57 0 36402 0 0 0
71 58 0 40902 0 0 0
71 59 0 43844 0 0 0
71 60 0 45155 0 0 0
71 61 0 44950 0 0 0
71 62 0 43176 -14 -1 0
71 63 0 39532 -13 -1 0
71 64 0 33828 -11 0 0
72 28 0 0 -371 197 0
72 30 0 0 -377 205 0
72 32 0 0 -375 249 6
72 33 0 0 -334 269 2
72 34 0 0 -314 337 16
72 35 0 0 -165 378 1
72 36 0 0 -111 309 14
72 37 0 0 -52 200 8
72 38 0 0 0 0 0
72 39 0 4 -23 145 4
72 40 0 8 0 0 0
72 41 0 21 -34 93 0
72 42 0 50 -35 60 0
72 43 0 114 0 0 0
72 44 0 244 -34 39 0
72 45 0 481 0 0 0
72 46 0 891 0 0 0
72 47 0 1576 -31 24 0
72 48 0 2611 0 0 0
72 49 0 4112 -27 15 0
72 50 0 6153 0 0 0
72 51 0 8883 -23 9 0
72 52 0 12346 0 0 0
72 53 0 16729 -20 5 0
72 54 0 22169 0 0 0
72 55 0 28639 -17 3 0
72 56 0 35708 0 0 0
72 57 0 42507 -15 1 0
72 58 0 47936 0 0 0
72 59 0 51289 -13 0 0
72 60 0 52558 0 0 0
72 61 0 52104 -12 0 0
72 62 0 50013 -15 1 0
72 63 0 45859 -13 1 0
72 64 0 39206 -12 0 0
73 2 0 0 -244 459 15
73 4 0 0 -317 502 14
73 6 0 0 -340 414 2
73 8 0 0 -341 443 -3
73 10 0 0 -344 378 -1
73 12 0 0 -348 382 -1
73 14 0 0 -351 336 0
73 16 0 0 -356 323 0
73 19 0 0 -358 290 0
73 21 0 0 -361 269 0
73 23 0 0 -363 243 0
73 25 0 0 -366 223 0
73 27 0 0 -368 206 0
73 32 0 0 -413 191 -7
73 33 0 0 -424 288 -8
73 34 0 0 -421 438 -4
73 35 0 0 -355 603 -3
73 36 0 0 2 298 13
73 37 0 0 30 205 -7
73 38 0 0 0 0 0
73 39 0 4 0 0 0
73 40 0 10 0 0 0
73 41 0 24 0 0 0
73 42 0 57 0 0 0
73 43 0 127 0 0 0
73 44 0 267 0 0 0
73 45 0 520 0 0 0
73 46 0 961 0 0 0
73 47 0 1695 0 0 0
73 48 0 2814 0 0 0
73 49 0 4457 0 0 0
73 50 0 6722 0 0 0
73 51 0 9765 0 0 0
73 52 0 13647 0 0 0
73 53 0 18574 0 0 0
73 54 0 24789 0 0 0
73 55 0 32412 0 0 0
73 56 0 41132 0 0 0
73 57 0 49874 0 0 0
73 58 0 56852 0 0 0
73 59 0 60765 0 0 0
73 60 0 61734 0 0 0
73 61 0 60606 0 0 0
73 62 0 57716 -15 -1 0
73 63 0 52572 -13 -1 0
73 64 0 44591 -12 0 0
74 29 0 0 -369 180 -2
74 30 0 0 -389 181 -3
74 32 0 0 -455 207 -10
74 33 0 0 -486 243 -14
74 34 0 0 -703 240 14
74 35 0 0 -39 68 -9
74 36 0 0 171 89 4
74 37 0 0 116 130 2
74 38 0 0 0 0 0
74 39 0 5 38 95 2
74 40 0 12 2 64 0
74 41 0 28 0 0 0
74 42 0 65 -11 49 0
74 43 0 143 0 0 0
74 44 0 292 -18 35 0
74 45 0 558 0 0 0
74 46 0 1018 0 0 0
74 47 0 1780 -20 24 0
74 48 0 2953 0 0 0
74 49 0 4699 -20 17 0
74 50 0 7141 0 0 0
74 51 0 10448 -18 11 0
74 52 0 14712 0 0 0
74 53 0 20187 -17 8 0
74 54 0 27316 0 0 0
74 55 0 36532 -15 5 0
74 56 0 47755 0 0 0
74 57 0 59576 -13 3 0
74 58 0 69145 0 0 0
74 59 0 74157 -12 2 0
74 60 0 74576 0 0 0
74 61 0 71868 -11 1 0
74 62 0 66944 -13 1 0
74 63 0 59548 -12 1 0
74 64 0 49358 -11 -1 0
75 2 0 0 -225 459 12
75 4 0 0 -291 503 14
75 6 0 0 -314 413 3
75 8 0 0 -316 441 -2
75 10 0 0 -317 375 0
75 12 0 0 -322 379 0
75 14 0 0 -323 335 0
75 16 0 0 -329 320 0
75 19 0 0 -332 288 0
75 21 0 0 -337 266 0
75 23 0 0 -340 239 0
75 25 0 0 -347 218 0
75 27 0 0 -354 198 1
75 32 0 0 -454 111 -5
75 33 0 0 -521 136 -7
75 34 0 0 -635 40 -1
75 35 0 0 138 -26 10
75 36 0 0 127 69 4
75 37 0 0 80 77 2
75 38 0 0 0 0 0
75 39 0 6 0 0 0
75 40 0 15 0 0 0
75 41 0 34 0 0 0
75 42 0 77 0 0 0
75 43 0 162 0 0 0
75 44 0 321 0 0 0
75 45 0 596 0 0 0
75 46 0 1068 0 0 0
75 47 0 1838 0 0 0
75 48 0 3027 0 0 0
75 49 0 4819 0 0 0
75 50 0 7365 0 0 0
75 51 0 10869 0 0 0
75 52 0 15484 0 0 0
75 53 0 21565 0 0 0
75 54 0 29852 0 0 0
75 55 0 41169 0 0 0
75 56 0 55555 0 0 0
75 57 0 71209 0 0 0
75 58 0 84828 0 0 0
75 59 0 93089 0 0 0
75 60 0 93875 0 0 0
75 61 0 88460 0 0 0
75 62 0 79238 -13 0 0
75 63 0 67218 -12 -1 0
75 64 0 53287 -12 0 0
76 32 0 0 -415 112 -7
76 33 0 0 -444 103 -9
76 34 0 0 -509 16 1
76 35 0 0 114 5 0
76 36 0 0 76 22 0
76 37 0 0 69 52 2
76 38 0 0 0 0 0
76 39 0 8 0 0 0
76 40 0 18 0 0 0
76 41 0 42 0 0 0
76 42 0 90 -1 39 0
76 43 0 186 0 0 0
76 44 0 354 -9 30 0
76 45 0 638 0 0 0
76 46 0 1115 -12 23 0
76 47 0 1872 0 0 0
76 48 0 3038 0 0 0
76 49 0 4808 -14 17 0
76 50 0 7367 0 0 0
76 51 0 10981 -14 12 0
76 52 0 15903 0 0 0
76 53 0 22630 -13 9 0
76 54 0 32209 0 0 0
76 55 0 45789 -13 6 0
76 56 0 63354 0 0 0
76 57 0 83130 -12 4 0
76 58 0 102844 0 0 0
76 59 0 118181 -11 2 0
76 60 0 121986 0 0 0
76 61 0 113314 -10 2 0
76 62 0 96682 -12 1 0
76 63 0 76492 -11 2 0
76 64 0 56723 -11 -1 0
77 2 0 0 -206 460 11
77 4 0 0 -264 507 15
77 6 0 0 -293 413 3
77 8 0 0 -290 441 -2
77 10 0 0 -294 374 -1
77 12 0 0 -298 376 0
77 14 0 0 -300 330 0
77 16 0 0 -305 316 0
77 19 0 0 -307 283 0
77 21 0 0 -312 262 0
77 23 0 0 -316 233 0
77 25 0 0 -323 210 0
77 27 0 0 -333 183 1
77 29 0 0 -348 158 -4
77 31 0 0 -367 141 1
77 32 0 0 -404 71 -5
77 33 0 0 -424 60 -2
77 34 0 0 -476 1 4
77 35 0 0 99 1 0
77 36 0 0 66 23 1
77 37 0 0 54 31 0
77 38 0 1 32 51 2
77 39 0 9 0 0 0
77 40 0 22 11 45 0
77 41 0 50 0 0 0
77 42 0 106 0 0 0
77 43 0 211 0 0 0
77 44 0 391 0 0 0
77 45 0 683 0 0 0
77 46 0 1161 0 0 0
77 47 0 1893 0 0 0
77 48 0 3007 0 0 0
77 49 0 4697 0 0 0
77 50 0 7185 0 0 0
77 51 0 10812 0 0 0
77 52 0 15945 0 0 0
77 53 0 23208 0 0 0
77 54 0 33864 0 0 0
77 55 0 49324 0 0 0
77 56 0 70030 0 0 0
77 57 0 95605 0 0 0
77 58 0 125192 0 0 0
77 59 0 151610 0 0 0
77 60 0 160649 0 0 0
77 61 0 147547 0 0 0
77 62 0 119403 -12 0 0
77 63 0 87248 -11 0 0
77 64 0 59962 -11 0 0
78 32 0 0 -372 83 -9
78 33 0 0 -383 66 -5
78 34 0 0 -396 12 0
78 35 0 0 70 6 0
78 36 0 0 46 11 0
78 37 0 0 44 27 0
78 38 0 1 0 0 0
78 39 0 11 0 0 0
78 40 0 26 0 0 0
78 41 0 59 0 0 0
78 42 0 121 3 28 0
78 43 0 236 0 0 0
78 44 0 428 -2 24 0
78 45 0 730 0 0 0
78 46 0 1209 -7 20 0
78 47 0 1911 0 0 0
78 48 0 2960 0 0 0
78 49 0 4540 -9 15 0
78 50 0 6888 0 0 0
78 51 0 10412 -10 12 0
78 52 0 15562 0 0 0
78 53 0 23041 -10 9 0
78 54 0 34209 0 0 0
78 55 0 50896 -10 6 0
78 56 0 75420 0 0 0
78 57 0 110833 -10 5 0
78 58 0 156185 0 0 0
78 59 0 196655 -10 3 0
78 60 0 208978 0 0 0
78 61 0 185636 -9 2 0
78 62 0 141078 -11 2 0
78 63 0 96234 -10 2 0
78 64 0 62463 -10 -1 0
79 2 0 0 -194 462 4
79 4 0 0 -239 513 17
79 6 0 0 -256 414 6
79 8 0 0 -265 442 -1
79 10 0 0 -260 380 0
79 12 0 0 -270 375 0
79 14 0 0 -267 336 0
79 16 0 0 -277 314 0
79 19 0 0 -281 281 0
79 21 0 0 -285 257 0
79 23 0 0 -290 228 0
79 25 0 0 -296 202 0
79 27 0 0 -306 174 0
79 29 0 0 -315 142 -2
79 31 0 0 -331 113 0
79 32 0 0 -353 60 -9
79 33 0 0 -361 37 -2
79 34 0 0 -380 -14 0
79 35 0 0 60 -1 0
79 36 0 0 41 11 0
79 37 0 0 36 14 0
79 38 0 2 27 30 0
79 39 0 12 0 0 0
79 40 0 30 14 30 0
79 41 0 67 0 0 0
79 42 0 135 0 0 0
79 43 0 258 0 0 0
79 44 0 460 0 0 0
79 45 0 771 0 0 0
79 46 0 1250 0 0 0
79 47 0 1927 0 0 0
79 48 0 2914 0 0 0
79 49 0 4377 0 0 0
79 50 0 6546 0 0 0
79 51 0 9844 0 0 0
79 52 0 14753 0 0 0
79 53 0 22026 0 0 0
79 54 0 33062 0 0 0
79 55 0 50158 0 0 0
79 56 0 77841 0 0 0
79 57 0 122663 0 0 0
79 58 0 182085 0 0 0
79 59 0 232521 0 0 0
79 60 0 243360 0 0 0
79 61 0 206963 0 0 0
79 62 0 148692 -10 0 0
79 63 0 97719 -10 0 0
79 64 0 62257 -10 0 0
80 32 0 0 -326 74 -11
80 33 0 0 -325 54 -9
80 34 0 0 -331 6 3
80 35 0 0 44 4 0
80 36 0 0 29 7 0
80 37 0 0 30 16 0
80 38 0 2 0 0 0
80 39 0 13 0 0 0
80 40 0 32 0 0 0
80 41 0 72 0 0 0
80 42 0 143 0 0 0
80 43 0 272 0 0 0
80 44 0 480 0 19 0
80 45 0 796 0 0 0
80 46 0 1271 -3 16 0
80 47 0 1926 0 0 0
80 48 0 2860 0 0 0
80 49 0 4220 -6 13 0
80 50 0 6201 0 0 0
80 51 0 9186 -7 11 0
80 52 0 13638 0 0 0
80 53 0 20326 -8 8 0
80 54 0 30627 0 0 0
80 55 0 46783 -8 6 0
80 56 0 73290 0 0 0
80 57 0 116891 -8 5 0
80 58 0 174883 0 0 0
80 59 0 222942 -8 3 0
80 60 0 230607 0 0 0
80 61 0 191984 -8 2 0
80 62 0 135449 -10 2 0
80 63 0 89102 -9 1 0
80 64 0 57314 -9 0 0
81 2 0 0 -168 457 10
81 4 0 0 -210 509 14
81 6 0 0 -245 413 2
81 8 0 0 -241 438 -2
81 10 0 0 -243 370 -1
81 12 0 0 -246 371 0
81 14 0 0 -247 324 0
81 16 0 0 -248 310 0
81 19 0 0 -254 275 0
81 21 0 0 -258 252 0
81 23 0 0 -263 222 0
81 25 0 0 -268 194 0
81 27 0 0 -277 164 0
81 29 0 0 -283 131 -2
81 31 0 0 -295 101 -1
81 32 0 0 -305 48 -2
81 33 0 0 -309 22 -1
81 34 0 0 -313 -12 -2
81 35 0 0 38 -1 0
81 36 0 0 27 6 0
81 37 0 0 25 7 0
81 38 0 2 20 18 0
81 39 0 13 0 0 0
81 40 0 33 12 20 0
81 41 0 73 0 0 0
81 42 0 145 5 21 0
81 43 0 274 0 0 0
81 44 0 482 0 0 0
81 45 0 795 0 0 0
81 46 0 1257 0 0 0
81 47 0 1888 0 0 0
81 48 0 2773 0 0 0
81 49 0 4040 0 0 0
81 50 0 5846 0 0 0
81 51 0 8499 0 0 0
81 52 0 12396 0 0 0
81 53 0 18251 0 0 0
81 54 0 27296 0 0 0
81 55 0 41184 0 0 0
81 56 0 62401 0 0 0
81 57 0 94893 0 0 0
81 58 0 137431 0 0 0
81 59 0 173041 0 0 0
81 60 0 178344 0 0 0
81 61 0 149753 0 0 0
81 62 0 108396 -9 0 0
81 63 0 73266 -9 0 0
81 64 0 47988 -9 0 0
82 32 0 0 -284 70 -13
82 33 0 0 -279 50 -11
82 34 0 0 -277 4 2
82 35 0 0 29 3 0
82 36 0 0 20 4 0
82 37 0 0 21 10 0
82 38 0 2 0 0 0
82 39 0 13 0 0 0
82 40 0 32 0 0 0
82 41 0 71 0 0 0
82 42 0 140 0 0 0
82 43 0 264 0 0 0
82 44 0 463 0 0 0
82 45 0 762 0 0 0
82 46 0 1199 0 0 0
82 47 0 1796 0 0 0
82 48 0 2626 0 0 0
82 49 0 3802 0 0 0
82 50 0 5450 0 0 0
82 51 0 7798 0 0 0
82 52 0 11151 0 0 0
82 53 0 16082 0 0 0
82 54 0 23549 0 0 0
82 55 0 34564 0 0 0
82 56 0 49790 0 0 0
82 57 0 70329 0 0 0
82 58 0 95722 0 0 0
82 59 0 116998 0 0 0
82 60 0 120155 0 0 0
82 61 0 103443 0 0 0
82 62 0 78427 -9 2 0
82 63 0 55057 -8 2 0
82 64 0 36972 -7 0 0
83 2 0 0 -166 474 -8
83 4 0 0 -187 535 20
83 6 0 0 -195 433 5
83 8 0 0 -210 447 1
83 10 0 0 -202 392 0
83 12 0 0 -215 373 0
83 14 0 0 -210 338 0
83 16 0 0 -221 308 0
83 19 0 0 -225 276 0
83 21 0 0 -229 248 0
83 23 0 0 -234 218 0
83 25 0 0 -237 188 0
83 27 0 0 -245 158 0
83 29 0 0 -247 122 0
83 31 0 0 -255 93 -4
83 32 0 0 -259 43 -1
83 33 0 0 -263 20 0
83 34 0 0 -259 -7 0
83 35 0 0 25 -1 0
83 36 0 0 19 3 0
83 37 0 0 18 4 0
83 38 0 2 15 11 0
83 39 0 12 0 0 0
83 40 0 30 10 14 0
83 41 0 66 0 0 0
83 42 0 129 5 15 0
83 43 0 242 0 0 0
83 44 0 425 1 15 0
83 45 0 700 0 0 0
83 46 0 1101 -1 13 0
83 47 0 1652 0 0 0
83 48 0 2421 0 0 0
83 49 0 3502 -4 12 0
83 50 0 5002 0 0 0
83 51 0 7079 -5 10 0
83 52 0 9943 0 0 0
83 53 0 13984 -6 8 0
83 54 0 19813 0 0 0
83 55 0 27948 -6 6 0
83 56 0 38176 0 0 0
83 57 0 50100 -7 5 0
83 58 0 63180 0 0 0
83 59 0 73566 -7 3 0
83 60 0 74829 0 0 0
83 61 0 66121 -7 2 0
83 62 0 52474 -8 0 0
83 63 0 38600 -7 0 0
83 64 0 27094 -7 0 0
84 32 0 0 -244 68 -13
84 33 0 0 -236 48 -13
84 34 0 0 -231 4 2
84 35 0 0 20 2 0
84 36 0 0 14 3 0
84 37 0 0 15 7 0
84 38 0 1 0 0 0
84 39 0 10 0 0 0
84 40 0 26 0 0 0
84 41 0 57 0 0 0
84 42 0 112 0 0 0
84 43 0 212 0 0 0
84 44 0 374 0 0 0
84 45 0 617 0 0 0
84 46 0 974 0 0 0
84 47 0 1473 0 0 0
84 48 0 2176 0 0 0
84 49 0 3164 0 0 0
84 50 0 4519 0 0 0
84 51 0 6348 0 0 0
84 52 0 8767 0 0 0
84 53 0 12003 0 0 0
84 54 0 16352 0 0 0
84 55 0 22014 0 0 0
84 56 0 28612 0 0 0
84 57 0 35452 0 0 0
84 58 0 41957 0 0 0
84 59 0 46635 0 0 0
84 60 0 46904 0 0 0
84 61 0 42143 0 0 0
84 62 0 34531 -7 1 0
84 63 0 26633 -6 1 0
84 64 0 19776 -6 0 0
85 2 0 0 -147 457 15
85 4 0 0 -159 489 18
85 6 0 0 -187 409 3
85 8 0 0 -186 427 -2
85 10 0 0 -187 363 -2
85 12 0 0 -184 365 0
85 14 0 0 -190 318 0
85 16 0 0 -188 306 0
85 19 0 0 -196 269 0
85 21 0 0 -199 244 0
85 23 0 0 -204 213 0
85 25 0 0 -207 183 0
85 27 0 0 -213 154 0
85 29 0 0 -216 119 -1
85 31 0 0 -219 90 -6
85 32 0 0 -213 44 -2
85 33 0 0 -216 17 -1
85 34 0 0 -210 -1 0
85 35 0 0 18 -1 0
85 36 0 0 13 2 0
85 37 0 0 13 2 0
85 38 0 1 11 8 0
85 39 0 8 0 0 0
85 40 0 22 8 10 0
85 41 0 48 0 0 0
85 42 0 94 5 11 0
85 43 0 178 0 0 0
85 44 0 315 1 11 0
85 45 0 525 0 0 0
85 46 0 834 0 11 0
85 47 0 1279 0 0 0
85 48 0 1916 0 0 0
85 49 0 2812 -2 10 0
85 50 0 4025 0 0 0
85 51 0 5608 -3 8 0
85 52 0 7602 0 0 0
85 53 0 10121 -4 7 0
85 54 0 13271 0 0 0
85 55 0 17110 -5 6 0
85 56 0 21391 0 0 0
85 57 0 25664 -5 4 0
85 58 0 29521 0 0 0
85 59 0 32211 -6 3 0
85 60 0 32285 0 0 0
85 61 0 29100 -6 2 0
85 62 0 24074 -6 0 0
85 63 0 19112 -6 0 0
85 64 0 14812 -4 0 0
86 27 0 0 -181 150 0
86 29 0 0 -179 116 1
86 31 0 0 -178 94 -5
86 32 0 0 -203 72 -10
86 33 0 0 -192 47 -11
86 34 0 0 -184 4 -1
86 35 0 0 14 1 0
86 36 0 0 10 2 0
86 37 0 0 11 5 0
86 38 0 1 0 0 0
86 39 0 6 0 0 0
86 40 0 18 0 0 0
86 41 0 39 0 0 0
86 42 0 75 0 0 0
86 43 0 145 0 0 0
86 44 0 257 0 0 0
86 45 0 433 0 0 0
86 46 0 694 0 0 0
86 47 0 1082 0 0 0
86 48 0 1649 0 0 0
86 49 0 2449 0 0 0
86 50 0 3509 0 0 0
86 51 0 4840 0 0 0
86 52 0 6423 0 0 0
86 53 0 8312 0 0 0
86 54 0 10544 0 0 0
86 55 0 13151 0 0 0
86 56 0 16013 0 0 0
86 57 0 18896 0 0 0
86 58 0 21525 0 0 0
86 59 0 23375 0 0 0
86 60 0 23423 0 0 0
86 61 0 21160 0 0 0
86 62 0 17638 -6 1 0
86 63 0 14251 -5 1 0
86 64 0 11291 -5 0 0
87 2 0 0 -118 496 -8
87 4 0 0 -143 555 23
87 6 0 0 -144 438 6
87 8 0 0 -153 447 4
87 10 0 0 -148 391 0
87 12 0 0 -160 369 3
87 14 0 0 -154 334 0
87 16 0 0 -164 303 0
87 19 0 0 -165 273 0
87 21 0 0 -170 241 0
87 23 0 0 -174 211 0
87 25 0 0 -176 179 0
87 32 0 0 -170 51 -6
87 33 0 0 -167 20 -2
87 34 0 0 -166 1 -3
87 35 0 0 13 0 0
87 36 0 0 9 1 0
87 37 0 0 9 1 0
87 38 0 0 8 5 0
87 39 0 4 0 0 0
87 40 0 14 6 7 0
87 41 0 30 0 0 0
87 42 0 58 4 9 0
87 43 0 113 0 0 0
87 44 0 202 2 9 0
87 45 0 345 0 0 0
87 46 0 559 0 9 0
87 47 0 885 0 0 0
87 48 0 1370 0 0 0
87 49 0 2054 -1 8 0
87 50 0 2943 0 0 0
87 51 0 4012 -2 7 0
87 52 0 5216 0 0 0
87 53 0 6574 -3 6 0
87 54 0 8119 0 0 0
87 55 0 9894 -4 5 0
87 56 0 11833 0 0 0
87 57 0 13778 -4 4 0
87 58 0 15494 0 0 0
87 59 0 16618 -4 3 0
87 60 0 16589 0 0 0
87 61 0 15177 -4 2 0
87 62 0 12975 -5 1 0
87 63 0 10728 -5 0 0
87 64 0 8589 -4 0 0
88 26 0 0 -154 152 -1
88 28 0 0 -161 125 0
88 31 0 0 -150 98 -2
88 32 0 0 -155 73 -10
88 33 0 0 -145 46 -8
88 34 0 0 -134 4 3
88 35 0 0 10 1 0
88 36 0 0 7 1 0
88 37 0 0 8 3 0
88 38 0 0 0 0 0
88 39 0 3 0 0 0
88 40 0 10 0 0 0
88 41 0 22 0 0 0
88 42 0 43 0 0 0
88 43 0 85 0 0 0
88 44 0 154 0 0 0
88 45 0 265 0 0 0
88 46 0 434 0 0 0
88 47 0 694 0 0 0
88 48 0 1084 0 0 0
88 49 0 1631 0 0 0
88 50 0 2330 0 0 0
88 51 0 3142 0 0 0
88 52 0 4018 0 0 0
88 53 0 4963 0 0 0
88 54 0 6015 0 0 0
88 55 0 7221 0 0 0
88 56 0 8538 0 0 0
88 57 0 9837 0 0 0
88 58 0 10921 0 0 0
88 59 0 11561 0 0 0
88 60 0 11529 0 0 0
88 61 0 10770 0 0 0
88 62 0 9517 -4 1 0
88 63 0 8047 -4 1 0
88 64 0 6467 -4 0 0
89 2 0 0 -179 449 13
89 4 0 0 -84 476 18
89 6 0 0 -111 403 2
89 8 0 0 -127 418 -1
89 10 0 0 -125 361 -3
89 12 0 0 -123 357 0
89 14 0 0 -130 314 -1
89 16 0 0 -130 300 0
89 19 0 0 -136 263 0
89 21 0 0 -138 239 0
89 23 0 0 -143 207 0
89 25 0 0 -146 178 0
89 32 0 0 -126 65 0
89 33 0 0 -115 23 0
89 34 0 0 -111 8 -2
89 35 0 0 9 0 0
89 36 0 0 7 1 0
89 37 0 0 6 1 0
89 38 0 0 6 4 0
89 39 0 2 0 0 0
89 40 0 7 5 6 0
89 41 0 15 0 0 0
89 42 0 30 3 7 0
89 43 0 62 0 0 0
89 44 0 113 1 7 0
89 45 0 196 0 0 0
89 46 0 322 0 7 0
89 47 0 517 0 0 0
89 48 0 807 0 0 0
89 49 0 1211 0 7 0
89 50 0 1720 0 0 0
89 51 0 2299 -1 6 0
89 52 0 2913 0 0 0
89 53 0 3562 -2 6 0
89 54 0 4281 0 0 0
89 55 0 5114 -3 5 0
89 56 0 6025 0 0 0
89 57 0 6917 -3 4 0
89 58 0 7643 0 0 0
89 59 0 8070 -3 3 0
89 60 0 8103 0 0 0
89 61 0 7725 -3 2 0
89 62 0 6991 -4 1 0
89 63 0 5989 -4 0 0
89 64 0 4812 -3 0 0
90 28 0 0 -142 133 -1
90 29 0 0 -116 121 6
90 30 0 0 -121 126 7
90 31 0 0 -105 108 2
90 32 0 0 -112 91 0
90 33 0 0 -100 56 -2
90 34 0 0 -82 3 2
90 35 0 0 7 0 0
90 36 0 0 5 1 0
90 37 0 0 6 2 0
90 38 0 0 0 0 0
90 39 0 1 0 0 0
90 40 0 5 0 0 0
90 41 0 10 0 0 0
90 42 0 21 0 0 0
90 43 0 43 0 0 0
90 44 0 79 0 0 0
90 45 0 138 0 0 0
90 46 0 227 0 0 0
90 47 0 363 0 0 0
90 48 0 563 0 0 0
90 49 0 837 0 0 0
90 50 0 1180 0 0 0
90 51 0 1570 0 0 0
90 52 0 1985 0 0 0
90 53 0 2428 0 0 0
90 54 0 2927 0 0 0
90 55 0 3509 0 0 0
90 56 0 4151 0 0 0
90 57 0 4782 0 0 0
90 58 0 5307 0 0 0
90 59 0 5640 0 0 0
90 60 0 5725 0 0 0
90 61 0 5537 0 0 0
90 62 0 5075 -3 1 0
90 63 0 4377 -3 1 0
90 64 0 3523 -3 0 0
91 2 0 0 -33 230 15
91 4 0 0 -111 533 29
91 6 0 0 -97 427 7
91 8 0 0 -104 442 3
91 10 0 0 -95 388 0
91 12 0 0 -102 363 2
91 14 0 0 -98 329 0
91 16 0 0 -105 297 0
91 19 0 0 -105 266 0
91 21 0 0 -110 234 0
91 23 0 0 -113 207 0
91 24 0 0 -118 173 -1
91 26 0 0 -126 154 0
91 28 0 0 -127 111 -7
91 29 0 0 -119 113 -2
91 30 0 0 -127 125 2
91 31 0 0 -101 128 0
91 32 0 0 -74 99 1
91 33 0 0 -52 48 0
91 34 0 0 -52 14 -3
91 35 0 0 6 0 0
91 36 0 0 4 1 0
91 37 0 0 4 1 0
91 38 0 0 4 3 0
91 39 0 0 0 0 0
91 40 0 3 3 4 0
91 41 0 7 0 0 0
91 42 0 13 2 5 0
91 43 0 29 0 0 0
91 44 0 53 1 6 0
91 45 0 92 0 0 0
91 46 0 152 0 6 0
91 47 0 241 0 0 0
91 48 0 370 0 0 0
91 49 0 545 0 6 0
91 50 0 762 0 0 0
91 51 0 1011 -1 6 0
91 52 0 1284 0 0 0
91 53 0 1583 -1 5 0
91 54 0 1927 0 0 0
91 55 0 2330 -2 4 0
91 56 0 2777 0 0 0
91 57 0 3223 -2 3 0
91 58 0 3604 0 0 0
91 59 0 3864 -2 2 0
91 60 0 3961 0 0 0
91 61 0 3867 -2 2 0
91 62 0 3573 -3 1 0
91 63 0 3100 -2 0 0
91 64 0 2510 -2 0 0
92 3 0 0 76 444 18
92 28 0 0 -136 126 -6
92 29 0 0 -131 125 -3
92 30 0 0 -144 163 0
92 31 0 0 -75 199 -40
92 32 0 0 4 100 16
92 33 0 0 -5 59 -2
92 34 0 0 -2 25 0
92 35 0 0 5 0 0
92 36 0 0 3 0 0
92 37 0 0 4 2 0
92 38 0 0 0 0 0
92 39 0 0 0 0 0
92 40 0 2 0 0 0
92 41 0 4 0 0 0
92 42 0 8 0 0 0
92 43 0 18 0 0 0
92 44 0 34 0 0 0
92 45 0 59 0 0 0
92 46 0 97 0 0 0
92 47 0 152 0 0 0
92 48 0 232 0 0 0
92 49 0 337 0 0 0
92 50 0 467 0 0 0
92 51 0 620 0 0 0
92 52 0 793 0 0 0
92 53 0 988 0 0 0
92 54 0 1218 0 0 0
92 55 0 1487 0 0 0
92 56 0 1787 0 0 0
92 57 0 2089 0 0 0
92 58 0 2356 0 0 0
92 59 0 2548 0 0 0
92 60 0 2636 0 0 0
92 61 0 2595 0 0 0
92 62 0 2417 -2 1 0
92 63 0 2115 -2 0 0
92 64 0 1729 -2 0 0
93 4 0 0 -223 495 26
93 6 0 0 -49 405 2
93 8 0 0 -76 412 -1
93 10 0 0 -56 361 -2
93 12 0 0 -66 353 0
93 14 0 0 -68 313 0
93 16 0 0 -70 294 0
93 19 0 0 -74 259 0
93 21 0 0 -77 231 0
93 23 0 0 -83 199 0
93 24 0 0 -88 167 0
93 26 0 0 -98 142 -3
93 28 0 0 -109 98 -5
93 29 0 0 -128 101 -2
93 30 0 0 -234 215 -26
93 31 0 0 -26 23 -1
93 32 0 0 0 0 0
93 33 0 0 0 0 0
93 34 0 0 0 0 0
93 35 0 0 4 0 0
93 36 0 0 3 0 0
93 37 0 0 2 1 0
93 39 0 0 3 2 0
93 40 0 1 0 0 0
93 41 0 2 2 4 0
93 42 0 5 1 4 0
93 43 0 11 0 0 0
93 44 0 20 1 5 0
93 45 0 35 0 0 0
93 46 0 58 0 5 0
93 47 0 91 0 0 0
93 48 0 138 0 0 0
93 49 0 198 0 5 0
93 50 0 274 0 0 0
93 51 0 364 0 5 0
93 52 0 469 0 0 0
93 53 0 592 -1 4 0
93 54 0 739 0 0 0
93 55 0 913 -1 4 0
93 56 0 1107 0 0 0
93 57 0 1305 -1 3 0
93 58 0 1485 0 0 0
93 59 0 1621 -2 2 0
93 60 0 1690 0 0 0
93 61 0 1677 -2 2 0
93 62 0 1575 -2 1 0
93 63 0 1390 -1 0 0
93 64 0 1149 -1 0 0
94 2 0 0 -21 287 14
94 3 0 0 35 521 58
94 28 0 0 -105 89 -8
94 29 0 0 -106 65 -2
94 30 0 0 -131 -21 17
94 31 0 0 0 0 0
94 32 0 0 0 0 0
94 33 0 0 0 0 0
94 34 0 0 0 0 0
94 35 0 0 0 0 0
94 36 0 0 1 0 0
94 37 0 0 2 1 0
94 39 0 0 0 0 0
94 40 0 0 0 0 0
94 41 0 1 0 0 0
94 42 0 2 0 0 0
94 43 0 6 0 0 0
94 44 0 12 0 0 0
94 45 0 20 0 0 0
94 46 0 33 0 0 0
94 47 0 52 0 0 0
94 48 0 78 0 0 0
94 49 0 112 0 0 0
94 50 0 154 0 0 0
94 51 0 207 0 0 0
94 52 0 269 0 0 0
94 53 0 343 0 0 0
94 54 0 434 0 0 0
94 55 0 541 0 0 0
94 56 0 661 0 0 0
94 57 0 786 0 0 0
94 58 0 902 0 0 0
94 59 0 994 0 0 0
94 60 0 1046 0 0 0
94 61 0 1048 0 0 0
94 62 0 993 -1 1 0
94 63 0 885 -1 0 0
94 64 0 740 -1 0 0
95 2 0 0 215 464 13
95 3 0 0 -118 580 37
95 4 0 0 -105 458 0
95 6 0 0 -15 427 5
95 8 0 0 -55 411 1
95 10 0 0 -39 383 0
95 12 0 0 -44 351 2
95 14 0 0 -40 321 0
95 16 0 0 -44 290 0
95 19 0 0 -43 259 0
95 21 0 0 -46 225 0
95 23 0 0 -49 194 1
95 24 0 0 -56 154 0
95 26 0 0 -61 122 -2
95 28 0 0 -56 69 -5
95 29 0 0 -72 49 -2
95 30 0 0 -86 10 -7
95 31 0 0 0 0 0
95 32 0 0 0 0 0
95 33 0 0 0 0 0
95 34 0 0 0 0 0
95 35 0 0 0 0 0
95 36 0 0 1 0 0
95 37 0 0 1 1 0
95 39 0 0 1 2 0
95 40 0 0 0 0 0
95 41 0 0 1 3 0
95 42 0 1 1 4 0
95 43 0 3 0 0 0
95 44 0 6 0 4 0
95 45 0 11 0 0 0
95 46 0 18 0 5 0
95 47 0 28 0 0 0
95 48 0 42 0 0 0
95 49 0 59 0 5 0
95 50 0 82 0 0 0
95 51 0 111 0 5 0
95 52 0 146 0 0 0
95 53 0 190 0 4 0
95 54 0 244 0 0 0
95 55 0 309 0 4 0
95 56 0 383 0 0 0
95 57 0 461 -1 3 0
95 58 0 534 0 0 0
95 59 0 594 -1 2 0
95 60 0 631 0 0 0
95 61 0 638 -1 1 0
95 62 0 609 -1 1 0
95 63 0 548 0 0 0
95 64 0 462 -1 0 0
96 2 0 0 56 510 35
96 3 0 0 -37 539 0
96 4 0 0 -72 485 29
96 5 0 0 11 429 16
96 7 0 0 -15 456 2
96 26 0 0 -17 110 -1
96 28 0 0 -45 75 -3
96 29 0 0 -42 42 -1
96 30 0 0 -48 -6 0
96 31 0 0 0 0 0
96 32 0 0 0 0 0
96 33 0 0 0 0 0
96 34 0 0 0 0 0
96 35 0 0 0 0 0
96 36 0 0 0 1 0
96 37 0 0 0 1 0
96 38 0 0 0 2 0
96 39 0 0 1 2 0
96 40 0 0 0 3 0
96 41 0 0 1 4 0
96 42 0 0 0 4 0
96 43 0 1 1 5 0
96 44 0 3 0 5 0
96 45 0 5 1 5 0
96 46 0 9 0 6 0
96 47 0 14 1 6 0
96 48 0 21 0 5 0
96 49 0 31 0 5 0
96 50 0 42 -1 5 0
96 51 0 58 0 5 0
96 52 0 77 -1 5 0
96 53 0 101 0 5 0
96 54 0 132 -1 4 0
96 55 0 170 0 4 0
96 56 0 214 -1 3 0
96 57 0 261 0 3 0
96 58 0 306 -1 3 0
96 59 0 345 0 2 0
96 60 0 370 0 2 0
96 61 0 377 0 1 0
96 62 0 363 0 1 0
96 63 0 329 0 0 0
96 64 0 280 0 0 0
97 2 0 0 28 523 -27
97 3 0 0 -76 516 37
97 4 0 0 -15 492 -3
97 5 0 0 -31 422 17
97 8 0 0 -21 398 0
97 10 0 0 -5 372 -2
97 12 0 0 -10 349 0
97 14 0 0 -10 317 0
97 17 0 0 -11 289 0
97 19 0 0 -12 257 0
97 21 0 0 -13 223 0
97 23 0 0 -14 190 1
97 24 0 0 -16 149 0
97 28 0 0 -3 79 -6
97 29 0 0 -25 50 0
97 30 0 0 -5 3 0
97 31 0 0 0 0 0
97 32 0 0 0 0 0
97 33 0 0 0 0 0
97 34 0 0 0 0 0
97 35 0 0 0 0 0
97 36 0 0 0 1 0
97 37 0 0 0 1 0
97 38 0 0 0 2 0
97 39 0 0 0 2 0
97 40 0 0 0 3 -1
97 41 0 0 0 3 1
97 42 0 0 0 4 -1
97 43 0 0 0 4 1
97 44 0 0 0 5 -1
97 45 0 0 0 5 1
97 46 0 0 0 5 -2
97 47 0 0 0 5 2
97 48 0 0 0 5 -1
97 49 0 0 0 5 1
97 50 0 0 0 5 -1
97 51 0 0 0 5 1
97 52 0 0 0 5 -1
97 53 0 0 0 4 1
97 54 0 0 0 4 -1
97 55 0 0 0 4 1
97 56 0 0 0 3 0
97 57 0 0 0 3 1
97 58 0 0 0 2 0
97 59 0 0 0 2 0
97 60 0 0 0 1 0
97 61 0 0 0 1 0
97 62 0 0 0 1 0
97 63 0 0 0 0 0
97 64 0 0 0 0 0
