-0.005251 -0.003150 -0.006514 -0.005240 -0.006832 0.005155 -0.002493 -0.006114 0.009589 -0.024322 0.007908 -0.000849 0.013626 0.013846 0.019875 -0.015910 -0.010011 0.000000 0.000000 0.000000 0.000000 0.000000 0.000000 0.000000 0.000000 0.000000 0.000000 0.000000 0.000000 0.000000 0.000000 0.000000 0.000000 0.000000 0.000000 0.000000 0.000000 0.000000 0.000000 0.000000 0.000000 0.000000 0.000000 0.000000 0.000000 0.000000 0.000000 0.000000 0.000000 0.000000
-0.075564 -0.051203 -0.067253 -0.037476 -0.036375 -0.069650 -0.030892 -0.023967 -0.063148 -0.019780 -0.061269 -0.006536 0.005351 -0.031221 -0.034714 0.003787 -0.001452 0.000000 0.000000 0.000000 0.000000 0.000000 0.000000 0.000000 0.000000 0.000000 0.000000 0.000000 0.000000 0.000000 0.000000 0.000000 0.000000 0.000000 0.000000 0.000000 0.000000 0.000000 0.000000 0.000000 0.000000 0.000000 0.000000 0.000000 0.000000 0.000000 0.000000 0.000000 0.000000 0.000000
-0.085086 -0.113126 -0.134342 -0.128105 -0.130479 -0.126887 -0.122086 -0.116411 -0.109532 -0.101270 -0.092685 -0.081702 -0.072269 -0.060582 -0.041380 -0.009979 -0.010412 0.000000 0.000000 0.000000 0.000000 0.000000 0.000000 0.000000 0.000000 0.000000 0.000000 0.000000 0.000000 0.000000 0.000000 0.000000 0.000000 0.000000 0.000000 0.000000 0.000000 0.000000 0.000000 0.000000 0.000000 0.000000 0.000000 0.000000 0.000000 0.000000 0.000000 0.000000 0.000000 0.000000
-0.182501 -0.151099 -0.185887 -0.136987 -0.133488 -0.130156 -0.125340 -0.119975 -0.112086 -0.104223 -0.094640 -0.083907 -0.071664 -0.056622 -0.046323 -0.015033 -0.003513 0.000000 0.000000 0.000000 0.000000 0.000000 0.000000 0.000000 0.000000 0.000000 0.000000 0.000000 0.000000 0.000000 0.000000 0.000000 0.000000 0.000000 0.000000 0.000000 0.000000 0.000000 0.000000 0.000000 0.000000 0.000000 0.000000 0.000000 0.000000 0.000000 0.000000 0.000000 0.000000 0.000000
-0.212349 -0.201349 -0.188661 -0.189617 -0.185863 -0.181055 -0.174642 -0.166445 -0.157151 -0.144807 -0.132559 -0.114398 -0.100156 -0.073955 -0.054947 -0.015793 -0.007562 0.000000 0.000000 0.000000 0.000000 0.000000 0.000000 0.000000 0.000000 0.000000 0.000000 0.000000 0.000000 0.000000 0.000000 0.000000 0.000000 0.000000 0.000000 0.000000 0.000000 0.000000 0.000000 0.000000 0.000000 0.000000 0.000000 0.000000 0.000000 0.000000 0.000000 0.000000 0.000000 0.000000
-0.264565 -0.254883 -0.236856 -0.237115 -0.233020 -0.227380 -0.220066 -0.210731 -0.199259 -0.185005 -0.168756 -0.148280 -0.126822 -0.098824 -0.072252 -0.016973 -0.020580 0.000000 0.000000 0.000000 0.000000 0.000000 0.000000 0.000000 0.000000 0.000000 0.000000 0.000000 0.000000 0.000000 0.000000 0.000000 0.000000 0.000000 0.000000 0.000000 0.000000 0.000000 0.000000 0.000000 0.000000 0.000000 0.000000 0.000000 0.000000 0.000000 0.000000 0.000000 0.000000 0.000000
-0.308883 -0.317465 -0.289946 -0.289644 -0.285210 -0.278857 -0.270497 -0.259594 -0.246181 -0.229068 -0.209313 -0.184013 -0.157213 -0.122644 -0.087968 -0.020468 -0.016726 0.000000 0.000000 0.000000 0.000000 0.000000 0.000000 0.000000 0.000000 0.000000 0.000000 0.000000 0.000000 0.000000 0.000000 0.000000 0.000000 0.000000 0.000000 0.000000 0.000000 0.000000 0.000000 0.000000 0.000000 0.000000 0.000000 0.000000 0.000000 0.000000 0.000000 0.000000 0.000000 0.000000
-0.328719 -0.355751 -0.341922 -0.341613 -0.336998 -0.330417 -0.321543 -0.309802 -0.295009 -0.275912 -0.253252 -0.224227 -0.192242 -0.151663 -0.109778 -0.026427 -0.022185 0.000000 0.000000 0.000000 0.000000 0.000000 0.000000 0.000000 0.000000 0.000000 0.000000 0.000000 0.000000 0.000000 0.000000 0.000000 0.000000 0.000000 0.000000 0.000000 0.000000 0.000000 0.000000 0.000000 0.000000 0.000000 0.000000 0.000000 0.000000 0.000000 0.000000 0.000000 0.000000 0.000000
-0.425692 -0.419045 -0.396770 -0.396072 -0.391792 -0.385296 -0.376266 -0.364008 -0.348224 -0.327351 -0.302039 -0.269027 -0.231747 -0.184194 -0.133675 -0.033843 -0.028308 0.000000 0.000000 0.000000 0.000000 0.000000 0.000000 0.000000 0.000000 0.000000 0.000000 0.000000 0.000000 0.000000 0.000000 0.000000 0.000000 0.000000 0.000000 0.000000 0.000000 0.000000 0.000000 0.000000 0.000000 0.000000 0.000000 0.000000 0.000000 0.000000 0.000000 0.000000 0.000000 0.000000
-0.437748 -0.463787 -0.452432 -0.451574 -0.448065 -0.442133 -0.433605 -0.421602 -0.405699 -0.383950 -0.356891 -0.320584 -0.278455 -0.223679 -0.163563 -0.068941 -0.025142 0.000000 0.000000 0.000000 0.000000 0.000000 0.000000 0.000000 0.000000 0.000000 0.000000 0.000000 0.000000 0.000000 0.000000 0.000000 0.000000 0.000000 0.000000 0.000000 0.000000 0.000000 0.000000 0.000000 0.000000 0.000000 0.000000 0.000000 0.000000 0.000000 0.000000 0.000000 0.000000 0.000000
-0.552140 -0.510135 -0.510060 -0.509234 -0.506645 -0.501865 -0.494548 -0.483618 -0.468551 -0.446871 -0.419056 -0.380120 -0.333608 -0.271181 -0.200431 -0.084718 -0.021153 0.000000 0.000000 0.000000 0.000000 0.000000 0.000000 0.000000 0.000000 0.000000 0.000000 0.000000 0.000000 0.000000 0.000000 0.000000 0.000000 0.000000 0.000000 0.000000 0.000000 0.000000 0.000000 0.000000 0.000000 0.000000 0.000000 0.000000 0.000000 0.000000 0.000000 0.000000 0.000000 0.000000
-0.429276 -0.507962 -0.569360 -0.570236 -0.567361 -0.564279 -0.558922 -0.550151 -0.537284 -0.517159 -0.490277 -0.450121 -0.400590 -0.330427 -0.248226 -0.082813 -0.066737 0.000000 0.000000 0.000000 0.000000 0.000000 0.000000 0.000000 0.000000 0.000000 0.000000 0.000000 0.000000 0.000000 0.000000 0.000000 0.000000 0.000000 0.000000 0.000000 0.000000 0.000000 0.000000 0.000000 0.000000 0.000000 0.000000 0.000000 0.000000 0.000000 0.000000 0.000000 0.000000 0.000000
-0.617161 -0.615522 -0.628053 -0.628415 -0.627967 -0.626028 -0.620875 -0.620822 -0.610997 -0.593643 -0.566741 -0.527093 -0.471745 -0.399990 -0.310274 -0.112217 -0.082400 0.000000 0.000000 0.000000 0.000000 0.000000 0.000000 0.000000 0.000000 0.000000 0.000000 0.000000 0.000000 0.000000 0.000000 0.000000 0.000000 0.000000 0.000000 0.000000 0.000000 0.000000 0.000000 0.000000 0.000000 0.000000 0.000000 0.000000 0.000000 0.000000 0.000000 0.000000 0.000000 0.000000
-0.626487 -0.639404 -0.688480 -0.687150 -0.692073 -0.694796 -0.697334 -0.697186 -0.694298 -0.683693 -0.666499 -0.631625 -0.583741 -0.503382 -0.392660 -0.157885 -0.139492 0.000000 0.000000 0.000000 0.000000 0.000000 0.000000 0.000000 0.000000 0.000000 0.000000 0.000000 0.000000 0.000000 0.000000 0.000000 0.000000 0.000000 0.000000 0.000000 0.000000 0.000000 0.000000 0.000000 0.000000 0.000000 0.000000 0.000000 0.000000 0.000000 0.000000 0.000000 0.000000 0.000000
-0.747040 -0.693341 -0.748238 -0.749201 -0.754961 -0.762262 -0.770272 -0.776942 -0.782537 -0.781137 -0.774814 -0.749308 -0.710413 -0.631595 -0.506681 -0.321977 -0.170803 0.000000 0.000000 0.000000 0.000000 0.000000 0.000000 0.000000 0.000000 0.000000 0.000000 0.000000 0.000000 0.000000 0.000000 0.000000 0.000000 0.000000 0.000000 0.000000 0.000000 0.000000 0.000000 0.000000 0.000000 0.000000 0.000000 0.000000 0.000000 0.000000 0.000000 0.000000 0.000000 0.000000
-0.798468 -0.717327 -0.806218 -0.807190 -0.816758 -0.829189 -0.844077 -0.859286 -0.876057 -0.887456 -0.897735 -0.888344 -0.868818 -0.801048 -0.668975 -0.499968 -0.305502 0.000000 0.000000 0.000000 0.000000 0.000000 0.000000 0.000000 0.000000 0.000000 0.000000 0.000000 0.000000 0.000000 0.000000 0.000000 0.000000 0.000000 0.000000 0.000000 0.000000 0.000000 0.000000 0.000000 0.000000 0.000000 0.000000 0.000000 0.000000 0.000000 0.000000 0.000000 0.000000 0.000000
-0.905929 -0.760435 -0.861346 -0.860802 -0.876745 -0.894120 -0.916912 -0.942090 -0.972563 -1.000635 -1.034129 -1.050235 -1.065580 -1.027226 -0.907261 -0.512311 -0.327104 0.000000 0.000000 0.000000 0.000000 0.000000 0.000000 0.000000 0.000000 0.000000 0.000000 0.000000 0.000000 0.000000 0.000000 0.000000 0.000000 0.000000 0.000000 0.000000 0.000000 0.000000 0.000000 0.000000 0.000000 0.000000 0.000000 0.000000 0.000000 0.000000 0.000000 0.000000 0.000000 0.000000
-0.909902 -0.794514 -0.912625 -0.914458 -0.931719 -0.955313 -0.986053 -1.022078 -1.068078 -1.115769 -1.178973 -1.229636 -1.300601 -1.319763 -1.254927 -1.433474 -1.201084 0.000000 0.000000 0.000000 0.000000 0.000000 0.000000 0.000000 0.000000 0.000000 0.000000 0.000000 0.000000 0.000000 0.000000 0.000000 0.000000 0.000000 0.000000 0.000000 0.000000 0.000000 0.000000 0.000000 0.000000 0.000000 0.000000 0.000000 0.000000 0.000000 0.000000 0.000000 0.000000 0.000000
-0.911847 -0.833615 -0.958395 -0.958693 -0.981392 -1.009808 -1.048482 -1.095051 -1.156971 -1.225729 -1.323518 -1.418185 -1.567859 -1.696365 -1.773358 -1.923204 -1.014830 0.000000 0.000000 0.000000 0.000000 0.000000 0.000000 0.000000 0.000000 0.000000 0.000000 0.000000 0.000000 0.000000 0.000000 0.000000 0.000000 0.000000 0.000000 0.000000 0.000000 0.000000 0.000000 0.000000 0.000000 0.000000 0.000000 0.000000 0.000000 0.000000 0.000000 0.000000 0.000000 0.000000
-0.926801 -0.865784 -0.996763 -0.996082 -1.022643 -1.055474 -1.100586 -1.156258 -1.232036 -1.319890 -1.450891 -1.589810 -1.822718 -2.070745 -2.418630 -3.748432 -3.283692 0.000000 0.000000 0.000000 0.000000 0.000000 0.000000 0.000000 0.000000 0.000000 0.000000 0.000000 0.000000 0.000000 0.000000 0.000000 0.000000 0.000000 0.000000 0.000000 0.000000 0.000000 0.000000 0.000000 0.000000 0.000000 0.000000 0.000000 0.000000 0.000000 0.000000 0.000000 0.000000 0.000000
-1.057074 -0.894470 -1.027221 -1.027736 -1.054893 -1.091177 -1.140215 -1.202499 -1.286433 -1.390129 -1.540585 -1.719336 -2.019762 -2.332168 -2.985661 -5.090828 -4.657919 0.000000 0.000000 0.000000 0.000000 0.000000 0.000000 0.000000 0.000000 0.000000 0.000000 0.000000 0.000000 0.000000 0.000000 0.000000 0.000000 0.000000 0.000000 0.000000 0.000000 0.000000 0.000000 0.000000 0.000000 0.000000 0.000000 0.000000 0.000000 0.000000 0.000000 0.000000 0.000000 0.000000
-0.932334 -0.895348 -1.049574 -1.050488 -1.077819 -1.114588 -1.164351 -1.228257 -1.312542 -1.419778 -1.569496 -1.756909 -2.048665 -2.388094 -2.952959 -3.680994 -2.789135 0.000000 0.000000 0.000000 0.000000 0.000000 0.000000 0.000000 0.000000 0.000000 0.000000 0.000000 0.000000 0.000000 0.000000 0.000000 0.000000 0.000000 0.000000 0.000000 0.000000 0.000000 0.000000 0.000000 0.000000 0.000000 0.000000 0.000000 0.000000 0.000000 0.000000 0.000000 0.000000 0.000000
-1.072958 -0.941568 -1.062108 -1.061854 -1.089641 -1.124695 -1.171716 -1.232395 -1.307479 -1.409210 -1.525780 -1.706445 -1.880872 -2.240413 -2.307825 -2.732614 -0.247063 -0.256850 -0.045813 -0.163670 -0.072677 -0.063863 -0.046183 -0.042931 -0.035908 -0.032760 -0.029374 -0.027300 -0.025630 -0.024667 -0.024382 -0.024462 -0.026102 -0.026550 -0.026981 -0.002242 -0.009752 -0.005124 -0.010368 0.000000 0.000000 0.000000 0.000000 0.000000 0.000000 0.000000 0.000000 0.000000 0.000000 0.000000
-1.029672 -1.040598 -1.065757 -1.066169 -1.090987 -1.123550 -1.165219 -1.219640 -1.280941 -1.369360 -1.448882 -1.594758 -1.678629 -1.899465 -1.807338 -1.776589 -0.887091 -0.338138 -0.276008 -0.164943 -0.212099 -0.169021 -0.132290 -0.119347 -0.102234 -0.090896 -0.082311 -0.075846 -0.071775 -0.068825 -0.067358 -0.067898 -0.065164 -0.069328 -0.080213 -0.021840 -0.041732 -0.071011 -0.083278 0.000000 0.000000 0.000000 0.000000 0.000000 0.000000 0.000000 0.000000 0.000000 0.000000 0.000000
-0.983415 -1.041487 -1.062907 -1.083358 -1.110546 -1.145208 -1.191049 -1.192404 -1.240783 -1.309619 -1.368205 -1.458916 -1.498367 -1.563439 -1.508315 -1.404345 -1.100426 -0.685730 -0.477681 -0.350678 -0.273814 -0.221902 -0.186825 -0.158739 -0.139015 -0.123537 -0.112196 -0.103606 -0.097575 -0.093701 -0.091514 -0.092040 -0.093546 -0.100207 -0.105256 -0.122410 -0.122826 -0.160367 -0.179327 0.000000 0.000000 0.000000 0.000000 0.000000 0.000000 0.000000 0.000000 0.000000 0.000000 0.000000
-1.090013 -0.971848 -1.052208 -1.049088 -1.071683 -1.094510 -1.123874 -1.160223 -1.197913 -1.248045 -1.285772 -1.346789 -1.356641 -1.390413 -1.299536 -1.185414 -0.959793 -0.721523 -0.556870 -0.440841 -0.354092 -0.292822 -0.245748 -0.211760 -0.185749 -0.166374 -0.151641 -0.140742 -0.132920 -0.127978 -0.125564 -0.126247 -0.129329 -0.137282 -0.149971 -0.164124 -0.178956 -0.236764 -0.229821 0.000000 0.000000 0.000000 0.000000 0.000000 0.000000 0.000000 0.000000 0.000000 0.000000 0.000000
-0.995009 -0.935743 -1.037476 -1.039236 -1.052273 -1.071584 -1.094307 -1.121738 -1.149150 -1.182617 -1.205378 -1.235745 -1.231512 -1.229095 -1.159684 -1.076366 -0.922331 -0.746688 -0.609147 -0.504597 -0.420551 -0.359468 -0.309811 -0.272591 -0.242475 -0.219385 -0.201197 -0.187476 -0.177387 -0.170701 -0.167304 -0.167274 -0.171435 -0.180586 -0.194823 -0.220863 -0.246410 -0.310448 -0.325040 0.000000 0.000000 0.000000 0.000000 0.000000 0.000000 0.000000 0.000000 0.000000 0.000000 0.000000
-1.075533 -0.947485 -1.017876 -1.017875 -1.029734 -1.044239 -1.061514 -1.081220 -1.099980 -1.121115 -1.132656 -1.146023 -1.132406 -1.116007 -1.051900 -0.975476 -0.860317 -0.739212 -0.632490 -0.540440 -0.465086 -0.403498 -0.354040 -0.314601 -0.282891 -0.257787 -0.237872 -0.222544 -0.211100 -0.203266 -0.198978 -0.198316 -0.202135 -0.211135 -0.228614 -0.253852 -0.311892 -0.408019 -0.423728 0.000000 0.000000 0.000000 0.000000 0.000000 0.000000 0.000000 0.000000 0.000000 0.000000 0.000000
-1.055268 -0.937431 -0.994875 -0.993543 -1.003939 -1.014535 -1.026951 -1.040186 -1.051865 -1.063374 -1.066816 -1.068121 -1.050388 -1.026704 -0.973502 -0.911562 -0.823253 -0.730197 -0.641279 -0.564266 -0.496196 -0.440563 -0.393016 -0.354536 -0.322429 -0.296523 -0.275402 -0.258758 -0.245982 -0.236803 -0.231247 -0.229053 -0.231509 -0.237481 -0.252122 -0.270279 -0.312907 -0.330046 -0.295653 -0.180515 -0.029390 -0.077959 -0.019205 -0.040338 -0.022993 -0.045375 -0.043510 -0.033549 -0.033213 -0.021539
-0.957325 -0.896676 -0.970488 -0.970681 -0.976475 -0.983930 -0.992029 -1.000094 -1.006275 -1.010923 -1.008854 -1.003057 -0.983308 -0.956970 -0.910784 -0.856733 -0.787232 -0.714431 -0.643224 -0.576908 -0.517887 -0.466194 -0.421871 -0.384388 -0.352843 -0.326740 -0.305184 -0.287778 -0.274050 -0.263692 -0.256657 -0.252494 -0.252089 -0.253696 -0.260993 -0.266788 -0.285996 -0.281724 -0.243384 -0.156238 -0.109056 -0.085682 -0.071262 -0.062363 -0.058047 -0.053433 -0.053701 -0.047827 -0.065460 -0.050798
-0.929104 -0.915635 -0.944055 -0.942415 -0.947958 -0.952413 -0.957321 -0.961357 -0.963383 -0.963166 -0.957375 -0.947381 -0.927145 -0.900848 -0.861021 -0.815291 -0.758501 -0.699289 -0.639340 -0.583361 -0.531448 -0.485549 -0.444855 -0.409823 -0.379610 -0.354089 -0.332617 -0.314881 -0.300499 -0.289178 -0.280833 -0.274926 -0.272018 -0.270273 -0.272074 -0.270816 -0.273563 -0.257652 -0.230907 -0.173892 -0.144712 -0.121332 -0.108053 -0.097254 -0.090626 -0.085607 -0.081744 -0.081735 -0.098403 -0.079475
-0.977862 -0.897807 -0.916662 -0.915225 -0.918966 -0.921257 -0.923520 -0.924538 -0.923531 -0.920019 -0.911882 -0.899601 -0.879675 -0.854296 -0.819604 -0.779820 -0.732974 -0.683844 -0.633994 -0.585814 -0.540677 -0.499397 -0.462333 -0.429622 -0.401009 -0.376359 -0.355286 -0.337529 -0.322761 -0.310695 -0.301181 -0.293694 -0.288470 -0.283966 -0.281569 -0.276651 -0.273297 -0.261541 -0.238287 -0.204364 -0.177191 -0.157530 -0.142099 -0.131475 -0.123335 -0.117821 -0.113520 -0.112737 -0.130021 -0.119321
-0.913169 -0.829370 -0.889147 -0.889597 -0.889827 -0.890755 -0.890830 -0.889657 -0.886492 -0.880831 -0.871314 -0.858017 -0.838901 -0.815186 -0.784758 -0.750286 -0.710643 -0.669118 -0.626563 -0.585179 -0.545673 -0.509092 -0.475636 -0.445630 -0.418943 -0.395548 -0.375204 -0.357733 -0.342875 -0.330365 -0.320022 -0.311374 -0.304436 -0.297967 -0.292655 -0.285114 -0.277848 -0.263253 -0.247305 -0.220854 -0.202292 -0.184826 -0.172105 -0.161450 -0.153427 -0.147609 -0.142780 -0.142637 -0.161275 -0.170597
-0.884315 -0.843495 -0.861778 -0.861589 -0.861239 -0.860812 -0.859470 -0.856744 -0.852157 -0.845190 -0.834998 -0.821456 -0.803414 -0.781496 -0.754684 -0.724522 -0.690726 -0.655245 -0.618887 -0.583004 -0.548427 -0.515863 -0.485712 -0.458243 -0.433493 -0.411468 -0.392031 -0.375050 -0.360328 -0.347626 -0.336749 -0.327302 -0.319178 -0.311486 -0.304464 -0.296127 -0.287440 -0.275362 -0.260589 -0.242476 -0.226001 -0.211619 -0.199371 -0.189747 -0.181838 -0.176141 -0.171392 -0.171083 -0.191388 -0.130635
-0.933632 -0.831443 -0.834249 -0.833234 -0.833163 -0.831655 -0.829428 -0.825660 -0.820214 -0.812547 -0.802177 -0.788900 -0.772079 -0.752047 -0.728316 -0.701866 -0.672669 -0.642042 -0.610600 -0.579398 -0.549049 -0.520179 -0.493134 -0.468189 -0.445431 -0.424906 -0.406544 -0.390254 -0.375887 -0.363249 -0.352144 -0.342249 -0.333395 -0.324928 -0.316884 -0.307907 -0.298716 -0.286988 -0.274806 -0.259814 -0.247068 -0.234567 -0.224282 -0.215441 -0.208185 -0.202749 -0.198133 -0.198021 -0.220142 -0.169844
-0.818375 -0.781027 -0.807783 -0.807079 -0.805921 -0.803739 -0.800842 -0.796417 -0.790529 -0.782590 -0.772393 -0.759686 -0.744152 -0.725952 -0.704910 -0.681638 -0.656285 -0.629704 -0.602424 -0.575175 -0.548496 -0.522874 -0.498644 -0.476057 -0.455232 -0.436234 -0.419037 -0.403577 -0.389744 -0.377382 -0.366317 -0.356289 -0.347121 -0.338357 -0.329923 -0.321023 -0.311905 -0.301555 -0.290627 -0.278699 -0.267477 -0.256991 -0.247726 -0.239906 -0.233220 -0.228155 -0.223785 -0.223742 -0.248775 -0.237309
-0.793340 -0.779228 -0.781376 -0.781056 -0.779151 -0.776611 -0.773399 -0.768614 -0.762623 -0.754708 -0.744930 -0.732976 -0.718745 -0.702302 -0.683624 -0.663119 -0.640980 -0.617800 -0.594012 -0.570166 -0.546693 -0.523990 -0.502349 -0.481993 -0.463050 -0.445592 -0.429624 -0.415105 -0.401953 -0.390049 -0.379245 -0.369332 -0.360145 -0.351358 -0.342861 -0.334149 -0.325366 -0.315851 -0.306273 -0.296065 -0.286625 -0.277572 -0.269582 -0.262675 -0.256682 -0.252160 -0.248119 -0.248115 -0.257562 -0.272785
-0.836609 -0.757377 -0.755885 -0.754796 -0.751881 -0.749067 -0.744094 -0.738317 -0.738185 -0.730241 -0.720836 -0.709580 -0.696493 -0.681677 -0.664634 -0.646565 -0.627198 -0.606954 -0.586187 -0.565305 -0.544662 -0.524665 -0.505852 -0.487610 -0.470572 -0.454700 -0.440115 -0.426654 -0.414390 -0.403004 -0.392601 -0.382873 -0.373826 -0.365117 -0.356760 -0.348140 -0.339878 -0.331314 -0.322742 -0.314020 -0.305742 -0.297965 -0.290904 -0.284856 -0.279430 -0.275457 -0.271531 -0.271633 -0.283631 -0.290028
-0.708820 -0.720818 -0.730229 -0.729270 -0.728138 -0.725008 -0.722131 -0.717115 -0.711680 -0.704319 -0.695836 -0.685636 -0.673965 -0.660737 -0.646080 -0.630174 -0.613226 -0.595535 -0.577391 -0.559110 -0.540975 -0.523247 -0.506139 -0.489822 -0.474412 -0.459982 -0.446560 -0.434139 -0.422680 -0.412110 -0.402341 -0.393245 -0.384704 -0.376559 -0.368700 -0.360949 -0.353291 -0.345557 -0.337935 -0.330344 -0.323167 -0.316471 -0.310337 -0.305171 -0.300409 -0.297099 -0.293350 -0.293556 -0.299443 -0.330389
-0.723868 -0.742389 -0.706349 -0.705293 -0.705090 -0.701677 -0.699715 -0.694676 -0.689983 -0.683057 -0.675415 -0.666149 -0.655724 -0.643963 -0.631052 -0.617099 -0.602295 -0.586875 -0.571074 -0.555131 -0.539274 -0.523714 -0.508631 -0.494171 -0.480435 -0.467490 -0.455367 -0.444065 -0.433558 -0.423791 -0.414701 -0.406191 -0.398174 -0.390537 -0.383182 -0.376014 -0.368983 -0.362032 -0.355226 -0.348594 -0.342286 -0.336485 -0.331070 -0.326543 -0.322178 -0.319404 -0.315216 -0.315515 -0.331103 -0.311086
-0.786755 -0.724730 -0.681434 -0.680104 -0.678903 -0.676245 -0.674472 -0.669426 -0.665266 -0.658628 -0.651737 -0.643327 -0.634061 -0.623669 -0.612356 -0.600175 -0.587302 -0.573906 -0.560170 -0.546291 -0.532455 -0.518834 -0.505580 -0.492824 -0.480653 -0.469122 -0.458273 -0.448108 -0.438619 -0.429759 -0.421488 -0.413722 -0.406399 -0.399450 -0.392755 -0.386324 -0.380010 -0.373898 -0.367875 -0.362164 -0.356635 -0.351845 -0.347172 -0.343799 -0.340514 -0.339100 -0.334684 -0.335603 -0.345235 -0.333927
-0.679131 -0.704458 -0.660020 -0.657730 -0.659766 -0.655965 -0.658117 -0.652137 -0.649822 -0.643578 -0.637736 -0.630224 -0.622111 -0.613012 -0.603193 -0.592648 -0.581551 -0.570027 -0.558242 -0.546331 -0.534444 -0.522715 -0.511263 -0.500190 -0.489566 -0.479452 -0.469891 -0.460876 -0.452408 -0.444441 -0.436953 -0.429880 -0.423197 -0.416852 -0.410723 -0.404896 -0.399173 -0.393727 -0.388348 -0.383373 -0.378481 -0.374364 -0.370237 -0.367284 -0.364275 -0.362182 -0.356432 -0.356939 -0.375320 -0.328367
-0.652365 -0.635231 -0.636957 -0.633275 -0.625419 -0.627505 -0.627893 -0.623053 -0.620800 -0.614478 -0.609144 -0.602458 -0.595445 -0.587656 -0.579273 -0.570293 -0.560830 -0.550979 -0.540888 -0.530674 -0.520454 -0.510347 -0.500443 -0.490861 -0.481653 -0.472883 -0.464573 -0.456724 -0.449347 -0.442395 -0.435889 -0.429714 -0.423921 -0.418510 -0.413207 -0.408420 -0.403475 -0.399143 -0.394268 -0.390407 -0.385609 -0.383042 -0.379526 -0.378861 -0.379331 -0.380322 -0.369997 -0.370928 -0.368866 -0.363306
-0.636661 -0.664599 -0.622387 -0.614618 -0.625161 -0.602232 -0.622690 -0.611113 -0.616360 -0.610658 -0.606756 -0.600966 -0.594856 -0.588144 -0.581014 -0.573403 -0.565497 -0.557294 -0.548932 -0.540476 -0.532015 -0.523649 -0.515445 -0.507486 -0.499832 -0.492553 -0.485638 -0.479055 -0.472811 -0.466851 -0.461209 -0.455760 -0.450651 -0.445843 -0.441017 -0.436766 -0.432316 -0.428500 -0.424164 -0.420926 -0.416861 -0.415300 -0.411790 -0.411063 -0.410394 -0.405148 -0.395414 -0.397057 -0.419844 -0.395754
-0.633302 -0.658502 -0.594349 -0.578986 -0.582410 -0.573275 -0.577451 -0.572724 -0.572090 -0.568091 -0.564080 -0.559651 -0.554843 -0.549758 -0.544133 -0.538101 -0.531697 -0.524976 -0.518077 -0.511096 -0.504113 -0.497214 -0.490411 -0.483857 -0.477453 -0.471350 -0.465547 -0.460027 -0.454817 -0.449806 -0.445127 -0.440400 -0.436422 -0.432803 -0.428938 -0.426400 -0.422812 -0.421262 -0.416588 -0.415927 -0.409137 -0.414323 -0.406599 -0.411924 -0.417702 -0.413506 -0.395864 -0.402960 -0.434271 -0.423976
-0.599638 -0.570768 -0.584646 -0.558091 -0.592239 -0.561634 -0.594574 -0.579662 -0.589392 -0.586344 -0.582392 -0.578442 -0.574075 -0.569802 -0.565320 -0.560355 -0.555394 -0.550131 -0.544761 -0.539331 -0.533890 -0.528502 -0.523171 -0.518069 -0.513326 -0.509067 -0.505095 -0.501287 -0.497644 -0.494139 -0.490712 -0.487131 -0.484286 -0.481182 -0.477552 -0.475017 -0.471667 -0.468799 -0.464636 -0.460977 -0.458413 -0.459741 -0.455038 -0.459770 -0.458174 -0.452578 -0.438833 -0.436592 -0.448173 -0.441830
-0.545739 -0.594085 -0.573446 -0.526040 -0.535026 -0.523100 -0.529583 -0.525870 -0.524607 -0.522956 -0.521267 -0.519500 -0.517029 -0.514592 -0.511366 -0.507979 -0.504095 -0.499884 -0.495542 -0.491327 -0.487237 -0.483281 -0.479262 -0.475642 -0.471762 -0.468304 -0.465012 -0.461972 -0.459226 -0.456515 -0.454208 -0.450881 -0.449552 -0.447651 -0.445725 -0.444249 -0.443335 -0.441976 -0.439505 -0.437242 -0.432906 -0.439477 -0.431444 -0.440023 -0.449015 -0.436250 -0.417128 -0.452611 -0.458564 -0.474387
-0.500510 -0.545371 -0.568874 -0.520428 -0.546941 -0.547090 -0.540017 -0.538454 -0.533831 -0.532384 -0.529838 -0.527327 -0.524351 -0.521151 -0.517827 -0.514427 -0.511043 -0.507669 -0.504217 -0.500705 -0.497124 -0.493526 -0.489827 -0.486242 -0.482894 -0.479730 -0.476506 -0.473350 -0.470391 -0.467323 -0.464769 -0.462133 -0.460008 -0.457174 -0.456062 -0.453342 -0.451869 -0.449384 -0.448161 -0.445541 -0.441955 -0.438229 -0.439381 -0.433750 -0.441987 -0.438738 -0.426429 -0.452160 -0.464607 -0.457316
-0.508881 -0.544424 -0.526973 -0.533422 -0.524159 -0.530379 -0.538990 -0.523932 -0.524543 -0.525436 -0.523754 -0.521294 -0.519569 -0.533662 -0.531259 -0.528064 -0.525729 -0.523951 -0.522385 -0.519426 -0.517466 -0.514398 -0.514891 -0.504984 -0.500591 -0.510126 -0.510816 -0.505770 -0.509866 -0.509851 -0.508996 -0.509552 -0.508788 -0.510050 -0.502512 -0.510691 -0.502365 -0.503829 -0.501311 -0.510887 -0.507454 -0.509001 -0.523083 -0.523555 -0.517964 -0.507750 -0.484923 -0.445293 -0.509527 -0.485881
-0.496546 -0.474220 -0.544515 -0.508640 -0.521647 -0.518525 -0.515914 -0.516374 -0.509953 -0.509971 -0.406862 -0.509707 -0.509172 -0.508855 -0.509052 -0.501681 -0.506021 -0.506443 -0.508176 -0.506377 -0.506554 -0.507511 -0.485885 -0.409804 -0.409863 -0.513858 -0.498998 -0.497161 -0.513075 -0.501800 -0.500081 -0.502560 -0.512782 -0.425032 -0.429806 -0.502111 -0.508984 -0.506320 -0.509270 -0.507629 -0.509549 -0.497874 -0.503735 -0.495121 -0.499771 -0.516107 -0.517391 -0.512686 -0.456947 -0.521310
